{"type": "result", "data": {"idx": 0, "options": ["7 N", "5 N", "10 N", "12 N"], "probs": [[0.35895503939279877, 0.3592526453708285, 0.14968664273523602, 0.13210567240113671], [0.33671205730778436, 0.29273843326117144, 0.2278991903449804, 0.14265031898606376], [0.19615124427662964, 0.40915150124077854, 0.24419506584900066, 0.15050218853359115], [0.25630740781203387, 0.40357632015625183, 0.202833863903632, 0.13728240802808228]], "ideal": "A", "sampled": "A", "correct": true}}
{"type": "result", "data": {"idx": 1, "options": ["weight of fluid.", "volume of fluid.", "density of fluid.", "All of these."], "probs": [[0.25032120198379954, 0.33696714072736345, 0.19503081096524053, 0.21768084622359643], [0.8560028878638172, 0.02245978320161138, 0.09608394884305609, 0.025453379991515392], [0.24558893183315605, 0.13566843684660984, 0.20051081480396493, 0.41823181641626916], [0.18324077127531604, 0.2142943292641922, 0.38809055086069655, 0.21437434849979517]], "ideal": "B", "sampled": "B", "correct": true}}
{"type": "result", "data": {"idx": 2, "options": ["totally internally reflects", "passes into the air above", "is absorbed", "None of these"], "probs": [[0.6098830931838568, 0.20760768902564067, 0.08128515145650356, 0.10122406623399902], [0.20682199039906268, 0.0810271102721196, 0.1662506411058735, 0.5459002581229442], [0.11703559667910321, 0.06265676719324491, 0.6331704211110719, 0.18713721491657995], [0.23551862555043718, 0.4201762753462478, 0.20792347559549662, 0.13638162340781837]], "ideal": "B", "sampled": "A", "correct": false}}
{"type": "result", "data": {"idx": 3, "options": ["always.", "sometimes.", "never.", "on planet Earth only."], "probs": [[0.30961884199748657, 0.3001281737904724, 0.2689938980671647, 0.12125908604487627], [0.3413231924820748, 0.3060103882550946, 0.14228310749621229, 0.21038331166661828], [0.28776597137598237, 0.13174886491686363, 0.4058742229140898, 0.17461094069306418], [0.21764695642202192, 0.42627316709070395, 0.22809967396362496, 0.12798020242364913]], "ideal": "B", "sampled": "A", "correct": false}}
{"type": "result", "data": {"idx": 4, "options": ["changes", "aligns with the electric field", "is at right angles to the electric field", "converts to magnetic energy"], "probs": [[0.9058658985930377, 0.01487558138644102, 0.06461428466245454, 0.01464423525806675], [0.10753939379823226, 0.5816301746206258, 0.14932133367148917, 0.16150909780965267], [0.06371576362105238, 0.05283260737141368, 0.8528773219510282, 0.030574306956505717], [0.07382688145575403, 0.6584042506276074, 0.1744073234147462, 0.09336154440189227]], "ideal": "A", "sampled": "A", "correct": true}}
{"type": "result", "data": {"idx": 5, "options": ["red", "yellow-green", "blue", "violet"], "probs": [[0.09815545292259496, 0.316883883235617, 0.5225831620114629, 0.062377501730325066], [0.06513794583702573, 0.8718567587143427, 0.03175407310727919, 0.0312512222413524], [0.3317407841745282, 0.5302301447222579, 0.06741412477213561, 0.0706149462310783], [0.4509000085245682, 0.23396062404381915, 0.10221392372184732, 0.21292544360976534]], "ideal": "D", "sampled": "C", "correct": false}}
{"type": "result", "data": {"idx": 6, "options": ["mass distorts spacetime.", "gravity affects clocks.", "light can\u2019t escape from a black hole.", "All of these."], "probs": [[0.27270614996542575, 0.04182344286536376, 0.07006806853432601, 0.6154023385348845], [0.140222197542638, 0.04081255736888415, 0.22771903313248074, 0.5912462118559971], [0.14777285960126835, 0.18108075714392324, 0.2362915751318954, 0.43485480802291304], [0.3928834532110075, 0.16634890810122438, 0.1198709750142123, 0.32089666357355584]], "ideal": "D", "sampled": "D", "correct": true}}
{"type": "result", "data": {"idx": 7, "options": ["voltage", "energy", "Both of these", "Neither of these"], "probs": [[0.7281793787756208, 0.05795398494501684, 0.16506755118696975, 0.04879908499239266], [0.18907923712807706, 0.15685531261700464, 0.1147023124177446, 0.5393631377371737], [0.3389092918349654, 0.04242817978084154, 0.5588393106713974, 0.0598232176127957], [0.24706340569956298, 0.5749508313245063, 0.07654358673950282, 0.10144217613642789]], "ideal": "A", "sampled": "A", "correct": true}}
{"type": "result", "data": {"idx": 8, "options": ["chaotic", "ordered", "positioned by amplitude", "in phase"], "probs": [[0.06883278642277793, 0.8522661517959799, 0.045868081130002535, 0.0330329805512397], [0.9556635964366297, 0.012030859913594772, 0.018348344334974225, 0.01395719921480131], [0.037604217756229484, 0.021768551761157807, 0.07027758199071815, 0.8703496483918945], [0.04765339851548456, 0.03224717765263648, 0.8996016214707621, 0.020497802261116933]], "ideal": "B", "sampled": "B", "correct": true}}
{"type": "result", "data": {"idx": 9, "options": ["amplitude", "wavelength", "frequency", "energy"], "probs": [[0.10102243163585796, 0.030814674322479203, 0.10926849597472446, 0.7588943979669384], [0.06879165947323666, 0.032498937944397996, 0.8254622435423634, 0.07324715894000194], [0.15746160636184325, 0.684282451012142, 0.06990145578721958, 0.08835448673879509], [0.9530675837671208, 0.011183938743830004, 0.016274699651667127, 0.019473777737382094]], "ideal": "D", "sampled": "D", "correct": true}}
{"type": "result", "data": {"idx": 10, "options": ["the same", "opposite", "Either of these", "Need more information"], "probs": [[0.18024003369615096, 0.639802331861931, 0.10597921827881301, 0.07397841606310504], [0.7091191304642268, 0.12135891434291989, 0.09594573681668017, 0.07357621827617318], [0.19912101029668317, 0.07443013675615744, 0.25567262981253236, 0.470776223034627], [0.12761659189477484, 0.14467657473289058, 0.6385671876368433, 0.08913964563549126]], "ideal": "B", "sampled": "B", "correct": true}}
{"type": "result", "data": {"idx": 11, "options": ["conduction", "convection", "radiation", "radioactivity"], "probs": [[0.048188855081199, 0.023124371238520323, 0.89556117858487, 0.033125594995410595], [0.06141335052511858, 0.861628340670308, 0.04356164047339592, 0.033396668231177484], [0.9277732172775539, 0.013442677088938421, 0.030769252602087144, 0.028014852931420472], [0.031122169450454137, 0.017461220321137613, 0.18481919718381903, 0.7665974129445892]], "ideal": "C", "sampled": "C", "correct": true}}
{"type": "result", "data": {"idx": 12, "options": ["half, 1 A", "2 A", "Depends on which lamp is closer to the battery", "Not enough information to say"], "probs": [[0.6451396008980563, 0.11757689100044721, 0.11215143064733382, 0.12513207735416265], [0.15959861813529277, 0.04869649168102563, 0.2511505474973756, 0.540554342586306], [0.11091363678149523, 0.1034416137483861, 0.6386265468572767, 0.14701820251284198], [0.19200793192862553, 0.530690856682203, 0.14729315260506698, 0.13000805868410453]], "ideal": "B", "sampled": "A", "correct": false}}
{"type": "result", "data": {"idx": 13, "options": ["increase.", "decrease.", "remain unchanged.", "None of these."], "probs": [[0.5285688239019348, 0.26603765283985115, 0.1538829711627176, 0.05151055199549643], [0.3019304393269423, 0.1669177611352323, 0.21420861991834628, 0.31694317951947915], [0.16222670391268781, 0.08419891328259582, 0.6420819641068709, 0.11149241859784544], [0.18178748405192044, 0.4433464605668803, 0.26460189807459683, 0.11026415720660242]], "ideal": "A", "sampled": "A", "correct": true}}
{"type": "result", "data": {"idx": 14, "options": ["2mg", "mg", "mg/2", "mg/4"], "probs": [[0.2105193169281862, 0.19786320919596212, 0.38733089543479027, 0.2042865783410614], [0.22455786014682738, 0.3480869440736145, 0.2752517327541075, 0.15210346292545054], [0.27660946291643523, 0.40285288104199085, 0.1652271970297809, 0.15531045891179301], [0.24582696691161718, 0.17441824596622574, 0.2874693359883055, 0.2922854510338516]], "ideal": "B", "sampled": "C", "correct": false}}
{"type": "result", "data": {"idx": 15, "options": ["less.", "equal.", "greater.", "none because it sinks."], "probs": [[0.8769122965337307, 0.037919351147241105, 0.05785069226151191, 0.02731765995751626], [0.0541434777301002, 0.02257735116719202, 0.04780327945286404, 0.8754758915498437], [0.05634025200446387, 0.0369595244978272, 0.8685655708802014, 0.03813465251750755], [0.08047167951631497, 0.8261499826761843, 0.05709605504224436, 0.03628228266525637]], "ideal": "A", "sampled": "A", "correct": true}}
{"type": "result", "data": {"idx": 16, "options": ["red.", "green.", "white minus red.", "a mixture of green and yellow."], "probs": [[0.39160642315708377, 0.10376223252989024, 0.35115623732241313, 0.15347510689061283], [0.18279364703257817, 0.2968210279644738, 0.14465650914652983, 0.3757288157564182], [0.19069504522828734, 0.056368391325256596, 0.687020532490672, 0.06591603085578415], [0.2203685442800569, 0.5899711714846494, 0.09334184019805242, 0.09631844393724132]], "ideal": "A", "sampled": "A", "correct": true}}
{"type": "result", "data": {"idx": 17, "options": ["speed", "frequency", "wavelength", "All of these"], "probs": [[0.23669824001806297, 0.35550341006538655, 0.29934602972851876, 0.10845232008803173], [0.3001597702298275, 0.3622486806893902, 0.23382164439137917, 0.10376990458940312], [0.2638781407789481, 0.16263665499605565, 0.3134341584344318, 0.2600510456905644], [0.20599504382360664, 0.21596412883189772, 0.40981138896667413, 0.1682294382778215]], "ideal": "B", "sampled": "B", "correct": true}}
{"type": "result", "data": {"idx": 18, "options": ["volume", "mass", "weight", "density"], "probs": [[0.41876732190685967, 0.1564964572852722, 0.2073624524577822, 0.21737376825008592], [0.09679082972542705, 0.06250721075948165, 0.46924896608247163, 0.3714529933326196], [0.16707633683018544, 0.17512442430778122, 0.5148134307765748, 0.14298580798545846], [0.21792145395962906, 0.5833908405821885, 0.13221389250943988, 0.06647381284874253]], "ideal": "D", "sampled": "A", "correct": false}}
{"type": "result", "data": {"idx": 19, "options": ["transverse waves", "longitudinal waves", "all waves", "None of these"], "probs": [[0.8271168757476974, 0.04890873100459504, 0.08587076194207112, 0.03810363120563645], [0.10125957947121693, 0.06439106021793617, 0.23192481175894084, 0.6024245484519061], [0.07361236684732256, 0.06599808237793875, 0.7922728957831995, 0.06811665489153922], [0.07938116220442988, 0.7899606403654758, 0.06481539602261968, 0.06584280130747465]], "ideal": "A", "sampled": "A", "correct": true}}
{"type": "result", "data": {"idx": 20, "options": ["buoyant force", "mass", "weight", "All of these"], "probs": [[0.12247039452634588, 0.17827942670972655, 0.4553587145516031, 0.24389146411232443], [0.31709785592599954, 0.33772007846405094, 0.22849518356820125, 0.11668688194174827], [0.5562226009938427, 0.16446181639988247, 0.11480649962449889, 0.164509082881776], [0.1501016102535703, 0.19891675415508195, 0.2849259248869139, 0.36605571060443387]], "ideal": "A", "sampled": "C", "correct": false}}
{"type": "result", "data": {"idx": 21, "options": ["thermal energy.", "vibrational kinetic energy.", "average translational kinetic energy.", "rotational kinetic energy."], "probs": [[0.08844607882652109, 0.3445992091631006, 0.5173046915989126, 0.04965002031146572], [0.13767867199232278, 0.6889237966123865, 0.06609016108120677, 0.10730737021408399], [0.9329224262680094, 0.016566062406157593, 0.03144079085661772, 0.01907072036921529], [0.049188326366840965, 0.22057200484108533, 0.08113769460662196, 0.6491019740854518]], "ideal": "C", "sampled": "C", "correct": true}}
{"type": "result", "data": {"idx": 22, "options": ["move farther than the input piston", "exceed the force input", "exceed the input piston\u2019s speed", "produce increased energy"], "probs": [[0.4612076419490601, 0.20152544083742002, 0.15940015491441775, 0.17786676219910205], [0.4095239875872097, 0.16291492933022628, 0.19045078468726756, 0.23711029829529645], [0.30138833511507623, 0.17999293325573734, 0.30142767417827926, 0.21719105735090713], [0.26222493851207646, 0.27921023546034124, 0.3114388836394412, 0.14712594228814113]], "ideal": "D", "sampled": "A", "correct": false}}
{"type": "result", "data": {"idx": 23, "options": ["decreases", "increases", "remains unchanged", "may increase or decrease"], "probs": [[0.22145345474869604, 0.48398973811808615, 0.2180254575686365, 0.07653134946458127], [0.35239900730300117, 0.2461318930498349, 0.24987031143805508, 0.15159878810910885], [0.2872964484299486, 0.2345666324048114, 0.30108404605185246, 0.17705287301338749], [0.25574289225507035, 0.17858039266586298, 0.43504429246341136, 0.13063242251565532]], "ideal": "C", "sampled": "B", "correct": false}}
{"type": "result", "data": {"idx": 24, "options": ["half the bend.", "the same bend if the branch doesn\u2019t break.", "twice the bend.", "4 times the bend."], "probs": [[0.26346217209271094, 0.4627483543347613, 0.19586989750178005, 0.0779195759707477], [0.4327548838589811, 0.33732337510170524, 0.14055654719310345, 0.0893651937462102], [0.4759886775131781, 0.16204743810079741, 0.18940179894766723, 0.17256208533835726], [0.19120806311238994, 0.15131702904889008, 0.5449949461794663, 0.11247996155925362]], "ideal": "C", "sampled": "B", "correct": false}}
{"type": "result", "data": {"idx": 25, "options": ["increases but less than doubles", "doubles", "more than doubles", "depends on factors not stated"], "probs": [[0.21507869450556352, 0.49254605124710177, 0.1325112511091789, 0.1598640030381558], [0.2899181669709343, 0.24041768963211516, 0.2055725481559371, 0.26409159514101344], [0.2176741063377144, 0.10777691005582692, 0.34244611855897134, 0.33210286494748736], [0.14048807112230552, 0.13198885123618523, 0.5470935024207088, 0.18042957512080046]], "ideal": "A", "sampled": "B", "correct": false}}
{"type": "result", "data": {"idx": 26, "options": ["1 minute.", "2 minutes.", "5 minutes.", "9 minutes."], "probs": [[0.2447975204700552, 0.3195855223936476, 0.2774862564081745, 0.1581307006281227], [0.2923800479647221, 0.28813661429995585, 0.2501641325475808, 0.1693192050877412], [0.3003653675126287, 0.26532942844745905, 0.29123280317352973, 0.1430724007663825], [0.2882111880428116, 0.3218422435843299, 0.250499986072167, 0.13944658220069148]], "ideal": "D", "sampled": "A", "correct": false}}
{"type": "result", "data": {"idx": 27, "options": ["move at a constant speed in a straight line", "accelerate at a constant rate in a straight line", "come to rest", "increase its amount of inertia"], "probs": [[0.8077700757633341, 0.05085197103190237, 0.09209225419079918, 0.049285698913964324], [0.1635009038023995, 0.06111564441072997, 0.11779950470193787, 0.6575839469849326], [0.02884324895853871, 0.023917925189526647, 0.8569312302285802, 0.09030759552335439], [0.0540338607601203, 0.7703234581263558, 0.11809159858123064, 0.05755108243229318]], "ideal": "A", "sampled": "A", "correct": true}}
{"type": "result", "data": {"idx": 28, "options": ["everyday low speeds.", "relativistic speeds.", "Both of these.", "Neither of these."], "probs": [[0.09996554999800611, 0.49251448413912013, 0.28493843336992924, 0.1225815323929445], [0.7606582271488274, 0.10138006809472719, 0.08019823074129612, 0.05776347391514933], [0.23993301449206142, 0.12648191292917046, 0.21850437111431595, 0.4150807013644522], [0.11963070514198525, 0.0991985701701579, 0.571062449876394, 0.21010827471146287]], "ideal": "C", "sampled": "B", "correct": false}}
{"type": "result", "data": {"idx": 29, "options": ["evaporation", "condensation", "Both", "Neither"], "probs": [[0.2624171175700686, 0.3318965856360516, 0.2928055037565347, 0.11288079293734508], [0.25283038956657883, 0.19394078315962857, 0.18500704621835223, 0.3682217809554404], [0.20995291044593448, 0.08618607563824547, 0.47321946481844, 0.23064154899738004], [0.17863972483279064, 0.22596581277971817, 0.31853532787952343, 0.2768591344079678]], "ideal": "C", "sampled": "A", "correct": false}}
{"type": "result", "data": {"idx": 30, "options": ["shorter", "taller", "equal in height", "inoperable"], "probs": [[0.3474997955678975, 0.3939097869878996, 0.22082302063733703, 0.037767396706865894], [0.40361449719825215, 0.2907938702232001, 0.13729305768566877, 0.16829857479287896], [0.15080658528166252, 0.08727553905882621, 0.6760121927474868, 0.0859056828120245], [0.16867325569964817, 0.2961320468438055, 0.43756152545153737, 0.09763317190500893]], "ideal": "B", "sampled": "A", "correct": false}}
{"type": "result", "data": {"idx": 31, "options": ["force due to gravity is the same on each.", "air resistance is always zero in free fall.", "inertia of both rocks is the same.", "ratio of force to mass is the same."], "probs": [[0.15420053039515966, 0.04151182418881261, 0.4826564986119616, 0.3216311467040661], [0.04868607649487005, 0.13874346171507992, 0.4996775742084518, 0.3128928874815982], [0.16162846740017625, 0.26660516458162187, 0.46063452268055394, 0.11113184523764791], [0.7410043058105907, 0.08992319001047114, 0.0571560770229842, 0.11191642705595391]], "ideal": "D", "sampled": "D", "correct": true}}
{"type": "result", "data": {"idx": 32, "options": ["increases but less than doubles", "doubles", "more than doubles", "depends on factors not stated"], "probs": [[0.208799572333672, 0.5334023276436561, 0.12084505795853662, 0.13695304196413524], [0.33340549465660085, 0.27219158408304084, 0.17567795513303644, 0.21872496602732183], [0.2610115032825675, 0.12331130731925155, 0.31977214453085895, 0.29590504476732205], [0.13727746332924562, 0.11381548660108279, 0.5780280619449496, 0.17087898802472198]], "ideal": "C", "sampled": "B", "correct": false}}
{"type": "result", "data": {"idx": 33, "options": ["equals mass moving at the speed of light squared.", "equals moving mass.", "is fundamentally different than mass.", "and mass are closely related."], "probs": [[0.13838605272013288, 0.06539261194277167, 0.09222969950789969, 0.7039916357291958], [0.04567712208265362, 0.030430863535120534, 0.8357976229366182, 0.08809439134560759], [0.05326710834788586, 0.8082734074586719, 0.08516144466124834, 0.05329803943219385], [0.9374463926309126, 0.024982682753138013, 0.020396528269630117, 0.017174396246319275]], "ideal": "D", "sampled": "D", "correct": true}}
{"type": "result", "data": {"idx": 34, "options": ["light leaving the Sun is slowed by gravity.", "light passing the Sun is deflected.", "a clock on the Sun\u2019s surface runs faster than on Earth.", "All of these."], "probs": [[0.16199971613158257, 0.1724820273012143, 0.11674526990717501, 0.548772986560028], [0.6669938787260667, 0.04538904654712608, 0.18529786788935496, 0.10231920673745219], [0.1844818552835194, 0.1603093093657705, 0.17613972281481083, 0.4790691124358992], [0.2810558760199788, 0.17314942695404392, 0.17322324730879088, 0.3725714496171864]], "ideal": "D", "sampled": "B", "correct": false}}
{"type": "result", "data": {"idx": 35, "options": ["reduces by 2", "reduces by 4", "increases by 2", "increases by 4"], "probs": [[0.4758906449248555, 0.25097771354589726, 0.1778771052535619, 0.09525453617568536], [0.30381291196249904, 0.3287373086857686, 0.21214401087594484, 0.1553057683757875], [0.4399892752921068, 0.279914025635057, 0.18634881355014812, 0.09374788542268804], [0.20416183767661292, 0.4258357882073859, 0.19791994986939104, 0.17208242414661012]], "ideal": "A", "sampled": "A", "correct": true}}
{"type": "result", "data": {"idx": 36, "options": ["increases", "decreases", "remains the same", "Not enough information to say"], "probs": [[0.17103727949410186, 0.2910124838018822, 0.47975502427598987, 0.05819521232802607], [0.21797114283689972, 0.42043527330075553, 0.18072266605592555, 0.1808709177064192], [0.3495796322472991, 0.13692456482471696, 0.3606809973356055, 0.15281480549237844], [0.17779182425723236, 0.30727306921011305, 0.3764151744589846, 0.13851993197367002]], "ideal": "A", "sampled": "C", "correct": false}}
{"type": "result", "data": {"idx": 37, "options": ["30 km/h", "40 km/h", "50 km/h", "60 km/h"], "probs": [[0.19821160425699708, 0.32703568009901557, 0.28846309875627535, 0.186289616787712], [0.1488242767427196, 0.4735074113358521, 0.21662658773620175, 0.16104172408522652], [0.3161814761414627, 0.2664408047761193, 0.2313857937911362, 0.1859919251912818], [0.3483045243136435, 0.21470743945891863, 0.2671342074394922, 0.16985382868794566]], "ideal": "C", "sampled": "C", "correct": true}}
{"type": "result", "data": {"idx": 38, "options": ["amplitude", "polarization", "momentum", "frequency"], "probs": [[0.0049709400215747395, 0.006638531363370125, 0.17120682363091036, 0.8171837048841448], [0.012520324727555533, 0.022499092631166877, 0.9421274178492202, 0.022853164692057393], [0.020724523202393885, 0.9533987025437367, 0.01228274199837761, 0.013594032155491823], [0.974243821151356, 0.008429580796139044, 0.008629876605012706, 0.008696721347492217]], "ideal": "D", "sampled": "D", "correct": true}}
{"type": "result", "data": {"idx": 39, "options": ["electrons", "protons", "neutrons", "ions"], "probs": [[0.7857857521385746, 0.07028883106949249, 0.08091011078390759, 0.06301530590802536], [0.07882131154565498, 0.05858837636456887, 0.2883908547005663, 0.5741994572892098], [0.04316290178116084, 0.06088632681374145, 0.8540891431401246, 0.041861628164973026], [0.13266269861325197, 0.740546822473858, 0.07680672406382201, 0.04998375474906809]], "ideal": "A", "sampled": "A", "correct": true}}
{"type": "result", "data": {"idx": 40, "options": ["less.", "more.", "the same.", "Need more information."], "probs": [[0.48983140984486084, 0.24252806195552062, 0.19483175252657778, 0.07280877557304077], [0.30024125425802745, 0.16586799663643334, 0.17650773944488427, 0.35738300956065494], [0.1556865435361635, 0.06001555218704072, 0.6356451558106666, 0.14865274836612913], [0.17338456986829856, 0.4865714230604312, 0.2226712355989126, 0.11737277137235759]], "ideal": "C", "sampled": "A", "correct": false}}
{"type": "result", "data": {"idx": 41, "options": ["overlapping one another", "constructively interfering", "moving slower than the source producing them", "All of these"], "probs": [[0.23121298046222802, 0.11096400352095574, 0.33130295068595655, 0.3265200652308597], [0.24325646276383553, 0.11140509610697366, 0.42710598980755726, 0.21823245122163357], [0.2968570755040139, 0.28337441605292346, 0.17731437782744958, 0.24245413051561304], [0.27170966287412607, 0.13454099599599986, 0.2553033346563085, 0.3384460063735656]], "ideal": "D", "sampled": "D", "correct": true}}
{"type": "result", "data": {"idx": 42, "options": ["cold day", "hot day", "day with steady temperature", "None of these"], "probs": [[0.3345933631009553, 0.29535279335151776, 0.2525957282960184, 0.11745811515150852], [0.39917036292181685, 0.2966726675828754, 0.21370012737610572, 0.090456842019202], [0.3099215580224781, 0.20326837592374553, 0.2866543488416366, 0.20015571711213978], [0.22061267821687716, 0.3016145870028509, 0.3261182058443079, 0.1516545288359641]], "ideal": "B", "sampled": "B", "correct": true}}
{"type": "result", "data": {"idx": 43, "options": ["half", "twice", "the same", "None of these"], "probs": [[0.37862564134999127, 0.38502291813248307, 0.16292028767892203, 0.07343115273860361], [0.44693388864497524, 0.27999594387598387, 0.11847424329415991, 0.15459592408488096], [0.18769318654399283, 0.09153369472252564, 0.4795666157881192, 0.24120650284536232], [0.20098502632478157, 0.31150343546876463, 0.292552973411735, 0.19495856469471887]], "ideal": "C", "sampled": "B", "correct": false}}
{"type": "result", "data": {"idx": 44, "options": ["hot to cold ever", "cold to hot ever", "hot to cold without external energy", "cold to hot without external energy"], "probs": [[0.13199670119766044, 0.09810856363281899, 0.6202466852250826, 0.1496480498444379], [0.05274988395938971, 0.7758231891915318, 0.11525366512256689, 0.05617326162651153], [0.8442109196377356, 0.07852632333102039, 0.03652149310859482, 0.04074126382264908], [0.7565952144092221, 0.07729618592477773, 0.08758805234512722, 0.07852054722087297]], "ideal": "D", "sampled": "C", "correct": false}}
{"type": "result", "data": {"idx": 45, "options": ["hydrogen.", "oxygen.", "nitrogen.", "But all have the same speed on average."], "probs": [[0.5017299055551432, 0.13508689402183066, 0.20276013014673144, 0.16042307017629473], [0.27194027874401516, 0.14795021049911516, 0.2762779469685568, 0.30383156368831293], [0.30718694512224487, 0.11846945560815737, 0.4835393176133545, 0.09080428155624326], [0.32532211578529147, 0.3988394735980153, 0.1443634736664379, 0.1314749368502553]], "ideal": "A", "sampled": "A", "correct": true}}
{"type": "result", "data": {"idx": 46, "options": ["greater", "less", "the same", "Any of these"], "probs": [[0.21808119928448616, 0.17800586586922537, 0.4992686993602099, 0.10464423538607855], [0.31078456903018387, 0.3258218369807269, 0.20706950999008655, 0.15632408389900265], [0.3259638644716177, 0.16138852121970032, 0.2702941080745206, 0.24235350613416143], [0.21908910080635646, 0.11190754668992282, 0.2902827793751326, 0.37872057302858814]], "ideal": "C", "sampled": "C", "correct": true}}
{"type": "result", "data": {"idx": 47, "options": ["less than 0.8 N", "0.8 N", "greater than 0.8 N", "dependent on the orientation of its body"], "probs": [[0.2940469638106185, 0.2678309340830398, 0.30344825527839864, 0.134673846727943], [0.1702556758948778, 0.2478365599861264, 0.17297945914922885, 0.40892830486976695], [0.17373325835020095, 0.11396740225137898, 0.5438095018220516, 0.16848983747636848], [0.19856081013359206, 0.3432468618147958, 0.28010355171277523, 0.1780887762388369]], "ideal": "B", "sampled": "A", "correct": false}}
{"type": "result", "data": {"idx": 48, "options": ["along and parallel to the wave", "perpendicular to the wave", "Both of these", "Neither of these"], "probs": [[0.6079861611709898, 0.08493354297226018, 0.23445842017062002, 0.07262187558613], [0.23664066625371474, 0.12676277188749602, 0.2519734686969016, 0.3846230930618876], [0.2601597749831527, 0.059905748962983243, 0.5339784303382458, 0.14595604561561829], [0.2814855873303262, 0.34505334493047574, 0.15067334471626354, 0.22278772292293456]], "ideal": "A", "sampled": "A", "correct": true}}
{"type": "result", "data": {"idx": 49, "options": ["the work done on them", "motion", "Both of these", "Neither of these"], "probs": [[0.05508213178726955, 0.07532212221601775, 0.8224752636453049, 0.04712048225140782], [0.10548912380657917, 0.5982343776758203, 0.20020877568689527, 0.09606772273070525], [0.3984008252937183, 0.14662285982292073, 0.38013665165065214, 0.07483966313270882], [0.1025201445140124, 0.31606871276350285, 0.09189167609779696, 0.48951946652468775]], "ideal": "A", "sampled": "C", "correct": false}}
{"type": "result", "data": {"idx": 50, "options": ["voltage", "energy", "Both of these", "Neither of these"], "probs": [[0.742273351506322, 0.054638029015067646, 0.15562247416789793, 0.04746614521071243], [0.18587890924685985, 0.14040023949529337, 0.10929099725773288, 0.5644298539001139], [0.3394507727493928, 0.041837121819576537, 0.5597231324978383, 0.05898897283319238], [0.25066177167011766, 0.5743079353065224, 0.0752716827859945, 0.09975861013736546]], "ideal": "A", "sampled": "A", "correct": true}}
{"type": "result", "data": {"idx": 51, "options": ["inside the nucleus", "outside the nucleus", "Either of these", "Neither of these"], "probs": [[0.9126992235302995, 0.011491922104162063, 0.056564647826776254, 0.01924420643876211], [0.054094368134470626, 0.018995296703492016, 0.10593608296926647, 0.8209742520927709], [0.09183255445288371, 0.02114840192660203, 0.844964908799002, 0.04205413472151227], [0.1809159395793701, 0.6727045918750002, 0.07661617777814027, 0.06976329066748944]], "ideal": "A", "sampled": "A", "correct": true}}
{"type": "result", "data": {"idx": 52, "options": ["absorbed", "reflected", "scattered", "refracted"], "probs": [[0.21474525330303415, 0.27577787634952794, 0.4014669954375297, 0.10800987480990824], [0.21274588682988882, 0.3620215600065731, 0.25680607172057823, 0.16842648134295982], [0.25209035552747855, 0.15054498355071425, 0.49386824239732385, 0.10349641842448337], [0.21072002538123646, 0.5218172863280975, 0.16942456994093114, 0.09803811824973484]], "ideal": "A", "sampled": "A", "correct": true}}
{"type": "result", "data": {"idx": 53, "options": ["destruction", "interference", "resonance", "amplification"], "probs": [[0.04621724193809384, 0.8195849334979945, 0.09339697226161377, 0.04080085220229786], [0.6827517950672167, 0.1282584407278322, 0.12242987370547853, 0.0665598903994725], [0.06899058895230224, 0.06183927202171769, 0.3971381827471925, 0.47203195617878757], [0.03952982654780162, 0.05075453440516749, 0.8589454136161467, 0.050770225330884156]], "ideal": "B", "sampled": "B", "correct": true}}
{"type": "result", "data": {"idx": 54, "options": ["all the colors together", "two or more appropriate colors", "light when a prism is held upside down", "None of these"], "probs": [[0.11821630684010412, 0.6807037641969883, 0.09504173020844237, 0.10603819865446522], [0.7340953568110508, 0.040770025272167436, 0.18858005666575692, 0.03655456115102483], [0.10851043236567384, 0.05718399817514801, 0.5778046329214367, 0.2565009364377414], [0.13812570630582674, 0.18299932766371385, 0.5910487286041011, 0.0878262373263583]], "ideal": "D", "sampled": "B", "correct": false}}
{"type": "result", "data": {"idx": 55, "options": ["about 1 A", "2 A", "Depends on which lamp is closer to the battery", "Not enough information to say"], "probs": [[0.8063277421161117, 0.06221226835644391, 0.05404089642429341, 0.07741909300315096], [0.19540734771312612, 0.049042828852938786, 0.2713668578645337, 0.48418296546940137], [0.1213179966587849, 0.08085345415816717, 0.6665726253724157, 0.13125592371063224], [0.23949530477265032, 0.5840745276263534, 0.11143278910617455, 0.0649973783948218]], "ideal": "D", "sampled": "A", "correct": false}}
{"type": "result", "data": {"idx": 56, "options": ["Speed only", "Wavelength only", "Both speed and wavelength", "Neither of these"], "probs": [[0.14306181880983335, 0.2322403077882792, 0.5659847939340253, 0.05871307936786208], [0.2761043155865699, 0.47723116974691226, 0.1597929233044815, 0.08687159126203632], [0.35285274768159225, 0.1615498138005331, 0.25413761676411867, 0.23145982165375598], [0.0845918127467693, 0.1508252311285617, 0.33460759863928985, 0.4299753573853792]], "ideal": "C", "sampled": "C", "correct": true}}
{"type": "result", "data": {"idx": 57, "options": ["2 Hz", "4 Hz", "8 Hz", "16 Hz"], "probs": [[0.35758702877799, 0.34139679841571047, 0.14226409367497406, 0.1587520790313255], [0.40928791729625286, 0.20914612085080447, 0.1553769214183605, 0.22618904033458218], [0.30032987742087475, 0.18511397472172447, 0.2911807428537033, 0.22337540490369748], [0.26530738476361926, 0.2738718565783874, 0.26956798418591926, 0.19125277437207402]], "ideal": "B", "sampled": "B", "correct": true}}
{"type": "result", "data": {"idx": 58, "options": ["frequency", "period", "wavelength", "amplitude"], "probs": [[0.18591803033403, 0.09646157775656998, 0.23509174232677496, 0.4825286494826251], [0.10953809738440376, 0.11479820712854248, 0.5741025037756898, 0.20156119161136393], [0.04911975006566924, 0.3105136040096308, 0.5801679871333627, 0.06019865869133721], [0.8042162685939231, 0.0975596088727592, 0.04263216645079765, 0.05559195598251995]], "ideal": "D", "sampled": "D", "correct": true}}
{"type": "result", "data": {"idx": 59, "options": ["charged", "uncharged", "Either of these", "Neither of these"], "probs": [[0.2326652993127675, 0.3387064241253238, 0.23265306545869938, 0.1959752110032093], [0.3257906485140965, 0.21371758300488217, 0.2658767441524934, 0.19461502422852792], [0.16640373814820567, 0.19459266668709285, 0.346819812817167, 0.2921837822475345], [0.25248745081284024, 0.24860034880536305, 0.314188450543456, 0.18472374973834066]], "ideal": "C", "sampled": "B", "correct": false}}
{"type": "result", "data": {"idx": 60, "options": ["absorbed", "transmitted", "scattered", "polarized"], "probs": [[0.10642584174345472, 0.130443942598383, 0.7280305460552641, 0.035099669502898244], [0.08899837152139405, 0.8194776329226438, 0.050755598591325925, 0.0407683968646363], [0.5874742334583879, 0.1121449557446856, 0.2529022423621935, 0.047478568334733], [0.0787513265958311, 0.1860933002119958, 0.43282359267123954, 0.30233178042093356]], "ideal": "C", "sampled": "C", "correct": true}}
{"type": "result", "data": {"idx": 61, "options": ["thorium-242", "thorium-238", "thorium-234", "radium-214"], "probs": [[0.48861905199441136, 0.2873846547407916, 0.13359349765643436, 0.09040279550836268], [0.6710742311358389, 0.12036220010732804, 0.11482539832484463, 0.09373817033198852], [0.3793606629302523, 0.19083324925927947, 0.20309523653868974, 0.22671085117177847], [0.22972168026057427, 0.30446636673743666, 0.29500445720583585, 0.1708074956961532]], "ideal": "C", "sampled": "B", "correct": false}}
{"type": "result", "data": {"idx": 62, "options": ["toward you", "away from you", "Both of these", "None of these"], "probs": [[0.17508819958438282, 0.420230961105389, 0.28430471245045624, 0.12037612675977194], [0.26233375851671437, 0.25831306747932176, 0.20434821258969704, 0.2750049613142668], [0.27956892098555186, 0.07643606797720814, 0.3119172569766626, 0.33207775396057737], [0.1260055414906637, 0.11656476208699082, 0.24293940532938912, 0.5144902909929563]], "ideal": "C", "sampled": "C", "correct": true}}
{"type": "result", "data": {"idx": 63, "options": ["charge", "energy", "mass", "all of these"], "probs": [[0.14788370494035905, 0.14114066097847824, 0.5583141099094681, 0.1526615240716946], [0.21726003529857127, 0.6289078662911113, 0.10757370412287658, 0.046258394187440884], [0.7062296954654692, 0.10664051312875275, 0.08049405399964996, 0.10663573730612802], [0.23380482194469812, 0.12323790787418133, 0.26914128658464287, 0.37381598349647766]], "ideal": "D", "sampled": "C", "correct": false}}
{"type": "result", "data": {"idx": 64, "options": ["unchanged", "twice as much", "half as much", "four times as much"], "probs": [[0.12517762462685084, 0.351206668085651, 0.40413413351012917, 0.11948157367736896], [0.3324919268344461, 0.4012171834033981, 0.17250188797845734, 0.09378900168369844], [0.3492669618942886, 0.36049361644777084, 0.16759508105606633, 0.12264434050187423], [0.3984687386175745, 0.1399109339494508, 0.30553841339320015, 0.15608191393977455]], "ideal": "B", "sampled": "C", "correct": false}}
{"type": "result", "data": {"idx": 65, "options": ["breaking the sound barrier", "pulling out of a subsonic dive", "flying faster than sound", "Each of these produces a sonic boom"], "probs": [[0.32526139947821214, 0.1825062103756754, 0.30092887722244666, 0.1913035128236658], [0.08777097807925115, 0.5382070065095822, 0.15656245103169983, 0.21745956427946686], [0.4728052125280332, 0.20342419004099263, 0.21318671581669751, 0.11058388151427666], [0.15819303218353273, 0.4439479873944035, 0.17112329090543135, 0.2267356894166324]], "ideal": "C", "sampled": "C", "correct": true}}
{"type": "result", "data": {"idx": 66, "options": ["becomes slightly radioactive", "doesn\u2019t become radioactive", "will spoil faster", "should be avoided"], "probs": [[0.4808245300765818, 0.18827845154309994, 0.22361348567157022, 0.10728353260874797], [0.18821535722198413, 0.06711158055719794, 0.10725509959496742, 0.6374179625258505], [0.15855901059829344, 0.0961592651521313, 0.627420310817653, 0.11786141333192217], [0.20060364003245312, 0.520527756734543, 0.1663281396016385, 0.11254046353136545]], "ideal": "B", "sampled": "A", "correct": false}}
{"type": "result", "data": {"idx": 67, "options": ["fluorescence.", "coherence.", "polarization.", "de-excitation."], "probs": [[0.9506283661108922, 0.013144626746971895, 0.020364840723527032, 0.015862166318608907], [0.08486599235079353, 0.04335959513705073, 0.22368180592695058, 0.6480926064852052], [0.04435762663432778, 0.03297501355880779, 0.8916832604481447, 0.03098409925871969], [0.07236794058100171, 0.8686454502975086, 0.03584616098137137, 0.02314044804011826]], "ideal": "D", "sampled": "A", "correct": false}}
{"type": "result", "data": {"idx": 68, "options": ["reflected or converted to internal energy in the material.", "mainly reflected.", "mainly refracted.", "transmitted at a lower frequency."], "probs": [[0.6643851250255659, 0.0972198673116828, 0.12292200795996297, 0.1154729996027883], [0.2802810793960438, 0.22529367617322665, 0.11687683090338327, 0.3775484134273463], [0.030556650870566582, 0.0238015451227738, 0.8798949193137205, 0.06574688459293905], [0.07140600201540899, 0.6995404026531648, 0.1234497026770681, 0.10560389255435818]], "ideal": "A", "sampled": "A", "correct": true}}
{"type": "result", "data": {"idx": 69, "options": ["1/100 as much", "10 times as much", "100 times as much", "1000 times as much"], "probs": [[0.22224373119737736, 0.21221145036729458, 0.378211391908343, 0.18733342642698508], [0.2363519107515481, 0.15268129336322347, 0.23275544093837508, 0.3782113548468533], [0.213313428937074, 0.09769564048195713, 0.5119796356644384, 0.1770112948165305], [0.2310771643884371, 0.3638376593225945, 0.2072115838320468, 0.19787359235692162]], "ideal": "C", "sampled": "A", "correct": false}}
{"type": "result", "data": {"idx": 70, "options": ["direction", "energy", "Both of these", "Neither of these"], "probs": [[0.3920692684237708, 0.16872299703093954, 0.32509781938229004, 0.1141099150629996], [0.40555359741954755, 0.2878196069825783, 0.1401536378192955, 0.16647315767857865], [0.4156726203582657, 0.03929383125068627, 0.422202935357782, 0.12283061293326601], [0.20053361354253055, 0.43170726294968814, 0.12947216628687272, 0.23828695712090855]], "ideal": "A", "sampled": "A", "correct": true}}
{"type": "result", "data": {"idx": 71, "options": ["more dense", "less dense", "more slippery", "warmer"], "probs": [[0.4193440297974636, 0.34224219911621434, 0.17207759024376829, 0.06633618074255374], [0.26965747854693506, 0.10724878495796797, 0.14209727200427577, 0.48099646439082117], [0.33342897888664, 0.10490047930622137, 0.28078073260360525, 0.28088980910353334], [0.15387604211961012, 0.1716300146628641, 0.5205945061762381, 0.1538994369412877]], "ideal": "A", "sampled": "B", "correct": false}}
{"type": "result", "data": {"idx": 72, "options": ["frequency.", "wavelength.", "air temperature.", "All of these."], "probs": [[0.06347918746431717, 0.029991875791436366, 0.41418313638845244, 0.49234580025579405], [0.08406394224708887, 0.280117579674055, 0.5152985606661291, 0.12051991731272696], [0.41781781831674386, 0.4449625197151428, 0.057457147652232164, 0.07976251421588118], [0.5340704917373644, 0.13089534639003242, 0.1415534913398333, 0.19348067043276984]], "ideal": "C", "sampled": "D", "correct": false}}
{"type": "result", "data": {"idx": 73, "options": ["conduction", "convection", "radiation", "All of these, although radiation is greatest"], "probs": [[0.03384343610015563, 0.025955468993768382, 0.7708093099451236, 0.16939178486095233], [0.04860299635069021, 0.862309362451003, 0.05865731605337415, 0.030430325044932698], [0.8742715627581947, 0.05089313883288924, 0.02991853420029455, 0.044916764108621436], [0.15721691355996842, 0.11505093193621489, 0.3382057996444067, 0.38952635475941]], "ideal": "C", "sampled": "C", "correct": true}}
{"type": "result", "data": {"idx": 74, "options": ["like any other force", "multiplied by a lever arm", "that is fictitious", "that accelerates things"], "probs": [[0.06067785021510977, 0.7997967302075152, 0.08426623476697373, 0.055259184710401296], [0.9351947159720121, 0.030538262483954873, 0.016865760108530768, 0.017401261335502297], [0.08269860600312624, 0.051755364077098534, 0.2145364688536742, 0.6510095609661011], [0.03739982111899509, 0.054425921488422666, 0.8126270204440252, 0.09554723684855704]], "ideal": "B", "sampled": "B", "correct": true}}
