{"type": "result", "data": {"idx": 0, "options": ["p = 4", "p = 8", "p = 12", "p = 24"], "probs": [[0.5512181191359216, 0.24085779540169908, 0.07697538571926779, 0.1309486996431115], [0.26994708579980586, 0.31567910780847996, 0.13575668833919824, 0.2786171179525159], [0.18670689779579838, 0.17818523676125678, 0.39530857804475056, 0.23979928729819427], [0.11053695034455281, 0.5614850269522794, 0.12141844831302508, 0.20655957429014266]], "ideal": "C", "sampled": "A", "correct": false}}
{"type": "result", "data": {"idx": 1, "options": ["5", "7", "8", "9"], "probs": [[0.18603741600934387, 0.0800179508257782, 0.5821023290373643, 0.15184230402751367], [0.20173037050137238, 0.17804422972806044, 0.3028420805628249, 0.31738331910774226], [0.1900572868974503, 0.13477629020129073, 0.5414469676237177, 0.13371945517754127], [0.19077140659485115, 0.32966668392898163, 0.2732806286920205, 0.20628128068414675]], "ideal": "C", "sampled": "A", "correct": false}}
{"type": "result", "data": {"idx": 2, "options": ["1 over 5", "\u22125", "\u22121 over 5", "5"], "probs": [[0.24066128427880612, 0.15542099789387723, 0.5096403170001368, 0.09427740072717984], [0.47323311235196663, 0.13562794912168338, 0.25336997565909825, 0.13776896276725173], [0.27808995789086666, 0.10724155869417844, 0.5362071750727303, 0.07846130824222461], [0.31820288432608945, 0.14347246495190832, 0.42831911783234616, 0.11000553278965605]], "ideal": "D", "sampled": "B", "correct": false}}
{"type": "result", "data": {"idx": 3, "options": ["4", "5", "6", "7"], "probs": [[0.24519409602207878, 0.26104942350532934, 0.31983981009860935, 0.1739166702739825], [0.23475699824003232, 0.23115574510038242, 0.37519876283227815, 0.1588884937273071], [0.2992956340013662, 0.33396235105035926, 0.2089770883112785, 0.15776492653699603], [0.27322660115132047, 0.18202840603684853, 0.3914363558841077, 0.15330863682772328]], "ideal": "B", "sampled": "D", "correct": false}}
{"type": "result", "data": {"idx": 4, "options": ["4t = 112; $448", "4t = 112; $28", "t over 4 = 112; $448", "t over 4 = 112; $28"], "probs": [[0.12192052419873001, 0.09952831119006522, 0.15903980791409156, 0.6195113565971132], [0.05775497287010735, 0.02484249053802611, 0.8896851240431949, 0.027717412448671663], [0.12979912563159773, 0.06527759036845474, 0.2581767401112715, 0.546746543788676], [0.0847963197562495, 0.044689407203365276, 0.8174369608424221, 0.05307731209796304]], "ideal": "B", "sampled": "D", "correct": false}}
{"type": "result", "data": {"idx": 5, "options": ["9", "11", "26", "32"], "probs": [[0.3121120724399328, 0.2842816496887135, 0.26288456505544394, 0.14072171271590975], [0.2529343589012901, 0.206491449261179, 0.3918343069210921, 0.14873988481643877], [0.23419823193302194, 0.2455154994399231, 0.34619073508835657, 0.1740955334386984], [0.23173349984554742, 0.20778389021368543, 0.42632567439141383, 0.1341569354493533]], "ideal": "C", "sampled": "B", "correct": false}}
{"type": "result", "data": {"idx": 6, "options": ["1.1 over 11", "11 over 11", "12 over 11", "11 over 12"], "probs": [[0.27517517988351214, 0.15929433464462547, 0.3821438195599862, 0.18338666581187615], [0.19426352217929962, 0.10899057481817065, 0.4962220898420072, 0.20052381306052247], [0.24648017790595342, 0.1278951076094364, 0.4534759425727219, 0.17214877181188828], [0.2067083947606987, 0.4516392772718394, 0.22009026196436832, 0.12156206590309365]], "ideal": "C", "sampled": "A", "correct": false}}
{"type": "result", "data": {"idx": 7, "options": ["3.6", "36", "0.01272", "12.72"], "probs": [[0.21063689257670423, 0.06526037855507863, 0.6489816113960971, 0.07512111737211996], [0.19120670568213058, 0.37447559271769737, 0.2035831033445995, 0.23073459815557254], [0.28458311302846623, 0.10803158258217345, 0.46200420071022424, 0.14538110357913608], [0.14080961257017635, 0.3223998892342493, 0.42709533012254747, 0.10969516797302688]], "ideal": "B", "sampled": "C", "correct": false}}
{"type": "result", "data": {"idx": 8, "options": ["159.26", "2.224", "14,111", "126.26"], "probs": [[0.5415033455469608, 0.07445540690621909, 0.16519007836760868, 0.21885116907921146], [0.137580417101796, 0.02709519902762876, 0.7920203972400859, 0.043303986530489336], [0.11276322109085456, 0.3937469510432785, 0.39995867903909, 0.09353114872677692], [0.8717170766153441, 0.015476275833681136, 0.08768617173079664, 0.02512047572017812]], "ideal": "D", "sampled": "D", "correct": true}}
{"type": "result", "data": {"idx": 9, "options": ["0.72", "0.702", "10.0571", "7.2"], "probs": [[0.1366387622197133, 0.12641769911999376, 0.07431054139856683, 0.6626329971617261], [0.10259797060201173, 0.11999587415433535, 0.6000145300628199, 0.17739162508083295], [0.10552302630817818, 0.4175888548426781, 0.3303094106766727, 0.146578708072471], [0.3208623634934019, 0.40580112299430704, 0.16914426270556213, 0.10419225070672891]], "ideal": "D", "sampled": "D", "correct": true}}
{"type": "result", "data": {"idx": 10, "options": ["150 + 400 + 200", "200 + 400 + 200", "200 + 450 + 200", "200 + 500 + 200"], "probs": [[0.14384092389098851, 0.16048742829148452, 0.44312408562043676, 0.25254756209709023], [0.15293341417769868, 0.2769775009779071, 0.396740484295138, 0.17334860044925623], [0.1446857387568327, 0.16398064057465825, 0.2789336019952193, 0.41240001857328973], [0.19053206413664653, 0.19660452592208477, 0.41621742888751134, 0.19664598095375735]], "ideal": "C", "sampled": "B", "correct": false}}
{"type": "result", "data": {"idx": 11, "options": ["21", "7", "1", "None of these"], "probs": [[0.10704498537593188, 0.02881377136393517, 0.8036159722519973, 0.06052527090813567], [0.3387225265114265, 0.4630879643315745, 0.15270352486899608, 0.045485984188002995], [0.6777604969157632, 0.09996594711062402, 0.12153313579386635, 0.10074042007974643], [0.1582494534155821, 0.030922548169707714, 0.1232568221650911, 0.687571176149619]], "ideal": "D", "sampled": "C", "correct": false}}
{"type": "result", "data": {"idx": 12, "options": ["8", "9", "49", "63"], "probs": [[0.18391947446414436, 0.38338792320232284, 0.14779569207144022, 0.28489691016209256], [0.20529492350324616, 0.07671719100838535, 0.5581021945969125, 0.15988569079145595], [0.24268528411428955, 0.08257657657825303, 0.23523161864453918, 0.4395065205629182], [0.09597242551102828, 0.10707189061858516, 0.6258647990654035, 0.17109088470498302]], "ideal": "A", "sampled": "B", "correct": false}}
{"type": "result", "data": {"idx": 13, "options": ["6", "11", "8", "5"], "probs": [[0.3044637007201564, 0.1876156842096728, 0.28162254621449745, 0.22629806875567338], [0.23379119879960797, 0.1374687084795349, 0.36787035509438676, 0.26086973752647036], [0.22399208281172658, 0.1677990878622682, 0.46692106818836354, 0.14128776103764168], [0.28295394775422106, 0.24208348987065859, 0.2742886841022861, 0.20067387817283422]], "ideal": "A", "sampled": "A", "correct": true}}
{"type": "result", "data": {"idx": 14, "options": ["10 bars of soap for $23.20", "16 bars of soap for $36.48", "13 bars of soap for $29.51", "12 bars of soap for $27.60"], "probs": [[0.23802473429371676, 0.11601227174992727, 0.330506195675874, 0.31545679818048195], [0.20805250726206298, 0.31237477991958335, 0.3123602959904727, 0.16721241672788098], [0.21219840011267602, 0.47831060052169727, 0.1993795275673707, 0.110111471698256], [0.1810543077060449, 0.5322908282679749, 0.14779849517669036, 0.13885636874928978]], "ideal": "C", "sampled": "D", "correct": false}}
{"type": "result", "data": {"idx": 15, "options": ["5 minutes", "14 minutes", "34 minutes", "70 minutes"], "probs": [[0.23607882420200368, 0.3382305355730918, 0.30318508904458025, 0.12250555108032424], [0.3472355448598133, 0.24244206057558682, 0.246260974698729, 0.1640614197658709], [0.2591090682288102, 0.14998156650437103, 0.3276089283075134, 0.2633004368593054], [0.16115673774520534, 0.10244436924459911, 0.5896222371159124, 0.14677665579428315]], "ideal": "B", "sampled": "B", "correct": true}}
{"type": "result", "data": {"idx": 16, "options": ["18", "24", "25", "29"], "probs": [[0.2264771928022221, 0.15814049228491184, 0.5266779457011111, 0.0887043691117549], [0.12831708062301875, 0.3892417483680671, 0.31764112812925666, 0.16480004277965749], [0.09816971580181019, 0.08597562693835079, 0.7312172214720248, 0.08463743568781414], [0.11378222702795894, 0.5181463360268291, 0.25247922537186207, 0.11559221147334983]], "ideal": "B", "sampled": "A", "correct": false}}
{"type": "result", "data": {"idx": 17, "options": ["(60/6)\u201412=a", "(60\u201412)/6=a", "(60-6)-12=a", "(60+12)/6=a"], "probs": [[0.14955709803248424, 0.468201707593292, 0.17766841881169015, 0.20457277546253363], [0.6279267165618058, 0.08110438407302055, 0.129615591894772, 0.16135330737040168], [0.1763963225844488, 0.20628820050250624, 0.39764135479465307, 0.21967412201839193], [0.21086671708252958, 0.14271082303125796, 0.5386753832350731, 0.10774707655113937]], "ideal": "B", "sampled": "B", "correct": true}}
{"type": "result", "data": {"idx": 18, "options": ["5", "25", "50", "125"], "probs": [[0.08101165173120332, 0.4051005779531723, 0.32549255598072857, 0.1883952142348958], [0.17087347676480635, 0.24864561668051122, 0.47185164333742313, 0.10862926311725929], [0.22814729677227313, 0.43303411795542285, 0.1891685687810896, 0.14965001639121445], [0.07123249184702726, 0.10046184728720266, 0.7423721538777825, 0.08593350688798758]], "ideal": "D", "sampled": "B", "correct": false}}
{"type": "result", "data": {"idx": 19, "options": ["7", "16", "30", "33"], "probs": [[0.3775660153483184, 0.21856238271438533, 0.2363144641329137, 0.16755713770438255], [0.3631598867896653, 0.12950314290637083, 0.3866385134674242, 0.12069845673653962], [0.445351385349928, 0.12368757837239457, 0.2537956497743898, 0.1771653864032876], [0.28397702956357224, 0.11932744740747636, 0.4538873697818865, 0.14280815314706496]], "ideal": "A", "sampled": "B", "correct": false}}
{"type": "result", "data": {"idx": 20, "options": ["\u221212", "12", "8", "16"], "probs": [[0.19551128404968457, 0.22863556996403742, 0.4476155144376932, 0.1282376314485848], [0.5042959300879221, 0.21359229939255128, 0.19446366443883847, 0.0876481059806882], [0.41431354854860963, 0.18389855049352835, 0.21498939072441817, 0.18679851013344387], [0.2312418153280695, 0.07930803061800765, 0.5377656656631795, 0.15168448829074332]], "ideal": "C", "sampled": "B", "correct": false}}
{"type": "result", "data": {"idx": 21, "options": ["382", "397", "406", "447"], "probs": [[0.2194959404769976, 0.3619315677807135, 0.23369022059622335, 0.1848822710460655], [0.31792762734639923, 0.247629306973726, 0.16240952869306893, 0.2720335368868058], [0.2164385153402127, 0.10548626551850082, 0.451184984615142, 0.22689023442614448], [0.1874746708008133, 0.21919590559191862, 0.3671253675917034, 0.2262040559155647]], "ideal": "B", "sampled": "B", "correct": true}}
{"type": "result", "data": {"idx": 22, "options": ["\u22127", "\u22121", "1", "7"], "probs": [[0.44293958274271, 0.16302347303059256, 0.2951720378638082, 0.09886490626288924], [0.8511561870940371, 0.07558363998016888, 0.03406103509727923, 0.03919913772851486], [0.32809287795262165, 0.08430019145808312, 0.44863039919167297, 0.13897653129762225], [0.2870950188079979, 0.31062729089215396, 0.23076105803211786, 0.17151663216773028]], "ideal": "A", "sampled": "B", "correct": false}}
{"type": "result", "data": {"idx": 23, "options": ["53", "63", "73", "83"], "probs": [[0.1960615816470436, 0.2023166714170414, 0.3961182835213881, 0.20550346331452687], [0.28401985338440716, 0.25864278882177905, 0.27105533670076193, 0.18628202099305186], [0.2877624120353711, 0.2423672301040286, 0.23860385232577416, 0.23126650543482613], [0.20785942110692474, 0.07767951834972585, 0.5922469164843298, 0.12221414395901958]], "ideal": "C", "sampled": "B", "correct": false}}
{"type": "result", "data": {"idx": 24, "options": ["11.1", "5.7", "3.7", "22.68"], "probs": [[0.11784979830287143, 0.3464691755925532, 0.4735647490523061, 0.0621162769522693], [0.4000776052063334, 0.44642701075340907, 0.06136669871541078, 0.09212868522484674], [0.1884383913220792, 0.04075919212765774, 0.17160566660850804, 0.599196749841755], [0.08827662949046979, 0.08968143642001279, 0.6034494457997595, 0.218592488189758]], "ideal": "B", "sampled": "B", "correct": true}}
{"type": "result", "data": {"idx": 25, "options": ["32", "3.2", "3,200", "320"], "probs": [[0.08617090240367298, 0.6675458400577517, 0.13559835844773765, 0.1106848989908376], [0.1150467298085708, 0.058769437311797096, 0.23243398511025484, 0.5937498476693772], [0.06441168775576686, 0.05958066830921153, 0.4071698496224097, 0.4688377942126119], [0.05954249118437638, 0.06241077113771699, 0.8351485536788138, 0.04289818389909286]], "ideal": "A", "sampled": "B", "correct": false}}
{"type": "result", "data": {"idx": 26, "options": ["46.4", "456", "4.56", "45.6"], "probs": [[0.2571522150469294, 0.13343963821028254, 0.42410322567175024, 0.1853049209710378], [0.17537459729348243, 0.14543075858092352, 0.5403996705468511, 0.13879497347874287], [0.3197678184293303, 0.24911567942770085, 0.2651677906918096, 0.16594871135115927], [0.281626139279249, 0.32426643851534015, 0.20934006881617326, 0.18476735328923763]], "ideal": "D", "sampled": "D", "correct": true}}
{"type": "result", "data": {"idx": 27, "options": ["508", "508 r2", "578", "578 r2"], "probs": [[0.45470010282172063, 0.07423739466389992, 0.4013247668934026, 0.06973773552097685], [0.10851701752192226, 0.30922554092092325, 0.20921022477182113, 0.3730472166853333], [0.5077151059596655, 0.07547528295954307, 0.36574167009510916, 0.051067940885682235], [0.10419900559040497, 0.5723558578461875, 0.19168823669888624, 0.13175689976452135]], "ideal": "D", "sampled": "A", "correct": false}}
{"type": "result", "data": {"idx": 28, "options": ["100 \u2014 5d", "5d+ 100", "100 / 5d", "5d"], "probs": [[0.6214581542151146, 0.1030608235774446, 0.14310442973421192, 0.13237659237322882], [0.1705930372643005, 0.07337751840180044, 0.19637736795481528, 0.5596520762790838], [0.2623735587819237, 0.0980517685895927, 0.530162795426198, 0.10941187710228555], [0.22363808258493897, 0.4050540806717272, 0.16111523631609206, 0.21019260032724174]], "ideal": "A", "sampled": "A", "correct": true}}
{"type": "result", "data": {"idx": 29, "options": ["4t", "t over 4", "t \u2212 4", "t + 4"], "probs": [[0.2868725189371763, 0.16605020310038723, 0.2416046816586355, 0.30547259620380096], [0.04277196197388598, 0.015252695573625998, 0.08245597118340622, 0.8595193711690818], [0.03354862438240179, 0.02397925854913894, 0.9213096790254155, 0.021162437943043736], [0.07053824408335062, 0.7468101866271802, 0.08918519929373694, 0.09346636989573222]], "ideal": "A", "sampled": "A", "correct": true}}
{"type": "result", "data": {"idx": 30, "options": ["681,452", "462,017", "246,412", "125,655"], "probs": [[0.19168836385804636, 0.17184835973062013, 0.4122700822818857, 0.2241931940294478], [0.20239315641245825, 0.21214528154071335, 0.3086775128936552, 0.2767840490531732], [0.1995201095774917, 0.12293604668538223, 0.4291292396568588, 0.24841460398026727], [0.19611169395869846, 0.17858876286151276, 0.3442501425398853, 0.28104940053990346]], "ideal": "B", "sampled": "C", "correct": false}}
{"type": "result", "data": {"idx": 31, "options": ["15 remainder 7", "15 remainder 3", "16 remainder 5", "16 remainder 1"], "probs": [[0.17818779710573862, 0.23612029144428434, 0.3382089930968334, 0.24748291825314364], [0.20367525819403554, 0.19745965594253728, 0.42459649476032074, 0.17426859100310646], [0.22995411080460784, 0.2410553426095697, 0.29532956294217544, 0.233660983543647], [0.12719091229291257, 0.10546458552204321, 0.6360800143499883, 0.13126448773505595]], "ideal": "B", "sampled": "B", "correct": true}}
{"type": "result", "data": {"idx": 32, "options": ["17 over 2", "34 over 4", "17 over 4", "19 over 2"], "probs": [[0.16159098089496138, 0.09208238261140031, 0.6699742773991548, 0.07635235899448345], [0.21685636885213797, 0.19749087994833142, 0.31561120400815545, 0.2700415470913751], [0.23529532198795136, 0.10943618252619212, 0.5387472429519488, 0.11652125243390779], [0.1345381835513066, 0.08824424861069294, 0.4922443146420392, 0.2849732530959613]], "ideal": "A", "sampled": "C", "correct": false}}
{"type": "result", "data": {"idx": 33, "options": ["200,000 + 7,000 + 200 + 4", "200,000 + 7,000 + 200 + 40", "200,000 + 70,000 + 200 + 40", "200,000 + 70,000 + 2,000 + 40"], "probs": [[0.3362580983187126, 0.16389306645424565, 0.2499086744874249, 0.24994016063961683], [0.4199865193244037, 0.11129043333080946, 0.25080585664093197, 0.21791719060385492], [0.3268228470952321, 0.14731737969832673, 0.2505997717129924, 0.27526000139344875], [0.2707748513686655, 0.10940789837815645, 0.3531914484591543, 0.2666258016940237]], "ideal": "C", "sampled": "B", "correct": false}}
{"type": "result", "data": {"idx": 34, "options": ["220 parts", "770 parts", "4 parts", "110 parts"], "probs": [[0.23409522900695615, 0.054752267741550384, 0.2305191889924834, 0.48063331415901006], [0.15538884133864297, 0.04890209727406818, 0.6052358510625621, 0.19047321022472674], [0.14711981791098233, 0.1494628019561495, 0.5467488087651435, 0.15666857126772468], [0.5943427262410057, 0.14796933971264473, 0.17848350637807295, 0.07920442756827657]], "ideal": "D", "sampled": "D", "correct": true}}
{"type": "result", "data": {"idx": 35, "options": ["the mean would increase.", "the mean would decrease.", "the median would increase.", "the median would decrease."], "probs": [[0.38469207856223664, 0.2523140646609785, 0.2192332181001003, 0.14376063857668456], [0.27231159397752513, 0.22228118443827496, 0.28993695539410874, 0.21547026609009112], [0.31126311882099905, 0.1978683351954887, 0.31623304358289894, 0.17463550230061328], [0.21571668337462818, 0.3394529717984203, 0.2602621239085371, 0.18456822081841442]], "ideal": "A", "sampled": "A", "correct": true}}
{"type": "result", "data": {"idx": 36, "options": ["\u20137", "5", "7", "27"], "probs": [[0.34785340787806834, 0.13413330020755151, 0.40681092765484334, 0.11120236415953674], [0.45877796503040247, 0.22017748637975906, 0.114224985439269, 0.20681956305056945], [0.46524351137331565, 0.07655525092677765, 0.3248777340790935, 0.13332350352081324], [0.2683810889452536, 0.15535666046973198, 0.3393526374954379, 0.23690961298957655]], "ideal": "A", "sampled": "C", "correct": false}}
{"type": "result", "data": {"idx": 37, "options": ["3-p", "p+3", "3/p", "p-3"], "probs": [[0.08020955472772816, 0.07419424641497283, 0.035047520601364984, 0.810548678155934], [0.01799911975309551, 0.013067384961418781, 0.9527956682698543, 0.016137826915631377], [0.055015175468178384, 0.8476411513856846, 0.06742453900988807, 0.02991913403624895], [0.8757315081436307, 0.07302474811632659, 0.02771927540354529, 0.023524468236497457]], "ideal": "D", "sampled": "D", "correct": true}}
{"type": "result", "data": {"idx": 38, "options": ["30 \u00d7 10^1", "30 \u00d7 10^3", "(6 \u00d7 5) \u00d7 10^2", "(6 \u00d7 5) \u00d7 10^3"], "probs": [[0.20707021343022827, 0.13581588660586877, 0.38694160596224175, 0.2701722939016612], [0.23908523370186877, 0.16693376005414556, 0.3762236573519878, 0.21775734879199785], [0.31517980438835136, 0.15125209542347723, 0.3202251291021893, 0.21334297098598215], [0.2417431658524402, 0.1335227211211125, 0.2783089917367889, 0.34642512118965835]], "ideal": "C", "sampled": "C", "correct": true}}
{"type": "result", "data": {"idx": 39, "options": ["0", "3", "9", "12"], "probs": [[0.26670229034882637, 0.28844412728578084, 0.29756783992700603, 0.14728574233838676], [0.2814641212699247, 0.15068348791631764, 0.2728360809757839, 0.2950163097379738], [0.18913268759247756, 0.08660455663225428, 0.6059061197940664, 0.11835663588120171], [0.16878785945819114, 0.2167753375898489, 0.48091240882143194, 0.133524394030528]], "ideal": "C", "sampled": "A", "correct": false}}
{"type": "result", "data": {"idx": 40, "options": ["1850x", "2000 \u2212150x", "150x", "2000 +150x"], "probs": [[0.16066018158124404, 0.5879030428899967, 0.13746257693314415, 0.1139741984956151], [0.6729329773637285, 0.08164816288095693, 0.1389026333334524, 0.10651622632186217], [0.2101298366334938, 0.3806108704101797, 0.2237303356780049, 0.1855289571783216], [0.3611042933801381, 0.13080417523845528, 0.40932158782017714, 0.09876994346122944]], "ideal": "B", "sampled": "B", "correct": true}}
{"type": "result", "data": {"idx": 41, "options": ["w > 2.3", "w < 2.4", "w > 3.2", "w < 3.3"], "probs": [[0.3978383899625628, 0.1607437186829208, 0.20006582436552767, 0.2413520668889887], [0.16468322520819387, 0.16213827075138956, 0.3077043936496887, 0.36547411029072785], [0.2907472463928809, 0.1532153441390559, 0.2953577549353596, 0.2606796544327035], [0.1883020344694295, 0.3104909267564785, 0.22716360604984043, 0.27404343262425157]], "ideal": "D", "sampled": "A", "correct": false}}
{"type": "result", "data": {"idx": 42, "options": ["-6", "-5", "0", "5"], "probs": [[0.7669555262324325, 0.09904374587097212, 0.05059041662192552, 0.08341031117466984], [0.18979092930249256, 0.07092387598391776, 0.21508335696679876, 0.524201837646791], [0.09935745517077701, 0.1295991030682063, 0.5993319555069767, 0.17171148615403997], [0.19291230171871904, 0.603717478883208, 0.10327257498337664, 0.10009764431469624]], "ideal": "A", "sampled": "A", "correct": true}}
{"type": "result", "data": {"idx": 43, "options": ["156", "110", "94", "48"], "probs": [[0.3154369749363097, 0.20371275227508917, 0.3010545536103248, 0.17979571907827638], [0.2580710207008153, 0.20104168061640196, 0.3366603455600454, 0.20422695302273733], [0.27856171128348417, 0.19150343535415593, 0.34137970205707907, 0.18855515120528082], [0.3155398274481713, 0.22381035314317535, 0.3205830358964582, 0.14006678341219517]], "ideal": "C", "sampled": "A", "correct": false}}
{"type": "result", "data": {"idx": 44, "options": ["15, 17", "15, 19", "17, 19", "17, 21"], "probs": [[0.24811519668691923, 0.260110304336185, 0.3339667518977194, 0.15780774697917638], [0.2550269029030448, 0.18956927670774676, 0.3597392385877161, 0.1956645817014923], [0.2587434831564598, 0.17511715700437633, 0.3707167340123945, 0.19542262572676933], [0.2881541719079571, 0.19200164709547993, 0.3476731025375053, 0.17217107835905768]], "ideal": "D", "sampled": "B", "correct": false}}
{"type": "result", "data": {"idx": 45, "options": ["3 cans", "12 cans", "36 cans", "13 cans"], "probs": [[0.18331729420131992, 0.25856689386663695, 0.4196954792227511, 0.138420332609292], [0.327370646022087, 0.1698563856450961, 0.40748158396789774, 0.0952913842649192], [0.23088477033560578, 0.16374569763664268, 0.5204112412913251, 0.08495829063642649], [0.317478120295248, 0.2472926974049277, 0.3598072826502528, 0.07542189954957146]], "ideal": "B", "sampled": "A", "correct": false}}
{"type": "result", "data": {"idx": 46, "options": ["3.18, 3 and 1 over 8, 3.8,3", "3,3 and 1 over 8, 3.18, 3", "3.8, 3 and 1 over 8, 3.18, 3", "3.8, 3.18, 3 and 1 over 8, 3"], "probs": [[0.19108953291835565, 0.12152243857071658, 0.35162071699935354, 0.33576731141157423], [0.1756612605973875, 0.16515162093324132, 0.3037201373356803, 0.35546698103369084], [0.20640079415169424, 0.13333637315706443, 0.32998292621548814, 0.3302799063757532], [0.18342094258188538, 0.10958213439666739, 0.3946153550544301, 0.3123815678670172]], "ideal": "D", "sampled": "C", "correct": false}}
{"type": "result", "data": {"idx": 47, "options": ["10", "11", "20", "2"], "probs": [[0.4260680142523158, 0.376108830773604, 0.11650201850712577, 0.08132113636695444], [0.45201719476258395, 0.13156482772055136, 0.3107160375808307, 0.10570193983603397], [0.2592902779319872, 0.1263971924655402, 0.33824336525395643, 0.27606916424851613], [0.14924075597467254, 0.07331786740987661, 0.7233853174550341, 0.0540560590604167]], "ideal": "C", "sampled": "B", "correct": false}}
{"type": "result", "data": {"idx": 48, "options": ["800,000", "830,000", "836,000", "840,000"], "probs": [[0.17536550313659244, 0.3380774162715802, 0.3433949257623437, 0.14316215472948363], [0.24360869822450235, 0.3435997366561613, 0.307994812696175, 0.10479675232316138], [0.21842972418402606, 0.3437025104284433, 0.17014091475726587, 0.2677268505302648], [0.2029384192974506, 0.11745860866397763, 0.56924445302357, 0.1103585189150018]], "ideal": "D", "sampled": "B", "correct": false}}
{"type": "result", "data": {"idx": 49, "options": ["14", "\u22124", "45", "\u221245"], "probs": [[0.1846268069103539, 0.36167270749929425, 0.07461445944638491, 0.37908602604396696], [0.24053206499796687, 0.07811008963451799, 0.595568047503399, 0.08578979776411619], [0.19839375310325782, 0.6508892967911146, 0.07300211706033834, 0.07771483294528918], [0.5149475412293044, 0.1499200485484891, 0.13648455046964614, 0.1986478596525603]], "ideal": "D", "sampled": "D", "correct": true}}
{"type": "result", "data": {"idx": 50, "options": ["21 birds", "40 birds", "42 birds", "84 birds"], "probs": [[0.3728557963615253, 0.17342502523062717, 0.39697734996347583, 0.05674182834437166], [0.27134584217124164, 0.4914900691569891, 0.12042989643106375, 0.1167341921407055], [0.31970240233462016, 0.12919203358228365, 0.45804349516027626, 0.09306206882281995], [0.12610246226689284, 0.18933363980144688, 0.5393809032638825, 0.14518299456777775]], "ideal": "A", "sampled": "C", "correct": false}}
{"type": "result", "data": {"idx": 51, "options": ["78", "83", "131", "153"], "probs": [[0.2801794749244932, 0.19262868451082668, 0.343370889739194, 0.18382095072548613], [0.29324050065507884, 0.23940732652865862, 0.3221417511144787, 0.14521042160178385], [0.3217865920277493, 0.2392117005112481, 0.24678250390155432, 0.1922192034594483], [0.24394850066921694, 0.1285902242443982, 0.42826553536743556, 0.1991957396189493]], "ideal": "B", "sampled": "B", "correct": true}}
{"type": "result", "data": {"idx": 52, "options": ["Leslie spent 20 dollars and 8 cents at a store. How is the amount of money Leslie spent written as a fraction?", "Mr. Kramer\u2019s 8 grandchildren shared 20 crackers equally. How many crackers did each grandchild get?", "Mitch bought 20 containers of flowers at a plant store. Each container had 8 flowers in it. How many flowers did Mitch buy?", "Stamps are sold in booklets of 20 stamps. Donna used 8 stamps to send invitations for a party. How many booklets of stamps did Donna use to send her invitations?"], "probs": [[0.17838763391435086, 0.24386972586444378, 0.3180624700140671, 0.25968017010713823], [0.4075536672395412, 0.15230103743347637, 0.22863632310943216, 0.21150897211755032], [0.21926300368969992, 0.11555338765668083, 0.1707775868884007, 0.4944060216652186], [0.1881759147298587, 0.07723433578127137, 0.3102918585563677, 0.42429789083250224]], "ideal": "B", "sampled": "B", "correct": true}}
{"type": "result", "data": {"idx": 53, "options": ["120 miles", "80 miles", "26 miles", "12 miles"], "probs": [[0.9072885423338909, 0.03104721182910636, 0.032036358414908525, 0.029627887322094263], [0.8002237348856706, 0.039225334552930195, 0.08840137356971162, 0.07214955689168767], [0.13401357428839059, 0.05167023683060368, 0.6394809293262163, 0.17483525945478948], [0.12596254424869668, 0.5472880764440203, 0.2466674818348826, 0.08008189737240037]], "ideal": "A", "sampled": "A", "correct": true}}
{"type": "result", "data": {"idx": 54, "options": ["add 6 to both sides", "divide both sides by 6", "multiply both sides by 6", "subtract 6 from both sides"], "probs": [[0.08999317600331679, 0.09731694124936147, 0.7536603626293769, 0.05902952001794487], [0.5164572596033531, 0.31826096769964973, 0.055302165443135404, 0.1099796071538618], [0.5015165543753868, 0.13290949961431042, 0.12485742661596988, 0.24071651929433288], [0.058200317887375, 0.05217615433499859, 0.6766666551375229, 0.21295687254010354]], "ideal": "B", "sampled": "C", "correct": false}}
{"type": "result", "data": {"idx": 55, "options": ["7", "10", "21", "39"], "probs": [[0.21056505408073684, 0.20415184781441487, 0.39350559130829643, 0.19177750669655189], [0.18989576472709785, 0.16247265318850276, 0.4148920762949485, 0.23273950568945084], [0.18142900004233345, 0.08505769881543572, 0.35529336594436095, 0.3782199350978699], [0.13096217321925901, 0.08391957416590884, 0.5515706929172834, 0.2335475595975487]], "ideal": "A", "sampled": "B", "correct": false}}
{"type": "result", "data": {"idx": 56, "options": ["84 \u2212 11 = t; 73\u00b0F", "t \u2212 84 = 11; 95\u00b0F", "84 \u2212 t = 11; 73\u00b0F", "t \u2212 11 = 84; 95\u00b0F"], "probs": [[0.15029500849679256, 0.03683575354193106, 0.7285404284975501, 0.08432880936372629], [0.19145436297745716, 0.30128061319436916, 0.19148784588615747, 0.3157771778420162], [0.20569855619890318, 0.050414705440718424, 0.5861289856465436, 0.15775775261383482], [0.1883165389111076, 0.16110776363192236, 0.17693689463753398, 0.47363880271943604]], "ideal": "D", "sampled": "C", "correct": false}}
{"type": "result", "data": {"idx": 57, "options": ["72 \u00f7 9 = 8", "72 \u2013 9 = 63", "9 + 72 = 81", "9 \u00f7 72 = 0.125"], "probs": [[0.7284384287712382, 0.04805370738561804, 0.10999932761136161, 0.11350853613178216], [0.06088446303465588, 0.02104337332933223, 0.05048133372356827, 0.8675908298124436], [0.050659749887752535, 0.015211890520924785, 0.8981971185603574, 0.03593124093096528], [0.661493395429666, 0.1895644614428799, 0.06349426093405203, 0.0854478820934021]], "ideal": "A", "sampled": "A", "correct": true}}
{"type": "result", "data": {"idx": 58, "options": ["2 boxes", "4 boxes", "5 boxes", "6 boxes"], "probs": [[0.1962600662829422, 0.24049021480427987, 0.44232201901365276, 0.12092769979912515], [0.28866266341116265, 0.45420073104724956, 0.1863908413941781, 0.07074576404740968], [0.28349176468833215, 0.42562816176968543, 0.15903502938103323, 0.13184504406094918], [0.2945570923498975, 0.1962296649898334, 0.4089862375372979, 0.10022700502297112]], "ideal": "D", "sampled": "C", "correct": false}}
{"type": "result", "data": {"idx": 59, "options": ["14", "20", "40", "60"], "probs": [[0.04195140192364925, 0.037610123812107536, 0.7437637253615583, 0.1766747488026849], [0.27801875105756146, 0.2824425781218665, 0.2571676747889746, 0.18237099593159736], [0.2545186914922393, 0.2281995002428901, 0.2545805015097863, 0.2627013066550843], [0.20443920603711008, 0.08658222888732996, 0.30221263074580457, 0.40676593422975543]], "ideal": "B", "sampled": "C", "correct": false}}
{"type": "result", "data": {"idx": 60, "options": ["6 over 14", "8 over 49", "14 over 28", "6 over 7"], "probs": [[0.4004640265881497, 0.04709260520206117, 0.4263910932919497, 0.1260522748178394], [0.24273490498327835, 0.1427258316758227, 0.4396424787637151, 0.17489678447718382], [0.3805856108284881, 0.09183496235882797, 0.4664033650885525, 0.06117606162413142], [0.5385952912385272, 0.1592451726781132, 0.17217921745123557, 0.12998031853212402]], "ideal": "D", "sampled": "A", "correct": false}}
{"type": "result", "data": {"idx": 61, "options": ["5", "10", "15", "20"], "probs": [[0.02712117678891944, 0.9414308017588499, 0.020316228154973307, 0.01113179319725742], [0.4935155551043694, 0.15052696275927813, 0.2405475401352245, 0.115409941901128], [0.021361047181053885, 0.009406254529507095, 0.409458185967053, 0.559774512222386], [0.020479142828991038, 0.012519221645263054, 0.9565409224155825, 0.010460713010163354]], "ideal": "B", "sampled": "B", "correct": true}}
{"type": "result", "data": {"idx": 62, "options": ["125 push-ups", "279 push-ups", "1,395 push-ups", "1,406 push-ups"], "probs": [[0.1981717347900583, 0.34250047799500105, 0.3371825515886725, 0.12214523552626814], [0.4251580694324074, 0.2423015773911459, 0.2620084979126295, 0.0705318551638172], [0.9103997877045052, 0.04127701340741646, 0.028820240652508593, 0.019502958135569674], [0.9167088795437259, 0.02224636288582814, 0.0384426424255093, 0.02260211504493667]], "ideal": "C", "sampled": "C", "correct": true}}
{"type": "result", "data": {"idx": 63, "options": ["6 and 10", "5 and 12", "10 and 12", "12 and 15"], "probs": [[0.35210125585547947, 0.17709296412208111, 0.27006714728554065, 0.20073863263689876], [0.27689346255732084, 0.17331526913526105, 0.24065798160026952, 0.30913328660714856], [0.2324205189710893, 0.12059764562831346, 0.39551967378475833, 0.2514621615158389], [0.2015182762684089, 0.2393830048982429, 0.3376271027696135, 0.22147161596373463]], "ideal": "C", "sampled": "A", "correct": false}}
{"type": "result", "data": {"idx": 64, "options": ["\u22124", "\u22122", "10", "2"], "probs": [[0.3280000564127965, 0.44851256721777716, 0.09698127592945069, 0.12650610033997567], [0.14129257621820202, 0.12472093475766304, 0.5250947035352224, 0.2088917853889126], [0.14509039791510578, 0.1644569300444566, 0.5922515855379118, 0.09820108640252581], [0.19492995519182654, 0.5384504734359483, 0.21414185818965026, 0.05247771308257495]], "ideal": "D", "sampled": "A", "correct": false}}
{"type": "result", "data": {"idx": 65, "options": ["232", "236", "345", "460"], "probs": [[0.16194275786109188, 0.3650264874468876, 0.29789807057837586, 0.17513268401364465], [0.16130353989488766, 0.15155306908621016, 0.5126936587981387, 0.17444973212076353], [0.3151688073310636, 0.3628335702900917, 0.16099451960487102, 0.1610031026739736], [0.5485830510821365, 0.10803500964287688, 0.24346410642603644, 0.09991783274895019]], "ideal": "C", "sampled": "D", "correct": false}}
{"type": "result", "data": {"idx": 66, "options": ["50 and 400", "450 and 700", "750 and 1,000", "1,050 and 1,300"], "probs": [[0.27678565106115144, 0.36106744695066934, 0.19939005377459, 0.16275684811358923], [0.4342285627552476, 0.2436174415759395, 0.19575214092335386, 0.126401854645459], [0.23454931982937283, 0.1295449104368702, 0.14679641842534208, 0.48910935120841487], [0.33832462655049633, 0.13670437851399342, 0.3228831185305959, 0.2020878763049143]], "ideal": "D", "sampled": "B", "correct": false}}
{"type": "result", "data": {"idx": 67, "options": ["7", "12", "48", "56"], "probs": [[0.19158278118269934, 0.1613576984041847, 0.39316170817911367, 0.25389781213400225], [0.19121454161357399, 0.11242266584522835, 0.5890811392341663, 0.10728165320703135], [0.3841530084225832, 0.208888739326569, 0.24805088338755604, 0.1589073687632917], [0.2144064823172232, 0.09441273306808731, 0.5391045011374486, 0.15207628337724097]], "ideal": "A", "sampled": "D", "correct": false}}
{"type": "result", "data": {"idx": 68, "options": ["18 and 28", "180 and 280", "1,800 and 2,800", "18,000 and 28,000"], "probs": [[0.45425752750305753, 0.22141910097385614, 0.18356210661056363, 0.1407612648125227], [0.7663333390135157, 0.06696662059998061, 0.08334743851688292, 0.08335260176962075], [0.3371837091990671, 0.11119972996789815, 0.2585575176932281, 0.2930590430398066], [0.2509910351834077, 0.1386199382425833, 0.343114599113965, 0.267274427360044]], "ideal": "C", "sampled": "B", "correct": false}}
{"type": "result", "data": {"idx": 69, "options": ["7 \u2022 11^2 \u2022 13", "7^2 \u2022 11", "7 \u2022 11 \u2022 13", "7 \u2022 11"], "probs": [[0.1418883511902457, 0.06808545455610746, 0.6877946429527418, 0.10223155120090499], [0.2747008224652249, 0.16405654074143328, 0.4747802650064816, 0.08646237168686012], [0.34762682081084817, 0.21757569389443035, 0.24273842165747694, 0.19205906353724456], [0.24162831900087683, 0.16870449481707578, 0.23792235550885393, 0.35174483057319345]], "ideal": "D", "sampled": "C", "correct": false}}
{"type": "result", "data": {"idx": 70, "options": ["$20.93 ", "$28.93 ", "$32.93 ", "$48.93 "], "probs": [[0.22365913792664502, 0.3057559865000258, 0.34109734030072325, 0.12948753517260594], [0.2432239727961988, 0.34846012742431864, 0.2630288224246681, 0.14528707725481452], [0.22779780416909237, 0.36982459051005834, 0.19488072431517475, 0.2074968809056745], [0.16827174392627758, 0.11932906062717057, 0.596713937881748, 0.11568525746480383]], "ideal": "C", "sampled": "B", "correct": false}}
{"type": "result", "data": {"idx": 71, "options": ["160", "240", "320", "640"], "probs": [[0.191657113079083, 0.27034370275794106, 0.42529314880559943, 0.11270603525737649], [0.2670365412955857, 0.15701050383572404, 0.48364159002154916, 0.09231136474714109], [0.18612709639595332, 0.5303820371097425, 0.1472698747964455, 0.1362209915978586], [0.2637698509292196, 0.16001823006568933, 0.43497681225818646, 0.14123510664690456]], "ideal": "A", "sampled": "D", "correct": false}}
{"type": "result", "data": {"idx": 72, "options": ["0.021 repeating", "0.21 Repeating", "0.22 Repeating", "0.2121"], "probs": [[0.320508375158522, 0.28745658487738174, 0.2497206143660247, 0.1423144254980716], [0.45778747275774184, 0.1969729485637016, 0.1793426710775558, 0.16589690750100075], [0.31320163604465334, 0.1930327117250052, 0.26800909635724757, 0.2257565557730939], [0.16695758947487407, 0.19527422180717824, 0.4198897245089992, 0.2178784641089485]], "ideal": "B", "sampled": "B", "correct": true}}
{"type": "result", "data": {"idx": 73, "options": ["(40 \u00d7 10) + (6 \u00d7 2) = 400 + 12", "(40 \u00d7 6) + (10 \u00d7 2) = 240 + 20", "(40 \u00d7 12) + (6 \u00d7 12) = 480 + 72", "(40 \u00d7 12) + (60 \u00d7 12) = 480 + 720"], "probs": [[0.2846546002038347, 0.29374463676307533, 0.28918550708317503, 0.1324152558499149], [0.3988404215020075, 0.28732827714237735, 0.14223411896289542, 0.17159718229271972], [0.43081313367350194, 0.1443184763048812, 0.23062725362855624, 0.1942411362930606], [0.184279735921059, 0.11533186525931183, 0.45617517563163285, 0.2442132230879963]], "ideal": "C", "sampled": "B", "correct": false}}
{"type": "result", "data": {"idx": 74, "options": ["$649 ", "$6,049 ", "$6,409 ", "$6,490 "], "probs": [[0.21107805402188878, 0.5829150849866612, 0.09817406826748402, 0.10783279262396592], [0.5077604054896903, 0.20199954507715112, 0.13042154906876022, 0.1598185002643984], [0.657611623138253, 0.09623763179347825, 0.1336193710495882, 0.11253137391868048], [0.14911101756988962, 0.5455387234142266, 0.1716515421695719, 0.13369871674631184]], "ideal": "B", "sampled": "B", "correct": true}}
{"type": "result", "data": {"idx": 75, "options": ["SSSSS; AAA", "SSSSS; AAAA", "SSSSSSSS; AAAA", "SSSSSSSS; A"], "probs": [[0.2650478144462925, 0.23392367012063406, 0.2777911979011383, 0.22323731743193512], [0.20045725999258093, 0.16361455617699028, 0.3253944813879775, 0.31053370234245126], [0.2047984985862467, 0.21802305523292365, 0.3376898664586852, 0.2394885796221444], [0.20577626848143138, 0.2857235201485917, 0.2994343175931794, 0.2090658936767975]], "ideal": "D", "sampled": "A", "correct": false}}
{"type": "result", "data": {"idx": 76, "options": ["$2.82 ", "$2.97 ", "$6.47 ", "$12.77 "], "probs": [[0.7766694744025009, 0.07571764599852851, 0.10512832981940214, 0.04248454967956845], [0.7411547744221284, 0.10513241469598006, 0.08992784260374122, 0.06378496817815034], [0.5655304867096049, 0.15223232234771497, 0.1954750800503616, 0.08676211079231852], [0.45057514010782246, 0.1878521405182467, 0.2820142377341447, 0.07955848153978613]], "ideal": "A", "sampled": "A", "correct": true}}
{"type": "result", "data": {"idx": 77, "options": ["4 over 6", "10 over 12", "15 over 17", "5 over 6"], "probs": [[0.24863888320820648, 0.11747963725345742, 0.23002439735019703, 0.4038570820881391], [0.18285882879884688, 0.06521389778529411, 0.5904846918845826, 0.16144258143127635], [0.2656483729111256, 0.10569303051645706, 0.38664982871271514, 0.24200876775970223], [0.20976688278256597, 0.09310323137757817, 0.5528914414224185, 0.14423844431743735]], "ideal": "D", "sampled": "D", "correct": true}}
{"type": "result", "data": {"idx": 78, "options": ["3 over 2", "2 over 3", "2 over 12", "1 over 6"], "probs": [[0.12063218015720407, 0.7054129145440071, 0.11695224128273565, 0.0570026639160531], [0.26354061965525866, 0.15255875542965625, 0.4773706090560631, 0.10653001575902202], [0.20071769949697416, 0.3259182821496504, 0.2421878092912867, 0.23117620896208874], [0.0817574008562838, 0.0710448670672038, 0.8005981146265863, 0.04659961734992611]], "ideal": "D", "sampled": "B", "correct": false}}
