{"type": "result", "data": {"idx": 0, "options": ["It demonstrates the difference between the internal and the external aspect of a rule.", "It refutes the natural lawyer' view of the role of morality in law.", "It explains the nature of power-conferring rules.", "It illuminates the concept of a rule."], "probs": [[0.48420384254803167, 0.10309293918892634, 0.13237970178429717, 0.2803235163787448], [0.1753194007799633, 0.13028548462450779, 0.41410186265586535, 0.2802932518396636], [0.21549976833243834, 0.17866153321840797, 0.39026053500417784, 0.21557816334497584], [0.47334888378908385, 0.23433393156416296, 0.1234869948548051, 0.16883018969194807]], "ideal": "D", "sampled": "A", "correct": false}}
{"type": "result", "data": {"idx": 1, "options": ["It is misinterpreted as a prediction.", "His concept of status is misrepresented.", "It is taken literally.", "His idea is considered inapplicable to Western legal systems."], "probs": [[0.2342649032160352, 0.33559425661801323, 0.21000573901205058, 0.22013510105390097], [0.4224865591490094, 0.178889032402281, 0.24072556664504932, 0.15789884170366028], [0.2449173367511291, 0.19679864042219442, 0.23371285546041182, 0.32457116726626467], [0.23198113641859483, 0.15943602740851026, 0.4334402848811546, 0.17514255119174027]], "ideal": "A", "sampled": "B", "correct": false}}
{"type": "result", "data": {"idx": 2, "options": ["Depression of the 1930", "The rise of Fascism", "The international recognition of human rights after World War II", "The Bolshevik Revolution"], "probs": [[0.054222878074898236, 0.020263283976639863, 0.822528478483473, 0.10298535936498886], [0.11975277780657373, 0.6477636597736072, 0.15628219906492544, 0.07620136325489368], [0.8899902072025203, 0.023716056356341896, 0.04717801809593991, 0.039115718245197856], [0.026934343973999544, 0.007963146360952486, 0.02913138590130031, 0.9359711236637477]], "ideal": "C", "sampled": "C", "correct": true}}
{"type": "result", "data": {"idx": 3, "options": ["There is no distinction between the two forms of legal reasoning.", "Judges are appointed to interpret the law, not to make it.", "It is misleading to pigeon-hole judges in this way.", "Judicial reasoning is always formal."], "probs": [[0.28323484308375313, 0.18286893314884087, 0.3062583597073176, 0.22763786396008842], [0.20235983706240301, 0.2898894884991296, 0.255819774618217, 0.2519308997202504], [0.2757687866412006, 0.19555778799485615, 0.2890093326279594, 0.23966409263598384], [0.2123762016848232, 0.2332678243255323, 0.2684760809485097, 0.28587989294113475]], "ideal": "C", "sampled": "C", "correct": true}}
{"type": "result", "data": {"idx": 4, "options": ["The POP will choose wealth over a compassionate society.", "The POP will choose equality over power.", "The POP will be unselfish.", "The POP will choose to protect the disabled."], "probs": [[0.20622380383074074, 0.27752247863501395, 0.31942975993880784, 0.19682395749543746], [0.20815027378355971, 0.1430632365519761, 0.4916336384410855, 0.15715285112337868], [0.2042813568465074, 0.4258081253071774, 0.2107819883198064, 0.1591285294265088], [0.2084473051449799, 0.10158862085015827, 0.4847008188201893, 0.20526325508467255]], "ideal": "A", "sampled": "D", "correct": false}}
{"type": "result", "data": {"idx": 5, "options": ["Law and Economics", "Critical Legal Studies", "Historical", "Natural Law"], "probs": [[0.9847568678473592, 0.0033368990888799806, 0.004025225005413989, 0.007881007958346887], [0.0047688674519774064, 0.002984573794653575, 0.00905049115336426, 0.9831960675000048], [0.007263933722619469, 0.007733447422430638, 0.9368694954299212, 0.048133123325028754], [0.009592868351003621, 0.948663648314293, 0.019081275837147665, 0.022662207397555777]], "ideal": "A", "sampled": "A", "correct": true}}
{"type": "result", "data": {"idx": 6, "options": ["All commands include some sanction.", "The concept of a command contains the likelihood that a sanction will follow failure to obey the command.", "Without a sanction the mere expression of a wish is not a command.", "A command confers power to change one's legal status."], "probs": [[0.2417970890636099, 0.18831812965882921, 0.2826931644808581, 0.2871916166967028], [0.2167511828064763, 0.15858217291060525, 0.4178159125245187, 0.20685073165839973], [0.24068406221843952, 0.20911636946494347, 0.28582194444659176, 0.26437762377002527], [0.23040958776596948, 0.18227616765506965, 0.28675187913076994, 0.3005623653481909]], "ideal": "D", "sampled": "D", "correct": true}}
{"type": "result", "data": {"idx": 7, "options": ["By denying its existence.", "By explaining the difference between the common law and civil law.", "By distinguishing certain features of the English legal system that facilitated the development of capitalism.", "By recognizing the importance of legitimate domination."], "probs": [[0.04116448682946177, 0.025361787052863332, 0.81428544188557, 0.1191882841321049], [0.07817710818794749, 0.7419679053582673, 0.10522573283416195, 0.07462925351962325], [0.8677300906922568, 0.03261135182141755, 0.040589675756839874, 0.05906888162948574], [0.05672879770224039, 0.008173957689613348, 0.018711017684886488, 0.9163862268232598]], "ideal": "C", "sampled": "C", "correct": true}}
{"type": "result", "data": {"idx": 8, "options": ["It is a sin for humans not to apply reason.", "The principles of natural law are discoverable by reason.", "Natural law does not apply without good reason.", "The law of nature is the basis of all positive law."], "probs": [[0.10074456410386153, 0.7446990885846336, 0.07606625839554032, 0.07849008881596452], [0.7597888765618798, 0.058588310648684874, 0.08796744170135726, 0.09365537098807808], [0.07121794216888257, 0.034714029658296994, 0.05212103416000404, 0.8419469939128164], [0.07244111569827165, 0.03316699328252184, 0.8294202653628407, 0.06497162555636579]], "ideal": "B", "sampled": "B", "correct": true}}
{"type": "result", "data": {"idx": 9, "options": ["Women can achieve equality through political pressure.", "Equality is impossible because men define women as different.", "The idea of 'woman' needs to be redefined.", "The world is phallocentric and oppressive."], "probs": [[0.28271605297855384, 0.2614843430190113, 0.24564470740284597, 0.21015489649958885], [0.22583585831266453, 0.2024494530027985, 0.24805524931186923, 0.3236594392726677], [0.16680578637234567, 0.14721238392292993, 0.4065076349789551, 0.27947419462576933], [0.1911452732322944, 0.22002330897246752, 0.3355122210207841, 0.25331919667445396]], "ideal": "A", "sampled": "A", "correct": true}}
{"type": "result", "data": {"idx": 10, "options": ["John Rawls", "Stammler", "Jerome Hall", "John Finns"], "probs": [[0.26908937895853713, 0.2819907450987262, 0.26091787994034243, 0.18800199590239422], [0.4038904965099697, 0.23374775398044437, 0.16842788707163314, 0.19393386233795276], [0.3341016471051854, 0.1963865756792139, 0.2602857351042815, 0.20922604201131922], [0.27134767321862735, 0.22492802774897724, 0.2714339807352509, 0.23229031819714455]], "ideal": "B", "sampled": "B", "correct": true}}
{"type": "result", "data": {"idx": 11, "options": ["Historical", "Analytical", "Command", "Sociological"], "probs": [[0.01937566391641192, 0.0073552422890013095, 0.039143042121166, 0.9341260515734208], [0.00984219246901128, 0.010810766987228231, 0.9581776579782451, 0.021169382465515377], [0.01702623889440214, 0.8873369114390939, 0.050056022117569786, 0.0455808274489342], [0.8001880704570422, 0.05196373202850138, 0.0710362126684396, 0.0768119847460168]], "ideal": "D", "sampled": "D", "correct": true}}
{"type": "result", "data": {"idx": 12, "options": ["Conflict.", "Love.", "War.", "Reciprocity."], "probs": [[0.08904436296112261, 0.3522458996438841, 0.06936516663755599, 0.4893445706574373], [0.08991544148727879, 0.058054575125757825, 0.7892393645429991, 0.06279061874396424], [0.08487075598013596, 0.830988112124359, 0.04404008777014127, 0.040101044025363734], [0.8565770120089493, 0.050640901428560765, 0.05144379098150508, 0.04133829548098483]], "ideal": "D", "sampled": "D", "correct": true}}
{"type": "result", "data": {"idx": 13, "options": ["That there is no distinction between law and morality.", "That there is a distinction between right and wrong.", "That facts about the world or human nature cannot normally ordain what ought to be", "That human rights are fundamentally unsound."], "probs": [[0.19129700386706322, 0.5283794245078453, 0.1825750862602083, 0.0977484852648832], [0.40392424448491365, 0.3049553243524258, 0.13531423700546394, 0.1558061940571966], [0.10720817264401943, 0.035358717943527664, 0.10073393877032652, 0.7566991705421264], [0.08514785131349155, 0.07516435718050293, 0.555640656025229, 0.28404713538077647]], "ideal": "C", "sampled": "B", "correct": false}}
{"type": "result", "data": {"idx": 14, "options": ["Individual stories are suspect.", "The law is static.", "Universal values are meaningless.", "Literature reproduces repression."], "probs": [[0.04367539748192684, 0.027764218494139282, 0.8774826705552635, 0.051077713368670334], [0.056090058980118235, 0.786781340266367, 0.07549181115959452, 0.08163678949392018], [0.5666321599905126, 0.12643201836323065, 0.20845967839748752, 0.09847614314876915], [0.059263008468203725, 0.02321290926379091, 0.03222775398938404, 0.8852963281786214]], "ideal": "C", "sampled": "C", "correct": true}}
{"type": "result", "data": {"idx": 15, "options": ["Law as medium' describes law as a body of formal, general rules that control the state and the economy; 'law as institution' inhabits the 'lifeworld' and expresses its shared values and norms in institutional form.", "Law as medium' consists of the manner in which law is presented by the media; 'law as institution' describes the courts.", "Law as medium' concerns the manner in which the law expresses its rules in simplified terms; 'law as institution' refers to the formal declaration of laws by legislative bodies.", "Law as medium' is defined as the intermediate stage of legal development; 'law as institution' is the advanced stage."], "probs": [[0.9265711980309812, 0.014516658269885192, 0.026701472920781195, 0.03221067067835242], [0.02327038652716776, 0.009257787760202573, 0.02255800492902405, 0.9449138206836056], [0.048552708551091714, 0.02441693742314528, 0.8745128821000359, 0.05251747182572718], [0.03333539478145158, 0.8874548573561497, 0.04022104247755258, 0.03898870528484616]], "ideal": "A", "sampled": "A", "correct": true}}
{"type": "result", "data": {"idx": 16, "options": ["One is under a duty to obey the law without exception, regardless of its content.", "There is no duty to obey a law to which one hasn't agreed.", "The duty applies only to those who are directly affected by the law in question.", "The obligation arises independently of the precise legal provisions involved - unless there are grounds to justify a specific exception."], "probs": [[0.1040168836010258, 0.03324935535382497, 0.0565633094766304, 0.8061704514685188], [0.13596364124046592, 0.05324294342553214, 0.7015173826513049, 0.10927603258269702], [0.1595222192878776, 0.5928249910415578, 0.14301296960612792, 0.10463981996443665], [0.7499091419525361, 0.06252515641478372, 0.082838807841836, 0.10472689369084415]], "ideal": "D", "sampled": "D", "correct": true}}
{"type": "result", "data": {"idx": 17, "options": ["In hard cases judges generally decide cases on the basis of rights.", "The rights of the parties feature in the determination of most cases before the courts.", "Judges exercise strong discretion.", "Judges seek the best 'fit' with constitutional and institutional history."], "probs": [[0.20089054704357595, 0.20406640182082858, 0.35261477087234233, 0.24242828016325313], [0.17211684069948288, 0.41295118885228566, 0.2427529918084283, 0.17217897853980316], [0.3092603637079034, 0.3092800332403842, 0.2158968714275102, 0.16556273152420217], [0.25824665251036927, 0.21747512465104907, 0.23150108062392863, 0.292777142114653]], "ideal": "C", "sampled": "C", "correct": true}}
{"type": "result", "data": {"idx": 18, "options": ["misrepresentation", "fraud", "fraud and misrepresentation", "none of the above"], "probs": [[0.38728359914846094, 0.19474408318753805, 0.20732842692639036, 0.2106438906376106], [0.25632655618011685, 0.21927087006760385, 0.18465469775737528, 0.339747875894904], [0.22417740521573382, 0.14933282135423787, 0.42549389596498843, 0.20099587736503988], [0.23392356581250726, 0.3099260879754131, 0.17387273646832144, 0.2822776096437582]], "ideal": "D", "sampled": "A", "correct": false}}
{"type": "result", "data": {"idx": 19, "options": ["Morality", "Positive law", "Divine law", "Natural law"], "probs": [[0.044738048487080476, 0.6785399569838686, 0.06311637397657884, 0.21360562045247208], [0.8459270283230974, 0.02940351614297312, 0.04346463602041818, 0.08120481941351126], [0.017094817583900163, 0.010615479330538163, 0.02337029958562587, 0.9489194033999359], [0.02912374287168698, 0.029127851867253148, 0.7632212128371803, 0.17852719232387956]], "ideal": "B", "sampled": "B", "correct": true}}
{"type": "result", "data": {"idx": 20, "options": ["A positivist view of law.", "A morality of aspiration.", "An Aquinian concept of natural law.", "A rejection of the 'harm principle'."], "probs": [[0.16857102009246794, 0.6463628814061965, 0.08746985829581742, 0.09759624010551814], [0.858869144892515, 0.03278551659538027, 0.042101629544700425, 0.06624370886740427], [0.07432946492799025, 0.018216738305871012, 0.05611529893504612, 0.8513384977310926], [0.07964485523568529, 0.04197110066003224, 0.767754115015992, 0.1106299289882905]], "ideal": "B", "sampled": "B", "correct": true}}
{"type": "result", "data": {"idx": 21, "options": ["It both confers power and imposes duties on judges to decide cases.", "It is not a social rule.", "It applies only in the case of unitary constitutions.", "It fails to specify the source of authority."], "probs": [[0.29685098698367074, 0.2661140362567299, 0.19468915500115883, 0.24234582165844049], [0.18641728577576433, 0.11132041612615534, 0.3483273166440932, 0.3539349813539871], [0.1657243817878938, 0.391476005276633, 0.21617695687039584, 0.2266226559650773], [0.2939891481691891, 0.2594601445648023, 0.2475800586315821, 0.19897064853442642]], "ideal": "A", "sampled": "D", "correct": false}}
{"type": "result", "data": {"idx": 22, "options": ["nolo contendere", "stare decisis", "substantial performance", "commercial impracticability"], "probs": [[0.0064873482189963996, 0.948164716378778, 0.019678665634639873, 0.02566926966758572], [0.9686281154900142, 0.006577908918448679, 0.008124079682397506, 0.01666989580913959], [0.004932060993426012, 0.002922187185884078, 0.006534579881908438, 0.9856111718387814], [0.007085265336072931, 0.00731050711920673, 0.9428593223372863, 0.04274490510743398]], "ideal": "B", "sampled": "B", "correct": true}}
{"type": "result", "data": {"idx": 23, "options": ["Society has no right to preserve its moral and social cohesion through the criminal law.", "Homosexual acts cause public outrage.", "The courts are the best place to resolve moral questions such as those concerning homosexuality and prostitution.", "The law is anachronistic."], "probs": [[0.3034134028004142, 0.19287129085094482, 0.2185616958780061, 0.28515361037063486], [0.17253700154094584, 0.16724230596601905, 0.32745877392979317, 0.33276191846324193], [0.19401471648572569, 0.18226932391076558, 0.44420689672516867, 0.17950906277834003], [0.23079811148730955, 0.3519782809872149, 0.20369865274188503, 0.21352495468359053]], "ideal": "A", "sampled": "A", "correct": true}}
{"type": "result", "data": {"idx": 24, "options": ["Mechanical solidarity produces conflict in society. Organic solidarity leads to greater social harmony.", "Mechanical solidarity leads to repressive law. Organic solidarity leads to restitutive law.", "Mechanical solidarity fosters efficiency. Organic solidarity leads to inefficiency.", "Mechanical solidarity generates a more democratic legal system; organic solidarity a more authoritarian legal system."], "probs": [[0.3429160713806559, 0.2113111614969658, 0.14296936987400874, 0.30280339714836957], [0.14472881928545875, 0.07392534363520059, 0.3064438905856162, 0.47490194639372446], [0.13880512220369362, 0.0896255902083416, 0.523994807280316, 0.2475744802076488], [0.17899582054904997, 0.2564617135337089, 0.34511277590389194, 0.21942968991334919]], "ideal": "B", "sampled": "A", "correct": false}}
{"type": "result", "data": {"idx": 25, "options": ["There are fundamental differences between individual women.'", "Men and women have different conceptions of the feminist project.'", "Women look to context, whereas men appeal to neutral, abstract notions of justice.'", "Men are unable to comprehend their differences from women.'"], "probs": [[0.4669887403372087, 0.18005801318621195, 0.2348399153021526, 0.11811333107442676], [0.37622293545847746, 0.39433791935719076, 0.1428090025132466, 0.08663014257108514], [0.453128016741382, 0.16671461113685085, 0.16933858645263575, 0.21081878556913144], [0.17282183724138214, 0.1839987066799985, 0.2594753542204804, 0.38370410175813896]], "ideal": "C", "sampled": "C", "correct": true}}
{"type": "result", "data": {"idx": 26, "options": ["It is likely to generate more individual rights and greater liberty.", "It renders a community more genuine.", "It opens the door to authoritarianism.", "It improves the moral justification for the exercise of political power."], "probs": [[0.19956454632670798, 0.1817106902417624, 0.40952482815461944, 0.2091999351769102], [0.22073847053227796, 0.3583364486335999, 0.2462665587417384, 0.1746585219923837], [0.3794637208957377, 0.22306970584934344, 0.24885378033850208, 0.1486127928164168], [0.21595575116169066, 0.20607550701968405, 0.32931859315209994, 0.24865014856652531]], "ideal": "C", "sampled": "C", "correct": true}}
{"type": "result", "data": {"idx": 27, "options": ["Morality plays no role in the concept of law.", "Moral arguments operate only in hard cases.", "The law dictates what moral values should affect our ethical behaviour.", "Moral values are both independent and objective."], "probs": [[0.11810963335697248, 0.07746425097113505, 0.19475584784983463, 0.6096702677220579], [0.17608530948848972, 0.09877299589996999, 0.5596813600671995, 0.1654603344443408], [0.21359222488674756, 0.35219358344747576, 0.21029820409405686, 0.22391598747171984], [0.3815889073833028, 0.159069913679107, 0.2582131431579805, 0.20112803567960968]], "ideal": "D", "sampled": "D", "correct": true}}
{"type": "result", "data": {"idx": 28, "options": ["The ultimate source of a legal system's morality.", "The rule that distinguishes norms from habits of obedience.", "The constitution of a state.", "A presupposition that facilitates our understanding of the legal system."], "probs": [[0.1508398618210545, 0.3675930417499477, 0.11387147498769476, 0.36769562134130307], [0.2642738740098289, 0.08991333573415772, 0.542305632110676, 0.10350715804533749], [0.22192550033980882, 0.5324572999609118, 0.10004015414966339, 0.14557704544961594], [0.357584861201165, 0.0904094495503388, 0.40522497586411377, 0.14678071328438244]], "ideal": "D", "sampled": "D", "correct": true}}
{"type": "result", "data": {"idx": 29, "options": ["Both are concerned with the 'law in action.'", "Both are anti-formalist and sceptical", "Both adopt a liberal ideology.", "Both attempt to demystify the law."], "probs": [[0.19272163221217745, 0.18973374082137612, 0.4552102318664626, 0.16233439499998387], [0.19014655051714105, 0.5010659694170565, 0.16521486638324354, 0.14357261358255893], [0.45680433930391273, 0.22968566636572685, 0.16285642703159486, 0.15065356719876552], [0.2526073568482228, 0.24105690004755548, 0.26893202669905586, 0.23740371630516588]], "ideal": "C", "sampled": "C", "correct": true}}
{"type": "result", "data": {"idx": 30, "options": ["Principles are legislative, policies are precedents.", "Principles describe rights, policies describe duties.", "Principles are democratic, policies are autocratic.", "Principles describe rights, policies describe goals."], "probs": [[0.06228765853746564, 0.02852157662132986, 0.04852057090258632, 0.8606701938386182], [0.0535802698435915, 0.02453365221273087, 0.7515203518094907, 0.17036572603418687], [0.08281448482638958, 0.06760056316176564, 0.07541556655606471, 0.7741693853557801], [0.1417201799525215, 0.04747077963684482, 0.7087085457542692, 0.10210049455636448]], "ideal": "D", "sampled": "D", "correct": true}}
{"type": "result", "data": {"idx": 31, "options": ["quasi", "qualified", "collaborated", "codified"], "probs": [[0.11616223563944998, 0.01781805644344553, 0.033290111269232044, 0.8327295965478725], [0.02815909316138795, 0.013940827945605638, 0.8102976098038165, 0.14760246898918994], [0.05328282166793166, 0.8874978156803346, 0.032834311304471356, 0.026385051247262373], [0.9492886806692445, 0.00736235699032365, 0.03351748575177911, 0.009831476488652688]], "ideal": "D", "sampled": "D", "correct": true}}
{"type": "result", "data": {"idx": 32, "options": ["It regards morals and law as inseparable.", "It perceives law as commands.", "It regards a legal order as a closed logical system.", "It espouses the view that there is no necessary connection between morality and law."], "probs": [[0.3625295025878491, 0.17946694101685942, 0.2414931017586391, 0.21651045453665235], [0.25554728505440133, 0.18697109816588847, 0.267826080295483, 0.2896555363842272], [0.23281658836634467, 0.14798660354346446, 0.4349901312901184, 0.18420667670007249], [0.20844313810831755, 0.4145880998940147, 0.19582580319809376, 0.181142958699574]], "ideal": "A", "sampled": "A", "correct": true}}
{"type": "result", "data": {"idx": 33, "options": ["Happiness is less important than economic prosperity.", "It is impossible to calculate all the consequences of one's acts.", "Pain and pleasure are inevitable features of life.", "Utilitarianism fails to take account of differences in social background."], "probs": [[0.11062153345267273, 0.5982421591410665, 0.1512307066227459, 0.1399056006835149], [0.4815362845911964, 0.11617067108868136, 0.30134817056777097, 0.10094487365235125], [0.06688145298283597, 0.022759362205100938, 0.08195860377778821, 0.8284005809342748], [0.09213326801829144, 0.0415296625935505, 0.7363519016933809, 0.12998516759477705]], "ideal": "B", "sampled": "B", "correct": true}}
{"type": "result", "data": {"idx": 34, "options": ["Donny will be liable for battery, but not assault.", "Donny will be liable for assault, but not battery.", "Donny will be liable for assault and for battery.", "Donny will not be liable for either assault or battery because this is only a criminal matter."], "probs": [[0.27712843645210705, 0.21924277301153888, 0.31898627632605836, 0.18464251411029567], [0.25757268068598893, 0.38073810931213065, 0.1514215022174094, 0.21026770768447098], [0.20083408205314376, 0.09195268966792912, 0.32599646092668927, 0.3812167672522378], [0.21078835739752325, 0.20432140235528684, 0.24262579144533808, 0.3422644487018518]], "ideal": "B", "sampled": "C", "correct": false}}
{"type": "result", "data": {"idx": 35, "options": ["Because they are inconsistent with state control.", "Because they are an expression of a capitalist economy and are unnecessary in a socialist society.", "Because the concept of rights is philosophically unsound.", "Because Marx, Engels, and Lenin failed to provide a coherent analysis of rights."], "probs": [[0.361621444809357, 0.42282280951716444, 0.11029992415844968, 0.10525582141502889], [0.7593478189945182, 0.07287211932622198, 0.08388585846437169, 0.0838942031148881], [0.047510135914104655, 0.02141539379740184, 0.47997686262099337, 0.4510976075675001], [0.07725920984645929, 0.17141694680314173, 0.6370809436294773, 0.11424289962092161]], "ideal": "B", "sampled": "B", "correct": true}}
{"type": "result", "data": {"idx": 36, "options": ["Purely discussed jurisprudence only", "Defined law in according with morality and purity", "Separated law from religion, ethics, sociology and history", "Discussed law purely in terms of justice"], "probs": [[0.04740545031195455, 0.04453544971276789, 0.8151576263968078, 0.09290147347846976], [0.05221972452547391, 0.8047688309902775, 0.08094374994240583, 0.06206769444184272], [0.8213264849557476, 0.05168794782291602, 0.059524993672323064, 0.06746057344901338], [0.0670198318620888, 0.02883155876552982, 0.06011409765818363, 0.8440345116141977]], "ideal": "A", "sampled": "C", "correct": false}}
{"type": "result", "data": {"idx": 37, "options": ["It distinguishes social rules from mere group habits.", "It defines the judicial function.", "It illustrates the authority of the legislature.", "It stresses the relationship between law and justice."], "probs": [[0.7487633750199509, 0.07413689873637383, 0.06750718645012152, 0.10959253969355373], [0.06984607923191227, 0.021639157680472126, 0.05701260543373989, 0.8515021575538757], [0.08084859878913063, 0.06296576699653408, 0.7207468908471388, 0.13543874326719643], [0.13060528944891175, 0.6232095081536351, 0.11348702995147275, 0.13269817234598041]], "ideal": "A", "sampled": "A", "correct": true}}
{"type": "result", "data": {"idx": 38, "options": ["Criminal Law", "Civil Law.", "The Uniform Commercial Code.", "Stare decisis."], "probs": [[0.037071786264768675, 0.8709878790850494, 0.042030169929381765, 0.049910164620800224], [0.7952578300456393, 0.061319096815916484, 0.08929149246873293, 0.05413158056971122], [0.02427346315628871, 0.012399773400894291, 0.03702752750526404, 0.9262992358375529], [0.029918156123841168, 0.025592328065211657, 0.8885689161305528, 0.0559205995803944]], "ideal": "B", "sampled": "B", "correct": true}}
{"type": "result", "data": {"idx": 39, "options": ["He argues than an unequal society is inevitable.", "He claims that by giving priority to the needs of the poor, we can increase equality.", "He asserts that we are each responsible for our poverty.", "He rejects the idea of equality altogether."], "probs": [[0.24251041717303667, 0.0964633932785858, 0.18595733439393933, 0.4750688550544382], [0.18706662018415118, 0.09857084149837769, 0.533002571201745, 0.1813599670157261], [0.22910451203962387, 0.2438918726232577, 0.3083278742622599, 0.21867574097485856], [0.33202754446688265, 0.25858841885057565, 0.1982789902655085, 0.21110504631703322]], "ideal": "B", "sampled": "D", "correct": false}}
{"type": "result", "data": {"idx": 40, "options": ["That law is essentially an artefact or social construction.", "That legal systems are unrelated to social forces.", "That society is constantly in a state of flux.", "That legal positivism is a social theory."], "probs": [[0.9579000536182432, 0.011688290968237921, 0.013666155757222449, 0.016745499556296443], [0.016395388955589976, 0.004735401985836867, 0.009792758439256847, 0.9690764505193163], [0.02090722343673423, 0.01136916235446933, 0.9321375583796069, 0.035586055729189506], [0.028463599080149567, 0.9285277369423552, 0.022174992243311147, 0.020833671634184016]], "ideal": "A", "sampled": "A", "correct": true}}
{"type": "result", "data": {"idx": 41, "options": ["It can be remedied by redistribution of wealth.", "If each person's holdings are just, then the total distribution of holdings is just.", "Historical factors are secondary to moral imperatives.", "He has no answer."], "probs": [[0.06507789052023885, 0.7109258452423144, 0.14668855903968084, 0.07730770509776594], [0.5573844230007385, 0.15001500917938734, 0.16222294921708688, 0.13037761850278723], [0.05872673781984724, 0.01763400023327261, 0.04646269872775891, 0.8771765631191212], [0.05606087317524851, 0.03295617935088097, 0.8241187363937366, 0.08686421098013396]], "ideal": "B", "sampled": "B", "correct": true}}
{"type": "result", "data": {"idx": 42, "options": ["Historical", "Analytical", "Command", "Sociological"], "probs": [[0.014788401890103694, 0.959305443044588, 0.014563438119460516, 0.011342716845847846], [0.9156955139455789, 0.05086817733997795, 0.014126418551686913, 0.019309890062756203], [0.020865164367582283, 0.014797989434983809, 0.019300365375966303, 0.9450364807214676], [0.018877250156707638, 0.08594408855923064, 0.8681286487192464, 0.027050012464815337]], "ideal": "B", "sampled": "B", "correct": true}}
{"type": "result", "data": {"idx": 43, "options": ["When no-one would prefer another's bundle of resources to his or her own.", "By reference to the ownership of private property.", "By the amount of income tax paid by individuals.", "When the community determines that equality has been achieved."], "probs": [[0.7840328391013697, 0.03666875593002221, 0.07643450221626177, 0.10286390265234628], [0.032005055365118065, 0.011236198140730314, 0.020669221534066983, 0.9360895248600847], [0.04469569443237994, 0.02111445936297885, 0.8569362960770882, 0.07725355002755296], [0.0730469433954265, 0.7152690726860806, 0.08542486833467217, 0.12625911548382068]], "ideal": "A", "sampled": "A", "correct": true}}
{"type": "result", "data": {"idx": 44, "options": ["There is no relationship between law and morality.", "Law is always in advance of moral ideas.", "The law is inextricably bound up with morals.", "Morality is generally in advance of the law."], "probs": [[0.07196322109561962, 0.037334438548729754, 0.7738608745973099, 0.1168414656583407], [0.1198698005018557, 0.5994629591344028, 0.1828082718007025, 0.09785896846303901], [0.5928460866686015, 0.180813294916947, 0.1149349567933936, 0.1114056615210579], [0.061815609190983466, 0.015388779569694254, 0.041833160394507775, 0.8809624507448145]], "ideal": "C", "sampled": "C", "correct": true}}
{"type": "result", "data": {"idx": 45, "options": ["Because Aristotle justified slavery.", "Because Kant failed to distinguish individual from social morality?", "Because Aristotle believed that man is a 'social animal'", "Because Kant regarded the individual as unimportant."], "probs": [[0.05413318636075177, 0.021201602480627798, 0.8880106541219257, 0.036654556936694706], [0.2143624839812361, 0.6815913217341094, 0.0643803393123688, 0.039665854872285605], [0.9486884076894186, 0.012915213742277097, 0.016074792896402387, 0.022321585571901816], [0.028815191987651742, 0.008588932677701009, 0.07836047018475763, 0.8842354050498896]], "ideal": "C", "sampled": "C", "correct": true}}
{"type": "result", "data": {"idx": 46, "options": ["Punishment protects security.", "Punishment is a cost-effective method by which to prevent or reduce crime.", "Punishment protects personal safety.", "Punishment should fit the crime."], "probs": [[0.2570968934251858, 0.1442303081400728, 0.2415486208958517, 0.3571241774388897], [0.2636398751364722, 0.16758794090228107, 0.39582790119945177, 0.17294428266179496], [0.2692709049095923, 0.28222344163884094, 0.20326412327832227, 0.24524153007324445], [0.38560257614559734, 0.17932327778379245, 0.26920478329925307, 0.16586936267135713]], "ideal": "D", "sampled": "D", "correct": true}}
{"type": "result", "data": {"idx": 47, "options": ["Command", "Law and Economics", "Natural Law", "Critical Legal Studies"], "probs": [[0.6900466443677609, 0.05321047732054563, 0.1492409038743619, 0.10750197433733161], [0.12777654920564266, 0.28798276397673434, 0.08646918151757577, 0.49777150520004726], [0.14820801934822647, 0.11364394611536044, 0.49368769991352063, 0.24446033452289245], [0.1433406472062775, 0.34931400414788416, 0.06563416122733856, 0.4417111873184998]], "ideal": "A", "sampled": "A", "correct": true}}
{"type": "result", "data": {"idx": 48, "options": ["Deterrence.", "Rehabilitation.", "Vengeance.", "Desert."], "probs": [[0.29909262503810896, 0.19923360940659904, 0.17311427253413977, 0.3285594929211522], [0.17614384827700702, 0.08320679204798681, 0.22269723477605607, 0.5179521247989501], [0.15339990534441067, 0.09750690474090015, 0.44394684167554016, 0.30514634813914904], [0.2873997304331039, 0.2345638055994847, 0.2203722679283704, 0.257664195939041]], "ideal": "C", "sampled": "A", "correct": false}}
{"type": "result", "data": {"idx": 49, "options": ["The language of the law is generally unclear.", "Lawyers' arguments usually concern language.", "Judges are prey to linguistic misunderstanding.", "The rule of recognition cannot fully account for legal validity."], "probs": [[0.06528942371443057, 0.02291937388331656, 0.09065543232433684, 0.821135769977916], [0.11774620675786031, 0.08480978945859574, 0.5277934191845084, 0.2696505844990355], [0.23408320289869725, 0.3859646032391015, 0.21650099629226482, 0.16345119746993647], [0.35995758648961096, 0.2675031801046606, 0.16739921769015548, 0.20514001561557293]], "ideal": "D", "sampled": "D", "correct": true}}
{"type": "result", "data": {"idx": 50, "options": ["Legal fiction", "Equity", "Custom", "Legislation"], "probs": [[0.9522824747640994, 0.011988519338998709, 0.014018266207952651, 0.021710739588949163], [0.022334379770495322, 0.00834668951584538, 0.019106147280809973, 0.9502127833328493], [0.024655388987183658, 0.018612772467155272, 0.8831004614649194, 0.07363137698074167], [0.019976751130502745, 0.9047143963963918, 0.03618455880059697, 0.03912429357250843]], "ideal": "A", "sampled": "A", "correct": true}}
{"type": "result", "data": {"idx": 51, "options": ["We cannot objectively know what is morally right or wrong.", "Natural law is backward-looking.", "There is no such thing as a social contract.", "Natural law fails to protect the state against attacks."], "probs": [[0.730597360420242, 0.06284614511294706, 0.087264319785206, 0.11929217458160493], [0.05043699247502379, 0.017162570824038804, 0.03749015575360084, 0.8949102808473366], [0.04456357831776637, 0.021719506857811634, 0.8026628807426018, 0.1310540339818202], [0.0680851816111769, 0.7097023844953856, 0.08882608413229166, 0.1333863496611459]], "ideal": "A", "sampled": "A", "correct": true}}
{"type": "result", "data": {"idx": 52, "options": ["Because it attempts to give effect to personal choice over individual luck.", "Because liberty is more important than equality.", "Because a market economy is just.", "Because the state is the best arbiter of equality between individuals."], "probs": [[0.778636070132611, 0.061948506831268436, 0.07472836531700955, 0.084687057619111], [0.020271742176337808, 0.006430022712847157, 0.025630005883791326, 0.9476682291270238], [0.0412691607616758, 0.020432613785760396, 0.8827370790736592, 0.05556114627890459], [0.04311901772251547, 0.8664135627564615, 0.059881402720254454, 0.03058601670076855]], "ideal": "A", "sampled": "A", "correct": true}}
{"type": "result", "data": {"idx": 53, "options": ["Because they regard empiricism as a more reliable method by which to understand the concept of law.", "Because they have no interest in the operation of the legal system.", "Because their approach is based on Bentham's sceptical account of the common law.", "Because they prefer a natural law analysis of legal ideas."], "probs": [[0.8632846941191241, 0.03852965624946021, 0.04870666490445241, 0.04947898462696325], [0.020500238906403862, 0.00828464512338104, 0.013033201868150162, 0.958181914002065], [0.0382303350624395, 0.016444410208211916, 0.8704387058319664, 0.07488654879738221], [0.034686365306371474, 0.8948948295065531, 0.031099602064577243, 0.03931920302249816]], "ideal": "A", "sampled": "A", "correct": true}}
{"type": "result", "data": {"idx": 54, "options": ["Judges are under a duty to act justly.", "Since they also prop up the unjust system, lawyers should also resign.", "If a moral judge resigns, he or she may be replaced by a less moral judge.", "Judges do not make the law, hence they cannot be held responsible for applying unjust legislation."], "probs": [[0.16329390934054985, 0.10709566382524069, 0.25691139121217743, 0.472699035522032], [0.1468123684071439, 0.15875125237075055, 0.47397940795007554, 0.22045697117203], [0.2498354017386584, 0.35791256173325087, 0.19457730318611005, 0.19767473324198068], [0.28572354569233677, 0.14823758986319965, 0.25215355660826033, 0.31388530773620327]], "ideal": "D", "sampled": "D", "correct": true}}
{"type": "result", "data": {"idx": 55, "options": ["Its principal concern is with moral or political values.", "It is represented by the positivist view of law as developed by HLA Hart.", "It expresses the idea that law consists only of norms.", "It is preoccupied with the analysis of the application of legislation to moral issues."], "probs": [[0.6681284952284328, 0.08901761486836868, 0.08902197345766022, 0.15383191634553836], [0.11460923805851332, 0.037797591450082685, 0.08789194112459249, 0.7597012292668115], [0.14297594448185594, 0.0730249674476294, 0.5481925728709995, 0.23580651509951506], [0.21881465751833987, 0.43523916860334577, 0.14351698333951518, 0.20242919043879914]], "ideal": "A", "sampled": "A", "correct": true}}
{"type": "result", "data": {"idx": 56, "options": ["That legal positivism is unconcerned about the morality of the law.", "That validly enacted law should always be obeyed.", "That moral issues fall outside the official legal system.", "That there is no moral duty to obey an unjust law."], "probs": [[0.14866956513119314, 0.06701675552142217, 0.2569180333015437, 0.527395645945841], [0.10671042888387325, 0.09566140387729008, 0.5680566556494359, 0.22957151148940086], [0.22536123804109306, 0.322843238210129, 0.3129215976098897, 0.13887392603888826], [0.605429659278302, 0.1789759250645537, 0.10358288779257215, 0.11201152776457221]], "ideal": "D", "sampled": "D", "correct": true}}
{"type": "result", "data": {"idx": 57, "options": ["Law is politics.", "Law is determinate.", "Law reflects economic power.", "Law is unstable."], "probs": [[0.21339299100579223, 0.4885559452366427, 0.15133881792907716, 0.14671224572848793], [0.489292463984544, 0.16134838951164387, 0.1664801264441558, 0.18287901995965627], [0.19274565629628634, 0.09394142820928139, 0.1284088247581443, 0.5849040906362879], [0.1371260305673747, 0.1392949393147252, 0.5176284389816924, 0.20595059103620766]], "ideal": "B", "sampled": "B", "correct": true}}
{"type": "result", "data": {"idx": 58, "options": ["He denies that law develops independently of social and economic forces.", "He claims that law is economically immoral.", "He rejects a positivist account of law.", "He opposes any sociological analysis of the law."], "probs": [[0.4806321572400019, 0.16352965451455045, 0.1972683848381432, 0.1585698033073044], [0.053119130986437196, 0.030270280371840867, 0.0447404804935728, 0.8718701080481491], [0.06383941512182968, 0.0316047156303724, 0.7308886268268875, 0.17366724232091044], [0.07354313605500191, 0.6661256898971719, 0.11394550970750376, 0.14638566424032243]], "ideal": "A", "sampled": "A", "correct": true}}
{"type": "result", "data": {"idx": 59, "options": ["Ajax is a merchant selling Sipep.", "Ajax knew or should have known of the defective condition", "Ajax had prior notice of other similar problems with Sipep products.", "Ajax actually placed the dead insects into the can."], "probs": [[0.1911588580542549, 0.5037305279506593, 0.14659146744645796, 0.15851914644862786], [0.526868041351888, 0.07954979627864439, 0.10704904713864748, 0.28653311513082014], [0.08066297646072898, 0.037515601045543454, 0.13939417170263738, 0.7424272506910902], [0.08334899133995463, 0.06391198503922166, 0.6558128154939599, 0.19692620802686384]], "ideal": "A", "sampled": "B", "correct": false}}
{"type": "result", "data": {"idx": 60, "options": ["Historical", "Analytical", "Command", "Sociological"], "probs": [[0.7162107548687735, 0.11693157032147045, 0.0925134685176545, 0.07434420619210158], [0.00532175608405534, 0.009789675619065437, 0.45008207033666403, 0.5348064978602152], [0.007673756349770996, 0.0964634269888871, 0.8465805115164926, 0.04928230504484924], [0.017432917492197067, 0.8668892077309358, 0.0627947172651694, 0.052883157411697676]], "ideal": "A", "sampled": "A", "correct": true}}
