{"type": "result", "data": {"idx": 0, "options": ["paralysis of the facial muscles.", "paralysis of the facial muscles and loss of taste.", "paralysis of the facial muscles, loss of taste and lacrimation.", "paralysis of the facial muscles, loss of taste, lacrimation and decreased salivation."], "probs": [[0.33866275615072494, 0.2637792327654047, 0.33870218462470875, 0.0588558263591616], [0.2426312561168783, 0.161647865854303, 0.5554846259684967, 0.040236251960322066], [0.18271022352573713, 0.5991401448567044, 0.08236170252476668, 0.13578792899279177], [0.2904710309026288, 0.29050321740900575, 0.3848687492930797, 0.034157002295285725], [0.12249818306124645, 0.7622811708327165, 0.04650017939229024, 0.0687204666137468], [0.15271958252096104, 0.7636163602418116, 0.04958560542011299, 0.03407845171711445], [0.24769621702173933, 0.1650220676356369, 0.5163097611883937, 0.07097195405423011], [0.1993044473005623, 0.10669602492389055, 0.6639065170514766, 0.030093010624070493], [0.1492174356560165, 0.6089560155829404, 0.07272981540011138, 0.16909673326093172], [0.2589634430977491, 0.26307169335326525, 0.44751302653675845, 0.030451836912227203], [0.10101103224733347, 0.7945935277329308, 0.04018418192804688, 0.06421125799168882], [0.10414285956771835, 0.7817024587803197, 0.08239100127588336, 0.031763680276078544], [0.4464332922576016, 0.10772067009050762, 0.21422150144163704, 0.23162453611025377], [0.27077000422701814, 0.07064383984472271, 0.6395737909774015, 0.019012364850857694], [0.36228780574250435, 0.1353924632857559, 0.2413572925694608, 0.2609624383022789], [0.1826655610046551, 0.054852221713655204, 0.745490805897418, 0.016991411284271684], [0.24390654081716984, 0.6841225572429247, 0.04373487797139676, 0.028236023868508625], [0.21507998978311765, 0.6943499937801108, 0.04105284003424136, 0.049517176302530164], [0.5665388106733266, 0.10481318830395654, 0.21172477302818207, 0.11692322789453478], [0.5229110257563755, 0.09231005103771547, 0.35386011923671506, 0.030918803869194003], [0.5481869741185773, 0.1302222499187379, 0.18079287350732784, 0.1407979023553569], [0.3813630015343943, 0.08780353508204868, 0.5052820010667682, 0.025551462216788817], [0.6521153449360092, 0.1455232500884445, 0.12447110562271906, 0.07789029925282727], [0.6709181169631431, 0.11659985208239203, 0.14285925242156594, 0.06962277843289894]], "ideal": "A", "sampled": "D", "correct": false}}
{"type": "result", "data": {"idx": 1, "options": ["a protruding mandible due to reactivation of the condylar cartilage by acromegaly.", "a recessive maxilla due to failure of elongation of the cranial base.", "an enlarged frontal bone due to hydrocephaly.", "defective development of the maxillary air sinus."], "probs": [[0.08153651973716912, 0.7616347868616432, 0.05692575574484218, 0.09990293755634548], [0.07924883996004135, 0.7637612278313735, 0.10336626333470002, 0.05362366877388523], [0.1496292993166216, 0.2709594747439112, 0.3167920802750916, 0.2626191455643756], [0.1306363719950438, 0.2023456515077455, 0.4151991256774984, 0.25181885071971233], [0.09465751619700892, 0.6172671202461971, 0.2306614325959275, 0.05741393086086643], [0.06428560566046512, 0.808042520143927, 0.06134486152106361, 0.06632701257454426], [0.744311576592338, 0.10073932334324139, 0.0714365770703388, 0.08351252289408174], [0.6893929812762933, 0.1008875515178005, 0.168958797404564, 0.04076066970134217], [0.7289415408468087, 0.14810513786078022, 0.04243390126291455, 0.08051941992949646], [0.7333210391816612, 0.1444107977129494, 0.09470825980720188, 0.027559903198187453], [0.727905587657891, 0.21518311383322777, 0.03458377795880406, 0.022327520450077104], [0.7357603797212543, 0.19194772551602327, 0.050073380762198305, 0.02221851390052408], [0.32439042664545437, 0.20621207922667112, 0.2566441480568833, 0.21275334597099124], [0.29515440050135927, 0.16818842527164787, 0.3972282411335862, 0.1394289329934067], [0.09598525934402179, 0.7912624742840304, 0.03317530936631278, 0.07957695690563502], [0.12316646104502882, 0.7907483370733825, 0.05728323980226977, 0.028801961979318856], [0.1913492593864813, 0.6784352356216519, 0.06510992801537023, 0.06510557687649657], [0.23885339384610668, 0.5467751255011944, 0.17476429361682916, 0.039607186935869745], [0.5093203007853577, 0.1370898299377273, 0.2857274646995004, 0.06786240447741461], [0.6022684259417468, 0.1430590077986333, 0.13231068158186512, 0.12236188457775485], [0.20233556930592614, 0.7401540491903681, 0.030550885627506175, 0.02695949577619959], [0.1914598122432402, 0.7455376677518064, 0.040135344193666204, 0.02286717571128722], [0.5307816862529215, 0.2546859681351607, 0.0997391566534439, 0.11479318885847384], [0.4796763896703571, 0.24120999563233986, 0.2337931518176985, 0.04532046277960458]], "ideal": "B", "sampled": "B", "correct": true}}
{"type": "result", "data": {"idx": 2, "options": ["Bladder", "Kidney", "Ureter", "Urethra"], "probs": [[0.9726336151759126, 0.023237127182293038, 0.002954240338825762, 0.0011750172029685742], [0.9741947659716393, 0.022914043638439206, 0.0021313200444295147, 0.0007598702454919165], [0.9683671127421274, 0.009796104525208163, 0.020737795437193784, 0.0010989871954706603], [0.9788626847438118, 0.011759653469998538, 0.006913008971815737, 0.0024646527143739804], [0.9804872602368413, 0.013140410756908399, 0.004987499540280653, 0.0013848293659696786], [0.9788969999161922, 0.013535720526442706, 0.004902257073397598, 0.002665022383967564], [0.0893096320975064, 0.9020506231303036, 0.006571894544087121, 0.0020678501281028165], [0.1508795597431121, 0.8415954588682425, 0.0064257210132831685, 0.001099260275362291], [0.09164660576712193, 0.019211437873303025, 0.8832830337847144, 0.005858922474860686], [0.909097923383073, 0.03260314140296497, 0.017726142221796276, 0.040572792892165685], [0.13891290890141014, 0.018801163050578776, 0.8378204566812577, 0.004465471266753346], [0.8051675047372985, 0.03707714143653703, 0.022139789994915053, 0.13561556373124947], [0.009171574308618402, 0.9652573606762125, 0.024164547373702636, 0.001406517541466503], [0.007385561068282988, 0.9825979835203804, 0.006416990735830706, 0.003599464575505843], [0.017783478993736324, 0.03706579137813516, 0.9411201458544262, 0.004030583673702313], [0.01237660457978289, 0.9679980989246739, 0.006032203767352174, 0.01359309262819101], [0.010773320599214958, 0.010442771896867783, 0.9698523561849957, 0.008931551218921606], [0.008049704397760312, 0.031346117338938446, 0.0865438583198041, 0.8740603198434972], [0.015742781625140177, 0.9740222705513358, 0.006986206368610487, 0.0032487413549134743], [0.01475986533365926, 0.972116095862791, 0.005346032232534492, 0.007778006471015255], [0.017218093700012763, 0.0090740142852777, 0.969984138898048, 0.003723753016661549], [0.009482225429083512, 0.017171589528465345, 0.006122383441423268, 0.9672238015010278], [0.01617435039921492, 0.008007631867543585, 0.9699599425910129, 0.005858075042228512], [0.010360948161436815, 0.018185674126173258, 0.02409053086487711, 0.9473628467475128]], "ideal": "A", "sampled": "A", "correct": true}}
{"type": "result", "data": {"idx": 3, "options": ["Motor neurons", "Skeletal muscles", "Melanocytes", "Sweat glands"], "probs": [[0.024304806276539966, 0.9558544670243254, 0.014067665440881479, 0.0057730611582531], [0.02543540709990316, 0.9545039186024882, 0.015428416863123875, 0.0046322573344847765], [0.05515849114480203, 0.037326160119351866, 0.8765730097651654, 0.03094233887068072], [0.062369529143863345, 0.062375862137747574, 0.6919294411402092, 0.18332516747817987], [0.05402082939045436, 0.02983603453728451, 0.8996670848498391, 0.016476051122421936], [0.08231770623467052, 0.10245546984592115, 0.10406685154290593, 0.7111599722765024], [0.6135340743778046, 0.08567987211025412, 0.1527490271083346, 0.1480370263036066], [0.6669253358436474, 0.08348369907210475, 0.16345957557550858, 0.0861313894087392], [0.5590116810534175, 0.17869124772277964, 0.11182821952690325, 0.1504688515968996], [0.4535212915724279, 0.14050923600526025, 0.3166582654843083, 0.08931120683800359], [0.6552425064843749, 0.11749016885306886, 0.1439571817927897, 0.08331014276976649], [0.5950538141077936, 0.10837964371177235, 0.1678663852593218, 0.12870015682111233], [0.15249676887286048, 0.06066575600594284, 0.6943376607920461, 0.09249981422915067], [0.12547792072344735, 0.04914215414375612, 0.7335724583944536, 0.0918074666383429], [0.24913948034481959, 0.5112369198970144, 0.07365291651469803, 0.16597068314346805], [0.24712586417552992, 0.2285715950158194, 0.45459234980612817, 0.06971019090252249], [0.08902731271606568, 0.7935382486521924, 0.044769539090402106, 0.0726648994413399], [0.09979764968967991, 0.6508023156347669, 0.21799548999315674, 0.03140454458239645], [0.07348835084285736, 0.03160966022542209, 0.8678664111590894, 0.027035577672631227], [0.14728928049788056, 0.09967047272133929, 0.32681266444075296, 0.42622758224002716], [0.07625113199630415, 0.859164152680426, 0.032797670873769474, 0.031787044349500415], [0.07898721215810087, 0.8231084468600848, 0.06548702813755798, 0.03241731274425631], [0.1498710252290831, 0.39488539133851247, 0.17523239735755397, 0.2800111859748505], [0.15298592130883998, 0.15785669337978764, 0.6243754252539305, 0.06478195995744192]], "ideal": "C", "sampled": "B", "correct": false}}
{"type": "result", "data": {"idx": 4, "options": ["Afferent arteriole", "Glomerulus", "Loop of Henle", "Renal pelvis"], "probs": [[0.08158465581352187, 0.9049900292286758, 0.012127064326771209, 0.0012982505310311823], [0.07953554913282036, 0.9102730155703684, 0.0065291775014306875, 0.0036622576953805382], [0.18315295438276022, 0.09652424373502617, 0.7132212349551516, 0.007101566827062071], [0.12122601924286464, 0.1631375788193781, 0.018019310238943608, 0.6976170915988137], [0.055937170794432695, 0.007571329337253591, 0.9315268962081837, 0.004964603560129941], [0.07582755145963405, 0.022069231837314043, 0.36746077562391555, 0.5346424409791364], [0.985823270962221, 0.007295792926965886, 0.005862294325791393, 0.0010186416850217152], [0.9836228117883768, 0.010591713311055986, 0.003230325755500191, 0.0025551490450670075], [0.9872342049008889, 0.007306261256971945, 0.0045012371258543555, 0.0009582966162848824], [0.9875460859202074, 0.008412152017704538, 0.0026470111471872575, 0.0013947508149008202], [0.9778990778231349, 0.005999883756845207, 0.013520764339380917, 0.0025802739806389686], [0.9838687124365587, 0.004850469967136212, 0.00949659938068468, 0.0017842181156203943], [0.8508592995447283, 0.0300417675771148, 0.11515867853420687, 0.003940254243950062], [0.8251683373041371, 0.0561591661749097, 0.013762149394478394, 0.10491034702647484], [0.8484443541834626, 0.1363676208972745, 0.012487601659122183, 0.002700423160140669], [0.8420273217643804, 0.14863840013974242, 0.0059464328133658935, 0.0033878451825112236], [0.8060108737702593, 0.027155927510590396, 0.07497596288187425, 0.09185723573727608], [0.5514356357303873, 0.020404835657291953, 0.42283727670964816, 0.005322251802672497], [0.02892556078904494, 0.00882277276606437, 0.9579523925748413, 0.004299273770049402], [0.02535954289615134, 0.024968270070393973, 0.26425483672516126, 0.6854173502082934], [0.006870542286379687, 0.9883293129852805, 0.003509227474919686, 0.0012909171534201058], [0.007205156018893203, 0.9889975018774657, 0.0031477866614497787, 0.0006495553421913467], [0.03921571841034539, 0.043750908849978086, 0.05195295814983246, 0.8650804144898441], [0.043271733361755126, 0.012993906039417557, 0.9398333603070365, 0.0039010001917908657]], "ideal": "B", "sampled": "B", "correct": true}}
{"type": "result", "data": {"idx": 5, "options": ["They will be unable to breathe without life support.", "They will only be able to breathe quietly.", "It is impossible to predict an effect on breathing.", "Breathing will be unaffected."], "probs": [[0.2745180982893652, 0.23853778481276952, 0.08115808544005859, 0.40578603135780666], [0.23058907728308703, 0.129374042381399, 0.6172004352958216, 0.02283644493969236], [0.15370107268126623, 0.08489100950446471, 0.10400800048294687, 0.6573999172313222], [0.19108846888506117, 0.0725416470574781, 0.7100966015684731, 0.026273282388987598], [0.1169475345645532, 0.8508305812010154, 0.01969965656334459, 0.012522227571086845], [0.11862821561634801, 0.8496857593269184, 0.021946770002662683, 0.009739254954070969], [0.053278387480685724, 0.7830077540223158, 0.02764367917051353, 0.1360701792264849], [0.07054542342071328, 0.6095067506145091, 0.29704035590552114, 0.022907469959256417], [0.09560355400673838, 0.09267787496298811, 0.493237607232516, 0.3184809636977575], [0.06570316654671342, 0.0721733474011564, 0.7520681990804755, 0.11005528687165465], [0.0540064728281263, 0.6085702248266879, 0.3206892645115381, 0.016734037733647646], [0.039567396744363895, 0.9006600883315924, 0.030818990869013206, 0.02895352395503053], [0.04422098836189846, 0.7717398519301533, 0.0390283433909182, 0.14501081621703008], [0.05404440917163488, 0.6900684652887168, 0.2311401157670266, 0.024747009672621768], [0.06024813660458121, 0.2700517646358566, 0.5205513568051146, 0.1491487418544476], [0.04779447755734927, 0.22450945181902682, 0.591516346836124, 0.13617972368749992], [0.042915542153994075, 0.37077707462898735, 0.5228738842702876, 0.06343349884673102], [0.0282855941800607, 0.4637311320780282, 0.0987329913416922, 0.4092502823002189], [0.016396658256734926, 0.9680640556766298, 0.007164031628694644, 0.008375254337940619], [0.01593868678426126, 0.9708991402395227, 0.007298133600357528, 0.005864039275858444], [0.05142619106935609, 0.23783041623028445, 0.6775335694080076, 0.033209823192351884], [0.025861498238858076, 0.7921449650389853, 0.05064028562261135, 0.1313532509995452], [0.06805058517333906, 0.12518909479029958, 0.7092638558239979, 0.09749646411236346], [0.041111863839152024, 0.10665234097775962, 0.08841437779664207, 0.7638214172864463]], "ideal": "B", "sampled": "A", "correct": false}}
{"type": "result", "data": {"idx": 6, "options": ["Epigastric", "Hypochondriac", "Hypogastric", "Lumbar"], "probs": [[0.32426783188108727, 0.5431004220898634, 0.12118323428591897, 0.011448511643130313], [0.456718602324864, 0.48621962185652134, 0.02786372658221221, 0.029198049136402483], [0.43219976001268695, 0.12003510824246798, 0.42556278260745123, 0.02220234903739384], [0.5579853265169075, 0.24001784024289052, 0.07552650106414263, 0.12647033207605932], [0.33543194817681776, 0.06205631514511409, 0.5618175016459406, 0.04069423493212761], [0.5130442609740764, 0.07164624652948871, 0.32615135574736154, 0.08915813664907336], [0.27494365281406974, 0.5642072024847429, 0.1495004014838043, 0.01134874311738308], [0.3436402946979614, 0.6031662696983685, 0.019695060003800596, 0.0334983754998694], [0.2224127066548073, 0.27683021646275413, 0.48585552521474906, 0.014901551567689497], [0.176757872086969, 0.62671649449757, 0.05225579440071162, 0.14426983891474934], [0.165044140705276, 0.0552900385933579, 0.7170197233395801, 0.06264609726178598], [0.20907982558663543, 0.08716720081985935, 0.42239348817435485, 0.28135948531915034], [0.2044259171975827, 0.16428274006401813, 0.6104065213323545, 0.020884821306044642], [0.25678127044921506, 0.502802114779062, 0.06392635911338179, 0.17649025555834108], [0.15598561943153572, 0.5115054601770654, 0.32009809431888975, 0.012410825972509122], [0.15846666824449906, 0.6366673161818136, 0.05830342194980467, 0.14656259352388265], [0.13519212702943093, 0.07584514524658895, 0.6974824122199488, 0.09148031540403133], [0.12786083840667345, 0.08788841569043612, 0.639356882536988, 0.14489386326590245], [0.059208066368292935, 0.35156235750159104, 0.5445352893622935, 0.0446942866678226], [0.05327868073279435, 0.489977064752707, 0.3816067831914068, 0.0751374712230918], [0.04942773208380586, 0.3710007611887082, 0.5151033920264215, 0.06446811460106443], [0.03827541691859585, 0.5284097109901461, 0.2535389311060545, 0.1797759408852035], [0.05974902384227108, 0.20532923246370682, 0.6628474966309196, 0.07207424696310255], [0.0471427937177348, 0.34836671661293367, 0.4615257204260344, 0.14296476914329717]], "ideal": "A", "sampled": "A", "correct": true}}
{"type": "result", "data": {"idx": 7, "options": ["Hair in the nose", "Mucous membranes", "Osteoblasts", "Saliva"], "probs": [[0.00860286670178604, 0.9789644846886139, 0.007132541687153845, 0.005300106822446207], [0.007351422828870116, 0.9780261115380997, 0.010367780199082608, 0.0042546853339475495], [0.028272520681583587, 0.0133558810458696, 0.9363523657105111, 0.022019232462035705], [0.00385518086375429, 0.005187906858266903, 0.06222178682272976, 0.928735125355249], [0.0332242312538096, 0.020792457429756533, 0.9122348087026338, 0.03374850251379999], [0.005195538783811317, 0.010172773682124011, 0.009860077454806883, 0.9747716099792578], [0.9072587079017194, 0.021007316615344326, 0.05039646579261028, 0.021337509590325984], [0.8875483653805452, 0.028531919521656544, 0.06634218529296768, 0.0175775297048306], [0.9038876395203149, 0.015553350732634011, 0.06548462880662101, 0.015074380840430009], [0.8805047663793316, 0.017168489814684076, 0.08996124355244393, 0.012365500153540411], [0.8835613549224669, 0.027529885442214803, 0.07141020268180719, 0.01749855685351115], [0.9289879599899955, 0.018399079185335017, 0.03956673090888297, 0.013046229815786466], [0.02167950742497633, 0.01490080439866931, 0.9364383158687339, 0.026981372207620452], [0.002304263226567122, 0.005884288463137535, 0.017567310836354957, 0.9742441373739403], [0.006557499827389486, 0.9732456156280321, 0.011509410523762845, 0.008687473920815534], [0.009481885200481191, 0.9672046382320068, 0.01799454106731194, 0.005318935400200112], [0.004606373543495556, 0.014412482472612417, 0.01685001879670976, 0.9641311250871822], [0.03654952983045072, 0.0289143836792885, 0.9137100304133912, 0.020826055976869564], [0.055571721653606895, 0.025444540176062198, 0.8831022647964647, 0.035881473273866184], [0.015330868671683389, 0.020311122625732096, 0.015818996250227535, 0.9485390123523569], [0.016621596085544477, 0.9660685439363402, 0.012547546241618262, 0.004762313636497017], [0.021344250686180323, 0.9661499890609515, 0.009180852608020347, 0.0033249075448478285], [0.012126290266024627, 0.008465973028739105, 0.030967494025151587, 0.9484402425800846], [0.06773852354389977, 0.021652058982112667, 0.8923769922443833, 0.01823242512960425]], "ideal": "B", "sampled": "B", "correct": true}}
{"type": "result", "data": {"idx": 8, "options": ["six weeks post-fertilization.", "eight weeks post-fertilization.", "ten weeks post-fertilization.", "twelve weeks post-fertilization."], "probs": [[0.019144828362235754, 0.7529086077178596, 0.18741554532629054, 0.04053101849361414], [0.01985022361202478, 0.6782453476370935, 0.21011325516264337, 0.09179117348823831], [0.03013712963017857, 0.08321622152715616, 0.8671873356367075, 0.019459313105957776], [0.029656642729032446, 0.4030703814035859, 0.4938686151091137, 0.07340436065826794], [0.03095655542561893, 0.08156490887240068, 0.8633677957547022, 0.024110739847278108], [0.0369829550656675, 0.2265606536304498, 0.6764230324293445, 0.06003335877453816], [0.021286926923572282, 0.811393847853086, 0.15245793587913245, 0.01486128924420924], [0.020907624190879395, 0.7845827424851843, 0.16968000317381743, 0.02482963005011886], [0.030850649255363342, 0.4605063832086058, 0.46777064021293396, 0.040872327223096874], [0.025079293728681916, 0.6570156469350469, 0.27388809680273574, 0.044016962433535436], [0.03692238212412418, 0.36144612330962633, 0.5511618564610886, 0.050469638005160855], [0.04293046971224227, 0.254902725173798, 0.6611999395797057, 0.040966865434254075], [0.019750277387808577, 0.6540603905063384, 0.313829256011909, 0.012360075993944137], [0.018903356430906904, 0.767008439443846, 0.19092627258959918, 0.023161931435647886], [0.020786648726096583, 0.8048029113593342, 0.15122027640066207, 0.023190163413907068], [0.020073030927136516, 0.7894118736223655, 0.16038066774491902, 0.030134427605578953], [0.03193569615044152, 0.46203614137239013, 0.4340565583058863, 0.07197160407128203], [0.04162055082600533, 0.21808790724459493, 0.6931264139415227, 0.047165127887877016], [0.02246890687746306, 0.5886277921632205, 0.37416692100913584, 0.014736379850180576], [0.021058421266082795, 0.7779904487250529, 0.17633013162741865, 0.024620998281445698], [0.022094379830930506, 0.8421749252112395, 0.11397789803711728, 0.021752796820712687], [0.020808729848205632, 0.8056583114395033, 0.15138116303902896, 0.022151795573262117], [0.030695199963361144, 0.6165627240518081, 0.2867334186744059, 0.06600865721042488], [0.03293166694062823, 0.6117702744727886, 0.31739178414967606, 0.03790627433690703]], "ideal": "C", "sampled": "B", "correct": false}}
{"type": "result", "data": {"idx": 9, "options": ["bilateral contraction of antigravity limb muscles.", "bilateral contraction of limb musculature.", "contraction of ipsilateral limb musculature.", "contraction of contralateral limb musculature."], "probs": [[0.1284676641097347, 0.16756652293913782, 0.34923559423768996, 0.3547302186134375], [0.13349444070597016, 0.13350515464118676, 0.17964833018319398, 0.5533520743696491], [0.0803114861227631, 0.7385713594892283, 0.14317938950677778, 0.037937764781230836], [0.12111846221012386, 0.36161967704234205, 0.4643457479569989, 0.05291611269053521], [0.10452643352524701, 0.6403372620757714, 0.21786499618603578, 0.03727130811294584], [0.14580964823382855, 0.41540529700826057, 0.3666000311216676, 0.0721850235362433], [0.5458664216171254, 0.05936543554419532, 0.31105336080281726, 0.08371478193586197], [0.5039796716071419, 0.06407889579909488, 0.33575128755152045, 0.09619014494224282], [0.4103644046579395, 0.5609472790954375, 0.010937038420902738, 0.017751277725720237], [0.43476814918053935, 0.2477395883050469, 0.30832625064074176, 0.009166011773672017], [0.7931454380320045, 0.17424649436580555, 0.014528443469393993, 0.018079624032795956], [0.548416064245515, 0.1046748432913235, 0.3379047427701668, 0.009004349592994643], [0.9190776654355634, 0.010052528846680902, 0.06869590065827332, 0.0021739049594824075], [0.8170885264041697, 0.015441669743007723, 0.16344171403122162, 0.0040280897216008775], [0.9858209967211262, 0.008664151141052649, 0.0036117266280781277, 0.00190312540974298], [0.9043379276486578, 0.010529194547080338, 0.0841224533132955, 0.0010104243909663541], [0.97709357592191, 0.014607828048367511, 0.0025784672840917905, 0.0057201286456305895], [0.9855871160594326, 0.010613032925988263, 0.003287744161365406, 0.0005121067532137258], [0.8173485244836559, 0.020463283350494715, 0.15846168362850171, 0.003726508437347585], [0.7911893695129912, 0.03700754404812694, 0.14636929277219488, 0.025433793566686933], [0.9721326558414372, 0.01453327898013774, 0.009988503547157026, 0.0033455615312681063], [0.8431135150179176, 0.019219382991345745, 0.13551081289719763, 0.0021562889935390246], [0.9487663435435556, 0.02302327776259782, 0.0048259954295299555, 0.023384383164316593], [0.9765649336557193, 0.01680412787387207, 0.005807320881518937, 0.0008236174888896922]], "ideal": "D", "sampled": "C", "correct": false}}
{"type": "result", "data": {"idx": 10, "options": ["hard palate.", "hard palate and upper lip.", "hard palate, upper lip and upper central incisor.", "hard palate, upper lip, upper central incisor and lower first molar."], "probs": [[0.06894911927709593, 0.14149041683287755, 0.6341665481017639, 0.15539391568826266], [0.05476702152227097, 0.07486761053817932, 0.7562087463639843, 0.11415662147556542], [0.0515275334830928, 0.571595964629428, 0.23459432929422083, 0.14228217249325836], [0.06667845447279216, 0.24776453133165743, 0.5944103444824025, 0.09114666961314787], [0.03345881612650021, 0.7857459402241207, 0.11320197032889591, 0.06759327322048324], [0.029037417570602107, 0.8225429576693574, 0.0997884562158964, 0.048631168444144154], [0.07962111086268565, 0.08883479650790764, 0.7209914057356566, 0.11055268679375017], [0.06326822011448048, 0.06132989179443975, 0.7954160685413847, 0.07998581944969506], [0.06323371732744468, 0.4672734965323014, 0.19479715531908845, 0.2746956307211655], [0.07622136345238287, 0.1058375933475215, 0.7463302182329713, 0.07161082486712433], [0.041380984537601535, 0.7568372797403257, 0.10404529847839973, 0.09773643714367306], [0.040661408040037844, 0.7207967444978745, 0.19100029341830788, 0.047541553943779784], [0.11905973066522559, 0.19327652834356393, 0.43558729929319423, 0.25207644159801623], [0.0935059538621616, 0.09499039283806184, 0.7472328948986747, 0.0642707583011018], [0.08104315399313164, 0.4450520276578263, 0.22032570836724966, 0.25357910988179233], [0.0740760236353722, 0.11296489761921012, 0.772047744438199, 0.040911334207218666], [0.038874555375264845, 0.8711266516768034, 0.05231777950598152, 0.03768101334195028], [0.033854548258200445, 0.8463150690589907, 0.09797097437615238, 0.02185940820665651], [0.13276181915919827, 0.23303451784553547, 0.42202004157227024, 0.212183621322996], [0.13890623423977366, 0.1959152729949268, 0.5326175451066051, 0.1325609475586944], [0.10386173116534253, 0.27366723792000075, 0.17126483703137915, 0.45120619378327753], [0.10816485453445125, 0.2290082569111287, 0.5940669376062164, 0.06875995084820362], [0.086784591812502, 0.574868129698037, 0.1365505128243246, 0.20179676556513632], [0.09644646277904391, 0.6001582659316426, 0.25413247137600564, 0.04926279981330785]], "ideal": "D", "sampled": "D", "correct": true}}
{"type": "result", "data": {"idx": 11, "options": ["Pupillary constriction and a medial strabismus", "Pupillary dilatation and a medial strabismus", "Pupillary constriction and a lateral strabismus", "Pupillary dilatation and a lateral strabismus"], "probs": [[0.8389693448671797, 0.07563937947771963, 0.057996857961223176, 0.027394417593877556], [0.7101184605176382, 0.09916046180660462, 0.08350419812215126, 0.10721687945360597], [0.7661155179392749, 0.09894037651154484, 0.0859650706623054, 0.04897903478687484], [0.6707099650475599, 0.10949847805336935, 0.06047436199300845, 0.1593171948060623], [0.46576437349430183, 0.1293482482303971, 0.32519766685094886, 0.0796897113243522], [0.5665914563496816, 0.12842309808550162, 0.2514507835857781, 0.05353466187903871], [0.7818579047812307, 0.09940761289717233, 0.058441545590719866, 0.06029293663087706], [0.8790514900578026, 0.06885681172410987, 0.03355967190601222, 0.018532026212075368], [0.6835926795946159, 0.10649003872138063, 0.15018223280515824, 0.059735048778845175], [0.6630676490100024, 0.10825026717815114, 0.19298538615968772, 0.03569669755215877], [0.7865401652141932, 0.09692742110056889, 0.07549145212557466, 0.04104096145966322], [0.7520920429717741, 0.09866070515886496, 0.05800332430932494, 0.09124392746003596], [0.6828124940469243, 0.15476381373591308, 0.05605530219565392, 0.1063683899215086], [0.7626745501190619, 0.13462651913613272, 0.06163975062544315, 0.041059180019362145], [0.6597219760284098, 0.11645493445867813, 0.1542848073005404, 0.0695382821123717], [0.4038795635711975, 0.13113040072617232, 0.41675032267743795, 0.04823971292519221], [0.814351778820266, 0.08190542275595974, 0.07116335470642744, 0.03257944361734685], [0.7127292220528549, 0.10594338133293568, 0.09349800693813727, 0.08782938957607209], [0.7024725465527281, 0.12018673507600978, 0.12400874124691351, 0.05333197702434869], [0.5968405163357492, 0.13111688537261842, 0.2230480818277194, 0.04899451636391292], [0.7355926221101163, 0.14713492165888306, 0.047770888664403294, 0.06950156746659733], [0.7733825838773012, 0.1386657469928916, 0.056029023998576455, 0.031922645031230774], [0.7606500670776916, 0.11306601298316853, 0.07532163399994421, 0.05096228583919572], [0.8436386600105952, 0.08096572771038657, 0.049110364255446515, 0.026285247923571745]], "ideal": "D", "sampled": "B", "correct": false}}
{"type": "result", "data": {"idx": 12, "options": ["It has an articular disc of hyaline cartilage", "Its articular surfaces are covered by hyaline cartilage", "Proprioceptive information is carried by the chorda tympani and deep temporal nerves", "Proprioceptive information is carried by the masseteric and auriculotemporal nerves."], "probs": [[0.4106366435091968, 0.4727293321558421, 0.055591189398699524, 0.0610428348362615], [0.38855330310015485, 0.4543691412462154, 0.08406175922690912, 0.07301579632672059], [0.28236667949372457, 0.08091683407142324, 0.6074133269436711, 0.02930315939118106], [0.37922590247331067, 0.1373975507716558, 0.11571218761909334, 0.3676643590359402], [0.30154401510239226, 0.09946263728730612, 0.5548617325892764, 0.04413161492102523], [0.2615753392496247, 0.11978986768873288, 0.11431012216326321, 0.5043246707983792], [0.5593559741414521, 0.19334803519699667, 0.16283592580120604, 0.08446006476034519], [0.5368119837649381, 0.1914539018311759, 0.17988501203470478, 0.09184910226918118], [0.3437067176777168, 0.22544778734860113, 0.39572962493096, 0.03511586994272204], [0.35011517998055247, 0.29490464922816945, 0.17612285910275666, 0.17885731158852144], [0.37178515553217023, 0.21521533542473184, 0.3493851642843719, 0.06361434465872608], [0.29854262761893524, 0.22894785488187175, 0.23258218860035457, 0.23992732879883844], [0.1014258466240849, 0.7152054149268897, 0.1621067189537293, 0.021262019395296036], [0.11413585223403863, 0.6884795920088902, 0.041349164521297006, 0.15603539113577414], [0.09592120276981118, 0.7785121739733131, 0.10054201556823054, 0.025024607588645203], [0.11297423391404514, 0.6921830772661394, 0.054220549756826934, 0.14062213896298856], [0.10861908886134182, 0.17092433952151917, 0.479419182478062, 0.241037389039077], [0.10996888896912023, 0.31333723715825784, 0.4419330786108859, 0.13476079516173609], [0.15629977743216406, 0.6087267096977936, 0.1915641519620706, 0.04340936080797177], [0.1256340760706508, 0.3636281544147117, 0.12966115964637723, 0.38107660976826024], [0.15216557923060878, 0.6715295359802395, 0.11670766558236818, 0.05959721910678364], [0.13853132516948888, 0.40094968075096, 0.23206975707967353, 0.2284492368998776], [0.03237754597962799, 0.91723148790567, 0.022258572399513725, 0.028132393615188305], [0.029877970018280537, 0.9296033406130635, 0.018996766530139042, 0.02152192273851689]], "ideal": "D", "sampled": "B", "correct": false}}
{"type": "result", "data": {"idx": 13, "options": ["cricothyroid muscle is still functional but the interarytenoid muscles are fully active.", "cricothyroid muscle is still functional but the interarytenoids are weak.", "cricothyroid muscle is paralyzed but the interarytenoids are fully active.", "cricothyroid muscle is paralyzed but the interarytenoids are weak."], "probs": [[0.02958336974818909, 0.06878862710596499, 0.7056745307751653, 0.1959534722706807], [0.04308803931544308, 0.07104550728778093, 0.7758331547274293, 0.11003329856934671], [0.03896083353398984, 0.1517138050908926, 0.581578439955129, 0.22774692131998847], [0.029783804775231897, 0.15364635935513368, 0.3923436860077198, 0.42422614976191464], [0.060000450232563625, 0.10531239445549218, 0.7310112360016666, 0.10367591921027758], [0.04505806583676912, 0.15007804891747184, 0.602916859138698, 0.20194702600706102], [0.032675680621909474, 0.06810737578169773, 0.64617659340013, 0.2530403500962628], [0.0502618556626113, 0.07088610825327532, 0.7740930423872131, 0.10475899359690027], [0.05028743163082545, 0.11877174969753065, 0.5755475776075037, 0.2553932409641401], [0.04416860771240003, 0.07632164138750876, 0.8078146220774665, 0.07169512872262478], [0.05806787268186177, 0.5095527133614435, 0.3238901471477946, 0.10848926670890015], [0.04010669886664821, 0.5450972914150642, 0.3057705461673142, 0.10902546345097337], [0.04229541185515481, 0.2631864884707372, 0.42719057834630836, 0.2673275212277996], [0.03815061456512569, 0.20305474834144788, 0.3734694579812891, 0.3853251790121373], [0.04660386765296632, 0.12868567289189378, 0.6742652905156956, 0.15044516883944425], [0.05323359762059383, 0.10923549572491358, 0.7349165704667151, 0.10261433608777748], [0.04510343651382215, 0.0869451132722756, 0.6424395798085587, 0.22551187030534356], [0.05518675284117032, 0.06352366577411367, 0.7984421341638765, 0.08284744712083944], [0.04441526978959471, 0.0616696808050957, 0.8251209300967831, 0.06879411920852652], [0.047382720163067875, 0.12880970632345118, 0.5595149438977634, 0.2642926295157176], [0.04182547766711798, 0.53401535353845, 0.3447858156440689, 0.07937335305036315], [0.04279009869892363, 0.5378634768823312, 0.2790378844745701, 0.14030853984417507], [0.04228750101580227, 0.07422260690482013, 0.6512765665390653, 0.23221332544031234], [0.05135570781139399, 0.06292723048302948, 0.7786790044719744, 0.10703805713360215]], "ideal": "B", "sampled": "B", "correct": true}}
{"type": "result", "data": {"idx": 14, "options": ["The mental symphysis closes at about 1 year postnatally", "The condylar growth cartilage ceases activity at puberty", "The ossification centre appears about 8 weeks I.U.L medial to Meckel's cartilage", "The functional matrix acting on the angle of the mandible is the lateral pterygoid muscle"], "probs": [[0.11889072824338834, 0.06266838126763295, 0.7517452315304654, 0.06669565885851332], [0.26992921245062607, 0.19146882851602973, 0.16379073992778417, 0.37481121900556], [0.05348658786401848, 0.9047623094863528, 0.017642259705045113, 0.024108842844583537], [0.06114059845485895, 0.8846410146681227, 0.030274988007218496, 0.023943398769799864], [0.23291918633039155, 0.2723913192476632, 0.22234821317356596, 0.2723412811483793], [0.1733747007319243, 0.11734612018816687, 0.6444905475841274, 0.06478863139578149], [0.0988818069249751, 0.05814496873298716, 0.778120904629545, 0.06485231961249271], [0.2087412805458969, 0.17860147621337924, 0.1842925128796063, 0.42836473026111754], [0.04657536138352991, 0.8927842643793993, 0.023795400521622788, 0.03684497361544795], [0.042687211817514045, 0.8986813559033038, 0.02433082497369563, 0.03430060720548659], [0.23947115534169544, 0.22502999191939546, 0.2081447249550639, 0.3273541276838452], [0.14780145882082166, 0.10649078338273395, 0.6627940534882555, 0.08291370420818889], [0.819881296964612, 0.0994849249390832, 0.037181036342584954, 0.04345274165371982], [0.745791412940804, 0.11803143118538025, 0.09786711340560016, 0.038310042368215634], [0.8141752844611111, 0.06897200206597362, 0.06480215033846455, 0.05205056303445076], [0.7960103153386424, 0.08658653496830057, 0.06237927451105982, 0.05502387508199723], [0.7285777573944711, 0.09121451831788623, 0.13910334277226052, 0.041104381415382196], [0.779536658599977, 0.09759299383384835, 0.08219679382964953, 0.04067355363652509], [0.18142579764438077, 0.36658192223492014, 0.14812574009793528, 0.3038665399227638], [0.16136436643668764, 0.1772748135530942, 0.5634784269806059, 0.09788239292961222], [0.19589833006981028, 0.3281516828254041, 0.10992521374095576, 0.3660247732638299], [0.1329877475893224, 0.12112156594370681, 0.6652249445389716, 0.08066574182799915], [0.08600815705125334, 0.7910375292939732, 0.061002837897803065, 0.061951475656970435], [0.08561991505146296, 0.825249646066105, 0.038003666017279676, 0.05112677276515244]], "ideal": "A", "sampled": "C", "correct": false}}
{"type": "result", "data": {"idx": 15, "options": ["Its efferent limb is carried in the optic nerve", "It is mediated by the inferior colliculi in the midbrain", "It is a consensual reflex", "Its afferent limb is carried in the oculomotor nerve"], "probs": [[0.09781278741732215, 0.6479567336980999, 0.07984694152157942, 0.17438353726299852], [0.1533947162682608, 0.5524569831602202, 0.26097226529152556, 0.03317603517999343], [0.12489338776233819, 0.1934790697565495, 0.4788848971343182, 0.2027426452467941], [0.13146777645625934, 0.19739489549503028, 0.48859400280289506, 0.18254332514581528], [0.12127462141190139, 0.7546613285928798, 0.10055283549682384, 0.02351121439839494], [0.10327329293214274, 0.7397001843215634, 0.048791590164349634, 0.1082349324819443], [0.45453732862593216, 0.22860844260695, 0.0953040190295639, 0.22155020963755395], [0.6198055812820008, 0.14724926813615527, 0.1920609346442938, 0.04088421583755005], [0.4516311585451537, 0.21007075903699157, 0.12158265708661188, 0.21671542523124288], [0.5085156001276554, 0.1677305561712333, 0.21203726685934776, 0.11171657674176352], [0.6267608403532785, 0.22352504727989359, 0.11597140132221176, 0.033742710944616144], [0.5579754279882662, 0.2762785039946874, 0.06877583469584767, 0.09697023322119877], [0.10538401413519247, 0.1463466326487768, 0.4874146515079701, 0.2608547016080607], [0.12488198186744769, 0.2297470415323452, 0.39698469953097004, 0.24838627696923704], [0.07329655874810144, 0.7881203762768584, 0.04446375634605637, 0.09411930852898374], [0.0702285273769074, 0.8038382858806971, 0.0639535661852825, 0.061979620457113055], [0.09683708557003685, 0.5932935298894556, 0.1476868644898409, 0.1621825199506666], [0.11072061209763537, 0.24188782272304174, 0.5712881087685547, 0.0761034563107681], [0.49546324251888574, 0.2611233698775902, 0.2033717566416789, 0.040041630861845166], [0.4351002670784368, 0.32338578228516085, 0.06570512947614125, 0.1758088210602611], [0.17991698505776027, 0.7342461628334945, 0.0682979643819483, 0.01753888762679691], [0.12985933333649158, 0.8080994802093219, 0.03606636590409537, 0.025974820450091207], [0.3753810040390919, 0.197852587616107, 0.2970270602712155, 0.12973934797358558], [0.21452631853336296, 0.14071652816008012, 0.5832907178150475, 0.06146643539150944]], "ideal": "C", "sampled": "B", "correct": false}}
{"type": "result", "data": {"idx": 16, "options": ["External and internal intercostal muscles", "External intercostal muscles and diaphragm", "Internal intercostal muscles and diaphragm", "External and internal intercostal muscles and diaphragm"], "probs": [[0.4638901438824768, 0.44964701770307486, 0.05124306401178157, 0.03521977430266681], [0.6221852811057252, 0.29854529676005664, 0.06872912399627586, 0.010540298037942288], [0.16898577978763657, 0.7937330999262443, 0.02846323068108089, 0.008817889505038196], [0.23920323467736526, 0.7368356880585863, 0.020902239795106137, 0.0030588373689422617], [0.4203259862289039, 0.49917282672950286, 0.07191216059226833, 0.008589026349324926], [0.38474606705172393, 0.5511527379157861, 0.04524119086572537, 0.018860004066764538], [0.9840589824903294, 0.007513984154715278, 0.0052454867736950305, 0.0031815464812602937], [0.9830254228555017, 0.007051287117852569, 0.00863917496020578, 0.0012841149664400277], [0.9739915108871084, 0.015023389794703947, 0.00687799880473547, 0.004107100413452138], [0.984856326454954, 0.008005142850411547, 0.005948706073186182, 0.0011898245214481803], [0.9748696588305887, 0.01900835060122825, 0.004585905701206665, 0.0015360847669762903], [0.9771920121994635, 0.017899491397454503, 0.0034161043385019228, 0.001492391964580083], [0.9892575830667258, 0.004876998419499365, 0.004043071123364877, 0.0018223472904099031], [0.9744454258450498, 0.006669653680849314, 0.0175716109608479, 0.001313309413252987], [0.9824839974820332, 0.006724684655747585, 0.008238984824479876, 0.002552332937739369], [0.9828144224020869, 0.0049215650867983785, 0.010918578697530148, 0.0013454337135844728], [0.9840748842142717, 0.010932898077799394, 0.004021894626242692, 0.0009703229816861841], [0.9833484895106812, 0.012187695139418905, 0.0031792819522698398, 0.001284533297630065], [0.9937950429548612, 0.0028355010016052253, 0.0026636591799202016, 0.0007057967636133036], [0.9921108709650014, 0.003522869978036777, 0.002920506355575117, 0.001445752601386702], [0.9898002914102704, 0.005276166311161892, 0.003800214562527665, 0.0011233276160400431], [0.9891170887864134, 0.0055257190573727325, 0.0028666475074304028, 0.002490544548783535], [0.9868134412163283, 0.008147298044646142, 0.003970596308985035, 0.0010686643300404735], [0.9821057424611997, 0.010575667778539423, 0.004995491246569498, 0.0023230984136912622]], "ideal": "B", "sampled": "C", "correct": false}}
