{"type": "result", "data": {"idx": 0, "options": ["an average of 10 times, with an rms deviation of about 4", "an average of 10 times, with an rms deviation of about 3", "an average of 10 times, with an rms deviation of about 1", "an average of 10 times, with an rms deviation of about 0.1"], "probs": [[0.14747561897475484, 0.20478916700194366, 0.6020444191923362, 0.045690794730965274], [0.20522175803673595, 0.276204855251277, 0.4924795049401358, 0.026093881671851237], [0.14895661387592316, 0.5535361291982612, 0.25346977324557, 0.04403748358024566], [0.15392024727533707, 0.2876061482759953, 0.5290942161983099, 0.02937938815035772], [0.13886644022379813, 0.7746396703316474, 0.06769815869528792, 0.018795730649266585], [0.12718473702877706, 0.80392859981272, 0.05140129752192057, 0.01748536553658238], [0.11262701292989728, 0.0891171665685181, 0.7580937541759112, 0.040162066225673386], [0.18319834095784426, 0.12594043280148695, 0.6600023802455953, 0.030858845895073525], [0.12867738544915902, 0.7405985731002411, 0.09869022850245962, 0.032033812848140164], [0.15260157568111427, 0.3083075696930394, 0.516406505270428, 0.022684349255418342], [0.1059883412402731, 0.8602400619889281, 0.021878876988468715, 0.011892719682330069], [0.10033182689155562, 0.8533866945082913, 0.03634642294389577, 0.009935055556257264], [0.15301860069346437, 0.2859372049167885, 0.5178782669298446, 0.04316592735990245], [0.14081949020411688, 0.1836979690451841, 0.6513888251342208, 0.024093715516478185], [0.24235026716513558, 0.5052033699931401, 0.18300232425738952, 0.06944403848433477], [0.15705652357866792, 0.14081126292715349, 0.682472459727014, 0.0196597536671646], [0.07420734218613176, 0.8763150457642002, 0.039114992551682666, 0.010362619397985424], [0.07789190199816529, 0.8915131190814375, 0.025293892529616877, 0.005301086290780302], [0.21117026944455095, 0.3220636820317332, 0.4071939258824349, 0.05957212254128094], [0.18257907909112878, 0.22374681376022293, 0.545289140484334, 0.048384966564314354], [0.3387349742689258, 0.4023370920512941, 0.16774443780460074, 0.09118349577517935], [0.2282872710786732, 0.19530367121741415, 0.5478318725041134, 0.02857718509979932], [0.24188422793883851, 0.29642062934622354, 0.3806627931711468, 0.08103234944379109], [0.3626079558963564, 0.29600405690094156, 0.30069920417639673, 0.04068878292630527]], "ideal": "B", "sampled": "D", "correct": false}}
{"type": "result", "data": {"idx": 1, "options": ["500 nm", "550 nm", "600 nm", "650 nm"], "probs": [[0.08054915899692579, 0.8010828433732448, 0.07456990464575729, 0.04379809288407214], [0.08607657060485324, 0.8042104659719368, 0.06505197140552828, 0.04466099191768165], [0.12505074263401283, 0.46475796464959507, 0.35111330133152974, 0.05907799128486238], [0.11362588641583637, 0.48606861440140314, 0.3291901202532721, 0.0711153788294884], [0.10401539986136354, 0.6373442985562222, 0.194549929113982, 0.06409037236843224], [0.10327351246149026, 0.6842244368736846, 0.1458143613463017, 0.06668768921852344], [0.12967094350337954, 0.7011322953033805, 0.09644961401560329, 0.07274714707763659], [0.14492770164186655, 0.7024410543668536, 0.09220965401146673, 0.060421589879813165], [0.16334290131495663, 0.5111765651529133, 0.26538239819433473, 0.06009813523779536], [0.15669773311594057, 0.5220230053011073, 0.26271607642137057, 0.058563185061581535], [0.16357711321514729, 0.5364880681206553, 0.22733837871971616, 0.07259643984448125], [0.16926010100625113, 0.47483481590807053, 0.297400920556637, 0.05850416242904128], [0.08187405278433732, 0.6750121925752011, 0.21251671687024604, 0.030597037670215543], [0.07850843768830197, 0.7686583961132235, 0.09628047004060876, 0.05655269605786581], [0.09090281514084943, 0.7040485941632536, 0.17263296770256537, 0.032415622893331594], [0.07778542198262269, 0.8107021148175625, 0.07908333542586776, 0.0324291276739471], [0.09347846775961041, 0.7127933820127945, 0.1404607209628753, 0.05326742916471982], [0.0938179404370853, 0.6513814828432675, 0.208351296041168, 0.046449280578479225], [0.10220804581049121, 0.646106407441265, 0.20028636899927776, 0.051399177648966], [0.1012907958938667, 0.7143218250483528, 0.10298851492758943, 0.08139886403019102], [0.11849708108909099, 0.6610645651156257, 0.17255610225859278, 0.047882251436690504], [0.1168479034459026, 0.683151624107314, 0.15494618442523453, 0.04505428792154888], [0.11692341764363907, 0.6127735558366009, 0.1702825775656463, 0.1000204488541137], [0.14106721964457772, 0.5940596372180238, 0.2022675245460135, 0.06260561849138502]], "ideal": "C", "sampled": "B", "correct": false}}
{"type": "result", "data": {"idx": 2, "options": ["There are no changes in the internal energy of the system.", "The temperature of the system remains constant during the process.", "The entropy of the system and its environment remains unchanged.", "The entropy of the system and its environment must increase."], "probs": [[0.15996715365558833, 0.3282704929119171, 0.477699650701083, 0.03406270263141158], [0.09387817907975472, 0.6122095538644009, 0.06869573094235547, 0.2252165360134889], [0.05811111419159982, 0.8949899901709615, 0.03580738188800031, 0.011091513649438424], [0.04771294427282401, 0.9003453924608953, 0.04145981307358791, 0.010481850092692792], [0.19665779757493507, 0.1763035558376306, 0.4364191423343051, 0.1906195041531292], [0.07865491655157211, 0.0622287217880531, 0.8327689921166394, 0.026347369443735443], [0.5993098544616028, 0.1091537347517263, 0.26601254285929365, 0.025523867827377256], [0.5707795364235484, 0.16873378295699207, 0.0917566377537596, 0.16873004276569997], [0.30768599931229507, 0.6313852035849302, 0.04719563174225261, 0.013733165260522087], [0.3144623578311761, 0.6254404666126095, 0.04899416772169614, 0.01110300773451819], [0.5464192506179835, 0.10429452125516994, 0.27056288111716453, 0.0787233469096821], [0.1713671273181088, 0.05477887983291244, 0.7563463669782192, 0.01750762577075951], [0.7582394674805971, 0.07164292039006434, 0.14249731595106316, 0.027620296078275382], [0.766606523888015, 0.06699014579189001, 0.15098168235590878, 0.015421647864186271], [0.7504161427816723, 0.10981822512351996, 0.11156215268236533, 0.028203479312442402], [0.7450422824277552, 0.08761012020377075, 0.15139289565380626, 0.015954701614667773], [0.8004827483679012, 0.08306769265322507, 0.10178738812496503, 0.01466217075390864], [0.7878142556075868, 0.08048663857238586, 0.11896445697967431, 0.012734648740352999], [0.06620331310387693, 0.20077167294038, 0.3751152446023941, 0.35790976925334894], [0.04899229598340664, 0.060977913978220305, 0.868625237852073, 0.02140455208630002], [0.04551363837666841, 0.6089987294288154, 0.1446598204377135, 0.20082781165680266], [0.049531000301068315, 0.09400201342799723, 0.8379570026390525, 0.018509983531882025], [0.0357512863744202, 0.9366051418539632, 0.022728563887315614, 0.0049150077843010745], [0.039779628163059494, 0.9341728042369528, 0.02129618762002621, 0.004751379879961495]], "ideal": "C", "sampled": "C", "correct": true}}
{"type": "result", "data": {"idx": 3, "options": ["a dye laser", "a helium-neon laser", "an excimer laser", "a ruby laser"], "probs": [[0.02854932152472527, 0.017052287551774434, 0.9310975247267398, 0.02330086609676053], [0.01861624442792881, 0.022459531097107105, 0.22681927183143227, 0.7321049525435318], [0.01450739251449148, 0.9705889287310712, 0.005682416296719358, 0.009221262357718042], [0.015213975942867929, 0.971239881725616, 0.005775747212320937, 0.007770395019195064], [0.023960125356521953, 0.053165626827019766, 0.03769918341207893, 0.8851750643043793], [0.02960329015413943, 0.0300763387035163, 0.9212073309835761, 0.019113040058768162], [0.0846809179877401, 0.12132926308092999, 0.7669244172848053, 0.02706540154652454], [0.06060472942958527, 0.2759322852655867, 0.03194234928104878, 0.6315206359237792], [0.03325253060180259, 0.9274018630505254, 0.02672469494116728, 0.012620911306504657], [0.02686294635683026, 0.9470847048287623, 0.006090130828773412, 0.01996221788563401], [0.05114569323945841, 0.19610593480496286, 0.4930116350078935, 0.25973673684768517], [0.053514331175144106, 0.0698132584188113, 0.8505922491698809, 0.026080161136163748], [0.7050079983509299, 0.2184577933424797, 0.030033739800709898, 0.04650046840588056], [0.6891334081837335, 0.2102252997628678, 0.06411825888751856, 0.03652303306588019], [0.5477443545242915, 0.06966363889918045, 0.34291294766757263, 0.039679058808955385], [0.5166994582322973, 0.1001997448269832, 0.30386147842681654, 0.07923931841390283], [0.4762868627083746, 0.10797978292052036, 0.3888625240389923, 0.026870830232112734], [0.6163362905983922, 0.20330527574253499, 0.11227943085709544, 0.06807900270197735], [0.05563171916649522, 0.1377105647105725, 0.014290030977984548, 0.7923676850449477], [0.07739616155820433, 0.0715969425681276, 0.8323342172254733, 0.01867267854819477], [0.04190752641390324, 0.04257956511596967, 0.4649563829657276, 0.45055652540439944], [0.04915952147548974, 0.02673589552471456, 0.8993861463621183, 0.024718436537677385], [0.041059943397932924, 0.9201526928466767, 0.03004535931641326, 0.008742004338977092], [0.032856105401013296, 0.9454470958287207, 0.007565971543593709, 0.01413082712667232]], "ideal": "A", "sampled": "C", "correct": false}}
{"type": "result", "data": {"idx": 4, "options": ["The Heisenberg uncertainty principle", "The Pauli exclusion principle", "The Bohr model of the atom", "Nuclear hyperfine coupling"], "probs": [[0.029204539857021792, 0.9086441350768356, 0.056309636360109, 0.0058416886060335795], [0.025970811844306527, 0.9446811892811903, 0.009120684682234407, 0.020227314092268796], [0.07327926630243757, 0.0677928675720525, 0.8392035051637804, 0.01972436086172953], [0.026355082212848647, 0.05940599329544029, 0.02762853722322886, 0.8866103871684822], [0.057796091050820946, 0.037917740780487263, 0.8499884040175815, 0.05429776405111037], [0.025660234476286334, 0.03913847583370144, 0.1114926669079083, 0.8237086226821039], [0.7569332598250913, 0.07981827727939828, 0.14916360140610715, 0.014084861389403238], [0.7970263986871815, 0.10791343489668018, 0.03730981437976765, 0.05775035193637061], [0.7842352708008634, 0.09225334644733668, 0.10958671925956186, 0.013924663392237985], [0.8056651387264617, 0.1236021689784811, 0.02802603165728728, 0.04270666053776992], [0.7973470330626964, 0.051798106644422845, 0.10144103609019715, 0.04941382410268362], [0.749874801294854, 0.06453863050115291, 0.1345471943781056, 0.05103937372588751], [0.08356630071826254, 0.0631005243579165, 0.8315321817749918, 0.02180099304882914], [0.026976337050712992, 0.0444878404284967, 0.021016621490329915, 0.9075192009304603], [0.02835395087636023, 0.9390867064657067, 0.026232347555673954, 0.006326995002259153], [0.026102015281154956, 0.9494570405146411, 0.0065003101463149, 0.017940633957889016], [0.035660782689723794, 0.07913662875686536, 0.06068088780053948, 0.8245217006528713], [0.0580038509755919, 0.045901404157832955, 0.8398731508077335, 0.056221593958841624], [0.057461906218743024, 0.05315949022238333, 0.8319149612548518, 0.057463642204021934], [0.03080206504848606, 0.06321760937573344, 0.13594014894457582, 0.7700401765312047], [0.02634781608596648, 0.9145037565006138, 0.02635669717807021, 0.032791730135349494], [0.022672926962580213, 0.9200481158319063, 0.02376928548320124, 0.03350967162231224], [0.03345537855613853, 0.08027450560107124, 0.13655730775367644, 0.7497128079891138], [0.043665929648400374, 0.04506469044239134, 0.8640550180989339, 0.04721436171027433]], "ideal": "B", "sampled": "B", "correct": true}}
{"type": "result", "data": {"idx": 5, "options": ["1/2", "1", "3/2", "5/2"], "probs": [[0.16277461696661635, 0.2521281455609153, 0.5338753878354668, 0.05122184953700147], [0.1760517604159566, 0.3501450016701253, 0.3670154998228848, 0.10678773799103325], [0.12833921323165165, 0.6416808222706991, 0.1674293838103462, 0.06255058058730303], [0.15842880248024466, 0.6073502874983336, 0.19416086301441182, 0.04006004690700993], [0.14767835482676417, 0.5154778168774566, 0.22879213730222372, 0.10805169089355543], [0.16193601366795984, 0.33752938850179587, 0.46146201738971726, 0.03907258034052697], [0.043276020921619675, 0.6984396227316104, 0.2340086632102753, 0.024275693036494544], [0.0441390541048127, 0.7349852967283296, 0.1746179778238873, 0.046257671242970436], [0.04510687576832644, 0.6130286842772058, 0.3131931026126278, 0.028671337241839963], [0.03958569418572877, 0.7469244614701273, 0.1693288971509425, 0.044160947093201425], [0.05782086143120209, 0.484135963683473, 0.40780742129446546, 0.050235753490859465], [0.05564944693673212, 0.4807465564557005, 0.41132559448854994, 0.05227840201901738], [0.15940400778319316, 0.650499455746412, 0.14071366032243432, 0.049382876047960524], [0.1935867546839657, 0.6152509541976761, 0.15804131562979098, 0.03312097538856721], [0.18876296420566313, 0.21391546883467097, 0.5379213730298096, 0.05940019382985635], [0.2316736887656228, 0.27514211680866907, 0.4131149999017661, 0.08006919442394207], [0.21342389262920985, 0.296338090157589, 0.45196985975071857, 0.038268157362482534], [0.20524132249687088, 0.5492933391975426, 0.1675595193933774, 0.07790581881220911], [0.10028761250686571, 0.6539919728134752, 0.15296422863845383, 0.0927561859412053], [0.12050282568032995, 0.49175675183852585, 0.35427496889490545, 0.03346545348623878], [0.1150208622485567, 0.1867166705765622, 0.6028989271238485, 0.09536353995103264], [0.11737295501339072, 0.16553958128688417, 0.6447705173913955, 0.07231694620832962], [0.13019763756493058, 0.4203143087553252, 0.413891043607285, 0.035597009972459154], [0.09991850926290784, 0.7156230370496525, 0.11684692165980094, 0.06761153192763872]], "ideal": "C", "sampled": "C", "correct": true}}
{"type": "result", "data": {"idx": 6, "options": ["V_0/5", "V_0/3", "V_0/2", "2V_0/3"], "probs": [[0.08011187313769304, 0.5475209746885779, 0.33736555508259075, 0.035001596991138396], [0.051466885674828246, 0.6995302311061556, 0.14664063839463568, 0.10236224472438037], [0.06895396112706151, 0.7185901998754981, 0.17611648140576633, 0.03633935749167399], [0.060982038646370106, 0.708964812900569, 0.1440474991010531, 0.08600564925200781], [0.04790365659783327, 0.6930987186550994, 0.19248469028571116, 0.06651293436135608], [0.06429947550246709, 0.49796801788404976, 0.3818628121150823, 0.05586969439840082], [0.15204681153931307, 0.5064493217387828, 0.302451038149569, 0.039052828472335196], [0.11766297632016005, 0.5883435737873175, 0.20654538733410802, 0.08744806245841442], [0.09916210062746643, 0.7679609569739637, 0.09464289141271552, 0.038234050885854326], [0.09112879295311606, 0.7512650228851052, 0.11522318936729906, 0.042382994694479655], [0.07517583516372475, 0.7475613059772961, 0.10439312702647467, 0.07286973173250445], [0.09638292126027946, 0.6691148130869482, 0.19172782765510074, 0.04277443789767159], [0.13802190637780007, 0.48939662009786467, 0.32099990249195043, 0.051581570932384864], [0.1343872248992047, 0.49937689299358035, 0.2631841003631622, 0.10305178164405274], [0.14602355331159714, 0.6053369505395327, 0.18177657911353184, 0.0668629169353383], [0.12348278426659907, 0.5891849310228395, 0.22018751171730214, 0.06714477289325932], [0.10001388116660531, 0.6421580266149571, 0.1623805153030161, 0.09544757681542149], [0.0986325886052838, 0.5949150897157016, 0.26402592557999, 0.04242639599902454], [0.07732597219220101, 0.1715808246543233, 0.7003764039815371, 0.05071679907193854], [0.10840689129372191, 0.3186759792847833, 0.47106324747247236, 0.10185388184902244], [0.06760485962829235, 0.8109131152521859, 0.07782961137449243, 0.04365241364502936], [0.0817920922817437, 0.7066513763657737, 0.1902177149199147, 0.02133881633256789], [0.08111638574981149, 0.7008309959664465, 0.08637154846519783, 0.13168106971854424], [0.09433020544974963, 0.39720695762975766, 0.4792370444142239, 0.029225792406268786]], "ideal": "D", "sampled": "B", "correct": false}}
{"type": "result", "data": {"idx": 7, "options": ["0.25mc^2", "0.60mc^2", "0.67mc^2", "1.25mc^2"], "probs": [[0.022707396331838357, 0.935962363736315, 0.03744493974900926, 0.0038853000828373463], [0.022685795319530064, 0.9350963116901851, 0.028239666996662947, 0.013978225893621821], [0.049954880117015814, 0.5992341648173761, 0.33093670068899106, 0.01987425427661699], [0.04142487842204259, 0.7118369975399778, 0.13585471042768754, 0.11088341351029207], [0.03276002602011346, 0.05154940420168153, 0.8997210799581765, 0.01596948972002848], [0.04473592707138332, 0.2101637595070942, 0.6473612719199453, 0.09773904140157717], [0.17805684407019037, 0.5316760777154597, 0.25114599990476055, 0.039121078209589384], [0.15560132611330996, 0.5517792824501693, 0.19369081093723148, 0.09892858039928931], [0.15156372680449362, 0.6283240049320072, 0.19162913664305176, 0.028483131520447333], [0.1562030733182713, 0.6375274538816855, 0.1514267148032844, 0.05484275789675875], [0.14229253999084251, 0.4249058238765129, 0.36343653903436574, 0.06936509699827886], [0.1712368598977707, 0.3250214811073454, 0.4583572999408471, 0.04538435895403677], [0.08581516788748826, 0.2643845118087285, 0.624427793308726, 0.02537252689505722], [0.060483234733195015, 0.5477009313061577, 0.1670341162396432, 0.2247817176210041], [0.058925863575502356, 0.8263786988430979, 0.10025271699524584, 0.014442720486153941], [0.05821179493433945, 0.8422837162284119, 0.07022909243805248, 0.029275396299196132], [0.05797261182649397, 0.3234305664231004, 0.4284551622296293, 0.1901416594207763], [0.06650421695253116, 0.08541276745157649, 0.8232260525652839, 0.024856962930608444], [0.03718002479490848, 0.07630517284359199, 0.8734607896817571, 0.013054012579742418], [0.05365368170915771, 0.42212311994120716, 0.4423904270179973, 0.0818327712316378], [0.02063256665631378, 0.9637060655029273, 0.013118515577585298, 0.0025428521631736777], [0.02006715584041045, 0.9670400254404596, 0.010744114662993059, 0.0021487039561368633], [0.034223594752229865, 0.8556545286642716, 0.08084319628663794, 0.029278680196860554], [0.03654510828538679, 0.7693826404962248, 0.18274905918412584, 0.011323191934262542]], "ideal": "A", "sampled": "B", "correct": false}}
{"type": "result", "data": {"idx": 8, "options": ["Planck\u2019s constant", "Boltzmann\u2019s constant", "The Rydberg constant", "The speed of light"], "probs": [[0.9629489377184205, 0.017100750685581218, 0.01736881883896924, 0.002581492657029087], [0.9600904146269599, 0.018724098648276292, 0.019018200972448777, 0.0021672856523150545], [0.9614637390734553, 0.01460458977080308, 0.02226744616473862, 0.0016642248910030012], [0.9628304865335446, 0.01556679427644306, 0.019987496907808718, 0.0016152221822035577], [0.962205053076127, 0.021263432318627935, 0.014614617488669691, 0.0019168970165753811], [0.9686394358156568, 0.02010882215838503, 0.009351950737751507, 0.0018997911882066443], [0.008306575843823985, 0.9907697921647963, 0.0007974812669517543, 0.0001261506244279657], [0.008835215532045906, 0.9899354441002745, 0.0011062135968281897, 0.00012312667085147736], [0.014366037854540763, 0.006683584633828407, 0.9764144224135655, 0.0025359549980654116], [0.007373184640044758, 0.012159892702075717, 0.04446952915894404, 0.9359973933989355], [0.013514352013852326, 0.006797667578531634, 0.9777409266374842, 0.0019470536701317656], [0.006948400139818283, 0.009353386359992845, 0.014943455165767608, 0.9687547582344213], [0.008286068088771706, 0.9882522073679206, 0.002374758907461851, 0.0010869655358458192], [0.007432814539946548, 0.9889242476282066, 0.002821885402947756, 0.0008210523288990959], [0.013062109937582899, 0.00780198205986641, 0.9750256463506092, 0.004110261551941469], [0.006590366276937758, 0.01764071150788654, 0.056935559210170766, 0.918833362905005], [0.011192580567620562, 0.007815374260503535, 0.9767437258105525, 0.004248319261323432], [0.005136550112564625, 0.011577702519803303, 0.03456055117561408, 0.948725196092018], [0.007688071817802103, 0.9914157703323129, 0.0007153320549109516, 0.00018082569497410744], [0.007453508021532593, 0.9916856681977596, 0.0006827542773634958, 0.0001780694033442777], [0.017723092017786556, 0.011995038742562346, 0.9678831685413423, 0.002398700598308798], [0.010863923982618021, 0.016312888665316383, 0.010049162908856093, 0.9627740243432095], [0.013702684533482432, 0.006785065629362592, 0.9759930030400548, 0.0035192466971002262], [0.007298841221950608, 0.007893923833358145, 0.028870253170437926, 0.9559369816742533]], "ideal": "A", "sampled": "A", "correct": true}}
{"type": "result", "data": {"idx": 9, "options": ["mc/2", "mc/(2^(1/2))", "mc", "(3^(1/2))mc"], "probs": [[0.11406185925909364, 0.8043920854881449, 0.052248216116861174, 0.029297839035900258], [0.10579357646116748, 0.7697761963366513, 0.06222631922388983, 0.062203907878291415], [0.17651899683257036, 0.5189723526606252, 0.2651141960687822, 0.03939445433802213], [0.13998676417897696, 0.6891996654417445, 0.10570462477030425, 0.06510894550897435], [0.1231910612691062, 0.6981134390076839, 0.13119257570324463, 0.04750292391996525], [0.10717306817569314, 0.7100640189013927, 0.10555633669707651, 0.07720657612583763], [0.06397198861208102, 0.869577404510528, 0.044683530755776926, 0.021767076021613995], [0.048295094531513774, 0.8697073944742415, 0.02977249192367561, 0.05222501897056915], [0.10662685919787854, 0.32853772743429976, 0.5011538191956728, 0.06368159407214889], [0.07276803999411556, 0.5131864547216306, 0.05581762641110143, 0.35822787877315243], [0.0655931875523962, 0.3229636107227474, 0.5082323323472189, 0.10321086927763753], [0.04540229622120348, 0.503752592928643, 0.09920688046422114, 0.3516382302859323], [0.023838750018879383, 0.9523626910894045, 0.017178202670165718, 0.006620356121550345], [0.018424329522392903, 0.9599951707358787, 0.013275472833266251, 0.008305026808462176], [0.04679194595546846, 0.8166865933806698, 0.11406784822213231, 0.022453612341729396], [0.031016904062698046, 0.8516786559988887, 0.02613126076116989, 0.09117317907724332], [0.06379020910973558, 0.5178142746928017, 0.3241040086116339, 0.09429150748582879], [0.05647989770325093, 0.5795648348011265, 0.13344330288963416, 0.2305119645059884], [0.027014944133593746, 0.9524760641781773, 0.01276840801475553, 0.0077405835734733665], [0.02996689111592074, 0.9470988608118086, 0.014612083471532871, 0.00832216450073777], [0.06393288058203324, 0.561142437265735, 0.3148541670896666, 0.060070514962565214], [0.046970650549006246, 0.7012894152893682, 0.07165542244194639, 0.18008451161967923], [0.0761080229496246, 0.30111935507386245, 0.5454516965689314, 0.0773209253075815], [0.07442932630650961, 0.5009106434448625, 0.22230732604357278, 0.20235270410505513]], "ideal": "D", "sampled": "A", "correct": false}}
{"type": "result", "data": {"idx": 10, "options": ["square", "hexagon", "cube", "tetrahedron"], "probs": [[0.03998214184924548, 0.37348039125922833, 0.2301000692044288, 0.3564373975870974], [0.0341349809553189, 0.05124643917258147, 0.9084969935760719, 0.006121586196027705], [0.0415182785837542, 0.08790180823169207, 0.48268698485658434, 0.3878929282279694], [0.03331113597051225, 0.018113147414955937, 0.9437758895264334, 0.004799826988098344], [0.011957478869799077, 0.9648766646972939, 0.020987760556926006, 0.0021780957759809844], [0.014200031085802147, 0.9648961601342021, 0.018235087728300136, 0.002668720951695635], [0.03563907556271651, 0.04505566272143747, 0.2360767449758516, 0.6832285166399944], [0.025066154653830486, 0.012217711961561791, 0.9556443200790797, 0.0070718132055280205], [0.03902816370463378, 0.05334869359385425, 0.11119077270714081, 0.7964323698943712], [0.03938273139927507, 0.01616491075420297, 0.9395984225536113, 0.004853935192910737], [0.023303040069547386, 0.960424094340347, 0.013488758759167161, 0.002784106730938424], [0.029469260016687433, 0.9459008276223035, 0.022247684417992665, 0.002382227843016405], [0.0272114015961387, 0.036620677715295674, 0.4899868328947224, 0.44618108769384324], [0.023975038174681967, 0.01132648864428955, 0.9579349018184677, 0.006763571262560693], [0.034373893305980174, 0.11812415365813635, 0.12379537152615905, 0.7237065814097244], [0.03762534169927241, 0.0302360806900616, 0.9261839487202089, 0.005954628790457029], [0.009444401039990084, 0.9785490648421119, 0.009898715997458125, 0.0021078180204399215], [0.01147244291944853, 0.970167758384339, 0.017223633062208487, 0.0011361655340039775], [0.9086618916483848, 0.02921153752776942, 0.0599426990824668, 0.0021838716413789413], [0.9214271692235816, 0.03573133945844476, 0.03863869768995102, 0.0042027935280226515], [0.9363022802849504, 0.0363080804418798, 0.02495637313253023, 0.0024332660406394925], [0.9333268829620541, 0.03852696273903122, 0.026071430639184736, 0.0020747235597298654], [0.930142415451673, 0.0344178613694648, 0.02990612998369492, 0.0055335930951673365], [0.9245033701944047, 0.028360064621501795, 0.045323036638431034, 0.0018135284456624974]], "ideal": "D", "sampled": "D", "correct": true}}
{"type": "result", "data": {"idx": 11, "options": ["0.024 m", "0.048 m", "0.121 m", "0.242 m"], "probs": [[0.11080856269282371, 0.6788531922233293, 0.18560933477185013, 0.024728910211996927], [0.10892996474946173, 0.6885366618680725, 0.17411187743436307, 0.028421495848102635], [0.0928828114836027, 0.654949296569097, 0.2263710667243031, 0.025796825122997254], [0.10517620255668703, 0.6967091040578327, 0.17895707643052425, 0.019157616854956018], [0.09961056838170844, 0.7361061072223324, 0.1361820715404363, 0.028101252755522905], [0.10175461245238528, 0.6954438037814357, 0.17862842842172133, 0.02417315524445771], [0.14900466512088067, 0.6273968663307231, 0.19136855703245537, 0.03222991141594078], [0.14777217139533103, 0.6520741945639585, 0.17012632842111636, 0.030027305519594042], [0.12110774691544615, 0.6969937358041273, 0.15312834681472604, 0.02877017036570048], [0.13471556009604452, 0.6842192563673432, 0.16254267458205232, 0.01852250885455997], [0.11117884184265446, 0.7718074090958487, 0.09511801316031289, 0.021895735801184008], [0.1154188604270014, 0.6961330271952307, 0.1733059609131709, 0.015142151364596929], [0.17313047203148108, 0.5089126361486592, 0.28108898535399685, 0.03686790636586278], [0.17868350385464293, 0.5090779473316313, 0.28118269904658233, 0.031055849667143517], [0.1438184392778918, 0.6650780402967964, 0.1604779806118596, 0.03062553971345216], [0.1428970295274161, 0.6404921626569196, 0.19536737260618062, 0.021243435109483698], [0.14352960034646972, 0.7176857314741744, 0.11181132994120771, 0.02697333813814818], [0.1397974734320263, 0.677517268314517, 0.15599955006620714, 0.02668570808724957], [0.16496289527422586, 0.3835937804973782, 0.4084025140412407, 0.04304081008715522], [0.16878784562494858, 0.4447505605986555, 0.33577282962671806, 0.0506887640496779], [0.11649222367043559, 0.6600421494319554, 0.19210718069260158, 0.03135844610500747], [0.12115833726567898, 0.6153570321278777, 0.23727790655389053, 0.02620672395255276], [0.12844454516345566, 0.7164831587839782, 0.12259132399473488, 0.032480971957831256], [0.12797014437820725, 0.6601911794855212, 0.18623906406805, 0.025599611968221594]], "ideal": "D", "sampled": "C", "correct": false}}
{"type": "result", "data": {"idx": 12, "options": ["Specific heat", "Thermal conductivity", "Electrical resistivity", "Hall coefficient"], "probs": [[0.007753545287530854, 0.01590978231815124, 0.9103944793294207, 0.0659421929648971], [0.007117309717889609, 0.015791486160326648, 0.8622218536013276, 0.11486935042045615], [0.012172100699784295, 0.15062535509010264, 0.010092095940859212, 0.8271104481692538], [0.022094736799893034, 0.11759464688302664, 0.8555320733985199, 0.00477854281856046], [0.017145683907373414, 0.3609203977106553, 0.007974608763373168, 0.6139593095185981], [0.02019822054497535, 0.6382542898474535, 0.3363599207465937, 0.005187568760977428], [0.0073701833534348445, 0.026959753063005645, 0.8129356027764094, 0.15273446070715005], [0.0063206423032020655, 0.02423072038172725, 0.5963029700757522, 0.37314566713931846], [0.009529240943186712, 0.4180634545188315, 0.00983264909054886, 0.562574655347433], [0.015445274892614796, 0.3354433999220488, 0.6466289020467452, 0.0024824230385911746], [0.013140671529062644, 0.22576407584051633, 0.009174698433117662, 0.7519205540973034], [0.03371508088593422, 0.13128234568533795, 0.8298318809351938, 0.005170692393534069], [0.010822696856124825, 0.036046249368213684, 0.008834276719317408, 0.9442967769563441], [0.02390658901955133, 0.028838247621903863, 0.9402976815079224, 0.00695748175062245], [0.010363475814265886, 0.03242545325864286, 0.009585814915587326, 0.9476252559115039], [0.028522352696844337, 0.02291992568522352, 0.9446974112049881, 0.003860310312944016], [0.016545009216873397, 0.9767608252506982, 0.004523818476527118, 0.0021703469559013417], [0.01655283076463244, 0.9772214677023503, 0.004185864866155514, 0.0020398365668617834], [0.0461737048400068, 0.056576123105108754, 0.012236924362122311, 0.8850132475927621], [0.09204150786843725, 0.04701311912111074, 0.8466071532934337, 0.014338219617018255], [0.05355112387220938, 0.051906292795133355, 0.016592311860795548, 0.8779502713718617], [0.10856137464064063, 0.031105913334604055, 0.8541111381023517, 0.006221573822403567], [0.2609485719588221, 0.709360191463377, 0.017485657933095193, 0.012205578544705673], [0.45846498691124143, 0.5035455301428778, 0.02753820869853203, 0.010451274147348654]], "ideal": "D", "sampled": "D", "correct": true}}
{"type": "result", "data": {"idx": 13, "options": ["two hydrogen atoms and one helium atom", "four hydrogen atoms and one helium atom", "six hydrogen atoms and two helium atoms", "three helium atoms and one carbon atom"], "probs": [[0.5642501167784587, 0.26659834630541285, 0.14727234976078407, 0.02187918705534433], [0.5226207151108712, 0.413527262335032, 0.022272136968644565, 0.041579885485452286], [0.569413751411894, 0.23743401717227022, 0.1710722804084267, 0.022079950907409128], [0.5824260115041048, 0.35334229465765893, 0.02521094679580349, 0.039020746942432766], [0.46200824467700363, 0.20509274607474196, 0.2513448335179401, 0.08155417563031427], [0.5216467418867746, 0.15425777548691155, 0.24655261817010823, 0.07754286435620562], [0.4072545018662618, 0.4137815082485883, 0.1499179396658997, 0.029046050119250266], [0.35691482943896774, 0.5794785912027376, 0.023560843130632263, 0.04004573612766238], [0.29201543491402426, 0.6280692254202226, 0.06124649975532918, 0.018668839810424005], [0.2372362889369615, 0.7195512584664171, 0.018595229659277065, 0.024617222837344292], [0.3113268706286618, 0.2010939329987518, 0.40635768786055376, 0.08122150841203254], [0.3625617731899125, 0.17403540595931033, 0.38620064624705897, 0.07720217450371823], [0.5089427960996991, 0.19937783997615005, 0.2601421244964441, 0.03153723932770679], [0.5869238682135158, 0.31424950208908864, 0.046733571786491235, 0.05209305781090426], [0.49537361613509295, 0.31993337151462126, 0.15843732004216485, 0.026255692208120934], [0.44738184254315105, 0.4763570324597517, 0.033991807598611055, 0.0422693172984862], [0.3423873040804891, 0.25058818981174974, 0.3269552436273034, 0.0800692623804577], [0.33254165452125267, 0.23223783179357874, 0.35984660026727183, 0.07537391331789674], [0.0870392455252533, 0.7639070606230152, 0.09867701494681122, 0.050376678804920305], [0.07908019039718335, 0.7742654901510648, 0.10159356399087807, 0.04506075536087375], [0.12024775129765403, 0.6604489861229004, 0.15691647428351543, 0.06238678819593012], [0.12533740371195104, 0.43081517879936526, 0.39240558908368395, 0.05144182830499977], [0.06352144869220677, 0.8770293102451331, 0.026494345075911363, 0.03295489588674879], [0.07625017038017878, 0.8459387940737684, 0.047002620154177825, 0.030808415291875023]], "ideal": "B", "sampled": "C", "correct": false}}
{"type": "result", "data": {"idx": 14, "options": ["Lines in the infrared, visible, and ultraviolet regions of the spectrum reveal primarily the nuclear structure of the sample.", "The wavelengths identified in an absorption spectrum of an element are among those in its emission spectrum.", "Absorption spectra can be used to determine which elements are present in distant stars.", "Spectral analysis can be used to identify the composition of galactic dust."], "probs": [[0.1338340510865436, 0.34722179688351795, 0.2173294755201191, 0.3016146764098193], [0.12839570640233683, 0.31292361017912634, 0.2554406523449088, 0.303240030973628], [0.10542050981414998, 0.10220372202522078, 0.47268256865989167, 0.3196931994007376], [0.07728795418532854, 0.0737665715081771, 0.10403520225307086, 0.7449102719534235], [0.0975352422039951, 0.07598037045492774, 0.5442548231458354, 0.28222956409524175], [0.08963507957675829, 0.07912358463978221, 0.14783177937955036, 0.6834095563039091], [0.1338025033340166, 0.3210606276667923, 0.2662502228947464, 0.2788866460044447], [0.12995241387449935, 0.28390931657232943, 0.2839752393084621, 0.3021630301447092], [0.10841771357610591, 0.0972104077637922, 0.5683980453368246, 0.2259738332232773], [0.08758745406874921, 0.07263413125022689, 0.09474901924637943, 0.7450293953346444], [0.09548320833718829, 0.0911324193490602, 0.5497374656933095, 0.263646906520442], [0.09611334937187571, 0.08618045854244485, 0.23799455872762149, 0.579711633258058], [0.06858865630907808, 0.09377070399133687, 0.4838141228842248, 0.3538265167153602], [0.046688753860152456, 0.07579977629319128, 0.11203578203062789, 0.7654756877160284], [0.06576775807801663, 0.10348859505429561, 0.46389440043023317, 0.3668492463374546], [0.06019319260547289, 0.09325398229578924, 0.1467271489333791, 0.6998256760653587], [0.036430493264954775, 0.033177443092555874, 0.46525267108535884, 0.46513939245713054], [0.0477331284216975, 0.03896873472963054, 0.35837292934628523, 0.5549252074023867], [0.06171491805809288, 0.0756291428019239, 0.6333504766846362, 0.22930546235534702], [0.05551589258864496, 0.09594291310181496, 0.20312590691330953, 0.6454152872962305], [0.06909558869881202, 0.1175577333633932, 0.5269419511108514, 0.28640472672694334], [0.07713239351885601, 0.13753851734445544, 0.24142343394191934, 0.5439056550947692], [0.03840695163262373, 0.03497707293822313, 0.538701147087129, 0.38791482824202406], [0.05196299848613923, 0.043089285455260036, 0.32851275632893645, 0.5764349596296643]], "ideal": "A", "sampled": "A", "correct": true}}
{"type": "result", "data": {"idx": 15, "options": ["Bosons have symmetric wave functions and obey the Pauli exclusion principle.", "Bosons have antisymmetric wave functions and do not obey the Pauli exclusion principle.", "Fermions have symmetric wave functions and obey the Pauli exclusion principle.", "Fermions have antisymmetric wave functions and obey the Pauli exclusion principle."], "probs": [[0.6658346005919868, 0.10054171163297727, 0.1999493553993049, 0.03367433227573101], [0.6487008952769915, 0.11632355344742916, 0.20415526702506473, 0.030820284150514597], [0.7463528401946794, 0.1745509777110462, 0.04923620746185443, 0.02985997453242002], [0.7067510294060533, 0.1528667170092941, 0.12476719577643512, 0.015615057708217457], [0.7360357888212959, 0.20764078893957022, 0.036084466888724145, 0.02023895525040966], [0.5770052074809042, 0.2521032392726565, 0.15291345117947183, 0.017978101966967447], [0.07950666224817156, 0.7427025632663479, 0.11390280684993191, 0.06388796753554861], [0.0814531159536018, 0.6407309269373276, 0.20479816501474063, 0.07301779199432995], [0.08199798284396864, 0.22999222488639492, 0.6350645398642424, 0.052945252305394076], [0.07161321543642908, 0.23853384133675914, 0.5904200716502636, 0.09943287147654821], [0.09203273733505622, 0.5054069719300387, 0.26221555273432323, 0.14034473790058186], [0.09289621923187878, 0.49445268440698475, 0.23357561032529747, 0.179075485935839], [0.7351547040708012, 0.09644197841860168, 0.10107798270895699, 0.06732533470164014], [0.745350303874578, 0.06412370012604758, 0.17431341268828454, 0.016212583211089822], [0.16993410123970043, 0.07084621171632295, 0.7382784751088928, 0.02094121183508382], [0.31307932381465237, 0.10007423794675968, 0.5410301028280948, 0.04581633531049312], [0.8189979156638227, 0.0584123429857812, 0.11259675717440082, 0.009992984075995246], [0.7712217338737987, 0.08928248764329941, 0.07518893255468533, 0.06430684582821655], [0.8324860094161415, 0.07624323991965734, 0.06942746339944061, 0.021843287164760573], [0.849633726843994, 0.06974859062764012, 0.06975343350521707, 0.01086424892314888], [0.7808922412077677, 0.08361040675384541, 0.09474986649474916, 0.04074748544363771], [0.8272566208985362, 0.06898229825304673, 0.07117718698726147, 0.03258389376115557], [0.8708801398431624, 0.042028401669060494, 0.06929607791946887, 0.017795380468308294], [0.8407857574762021, 0.055461176566983586, 0.07011454186035056, 0.03363852399646374]], "ideal": "D", "sampled": "D", "correct": true}}
{"type": "result", "data": {"idx": 16, "options": ["The Heisenberg uncertainty principle", "The Pauli exclusion principle", "The Bohr model of the atom", "Nuclear hyperfine coupling"], "probs": [[0.029204539857021792, 0.9086441350768356, 0.056309636360109, 0.0058416886060335795], [0.025970811844306527, 0.9446811892811903, 0.009120684682234407, 0.020227314092268796], [0.07327926630243757, 0.0677928675720525, 0.8392035051637804, 0.01972436086172953], [0.026355082212848647, 0.05940599329544029, 0.02762853722322886, 0.8866103871684822], [0.057796091050820946, 0.037917740780487263, 0.8499884040175815, 0.05429776405111037], [0.025660234476286334, 0.03913847583370144, 0.1114926669079083, 0.8237086226821039], [0.7569332598250913, 0.07981827727939828, 0.14916360140610715, 0.014084861389403238], [0.7970263986871815, 0.10791343489668018, 0.03730981437976765, 0.05775035193637061], [0.7842352708008634, 0.09225334644733668, 0.10958671925956186, 0.013924663392237985], [0.8056651387264617, 0.1236021689784811, 0.02802603165728728, 0.04270666053776992], [0.7973470330626964, 0.051798106644422845, 0.10144103609019715, 0.04941382410268362], [0.749874801294854, 0.06453863050115291, 0.1345471943781056, 0.05103937372588751], [0.08356630071826254, 0.0631005243579165, 0.8315321817749918, 0.02180099304882914], [0.026976337050712992, 0.0444878404284967, 0.021016621490329915, 0.9075192009304603], [0.02835395087636023, 0.9390867064657067, 0.026232347555673954, 0.006326995002259153], [0.026102015281154956, 0.9494570405146411, 0.0065003101463149, 0.017940633957889016], [0.035660782689723794, 0.07913662875686536, 0.06068088780053948, 0.8245217006528713], [0.0580038509755919, 0.045901404157832955, 0.8398731508077335, 0.056221593958841624], [0.057461906218743024, 0.05315949022238333, 0.8319149612548518, 0.057463642204021934], [0.03080206504848606, 0.06321760937573344, 0.13594014894457582, 0.7700401765312047], [0.02634781608596648, 0.9145037565006138, 0.02635669717807021, 0.032791730135349494], [0.022672926962580213, 0.9200481158319063, 0.02376928548320124, 0.03350967162231224], [0.03345537855613853, 0.08027450560107124, 0.13655730775367644, 0.7497128079891138], [0.043665929648400374, 0.04506469044239134, 0.8640550180989339, 0.04721436171027433]], "ideal": "B", "sampled": "B", "correct": true}}
