{"type": "result", "data": {"idx": 0, "options": ["k = 0 and n = 1", "k = 1 and n = 0", "k = n = 1", "k > 1"], "probs": [[0.0961649783145213, 0.24946865251051661, 0.27402084858940023, 0.38034552048556186], [0.0634034523082247, 0.08270655879693274, 0.7372737204765758, 0.11661626831826676], [0.08857787597585287, 0.2297878167501039, 0.18757315397413, 0.49406115319991323], [0.06457354343551644, 0.09251023069877781, 0.7164881833569217, 0.12642804240878408], [0.12026001629654902, 0.4331416559382892, 0.23553209266151556, 0.21106623500364624], [0.11307737580305477, 0.42019645465101396, 0.2713444495486909, 0.19538171989724032], [0.1299267262090456, 0.2316560297972766, 0.3267345726163286, 0.31168267127734917], [0.1182439099577385, 0.13612482761719513, 0.5914104932795925, 0.1542207690454739], [0.12393664382743286, 0.3215205323148039, 0.10119124350144973, 0.4533515802563135], [0.08847839997601258, 0.10346064561374547, 0.6962129965292632, 0.11184795778097872], [0.10195108668539432, 0.6753640778012898, 0.09580465516723688, 0.126880180246079], [0.08910822174029552, 0.7120205799839674, 0.10100525029530626, 0.09786594788043082], [0.07326282614677779, 0.18421086804373885, 0.07924158184362962, 0.6632847238658538], [0.03927323426593485, 0.04181152054756477, 0.8531461206121155, 0.06576912447438488], [0.0940594286517702, 0.3182477307262502, 0.11000411792483414, 0.47768872259714545], [0.04731451631396014, 0.05116588153987049, 0.8259119236777349, 0.07560767836843442], [0.04657314483573649, 0.8386457215497403, 0.04806887128673729, 0.06671226222778598], [0.05003554913765494, 0.8203443563024635, 0.06229034274422002, 0.06732975171566156], [0.24656726050046168, 0.3940737188351407, 0.16430350891640585, 0.19505551164799173], [0.20915426555245112, 0.39080709865911223, 0.2446060332646123, 0.15543260242382437], [0.27570408990761447, 0.40120995638545576, 0.13653174244784555, 0.18655421115908424], [0.2836379004866151, 0.41275073536266743, 0.18901003191182755, 0.11460133213888993], [0.2166132000376751, 0.5278831641163568, 0.13773146065092443, 0.11777217509504362], [0.23619793611350842, 0.45533919935311484, 0.20527384102588872, 0.10318902340748799]], "ideal": "B", "sampled": "D", "correct": false}}
{"type": "result", "data": {"idx": 1, "options": ["0", "1", "2", "3"], "probs": [[0.08744673141057364, 0.26939050765423367, 0.5529251982499298, 0.09023756258526287], [0.07040419964073787, 0.22730309581560498, 0.5806233113237751, 0.1216693931198821], [0.05938256704793445, 0.4122488658081516, 0.46000926139789955, 0.06835930564601438], [0.05897719543303435, 0.4938667809747468, 0.35579688875631754, 0.09135913473590133], [0.04535520076298157, 0.5272958874175158, 0.36818632479800495, 0.05916258692149768], [0.04122982576993442, 0.5872844500795159, 0.319359930717003, 0.05212579333354661], [0.1357705501932112, 0.09935257661710174, 0.6898831857874383, 0.07499368730224867], [0.11068010906335145, 0.0797374364517021, 0.7335001612056513, 0.07608229317929516], [0.19521093802908612, 0.5920530689374567, 0.12609561068262462, 0.0866403822508326], [0.19906119844972367, 0.47759884813412584, 0.27220593725293835, 0.05113401606321212], [0.11699374589653495, 0.7280672083355012, 0.07324972638873313, 0.08168931927923073], [0.11373623628874072, 0.44291583359157255, 0.40972209583181884, 0.03362583418786787], [0.2174582746786235, 0.12011839269214133, 0.5384933271690145, 0.12393000536022059], [0.16037053641397003, 0.09139361568101974, 0.6650219857762926, 0.08321386202871763], [0.20097296536858714, 0.5637240577290211, 0.09497489317227037, 0.14032808363012136], [0.18890767654314622, 0.39376859532860103, 0.3758189253789982, 0.0415048026492545], [0.24687941719204642, 0.4471161400166177, 0.17789630425405023, 0.1281081384372856], [0.2313346567045934, 0.3162413634933821, 0.4061457853191318, 0.04627819438289264], [0.1794793051612126, 0.09460035891776848, 0.6267819030384142, 0.09913843278260473], [0.156843222516879, 0.08938277824083168, 0.692341890115181, 0.06143210902710828], [0.19598461977644843, 0.5671824300792238, 0.1082781420283243, 0.12855480801600352], [0.17837943068456735, 0.3603835986179949, 0.42142787414513344, 0.03980909645230429], [0.28759625122657007, 0.4668754865227843, 0.15641906622843776, 0.08910919592220787], [0.30512272740228397, 0.40426834660696337, 0.2452493115036565, 0.045359614387096146]], "ideal": "D", "sampled": "D", "correct": true}}
{"type": "result", "data": {"idx": 2, "options": ["n = 1 and r = 6", "n = 1 and r = 7", "n = 2 and r = 5", "n = 2 and r = 6"], "probs": [[0.15535872493256542, 0.3612336108370638, 0.39063759691432215, 0.09277006721604862], [0.15111286122090342, 0.3740235435897201, 0.3625644607135691, 0.1122991343758073], [0.12803832363001827, 0.49083849362493703, 0.2931227836603318, 0.08800039898471289], [0.10957342273003155, 0.34823698057858454, 0.4835383811321635, 0.05865121545922037], [0.14566173092046295, 0.43488175968594966, 0.328302601790458, 0.09115390750312942], [0.14354277611046673, 0.3963519186744143, 0.396407798026804, 0.06369750708831497], [0.13138174693895568, 0.45858402175346946, 0.330346256194422, 0.07968797501315285], [0.10410737245233874, 0.5124556421721126, 0.27433204648135584, 0.10910493879419281], [0.12613819632265863, 0.3885498969505345, 0.388597074027221, 0.09671483259958587], [0.1180795615221069, 0.43873788229422933, 0.35813186636359023, 0.08505068972007356], [0.1246835645210698, 0.4218163128994841, 0.36084213311577285, 0.09265798936367323], [0.12628848002633947, 0.36544302631994985, 0.43402651017856597, 0.07424198337514468], [0.13418994942597212, 0.5064483322177149, 0.27538651430376127, 0.08397520395255169], [0.12428090067664407, 0.36529669434125545, 0.43385395726584547, 0.076568447616255], [0.14190542917870155, 0.3623851213344536, 0.391887272090412, 0.10382217729643281], [0.1267791250726396, 0.33403259761295684, 0.4357126387198612, 0.10347563849454233], [0.11385794303701899, 0.5604516058431545, 0.2410771458698704, 0.08461330514995614], [0.128302564979295, 0.6414927530314516, 0.15238436246112663, 0.07782031942812674], [0.1472220023946911, 0.5385384794021065, 0.23165425592662756, 0.08258526217657476], [0.15383547428221217, 0.32568237113816456, 0.45221720204157284, 0.06826495243805045], [0.10899527790066584, 0.21677295215426917, 0.5893449011050935, 0.08488686873997146], [0.1347893645448209, 0.25579506537435137, 0.5167750792698124, 0.09264049071101532], [0.10191703069495547, 0.5865168701982387, 0.23700085809693935, 0.07456524090986642], [0.09633609579779881, 0.668725545125447, 0.17175891865742038, 0.06317944031933381]], "ideal": "D", "sampled": "C", "correct": false}}
{"type": "result", "data": {"idx": 3, "options": ["4", "8", "16", "2sqrt(2)"], "probs": [[0.25898569819721545, 0.43383589382601645, 0.23960500953185615, 0.06757339834491197], [0.26397164670079054, 0.4781009376278397, 0.17865448522813404, 0.07927293034323576], [0.1568923995581987, 0.12611563442199927, 0.6713248857418375, 0.0456670801779646], [0.27033505243839123, 0.33651274940750675, 0.18583594537658724, 0.2073162526775148], [0.2629966319984967, 0.2358044876307857, 0.4270050036328943, 0.07419387663782333], [0.28456320507770655, 0.23967856942168483, 0.24345453845645676, 0.23230368694415185], [0.12132079062648765, 0.5789306716121663, 0.21635235682684043, 0.08339618083450566], [0.12392297570543502, 0.6393612717847614, 0.15915568408500563, 0.07756006832479792], [0.140093360820309, 0.3013404382955364, 0.4892022244737431, 0.06936397631041147], [0.13516823946077974, 0.5023179649804383, 0.2486717998732804, 0.11384199558550148], [0.1533889781782793, 0.503043238045957, 0.24137498615782935, 0.10219279751793436], [0.14499349242518078, 0.4755115295987473, 0.21771850206529214, 0.16177647581077975], [0.11632512690369327, 0.27914719419029793, 0.5552627770851503, 0.04926490172085849], [0.09696530215549014, 0.6524865212367983, 0.11162956643532809, 0.13891861007238349], [0.0998422969003445, 0.6311877486817369, 0.22862357324727178, 0.040346381070646885], [0.08546665564715496, 0.761906884889315, 0.08286059148855679, 0.06976586787497319], [0.13456542387554196, 0.15736123448940362, 0.5579258036673698, 0.15014753786768467], [0.08784962338787167, 0.07877054791842131, 0.7833179668065378, 0.05006186178716926], [0.09713314783496718, 0.17319371520365134, 0.6639430225449098, 0.06573011431647166], [0.09707702934114522, 0.3134229615467234, 0.2809437068523712, 0.3085563021597602], [0.08907608008295685, 0.44542721241301886, 0.39929360444794876, 0.06620310295607552], [0.08470997642959029, 0.5524648817648034, 0.23761809474766454, 0.12520704695794183], [0.07370237895552834, 0.1334850023034095, 0.6674228806510287, 0.12538973799003342], [0.05813920713898319, 0.07584661527138263, 0.8154966538141508, 0.050517523675483345]], "ideal": "A", "sampled": "B", "correct": false}}
{"type": "result", "data": {"idx": 4, "options": ["2/69", "1/30", "2/23", "12/125"], "probs": [[0.111847077362493, 0.3392185778035377, 0.5173811181055152, 0.03155322662845408], [0.11451947579732677, 0.6694837309135275, 0.1565765174637235, 0.05942027572542218], [0.08332120859128396, 0.6554510775889771, 0.23374719078402714, 0.02748052293571177], [0.0815728318844051, 0.7386024107582232, 0.13880153205797152, 0.04102322519940023], [0.10155440650521073, 0.49219825445697907, 0.34367163778162585, 0.06257570115618431], [0.10222944175858548, 0.4877878572389815, 0.3569383429211574, 0.05304435798127564], [0.06953949532364422, 0.3423271502385476, 0.5557897727812088, 0.03234358155659939], [0.06512000677947709, 0.6375321410437671, 0.24969909615809935, 0.04764875591865649], [0.04760373933270951, 0.7447364024367489, 0.1769200937790044, 0.03073976435153718], [0.04468913798357471, 0.804712423654407, 0.10073793045993756, 0.0498605078020807], [0.07980352401520907, 0.19146777116923838, 0.6684805550955653, 0.06024814961998734], [0.07920122145814433, 0.3133020996734122, 0.5330811142388366, 0.07441556452960678], [0.09555765667604943, 0.42832784775062027, 0.4420352477303042, 0.03407924774302604], [0.09146158123706355, 0.5516832901974191, 0.30473121089477184, 0.05212391757074546], [0.11768210853253895, 0.4583108202727759, 0.37416492076893193, 0.04984215032575319], [0.10596461400635589, 0.6004494741192998, 0.20433502962889274, 0.08925088214545153], [0.09742608193623153, 0.2527565237409633, 0.5878752184727843, 0.06194217575002077], [0.09689256186959684, 0.4144437158273075, 0.4017899780396922, 0.0868737441634035], [0.05669430994161894, 0.6388593291639962, 0.2581683387417402, 0.046278022052644606], [0.0553677282709175, 0.6538489034749221, 0.2521258062053945, 0.03865756194876592], [0.0736724428379874, 0.2234467763103493, 0.6268576278442296, 0.07602315290743367], [0.07924320702630538, 0.24413232174068758, 0.6139273185468228, 0.06269715258618419], [0.05665819430765461, 0.5723071779082193, 0.316112403780088, 0.05492222390403818], [0.059841189017188025, 0.6434502145542705, 0.24048577034590718, 0.0562228259826343]], "ideal": "C", "sampled": "C", "correct": true}}
{"type": "result", "data": {"idx": 5, "options": ["(S, +, x) is closed under addition modulo 10.", "(S, +, x) is closed under multiplication modulo 10.", "(S, +, x) has an identity under addition modulo 10.", "(S, +, x) has no identity under multiplication modulo 10."], "probs": [[0.05808799843105936, 0.20599340360772173, 0.3909885374286611, 0.3449300604325578], [0.0520861439043926, 0.1735275212721222, 0.4792572188008806, 0.2951291159226046], [0.06094140150181535, 0.1907281747526416, 0.350882000009362, 0.3974484236361811], [0.04696613764779278, 0.140254075579153, 0.5548560432769407, 0.2579237433961135], [0.053305856925921005, 0.23162536470094428, 0.4130243056877508, 0.3020444725853839], [0.05406548354112086, 0.20732003062156826, 0.5213844082470318, 0.21723007749027903], [0.04921089954866287, 0.34705332959027557, 0.28777693091191753, 0.315958839849144], [0.05272280620713828, 0.2515971754089668, 0.470186191384645, 0.2254938268992499], [0.0383806487939845, 0.12200532061874726, 0.5731788255700283, 0.2664352049172399], [0.0369971700794618, 0.11222107213107504, 0.677001431747658, 0.17378032594180506], [0.058640104885193084, 0.3271748276990635, 0.3594307142391169, 0.2547543530766266], [0.05356356501043649, 0.3386366367001451, 0.3182005881944983, 0.28959920999492006], [0.04958800189008146, 0.2723709920344748, 0.3337837134431028, 0.3442572925323409], [0.04231769455086239, 0.1782121459707556, 0.5577180696681139, 0.22175208971026814], [0.034005587246177436, 0.10477733575418849, 0.6624341708925906, 0.19878290600704343], [0.03911727753897614, 0.12052623450727036, 0.6416835331651425, 0.19867295468861104], [0.043888085275144095, 0.44337306901503787, 0.21277504317169835, 0.2999638024381197], [0.04074836377103487, 0.37481268350828045, 0.16635552976603574, 0.4180834228546489], [0.0855389360837353, 0.21513078463516702, 0.45560689398242066, 0.24372338519867703], [0.08105048576420898, 0.2103015089861825, 0.4740809064856826, 0.23456709866392594], [0.07544143722022467, 0.23982282695228205, 0.3954984067133467, 0.2892373290141466], [0.06926561301102617, 0.22717837004725616, 0.43800071856471456, 0.2655552982770031], [0.09271291173701939, 0.3392321270136193, 0.2443976474874492, 0.3236573136619121], [0.08153465069568318, 0.3225813377927225, 0.2360694382288873, 0.359814573182707]], "ideal": "D", "sampled": "D", "correct": true}}
{"type": "result", "data": {"idx": 6, "options": ["12*sqrt(2)", "6*sqrt(2)", "4*sqrt(2)", "1/(2*sqrt(2))"], "probs": [[0.05300264856697687, 0.7550172347974129, 0.1821743139430031, 0.00980580259260716], [0.046247109228112114, 0.8727484946043025, 0.051604609762504805, 0.02939978630508055], [0.04859125144672477, 0.7843307105451417, 0.1568915634914667, 0.010186474416666827], [0.03970550823938908, 0.8898077425183749, 0.04361797246775515, 0.026868776674480867], [0.0789149191734989, 0.5478683791189148, 0.2979037805781451, 0.07531292102944112], [0.07947085347985944, 0.5782043552641664, 0.2774528368081173, 0.0648719543478569], [0.07872971278492481, 0.5381135434175509, 0.36415941129975776, 0.01899733239776656], [0.056542234456546964, 0.7929590077775832, 0.08228701821419582, 0.068211739451674], [0.055502033629123336, 0.8416093986776771, 0.0901097101959584, 0.012778857397241153], [0.047838673079889926, 0.8887758270670847, 0.04710746564823837, 0.016278034104787027], [0.06959604192845728, 0.6921050415907509, 0.16185162555048088, 0.07644729083031088], [0.08900186053883437, 0.6178920611240004, 0.2536058619749838, 0.039500216262181455], [0.09004916082075595, 0.4502992247656593, 0.43652119415132795, 0.023130420162256794], [0.05894107852550175, 0.7526274582306568, 0.09569199699583397, 0.09273946614800747], [0.0723940716538069, 0.7784387323517735, 0.1270853108210937, 0.02208188507332585], [0.06420745194089027, 0.8198622173689833, 0.08916149619676751, 0.026768834393358875], [0.061372468208269366, 0.7247760511143239, 0.12995379059069567, 0.08389768998671103], [0.08220514684914973, 0.7102485920905434, 0.1687101876891457, 0.038836073271161224], [0.07995374708878364, 0.4460249243660959, 0.3875561990349927, 0.0864651294101277], [0.07640257363147583, 0.4066956876304004, 0.4329765672105219, 0.08392517142760182], [0.07299300081245834, 0.6112649299535531, 0.22488653842990852, 0.09085553070408005], [0.07827732345277058, 0.4948092938186168, 0.3794281666069514, 0.047485216021661225], [0.06494017834923359, 0.6767965705790066, 0.16076270103551732, 0.09750054993624255], [0.08446750390110588, 0.6440480018676799, 0.22259133473981002, 0.04889315939140427]], "ideal": "C", "sampled": "C", "correct": true}}
{"type": "result", "data": {"idx": 7, "options": ["0", "10%", "25%", "50%"], "probs": [[0.1494783870337725, 0.32654722974516043, 0.38785415793460526, 0.13612022518646177], [0.14535156973872201, 0.3327807733665498, 0.3380892230298703, 0.18377843376485783], [0.1267500427275825, 0.41567378110038944, 0.2948005926970155, 0.1627755833750126], [0.126008383977233, 0.4197412084959149, 0.33210294434701015, 0.12214746307984195], [0.10419463908645508, 0.5049883390079478, 0.24613721459848362, 0.14467980720711343], [0.11411553130160988, 0.45851651854362674, 0.3201509189319295, 0.10721703112283387], [0.15165819452167204, 0.1947757928590279, 0.5132796244298676, 0.14028638808943245], [0.14724361501976757, 0.20769977624870883, 0.47553873620185844, 0.16951787242966512], [0.14330000533369652, 0.4925317841634053, 0.21858339522455522, 0.14558481517834293], [0.17196514351306588, 0.3474726209990636, 0.4192351556610234, 0.06132707972684712], [0.12032793040664412, 0.44717817143113797, 0.24314793076972233, 0.18934596729249556], [0.1518015816119032, 0.242628582017341, 0.5555043650457762, 0.05006547122497967], [0.16724344837120472, 0.20819241986290252, 0.4408413999706531, 0.18372273169523964], [0.1696263723184138, 0.1863457123491301, 0.5310117802229157, 0.11301613500954041], [0.16420078765302365, 0.4001951634541849, 0.24657223360970243, 0.18903181518308906], [0.18174642051806897, 0.25239145377151334, 0.502053670504348, 0.06380845510606965], [0.1542825985226531, 0.530256446172495, 0.21426518099649997, 0.10119577420835196], [0.17022683834310426, 0.3958723456194226, 0.36617960703780056, 0.06772120889967259], [0.1897357077746242, 0.20519748022296225, 0.4211262401349489, 0.18394057176746464], [0.18225364385212833, 0.17124707995132774, 0.5359360575140029, 0.11056321858254109], [0.1861082679096795, 0.4129806869966756, 0.21764997162803204, 0.18326107336561287], [0.20934819713486516, 0.2335932633053435, 0.5024384387789361, 0.05462010068085524], [0.19401328597433648, 0.48027470820662527, 0.2098420435074508, 0.11586996221158745], [0.22987497021846207, 0.36740920217691303, 0.33986139547303207, 0.06285443203159283]], "ideal": "C", "sampled": "C", "correct": true}}
{"type": "result", "data": {"idx": 8, "options": ["None", "I only", "II only", "III only"], "probs": [[0.07929070838007661, 0.576838484129623, 0.20250948337562552, 0.14136132401467486], [0.06182536316949374, 0.5258482274357915, 0.19651723564930224, 0.21580917364541247], [0.08568660232824486, 0.5249238052806139, 0.23662673110850738, 0.15276286118263388], [0.09367053628538544, 0.5390766503455083, 0.19223848842718266, 0.1750143248419236], [0.06603458424690761, 0.4173831877084941, 0.2824500160761847, 0.2341322118684136], [0.0906940427714916, 0.4464547996880426, 0.27083160058069045, 0.19201955685977531], [0.09853687062964282, 0.5244811733698798, 0.24016192374091355, 0.1368200321595639], [0.07640110643635284, 0.4905313514387969, 0.23175260249627283, 0.20131493952857746], [0.07927017031219895, 0.2223554733524214, 0.5252124744905209, 0.1731618817448588], [0.09991098342531039, 0.31262486984806104, 0.2891550620345754, 0.29830908459205313], [0.04933533279097702, 0.1921328241588438, 0.4609629952868788, 0.2975688476633004], [0.09269533912364532, 0.26409706077174266, 0.40274693957791136, 0.24046066042670064], [0.12160893619043178, 0.3865057556429368, 0.2784326096973982, 0.2134526983692332], [0.12253371168439703, 0.38945366477597143, 0.23259597147925415, 0.2554166519603774], [0.09960302709537111, 0.23161263761588444, 0.42605993147404136, 0.24272440371470308], [0.125187171607803, 0.3147456896773292, 0.286606963149751, 0.27346017546511686], [0.10514363135412097, 0.18170021878676054, 0.4939909985314515, 0.21916515122766694], [0.13375662465183435, 0.21044917716140862, 0.43866515808882306, 0.21712903999793398], [0.0822063914023566, 0.35712182784325347, 0.27816194500348357, 0.28250983565090637], [0.10864161796427438, 0.3346831300708869, 0.300061774220157, 0.25661347764468173], [0.056911759496837126, 0.25113451665463926, 0.3432898844680363, 0.3486638392804872], [0.10401881920195077, 0.32042576904592096, 0.34112398796473115, 0.23443142368739708], [0.09863693780552359, 0.23665427903386677, 0.43534072519497596, 0.22936805786563366], [0.12085278756517305, 0.28101664520386344, 0.3723265888932971, 0.2258039782376664]], "ideal": "C", "sampled": "A", "correct": false}}
{"type": "result", "data": {"idx": 9, "options": ["Every compact space is complete", "Every complete space is compact", "Neither (a) nor (b).", " Both (a) and (b)."], "probs": [[0.07352240930674443, 0.305340551207269, 0.4178093386626664, 0.20332770072332015], [0.09330206780552959, 0.3932430025501549, 0.3935595926350004, 0.11989533690931509], [0.1123258669787257, 0.315575324364293, 0.19155677722959694, 0.3805420313273844], [0.0912966416491669, 0.17399213947117656, 0.5908251912178076, 0.1438860275618489], [0.07572771958179446, 0.5427881195634453, 0.16563627748431956, 0.21584788327044066], [0.07985054760261484, 0.33157462125364173, 0.46087575297571703, 0.12769907806802638], [0.05913931831767356, 0.437788185151934, 0.32063361760275744, 0.18243887882763496], [0.07245910005010792, 0.5443779107895474, 0.2871009344968482, 0.09606205456349635], [0.08960313282306667, 0.3440797302968957, 0.27670213371205354, 0.28961500306798404], [0.07505606337798289, 0.18355373093300542, 0.5581910775994688, 0.18319912798954288], [0.0641333143607226, 0.5048695651720874, 0.27465271128492674, 0.1563444090822633], [0.06420450007578181, 0.37013263058138957, 0.38823763110685666, 0.177425238135972], [0.10560879813503148, 0.2423616466904477, 0.061456526701225915, 0.590573028373295], [0.09457567866894298, 0.1886537181698291, 0.5478730078714158, 0.1688975951898121], [0.09581199184821516, 0.2531286945548714, 0.13165158914847153, 0.5194077243484418], [0.07804595387520429, 0.170947292022177, 0.5282842915616037, 0.22272246244101493], [0.04808912314587382, 0.6664181276739446, 0.11448201874610928, 0.17101073033407235], [0.04380710648208895, 0.5794432564432039, 0.12381316305085252, 0.2529364739238546], [0.14209812340867445, 0.39329576145397965, 0.07759554458646797, 0.3870105704508779], [0.14292444500275397, 0.3039282903356651, 0.41644859930357125, 0.13669866525800967], [0.1308582236976233, 0.3510556414057735, 0.1560400528739799, 0.36204608192262333], [0.12710465868348378, 0.2967542200016522, 0.38187037052479467, 0.19427075069006938], [0.10578029530216423, 0.6308196436337148, 0.12280246025916977, 0.14059760070495117], [0.0979738206177185, 0.5318767865401068, 0.1415184991957737, 0.22863089354640093]], "ideal": "A", "sampled": "D", "correct": false}}
{"type": "result", "data": {"idx": 10, "options": ["10", "20", "25", "45"], "probs": [[0.7604910843877124, 0.16447904949449374, 0.050961629310542815, 0.024068236707251035], [0.7165133294129105, 0.15988774297186326, 0.091115995570548, 0.03248293194467829], [0.7295184472575481, 0.16535308370257557, 0.0745417002210501, 0.030586768718826172], [0.7364127607785884, 0.16954420442098614, 0.05679948978750337, 0.03724354491292203], [0.6844384618578491, 0.17579044268913668, 0.10175365877807607, 0.03801743657493816], [0.6768018107452969, 0.17113456383326797, 0.10879407984113657, 0.04326954548029852], [0.057833974344741, 0.9189552235915948, 0.013316289831656667, 0.009894512132007609], [0.06288394054767037, 0.8956765602882507, 0.02424742648116366, 0.01719207258291526], [0.21143269300470618, 0.1925258018719201, 0.540014618506507, 0.056026886516866756], [0.3139124623275328, 0.30906252207869034, 0.21917337360733238, 0.15785164188644452], [0.18310126796844395, 0.28807813140907595, 0.4603965316282004, 0.06842406889427972], [0.1922962502026766, 0.22483096847050935, 0.49886074285539733, 0.08401203837141671], [0.05980785152134418, 0.8652780538646269, 0.049588981056599216, 0.02532511345742973], [0.057363091305237576, 0.8834297389186285, 0.031683129504251506, 0.027524040171882355], [0.16055953201984, 0.2486969931045142, 0.543279756862736, 0.04746371791290982], [0.17806765435345484, 0.46916872258263026, 0.23227207360329105, 0.12049154936062388], [0.1638810920262287, 0.20080649701132122, 0.537448402161435, 0.09786400870101514], [0.1744550991385363, 0.1828396252884248, 0.5209101074819945, 0.12179516799104438], [0.07370289524209922, 0.8175639631163684, 0.06607553460645839, 0.04265760693507398], [0.07885532902863791, 0.7840945941716461, 0.06745762335882578, 0.0695924533408902], [0.14882699811102065, 0.26121609816585273, 0.5360525130081749, 0.05390439061495167], [0.15282662666779237, 0.4857033635399822, 0.23673132765105334, 0.12473868204117204], [0.15106975272242554, 0.31487600536993027, 0.4801856809464245, 0.053868560861219716], [0.13408993083320814, 0.5140428504277601, 0.23536300481466954, 0.11650421382436225]], "ideal": "D", "sampled": "A", "correct": false}}
{"type": "result", "data": {"idx": 11, "options": ["1/64", "15/64", "1/4", "3/8"], "probs": [[0.05966189280815249, 0.6938557365641634, 0.18393652944153993, 0.06254584108614414], [0.05645306506974531, 0.6464304014260035, 0.23793097175847908, 0.059185561645772114], [0.07599054851389249, 0.616976426100655, 0.22354478632185812, 0.08348823896359446], [0.0808501255558066, 0.5702748383052317, 0.28686330146995476, 0.062011734569006875], [0.07214052283147178, 0.6433777260388617, 0.21561421612441756, 0.06886753490524895], [0.0847162566376136, 0.5975532860060041, 0.26944433435587267, 0.04828612290050967], [0.0910623486598286, 0.5849759956245766, 0.23285781467397185, 0.09110384094162301], [0.0790921094731597, 0.532562863756274, 0.2943679457839794, 0.09397708088658678], [0.06473367708820728, 0.7529246862442724, 0.115530156448331, 0.06681148011918926], [0.06342152623610635, 0.661233496995336, 0.2148014048793949, 0.06054357178916281], [0.05867777610273153, 0.7855832868618705, 0.1047403255276071, 0.05099861140779082], [0.06959418614733005, 0.6606678046047086, 0.21799782350725105, 0.05174018564071021], [0.12325111764933686, 0.5441078867432491, 0.24921303980320272, 0.0834279557042114], [0.14827849411311608, 0.5342182675726929, 0.24852130555174964, 0.06898193266244136], [0.0816161278169822, 0.7278085512940375, 0.12074051321000596, 0.06983480757897434], [0.09513432389836371, 0.5651350532631932, 0.28878685398809806, 0.05094376875034501], [0.07862843484433006, 0.8196535614097004, 0.06626590266608998, 0.035452100979879636], [0.08052627236414167, 0.7763743035128481, 0.10845347816018965, 0.03464594586282055], [0.11260230680335183, 0.5460520670938155, 0.26629777148746114, 0.07504785451537152], [0.14667376258538276, 0.5895434968801979, 0.2006748438083033, 0.06310789662611599], [0.08034074634906493, 0.7627294375358129, 0.10169005064614428, 0.055239765368977886], [0.10032384133946447, 0.6149033926367655, 0.23351048017755982, 0.05126228574621016], [0.09791340657021895, 0.7826449258008882, 0.07170594666991487, 0.04773572085897798], [0.08851469933764353, 0.7414817142048797, 0.12110298982898136, 0.048900596528495356]], "ideal": "B", "sampled": "D", "correct": false}}
{"type": "result", "data": {"idx": 12, "options": ["0", "1", "2", "3"], "probs": [[0.07014594866906568, 0.35077088545076746, 0.3454111166636775, 0.23367204911648937], [0.05931110240695839, 0.2920029428457945, 0.38693218986994327, 0.2617537647773039], [0.05845256149184304, 0.2745971679412903, 0.4896548389898834, 0.1772954314769833], [0.06380782513456576, 0.3504558633832304, 0.37316833332801674, 0.2125679780541871], [0.05394174046737939, 0.26144958805973234, 0.4809915059804099, 0.20361716539247834], [0.06341512914928013, 0.2798633727222691, 0.5069195363280139, 0.14980196170043691], [0.051374505154281845, 0.5354145447963149, 0.2778356219911598, 0.13537532795824347], [0.04759638223751981, 0.5198521845946891, 0.2740062895444042, 0.1585451435233869], [0.05128055179978445, 0.23350009841744832, 0.5691045649325498, 0.14611478475021747], [0.057990352953360504, 0.384174228855233, 0.27676422319295335, 0.28107119489845317], [0.04781650503513206, 0.24289428328625798, 0.5474944852954324, 0.1617947262831775], [0.05435699928487415, 0.259370861479252, 0.5578749733763736, 0.12839716575950025], [0.043950496215883955, 0.5524906023213627, 0.23766976622638164, 0.16588913513637163], [0.044600803899039206, 0.5694990817204485, 0.26079550674328894, 0.1251046075372233], [0.03871453524206465, 0.6651953408559901, 0.16303989168086516, 0.13305023212108014], [0.03356746508812211, 0.6956887685030424, 0.17051739607869956, 0.10022637023013586], [0.04919661861917486, 0.17446010978153467, 0.638339090314393, 0.13800418118489746], [0.046115747892480706, 0.16352697961592091, 0.6779688495022264, 0.11238842288937198], [0.031596475287987445, 0.6651626426854946, 0.18765250405737302, 0.1155883778691449], [0.03418015815646971, 0.6350090143570463, 0.2448700459380719, 0.08594078144841216], [0.034657737827176904, 0.6339093298735503, 0.20264416875243008, 0.12878876344684273], [0.03367445207414293, 0.6454674528772794, 0.23750117153346953, 0.08335692341510816], [0.04696878580418885, 0.3581358927963512, 0.4671980529318829, 0.12769726836757708], [0.043129099112019516, 0.5337630688754451, 0.29024214522685177, 0.13286568668568355]], "ideal": "A", "sampled": "A", "correct": true}}
{"type": "result", "data": {"idx": 13, "options": ["4", "7", "10", "13"], "probs": [[0.0382482345113785, 0.7682827762589001, 0.12941016829659407, 0.06405882083312735], [0.05074858475905612, 0.5718264366179175, 0.32080485218517457, 0.056620126337851774], [0.05167069016107661, 0.2279991388391396, 0.6702447183377378, 0.05008545256204602], [0.06273479712324731, 0.3287388359520503, 0.525406595077675, 0.08311977174702743], [0.05034103225286169, 0.25970062514144215, 0.6329089378941861, 0.057049404611509986], [0.05272063572500438, 0.4626514847274855, 0.41477656095682885, 0.06985131849068126], [0.08335240246359137, 0.6764816682757591, 0.13961394475678163, 0.10055198440386791], [0.08297637725571956, 0.6228240038901015, 0.22210076118124641, 0.07209885757293247], [0.07577855489055092, 0.39708528827930534, 0.46430752235364553, 0.06282863437649822], [0.08524113020579258, 0.4003997683065115, 0.4330124194038165, 0.08134668198387936], [0.06449948731353225, 0.6314350107210313, 0.24346735073374068, 0.06059815113169576], [0.06616513005782136, 0.5806353372807542, 0.29200027804138246, 0.06119925452004188], [0.029792786116862407, 0.6470699604386682, 0.2740135363022808, 0.04912371704218865], [0.025852201455756778, 0.7918236836151511, 0.1292745319451859, 0.05304958288390625], [0.0402055089158463, 0.546458309980877, 0.3640710453780002, 0.04926513562527655], [0.03641210936413376, 0.7546296259496033, 0.14404113857574433, 0.0649171260105186], [0.02739882940938498, 0.7291081912182589, 0.18726926447147235, 0.056223714800883756], [0.030693174434507847, 0.5975668630080706, 0.3249342550176602, 0.04680570743976137], [0.09431801411987968, 0.4361619249814561, 0.38496418524249054, 0.08455587555617365], [0.0907734192129603, 0.5224192180887418, 0.2627188284634998, 0.12408853413479809], [0.07063189121884145, 0.619827566160016, 0.26248466868128373, 0.04705587383985884], [0.06932488599656818, 0.7002170606909129, 0.1663366679931741, 0.06412138521934471], [0.08716327696167017, 0.4290763437318879, 0.4031379222466735, 0.08062245695976841], [0.08547738047070366, 0.44096813962256515, 0.4015671787609887, 0.07198730104574254]], "ideal": "B", "sampled": "B", "correct": true}}
{"type": "result", "data": {"idx": 14, "options": ["0.64", "0.72", "0.81", "0.95"], "probs": [[0.13588381796149246, 0.5633073834769614, 0.23858646157283664, 0.062222336888709526], [0.11395092326424186, 0.6558273277703195, 0.13120604439894396, 0.09901570446649473], [0.1292603568478934, 0.43735201676224084, 0.3741981857350898, 0.05918944055477597], [0.10643323002659655, 0.6222105760744255, 0.1649080849625982, 0.10644810883637967], [0.12785893867911238, 0.27498239685799214, 0.521982319928398, 0.07517634443449742], [0.12119422467909945, 0.27745760311265616, 0.526671306041005, 0.0746768660672394], [0.09857169013017464, 0.6428295516957397, 0.21203102643227015, 0.04656773164181541], [0.08669515698281227, 0.7373846768595501, 0.10625170170198317, 0.06966846435565446], [0.11419602928468359, 0.4960971395574618, 0.33575693291493214, 0.05394989814292245], [0.08990826866963453, 0.6439640877510341, 0.1733549619533007, 0.09277268152603074], [0.11271342875217358, 0.393453073754912, 0.4060396072142764, 0.08779389017863802], [0.11173689530770543, 0.29442102152772537, 0.5249936062316661, 0.06884847683290306], [0.08714544544980894, 0.595587953235569, 0.27275090695702303, 0.04451569425759905], [0.06769043458658194, 0.7509093563591558, 0.10820102348590543, 0.0731991854683568], [0.11347767973728905, 0.6329942257187353, 0.2023722310579304, 0.05115586338604523], [0.0838083047017485, 0.7017856365033244, 0.13188830622460745, 0.08251775247031967], [0.11189335010442915, 0.32381537227051643, 0.463973619770128, 0.10031765775492635], [0.11102189453391334, 0.33149094374116195, 0.47497038463880564, 0.08251677698611905], [0.06481293539939195, 0.6246654940169334, 0.26455750861683236, 0.04596406186684235], [0.06149361981213858, 0.650921697470112, 0.23579674781142504, 0.05178793480632439], [0.07155025429828571, 0.6278913931863325, 0.24981573594922285, 0.05074261646615896], [0.06976161922473077, 0.6218336247099243, 0.2633586535464569, 0.045046102418888005], [0.06306490073254306, 0.6572134436706223, 0.20364090977100122, 0.07608074572583336], [0.0685523488612661, 0.6607083450737946, 0.2213577006549518, 0.04938160530998745]], "ideal": "D", "sampled": "B", "correct": false}}
{"type": "result", "data": {"idx": 15, "options": ["I only", "II only", "III only", "I and II only"], "probs": [[0.08827691721652388, 0.2052976832772612, 0.22909541937866354, 0.4773299800275514], [0.08581279770590251, 0.16542960331954681, 0.6545007081904509, 0.09425689068409975], [0.09177509496337902, 0.20366118570086353, 0.30583803685456074, 0.3987256823811967], [0.09201827379236271, 0.16665139171721774, 0.6194138849346605, 0.12191644945575901], [0.14286135561368607, 0.498687408912425, 0.2283633926011699, 0.13008784277271898], [0.1190638542056229, 0.4935670792562921, 0.20579916236726797, 0.181569904070817], [0.06385032705364575, 0.2448000399702405, 0.21948888041384157, 0.47186075246227216], [0.06936457907529728, 0.16641182077677488, 0.6792307051165076, 0.08499289493142016], [0.05533504485530634, 0.13485288618646588, 0.47080433363974816, 0.3390077352184796], [0.0620008432058398, 0.11767461588079987, 0.6989222428592327, 0.1214022979541276], [0.08344251724804028, 0.4877728397734474, 0.31994825717086395, 0.10883638570764838], [0.08659314040744352, 0.5222750707091003, 0.20779649137130787, 0.18333529741214832], [0.05929611010173314, 0.230922257078196, 0.25767154074874676, 0.45211009197132407], [0.06788941812495485, 0.18747145308339727, 0.6053285237345638, 0.13931060495708408], [0.05651974662884512, 0.1635737820579238, 0.36870279259253363, 0.41120367862069745], [0.07170932578973141, 0.1566539967651325, 0.6198122362214649, 0.15182444112367127], [0.07253546795908043, 0.4307015111402659, 0.34077729755876196, 0.15598572324189172], [0.08439072283549644, 0.4562622342269002, 0.26002747011585114, 0.19931957272175216], [0.2611811342046237, 0.31507535357265926, 0.22347301733614872, 0.20027049478656833], [0.2123143460444583, 0.32887794584091073, 0.19039050665410306, 0.2684172013605279], [0.23595695898429211, 0.20825561009516777, 0.3831419164495559, 0.1726455143709842], [0.26122108488482326, 0.1972150980814041, 0.24551990991640468, 0.29604390701736794], [0.16704821581527088, 0.1922974712390406, 0.4542814980635402, 0.18637281478214837], [0.22451958392579643, 0.20446271006897962, 0.3319902469182357, 0.23902745898698827]], "ideal": "D", "sampled": "D", "correct": true}}
{"type": "result", "data": {"idx": 16, "options": ["I only", "II only", "III only", "I and II only"], "probs": [[0.06936628525829194, 0.27018541698850607, 0.29691866700925545, 0.3635296306439465], [0.06581441959357123, 0.18752918856162315, 0.6447085641468296, 0.10194782759797591], [0.06300874845805063, 0.2914508304561603, 0.3304537857027241, 0.31508663528306496], [0.06579470437719002, 0.23700343853835196, 0.5600513052365027, 0.1371505517479553], [0.09495927250986497, 0.42564033823465164, 0.33683743567618857, 0.14256295347929482], [0.08026702462028396, 0.434005277292086, 0.2675131479379304, 0.21821455004969964], [0.06622461283182031, 0.36945181207892247, 0.2580544679148041, 0.30626910707445315], [0.060077551890710276, 0.23396077845374944, 0.6263643129220499, 0.0795973566334904], [0.06246405466980624, 0.19855986840170642, 0.48405099005323093, 0.2549250867752564], [0.06207907661763992, 0.17689215962996624, 0.6275194158164541, 0.13350934783593973], [0.07377765491860165, 0.4449912706688139, 0.36332473967297196, 0.11790633463961252], [0.07841251789739404, 0.4443129300626854, 0.2738637923920472, 0.20341075954787333], [0.06463146905974344, 0.34406718351926524, 0.2681096771977232, 0.3231916701232681], [0.06817547383614916, 0.2739454270762164, 0.5201411959040342, 0.13773790308360026], [0.06925870477460641, 0.1973625570338297, 0.4180430769502306, 0.31533566114133327], [0.07317070080734805, 0.17286365118824554, 0.6038013831026857, 0.1501642648017207], [0.07393889569132607, 0.4189723979395317, 0.35296910121303304, 0.15411960505610914], [0.08068294906172642, 0.3910679198280279, 0.3346739136732745, 0.19357521733697122], [0.17437115050045646, 0.37500851783863964, 0.24990379435448543, 0.20071653720641847], [0.14571442112997207, 0.37216350639887036, 0.22232845257022554, 0.259793619800932], [0.1695084051398585, 0.23173424145054194, 0.400563704952642, 0.19819364835695757], [0.17273825920100944, 0.22889763796715693, 0.28060568212461845, 0.31775842060721515], [0.13625616239902266, 0.21441074352536502, 0.45413161672973046, 0.19520147724588185], [0.1561044053906383, 0.23440249960470125, 0.35208333584374013, 0.25740975906092034]], "ideal": "B", "sampled": "D", "correct": false}}
{"type": "result", "data": {"idx": 17, "options": ["-1/4", "-1/(4sqrt(2))", "0", "sqrt(2)"], "probs": [[0.23183134541326092, 0.4908719731506376, 0.1806395825658341, 0.09665709877026743], [0.22311855025201704, 0.5028847605346847, 0.18796447477739367, 0.08603221433590466], [0.20367200794978654, 0.29641518986437376, 0.39906564655194443, 0.10084715553389528], [0.1807460662653014, 0.39487404215669764, 0.29817343199510016, 0.12620645948290082], [0.22785959626259603, 0.44618951272549334, 0.22793806577568107, 0.09801282513622954], [0.19601670197697366, 0.4852354002293801, 0.1457337609642112, 0.173014136729435], [0.23382546702149148, 0.4234910435101403, 0.22323799796369478, 0.11944549140467342], [0.21344415841352343, 0.49635666603846856, 0.1586825698455438, 0.13151660560246417], [0.22930084849987753, 0.32344825036415276, 0.3185996805885624, 0.12865122044740732], [0.2216979397133584, 0.4341942330280409, 0.21169900663756339, 0.1324088205210373], [0.2135551029131047, 0.35215659351895656, 0.2874942293105717, 0.14679407415736703], [0.23203133282958757, 0.38867774517506887, 0.21472689616968443, 0.1645640257256591], [0.09791734902135756, 0.6798306843072124, 0.15902112846579775, 0.06323083810563226], [0.08445920426861668, 0.6963541222272696, 0.15542288817801533, 0.06376378522609837], [0.10480001993919683, 0.7390650739972036, 0.09547345661238153, 0.06066144935121801], [0.0944748811740957, 0.7549885454392297, 0.09753364995984193, 0.05300292332683268], [0.1180854115199957, 0.5377027867710197, 0.23498133787439854, 0.1092304637345861], [0.14114752638589764, 0.558407435503721, 0.21874361762509242, 0.08170142038528902], [0.13988826063358145, 0.43096691184952907, 0.3056790642300278, 0.12346576318686163], [0.10362902282632228, 0.5263803600738574, 0.1763569563450886, 0.19363366065473178], [0.145787526221335, 0.4633928191650827, 0.25597209808858795, 0.13484755642499432], [0.1393191599300755, 0.5341898520763892, 0.1935333128695856, 0.13295767502394967], [0.09669978868219585, 0.18938778276884904, 0.5837561605188787, 0.13015626793007645], [0.12171187360870313, 0.24982288664494998, 0.5210317101015512, 0.10743352954479564]], "ideal": "C", "sampled": "B", "correct": false}}
