{"type": "result", "data": {"idx": 0, "options": ["7 N", "5 N", "10 N", "12 N"], "probs": [[0.08024958667477251, 0.15470329262979837, 0.7044630121135319, 0.06058410848189718], [0.08035408079348257, 0.30805913069831997, 0.23995191213997635, 0.3716348762682211], [0.04380072234138355, 0.8798337041327962, 0.032559587248853335, 0.04380598617696693], [0.046718339666249435, 0.8815733658151402, 0.04821410330328848, 0.023494191115321847], [0.06368018306571122, 0.4490346342451579, 0.1786402506268049, 0.308644931962326], [0.07229855781492747, 0.12690073653264564, 0.7655604421032945, 0.03524026344913232], [0.06626061522232606, 0.17459282732554934, 0.7015710059261485, 0.057575551425976035], [0.07439489772760334, 0.3898416219238257, 0.20227778257310866, 0.33348569767546227], [0.04404009362823933, 0.81815980163319, 0.07852980903278778, 0.05927029560578284], [0.04759846485381786, 0.8306913127458497, 0.08099063243680024, 0.04071958986353212], [0.0567507129506507, 0.4128771264285261, 0.24657768835343485, 0.28379447216738835], [0.06761033933098039, 0.16220622004743923, 0.7272006380903792, 0.042982802431201186], [0.05405266662970074, 0.7579978220598547, 0.10421887194394276, 0.08373063926650184], [0.047767690775598115, 0.7472780858654758, 0.14264450806467754, 0.062309715194248556], [0.06723481265748406, 0.5126320008577672, 0.33104529233590446, 0.08908789404884428], [0.054818869702082725, 0.7221729404939938, 0.1444692690596783, 0.07853892064424518], [0.05579130869001718, 0.6093171993228204, 0.2621144422432967, 0.0727770496438658], [0.053183977467943344, 0.6685406935222861, 0.19459096183357666, 0.08368436707619392], [0.07847195527144114, 0.5890382238876941, 0.1610593581591085, 0.17143046258175623], [0.07918281490821781, 0.243928831683572, 0.6428272438775688, 0.03406110943064131], [0.06604881787729644, 0.5706399210937461, 0.19723459949919706, 0.16607666142976046], [0.07568519336166529, 0.34458227915351075, 0.5338190038320362, 0.045913523552787786], [0.029995335877571874, 0.9331979941857554, 0.024873918429534313, 0.011932751407138316], [0.03166388477181182, 0.9254341503789042, 0.02428512001963117, 0.018616844729652814]], "ideal": "A", "sampled": "C", "correct": false}}
{"type": "result", "data": {"idx": 1, "options": ["weight of fluid.", "volume of fluid.", "density of fluid.", "All of these."], "probs": [[0.21232507554385244, 0.14146183549685382, 0.04117575633646932, 0.6050373325228244], [0.31021324812638595, 0.1635029659273497, 0.503807929984261, 0.022475855862003263], [0.2371086715337704, 0.11202145038994941, 0.06383998184161681, 0.5870298961346634], [0.35002166876846935, 0.11544618288912327, 0.5095653060767649, 0.024966842165642513], [0.22735785792572605, 0.711472835748009, 0.03225883216307454, 0.028910474063190375], [0.2930374388655522, 0.6502463695828364, 0.029025285892540324, 0.02769090555907097], [0.25497952765975945, 0.12235723008668463, 0.04792210211667536, 0.5747411400368806], [0.3790191802905786, 0.12116464316792855, 0.4719235343651498, 0.02789264207634312], [0.3758704549929003, 0.10939862997038034, 0.07519909514631565, 0.43953181979040373], [0.4417746504516368, 0.09555782679347849, 0.4420021017832792, 0.020665420871605517], [0.38538775957977006, 0.5106873860484187, 0.056422793362249056, 0.047502060909562126], [0.41523541408021875, 0.5168587738195607, 0.03686642024967133, 0.03103939175054922], [0.16437283034191277, 0.15933887540193284, 0.06540238062828632, 0.610885913527868], [0.26156206008106997, 0.13154395462368576, 0.5805840133534342, 0.026309971841810036], [0.18783336875944542, 0.17104676364141888, 0.09747424720743092, 0.5436456202917048], [0.27272815965770414, 0.16035739179825248, 0.5427039557876906, 0.0242104926563528], [0.153553880749932, 0.7559527387929035, 0.0522628326683501, 0.03823054768881439], [0.15378305141956397, 0.7810933066315157, 0.03711315189527811, 0.02801048995364222], [0.33921852198995683, 0.3341777870592413, 0.19973700939003494, 0.12686668146076696], [0.2986258819605421, 0.3385766395799996, 0.18711730557124273, 0.17568017278821554], [0.26466291351464466, 0.4946263582621202, 0.1417732494399261, 0.09893747868330903], [0.23584061071423473, 0.523374632645204, 0.1344556550384908, 0.10632910150207044], [0.35146689049863516, 0.2493639475874049, 0.23813033385654694, 0.161038827957413], [0.3971379128335919, 0.28174313228870157, 0.19992496219643383, 0.12119399258127272]], "ideal": "B", "sampled": "D", "correct": false}}
{"type": "result", "data": {"idx": 2, "options": ["totally internally reflects", "passes into the air above", "is absorbed", "None of these"], "probs": [[0.172216461229282, 0.32687506140434014, 0.047099590958004645, 0.4538088863083732], [0.4632213275201428, 0.24802637848679374, 0.23677078671558924, 0.051981507177474254], [0.1875342954681179, 0.12495664040401323, 0.21594911007103346, 0.4715599539568354], [0.32451975825938495, 0.13118532494164936, 0.43725306442854867, 0.10704185227041702], [0.45442403307077756, 0.27146710729266543, 0.19873709086261726, 0.07537176867393974], [0.40274985399914104, 0.3845239476226549, 0.08192416170211261, 0.13080203657609143], [0.03905659782678709, 0.7486901031497551, 0.022969293567015905, 0.1892840053564418], [0.06712195521503353, 0.8178922519840294, 0.09178610951384136, 0.023199683187095727], [0.07971769392324213, 0.06821020539443107, 0.6177418689316749, 0.23433023165065184], [0.042087267609717045, 0.05322269290277077, 0.09790225961679659, 0.8067877797707156], [0.1375004351001568, 0.09022755174926658, 0.7102854847197735, 0.06198652833080315], [0.10186467166918108, 0.18452954015481626, 0.03869310708414358, 0.6749126809918591], [0.04130138345440791, 0.7097002716580545, 0.09310939006641598, 0.15588895472112155], [0.050749271213549295, 0.7118260661448652, 0.14694026932179793, 0.09048439321978755], [0.06590081300229111, 0.09895363146359962, 0.7314594714264523, 0.10368608400765697], [0.04074221316463247, 0.12166663147534011, 0.05658638771880585, 0.7810047675412215], [0.0749909166167601, 0.07864669316131309, 0.7469953035708206, 0.09936708655110625], [0.04518450964477727, 0.12287305006918368, 0.2726638716433922, 0.5592785685426469], [0.10096247109925627, 0.758473788296529, 0.08649679050883056, 0.05406694999538418], [0.09152673792628999, 0.7671461586312296, 0.03426700033997056, 0.1070601030025099], [0.1414963399735684, 0.3972265986331396, 0.3855115731390559, 0.07576548815423613], [0.07966378378034615, 0.4112240013673799, 0.028443116064456323, 0.4806690986878176], [0.08536332685832645, 0.05970141552347811, 0.6334026933311812, 0.22153256418701434], [0.038334324821621926, 0.06324900794989972, 0.15174870155271733, 0.746667965575761]], "ideal": "B", "sampled": "A", "correct": false}}
{"type": "result", "data": {"idx": 3, "options": ["always.", "sometimes.", "never.", "on planet Earth only."], "probs": [[0.8562800468704619, 0.049073123785600414, 0.07252788191732254, 0.022118947326615207], [0.861791943969495, 0.06341681888655824, 0.040311889508175366, 0.034479347535771414], [0.8239425586264083, 0.04299517868799476, 0.09391466037434992, 0.039147602211247044], [0.8115299230914356, 0.057881954776337445, 0.04369453600771599, 0.08689358602451103], [0.8022611973856766, 0.03470584967210209, 0.11559475440442553, 0.04743819843779582], [0.8429062616848331, 0.03320108080177535, 0.07482366486110086, 0.049068992552290684], [0.02786841874855119, 0.9672206296015292, 0.004015054658280088, 0.0008958968916394843], [0.02545030333422424, 0.9701090853877015, 0.0032868088642958307, 0.0011538023137784225], [0.11586362576041495, 0.01028485383950604, 0.8697605509525866, 0.0040909693474923845], [0.02304240955190379, 0.006602418838890062, 0.005647286503731153, 0.964707885005475], [0.07076170536959049, 0.008065344109698558, 0.9178108290126535, 0.0033621214080573588], [0.02207764941833582, 0.004775158971533265, 0.01948475428690459, 0.9536624372232263], [0.05803697251135631, 0.9222157700560644, 0.014675579214919292, 0.00507167811766006], [0.05657041285216259, 0.9274469932804534, 0.008676419148920143, 0.007306174618463841], [0.0790541149677007, 0.012125186279333367, 0.9049453479500817, 0.003875350702884168], [0.021572623409768538, 0.009279393594379844, 0.007692875809055214, 0.9614551070867964], [0.10129977252484983, 0.01392748611671077, 0.8753488266744938, 0.009423914583945628], [0.012972581943061258, 0.0040825134481142136, 0.014701260040096876, 0.9682436444687277], [0.03988155392404238, 0.9365611175726078, 0.01662633399424851, 0.006930994409101294], [0.041189028446904245, 0.9375032471660255, 0.014687447321618504, 0.006620276965451726], [0.06016089347862909, 0.009519926198235168, 0.9266489076015059, 0.0036702726216299073], [0.024992481744414676, 0.0048454745497414995, 0.017448759314096465, 0.9527132842917474], [0.11477003245398092, 0.01505654770730372, 0.8615942000481179, 0.008579219690597443], [0.015592904304343614, 0.0040049432936104835, 0.015593952973469256, 0.9648081993285766]], "ideal": "B", "sampled": "A", "correct": false}}
{"type": "result", "data": {"idx": 4, "options": ["changes", "aligns with the electric field", "is at right angles to the electric field", "converts to magnetic energy"], "probs": [[0.7776571422372941, 0.08074331064090319, 0.1252021573024872, 0.016397389719315453], [0.8113240214343717, 0.10001389942099366, 0.0351398037561601, 0.05352227528847456], [0.7651093891059452, 0.053755039053746886, 0.16837365249344516, 0.012761919246862803], [0.8202072533928565, 0.08252924088549177, 0.04563573087362062, 0.051627774748031055], [0.7657053244621119, 0.11036845830018549, 0.06393818121209752, 0.05998803592560505], [0.7507725757525808, 0.11519381847437866, 0.05363811784644923, 0.0803954878265913], [0.08110473183320438, 0.5048632546029787, 0.399712407553273, 0.01431960591054405], [0.033192649913144356, 0.8430375565886546, 0.007892282781791438, 0.1158775106164095], [0.08818256763790103, 0.7862533845629445, 0.1169661122381814, 0.008597935460973078], [0.030679181243651574, 0.9398769744103388, 0.006641882477261793, 0.022801961768747884], [0.11052622562639651, 0.19408757838090823, 0.3803738326916164, 0.31501236320107884], [0.059030563526068794, 0.0929159371135402, 0.7551586621927499, 0.09289483706764114], [0.09326029430907858, 0.05747723953540921, 0.8322768753115238, 0.01698559074398832], [0.19239722993801062, 0.47639167022610235, 0.04231361058689539, 0.2888974891489916], [0.08513345933476758, 0.8874146902400732, 0.020240916713657776, 0.007210933611501416], [0.04570515847096183, 0.932735761793243, 0.003936035431605436, 0.01762304420418975], [0.22241312759023946, 0.21909760447199414, 0.31414316677245974, 0.24434610106530663], [0.0838872249961824, 0.07762849156612615, 0.7608839102621068, 0.07760037307558466], [0.14989978073528468, 0.5660246014029007, 0.14100417493363823, 0.14307144282817638], [0.1426554737248934, 0.6104122263235636, 0.08269215189526728, 0.16424014795627565], [0.16440795360351618, 0.15696398912290682, 0.6121830343587951, 0.06644502281478189], [0.0840553120340077, 0.16213923650603473, 0.0816245598971782, 0.6721808914627794], [0.16989935299920206, 0.13875682133699604, 0.5945139901299076, 0.09682983543389435], [0.09610157917666308, 0.10080361064845766, 0.5457824305411049, 0.25731237953377434]], "ideal": "A", "sampled": "A", "correct": true}}
{"type": "result", "data": {"idx": 5, "options": ["red", "yellow-green", "blue", "violet"], "probs": [[0.23964191078077277, 0.2082283419077359, 0.4693121436770281, 0.08281760353446323], [0.2128593005241264, 0.2820195425478454, 0.2095929657960729, 0.2955281910319553], [0.2783810371605859, 0.43798310582505806, 0.156184070265288, 0.1274517866490681], [0.3437537861411505, 0.40191412117751435, 0.21515752453126732, 0.03917456805006781], [0.2608662104862064, 0.28653584635586254, 0.08471078184656267, 0.3678871612113684], [0.3825233421548268, 0.23569036052033032, 0.3222007619110592, 0.059585535313783675], [0.03566141107368788, 0.8640194357944287, 0.055239691111313494, 0.04507946192056991], [0.03260989150760438, 0.8410399649312473, 0.02746398032328006, 0.09888616313786817], [0.04141183677603013, 0.7692987522648296, 0.14011201626443495, 0.049177394594705354], [0.03945044618769292, 0.8175679244340829, 0.04685661050631903, 0.0961250187719051], [0.09055432541426979, 0.20729954229756137, 0.5724330458600136, 0.12971308632815515], [0.09854966547918781, 0.3231566596178411, 0.43490431356408776, 0.1433893612388833], [0.10684246250388127, 0.6859323773314361, 0.1003842621826799, 0.1068408978820027], [0.1414803762289696, 0.6542295945885623, 0.1706863520755525, 0.033603677006915564], [0.14682908354721436, 0.09782529621338107, 0.6791740655219873, 0.07617155461741718], [0.1495138615510044, 0.166823347383545, 0.4129276029097807, 0.2707351880556699], [0.2236848276277644, 0.2534938141629463, 0.4736854962924476, 0.04913586181684164], [0.18635951397253026, 0.3121318290546993, 0.08805360840990387, 0.41345504846286657], [0.0913272307049242, 0.5508083289209355, 0.05369674221362646, 0.3041676980605138], [0.1241565458101018, 0.6817907297463125, 0.1497838839674381, 0.04426884037614759], [0.093863243705225, 0.0790549748071178, 0.651723273958106, 0.1753585074295512], [0.10672128011000583, 0.08057278069055107, 0.7295923612814702, 0.08311357781797285], [0.16117423170779346, 0.5895845073771789, 0.2037803305563573, 0.04546093025867032], [0.13463673094533135, 0.5161585845740946, 0.08559792551732845, 0.26360675886324564]], "ideal": "D", "sampled": "A", "correct": false}}
{"type": "result", "data": {"idx": 6, "options": ["mass distorts spacetime.", "gravity affects clocks.", "light can\u2019t escape from a black hole.", "All of these."], "probs": [[0.10020697645469222, 0.017689122820234267, 0.0027130780775806553, 0.8793908225474929], [0.35069090255080576, 0.03582878051276136, 0.6060865543403366, 0.007393762496096222], [0.07867553604535324, 0.010320943530349794, 0.01048438785901832, 0.9005191324652786], [0.5839686360522034, 0.031440447837097034, 0.36552154809946485, 0.019069367911234716], [0.8825623901785387, 0.0915943585978964, 0.01832468168266366, 0.007518569440901284], [0.8750591955867707, 0.09819808025190328, 0.009136779628136967, 0.01760594443318907], [0.1505724467101258, 0.27696981610613275, 0.004141047534810936, 0.5683166895489306], [0.32189340187908955, 0.353564297921809, 0.31697107183474793, 0.007571228264353594], [0.16216497141782643, 0.018773971009423268, 0.37126118418411774, 0.4477998732886325], [0.39579182238148414, 0.048777784329411315, 0.4628679729754573, 0.09256242021364726], [0.5297547711492486, 0.18891992148063402, 0.2706672020991815, 0.010658105170935796], [0.4334108853283601, 0.3483197410148735, 0.01350898489319104, 0.20476038866357538], [0.022978612979598145, 0.0509842369581123, 0.008067632033110306, 0.9179695179291792], [0.06326842260273101, 0.3999047547186003, 0.5135496816006122, 0.023277140978056478], [0.031443209624245946, 0.07662188546419908, 0.05519169774068682, 0.8367432070708681], [0.06546716781600309, 0.13021204650363843, 0.737817033325385, 0.0665037522549735], [0.05837493212449327, 0.30590830275775144, 0.5715971780159731, 0.06411958700178223], [0.04838246178713102, 0.282852028026489, 0.12357409481323962, 0.5451914152731403], [0.060179054006025946, 0.8707230467286635, 0.055668140458128915, 0.013429758707181584], [0.05681052217093825, 0.8614586831547898, 0.011016721212601964, 0.07071407336166997], [0.12561918138697517, 0.17443749887195414, 0.6794332506868843, 0.02051006895418641], [0.05804307809118603, 0.09571262662748029, 0.006413585615999067, 0.8398307095653346], [0.11689649172756876, 0.045083245777055025, 0.7511305584415515, 0.08688970395382471], [0.062006667019161785, 0.02839695278868367, 0.25312787197559056, 0.656468508116564]], "ideal": "D", "sampled": "A", "correct": false}}
{"type": "result", "data": {"idx": 7, "options": ["voltage", "energy", "Both of these", "Neither of these"], "probs": [[0.5938312531139237, 0.0816545197450963, 0.3131145285801311, 0.011399698460848907], [0.5707902939649798, 0.09768094176016491, 0.025891581692331845, 0.3056371824825234], [0.6628978214705689, 0.3231546562410645, 0.011063422013476064, 0.0028841001748905713], [0.7429099508737557, 0.23021713861726292, 0.022454603991891402, 0.004418306417089962], [0.7761724752805295, 0.08443499628904656, 0.04521411776756691, 0.09417841056285708], [0.7192135800718075, 0.06904688238897501, 0.2030986924316183, 0.008640845007599268], [0.07090067090188022, 0.7623565557621658, 0.1598307316029842, 0.0069120416329698205], [0.06148863712036241, 0.7610041657843455, 0.007699655063837296, 0.16980754193145478], [0.11109833604455083, 0.1319515280061954, 0.7478302841825852, 0.009119851666668517], [0.09965611362148429, 0.413135859987141, 0.019028114810627945, 0.4681799114807468], [0.07556644938974577, 0.033540040751024444, 0.8129208804289321, 0.07797262933029776], [0.14157335142329172, 0.07121283401106071, 0.5347651719192191, 0.25244864254642846], [0.5537012249815781, 0.4115718029674502, 0.023234825708823403, 0.011492146242148166], [0.5926867137865481, 0.32742604671017733, 0.062537245562635, 0.01734999384063952], [0.33244804605145456, 0.18081038144448958, 0.4622781903381603, 0.02446338206589555], [0.2232640898977202, 0.10885565306217652, 0.021450341384958205, 0.6464299155551451], [0.5844791182601624, 0.11695323186222036, 0.28544841492609274, 0.013119234851524515], [0.37260458906566246, 0.24839340342515928, 0.11040748823930113, 0.2685945191698771], [0.14454253070303238, 0.33622515323459984, 0.05239571277420679, 0.466836603188161], [0.15910783675206544, 0.15429283935642246, 0.660618435424006, 0.025980888367506037], [0.07129429492518517, 0.10708220621117645, 0.27779195537745477, 0.5438315433861836], [0.09005121952923069, 0.09743427556847434, 0.6361054228810054, 0.17640908192128957], [0.11027800660409706, 0.7307238823059936, 0.14622928690961848, 0.012768824080290855], [0.07922070022702381, 0.7639229581457495, 0.06274365866837027, 0.09411268285885643]], "ideal": "A", "sampled": "A", "correct": true}}
{"type": "result", "data": {"idx": 8, "options": ["chaotic", "ordered", "positioned by amplitude", "in phase"], "probs": [[0.017255170834057216, 0.9720314009153221, 0.0080255440911982, 0.0026878840594224194], [0.01973438185603354, 0.9658567246459749, 0.013147290590413566, 0.0012616028075778886], [0.0376844588443425, 0.02147380824918491, 0.9276136979681435, 0.013228034838329033], [0.023141414916161722, 0.028802204245523346, 0.0659268526598405, 0.8821295280784744], [0.06731976305730021, 0.039579658809475504, 0.8869358936313817, 0.006164684401842552], [0.026930369791841307, 0.05701577344251012, 0.024142399941444147, 0.8919114567242045], [0.8047714341078914, 0.12935559092605123, 0.05066476832800371, 0.015208206538053645], [0.7873711124824567, 0.09856540133513188, 0.10658173445641804, 0.007481751625993343], [0.8368740891137263, 0.05520718292232622, 0.09540847252564545, 0.012510255338302077], [0.8495559575490127, 0.05431710845383628, 0.07903750322585751, 0.017089430671293544], [0.8358913624181745, 0.06151447791287655, 0.09678315329745765, 0.005811006271491311], [0.8163567062938931, 0.09160359066399437, 0.06496480754910738, 0.027074895393005134], [0.03259870085686348, 0.019165149242230266, 0.9381382008171448, 0.010097948983761412], [0.02409033082100564, 0.026875758290622994, 0.04500806661796442, 0.904025844170407], [0.04689107847925121, 0.8575740479683883, 0.08230808399439463, 0.013226789457965784], [0.033170938056004386, 0.8965610743983439, 0.05384681675616913, 0.016421170689482616], [0.0203298706791777, 0.029580940136707867, 0.015346481763411593, 0.9347427073207029], [0.06981621213791545, 0.05878991238848659, 0.8116818717417787, 0.059712003631819235], [0.06386735414560579, 0.019787867007237395, 0.9098204551344163, 0.006524323612740498], [0.042422483247512875, 0.034626925432959095, 0.04377309104584657, 0.8791775001736815], [0.16795652876291065, 0.6143875634534387, 0.21234051594348868, 0.005315391740162004], [0.10873990569963735, 0.7787960751169021, 0.0808182791404282, 0.031645739943032394], [0.035945370655841115, 0.03324691566027931, 0.03222430485081181, 0.8985834087330677], [0.10159423870624741, 0.0561074014241959, 0.7746260107679451, 0.06767234900161154]], "ideal": "B", "sampled": "B", "correct": true}}
{"type": "result", "data": {"idx": 9, "options": ["amplitude", "wavelength", "frequency", "energy"], "probs": [[0.4536018770539573, 0.353301354163603, 0.1405812533189126, 0.05251551536352705], [0.46477431227377847, 0.3096377860804126, 0.1849710202962374, 0.04061688124957152], [0.4004640668333863, 0.18052365287503608, 0.3823347474774169, 0.03667753271416069], [0.3764316810927851, 0.17507955876748005, 0.3766377343374713, 0.07185102570226361], [0.14153558160008248, 0.8145588457840822, 0.017721891580581836, 0.026183680935253476], [0.14655942214690382, 0.7923738029230166, 0.032205608818627766, 0.028861166011451774], [0.23498984904419604, 0.42558150718628235, 0.28360207365012224, 0.05582657001939936], [0.27661625269386325, 0.2723812233632687, 0.3965218468197021, 0.05448067702316599], [0.22998639424856002, 0.510321069227065, 0.1968059197585341, 0.06288661666584089], [0.23696168802858134, 0.4427624279534119, 0.2728733792508422, 0.04740250466716456], [0.16739016651395827, 0.7386576541909583, 0.0436851678784975, 0.05026701131658593], [0.1492461335157895, 0.6795031669315524, 0.12572655914892714, 0.04552414030373099], [0.18870403095432356, 0.4252932382125606, 0.35269007698487925, 0.03331265374823661], [0.1971214958088774, 0.351445725301079, 0.398374308648281, 0.05305847014176261], [0.1978646717210908, 0.6590421370998172, 0.10761430394057697, 0.03547888713851508], [0.20128420293231916, 0.6200428696853195, 0.14731613019596798, 0.031356797086393315], [0.08928951896181594, 0.8741288187758378, 0.018721717656235204, 0.017859944506111], [0.087331277012857, 0.8684125234438842, 0.023511781454112143, 0.020744417989146616], [0.9503740413464631, 0.02696357933361476, 0.011245684875953104, 0.011416694343968985], [0.9465917697118511, 0.023700363313634898, 0.020281144818244758, 0.009426722056269269], [0.9546015537640494, 0.02076591108944032, 0.012800707051344291, 0.011831827995165958], [0.9430685673570381, 0.02324615799867417, 0.023995118302669392, 0.00969015624161824], [0.9451951057895008, 0.030865742689607047, 0.013919069882016504, 0.010020081538875666], [0.9377772632462547, 0.03693875601259862, 0.01564804062746371, 0.009635940013682981]], "ideal": "D", "sampled": "D", "correct": true}}
{"type": "result", "data": {"idx": 10, "options": ["the same", "opposite", "Either of these", "Need more information"], "probs": [[0.07895215673469393, 0.8623249610240181, 0.04500269558764512, 0.01372018655364278], [0.08727363544914021, 0.867904548639652, 0.01692621232917517, 0.027895603482032523], [0.15942535159093352, 0.207984243491003, 0.5929076803532628, 0.03968272446480066], [0.09310070354975551, 0.257157353605264, 0.02319121343268096, 0.6265507293122996], [0.07869616648451368, 0.053256556033834286, 0.7829624909510644, 0.08508478643058759], [0.06757919162383841, 0.04793962976149448, 0.20184280488873035, 0.6826383736259367], [0.215665865156331, 0.6541287399789535, 0.11193889545183906, 0.018266499312876387], [0.2502891895902227, 0.6699558171353877, 0.028098030514908404, 0.051656962659481276], [0.22051839980085083, 0.5374934186852931, 0.21724397386986857, 0.02474420754398748], [0.23019739297122338, 0.6358091045039139, 0.03022034375900786, 0.10377315866585482], [0.3608696135452902, 0.09868896678080001, 0.415718909939389, 0.1247225096345208], [0.3130813129279643, 0.1099448269462806, 0.31330462174290324, 0.2636692382828519], [0.11276595041296356, 0.21740211058315445, 0.6394842719507529, 0.030347666953129168], [0.10773091481250419, 0.22110480981443484, 0.031370240373783664, 0.6397940348992773], [0.06134675698499774, 0.7834332195050396, 0.13621269070428818, 0.019007332705674413], [0.06723126117208035, 0.8585586311460616, 0.021843263624194247, 0.05236684395766387], [0.04163399741854664, 0.03399293522191561, 0.12630847189287236, 0.7980645953666654], [0.0775952645138874, 0.05860733855686331, 0.6210233036420999, 0.24277409318714938], [0.05254443106746714, 0.13631695812285885, 0.6927268063193768, 0.1184118043902972], [0.03685500997800574, 0.1017923517845195, 0.12089580320724054, 0.7404568349302342], [0.04949231091202707, 0.4846571999477121, 0.31804114695453567, 0.14780934208572513], [0.04669305326580869, 0.4717734473165474, 0.26891127326225023, 0.21262222605539371], [0.031708889887622445, 0.1561422108010601, 0.11247277677695676, 0.6996761224343606], [0.05232888890647133, 0.20712127020882048, 0.5131732282256495, 0.22737661255905867]], "ideal": "B", "sampled": "B", "correct": true}}
{"type": "result", "data": {"idx": 11, "options": ["conduction", "convection", "radiation", "radioactivity"], "probs": [[0.011267345208654148, 0.003545893529237415, 0.9833760691747456, 0.0018106919873628045], [0.008746015224750617, 0.009911012263470602, 0.00154402391989822, 0.9797989484918805], [0.0034811319804670827, 0.9958934193994362, 0.0005015900245217346, 0.0001238584955749381], [0.0027564369624788606, 0.9968442340270683, 0.0002772747503847702, 0.00012205416006807062], [0.0027437696060912, 0.001256259934131364, 0.0038096674270754745, 0.9921903029327019], [0.02416401285930345, 0.007969289171179141, 0.935856779303253, 0.032009918566264436], [0.011096002421832224, 0.0034378061189078283, 0.9836264153201133, 0.0018397760391466907], [0.007977845461298327, 0.008626549844279682, 0.0018083943998781385, 0.9815872101945439], [0.0034815451590476673, 0.9960095684461386, 0.0003906877692945125, 0.00011819852551921774], [0.002713817419407401, 0.9968843851358893, 0.00029981346371522763, 0.00010198388098813367], [0.003627826679205591, 0.002099755776130881, 0.00398470387764735, 0.9902877135670162], [0.023477751055546014, 0.008242357928268568, 0.9528837077324478, 0.015396183183737616], [0.9945695173939711, 0.00311718632003443, 0.0018045806215697313, 0.0005087155644246974], [0.9952921783711425, 0.003071098231936165, 0.0009516840696358129, 0.000685039227285494], [0.9949523778823712, 0.00292944109967257, 0.0015931192065646884, 0.000525061711391528], [0.9957658151347277, 0.0026280985764363185, 0.00095210615448662, 0.0006539800343493443], [0.9951235083890244, 0.002246510010938278, 0.0017775906067007251, 0.0008523908933365687], [0.9954718924792841, 0.0018342176744463236, 0.0018928613176294573, 0.0008010284286400577], [0.0072262001376116455, 0.007692564066710614, 0.008582121867749827, 0.9764991138279279], [0.03096365728834154, 0.02374145521031515, 0.8637199883632902, 0.08157489903805303], [0.008442923118670525, 0.009871221561192247, 0.0058033490417053885, 0.9758825061784319], [0.022526862407655807, 0.016481910626002478, 0.9287250593068307, 0.032266167559511075], [0.03167849087651962, 0.8170203339998396, 0.05062870916599705, 0.1006724658576437], [0.033889808262323996, 0.7593972795352496, 0.12791761945276228, 0.07879529264966408]], "ideal": "C", "sampled": "C", "correct": true}}
{"type": "result", "data": {"idx": 12, "options": ["half, 1 A", "2 A", "Depends on which lamp is closer to the battery", "Not enough information to say"], "probs": [[0.12779433524135136, 0.8598811289227228, 0.006882094973896679, 0.005442440762029132], [0.2181306167883787, 0.7614117210802214, 0.01508123975738079, 0.005376422274019145], [0.15878822262759096, 0.046218373909851826, 0.7698674373274246, 0.02512596603513258], [0.21156759873252798, 0.06353345607380703, 0.07313442338472048, 0.6517645217089445], [0.10404951656212881, 0.034855424640176894, 0.8446318333292454, 0.01646322536844883], [0.11948248508638887, 0.06296991785232525, 0.013620241358835527, 0.8039273556024503], [0.5218240598744465, 0.43276107145705106, 0.01731872738233349, 0.02809614118616901], [0.6573411595148925, 0.291740914037694, 0.03887709095829468, 0.012040835389118843], [0.7076329709724007, 0.12304075726108074, 0.09586699408225975, 0.07345927758425883], [0.7376182976886667, 0.13232099060706395, 0.07661292270081337, 0.053447788903455994], [0.6646258160035373, 0.15545829955284315, 0.15070970186526073, 0.0292061824783588], [0.6749791670860176, 0.1905191568883513, 0.05634459868307908, 0.07815707724255201], [0.06944412685650446, 0.11274781738027116, 0.7472583595120319, 0.0705496961511925], [0.036723489295899234, 0.10795752260673526, 0.04500913435105725, 0.8103098536463083], [0.03535699678495061, 0.9120539132725053, 0.02547721050796421, 0.027111879334579824], [0.03537780788087402, 0.9125915391990689, 0.02080663072486408, 0.031224022095192993], [0.026454635316577397, 0.04717296756850735, 0.14084152566326275, 0.7855308713516524], [0.05562944750154575, 0.06404544346308602, 0.8054592780499278, 0.07486583088544042], [0.12220666465277304, 0.08142064450298657, 0.7608070316089808, 0.03556565913525959], [0.061412165589203316, 0.10950377286077302, 0.019945909153184227, 0.8091381522968394], [0.09277917560838589, 0.8532982157746758, 0.039913769270922404, 0.014008839246015915], [0.07801324404415363, 0.8521907034253174, 0.025340317711430766, 0.0444557347190981], [0.037747524956173346, 0.03717508939412336, 0.1425158987984291, 0.7825614867512742], [0.06846148443511799, 0.04353410329009995, 0.7600827727442546, 0.12792163943052742]], "ideal": "B", "sampled": "B", "correct": true}}
{"type": "result", "data": {"idx": 13, "options": ["increase.", "decrease.", "remain unchanged.", "None of these."], "probs": [[0.7363862744314886, 0.10776216302467458, 0.1405669070350183, 0.015284655408818506], [0.7421715645882464, 0.14165384314712626, 0.0679775809864006, 0.04819701117822669], [0.7649098550820518, 0.1437288916977564, 0.06897172793611757, 0.02238952518407419], [0.7763255165455747, 0.14587491613401812, 0.05284248242704315, 0.024957084793364077], [0.7867799527585536, 0.1000352814672522, 0.07914929364430402, 0.03403547202989018], [0.7340619637251395, 0.09188648405951373, 0.15153308104162216, 0.022518471073724573], [0.15954462825674373, 0.5150408629176367, 0.29349999960929685, 0.03191450911632272], [0.10951289870564378, 0.6921844223870899, 0.08530362376821753, 0.11299905503904877], [0.16919976912385398, 0.19475631921763079, 0.6000163114965246, 0.03602760006199066], [0.14570898763462445, 0.3839094197399926, 0.11528821603962441, 0.3550933764857585], [0.1394708295066448, 0.1735872762209391, 0.5783095316136518, 0.10863236255876421], [0.15664754572959558, 0.19194289753986887, 0.35868951140200145, 0.2927200452285341], [0.06009588855202573, 0.8427120649944164, 0.06601321389176994, 0.031178832461787924], [0.062349665189037486, 0.8607767557331161, 0.03964065443171145, 0.03723292454613503], [0.1284041592600104, 0.2553783734121999, 0.5667095294239682, 0.0495079378038215], [0.1119433442267586, 0.5425099487428282, 0.1085277598155797, 0.23701894711483346], [0.07047034343064615, 0.07862278395421844, 0.794281634374621, 0.05662523814051448], [0.09517163214053098, 0.11845178558143511, 0.4541558764720769, 0.33222070570595696], [0.04576142049102392, 0.7741228235487185, 0.10811322866016158, 0.07200252720009595], [0.049026630924057964, 0.7093862253355544, 0.17662668118036917, 0.06496046246001848], [0.06642267008321844, 0.20146643813224946, 0.6208505537358372, 0.11126033794869492], [0.07261825447981268, 0.26155144615376114, 0.2345176278251471, 0.43131267144127905], [0.051758929634513, 0.10622442440302586, 0.7977421788133785, 0.044274467049082576], [0.05797255913272189, 0.19311976862525415, 0.4634643002165287, 0.28544337192549524]], "ideal": "A", "sampled": "A", "correct": true}}
{"type": "result", "data": {"idx": 14, "options": ["2mg", "mg", "mg/2", "mg/4"], "probs": [[0.06901377773555402, 0.8024125161759037, 0.08330250343855101, 0.045271202549991264], [0.06508031129664926, 0.7686413387865885, 0.09477717993367733, 0.07150116988308494], [0.09641536952347682, 0.164046883800891, 0.6595828538846447, 0.07995489269098752], [0.16240037250085224, 0.39583290830023415, 0.3335292189892242, 0.10823750010968938], [0.08305703662122874, 0.33377476777282244, 0.4860218654231066, 0.09714633008284221], [0.10124436661018608, 0.34800990636209617, 0.49119323617629573, 0.05955249075142198], [0.24315613184254686, 0.6611610753798134, 0.03791086092876315, 0.05777193174887658], [0.19036728283623022, 0.6442280459074777, 0.06186351225549872, 0.1035411589007933], [0.15010727045779773, 0.6834891626455863, 0.09547572012925733, 0.07092784666735864], [0.21742742635700998, 0.6195446248174048, 0.134046526667446, 0.02898142205813923], [0.19088726949440998, 0.5700525555926842, 0.11955233483978156, 0.11950783997312421], [0.20807032285040117, 0.427066653924197, 0.3225681185399783, 0.04229490458542352], [0.10123254876541818, 0.5223255636245964, 0.3169136572257093, 0.05952823028427612], [0.14644187250932306, 0.5528068973224816, 0.2531902416336594, 0.04756098843453596], [0.09758330626151478, 0.7797903810461424, 0.07723633742806442, 0.045389975164278396], [0.12067875403015828, 0.6324346938921319, 0.22557869906959024, 0.021307852908119585], [0.13925615159156352, 0.6242566201100842, 0.13296377855645827, 0.10352344964189404], [0.13396841086644742, 0.5468004263867446, 0.2750384170281266, 0.04419274561868134], [0.07063480571151948, 0.475360370757733, 0.3479321650504653, 0.10607265838028218], [0.09694003601714252, 0.45543293517544137, 0.37777201463295285, 0.06985501407446323], [0.06954465702159161, 0.7596282248984872, 0.09076209230167886, 0.08006502567824225], [0.09558382878646625, 0.4931590089160015, 0.3842855195689315, 0.026971642628600762], [0.07256338258054575, 0.7562834708638347, 0.07037858937418529, 0.10077455708143422], [0.08543102856095917, 0.5931253123831283, 0.28468848650644824, 0.03675517244946436]], "ideal": "B", "sampled": "B", "correct": true}}
{"type": "result", "data": {"idx": 15, "options": ["less.", "equal.", "greater.", "none because it sinks."], "probs": [[0.7125874022878868, 0.14477620457672782, 0.1297866785352538, 0.012849714500131618], [0.7502109528566728, 0.15482031317017506, 0.03976561621918184, 0.05520311765397024], [0.6957226181029995, 0.15283593244766613, 0.1413606836597771, 0.010080765689557302], [0.6893005242012221, 0.21690523218233634, 0.03541362964354912, 0.05838061387289237], [0.6384555005618915, 0.05323526183377925, 0.26205783689295536, 0.046251400611373956], [0.5740079983413504, 0.05683719251758926, 0.32203519562090166, 0.04711961342015875], [0.06354088642741716, 0.7862848692857595, 0.13664523314086774, 0.013529011045955603], [0.03665424715291626, 0.8742895614015846, 0.02767070537178889, 0.06138548597371014], [0.1326984808212884, 0.19008509815897934, 0.6431354972604308, 0.03408092365930136], [0.02302962754830455, 0.04302532325340728, 0.013969727558432031, 0.9199753215398562], [0.04370602058993669, 0.026509286254305833, 0.8918123676241241, 0.03797232543163344], [0.05078223965617247, 0.04845772172752621, 0.6902683114817694, 0.21049172703453192], [0.11614660628121547, 0.7573874182893704, 0.11615696258931475, 0.01030901274009933], [0.08531830238350385, 0.822243502530999, 0.02903197697642557, 0.0634062180090716], [0.17392992874397417, 0.20655180396373463, 0.5977475609158464, 0.021770706276444857], [0.05347681218309839, 0.06655451406787448, 0.016829374548995846, 0.8631392991000313], [0.06773971639380993, 0.03101373778320399, 0.8649879532003436, 0.03625859252264249], [0.06601093627707404, 0.03941799723814356, 0.2779430132247522, 0.6166280531600302], [0.009911099540113284, 0.9349679436993673, 0.037996050320454604, 0.017124906340064753], [0.012591776547230416, 0.869047704221073, 0.1021920673880563, 0.01616845174364029], [0.02819526525758981, 0.04576448655021777, 0.8773242103574896, 0.04871603773470274], [0.020579605311576394, 0.059548965406472226, 0.4133983431122596, 0.5064730860696918], [0.03526988813755958, 0.0669280032113618, 0.8414424218133792, 0.0563596867376994], [0.02411018583327369, 0.08156370659420548, 0.2323752574672072, 0.6619508500053136]], "ideal": "A", "sampled": "A", "correct": true}}
{"type": "result", "data": {"idx": 16, "options": ["red.", "green.", "white minus red.", "a mixture of green and yellow."], "probs": [[0.8129304252940511, 0.05197600023044935, 0.11899476665956449, 0.016098807715935075], [0.9001097652230556, 0.04210538683332994, 0.04553392817398342, 0.012250919669631035], [0.8602927265349991, 0.09959701432134088, 0.0259866024053733, 0.014123656638286672], [0.8857857219007701, 0.0824021941967435, 0.021499988250146738, 0.010312095552339612], [0.8851645620964602, 0.04917042720262155, 0.049952063890588184, 0.01571294671033008], [0.8848147803412124, 0.04838811458480553, 0.05315066003410704, 0.013646444939875017], [0.006148629689836925, 0.9866974293184622, 0.005599375186732316, 0.0015545657049686207], [0.006762400369210794, 0.9880909981062884, 0.0037940850290802135, 0.0013525163954206032], [0.02017345294283844, 0.016210503995365874, 0.9572686027319756, 0.00634744022982006], [0.005452428030313969, 0.011543206907028128, 0.006893367062682859, 0.976110997899975], [0.01801359120548502, 0.00812011139807987, 0.9685419531541384, 0.0053243441422967585], [0.004752592319475719, 0.007361293305033331, 0.00860659141984983, 0.9792795228556411], [0.009791138298272524, 0.9832407547291013, 0.004414031154188403, 0.002554075718437704], [0.00840567674556043, 0.9868732341716173, 0.002816040667742574, 0.0019050483150796424], [0.02386919892476593, 0.01403277525690571, 0.9537198390658824, 0.008378186652445916], [0.007350197300924237, 0.007703530830290468, 0.007124951820924463, 0.9778213199478608], [0.015484620930826589, 0.007201580383665282, 0.9733371806165074, 0.003976617969000672], [0.005809127246665965, 0.008858307812480551, 0.038478332156946425, 0.946854232683907], [0.0034728670237620706, 0.9935218955305011, 0.002010295807143353, 0.0009949415385934824], [0.0029732538512275072, 0.99443823517533, 0.001775691991692327, 0.0008128188817501176], [0.011506104316559159, 0.008033220939710583, 0.9732610926771708, 0.007199581966559464], [0.004186268141517139, 0.007463337703403547, 0.026049397124397137, 0.9623009969306822], [0.012417353144519055, 0.010457405214384402, 0.9714404050623494, 0.005684836478747071], [0.004065396121847304, 0.013540482294054084, 0.01822096626827135, 0.9641731552158272]], "ideal": "A", "sampled": "A", "correct": true}}
