{"type": "result", "data": {"idx": 0, "options": ["The formation of the non-aligned movement", "Global disarmanent and nuclear non-proliferation", "The Green Revolution in agriculture", "Mobilization of pan-Asian ideology"], "probs": [[0.6081027740484906, 0.04839394792342929, 0.007656479878303834, 0.33584679804977624], [0.3795552632669142, 0.037589949425805964, 0.5698669078254606, 0.012987879381819315], [0.46280169962701245, 0.01105883471425637, 0.04108148218399188, 0.4850579833747393], [0.10220952694903615, 0.007291604158178861, 0.8694067943771739, 0.021092074415611034], [0.5989042143427382, 0.3867541010049831, 0.010306228234640296, 0.0040354563176384145], [0.43732523608310453, 0.5529465040131742, 0.005092428029756988, 0.004635831773964216], [0.03935254204852692, 0.21277629986235752, 0.005326586131351122, 0.7425445718577645], [0.10154502726403392, 0.17008386121816568, 0.716052219177236, 0.012318892240564384], [0.010597162735837771, 0.00318292291230136, 0.7666197910920697, 0.2196001231597912], [0.012309115599387466, 0.0034192733351494295, 0.9332544263806363, 0.05101718458482681], [0.03395681566078445, 0.9470260451028361, 0.015548241829982944, 0.003468897306396566], [0.02397031100847459, 0.9576291242520579, 0.0034003790225614365, 0.015000185616906022], [0.010911476614346551, 0.4497635586708439, 0.01358053530947507, 0.5257444293053345], [0.017299646226230817, 0.1980154098796178, 0.7710001575529855, 0.013684786241165975], [0.009897152145281755, 0.014404358609151575, 0.6725846057566571, 0.30311388338890954], [0.010488271985711013, 0.012074925319106667, 0.9296934250105087, 0.04774337758467362], [0.006385645845158105, 0.9779091980893662, 0.011384570169488474, 0.0043205857959872605], [0.005638259475575988, 0.9784224651204412, 0.003815467943557526, 0.012123807360425344], [0.9588982669556735, 0.03333809298605752, 0.005111992469341428, 0.0026516474889275482], [0.9569229210830313, 0.03770078983723914, 0.0026884338983465894, 0.0026878550813829653], [0.949704458426011, 0.013340393874629637, 0.0330127325219244, 0.003942415077434965], [0.9497739500246648, 0.014884715632412691, 0.0028404659927239407, 0.032500868250198586], [0.7146384136283065, 0.008859285366061063, 0.26707441428289663, 0.009427886622735814], [0.9234504141438493, 0.00584725525759608, 0.009790391701278768, 0.06091193879727587]], "ideal": "A", "sampled": "D", "correct": false}}
{"type": "result", "data": {"idx": 1, "options": ["How societies shared strategically important technologies with each other", "Why European states went on to attain military superiority over non-Western powers in the modern era", "Why Silk Road commerce dwindled across the breadth of Eurasia after 1500 C.E.", "How the medieval climatic optimum affected the process of cultural diffusion"], "probs": [[0.08716398905147357, 0.8803932346125435, 0.014455305817249181, 0.01798747041873379], [0.04363149872829503, 0.932931185197557, 0.00859242995715901, 0.014844886016988934], [0.08385369988328394, 0.01961325868479918, 0.8604677978822499, 0.036065243449666974], [0.02675595526692899, 0.008289986350973845, 0.006872627003344775, 0.9580814312787523], [0.032137123977392434, 0.007754819943556049, 0.9393588880978746, 0.02074916788117695], [0.04168302553750131, 0.012323797644772892, 0.011944705585840466, 0.9340484711318853], [0.9283096850401346, 0.03435223419878749, 0.014098073420990082, 0.023240007240087887], [0.9172559873149158, 0.03557091166202879, 0.008716989210304012, 0.038456111712751415], [0.9193607742374335, 0.02649615926836555, 0.02412450701800667, 0.03001855937619426], [0.8689677301695021, 0.024274452365372776, 0.01077183564145096, 0.09598598172367412], [0.9351298981247406, 0.013134305795539111, 0.017673611576007452, 0.034062184403712885], [0.8871240400145954, 0.013059260006115783, 0.017300299879475123, 0.08251639999981361], [0.02521347182301536, 0.01903630088512088, 0.9316914595258117, 0.02405876766605207], [0.007139379108260883, 0.008612949709940318, 0.004263637279263052, 0.9799840338025357], [0.004362036755954087, 0.9871810120559136, 0.004162593082388178, 0.004294358005744198], [0.004088646790083291, 0.9697197304441276, 0.004088985791466635, 0.022102636874322408], [0.00571282770970537, 0.004449871038792143, 0.013921583901847955, 0.9759157172496545], [0.013572459263516743, 0.007615266976966781, 0.937006846519167, 0.04180542714034944], [0.014613685060566307, 0.008864827370643497, 0.9625770955075259, 0.01394439196126425], [0.005809834015032623, 0.011555697342266321, 0.0055444843694525126, 0.9770899841732485], [0.002698691284451183, 0.9913242036477327, 0.0035199468131623347, 0.0024571581546538306], [0.0029318322952644653, 0.9805958317841547, 0.003536757080779986, 0.01293557873980082], [0.005098742068815493, 0.005428291965392808, 0.017797967773624943, 0.9716749980921667], [0.013613455560372247, 0.006740551254926966, 0.9546072877734193, 0.02503870531128149]], "ideal": "B", "sampled": "B", "correct": true}}
{"type": "result", "data": {"idx": 2, "options": ["They kept horses in their court, which would have come from the Mongols.", "The Ghanian king had adopted the Chinese tradition of the kow-tow .", "The king adorned himself with gold and jewels, probably from India.", "The people in his court wore silk robes."], "probs": [[0.21306366581384573, 0.1333638836797661, 0.2736764170350217, 0.37989603337136646], [0.2343241930659508, 0.14438792862532437, 0.3203712391864875, 0.3009166390222373], [0.1768634544676332, 0.33049915863438506, 0.054811993224906645, 0.4378253935730751], [0.20368868414046992, 0.18550522900015598, 0.49653003354665454, 0.11427605321271955], [0.22116072803253745, 0.43306771561743984, 0.09514168045674555, 0.2506298757932771], [0.25122029695231624, 0.34884325047497006, 0.29842389383730056, 0.10151255863541317], [0.16664250068985573, 0.1219377692019853, 0.34739628297609415, 0.3640234470320648], [0.16044993936081495, 0.13303154903857095, 0.35603595306942815, 0.3504825584311859], [0.194632071157186, 0.27025500339927305, 0.15399837721831966, 0.38111454812522133], [0.1654902745763952, 0.20278694337923833, 0.390915286231148, 0.24080749571321844], [0.172773701340956, 0.32281216494771064, 0.21505337630962468, 0.2893607573017087], [0.1569058173276907, 0.19836981888172897, 0.46126941529175475, 0.18345494839882556], [0.4079047143051415, 0.1957470178408379, 0.11154583095388754, 0.284802436800133], [0.35086177991856243, 0.110422966385253, 0.4300119184269959, 0.1087033351691887], [0.3994730204219164, 0.09945422636334272, 0.1947392272517954, 0.3063335258629455], [0.3248846232566198, 0.09309588371776407, 0.41079914565746745, 0.17122034726814866], [0.3200355171837252, 0.49574413890649555, 0.10072777419275086, 0.0834925696170284], [0.28504224971717207, 0.5325925230612911, 0.05976151540810874, 0.1226037117134281], [0.3147369371745702, 0.35668457082347427, 0.11224603819091272, 0.21633245371104287], [0.3570502506450471, 0.22699030417885335, 0.28252712731299173, 0.13343231776310782], [0.3323924144057113, 0.1475172892805256, 0.23575162182621143, 0.28433867438755167], [0.2798088919950525, 0.1301421147370066, 0.3946925762084269, 0.19535641695951397], [0.3540183437268448, 0.4012168198876013, 0.12048028112042208, 0.12428455516513182], [0.24854638429342604, 0.5100525465081931, 0.07581990730541001, 0.1655811617929709]], "ideal": "D", "sampled": "D", "correct": true}}
{"type": "result", "data": {"idx": 3, "options": ["the Arab-Israeli conflict.", "the Korean War.", "the Cold War.", "the Vietnam conflicts."], "probs": [[0.09867830647046766, 0.07222840243025846, 0.7643706258692697, 0.06472266513000408], [0.13214013681639247, 0.17240319116756703, 0.16447641463563678, 0.5309802572804037], [0.07607645973979228, 0.8309030191516966, 0.04687383950922454, 0.0461466814992866], [0.0763962749429334, 0.847535730092253, 0.04421891897593412, 0.03184907588887938], [0.09297909655966723, 0.07243885153134609, 0.09155400164667654, 0.7430280501623101], [0.14906519983108998, 0.07858601387369095, 0.6682703643727431, 0.10407842182247601], [0.10111736664214153, 0.0906813374680202, 0.7243625572519634, 0.0838387385378748], [0.08793549762892522, 0.20773958905882, 0.19819067107785715, 0.5061342421343976], [0.05119798178748211, 0.8935605669467158, 0.035190647109403464, 0.020050804056398613], [0.04804274740271037, 0.8925685152626269, 0.0340702416852283, 0.02531849554943435], [0.08463948838103572, 0.13320693173854248, 0.2301076467089076, 0.5520459330715142], [0.10630893547799643, 0.09240580956599213, 0.68267123867195, 0.11861401618406145], [0.6838177849454002, 0.1433763291320672, 0.08168350646176721, 0.0911223793607653], [0.759024869934478, 0.1201253904202721, 0.0585384741547501, 0.062311265390499804], [0.730051587669083, 0.08859338016413523, 0.10195569009356471, 0.07939934197321714], [0.6734728360899186, 0.09406925851191653, 0.11169305438744569, 0.12076485091071922], [0.7523170652805679, 0.08312292334259615, 0.09566097634326728, 0.06889903493356866], [0.734595396010271, 0.08776166027617038, 0.07505599184906965, 0.10258695176448893], [0.05512355079737397, 0.13021979171217443, 0.14299424470629443, 0.6716624126841572], [0.1062151401202688, 0.12816245661642342, 0.6610401173610049, 0.10458228580230287], [0.0659154310420743, 0.1087120149345173, 0.28191919392147147, 0.5434533600019369], [0.0754198205566244, 0.061581846091021145, 0.7984810440990511, 0.06451728915330335], [0.041856857159923704, 0.8675148726778076, 0.05903102960092601, 0.03159724046134268], [0.04307067509633686, 0.8652145942052494, 0.045140569197159856, 0.04657416140125394]], "ideal": "C", "sampled": "C", "correct": true}}
{"type": "result", "data": {"idx": 4, "options": ["They became a part of Japan\u2019s territory.", "The Americans established freedom for all Koreans.", "The Korean economy never recovered.", "Korea remains divided into two nations near the 38th parallel."], "probs": [[0.0011354070779561105, 0.005502853844387002, 0.00838968483180792, 0.984972054145849], [0.004038164295808613, 0.018100589082102703, 0.9729135996533906, 0.004947646868698071], [0.0008869334328366528, 0.0036198250899332606, 0.0075432459992875196, 0.9879499953779426], [0.004809512615365206, 0.011185011649236421, 0.9758243622654005, 0.00818111336999785], [0.0034190298385067194, 0.9935767284899333, 0.0021397548758090635, 0.0008644866957509367], [0.0033653587509780733, 0.9933980548550301, 0.002073526582964675, 0.0011630597110271917], [0.000931378722054583, 0.0026537502257669133, 0.006465130264647184, 0.9899497406875313], [0.004457494428269456, 0.0113849411768908, 0.977871458428243, 0.006286105866596797], [0.0007510787151697615, 0.002042047383651463, 0.0036969621016179114, 0.9935099116995608], [0.005691903248643065, 0.01365731114792382, 0.9724975349607836, 0.008153250542649471], [0.003993070513030593, 0.9925693409094065, 0.002311258747167034, 0.0011263297303958726], [0.004180256188821841, 0.9915240793119219, 0.002873364775145051, 0.001422299624111273], [0.000702975453576228, 0.0020029924894902694, 0.0074406226348406775, 0.9898534093220928], [0.0040653070763857395, 0.0072493814192822305, 0.9795240761952096, 0.009161235209122329], [0.0007152897125637541, 0.0021695140765649007, 0.005538987802555516, 0.9915762083083158], [0.0038116254793461456, 0.010527023326512093, 0.9775922168315604, 0.008069134262581363], [0.008128293344369155, 0.9847262557983383, 0.004704804367467359, 0.0024406463898252345], [0.009755793742139245, 0.9798064610216679, 0.007598535454570219, 0.002839209681622602], [0.9072538068016127, 0.04178242408317345, 0.036299023976453175, 0.01466474503876069], [0.9162530712964763, 0.036663119050032805, 0.025195804397016335, 0.02188800515647456], [0.9194184828570232, 0.04723620255889814, 0.01938437791548764, 0.013960936568591036], [0.9191686524058102, 0.04506285947830134, 0.022656973876890727, 0.013111514138997719], [0.9305353233072601, 0.030389769226177667, 0.017863718924104842, 0.02121118844245744], [0.9210987733523415, 0.03685650486525188, 0.027387062135235403, 0.014657659547171194]], "ideal": "D", "sampled": "D", "correct": true}}
{"type": "result", "data": {"idx": 5, "options": ["Optimistic, encouraged", "Understanding, accepting", "Cynical, enthusiastic", "Sincere, resigned"], "probs": [[0.10968120986248982, 0.22860517712142142, 0.557043149061865, 0.10467046385422374], [0.10344151637655631, 0.2641563176283502, 0.45642868699997646, 0.17597347889511705], [0.06435350423934512, 0.7598853819785398, 0.09813047345685856, 0.07763064022525652], [0.07680959741268971, 0.7174701449405747, 0.15039114148334673, 0.0553291160633889], [0.05465799948084651, 0.6453988714720887, 0.1581630302549146, 0.1417800986921502], [0.07795782154144631, 0.4775635159264221, 0.3777910954040661, 0.06668756702806553], [0.07867076012686683, 0.13593661378643687, 0.6691130199623647, 0.11627960602433159], [0.07956180094224022, 0.1607250148005248, 0.5028680637403335, 0.25684512041690144], [0.0365294304780077, 0.8989848795038907, 0.03173831583854882, 0.03274737407955271], [0.042627705293287, 0.85622062582701, 0.07139015636256649, 0.029761512417136517], [0.06799078782706135, 0.45034954282868694, 0.14170940324520626, 0.33995026599904543], [0.09148342770192977, 0.21946768133430922, 0.6155301240137089, 0.07351876685005214], [0.2979208186280708, 0.2508932314429142, 0.20799760208437665, 0.24318834774463838], [0.31141391857451284, 0.23508485009532007, 0.33152887715852297, 0.12197235407164411], [0.3644160410745484, 0.2928352777167217, 0.11467539579464262, 0.22807328531408735], [0.2718867780839761, 0.21509392028806046, 0.4081826392085649, 0.10483666231939852], [0.15666412399126523, 0.6596130377740563, 0.10115597027854739, 0.08256686785613108], [0.1474735515589677, 0.6609585629242563, 0.12813340794454572, 0.06343447747223034], [0.05452341355458011, 0.6642460399564041, 0.12096911983019336, 0.1602614265588224], [0.08666271879428895, 0.3170093383093262, 0.530904197802667, 0.0654237449937179], [0.08676791319527662, 0.19250913249279894, 0.3378649702012181, 0.38285798401070636], [0.08597869000389773, 0.11937540468033249, 0.7199383645506872, 0.0747075406650826], [0.04592873031174279, 0.8802808997796594, 0.04593044394537248, 0.02785992586322526], [0.043308287546523896, 0.8835878144449965, 0.05063405533429019, 0.022469842574189474]], "ideal": "C", "sampled": "C", "correct": true}}
{"type": "result", "data": {"idx": 6, "options": ["Revolutionary progressivism does not always concern itself with gender equality.", "Women typically assume leadership roles during times of revolution.", "Women rarely support revolutions and therefore receive little benefit from them.", "Revolutionary movements are generally uninterested in women's rights."], "probs": [[0.5037194898325335, 0.10894900898480912, 0.32021619673536084, 0.0671153043472966], [0.41492435950249207, 0.09404853125538501, 0.43487299132279467, 0.05615411781932822], [0.6755817313328049, 0.20930708622182811, 0.03811754871435471, 0.0769936336310123], [0.5365790328062573, 0.1854532429931842, 0.21681629926839052, 0.06115142483216795], [0.6724942420872414, 0.19268208794737596, 0.03794120714127042, 0.09688246272411226], [0.5998754545437102, 0.2009447678793053, 0.12973867452142648, 0.069441102955558], [0.009931189623915777, 0.7889714586457752, 0.14824220067248475, 0.05285515095782428], [0.014465816479210315, 0.6151257225456276, 0.3191228544294915, 0.051285606445670616], [0.005876897250316741, 0.973052064864803, 0.00882256944604911, 0.012248468338831106], [0.006187652551808192, 0.9624324673008039, 0.01630280004241494, 0.015077080004972918], [0.045047702414405304, 0.4549774730485546, 0.3831297330084154, 0.11684509142862469], [0.026090680254871546, 0.343689145829539, 0.5666464498301984, 0.06357372398539095], [0.40004601474507634, 0.3422131487055167, 0.09355527022208111, 0.16418556622732583], [0.23724358387736866, 0.25256644736064876, 0.44327084554505564, 0.06691912311692694], [0.4998571648672622, 0.22887313704695098, 0.13881656732983866, 0.1324531306559481], [0.36638286160168626, 0.2518363259207253, 0.3037722065178933, 0.07800860585969518], [0.4187308643055892, 0.21724738664050636, 0.27895016098846853, 0.08507158796543593], [0.5250134389320501, 0.2599186858287011, 0.10501673660097283, 0.11005113853827597], [0.31845478065038285, 0.3337518348675515, 0.06675419508156392, 0.28103918930050176], [0.28204752272739675, 0.3297626523237669, 0.26497085084221306, 0.12321897400662322], [0.30724202667853356, 0.19837930205330395, 0.3374533254329672, 0.1569253457351953], [0.11340388570036018, 0.1265188148005536, 0.7056652850274998, 0.054412014371586444], [0.2565534152810531, 0.6154639215966108, 0.07824706402006681, 0.04973559900226934], [0.28944349286045995, 0.6224316357943852, 0.03622980042929748, 0.05189507081585732]], "ideal": "A", "sampled": "C", "correct": false}}
{"type": "result", "data": {"idx": 7, "options": ["Sub-Saharan Africans relied on European merchants to sustain population growth through the constant importation of New World foodstuffs.", "Sub-Saharan Africans consolidated new states and kingdoms by trading with the Europeans for firearms.", "Sub-Saharan Africans depended on European merchants as the sole purchasers of slaves.", "Sub-Saharan Africans allied with European powers to evict Muslim and Arab merchant princes from encroaching on their sovereignty."], "probs": [[0.08209578936756616, 0.11578351603135499, 0.6983385293482332, 0.10378216515284568], [0.1034799891219363, 0.3237771334754353, 0.17604496894841531, 0.39669790835421304], [0.07904066380189202, 0.4408761393844129, 0.3891057487666645, 0.09097744794703061], [0.06105102689029754, 0.6878905994187928, 0.09757061447077735, 0.15348775912013232], [0.0776546176404023, 0.056818945370038176, 0.6108994688156862, 0.2546269680738733], [0.05263005020055072, 0.037324664638358054, 0.7735295583104018, 0.13651572675068938], [0.07957567481284451, 0.7092778866958085, 0.17113249448438606, 0.040013943906960975], [0.08899602755432642, 0.7569264490714724, 0.03431633835759885, 0.11976118491660227], [0.12411081563808507, 0.5562498133771948, 0.2753852390107425, 0.04425413187397753], [0.0985074231108018, 0.7393724687359429, 0.06360950354489456, 0.09851060450836081], [0.14794790853531797, 0.08835070645186963, 0.5852355404003012, 0.17846584451251116], [0.1026608691706309, 0.06628856358559185, 0.6695371568816645, 0.1615134102621128], [0.1478493980595052, 0.6626456477969692, 0.11516026577930806, 0.07434468826421751], [0.1482481100922721, 0.6855299650889177, 0.0452205513243749, 0.1210013733944353], [0.1505874291086835, 0.403013747980042, 0.3845960612090102, 0.06180276160226422], [0.12113841328074168, 0.6249072783898489, 0.12499867099013665, 0.1289556372392727], [0.15192118983352645, 0.08522859515440401, 0.6600508344976984, 0.1027993804143711], [0.14052632344951901, 0.09216757794168122, 0.6105321599637972, 0.15677393854500263], [0.018005002071565454, 0.8950874962965409, 0.02968762285592694, 0.057219878675966625], [0.017160272096167554, 0.8268436131034693, 0.12680540883163094, 0.02919070586873221], [0.05222081943001603, 0.39812593165059973, 0.44416229257901824, 0.10549095624036597], [0.0407465755620616, 0.41802148449631027, 0.4450000358300442, 0.09623190401158391], [0.01552571193011881, 0.8610385783800519, 0.09660969817580821, 0.026826011414021033], [0.014403456418169428, 0.8911279190056756, 0.0479739145893896, 0.046494709886765455]], "ideal": "B", "sampled": "C", "correct": false}}
{"type": "result", "data": {"idx": 8, "options": ["Hitler's belief that Poland's territorial borders should not be violated", "A rising intolerance of ethnic and political minority groups", "A widespread belief in Germany that it had been unfairly treated at the end of World War I", "Hitler's attempted collaboration with Italian leader Benito Mussolini"], "probs": [[0.021943711204919586, 0.007703554324320858, 0.9627691488218836, 0.0075835855488759546], [0.01055761807007868, 0.005922735769231945, 0.0029781442654175194, 0.9805415017952719], [0.005893807951516663, 0.9912115679450321, 0.002168364330013108, 0.000726259673438141], [0.007669640361362827, 0.9889748845463759, 0.002197532583291156, 0.0011579424089700275], [0.0051144551197367105, 0.0017402418474079817, 0.0031510986567555347, 0.9899942042760997], [0.043088962792872505, 0.014892281517042598, 0.9213443697878386, 0.020674385802246266], [0.03051200215803446, 0.010880280568711083, 0.9493019827441546, 0.009305734429099941], [0.010573498551605368, 0.004692416947094956, 0.0027157656407167906, 0.9820183187605829], [0.01096271620216163, 0.9868771696069845, 0.0016553320060766015, 0.0005047820847772621], [0.014246486577275216, 0.9833209684833961, 0.0017557377599310418, 0.0006768070793976807], [0.007412832422551859, 0.002369522960995713, 0.004030640088354172, 0.9861870044280983], [0.036634968542035774, 0.01286139458267104, 0.9302718749315364, 0.020231761843756742], [0.9578537429899788, 0.024742132918274824, 0.008159237902032592, 0.009244886089713744], [0.9459183825811553, 0.033397069007351496, 0.0078096403588775384, 0.012874907952615658], [0.9573350131375278, 0.022166903993245675, 0.01168133412955496, 0.008816748639671542], [0.9477708329916588, 0.028622360870525554, 0.00943877360741398, 0.014168032430401711], [0.9360235844642442, 0.02655465893995512, 0.017689319903341747, 0.019732436592458925], [0.9483044800094405, 0.023011879716448688, 0.011041336521388355, 0.01764230365272252], [0.0057872669090219915, 0.0030026398728975404, 0.002608702296494719, 0.9886013908215857], [0.05452849263081102, 0.02203301608931211, 0.9080578599666037, 0.015380631213273113], [0.006347798941347243, 0.0032424229232061804, 0.0030939263388897356, 0.9873158516965569], [0.044703267282130636, 0.014067861419347892, 0.9264872201955371, 0.014741651002984319], [0.012935877587249879, 0.980587874259835, 0.0046126670860933885, 0.0018635809668217501], [0.015560347107318663, 0.9778725810320054, 0.004254243416542217, 0.0023128283441337808]], "ideal": "C", "sampled": "C", "correct": true}}
{"type": "result", "data": {"idx": 9, "options": ["was justifiable according to local military custom, even if it violated Western military norms.", "can be viewed as a reaction to the systemic brute force with which the British governed India.", "should be praised as a brave patriotic blow against British colonial oppression.", "seems to have been the product of a well-organized and long-premeditated conspiracy."], "probs": [[0.032047960784628085, 0.6338278626991732, 0.0657711920606467, 0.268352984355552], [0.031846542738642264, 0.6917227090280156, 0.12209850866873563, 0.15433223946460653], [0.047862152960631066, 0.05597665842833896, 0.6713475509283543, 0.2248136375826757], [0.028955469282593113, 0.0318093229475571, 0.15655605697536348, 0.7826791506944862], [0.07010303162028177, 0.10363396205987563, 0.5963908833229045, 0.22987212289693815], [0.022753528273566213, 0.04251744788105797, 0.025786780576258207, 0.9089422431691176], [0.2209331890302565, 0.18320231808965795, 0.1495257698061949, 0.44633872297389066], [0.25586836383756706, 0.20244557248509965, 0.3087006370995407, 0.23298542647779258], [0.23782850445174358, 0.15121745836388675, 0.3007357373423287, 0.31021829974204096], [0.29572463913954355, 0.148735468037021, 0.34582395388673426, 0.20971593883670117], [0.33599544068784437, 0.24585809177470455, 0.17987709013625913, 0.23826937730119196], [0.32059905521352916, 0.2420466212651513, 0.12170790717964912, 0.31564641624167045], [0.06536903475200985, 0.09970853103104524, 0.5920236926687692, 0.24289874144817572], [0.034005869049881746, 0.057858407276080805, 0.08417828348860917, 0.8239574400854283], [0.02078671842667472, 0.8434986674548095, 0.05477381242013358, 0.08094080159838216], [0.018546180555934173, 0.8798319581783203, 0.04449445695830513, 0.057127404207440405], [0.029974517000843488, 0.06446692803750315, 0.029513843897885146, 0.8760447109637682], [0.07503620124764807, 0.14242815116537563, 0.599685755298031, 0.1828498921889453], [0.043527011792631375, 0.052518882251416175, 0.7026800067558044, 0.20127409910014796], [0.009885535815286787, 0.01351471802680289, 0.01438498582651977, 0.9622147602313905], [0.013126408225410136, 0.8379611676470471, 0.05192099327160396, 0.0969914307559388], [0.012663406944097944, 0.8340844344436994, 0.03496851456546151, 0.11828364394674114], [0.016641412517602386, 0.01856902866030974, 0.04184140412647339, 0.9229481545956145], [0.038437294696557545, 0.0442541012154519, 0.7722424218501013, 0.1450661821378893]], "ideal": "B", "sampled": "B", "correct": true}}
{"type": "result", "data": {"idx": 10, "options": ["A factory owner is forcing him to do so.", "He doesn\u2019t earn enough on his own.", "The children need discipline.", "Their labor is only moderately difficult."], "probs": [[0.015613129571745108, 0.9659899602673315, 0.011785797001448056, 0.006611113059475344], [0.014308309767422533, 0.9722687403442599, 0.006973581673660139, 0.006449368114657422], [0.06427314613487599, 0.02721805386197112, 0.8735632537579338, 0.034945546145219095], [0.46384473205414173, 0.13499756608662858, 0.03990368305914846, 0.3612540187000812], [0.09747310254138614, 0.01980534809830958, 0.8420875306913699, 0.04063401856893442], [0.15852078189535612, 0.02213705082037123, 0.06305770927732045, 0.7562844579069522], [0.02095743334038054, 0.948650056751442, 0.01968834412999672, 0.010704165678180774], [0.01634059779276991, 0.9647075137582465, 0.008884586960192955, 0.010067301388790617], [0.07774698278077999, 0.054282715698219894, 0.8101921382552868, 0.057778163165713325], [0.14952658003916225, 0.0935816757765583, 0.04351683673187413, 0.7133749073524053], [0.0697291081852898, 0.025258565770251616, 0.8363621958796535, 0.06865013006480498], [0.0651406022969811, 0.02082349646979035, 0.08234937895814434, 0.8316865221750842], [0.006933704464908376, 0.05897411291544254, 0.922480220640947, 0.011611961878702077], [0.0020943725979447863, 0.972551016580462, 0.007542303048706728, 0.017812307672886492], [0.0034276488845753207, 0.7063125901492633, 0.280942318179096, 0.009317442687065452], [0.0018642035068041532, 0.9507657995823123, 0.012739975020510667, 0.034630021790372785], [0.00628052968488545, 0.005372981528102741, 0.6507480161112649, 0.33759847257574693], [0.0083160210148548, 0.008581623985628234, 0.8752545083859762, 0.10784784651354079], [0.011410341529364437, 0.04045668634840052, 0.9207603720479264, 0.02737259997430862], [0.009129114962828472, 0.37626434631892103, 0.03186470869482293, 0.5827418299234276], [0.0067944961286523714, 0.6823535845534943, 0.28891857137155497, 0.021933347846298367], [0.004149230621743535, 0.8684734616314779, 0.035845160130203675, 0.09153214751657496], [0.00646693442555473, 0.011175490055998891, 0.4605216327659014, 0.521835942652545], [0.007348699014843511, 0.0115627513843589, 0.8764197172127631, 0.10466883228803445]], "ideal": "B", "sampled": "B", "correct": true}}
{"type": "result", "data": {"idx": 11, "options": ["Uneasy allies", "Comrades-in-arms", "Mortal enemies", "Distant strangers"], "probs": [[0.6232862030745705, 0.1930966240390418, 0.13479774234900044, 0.04881943043738728], [0.5790765716358534, 0.19397814525051357, 0.16591147822803226, 0.0610338047856008], [0.5446086565948951, 0.357182564976726, 0.04987230188550746, 0.048336476442871354], [0.558694689745934, 0.33888174867349746, 0.05797429684580833, 0.044449264634760205], [0.5588954590204667, 0.2899669667758922, 0.08843185052272151, 0.06270572358091966], [0.598051199228134, 0.24545282488771705, 0.10891562116421313, 0.04758035461993587], [0.014629635270342766, 0.9634954475239156, 0.0144029187700768, 0.007471998335664891], [0.014154104016190376, 0.9617659779633487, 0.017073213835474485, 0.007006704084986387], [0.09913063491473571, 0.2780275170835367, 0.5885831380158588, 0.03425870988586878], [0.06564399025494536, 0.5004581343001606, 0.05614886951273252, 0.3777490058321614], [0.061781521045441955, 0.137074258408126, 0.7765690834174571, 0.024575137028974976], [0.08762484277186215, 0.2699159387135232, 0.10569650369904131, 0.5367627147155732], [0.04192469912157971, 0.9248632563783311, 0.021750505484781614, 0.011461538915307554], [0.039959561299036016, 0.9238153150712121, 0.022415535647502507, 0.013809587882249369], [0.12900542298183632, 0.21270164305981268, 0.6251613180531348, 0.03313161580521621], [0.09346262852090571, 0.15652764658326393, 0.05940941285393022, 0.6906003119419001], [0.13051996460309542, 0.1812162811898153, 0.6525813753767526, 0.03568237873033656], [0.09493849746208469, 0.13814132786764152, 0.07628667012792884, 0.690633504442345], [0.02559627486226837, 0.9456208551473326, 0.021893768593088232, 0.006889101297310815], [0.02634326167516385, 0.9432764667347717, 0.020839422435054513, 0.009540849055009888], [0.06032989375796011, 0.1381028638751008, 0.7702681679715842, 0.03129907429535497], [0.08746692118168357, 0.23045464716240857, 0.12926917258360118, 0.5528092589723067], [0.10973273593731135, 0.23968688337647917, 0.6120602878742946, 0.03852009271191489], [0.09954457206500807, 0.3529294807765745, 0.0799874904668994, 0.46753845659151805]], "ideal": "A", "sampled": "A", "correct": true}}
{"type": "result", "data": {"idx": 12, "options": ["Issue a casus belli to go to war with the Kingdom of Zulu", "Tax the Zulu kingdom to cover damages attributed to them", "Sever its responsibility to protect citizens who chose to live in South Africa", "Liberate the Zulus from British colonialism"], "probs": [[0.46335735222001534, 0.3841674270220767, 0.08571991195834922, 0.06675530869955873], [0.5060590931470832, 0.36453806128118915, 0.03724012771188912, 0.09216271775983857], [0.5559666669413791, 0.2884576575399419, 0.08264624203442228, 0.07292943338425674], [0.5179871397392599, 0.31420472729349336, 0.06091225982462592, 0.10689587304262083], [0.530627532827615, 0.14508263332934826, 0.19220074436528495, 0.13208908937775174], [0.5956252039187017, 0.1628527741611237, 0.1529869838505887, 0.08853503796958588], [0.07779196613958089, 0.8765592778182489, 0.02336015206462389, 0.022288603877546227], [0.06489327366287502, 0.8959158241972079, 0.014941230777586028, 0.02424967126233097], [0.1928459583454101, 0.21183204964414937, 0.5161727743254423, 0.07914921758499825], [0.10043777895318756, 0.11205860553833058, 0.03364549451560486, 0.753858120892877], [0.06974217962064345, 0.030956022092331066, 0.8498440885083932, 0.04945770967863221], [0.09279270676622299, 0.053712339404345326, 0.08855240989080593, 0.7649425438386257], [0.09655199055075735, 0.6702499289103165, 0.11114067417552283, 0.1220574062634033], [0.09237116975266015, 0.5930392520639606, 0.06349161030120982, 0.2510979677821694], [0.12628509761617118, 0.19562606041697245, 0.5750105084281855, 0.10307833343867093], [0.06743118266729503, 0.1077665032005801, 0.04090329320175642, 0.7838990208303684], [0.05797261285242944, 0.046590249286548625, 0.740286577563665, 0.15515056019735696], [0.040964647221365336, 0.028601545946154123, 0.08147501761131266, 0.8489587891211678], [0.011390359413413969, 0.9632622042431624, 0.013956802089865944, 0.01139063415355759], [0.011360313086249664, 0.9607124368964445, 0.011906440612415073, 0.016020809304890783], [0.05946718240279823, 0.28820990117465967, 0.6101509632604527, 0.0421719530620894], [0.03403460335494286, 0.5756919554996566, 0.04652271557946835, 0.34375072546593216], [0.07747162652168298, 0.15409205395549758, 0.6094649842158314, 0.158971335206988], [0.047199779550510294, 0.08029788429818514, 0.06156527565256775, 0.8109370603987368]], "ideal": "A", "sampled": "A", "correct": true}}
{"type": "result", "data": {"idx": 13, "options": ["Pan-Africanism", "Communism", "African socialism", "Neocolonialism"], "probs": [[0.9496698552288994, 0.017947063912731265, 0.02867978124642836, 0.0037032995119409724], [0.9540300636351436, 0.017750349037403027, 0.016937872615309952, 0.011281714612143407], [0.9392385978528126, 0.040000357493456984, 0.01667509290626239, 0.004085951647468021], [0.9495066039123434, 0.03300478885659324, 0.014418982398426972, 0.003069624732636333], [0.9483552900956169, 0.017101856536168972, 0.02607762158109987, 0.008465231687114225], [0.9426951723778019, 0.015969775994587786, 0.03771594188528608, 0.0036191096423242373], [0.0066346412078917266, 0.984681333615343, 0.006953302528935368, 0.0017307225478298497], [0.0070578897540238055, 0.984039355607598, 0.005671463845455271, 0.0032312906929228453], [0.037453373004377746, 0.18150049919497735, 0.764164884867673, 0.016881242832971915], [0.01521985878933812, 0.20364791076960212, 0.012618434567164041, 0.7685137957738957], [0.012503832181475234, 0.013105196462027877, 0.9479213651911275, 0.026469606065369435], [0.008866040281175332, 0.013948994540363262, 0.5153012472900249, 0.46188371778843645], [0.07244919962354411, 0.910660349125605, 0.01299034200697557, 0.0039001091438753657], [0.09115833820035282, 0.8923770815605259, 0.012929993725474112, 0.0035345864136472117], [0.22203294598497858, 0.05792466852586886, 0.6947391990859043, 0.025303186303248185], [0.04756490632812048, 0.025862156129909015, 0.014968033323557785, 0.9116049041184127], [0.245311260935256, 0.03534357417831515, 0.698892135725957, 0.020453029060471868], [0.05220446145621813, 0.016686607647854585, 0.0342384698725815, 0.8968704609233458], [0.011050907466747573, 0.9793755032594846, 0.006599305407535499, 0.0029742837662323027], [0.012881496616836097, 0.9764662970190601, 0.008448473268555828, 0.002203732995547974], [0.020117788268314528, 0.013195068694379792, 0.9396164434816914, 0.027070699455614335], [0.01229383887172889, 0.010353156345134625, 0.26285973139671254, 0.714493273286424], [0.06082172376655072, 0.22599296379014797, 0.6853394992763309, 0.027845813066970437], [0.024988998378411904, 0.15794254386296985, 0.02744690363673645, 0.7896215540218818]], "ideal": "A", "sampled": "A", "correct": true}}
{"type": "result", "data": {"idx": 14, "options": ["Agriculture fueled industrialization in cities as excess labor flowed from the countryside to urban centers.", "Agricultural surpluses allowed the state to invest more heavily in modernizing agricultural production.", "Agricultural efficiency reduced prices of basic commodities, raising the standard of living across the whole of China.", "Agriculture was collectivized, with the result that entire communities shared fields instead of individuals owning the land as private property."], "probs": [[0.0012351677441430646, 0.003464203603933363, 0.004311229156086853, 0.9909893993958367], [0.0030801696957934617, 0.004696804137683401, 0.9830274663322562, 0.009195559734266877], [0.000762255789749384, 0.0010257596358721308, 0.005545070671341455, 0.992666913803037], [0.0023762506376048195, 0.002339474572586965, 0.9737719083314782, 0.021512366358330023], [0.0014449391738838913, 0.9916006118285232, 0.003989645887606239, 0.002964803009986686], [0.0012765924099232024, 0.9927183949764605, 0.002745146688398887, 0.00325986582521734], [0.0010593080460092293, 0.0007872418634757076, 0.004530162497069777, 0.9936232874934453], [0.0036554202383304955, 0.0017815741439414544, 0.9823888179974887, 0.012174187520239417], [0.0010280297935304496, 0.0009072586221216668, 0.0031666065368197867, 0.9948981049475281], [0.0038874425031573644, 0.0023213517978351575, 0.9814371727717917, 0.01235403282721588], [0.00253406866381938, 0.99087334015349, 0.0036299720064016335, 0.002962619076288969], [0.0023815024974554572, 0.9912703964666439, 0.00417973115110912, 0.0021683697847914747], [0.0010404388960606535, 0.0007732137511090462, 0.006891419694851391, 0.9912949275579789], [0.0035683297630469575, 0.0021308109579536074, 0.9740851924216369, 0.020215666757362458], [0.0014689833542883396, 0.002311095300043142, 0.003751252588707935, 0.9924686686569606], [0.004989950002105006, 0.004268236937448877, 0.9811235697274889, 0.009618243232957182], [0.0017694197259650198, 0.9910675099347419, 0.0027837303404980897, 0.004379339898795019], [0.0020011181018852985, 0.9891384613326748, 0.0056123080308510325, 0.0032481124345888216], [0.9514960778600304, 0.005837651981914385, 0.02496451546604483, 0.017701754592010385], [0.9581318050534754, 0.004797805808106949, 0.013455832680467104, 0.02361455635795052], [0.9641519905184646, 0.0074776183815160255, 0.010711281693961646, 0.01765910930605777], [0.9696750260578788, 0.00684743618176693, 0.01027926981824502, 0.01319826784210927], [0.9514091793981533, 0.00461750597207823, 0.010905139606203956, 0.033068174923564495], [0.9519826782175858, 0.006217284601794883, 0.022042257739879764, 0.01975777934073954]], "ideal": "D", "sampled": "D", "correct": true}}
{"type": "result", "data": {"idx": 15, "options": ["The expulsion of Christian missionaries from Japan", "The adoption of Chinese imperial customs in the Japanese court", "The annexation of Manchuria by the Japanese", "Commodore Perry forcing Japan to open its ports to trade"], "probs": [[0.010526779243991369, 0.013520801879759525, 0.11317688629415662, 0.8627755324820925], [0.008095464061233877, 0.004989206058904667, 0.6635543969102115, 0.32336093286964995], [0.0136522914018295, 0.07857728150031386, 0.008678451341238977, 0.8990919756566177], [0.049548801583485076, 0.25564170166873473, 0.6036769218550099, 0.0911325747927703], [0.006016194506033439, 0.935801993584826, 0.005393251494875941, 0.052788560314264606], [0.006607910018523803, 0.9655749090363898, 0.015852271443531414, 0.011964909401554973], [0.01098306582366814, 0.009545329132600713, 0.14695450826331505, 0.8325170966804161], [0.0096647699720386, 0.006145157822821981, 0.8046635961815389, 0.17952647592360052], [0.010540893516287056, 0.04724884129539244, 0.008082319215818486, 0.934127945872502], [0.03925466208424513, 0.13281941560988464, 0.7292416772549957, 0.09868424495087452], [0.004920190999885687, 0.9376841227992045, 0.005320315144780782, 0.05207537095612896], [0.004305482456657464, 0.9744025788760993, 0.01188817793266702, 0.00940376063457621], [0.011678424451911504, 0.0038523767188250197, 0.012239360073156109, 0.9722298386561073], [0.07259641612711965, 0.019547797950310666, 0.7565571872203468, 0.15129859860222292], [0.006204468916467919, 0.002547208830822791, 0.01106111853599196, 0.9801872036167173], [0.0351095033231283, 0.012329377001866829, 0.7163561392769277, 0.2362049802980772], [0.030723569279363903, 0.9410499710255342, 0.0064405736292275735, 0.021785885965874285], [0.02629694185341454, 0.9565072842593648, 0.005342964520312083, 0.011852809266908588], [0.8571503534053958, 0.03222108920509907, 0.0413645644088748, 0.06926399288063034], [0.8577324395698256, 0.029359350637566426, 0.07152096633370778, 0.041387243358900185], [0.7584628690765159, 0.09495593146616196, 0.03385173737637219, 0.11272946198094985], [0.8556495266558259, 0.07025346380861429, 0.04194216117274351, 0.03215484826281624], [0.7871018068254393, 0.1702566170426515, 0.014417473095908353, 0.028224102936000868], [0.8019449105079789, 0.16812493127195938, 0.013799084239446103, 0.0161310738806156]], "ideal": "D", "sampled": "D", "correct": true}}
