{"type": "result", "data": {"idx": 0, "options": ["total revenue is greater than total cost at its greatest distance", "total revenue is equal to total cost", "marginal product is at its highest point", "total product is at its highest point"], "probs": [[0.00619105864166485, 0.9781088377765546, 0.007238239622707138, 0.008461863859073479], [0.006206890630781681, 0.9806139111713322, 0.005922806953360215, 0.007256391144525857], [0.016126524820607342, 0.01295840846481835, 0.9227716420324577, 0.048143424582116595], [0.012750957984358309, 0.012554125753850563, 0.02308990227962995, 0.9516050138821611], [0.013475582381363442, 0.013688149299706963, 0.9447512834607639, 0.02808498475816573], [0.010802671816646472, 0.012241875143751869, 0.01956180795752955, 0.9573936449820721], [0.40912493754464296, 0.23313382091922394, 0.12094563899510395, 0.2367956024410291], [0.38074880267226746, 0.24972113592331133, 0.11981594382792689, 0.2497141174764943], [0.3939719468410332, 0.08521079207692689, 0.33177980530088486, 0.18903745568115507], [0.44541231118681496, 0.0798674923180647, 0.2831430266131126, 0.19157716978200776], [0.3694569495655461, 0.09790442210875729, 0.35811275506992823, 0.17452587315576842], [0.48453813517580496, 0.09248659138664114, 0.23616118633284883, 0.1868140870047051], [0.03580583072363293, 0.03470534277406926, 0.8408684887188274, 0.08862033768347051], [0.03390211422204313, 0.03782278460131188, 0.0674255303547051, 0.8608495707219399], [0.0734274260157658, 0.6752588353452993, 0.1119685206291919, 0.13934521790974297], [0.09005304223770054, 0.6865691388478697, 0.09437949743564998, 0.12899832137877978], [0.03545804759986109, 0.044826117243346925, 0.03331136392676318, 0.8864044711300288], [0.12851573908580874, 0.14793163977370452, 0.5083211811368328, 0.21523143990365395], [0.027625604946652078, 0.028061400573476142, 0.886736853206577, 0.05757614117329473], [0.026113087912393525, 0.024532661181110436, 0.04305492682303673, 0.9062993239834592], [0.07644143187255512, 0.6501442353425606, 0.15685269673332936, 0.11656163595155487], [0.08222058782145367, 0.6884654471393843, 0.103940491544067, 0.12537347339509505], [0.03770069538830279, 0.04206138954992332, 0.034869206720171395, 0.8853687082416025], [0.1496686912972763, 0.14735997992234087, 0.522430471689456, 0.18054085699092676]], "ideal": "A", "sampled": "B", "correct": false}}
{"type": "result", "data": {"idx": 1, "options": ["Increase capital and decrease labor so that the marginal product of capital falls and the marginal product of labor rises.", "Increase capital and decrease labor so that the marginal product of capital rises and the marginal product of labor falls.", "Decrease capital and increase labor so that the marginal product of capital rises and the marginal product of labor falls.", "Decrease capital and increase labor so that the marginal product of capital falls and the marginal product of labor rises."], "probs": [[0.3052707325558222, 0.503315390981006, 0.13130055415546887, 0.06011332220770295], [0.33743978852655643, 0.468496645439595, 0.1406712188995957, 0.05339234703425288], [0.16247725848295572, 0.349387415077335, 0.42145265086517714, 0.06668267547453215], [0.12185430506765052, 0.4122349865164382, 0.3753534778787934, 0.09055723043711784], [0.20368841895475848, 0.30103782713495825, 0.41795994092695415, 0.07731381288332911], [0.16521189489754357, 0.43528364462956415, 0.3038841968514051, 0.09562026352148718], [0.5397354597981024, 0.29807637120270686, 0.11856936612192015, 0.043618802777270475], [0.4595829018428727, 0.3362453331647639, 0.13585850797514284, 0.06831325691722057], [0.40813831707146264, 0.26766926845226047, 0.26352591105227663, 0.06066650332400025], [0.3108039911825092, 0.38680948264044335, 0.22739898513214907, 0.07498754094489841], [0.2660152385196309, 0.3636079227011462, 0.3110185942380924, 0.05935824444113048], [0.18741755139746857, 0.42901354488054577, 0.30901629177237483, 0.07455261184961082], [0.09520521546234587, 0.3707146859383605, 0.46864362498953266, 0.06543647350976099], [0.14542188832362787, 0.5319430031798066, 0.239772278029506, 0.08286283036705953], [0.11376795238501887, 0.5777731788907933, 0.24850450462571227, 0.059954363998475625], [0.18615803156226707, 0.5221026371130456, 0.22107860765529735, 0.07066072356938993], [0.18875980797220715, 0.4896152426471876, 0.1978281482370886, 0.12379680104351662], [0.2590916012917112, 0.4691631477103247, 0.1986619948344645, 0.07308325606349961], [0.13884273066590544, 0.5000014267361735, 0.29857212079629686, 0.0625837217016242], [0.21710763349929327, 0.48926871217076046, 0.21375116169182995, 0.0798724925381163], [0.10321061365097171, 0.4698503595966141, 0.3716922450794356, 0.05524678157297862], [0.14404807446767573, 0.5787039779030746, 0.21625163343429082, 0.060996314094958835], [0.3092356691029408, 0.4033259839159593, 0.20924845803482003, 0.07818988884627982], [0.283510798040861, 0.43911746538511925, 0.1948623261207719, 0.08250941035324783]], "ideal": "C", "sampled": "B", "correct": false}}
{"type": "result", "data": {"idx": 2, "options": ["the supply curve intersects the demand curve", "neither party has an incentive to deviate from his or her strategy", "the marginal revenue curve intersects the marginal cost curve", "the equilibrium is unstable and each party would like to switch strategies"], "probs": [[0.08623661118217474, 0.8987200693873078, 0.011313024884980658, 0.0037302944455368586], [0.12630592697034165, 0.8498702921478134, 0.017916260869377653, 0.005907519912467228], [0.3756890688434582, 0.04216187141612405, 0.5553556067312109, 0.026793452909206785], [0.35162051984697273, 0.10560330590140823, 0.04686026204862094, 0.49591591210299807], [0.18797271741638694, 0.046802954862691815, 0.7096601459545968, 0.05556418166632445], [0.13095784159459126, 0.0712183569917044, 0.15313720922919188, 0.6446865920845124], [0.9844568072717087, 0.007174886048225126, 0.004152044313490035, 0.004216262266576109], [0.9757114407037204, 0.010346186090926784, 0.008576685350199158, 0.005365687755153643], [0.9749739916264893, 0.009267161176459909, 0.008981059825945398, 0.006777787271105372], [0.962064328401249, 0.012695514631199998, 0.010858585155950696, 0.014381571711600297], [0.9643939789690172, 0.013759940092383075, 0.01375916802601194, 0.008086912812587718], [0.9424798487674464, 0.01866951398364769, 0.018668860195200376, 0.020181776953705585], [0.5046465176320964, 0.14016483276908895, 0.34152787484746305, 0.013660774651351532], [0.43103207839379604, 0.2656240864914753, 0.029341033873309337, 0.2740028011414193], [0.1498742347362272, 0.823083251730675, 0.023348485206010912, 0.0036940282270868895], [0.1732450227463519, 0.7644943439555936, 0.022376100891191176, 0.039884532306863396], [0.12247316446813217, 0.06557824413136824, 0.6222447705969483, 0.1897038207035513], [0.19519618769141284, 0.06747850473391481, 0.565049861387289, 0.17227544608738335], [0.07971617427536704, 0.06507381535965762, 0.8053255680385737, 0.0498844422264016], [0.04151683827509703, 0.10770173770981387, 0.05500610004583165, 0.7957753238692574], [0.029635879988076565, 0.9365227762273082, 0.020691161305299313, 0.013150182379315903], [0.029141781288829098, 0.9066417025601974, 0.027378809928189123, 0.036837706122784385], [0.042969332465181365, 0.10471874634328403, 0.46930766458730083, 0.38300425650423375], [0.07464055138021593, 0.09890139323008618, 0.7195381086241964, 0.10691994666550148]], "ideal": "B", "sampled": "B", "correct": true}}
{"type": "result", "data": {"idx": 3, "options": ["goods X and Y are normal goods.", "goods X and Y are inferior goods.", "goods X and Y are complementary goods.", "goods X and Y are substitute goods."], "probs": [[0.01118454561197958, 0.020573585207938134, 0.007568942008571108, 0.9606729270715112], [0.0956806256974013, 0.04887629010005012, 0.8267144733878593, 0.028728610714689233], [0.009457209067297781, 0.01940686239232723, 0.006500802879030589, 0.9646351255613443], [0.02623146157736771, 0.01919431620994743, 0.9393932548344146, 0.015180967278270233], [0.018049064542784966, 0.9702195266676759, 0.006640606382889383, 0.0050908023066497535], [0.018303684726196534, 0.9686551396915145, 0.009204633456816755, 0.0038365420254721505], [0.010473778080124653, 0.038314594387358264, 0.008417041657878608, 0.9427945857746385], [0.08874745104056238, 0.16071971231494322, 0.7203375836272712, 0.030195252917223248], [0.012201423505080713, 0.029733800240319345, 0.033170830967530505, 0.9248939451870695], [0.01995426081262209, 0.017070547335337173, 0.9466897735029162, 0.016285418249124575], [0.013625013249115454, 0.970273698442415, 0.012602151078053382, 0.0034991371304162193], [0.012844233899689802, 0.9736679997901164, 0.009252318942767351, 0.004235447267426463], [0.01026131342967168, 0.02923422519737745, 0.007508438136382174, 0.9529960231365687], [0.028362214272746874, 0.030671219653153153, 0.9248068810720497, 0.01615968490205031], [0.013940151666042155, 0.024468449446265618, 0.02905748395947876, 0.9325339148282135], [0.023594704023185083, 0.016219141886263794, 0.9426527670159115, 0.017533386974639607], [0.01852653127958171, 0.9652551164402076, 0.009612713693285563, 0.006605638486925202], [0.01820720415198272, 0.9635637306628105, 0.007357517660298509, 0.010871547424908284], [0.9332194520755942, 0.05432869605997576, 0.008869090300411869, 0.0035827614640181384], [0.9192870273348359, 0.056085564281910284, 0.02196337286017612, 0.0026640354230776553], [0.8600964498000728, 0.01677238489231788, 0.11825104065937844, 0.004880124548230816], [0.9109663010030995, 0.021428315991265587, 0.05824627126325151, 0.009359111642383396], [0.9002558344937084, 0.031295891002806636, 0.06421363179656657, 0.004234642606918395], [0.9247512020536334, 0.045336486846777074, 0.015425278533163047, 0.014487032466426455]], "ideal": "D", "sampled": "D", "correct": true}}
{"type": "result", "data": {"idx": 4, "options": ["causes the equilibrium price to be artificially high", "causes the equilibrium price to be artificially low", "exists when markets cannot reach equilibrium", "results in an equilibrium that does not maximize the total benefit to society"], "probs": [[0.7574020284818274, 0.17168243950308174, 0.04768276000964234, 0.02323277190544861], [0.8087345232858097, 0.13203741399681806, 0.04635822326590543, 0.012869839351466711], [0.6479481639050618, 0.054031470432078954, 0.27875677527186643, 0.019263590290992796], [0.7664927668141872, 0.06803616728617498, 0.08468191880596922, 0.08078914699366857], [0.5736950413296491, 0.06239592317586291, 0.3426818176647015, 0.021227217729786398], [0.79482414106879, 0.09493632080804369, 0.04700343415423805, 0.06323610386892833], [0.8852619448819274, 0.07736409682393648, 0.0267402935838964, 0.010633664610239622], [0.9067996773215308, 0.05619386603938573, 0.030082780976873832, 0.006923675562209709], [0.8561085368084606, 0.027956654856677664, 0.1088671596453536, 0.007067648589508155], [0.901347868789393, 0.03283460040930436, 0.04559064622072463, 0.020226884480577967], [0.7908437184422734, 0.03937930655817882, 0.16071230314544996, 0.00906467175409778], [0.9135064226544651, 0.046928702469076954, 0.023599771121025886, 0.015965103655432026], [0.17012783629790626, 0.3129552555821022, 0.44141721063286793, 0.0754996973871236], [0.1573461741051684, 0.3546184301021724, 0.3491686880239363, 0.1388667076687229], [0.1351464514458177, 0.450160405550577, 0.3617656461203869, 0.05292749678321836], [0.1351485969123932, 0.48672886069278093, 0.29990034993573284, 0.07822219235909304], [0.1419707578866, 0.14421914946243852, 0.5529254839143208, 0.16088460863664059], [0.1403664149067101, 0.11821092223643354, 0.6194630629894912, 0.12195959976736521], [0.40468675346373406, 0.1560456174014063, 0.39856324041258867, 0.04070438862227096], [0.3862520340815758, 0.2696706572003507, 0.09467529967448184, 0.2494020089435916], [0.41486867132517513, 0.21865283928053325, 0.3334687202895923, 0.033009769004699326], [0.43209421308417856, 0.36388802253624764, 0.07628423662999193, 0.1277335276495819], [0.265490390926915, 0.08225254784612357, 0.4808350406912036, 0.17142202043575785], [0.24064773677338328, 0.07003881885958904, 0.577397235833442, 0.11191620843358563]], "ideal": "D", "sampled": "B", "correct": false}}
{"type": "result", "data": {"idx": 5, "options": ["Collusive output levels tend to increase, driving the price above competitive levels.", "Consumer surplus falls as the price is driven downward.", "Collusive output levels tend to decrease, driving the price down to competitive levels.", "Joint profit maximization costs society consumer surplus as the price rises above competitive levels."], "probs": [[0.3150564133805885, 0.13134723900435186, 0.36837440725457493, 0.18522194026048477], [0.21003562366378734, 0.08756319497814731, 0.6675721456007074, 0.03482903565735793], [0.48253420964926363, 0.23518565732155458, 0.061352280334022846, 0.22092785259515893], [0.28457429525172967, 0.09384903153464241, 0.602510263295957, 0.01906640981767083], [0.05689862625870926, 0.9183515121207195, 0.017627888927509695, 0.007121972593061521], [0.06796807788753315, 0.8678115001311599, 0.05635207885652516, 0.007868343024781718], [0.02133417216222794, 0.8522352178550614, 0.06469725515524896, 0.06173335472746165], [0.03489413818113842, 0.5631930764589558, 0.3810758547728621, 0.020836930487043676], [0.050383770631350744, 0.37231115957566757, 0.34432576672424986, 0.23297930296873182], [0.057264254656775926, 0.0900946442650475, 0.8156674734879096, 0.03697362749026704], [0.07807575881417249, 0.3236323284643897, 0.5769464351518686, 0.0213454774695692], [0.024483038436381933, 0.8630902345888213, 0.09533454584132874, 0.017092181033467987], [0.22582516240175207, 0.4153783053890108, 0.07331883216153653, 0.2854776999477005], [0.17807758511045682, 0.10469309364606212, 0.6827057901284512, 0.03452353101502985], [0.10533129579759284, 0.0467446974878162, 0.5025448277469323, 0.3453791788676587], [0.08821751592850972, 0.03677724164441359, 0.8370623871941358, 0.037942855132940885], [0.04897032596994444, 0.8680609981181999, 0.07237772329189143, 0.01059095251996421], [0.0339095723475454, 0.930979857998141, 0.022239717403378465, 0.012870852150935148], [0.6700780628165391, 0.28822160784292367, 0.02518496006198625, 0.016515369178550975], [0.6961180457231666, 0.25611175892956756, 0.03927663242586901, 0.008493562821396834], [0.284862283577663, 0.04301178138474616, 0.6521246517633309, 0.020001283174259907], [0.7854194669587017, 0.0429504478044715, 0.15227206106552682, 0.019358024071299978], [0.8185314082630514, 0.049161822314763494, 0.12167566622558497, 0.010631103096600151], [0.8803987086510654, 0.055413802352877, 0.043156356499349666, 0.021031132396707973]], "ideal": "D", "sampled": "D", "correct": true}}
{"type": "result", "data": {"idx": 6, "options": ["Perfectly horizontal demand curve.", "Highly inelastic demand curve.", "Highly elastic demand curve.", "A demand curve consisting of two discontinuous segments."], "probs": [[0.06826023451628103, 0.6277488188824175, 0.2203549643971969, 0.08363598210410449], [0.06691398171795909, 0.6758501226889204, 0.2126603031246655, 0.04457559236845495], [0.06503119870277026, 0.1123724397197515, 0.6991874962588077, 0.12340886521867046], [0.10389296554639668, 0.1634617274320319, 0.5194650214470761, 0.21318028547449538], [0.040174024108834104, 0.8325734509845532, 0.044819103690334185, 0.0824334211162785], [0.03006750209069491, 0.7285055639547086, 0.022696972271528497, 0.21872996158306798], [0.5009473821874705, 0.18430477633165804, 0.2681510268378384, 0.04659681454303307], [0.5695082801304009, 0.1999346643525303, 0.17921245518248535, 0.05134460023458349], [0.5049042902270573, 0.35250899414661724, 0.08504392285568542, 0.05754279267063998], [0.4966433158760079, 0.37492022752559623, 0.08766783968975292, 0.04076861680864292], [0.5770946273471285, 0.26014054400421743, 0.09275248853126587, 0.07001234001738824], [0.5604637431676132, 0.24872965359375046, 0.14621453421485184, 0.044592068923784575], [0.13503591714939162, 0.16546297071709629, 0.6052292584767696, 0.09427185355674256], [0.1794045445054856, 0.2268102649642254, 0.41715616605217276, 0.17662902437811623], [0.06555327992223142, 0.8771408493471223, 0.02954834053345726, 0.027757530097189027], [0.0718800826970826, 0.8621578265733032, 0.0422579991835343, 0.023704091446079847], [0.11936072859757156, 0.569481091928077, 0.084643573704572, 0.22651460566977943], [0.17512084281003387, 0.4472290508414752, 0.31220951208018194, 0.065440594168309], [0.4756629026753019, 0.14968791156440434, 0.21778579895148972, 0.15686338670880398], [0.2033946453309916, 0.15596071909415612, 0.12929056198226246, 0.5113540734925898], [0.4013800559792824, 0.3770934899882738, 0.11681505737194006, 0.10471139656050375], [0.36586363737114724, 0.3716584901267233, 0.1958457456390759, 0.06663212676305358], [0.38715628939441465, 0.20403491566629076, 0.16652288037431603, 0.24228591446497852], [0.28454041266173535, 0.1808845983198852, 0.44073986674356924, 0.0938351221748102]], "ideal": "D", "sampled": "B", "correct": false}}
{"type": "result", "data": {"idx": 7, "options": ["Higher risk job.", "Investment in human capital.", "Increase in production of SUVs.", "Racial discrimination."], "probs": [[0.015297777977728256, 0.029953023471580693, 0.5145921716223755, 0.44015702682831565], [0.024044630957059287, 0.027676543115006835, 0.7963106005725026, 0.15196822525543127], [0.019070935461467868, 0.0676145513019764, 0.022647864390679524, 0.8906666487458762], [0.07638182091938014, 0.12206716197648278, 0.7362143012629344, 0.06533671574120264], [0.023960072098510213, 0.04547114212596298, 0.017258632604940063, 0.9133101530705867], [0.07284181090616725, 0.16162028019079694, 0.6595465189880155, 0.10599138981502024], [0.009792798454204034, 0.03754113355458264, 0.35617268607483943, 0.5964933818163739], [0.018136123024571144, 0.03839607500649663, 0.7359072496759799, 0.20756055219295233], [0.018805603369175007, 0.3661096848563615, 0.04802308436846867, 0.5670616273059949], [0.02432758252105106, 0.5624349461335052, 0.3155010499265724, 0.09773642131887135], [0.02006956204623128, 0.2407186794093833, 0.07456846590017993, 0.6646432925442055], [0.02440256970426902, 0.25034936980244377, 0.5912488632290892, 0.133999197164198], [0.026335751097, 0.046221459741700284, 0.027600362419575458, 0.8998424266417242], [0.0780178236809505, 0.1001818705256754, 0.763820650962431, 0.057979654730943124], [0.034364045686982245, 0.05845751041952847, 0.22761537810717902, 0.6795630656863102], [0.045548801222895514, 0.060345039889608786, 0.8201729807214757, 0.07393317806601994], [0.07797441998213317, 0.8125393592386577, 0.06774817823415652, 0.04173804244505261], [0.04798381676823255, 0.6834529497573617, 0.028653544715182264, 0.2399096886592235], [0.050137731425848604, 0.033400829380378444, 0.027690395297464393, 0.8887710437963086], [0.13699209219278577, 0.0956440564629201, 0.6639491813673112, 0.10341466987698295], [0.04494657174463532, 0.028129745929512454, 0.2014512035172563, 0.7254724787085959], [0.05652121664470038, 0.04686194087327074, 0.7926535304831627, 0.1039633118988662], [0.15183924948369376, 0.691250650906699, 0.08518156772678573, 0.07172853178282146], [0.10438370814040136, 0.4064749812019555, 0.028539287399866532, 0.4606020231577766]], "ideal": "C", "sampled": "D", "correct": false}}
{"type": "result", "data": {"idx": 8, "options": ["all requirements for price discrimination", "required in order for a firm to earn short-run profits", "all sources of elastic demand", "all barriers to entry"], "probs": [[0.10336651857977366, 0.4025287715859409, 0.05890821357706079, 0.4351964961572246], [0.1829376044248748, 0.27039709281605934, 0.3996696412212882, 0.14699566143777767], [0.10718936392196987, 0.030242115030825006, 0.5888494804743463, 0.2737190404728589], [0.0875658477632756, 0.025891626896289276, 0.5120577115556414, 0.37448481368479375], [0.15768840731196798, 0.060801442026956184, 0.6238202382318442, 0.1576899123292316], [0.10546842923611618, 0.20332395901670056, 0.06498811829105622, 0.626219493356127], [0.2238865281001213, 0.131637825378498, 0.07270712418052465, 0.5717685222408561], [0.33564622707197367, 0.13353253006490273, 0.3864561193700864, 0.1443651233930372], [0.16180334923361717, 0.04859193023332838, 0.0643809435289012, 0.7252237769041533], [0.17809428737267602, 0.042311852034357056, 0.6122816960123779, 0.16731216448058894], [0.2959052092115883, 0.5113350266750311, 0.08218685720456748, 0.11057290680881318], [0.2778372590489275, 0.5110838045153259, 0.07137139459900883, 0.13970754173673786], [0.08149225735806727, 0.02730407101486036, 0.593112389169884, 0.2980912823571884], [0.06907876990780858, 0.02243261302923359, 0.5521468252214405, 0.3563417917415173], [0.09303203813236094, 0.1291864091071693, 0.057331876858443806, 0.720449675802026], [0.09365659275948669, 0.07071071915150923, 0.6109602496233588, 0.22467243836564524], [0.0705307786017045, 0.4389247828443295, 0.058483249561850366, 0.4320611888921156], [0.10318700737546403, 0.10003027840380803, 0.6128290754056537, 0.1839536387150742], [0.6304883956278691, 0.03907091170158684, 0.26702973243904105, 0.06341096013150299], [0.6295228787484929, 0.04855185518827862, 0.05949166966354992, 0.26243359629967855], [0.7379501186336935, 0.10632279118119928, 0.06759248421438313, 0.08813460587072408], [0.698807635869013, 0.11956514805655652, 0.0582804811455, 0.12334673482893056], [0.6441077757308792, 0.038089801615499505, 0.08451375584798917, 0.23328866670563211], [0.5664905820743407, 0.0340263465903, 0.3178714764117498, 0.08161159482360958]], "ideal": "D", "sampled": "D", "correct": true}}
{"type": "result", "data": {"idx": 9, "options": ["increasing-cost industry", "constant-cost industry", "decreasing-cost industry", "profit-making industry"], "probs": [[0.2009383797025142, 0.1666267439574235, 0.5549555768282566, 0.07747929941180567], [0.20669270125828393, 0.4806563042820313, 0.18529847924204237, 0.12735251511764237], [0.2636235434633186, 0.3604122805357855, 0.3180439268641695, 0.057920249036726386], [0.24953087973123053, 0.4886330322464772, 0.15616782822518607, 0.1056682596971062], [0.19672150004093086, 0.22296402520584707, 0.36757976908523965, 0.21273470556798238], [0.2599946596957723, 0.23311299430651367, 0.3610274547130561, 0.14586489118465792], [0.14753499076027324, 0.10302771988122601, 0.6511445994342676, 0.09829268982423311], [0.16252022737844463, 0.32836758597834076, 0.3387710699283403, 0.17034111661487436], [0.1313195626559827, 0.07602064027545204, 0.7212547986510804, 0.07140499831748476], [0.15885473786196028, 0.2702696919170953, 0.32093149420389927, 0.24994407591704507], [0.08977610014982629, 0.5947272378166956, 0.1503580558654623, 0.16513860606801578], [0.07991692125307595, 0.546210626226781, 0.0949099400950703, 0.2789625123250728], [0.24165414681160222, 0.30554245533529184, 0.3802361914029673, 0.07256720635013865], [0.1977120220122516, 0.5291720111015558, 0.16392158214481956, 0.10919438464137306], [0.18990482604732892, 0.11520698637955516, 0.6228014408530886, 0.07208674662002734], [0.19590921406114192, 0.3230440866170526, 0.22550981898571268, 0.25553688023609283], [0.22802376953644463, 0.35322439318525073, 0.29281379971063076, 0.1259380374676739], [0.13615766844832283, 0.24275836389269562, 0.19504942325492727, 0.4260345443040543], [0.33840424323280527, 0.093995959957915, 0.3717183823767874, 0.1958814143324923], [0.2990625776121279, 0.0926704772270152, 0.48551547160720865, 0.12275147345364827], [0.3547744856352824, 0.18699499030016478, 0.22553234472202013, 0.23269817924253267], [0.3300709871649428, 0.18232082643715955, 0.18229881742109455, 0.30530936887680304], [0.2895796808436111, 0.09702098824541161, 0.49267016368140903, 0.12072916712956824], [0.320653316937707, 0.11083868807311102, 0.25767800017344583, 0.3108299947157362]], "ideal": "B", "sampled": "A", "correct": false}}
{"type": "result", "data": {"idx": 10, "options": ["Amount of wood used to make a desk.", "Number of pickles put on a sandwich.", "The size of a McDonald\u2019s kitchen.", "Number of teacher\u2019s assistants in local high schools."], "probs": [[0.07351064845580833, 0.061906383819045556, 0.7542249132137873, 0.11035805441135885], [0.060686789220885044, 0.0472666358629784, 0.7995063035899107, 0.09254027122622586], [0.10678118853309347, 0.3845566679860172, 0.03748794891537037, 0.471174194465519], [0.1561464702065561, 0.647243514158155, 0.14669974474705952, 0.04991027078822947], [0.12822746369415364, 0.3223860047325415, 0.05780312775817536, 0.49158340371512954], [0.14081135495693547, 0.16208438694409227, 0.6410906361973737, 0.056013621801598516], [0.015635753979564522, 0.8946803870092981, 0.05809769432573521, 0.03158616458540217], [0.01381243836479769, 0.9240148516302297, 0.024625420178029427, 0.03754728972694321], [0.04129399032433888, 0.10545363393995967, 0.7671845044231398, 0.0860678712125616], [0.04171520828144628, 0.2941355694009691, 0.20857885400139597, 0.4555703682161886], [0.03459645088115413, 0.06989129684085571, 0.8125165760637161, 0.08299567611427401], [0.035895938441832004, 0.1794782654230343, 0.5275359533091768, 0.2570898427259569], [0.09912684189554552, 0.3301639731582161, 0.03480062503762386, 0.5359085598086145], [0.1509213756687622, 0.35644817614305024, 0.44363072840628337, 0.04899971968190414], [0.048137911327505986, 0.026173972117005714, 0.8804649321278782, 0.04522318432761008], [0.04863680254348508, 0.03908356060347501, 0.797409728234443, 0.11486990851859695], [0.14337996127669075, 0.5004699993535713, 0.3231401551499485, 0.03300988411978951], [0.07293793585516521, 0.3704315139371448, 0.026009377186414575, 0.5306211729212754], [0.11757302940524318, 0.5107422432482444, 0.04192596642308915, 0.32975876082342337], [0.13342399645335393, 0.23786833436888866, 0.5796217213806968, 0.04908594769706063], [0.04673355629376809, 0.023871301722678782, 0.8819240190010318, 0.0474711228825213], [0.05823899255166796, 0.048285534356808865, 0.6770807134939402, 0.21639475949758302], [0.08163908624849549, 0.7868072033213273, 0.10816259861667483, 0.02339111171350244], [0.07111980113018378, 0.41573691906004906, 0.01944503399556743, 0.49369824571419973]], "ideal": "C", "sampled": "A", "correct": false}}
{"type": "result", "data": {"idx": 11, "options": ["Price rises, but quantity is ambiguous.", "Price falls, but quantity is ambiguous.", "Price is ambiguous, but quantity rises.", "Price is ambiguous, but quantity falls."], "probs": [[0.09392774663985741, 0.40170716649491867, 0.28934489422198856, 0.21502019254323534], [0.08831027960125357, 0.39580497436592404, 0.2438506948990955, 0.27203405103372685], [0.10062749982744008, 0.4236893481691981, 0.31486685019166266, 0.1608163017116991], [0.09355466624484703, 0.4193120252256713, 0.3531099171946941, 0.13402339123478754], [0.10330686332344355, 0.24021642502914178, 0.408632531399673, 0.24784418014774168], [0.10742761513790929, 0.20388003299224153, 0.5371803800874323, 0.15151197168241684], [0.060839523629443976, 0.6855129888483976, 0.12880569119332025, 0.12484179622883815], [0.06123534194052549, 0.6583763931838812, 0.13800404913086978, 0.1423842156447235], [0.07970696060615862, 0.15364846814598665, 0.6674428084934305, 0.09920176265442417], [0.07356435530774935, 0.2608268461552636, 0.3509857225444953, 0.3146230758924918], [0.10238839168690846, 0.1973722621013798, 0.5535650376473761, 0.14667430846433563], [0.08589074142745641, 0.24469747011445958, 0.44310132324885904, 0.22631046510922492], [0.05899974483407583, 0.7188087433301553, 0.14154278703321746, 0.08064872470255142], [0.05322680641635511, 0.770077886988991, 0.1144627560354403, 0.06223255045921358], [0.08755734627233573, 0.22360398039670898, 0.5710093420993193, 0.117829331131636], [0.0718108394130529, 0.5474976137478735, 0.21108154321343256, 0.16961000352564096], [0.09078611296308417, 0.2627185460995195, 0.5143921719687096, 0.13210316886868673], [0.07324139227422362, 0.43489002917157643, 0.24017028208876898, 0.25169829636543095], [0.05628086106674073, 0.7185903599507286, 0.13930484287860492, 0.08582393600392577], [0.0521842480621206, 0.7204212250412548, 0.15825637524922084, 0.0691381515474037], [0.08765052231385798, 0.512373191336007, 0.28742032615666013, 0.11255596009347484], [0.07066026811115647, 0.5472069774316298, 0.20447760056605596, 0.1776551537911578], [0.08045779287692681, 0.2897590739699384, 0.4929089619159863, 0.1368741711371485], [0.07749112752416029, 0.38145357650767114, 0.2747522314717216, 0.26630306439644696]], "ideal": "C", "sampled": "A", "correct": false}}
{"type": "result", "data": {"idx": 12, "options": ["A bumper crop of oranges in Florida", "A decrease in the price of Tang", "Expectations of lower future prices for orange juice", "Expectations of higher future income among juice drinkers"], "probs": [[0.5547878600300865, 0.1470166565120965, 0.24239664273790776, 0.055798840619909224], [0.4758182678261644, 0.1045335726871968, 0.382377701171741, 0.037270458214897766], [0.3897888107556966, 0.5497320355267798, 0.026946511418060193, 0.033532642199463364], [0.4578597110689869, 0.4507883652358961, 0.07592714350873492, 0.01542478008638212], [0.29338788954018596, 0.6716183502810703, 0.01818069066997846, 0.016813069408765254], [0.4021170495276636, 0.5583156609980846, 0.027797648886186743, 0.011769640488065084], [0.08246128229545491, 0.7947264879343667, 0.07508642942792916, 0.047725800242249185], [0.1173010468146541, 0.6146452219503727, 0.23697122939731832, 0.031082501737654825], [0.09854300539423819, 0.5163676257593357, 0.3083409139579852, 0.07674845478844095], [0.09066038001652156, 0.6804898507303837, 0.169391158381137, 0.05945861077195769], [0.051447656671277285, 0.8567258826477193, 0.07486041732133158, 0.016966043259671788], [0.055753774506702575, 0.8859222466415679, 0.035442155935635745, 0.022881822816093692], [0.3453614040287158, 0.5606260885551357, 0.03584131210908235, 0.05817119520706616], [0.43897348556194327, 0.41240960278631994, 0.1277614382382099, 0.020855473313526916], [0.5658411172270762, 0.18661763567035705, 0.16728324563308458, 0.08025800136948219], [0.5523075337384973, 0.18502364637289728, 0.20966264134793006, 0.053006178440675344], [0.5245059132051483, 0.3231670856152663, 0.1285489946475226, 0.023778006432062813], [0.48334638260545465, 0.433319127266813, 0.032387490241435876, 0.05094699978629648], [0.6486412141127172, 0.3016765645960068, 0.021181756154972572, 0.028500465036303387], [0.7279591864719981, 0.1990289324288549, 0.06262773537218895, 0.010384145626958054], [0.7171310362583782, 0.09555966543468666, 0.1527025930330246, 0.03460670517391055], [0.7147013118326436, 0.10791856151225454, 0.1364225365727296, 0.0409575899823722], [0.7697058440073746, 0.07987572250794216, 0.13587274921376788, 0.01454568417091536], [0.7948811260716262, 0.12776361737741415, 0.03180334799650953, 0.04555190845445016]], "ideal": "D", "sampled": "D", "correct": true}}
{"type": "result", "data": {"idx": 13, "options": ["Demand is downward-sloping.", "The demand curve lies above the marginal revenue curve.", "Price is determined by the equilibrium in the entire market.", "Average revenue differs from price."], "probs": [[0.2753264045575696, 0.2586692009061523, 0.44697160107047224, 0.019032793365805854], [0.192566871787366, 0.47664976863879777, 0.01819631226969549, 0.31258704720414077], [0.05343047429402681, 0.9324635092640363, 0.009580685577688338, 0.004525330764248484], [0.049877868059008616, 0.9411912037972955, 0.004291323241037773, 0.004639604802658167], [0.2315684338705108, 0.0717440375094184, 0.326608409651985, 0.3700791188680858], [0.09175676680636811, 0.02469876548589457, 0.8572546083134234, 0.026289859294313902], [0.02456359809432273, 0.9363002883891104, 0.03518827448196552, 0.0039478389346014], [0.018421089163315457, 0.9448723138839705, 0.0043759760177566566, 0.03233062083495734], [0.035766736385547004, 0.5955966233661172, 0.3612555635424378, 0.007381076605897965], [0.019936853213477813, 0.8611257532534239, 0.005986682456543748, 0.11295071097655458], [0.03908457846882334, 0.01052070287357712, 0.8623155288586714, 0.08807918969892811], [0.05295824503283881, 0.015413356570152317, 0.7086626118968055, 0.2229657864002034], [0.30367010220744317, 0.6737753017260553, 0.016349482952366216, 0.006205113014135325], [0.3568767105533433, 0.6263938711816136, 0.007068754826393454, 0.009660663338649645], [0.5090270707787375, 0.03630567711421433, 0.4423157115052107, 0.012351540501837403], [0.7912169112800411, 0.047522150063832896, 0.012593036539697932, 0.14866790201642802], [0.5401290471037719, 0.01462232246758452, 0.4273346392396425, 0.01791399108900108], [0.7789354606483554, 0.01518879606456697, 0.04259928842708299, 0.16327645475999458], [0.035008599493300374, 0.5225860721596428, 0.27538318572830556, 0.1670221425187512], [0.027620698147773955, 0.047727135887936215, 0.9148035874266358, 0.00984857843765397], [0.02855410362746151, 0.029463037186976092, 0.7138455349868709, 0.2281373240986915], [0.03453545946872325, 0.02689840693544788, 0.8769990972650685, 0.06156703623076034], [0.020624160092774242, 0.7157916839255271, 0.25126875895232265, 0.012315396929376063], [0.01542623054601015, 0.8690289147649181, 0.014952712595050429, 0.10059214199402139]], "ideal": "C", "sampled": "C", "correct": true}}
{"type": "result", "data": {"idx": 14, "options": ["money.", "plant and equipment.", "where the central government is located.", "the center of the economy."], "probs": [[0.006668403280819657, 0.9897268512234001, 0.0028681617378068383, 0.0007365836579733558], [0.005709165324827235, 0.9906543425771075, 0.003152974437213014, 0.00048351756085220527], [0.010569532516465627, 0.00255029767723024, 0.9817291008587038, 0.00515106884760034], [0.002169605343010296, 0.0009780363287450974, 0.005044587342922374, 0.9918077708853222], [0.010083724609784961, 0.0032232359086375646, 0.9815428721789473, 0.0051501672026301945], [0.0028311697875899036, 0.0020078053835139347, 0.002831255236440672, 0.9923297694924554], [0.9882054258777321, 0.006455225747887557, 0.003401553439324438, 0.001937794835055885], [0.9914371339114801, 0.004664722814928452, 0.0028736563306235273, 0.001024486842967899], [0.982429247217459, 0.0029843632441291694, 0.012369081892248517, 0.0022173075461633792], [0.9865468814149431, 0.0034495401209649044, 0.00718888270111432, 0.0028146956629776934], [0.9899396494088518, 0.002034757093308273, 0.006465834226362858, 0.0015597591714769925], [0.9910616236122402, 0.0021017708259786993, 0.00438001936284789, 0.0024565860989332095], [0.007942291574314314, 0.006185906679341563, 0.9772843904022754, 0.008587411244068694], [0.0014694481395511778, 0.002240876794415628, 0.003525010376804025, 0.9927646645892292], [0.0024607559938291668, 0.9927767404711595, 0.003871293927832661, 0.0008912095071787083], [0.002420552227042575, 0.991934159202726, 0.003928890145316014, 0.0017163983249154566], [0.0018229885195724018, 0.0035695580581885052, 0.004955343333149137, 0.9896521099890899], [0.00530088926508668, 0.0056430348578146005, 0.9791530649117739, 0.009903010865324843], [0.0071623113721334545, 0.0036584081979193716, 0.9831481929788625, 0.006031087351084735], [0.0016928392294628342, 0.0018305629813895946, 0.0028349652919545196, 0.993641632397193], [0.00249897595784998, 0.9925539176359406, 0.004184972575443016, 0.000762133730766451], [0.0028738615042454177, 0.9917203120305971, 0.0035211425246484056, 0.0018846838405091018], [0.0016881203704205948, 0.0018834129906451016, 0.005535021807999809, 0.9908934447309345], [0.004320715700387347, 0.0025401772450825235, 0.9778216354573542, 0.01531747149717592]], "ideal": "B", "sampled": "B", "correct": true}}
{"type": "result", "data": {"idx": 15, "options": ["Ray pulls weeds, since he has absolute advantage in cooking.", "Dorothy pulls weeds, since she has absolute advantage in cooking.", "Dorothy cooks, since she has comparative advantage in cooking.", "Ray cooks, since he has comparative advantage in cooking."], "probs": [[0.10607890902232078, 0.19819076578785536, 0.6397700380613521, 0.05596028702847171], [0.09698909678356307, 0.15743590865906915, 0.6838731209876777, 0.061701873469690006], [0.08657257229065281, 0.7596731101999172, 0.1146924765568294, 0.03906184085260057], [0.09623253766940511, 0.6374155664673054, 0.24961350018820908, 0.01673839557508052], [0.0575494820316698, 0.8196636743515447, 0.09196325065151043, 0.030823592865275046], [0.0690342431903661, 0.7900582786621834, 0.12500414623572534, 0.015903331811725173], [0.09365748403795435, 0.3119441498814576, 0.506337094859725, 0.08806127112086302], [0.07855016649604192, 0.22030605127352496, 0.6577259824021398, 0.04341779972829339], [0.054889316982994325, 0.5047687235181929, 0.3469183703881963, 0.09342358901061644], [0.05140852497665002, 0.5441405115759812, 0.335232850109423, 0.06921811323794574], [0.04992711423185189, 0.7223069550077483, 0.19746453598845431, 0.03030139467194544], [0.05909848768786397, 0.754519867671614, 0.15570318708341235, 0.0306784574571096], [0.1338430255745481, 0.3063937264252455, 0.30163504038573624, 0.25812820751447013], [0.13685603081559422, 0.1703341111655863, 0.6529469915175574, 0.03986286640126211], [0.11828652103117145, 0.22099973604856443, 0.44642243423498623, 0.2142913085852779], [0.1508061829503253, 0.17089953380233464, 0.6058781516736543, 0.07241613147368572], [0.28653722144667265, 0.39783640506353013, 0.2650110940366887, 0.05061527935310852], [0.27103757904414744, 0.46106802604967384, 0.20142165585325214, 0.06647273895292656], [0.3395439709349475, 0.3558488514354283, 0.24077561674672351, 0.06383156078290066], [0.37873613830593744, 0.2770988940915528, 0.2996104061303936, 0.0445545613721162], [0.3476012530261944, 0.1980678074511621, 0.39389492736895426, 0.060436012053689266], [0.34794343162468494, 0.21437113384195114, 0.37622693878052915, 0.06145849565283475], [0.38408927388719616, 0.240366135199197, 0.3184233463196912, 0.057121244493915625], [0.3943332643189099, 0.2885136837555959, 0.2318214126037382, 0.08533163922175602]], "ideal": "D", "sampled": "D", "correct": true}}
