{"type": "result", "data": {"idx": 0, "options": ["0.005 C", "0.01 C", "0.02 C", "0.5 C"], "probs": [[0.11610015988744922, 0.589660074236532, 0.28292123718831663, 0.01131852858770222], [0.1067661125358199, 0.7072441007504581, 0.13710282792680897, 0.04888695868691303], [0.12602685179373682, 0.506344369455644, 0.35348739623955583, 0.014141382411063367], [0.12175693199631935, 0.6686628558069229, 0.15881766684123663, 0.05076254525552112], [0.11571848336007237, 0.5027146042508596, 0.31458677733296087, 0.06698013495610719], [0.1187279101803168, 0.4921670963607396, 0.33301533009541284, 0.056089663263530785], [0.09204325473318496, 0.5727658516594478, 0.32129292073191684, 0.013897972775450409], [0.07813765078695438, 0.7074681493399325, 0.1554067575947254, 0.05898744217838766], [0.06835914147858911, 0.7702722857765865, 0.15167207449379502, 0.009696498151029386], [0.07590072492409075, 0.803443201094511, 0.10704622568810947, 0.013609848193288773], [0.08425567298285022, 0.5849137305628466, 0.27200454470775437, 0.05882605164654888], [0.10470828334902485, 0.47671201465196655, 0.39521357118697437, 0.02336613071203421], [0.12522546849762117, 0.4580975488289683, 0.4042766177793696, 0.012400364794040945], [0.10605805287151382, 0.6916550345648954, 0.14725878723535493, 0.05502812522823587], [0.11474475242028932, 0.7029633508237015, 0.17226444150970724, 0.010027455146301911], [0.10598605874894693, 0.7591074770180795, 0.12010602557952683, 0.014800438553446833], [0.10286994124114082, 0.5828645737949593, 0.2467945330075809, 0.06747095185631899], [0.11453047862932407, 0.5379802804564752, 0.3263010516038257, 0.02118818921037508], [0.0975943543815489, 0.4374307528657849, 0.41740612616663453, 0.04756876648603164], [0.10832189183823698, 0.4705811212572918, 0.3722663576866406, 0.04883062911783058], [0.09623552893717671, 0.5804339668335508, 0.27417287329887263, 0.04915763083039994], [0.10200647856755506, 0.436266236913294, 0.4431486361306525, 0.01857864828849841], [0.07654681711838396, 0.6717416026891206, 0.20809208147425928, 0.04361949861823606], [0.08599002265774448, 0.5785783169747531, 0.319523496576329, 0.01590816369117338]], "ideal": "B", "sampled": "C", "correct": false}}
{"type": "result", "data": {"idx": 1, "options": ["the electric field produced by a finite-length charged rod", "the electric field produced by an infinitely long charged cylinder", "the electric field produced by an infinite plane of charge", "the magnetic field produced by an infinitely long, straight current-carrying wire"], "probs": [[0.4122136747834316, 0.38741235961531667, 0.14713201692662645, 0.05324194857462524], [0.2904863996585753, 0.5100489334259339, 0.1395087858821833, 0.05995588093330747], [0.4846027809068349, 0.34378555541693095, 0.13056397485382548, 0.041047688722408646], [0.3767926751986521, 0.40126884418598624, 0.180957380379986, 0.040981100135375634], [0.23707043857285706, 0.6446857975745087, 0.07704110356721518, 0.041202660185419], [0.22384887264370965, 0.6581793230656443, 0.07388864981721106, 0.04408315437343499], [0.6696777639757481, 0.16678991166518564, 0.09511002472090205, 0.06842229953816424], [0.5407527704769263, 0.16246736108551235, 0.2440584906842824, 0.052721377653278965], [0.6508237559249892, 0.16464188307201238, 0.14092567016511828, 0.0436086907378801], [0.5320308406130478, 0.18394926873801215, 0.2515612636091554, 0.0324586269397846], [0.43951595119580944, 0.38203084331140597, 0.14508272296845884, 0.03337048242432574], [0.5018055421952217, 0.34503356623194603, 0.11385275992147381, 0.03930813155135851], [0.8412452919053133, 0.06489713936617601, 0.06805310121609116, 0.02580446741241948], [0.7472334227454884, 0.06331188502306924, 0.166889317016107, 0.02256537511533528], [0.7888611466148523, 0.0942587543826308, 0.0872323130665773, 0.029647785835939612], [0.6537842555712549, 0.10677457511020556, 0.2124542724333423, 0.026986896785197306], [0.7215126021693238, 0.1883055681490055, 0.057472663786612116, 0.03270916579505854], [0.7406261631536647, 0.16024080066494856, 0.07456876406230115, 0.024564272019085617], [0.6864290850455755, 0.13736203049496357, 0.13748226797537474, 0.038726616384086136], [0.713660628089964, 0.14059659261131052, 0.08806988235141033, 0.057672896847315094], [0.686353056674224, 0.1532267859472536, 0.1251632515142901, 0.035256905764232245], [0.7527400654204687, 0.13292774210101946, 0.08326349189475353, 0.031068700483758385], [0.7143339567240053, 0.15456426257259948, 0.08543572637654116, 0.04566605422685396], [0.7480812737722771, 0.1406252397141912, 0.08404551523870867, 0.027247971174823103]], "ideal": "A", "sampled": "D", "correct": false}}
{"type": "result", "data": {"idx": 2, "options": ["electric field outside the object is zero", "the electric field outside the object is equal to the electric field inside the object", "the electric field outside the object is directly proportional to the distance away from the center of mass of the object", "the electric field outside the object, but very close to the surface, is equal to the surface charge density at any location divided by the permittivity of free space"], "probs": [[0.0808979985505357, 0.22345207304630718, 0.4175907888824546, 0.27805913942070254], [0.10164844988760127, 0.18125207720374523, 0.6230770348879486, 0.09402243792070487], [0.03418381546888975, 0.8283982054338247, 0.027059200339782336, 0.11035877865750322], [0.04836876464669426, 0.8310837357831898, 0.0962244897880065, 0.02432300968210944], [0.021551273253184646, 0.96048188277464, 0.011185223007389855, 0.006781620864785497], [0.030238791611178307, 0.9407982628389632, 0.023191472421103698, 0.0057714730287548], [0.08702173309518509, 0.13911945287270208, 0.5952536704389846, 0.17860514349312823], [0.10490247725972686, 0.17031424220800506, 0.6430725667386374, 0.0817107136936306], [0.07073510253040306, 0.45424546602401206, 0.04161043728742736, 0.4334089940581575], [0.06749617408280395, 0.7145176635641249, 0.1807063248678092, 0.0372798373852619], [0.03642325719684698, 0.9106020345031948, 0.027939282365728516, 0.025035425834229682], [0.03655396127713837, 0.885724210730659, 0.06318060478703452, 0.01454122310516808], [0.11708947840518873, 0.19013870967306631, 0.049621253461327314, 0.6431505583604177], [0.16431279928338405, 0.16179754303804988, 0.6303468542813612, 0.0435428032972049], [0.09301141232761106, 0.13328240214673207, 0.04195006748837643, 0.7317561179372805], [0.1769395420303324, 0.206917461373685, 0.5540236543695735, 0.06211934212640907], [0.10958125226907067, 0.7972543732938211, 0.06753809903205078, 0.02562627530505743], [0.08523157143950201, 0.847576325210045, 0.04564116870767917, 0.02155093454277387], [0.3418448421841926, 0.3639829917178501, 0.14711580336630542, 0.1470563626316519], [0.22991388776930657, 0.19064053678125487, 0.5348694264182222, 0.04457614893121634], [0.3005740731825088, 0.32004387137204354, 0.14887951756656054, 0.23050253777888713], [0.2700674155064341, 0.2310499479822748, 0.43861602425313667, 0.060266612158154445], [0.2549046708711343, 0.5656024512024653, 0.14758565300046436, 0.03190722482593598], [0.23618661128811444, 0.6729258969452753, 0.0579066245711053, 0.03298086709550499]], "ideal": "D", "sampled": "D", "correct": true}}
{"type": "result", "data": {"idx": 3, "options": ["Less, because the tension in the string varies directly with the wave speed, which varies inversely with the wavelength.", "Greater, because the tension in the string varies directly with the wave speed, which varies inversely with the wavelength.", "Greater, because the tension in the string varies directly with the wave speed, which varies directly with the wavelength.", "Less, because the tension in the string varies directly with the wave speed, which varies directly with the wavelength."], "probs": [[0.18539135679432914, 0.3986675530968331, 0.35186864087132225, 0.0640724491375155], [0.3013293928601493, 0.39302144966734726, 0.23841025534830118, 0.06723890202420223], [0.2558633272453092, 0.4352534218329012, 0.24418729939757866, 0.06469595142421095], [0.372580180309936, 0.409213732382325, 0.165360410336718, 0.05284567687102099], [0.2162044442767264, 0.3564741770480614, 0.30021424440485284, 0.12710713417035938], [0.28468008341952045, 0.31267092978288896, 0.3381250622018153, 0.06452392449577528], [0.26871705375779215, 0.3141727237376063, 0.361654862481737, 0.05545535992286451], [0.13095982176305834, 0.36160373145296554, 0.43623178542913066, 0.07120466125484544], [0.3566229819536959, 0.37963347350473714, 0.20642680725685322, 0.05731673718471371], [0.41409160553657853, 0.3542003789577505, 0.18667606351935012, 0.04503195188632088], [0.21420086971906735, 0.39398777819292236, 0.3166159476802269, 0.07519540430778343], [0.33975274506455116, 0.33976335469167585, 0.27304173428582473, 0.047442165857948276], [0.2336819574159035, 0.36764602512822814, 0.33478386703289903, 0.06388815032296934], [0.19116278412724566, 0.3861710511038752, 0.3743306486867067, 0.048335515982172506], [0.23675485561078827, 0.3136580171249812, 0.34452383423415356, 0.10506329293007702], [0.32023754116228215, 0.23429774799280567, 0.39860223977375364, 0.04686247097115848], [0.21433277745387574, 0.3881178853737305, 0.3268668997984131, 0.0706824372739806], [0.39686606217378034, 0.2995793290042661, 0.25230211580932144, 0.05125249291263207], [0.15032894907878577, 0.27221968767304966, 0.44886228437703457, 0.12858907877113004], [0.18174008413948378, 0.2124829518867643, 0.5512067490232845, 0.05457021485046747], [0.2688784002988873, 0.3851643800350309, 0.2689185142248171, 0.07703870534126464], [0.24789270004811614, 0.39000235166232944, 0.3183474933290272, 0.04375745486052719], [0.3428127607767957, 0.40711490984013526, 0.19233057689098088, 0.05774175239208819], [0.2565522040735109, 0.4718882159781508, 0.21607373854897916, 0.055485841299359136]], "ideal": "C", "sampled": "C", "correct": true}}
{"type": "result", "data": {"idx": 4, "options": ["I only", "II only", "II and III only", "(E) I, II, and III"], "probs": [[0.04352212405369554, 0.10130203702967941, 0.26282665620400786, 0.5923491826126172], [0.04458620588613631, 0.06698605888096694, 0.8557881957417631, 0.032639539391133586], [0.033628925519438795, 0.08073451181897123, 0.07015368276593335, 0.8154828797956566], [0.05265336365500992, 0.07909370781225934, 0.8245802336573003, 0.04367269477543049], [0.03012178850287088, 0.9086192916781098, 0.029680257809010447, 0.031578661910008854], [0.03036873787337838, 0.9018299578718532, 0.033377517011404144, 0.03442378714336434], [0.03273474492413052, 0.08497641933451759, 0.21368678902124674, 0.6686020466201051], [0.046506453300832216, 0.06262423842519128, 0.8516840933901734, 0.03918521478380311], [0.021358661676905505, 0.05047665307951341, 0.06089478236798899, 0.8672699027755921], [0.0577028161571912, 0.09372603752680089, 0.7976210593734114, 0.05095008684259642], [0.04170664973596967, 0.8512324937194305, 0.04729856356399558, 0.059762292880604216], [0.04538877832621563, 0.8304053822582864, 0.06405569082044711, 0.06015014849505087], [0.015756892844859354, 0.031847668535586675, 0.03609275948018384, 0.9163026790393701], [0.04860603519156083, 0.06752160533458663, 0.8359977103829216, 0.047874648990930954], [0.013834872697591394, 0.017226820168157554, 0.028404882979350843, 0.9405334240549003], [0.062473412133014106, 0.0754068964744049, 0.7986288726450587, 0.06349081864752228], [0.03998565047536733, 0.8823195957946486, 0.03643004704439068, 0.04126470658559338], [0.04442148713320238, 0.8786722990931557, 0.03516548250210235, 0.04174073117153957], [0.10700980201681339, 0.6458185236891556, 0.08886550929166478, 0.15830616490236626], [0.11931734674850118, 0.6255745161127213, 0.13753011355888276, 0.11757802347989477], [0.11398126909612676, 0.5356776354589428, 0.12344396030416728, 0.2268971350407632], [0.15800491091522728, 0.5432881156801896, 0.17932668460100742, 0.11938028870357568], [0.1023023210535142, 0.6673636485517506, 0.13566355506958597, 0.09467047522514932], [0.1091523163543032, 0.6585701808740125, 0.14030501689811564, 0.09197248577356866]], "ideal": "D", "sampled": "D", "correct": true}}
{"type": "result", "data": {"idx": 5, "options": ["Equal to the block\u2019s gravitational potential energy when it was released, because total mechanical energy must be conserved.", "Equal to the block\u2019s gravitational potential energy when it was released, because the gain in kinetic energy compensates for the mechanical energy lost to thermal energy on the rough incline.", "Less than the block\u2019s gravitational potential energy when it was released, because the gravitational potential energy was converted both to thermal energy and to kinetic energy.", "Less than the block\u2019s gravitational potential energy when it was released, because the work done by the friction force must be greater than the block\u2019s gain in kinetic energy."], "probs": [[0.21037400001836873, 0.5372622668644964, 0.20392877089348488, 0.04843496212365001], [0.17318217196547422, 0.5090574545789707, 0.26410650810779784, 0.05365386524775728], [0.15974417327237092, 0.113288812327977, 0.6832926272662655, 0.04367438703338662], [0.16218550864144943, 0.18963593666525602, 0.07311579002712687, 0.5750627645661677], [0.18633117853481745, 0.19836604149818013, 0.5651489369345299, 0.05015384293247251], [0.15924488784665855, 0.43291933385039455, 0.07067785840469769, 0.33715791979824916], [0.5222678935681418, 0.16181004528007212, 0.27099130362516666, 0.044930757426619373], [0.5010539963497442, 0.17049481227026345, 0.2811088603619094, 0.047342330918082924], [0.45119508805502107, 0.14199128101784345, 0.3741272612511861, 0.032686369575949364], [0.45987751971878077, 0.17457168122017241, 0.10755729698047577, 0.2579935019805711], [0.4482733158525337, 0.17284362926992625, 0.3437693003447663, 0.03511375443277371], [0.4034505904345761, 0.21597779438653866, 0.09888866837492147, 0.28168294670396377], [0.06129685614547126, 0.15900328744506081, 0.7468888262367678, 0.032811030072700184], [0.06813953172687076, 0.3354287793215775, 0.1234046015527315, 0.47302708729882026], [0.0390450378150174, 0.7141135611067263, 0.22123381994387306, 0.025607581034383285], [0.04156022068516639, 0.760123298238885, 0.05770987164192462, 0.14060660933402394], [0.06051595789692669, 0.11307199029644006, 0.4614168605532605, 0.36499519115337276], [0.034264333693977, 0.0506444408766783, 0.8302828398711709, 0.08480838545817379], [0.1510892656316387, 0.25304905012578854, 0.5357583817844914, 0.06010330235808138], [0.19664559938405055, 0.39112239423192735, 0.20612317060097177, 0.2061088356830503], [0.0907019353011686, 0.5138987764303151, 0.3532162514254624, 0.04218303674305379], [0.11655154302065382, 0.5827806926928005, 0.13628506049856878, 0.16438270368797683], [0.17187939838656688, 0.13598476551580707, 0.4458982414440195, 0.24623759455360653], [0.06229982175166709, 0.07399010685087722, 0.7473115948112723, 0.11639847648618344]], "ideal": "C", "sampled": "B", "correct": false}}
{"type": "result", "data": {"idx": 6, "options": ["The small block is most likely to slide off when the original block is at maximum displacement from the equilibrium position, but will not slide off as long as the coefficient of static friction between the blocks is greater than kA/[(M+m)g].", "The small block is most likely to slide off when the original block is at the equilibrium position, but will not slide off as long as the coefficient of static friction between the blocks is greater than kA/[(M+m)g].", "The small block is most likely to slide off when the original block is at maximum displacement from the equilibrium position, but will not slide off as long as the coefficient of static friction between the blocks is greater than (M+m)g/(kA).", "The small block is most likely to slide off when the original block is at the equilibrium position, but will not slide off as long as the coefficient of static friction between the blocks is greater than (M+m)g/(kA)."], "probs": [[0.08901643073425942, 0.24199561952611512, 0.5453909079586774, 0.12359704168094807], [0.08472045447038447, 0.2866326548868435, 0.5110153517285431, 0.11763153881422905], [0.07421025164466519, 0.5483890379561844, 0.25504011863304304, 0.12236059166610734], [0.09633244043368376, 0.45249293261323525, 0.14018401815496784, 0.3109906086981131], [0.08526333975095746, 0.18625303684727135, 0.6707872001725081, 0.05769642312926309], [0.10206230135824342, 0.42975131313305054, 0.2774870138708477, 0.1906993715378584], [0.05054416973651969, 0.1999232657039526, 0.57853258727913, 0.17099997718039767], [0.047434162873883495, 0.0988692652208872, 0.8024056046667598, 0.05129096713846948], [0.059064304567848315, 0.20617579612898707, 0.6552753071482772, 0.07948459205488742], [0.06971220307855991, 0.23585786183051272, 0.5929919767461506, 0.10143795824477683], [0.059729422700436345, 0.5241575181985542, 0.26357695163113554, 0.1525361073698739], [0.06990867680353781, 0.37796077245843107, 0.14346351903806012, 0.408667031599971], [0.09880783481509729, 0.44287678924897755, 0.252360614009004, 0.20595476182692113], [0.07332339191689538, 0.5418495575679614, 0.20891617392087095, 0.17591087649427237], [0.11008810168828309, 0.37835177493520133, 0.3610635372556027, 0.15049658602091284], [0.11163140915433405, 0.2851057073569229, 0.5163131990237785, 0.08694968436496456], [0.07890661511129035, 0.23560052230086334, 0.5309848587062131, 0.15450800378163315], [0.07107032411160706, 0.2682474393428872, 0.5171019722241446, 0.14358026422136116], [0.07000300548281865, 0.14592028206320778, 0.7071861291411441, 0.07689058321282945], [0.0710764883891982, 0.36100631141763717, 0.428740253359264, 0.1391769467339006], [0.07444006425709382, 0.4420217406910229, 0.26811651191761676, 0.21542168303426645], [0.06403836922939993, 0.5362501976382046, 0.22009198379679115, 0.1796194492356043], [0.03612016966846371, 0.16189574065442602, 0.5308638929237913, 0.271120196653319], [0.038623080804749826, 0.08841752523543969, 0.8131353500606692, 0.059824043799141274]], "ideal": "A", "sampled": "B", "correct": false}}
{"type": "result", "data": {"idx": 7, "options": ["0.005 J", "0.01 J", "0.05 J", "0.1 J"], "probs": [[0.05045400800357602, 0.6857356845641234, 0.22262931777394793, 0.041180989558352636], [0.07131342829439996, 0.6873082627456383, 0.19387062009891137, 0.047507688761050396], [0.07261010420960007, 0.5200498219815602, 0.35743317803369573, 0.049906895675143954], [0.07981380908675098, 0.6180982658181445, 0.25367558283439723, 0.048412342160707215], [0.07330294916203574, 0.6234619802644845, 0.2639970559808978, 0.039238014492581894], [0.0708046602926524, 0.6511473495631411, 0.23955045754267965, 0.03849753250152683], [0.05023001113467446, 0.6514285292570078, 0.2511526149476068, 0.047188844560710895], [0.05369077057307841, 0.6644255144968408, 0.2482834243323133, 0.033600290497767415], [0.04711882607698842, 0.7256798471833704, 0.19531775392059247, 0.03188357271904872], [0.060239230242892676, 0.6180171461980001, 0.28741857834890105, 0.03432504511020621], [0.04964023547943181, 0.6539219142945706, 0.26011839990917407, 0.03631945021682347], [0.053829530206227626, 0.6872901672582854, 0.2338461047864882, 0.02503419764899878], [0.09847724143243801, 0.2986495405539381, 0.5493288471945498, 0.053544370719074134], [0.10672325083244465, 0.4493502441683204, 0.39656586362955226, 0.0473606412696827], [0.05675829700762849, 0.680777624496785, 0.22803693027086652, 0.03442714812471994], [0.06507096965839913, 0.6174138576787028, 0.28268357160784163, 0.03483160095505635], [0.048983300213464004, 0.7783435308516047, 0.13739013625162794, 0.03528303258330338], [0.053516659282197974, 0.7388209021229473, 0.18391355664775683, 0.023748881847097912], [0.060660187368265055, 0.43445519389872056, 0.4697757100856559, 0.03510890854735851], [0.05731546505712513, 0.6559793948471218, 0.2302757650383509, 0.05642937495740218], [0.0950248642178182, 0.5383879106218035, 0.31651012049460675, 0.05007710456577163], [0.09601050578583863, 0.5190597156696278, 0.3512253747856114, 0.0337044036589222], [0.06284508993992044, 0.7305970950572593, 0.14843297334988925, 0.05812484155293097], [0.058048407991110884, 0.6439263583779712, 0.27266477079187434, 0.025360462739043594]], "ideal": "C", "sampled": "D", "correct": false}}
{"type": "result", "data": {"idx": 8, "options": ["v0^2/(2\u03bcg)", "v0^2/(\u03bcg)", "2v0^2/(\u03bcg)", "mv0^2/(\u03bcg)"], "probs": [[0.13836388443178488, 0.725089438840018, 0.07885599223692417, 0.05769068439127293], [0.17428608042174318, 0.3990221276589574, 0.3991079285441441, 0.02758386327515528], [0.20354870691541196, 0.3629620535695414, 0.357400374175617, 0.07608886523942968], [0.1776446915107902, 0.21435456774306164, 0.547532221155705, 0.06046851949044319], [0.13014605518855632, 0.749111228090201, 0.09981942827914626, 0.020923288342096374], [0.14244755995005773, 0.7013404912445417, 0.07627295645105336, 0.07993899225434724], [0.08158217171687311, 0.704883622635095, 0.12250042036816187, 0.09103378517987007], [0.1349359745585988, 0.26840513841953095, 0.5683675386621634, 0.028291348259706837], [0.10363143168019784, 0.6154142755119717, 0.19366394414300114, 0.08729034856482934], [0.14007137923138405, 0.2497619576466953, 0.5718625868562591, 0.03830407616566154], [0.10925917529822503, 0.6906519064110517, 0.18018614089523952, 0.01990277729548374], [0.09209316840471672, 0.7712255636653219, 0.10769576555353717, 0.028985502276424196], [0.164687761732943, 0.3125739551409843, 0.48422018763269903, 0.03851809539337366], [0.15897421053906585, 0.24628523059277888, 0.5551556699825229, 0.03958488878563236], [0.16480936476749228, 0.5753439196818294, 0.2019797906520102, 0.05786692479866816], [0.16685607250712844, 0.24282192050743026, 0.5647269223844789, 0.025595084500962425], [0.15599937386742302, 0.6268479683327874, 0.15604309387338416, 0.06110956382640533], [0.1693074382948844, 0.4461643339188702, 0.358556206283824, 0.025972021402421386], [0.15846962827233313, 0.3462094902827668, 0.4659990392940982, 0.02932184205080187], [0.12335578157364605, 0.646530895460455, 0.11775281060439655, 0.11236051226150241], [0.22427977702863258, 0.32640928148346876, 0.4000265612799243, 0.049284380107974306], [0.25804122126317997, 0.44598851589920335, 0.22428766378211737, 0.07168259895549937], [0.1640735268428761, 0.40621560807934304, 0.2706201076236948, 0.15909075735408604], [0.16665810469106776, 0.21405244030937162, 0.572996560970738, 0.04629289392882258]], "ideal": "A", "sampled": "D", "correct": false}}
{"type": "result", "data": {"idx": 9, "options": ["0.5 s", "1 s", "2 s", "4 s"], "probs": [[0.059928474390351254, 0.696679759109785, 0.22267981570336057, 0.02071195069650327], [0.05677861762059143, 0.6600642848849673, 0.22812116313769945, 0.05503593425674181], [0.07596128866965604, 0.4303735615847188, 0.45105220014720393, 0.042612949498421225], [0.06744847295246499, 0.6399652218186472, 0.2626541793980612, 0.02993212573082656], [0.06829031759682815, 0.4523488119492227, 0.39302737688149797, 0.08633349347245116], [0.09365125826788008, 0.38819578518666153, 0.483155484523908, 0.0349974719215504], [0.07535069604697843, 0.4991149222655076, 0.40107008728123106, 0.024464294306282917], [0.06405807696829503, 0.627097335471972, 0.2573686107618018, 0.05147597669793117], [0.05422564364270827, 0.7603887517091249, 0.1544870327311093, 0.030898571817057487], [0.06983379091802566, 0.6224583224433763, 0.28948944049255176, 0.01821844604604628], [0.028608927657787473, 0.8900379603188517, 0.04943584355599981, 0.03191726836736103], [0.059173259271998395, 0.5527402701419843, 0.3740308544090943, 0.014055616076922987], [0.12316176294048839, 0.34008315202173206, 0.4948487281304468, 0.041906356807332804], [0.12022975713010582, 0.5305110492293309, 0.3070512275787996, 0.04220796596176368], [0.07781017550515267, 0.7737163429041926, 0.11500575718304801, 0.0334677243076068], [0.08177791109857283, 0.5502160406205754, 0.3497578638161303, 0.018248184364721514], [0.1090892146824442, 0.7225940495973211, 0.12755012986092792, 0.04076660575930676], [0.09795558725311394, 0.6488440813456228, 0.22424317030535748, 0.028957160995905826], [0.16543458966180796, 0.2949393226504063, 0.4787616163705442, 0.06086447121724156], [0.17179157542100487, 0.3015228335136817, 0.48186772051308263, 0.04481787045223081], [0.11829808529472649, 0.6102613897050321, 0.1950563966296225, 0.07638412827061897], [0.13809104699666444, 0.33650032747991354, 0.4973519899477855, 0.028056635475636506], [0.13116646129073187, 0.7091219386534323, 0.11220276841566576, 0.04750883154017008], [0.121874324057176, 0.7350365464024093, 0.12380481417874624, 0.019284315261668378]], "ideal": "B", "sampled": "C", "correct": false}}
{"type": "result", "data": {"idx": 10, "options": ["The average kinetic energy of the hydrogen gas is greater than the nitrogen gas.", "The average force exerted on the container by the hydrogen gas is greater than the nitrogen gas.", "The density of the hydrogen gas is less than the nitrogen gas.", "The pressures of the gases cannot be compared without knowing the number of molecules in each container."], "probs": [[0.16559690430022703, 0.09584706270932707, 0.6973339369046256, 0.04122209598582028], [0.1244678334268009, 0.1031945187138257, 0.0216347982530104, 0.750702849506363], [0.06851075855487662, 0.888525602654717, 0.02947257253005399, 0.013491066160352384], [0.057545179937280595, 0.8862659093125462, 0.012065553588348698, 0.04412335706182443], [0.15293913907213938, 0.04738230577327748, 0.2902759876898676, 0.5094025673647155], [0.08461459567642088, 0.027472730211536896, 0.7905183882496795, 0.0973942857623628], [0.08420656165757943, 0.36012295919861687, 0.5322860787345596, 0.023384400309244078], [0.059390106518012825, 0.5130785808271145, 0.0152563474457725, 0.4122749651091001], [0.034714989554660805, 0.6972985901952904, 0.2565382137072121, 0.011448206442836669], [0.017546409624899832, 0.8587842526811166, 0.009248313432809688, 0.11442102416117393], [0.03837612521109, 0.0225613225036022, 0.7471914181701561, 0.19187113401515166], [0.017919885076280024, 0.01139123091076783, 0.5934792784076854, 0.37720960550526667], [0.33470408870604856, 0.47204812838138027, 0.15327064000693943, 0.03997714280563172], [0.31001158644216786, 0.5192141880538979, 0.033199811714535246, 0.137574413689399], [0.17978937670830644, 0.08231974340035363, 0.7002035892602456, 0.03768729053109432], [0.06359518733325846, 0.0543989090268338, 0.01766345578669133, 0.8643424477532164], [0.1347980671615521, 0.04308684141066805, 0.695480043419934, 0.12663504790784594], [0.025675262060156537, 0.013743954136366927, 0.0969083259841685, 0.863672457719308], [0.027252206915934944, 0.1669481750253435, 0.3590175904523538, 0.44678202750636775], [0.02493407781377581, 0.10663318761835885, 0.775788728321072, 0.09264400614679322], [0.01823948222213952, 0.03801605282045966, 0.8002778663560414, 0.1434665985013594], [0.013529470592262543, 0.03049085566069321, 0.6124485913036333, 0.34353108234341095], [0.02310565962138652, 0.17893264495726136, 0.6859899469221568, 0.11197174839919531], [0.016881244475510728, 0.13073072006571385, 0.20891255410606407, 0.6434754812527114]], "ideal": "D", "sampled": "C", "correct": false}}
{"type": "result", "data": {"idx": 11, "options": ["Move the boy to half his original distance from the fulcrum.", "Move the girl to double her original distance from the fulcrum.", "Allow a second girl of mass m to join the first.", "Move the fulcrum to half its original distance from the boy."], "probs": [[0.10228351942817193, 0.12932431311135728, 0.1609709065702249, 0.6074212607902458], [0.1335946112620775, 0.1944173487341887, 0.33076848097853073, 0.34121955892520306], [0.08556509634644816, 0.08829853551252041, 0.3180210244632478, 0.5081153435777835], [0.05849438600059002, 0.07750308853714281, 0.23504242562911162, 0.6289600997331555], [0.1576609015307122, 0.19320374725317108, 0.29928353425847803, 0.3498518168576387], [0.060349060183962855, 0.07511560663615713, 0.06947691835914564, 0.7950584147207344], [0.25227550018397726, 0.16038274580604536, 0.19653741453467544, 0.3908043393753019], [0.321912502046707, 0.18633963443471685, 0.2669748107371207, 0.2247730526814554], [0.1809420531526448, 0.10638788024351421, 0.2717085101419624, 0.44096155636187856], [0.2514519449396499, 0.11879162009641875, 0.2151293802447671, 0.41462705461916427], [0.33161579570983307, 0.15913359344996342, 0.3317227264393627, 0.17752788430084082], [0.24790428206968398, 0.1327108124851969, 0.1704235647385231, 0.44896134060659604], [0.09934749675325356, 0.08907143969847875, 0.2744114758040856, 0.5371695876441821], [0.07550551052758167, 0.08424244137936651, 0.2554876823131635, 0.5847643656798883], [0.10304749579762645, 0.13868892441594194, 0.317519487332586, 0.4407440923538456], [0.11813919644224581, 0.1470444493711311, 0.2747516897923076, 0.46006466429431553], [0.07081959237598404, 0.07539753446575573, 0.23226713612736133, 0.6215157369308989], [0.1120584019314824, 0.09147512234931711, 0.28625160666115285, 0.5102148689580477], [0.14707581259103664, 0.15415937737594096, 0.40622170544908165, 0.2925431044839407], [0.06028295307748687, 0.07048758863697895, 0.0750410184189142, 0.79418843976662], [0.11982408343285259, 0.1563090109118825, 0.4740877519682974, 0.2497791535869675], [0.10663362035254721, 0.12665174239678614, 0.19015160699476732, 0.5765630301558993], [0.057116905061163084, 0.08055781812332603, 0.32875264667420195, 0.533572630041309], [0.07896071789310606, 0.09089650348255794, 0.3827371355916356, 0.4474056429327004]], "ideal": "D", "sampled": "B", "correct": false}}
{"type": "result", "data": {"idx": 12, "options": ["The high temperature water will rise to the top of the container until it has cooled and then mixes with the alcohol.", "The molecules of the water continue to have a higher kinetic energy than the molecules of the alcohol, but the two liquids mix until the energy is spread evenly throughout the container.", "The hot water produces thermal radiation that is absorbed by the cold alcohol until the kinetic energy of all the molecules is the same.", "The water molecules collide with the alcohol molecules, transferring energy until the average kinetic energy of both the water and alcohol molecules are the same."], "probs": [[0.0033208615595196104, 0.8650353425173738, 0.005064408686904123, 0.12657938713620243], [0.009869609979771888, 0.06640353185955465, 0.9167281139134278, 0.0069987441472456275], [0.008014126926293297, 0.04007105652060571, 0.636740405991733, 0.315174410461368], [0.006057779338145099, 0.009833283020833515, 0.9722481868403212, 0.011860750700700128], [0.0014741347156888723, 0.9959800672333589, 0.0021788500815173736, 0.0003669478694348959], [0.0011681725575798847, 0.9977275789546735, 0.0005349159448873064, 0.0005693324428593989], [0.004040418912940234, 0.002820894998323866, 0.004438353050706773, 0.9887003329380291], [0.0067357246331408265, 0.00372007292698446, 0.9842983233291409, 0.005245879010733832], [0.004237032676533381, 0.004237330234108689, 0.0021985812121058487, 0.9893270557772521], [0.03579369612862898, 0.01380102449966084, 0.9378401179842112, 0.012565161287499039], [0.012026626903930953, 0.985782229600516, 0.0011725673964877678, 0.001018575999065268], [0.013602849434377444, 0.9839804417242496, 0.0015997586704061893, 0.0008169500709667378], [0.008018286601354745, 0.009229938298048171, 0.335717257577851, 0.6470345174227461], [0.007226753084893502, 0.005045421912528642, 0.9767081786571273, 0.011019646245450553], [0.006733474187730506, 0.06591763216273157, 0.0030834080503755255, 0.9242654854991624], [0.053082146338453616, 0.10073960684059043, 0.8304866644336536, 0.015691582287302348], [0.007889429191935336, 0.9860616432103226, 0.0014827399440832845, 0.004566187553658746], [0.01766194529015088, 0.9494206580571133, 0.03149003055253664, 0.0014273660001991857], [0.9158417819405975, 0.007680521045432823, 0.07402298309196396, 0.0024547138220057324], [0.9680187749763971, 0.006224378425976932, 0.007747137968510876, 0.018009708529115077], [0.980373889009923, 0.013985705133961936, 0.0034277081837640233, 0.0022126975723510307], [0.9839114433247238, 0.011636670997347207, 0.003083747402411279, 0.0013681381755177161], [0.9668165116669368, 0.009628607820079184, 0.006120976607274748, 0.01743390380570927], [0.9493300392176901, 0.006200516720771545, 0.04304211349775427, 0.001427330463784043]], "ideal": "D", "sampled": "D", "correct": true}}
{"type": "result", "data": {"idx": 13, "options": ["4 s", "2 s", "0.06 s", "0.03 s"], "probs": [[0.04367879728895096, 0.891263951742215, 0.038559354406918836, 0.026497896461915273], [0.06684388740588235, 0.7532474145313853, 0.13935611673464676, 0.04055258122808558], [0.07871160215591293, 0.6489236587611054, 0.21740156685240816, 0.054963172130573584], [0.08089675452135839, 0.5794450424238862, 0.30539571098180485, 0.03426249197295067], [0.05056530010647717, 0.791080379805714, 0.12518543934231366, 0.03316888064549514], [0.04323072757340555, 0.8031533908495404, 0.13319065098772084, 0.020425230489333195], [0.04773033836575921, 0.8201360838906864, 0.09495262159524133, 0.03718095604831307], [0.0821384837504001, 0.5192288601109056, 0.32498421293274526, 0.07364844310594898], [0.07288501736768975, 0.7596007924333927, 0.12597479488073263, 0.04153939521818488], [0.0732107443193361, 0.6628949564062045, 0.24012025086611355, 0.023774048308345806], [0.03408984011970813, 0.8931462547576954, 0.05534852534066451, 0.017415379681931964], [0.030952107532931435, 0.8632295235332988, 0.09388271086886028, 0.011935657964909424], [0.07391273781890703, 0.38133781150131996, 0.48980649023579964, 0.05494296034397339], [0.06953003360425569, 0.35316038654432247, 0.5139830784579187, 0.0633265012935031], [0.06594797517957324, 0.4873811819981454, 0.3856590860245994, 0.06101175669768195], [0.06946115220932875, 0.3212333333216991, 0.5551949163537157, 0.054110598015256514], [0.024739617459953765, 0.8586788816397177, 0.08113678403406471, 0.03544471676626382], [0.026123291927979252, 0.838558766682163, 0.10662205914047085, 0.028695882149386932], [0.09435291446766099, 0.3398353406471619, 0.5183544677222806, 0.04745727706289653], [0.07106031900293229, 0.5858382931265484, 0.2600024199227219, 0.08309896784779733], [0.08750586085119243, 0.47313580280870055, 0.38626700389647595, 0.053091332343631066], [0.07661523840440365, 0.5751094946087114, 0.28474409021743013, 0.06353117666945479], [0.05081644950572441, 0.7705473784250254, 0.12193331684542302, 0.05670285512382713], [0.06165668206940644, 0.7168230822794004, 0.18411579246166024, 0.03740444308953297]], "ideal": "B", "sampled": "D", "correct": false}}
{"type": "result", "data": {"idx": 14, "options": ["10 N/kg", "4 N/kg", "2 N/kg", "0.5 N/kg"], "probs": [[0.02562080686424464, 0.7144749137250559, 0.19844052119639752, 0.06146375811430192], [0.030534244174962595, 0.6949675898573142, 0.23649620266210036, 0.0380019632056228], [0.02518518469148024, 0.74762350731107, 0.15431165779875672, 0.0728796500986931], [0.05560989925945559, 0.4729621025280999, 0.4307406438787472, 0.04068735423369727], [0.0172770487020562, 0.9433027572519711, 0.028940612722648397, 0.010479581223324283], [0.018131788095411668, 0.9446407553384276, 0.029901158078683127, 0.0073262983874776266], [0.043491553024790706, 0.30665453922675806, 0.4751206582854841, 0.17473324936296714], [0.05505989279627506, 0.25460284431591446, 0.5921789384661474, 0.09815832432166306], [0.027315585010732963, 0.7499284678269555, 0.09243294504934821, 0.13032300201296323], [0.06474442224629343, 0.37845867605988415, 0.5094261924532159, 0.047370709140606565], [0.017178703520514194, 0.9527081643733838, 0.01564658674423318, 0.014466545261868828], [0.01892103430297427, 0.9406191057109154, 0.03219337370561717, 0.00826648618049312], [0.04650726809988905, 0.22187834479948107, 0.6128508311005083, 0.1187635559001216], [0.049997047702372774, 0.19166309067917475, 0.6692082434791533, 0.08913161803929917], [0.03966557381894802, 0.40062268076640617, 0.2711413603430063, 0.2885703849716395], [0.052855417520895634, 0.19034434994898433, 0.6856741955613437, 0.07112603686877637], [0.013179698075450615, 0.9533065592039989, 0.014034562795079595, 0.01947917982547093], [0.014402697350971378, 0.9634791343133297, 0.015098398131756442, 0.007019770103942479], [0.05453112206167853, 0.2026108152280953, 0.6441116164398508, 0.0987464461703754], [0.06546225203031579, 0.271337739460224, 0.5483038857536409, 0.11489612265581935], [0.0586889806917191, 0.5397057887503613, 0.23954949199771783, 0.16205573846020171], [0.07135410446658721, 0.29117595495703846, 0.5527301306604667, 0.08473980981590756], [0.03845401165181325, 0.6015312760694991, 0.15212258921715188, 0.20789212296153578], [0.05518187956975732, 0.5840784515101803, 0.25923834490310743, 0.10150132391695497]], "ideal": "B", "sampled": "D", "correct": false}}
{"type": "result", "data": {"idx": 15, "options": ["\u03c3/2\u03b5o, down", "\u03c3/2\u03b5o, up", "\u03c3/\u03b5o, down", "\u03c3/\u03b5o, up"], "probs": [[0.11069460377025224, 0.6078566998806215, 0.16361049059797106, 0.11783820565115521], [0.09355887909130776, 0.6197096797160935, 0.17209641890140623, 0.1146350221911925], [0.13864287275499027, 0.433796736092456, 0.28450926275010413, 0.14305112830244962], [0.1324293256077663, 0.4342426761144075, 0.21497618188900908, 0.21835181628881717], [0.0851816886879583, 0.15667639173303882, 0.7022776451701982, 0.055864274308804675], [0.10072539526019882, 0.1972183389803868, 0.598130555293604, 0.10392571036581029], [0.17556188606439524, 0.5756751765701762, 0.10987532637193277, 0.13888761089349574], [0.19244111012474022, 0.49143950244577617, 0.2147052931877535, 0.10141409414173011], [0.1548921614730438, 0.42106148596367693, 0.343686014379465, 0.08036033808381425], [0.14593852325984022, 0.2857477813690843, 0.49377259202138213, 0.07454110324969328], [0.19626733366274146, 0.509102456085101, 0.22242419088010706, 0.07220601927205048], [0.17371000673084291, 0.5607700567360443, 0.19080475181487422, 0.07471518461823858], [0.05260744807955815, 0.6930011665053829, 0.14301596900171323, 0.11137541631334567], [0.05178097673569608, 0.7261025958981887, 0.1223012292434255, 0.09981519802268968], [0.04574927755359202, 0.7269393313238163, 0.15969544885491954, 0.06761594216767221], [0.06582331656751435, 0.41602858896863576, 0.4714705645566585, 0.04667752980719138], [0.06330041162257412, 0.6393343972966777, 0.21084104552567548, 0.0865241454550727], [0.060115342210840444, 0.5112801884959502, 0.3625789351879126, 0.06602553400529663], [0.07828962918764705, 0.6658635238020866, 0.1878246096754691, 0.06802223723479729], [0.07834399636692163, 0.6358109234347462, 0.23028858432643548, 0.055556495771896634], [0.053602302376113256, 0.8255117811540006, 0.09556524029941058, 0.025320676070475532], [0.05648207491287415, 0.8563761417291507, 0.05737686732240036, 0.029764915935574864], [0.09740449196900942, 0.5874507847600596, 0.20302830029399543, 0.1121164228769355], [0.12276275912050978, 0.32854355602195967, 0.4706585582120398, 0.07803512654549079]], "ideal": "A", "sampled": "B", "correct": false}}
