{"type": "result", "data": {"idx": 0, "options": ["Freedom of speech is protected except in certain situations, such as yelling \"fire\" in a crowded theater.", "Once a church has been recognized by the federal government, its tax-exempt status can never be revoked.", "Once Congress has created an administrative agency, that agency can be dissolved only by a constitutional amendment.", "State-sponsored prayer during school hours is prohibited, but voluntary prayer by student groups before school is allowed."], "probs": [[0.009481216417860323, 0.014916564698162669, 0.023466751943662247, 0.9521354668403148], [0.032614335414486065, 0.0347196459735483, 0.8411944507711356, 0.09147156774082996], [0.005283756280124949, 0.005283973743931012, 0.01349282543485586, 0.9759394444410882], [0.023195565483849486, 0.02015387355334551, 0.8704674417546273, 0.08618311910817769], [0.017722039243600107, 0.8539162015288992, 0.07942807239242877, 0.04893368673507183], [0.014954815857644596, 0.8557086001337669, 0.043275213362565804, 0.0860613705460226], [0.006760011599113002, 0.006655536310089046, 0.04408164199761013, 0.9425028099931878], [0.025694711131268227, 0.016852201892240445, 0.8509506582362856, 0.10650242864020577], [0.003195460257590102, 0.005877610928415415, 0.01782303771630927, 0.9731038909976852], [0.017472555501132903, 0.017748981348813166, 0.6871524311684669, 0.277626031881587], [0.030309430122718535, 0.6582698576138583, 0.1423634684553138, 0.16905724370810937], [0.037198666063716475, 0.49001511378884655, 0.08515319877212714, 0.3876330212753098], [0.004789614407621277, 0.007418630371026258, 0.031232788006729705, 0.9565589671146227], [0.01790976058787065, 0.019065930569213744, 0.8107048695091381, 0.1523194392337775], [0.0026172799523832765, 0.006683681041274597, 0.014149013654933778, 0.9765500252514083], [0.013948319114697516, 0.018770722180981456, 0.5659591407444092, 0.40132181785991183], [0.025910541026526335, 0.1514582015205231, 0.4592996468785114, 0.3633316104744391], [0.02289039959828084, 0.08913391597264643, 0.1977515334630028, 0.6902241508660699], [0.8131306104658483, 0.026140019136475935, 0.12087171566490232, 0.03985765463277338], [0.809803657061431, 0.029499092792944638, 0.0982488831570016, 0.06244836688862274], [0.8523260823183366, 0.04113288534568364, 0.051192066795593336, 0.05534896544038644], [0.8104373962820767, 0.04163378181700152, 0.05263085760824937, 0.09529796419267239], [0.7791844592102255, 0.03532449996932322, 0.10712218935623201, 0.07836885136421927], [0.742269797349185, 0.03582130292099197, 0.09291494429117504, 0.12899395533864802]], "ideal": "D", "sampled": "D", "correct": true}}
{"type": "result", "data": {"idx": 1, "options": ["Registered voters between the ages of 35 and 45 are more likely to vote than are those under the age of 21.", "A registered voter who has attained his or her General Educational Development (GED) is less likely to vote than a high school dropout.", "Registered voters are more likely to vote in general elections than they are in primary elections.", "More women than men have voted in every presidential election since 1980."], "probs": [[0.05748174167649095, 0.7572917115738165, 0.07267832538717409, 0.11254822126251846], [0.05489395271990863, 0.6185770903651264, 0.03435823886864766, 0.2921707179463172], [0.10512360459452441, 0.16032888767029924, 0.6243761498135542, 0.11017135782162218], [0.04672598326555581, 0.09589401345802008, 0.04189103343988668, 0.8154889697365374], [0.06658558745271453, 0.050271959605910625, 0.7049517244871348, 0.17819072835424005], [0.04170718710997885, 0.050318348210519316, 0.25551735876334536, 0.6524571058161565], [0.29777418232976083, 0.13010602606548063, 0.42003093268109, 0.15208885882366854], [0.18076245619607198, 0.08149137407837521, 0.08674131397587874, 0.651004855649674], [0.3333487609693476, 0.3439749879485607, 0.15505008860021313, 0.16762616238187855], [0.3149951351119722, 0.2571292480997024, 0.12728820550229517, 0.3005874111860302], [0.17047964161777127, 0.06889285942888405, 0.1369996527966922, 0.6236278460566524], [0.28824517127969296, 0.10279296337530268, 0.387949675282784, 0.22101218996222038], [0.11412157967451277, 0.07485569080376783, 0.71031194249977, 0.10071078692194932], [0.044068171635180606, 0.04477135375109014, 0.05316353925449054, 0.8579969352592387], [0.09175392635692416, 0.6572152784148942, 0.08226457001762646, 0.1687662251105551], [0.0893643650672045, 0.5828152916102501, 0.05681387728187737, 0.271006465940668], [0.04132658569109027, 0.04331781666310037, 0.1355197265364341, 0.7798358710093752], [0.05999380334574881, 0.03582966168341335, 0.8155130037155628, 0.08866353115527502], [0.0527683543407416, 0.04046430972372539, 0.7516764009608057, 0.15509093487472728], [0.029971308424567845, 0.04033724763540757, 0.2888559524494765, 0.6408354913905481], [0.04154593070400507, 0.46088900556607765, 0.029463270292012598, 0.4681017933379047], [0.04815831393701411, 0.6859782252503575, 0.10038018228452313, 0.1654832784281053], [0.03165474125812222, 0.06102520158621021, 0.06495670901010261, 0.8423633480455649], [0.06083323737929504, 0.05896951564218291, 0.7647570881441234, 0.11544015873439871]], "ideal": "B", "sampled": "B", "correct": true}}
{"type": "result", "data": {"idx": 2, "options": ["The geographical area in which the child grows up", "The child's family", "The media to which the child is exposed", "The child's religion"], "probs": [[0.029136755746946096, 0.6229875536660399, 0.3440537073423168, 0.0038219831446973077], [0.01003255560596436, 0.8617668596427228, 0.004053781483834238, 0.12414680316747857], [0.0504892312113822, 0.07820184247286115, 0.8674758590836464, 0.003833067132110202], [0.010038936772512363, 0.8896895053718897, 0.0035242701392958586, 0.09674728761630205], [0.016225237431493705, 0.007313819059262962, 0.8859631857771895, 0.09049775763205388], [0.01581587693761014, 0.007708550238832788, 0.824054051666122, 0.152421521057435], [0.5487928343954853, 0.06157520733700278, 0.3831420806335115, 0.006489877534000443], [0.5891201446155667, 0.13993407667201757, 0.009522997693410605, 0.26142278091900506], [0.024309929426252173, 0.9710856214466319, 0.0035024236728273747, 0.0011020253542884917], [0.01818274134512334, 0.9773807263302, 0.0018576455207027413, 0.0025788867039738777], [0.5360106915148336, 0.012029228932442602, 0.1465467686039456, 0.3054133108487782], [0.015974857154048047, 0.002374650757534528, 0.9730997174876967, 0.00855077450072063], [0.8602759759127514, 0.014347102361335646, 0.12202211357390728, 0.0033548080520056202], [0.9285665142718589, 0.022182848276467597, 0.003736512032270576, 0.045514125319402944], [0.4863037167927209, 0.5096623896449503, 0.0028471315739102662, 0.0011867618884185583], [0.6271899103634413, 0.3687228174364951, 0.0017896102363443645, 0.002297661863719187], [0.9266740739780539, 0.00595835654990945, 0.01342827469669759, 0.053939294675339054], [0.31272973544130617, 0.007588724347014658, 0.6725529203001444, 0.0071286198115348325], [0.007770190434378318, 0.021792856288743834, 0.8842472910800926, 0.08618966209678525], [0.00857528209868413, 0.03610462339282633, 0.7719705736050039, 0.18334952080348563], [0.0029537096538095244, 0.9575085915438408, 0.007782302555084005, 0.03175539614726563], [0.009563051100849936, 0.06848992361986682, 0.9164122878450108, 0.005534737334272405], [0.0014717163637529551, 0.9943379211267496, 0.0015667311681423273, 0.0026236312413551776], [0.004588952999329012, 0.6918014552299107, 0.30223171453959663, 0.0013778771311637144]], "ideal": "B", "sampled": "C", "correct": false}}
{"type": "result", "data": {"idx": 3, "options": ["Coining money", "Authorizing constitutional amendments", "Having representation in Congress", "Appealing to the president to adjudicate disputes"], "probs": [[0.10454685278885233, 0.048620641407800806, 0.8223853141080945, 0.02444719159525239], [0.33898474752538826, 0.14809639309068554, 0.1576501828974733, 0.3552686763864529], [0.03387537284359621, 0.959544569647205, 0.005114725316442215, 0.0014653320927565153], [0.05142554126440059, 0.9404937961645874, 0.006852180508081734, 0.0012284819629302945], [0.2391578859353586, 0.582760597244602, 0.013705953137341267, 0.16437556358269811], [0.27194064776876814, 0.36594164265588147, 0.3491982509520933, 0.012919458523257083], [0.026109168045596817, 0.05527389388730936, 0.8920967530297093, 0.026520184937384558], [0.04480894532401617, 0.24992996358215974, 0.34161304352814537, 0.3636480474656787], [0.05205036772698626, 0.25620376276153745, 0.6542549097176656, 0.03749095969381065], [0.03597531259587761, 0.7691911610100015, 0.17433520143152997, 0.02049832486259087], [0.0297802955197642, 0.08483792316760164, 0.4806409901067049, 0.40474079110592925], [0.04852897318909423, 0.13191700029513195, 0.7591582564219078, 0.060395769993865984], [0.07570156489534251, 0.9079572599775112, 0.008362179660157315, 0.007978995366988926], [0.08294234813726145, 0.8917316411478403, 0.02064666622135456, 0.004679344393543635], [0.15740112606945647, 0.07792199228099117, 0.7278696731226272, 0.03680720842692522], [0.4626793230407737, 0.19900023786968607, 0.28955298443556354, 0.04876745455397665], [0.22203182676909877, 0.15023785974926668, 0.6130853938664986, 0.014644919515135921], [0.4285090844609077, 0.5168910959054492, 0.023069243517117578, 0.03153057601652551], [0.06900310387139094, 0.6861157884858671, 0.011442336970870055, 0.23343877057187193], [0.0796012726361377, 0.17386811905154825, 0.7320339651715593, 0.014496643040754703], [0.05014478153223915, 0.05955031202993203, 0.5476187777468453, 0.34268612859098346], [0.06464300830865062, 0.05113826674631461, 0.8253604135044957, 0.058858311340539086], [0.119433630636167, 0.40404324131665387, 0.46506126332779524, 0.011461864619383852], [0.1207356118230124, 0.8512836294592889, 0.015837914852510116, 0.012142843765188519]], "ideal": "A", "sampled": "C", "correct": false}}
{"type": "result", "data": {"idx": 4, "options": ["contribute money to candidates for election", "coordinate local get-out-the-vote campaigns", "promote the defeat of incumbents in the federal and state legislatures", "organize protest demonstrations and other acts of civil disobedience"], "probs": [[0.9838501991228279, 0.005943145966241938, 0.00892151644095251, 0.0012851383699775884], [0.9855803165375778, 0.005681103511564237, 0.0037257868937555865, 0.00501279295710234], [0.9866182396525569, 0.008404793801890142, 0.003908551136615626, 0.0010684153089373395], [0.9905852952058142, 0.0057998252329133195, 0.0023802018387307604, 0.0012346776225417929], [0.9813469763602246, 0.008625612171580263, 0.005482809349488278, 0.004544602018706893], [0.9759610907408726, 0.007810450637532355, 0.01459152719545398, 0.0016369313261410986], [0.004057890481658841, 0.9929812525269193, 0.0027457907009149725, 0.0002150661905069562], [0.003998438922716927, 0.9938588974633435, 0.0014257708437575836, 0.0007168926701819514], [0.015214125429746619, 0.011307398403781088, 0.9712520711131583, 0.0022264049533139907], [0.014944003996650839, 0.6454940079933006, 0.004702635314025224, 0.3348593525960234], [0.012872429932725133, 0.004810925593105012, 0.9759442003305577, 0.006372444043612055], [0.01264312013258343, 0.01064826817472835, 0.900457969772382, 0.07625064182030618], [0.006992827598141365, 0.9903454068528686, 0.002200524862964644, 0.00046124058602536866], [0.0062749895436377155, 0.9914008103950437, 0.0016628058467170331, 0.0006613941146015218], [0.028166635241457034, 0.005813242622080924, 0.9624945535969387, 0.003525568439523305], [0.021654181268165772, 0.0077217186984230215, 0.005649239292610772, 0.9649748606408004], [0.022119514413562143, 0.0042887076060731145, 0.9705509884718975, 0.0030407894084672443], [0.011697504902227788, 0.004876792217042224, 0.009547931674457168, 0.9738777711062728], [0.00364335976816285, 0.9945855809218215, 0.0014268304016253727, 0.0003442288083902814], [0.003875886598694868, 0.9939586629257022, 0.001889027678988142, 0.00027642269661475694], [0.011194848807047917, 0.00599310935171221, 0.9769126862999524, 0.005899355441287471], [0.010190881256215659, 0.012884396386416955, 0.9319591631276706, 0.04496555912969685], [0.012455016033601454, 0.010822439147888073, 0.974231289309625, 0.00249125540888545], [0.01096860185099854, 0.3927796371184169, 0.006653256098368832, 0.5895985048322157]], "ideal": "A", "sampled": "A", "correct": true}}
{"type": "result", "data": {"idx": 5, "options": ["Impeachment, conviction, and removal from office by Congress", "Removal from office by the appointing president", "Removal from office by the president-elect", "Recall elections by citizens residing in the district over which the judge has jurisdiction"], "probs": [[0.8800344406652746, 0.0831487712815127, 0.023453898840741953, 0.013362889112470711], [0.8626844123865741, 0.07777797821132418, 0.04163263574586442, 0.01790497355623733], [0.8349533782417744, 0.06962005384868124, 0.08013349300528473, 0.015293074804259656], [0.6659604758147485, 0.07954289619467371, 0.07242603534934956, 0.18207059254122826], [0.8090145104901902, 0.09220434174781829, 0.0664152910395433, 0.03236585662244811], [0.7199996802980883, 0.12318519662261554, 0.02972173170457864, 0.12709339127471758], [0.022522135203832, 0.9727810448547952, 0.003913988769420166, 0.0007828310719526314], [0.023886054721280865, 0.9691904173822116, 0.006039738646752058, 0.0008837891497555131], [0.051089918147612004, 0.0196983676312974, 0.9199072962487364, 0.009304417872354214], [0.018548599147291685, 0.014446594726984001, 0.015620205448277486, 0.9513846005774468], [0.03439246209011628, 0.014564028394884437, 0.9442709934062632, 0.006772516008736112], [0.02884893801431499, 0.041977183824817826, 0.031685722483453346, 0.8974881555774138], [0.014362643926207565, 0.9759530696336922, 0.008576718804923328, 0.0011075675351768569], [0.013096428836077204, 0.9773823192365756, 0.005996313615728625, 0.0035249382116185977], [0.04067558467126863, 0.025856680945140084, 0.9258248059234997, 0.007642928360091563], [0.017154496113485247, 0.0330680794056925, 0.013153376951001152, 0.9366240474298211], [0.028811519866497663, 0.017751832215311153, 0.9393945888833406, 0.014042058934850565], [0.01836427953686291, 0.027569864418606302, 0.13569960804437337, 0.8183662479001574], [0.011123221937174433, 0.9857964195088605, 0.002642242384826046, 0.0004381160691390205], [0.009833439590564758, 0.9875265102560871, 0.002093852336627287, 0.0005461977167208964], [0.04676516652104519, 0.03164548003918392, 0.9104812000170884, 0.011108153322682404], [0.05015753609646074, 0.09371126494575796, 0.020909963290406938, 0.8352212355673744], [0.042763292325659, 0.029393390200195744, 0.9002323241181568, 0.027610993255988453], [0.02889901985031291, 0.0322412776937251, 0.10737734386906389, 0.8314823584868981]], "ideal": "A", "sampled": "A", "correct": true}}
{"type": "result", "data": {"idx": 6, "options": ["vice president", "president's chief of staff", "national security advisor", "chair of the Federal Reserve Board"], "probs": [[0.021554391573832654, 0.945647444699571, 0.027678475786884177, 0.0051196878397122125], [0.014618340190690186, 0.9478525668677599, 0.006094454034767751, 0.03143463880678217], [0.061732169843505456, 0.046602143393215785, 0.87931796095031, 0.012347725712968794], [0.012718578195187137, 0.033512367203152656, 0.004606854882608861, 0.9491621996190513], [0.01745718810992858, 0.003547117856734817, 0.9531951635754919, 0.025800530357844624], [0.009891685267848956, 0.003113014211185747, 0.03912473164462163, 0.9478705687763437], [0.6595751882286908, 0.16940595782945364, 0.15424618780348362, 0.016772666038372012], [0.5812720894008486, 0.18008894464427294, 0.03774861028127896, 0.2008903555735994], [0.5829270796358392, 0.20786337185069584, 0.1892622364283426, 0.01994731198512229], [0.4454030078850189, 0.21709109794140474, 0.040790566145942654, 0.29671532792763367], [0.49967143120712965, 0.04435313881621712, 0.2633256921777766, 0.1926497376988766], [0.3379252212753442, 0.03912202247476287, 0.22163174305108768, 0.40132101309880525], [0.06743323839954923, 0.027677990648053624, 0.8883627105828272, 0.016526060269569876], [0.021340821328095876, 0.021343605982401787, 0.006309166115191081, 0.9510064064743112], [0.012682760652787674, 0.9765690964313055, 0.009279969527686229, 0.0014681732882205218], [0.007992490587462082, 0.9834424190602162, 0.003717328869759891, 0.004847761382561843], [0.013821653771273383, 0.004418261566845193, 0.042576564710574506, 0.9391835198513069], [0.019000421583642582, 0.003921475516708774, 0.9595050840287747, 0.017573018770873944], [0.011075264865987176, 0.013153378029324179, 0.9221009092404492, 0.053670447764239466], [0.0036034188577772487, 0.008510902223950812, 0.019480896695991762, 0.9684047821222802], [0.0018288010088501846, 0.9928384453470116, 0.0032604488177727224, 0.0020723047263655034], [0.0016882037499895482, 0.9909832159689052, 0.003464247503526101, 0.0038643326775791844], [0.009326559447092722, 0.05367454115847501, 0.05713498565199808, 0.8798639136424342], [0.014164417743235442, 0.020935790260236536, 0.9184550488080744, 0.04644474308845369]], "ideal": "B", "sampled": "B", "correct": true}}
{"type": "result", "data": {"idx": 7, "options": ["The amount of coverage the issue receives in the major news media", "The degree to which public opinion on the issue is likely to shift quickly", "The number of people affected by the issue", "The importance of the issue to a particular individual or group"], "probs": [[0.5105180768373347, 0.39762380937398256, 0.01830914812897235, 0.07354896555971031], [0.537871467411015, 0.26215776188104134, 0.19180331675738316, 0.008167453850560523], [0.7209457512651961, 0.08346331583928207, 0.13547819397248156, 0.060112738823040246], [0.8014565913362443, 0.05286716413240032, 0.1268272934401061, 0.018848950991249325], [0.21671232498239856, 0.7683578700237598, 0.01096046804914368, 0.0039693368446980124], [0.17518154812755768, 0.8100820062199463, 0.008454234834489439, 0.006282210718006573], [0.837968390247582, 0.07322611495359861, 0.02001917317266604, 0.0687863215261534], [0.772868721589225, 0.07534335833568535, 0.14076318369751145, 0.0110247362775781], [0.8161743361619386, 0.04901884557814816, 0.04604926413270229, 0.08875755402721097], [0.8923962844372916, 0.04174088375956961, 0.0362656159106231, 0.029597215792515758], [0.8736535851041836, 0.08516835530976456, 0.025176122768974782, 0.016001936717077034], [0.8825751673676417, 0.07475100568308472, 0.0134023206429538, 0.029271506206319756], [0.08550698799509103, 0.2149792696326786, 0.6318703104856457, 0.06764343178658469], [0.08716301619134931, 0.14828076957173503, 0.7298842071756994, 0.034672006961216334], [0.023677756864878028, 0.9025421201264259, 0.0244306101491343, 0.04934951275956177], [0.028443483906180476, 0.9273641782426968, 0.030756365648764765, 0.013435972102358003], [0.018463955072556035, 0.9619807613715143, 0.011737041395001164, 0.00781824206092841], [0.022451783224141927, 0.9547154573155119, 0.013618448196995236, 0.009214311163350898], [0.9443285004163227, 0.027641097242792827, 0.019600770396750154, 0.008429631844134334], [0.9557108131382116, 0.022478052068053308, 0.008802644004080604, 0.013008490689654494], [0.9395057775761547, 0.027073616641517115, 0.019807854518297703, 0.01361275116403047], [0.9484435703004859, 0.025277170716443833, 0.010213045174060667, 0.0160662137090096], [0.9548792633556272, 0.010122951833610576, 0.0180462092002849, 0.016951575510477275], [0.9379896020676659, 0.013173411733930041, 0.02138292066093176, 0.027454065437472298]], "ideal": "D", "sampled": "D", "correct": true}}
{"type": "result", "data": {"idx": 8, "options": ["which special interest groups have endorsed which candidates", "the relative strength of each candidate's support, as indicated by public opinion polls", "candidates' positions on international issues", "candidates' positions on domestic issues"], "probs": [[0.033292459260945, 0.6900388199309826, 0.014778652304910786, 0.26189006840316165], [0.04332276110493333, 0.7923848633879137, 0.06817182389920037, 0.09612055150795264], [0.07089160170765298, 0.1031769334219951, 0.5666006038039386, 0.2593308609664133], [0.05716849341350027, 0.07816873286187852, 0.7417303725629177, 0.12293240106170346], [0.10379610828292175, 0.22324164050025364, 0.5882417909654907, 0.08472046015133397], [0.0740597913037702, 0.2929915763666925, 0.2795827367653308, 0.35336589546420655], [0.1417254614174064, 0.0649008135462229, 0.07354245860012691, 0.7198312663362437], [0.17906688841577822, 0.06386311066123977, 0.5603996264195493, 0.19667037440343266], [0.09467858573313202, 0.05926261314589861, 0.040731287426455376, 0.8053275135945139], [0.11251457695644555, 0.05316580046803221, 0.7692009748553856, 0.06511864762013662], [0.14218713016919812, 0.49635053763683146, 0.055692982762122985, 0.3057693493318474], [0.20415557127391026, 0.3473426013082193, 0.36978940999653653, 0.07871241732133388], [0.06519595241508812, 0.06521442985414064, 0.5633589969000573, 0.3062306207307139], [0.058163413859566346, 0.05055323039599525, 0.790785577505241, 0.1004977781391974], [0.0374563966421747, 0.4563880963343908, 0.020370015534470775, 0.4857854913889637], [0.10920251363173569, 0.13808688777211195, 0.6904871591698404, 0.06222343932631202], [0.020804840216742015, 0.9128664356990331, 0.020169808632100657, 0.04615891535212421], [0.023866414154551187, 0.8956703217445738, 0.07126171627374496, 0.009201547727130008], [0.16920141747986972, 0.06627898613237912, 0.6387738537240972, 0.12574574256365392], [0.15395923186728402, 0.08913576734867076, 0.3932618258986278, 0.3636431747854174], [0.06300113789474232, 0.8299845054295723, 0.023547905285824546, 0.0834664512898609], [0.12380184278070391, 0.7237690117371846, 0.1075885150756704, 0.04484063030644114], [0.15077924670716117, 0.2647055675394416, 0.058150443957331, 0.5263647416960663], [0.22860061225684883, 0.09834719167515131, 0.6314189966891652, 0.041633199278834604]], "ideal": "B", "sampled": "D", "correct": false}}
{"type": "result", "data": {"idx": 9, "options": ["One man, one vote", "Separate but equal", "Judicial review", "Right to privacy"], "probs": [[0.005371267761773817, 0.0018276964892584779, 0.992169465730064, 0.0006315699189035988], [0.003988497947709129, 0.0026571147990412766, 0.0020056295030488674, 0.9913487576502007], [0.0023945129370410915, 0.9967106119809006, 0.0007896647436544458, 0.00010521023840379034], [0.002842732448952727, 0.9964199360154818, 0.0005866685004184609, 0.00015066293514701934], [0.0031113791670913838, 0.0018292462396778764, 0.0020727273494345376, 0.9929866471437963], [0.004599374718405945, 0.0014029057019647934, 0.993292372535738, 0.0007053469438912905], [0.0034158724995199717, 0.0035800357947630046, 0.9926383869957129, 0.00036570461000405574], [0.002919339804353454, 0.0038077258461224448, 0.0014911046001710008, 0.9917818296493531], [0.0015001925704618661, 0.9978650255397111, 0.0005784012053003917, 5.6380584526605645e-05], [0.0020178147035038265, 0.9974130577295259, 0.0004296477498178945, 0.0001394797171523384], [0.001968662118639443, 0.0014404048149058422, 0.008160083922816076, 0.9884308490436386], [0.003937154153372549, 0.0014261064629126127, 0.9940695359433009, 0.0005672033404139029], [0.9987129647587799, 0.000984803781206812, 0.0002609452078615004, 4.12861521517353e-05], [0.9983952379906795, 0.0012840148258833003, 0.0002568220456485467, 6.392503778862917e-05], [0.9986362097225648, 0.000869013978036119, 0.00045083109410204615, 4.394510529703464e-05], [0.9984002372642735, 0.0012252213219999014, 0.0002691476296163762, 0.00010539368411021638], [0.9984429104350242, 0.0007091445730695128, 0.0007788229323880602, 6.912195951825998e-05], [0.9985830563522812, 0.0008555155103683487, 0.00044383148120808076, 0.00011759655614239389], [0.0031035198444813853, 0.0044458667598609785, 0.0019727954988100448, 0.9904778177968476], [0.0046607698424530435, 0.003986882986651798, 0.9909188174882243, 0.00043352958267090197], [0.0030918123238382745, 0.003092028157841955, 0.007077431673973751, 0.986738727744346], [0.005042373950412493, 0.0028288293530902937, 0.9914976593341027, 0.000631137262394539], [0.0016994187808580625, 0.9975555656659558, 0.0006655308030725051, 7.948465011363445e-05], [0.001837149168381358, 0.9973622645980106, 0.0006654049162053083, 0.00013518121740271145]], "ideal": "C", "sampled": "C", "correct": true}}
{"type": "result", "data": {"idx": 10, "options": ["A congressperson who retires to take a position teaching political science at a university", "A former president who advises a current president on a particular foreign policy issue", "A voter who researches the positions of all candidates in a race before choosing whom to support", "An official who leaves the State Department to work as a paid consultant to foreign governments"], "probs": [[0.014931603319444813, 0.047455467234783846, 0.013810137272539559, 0.9238027920732318], [0.039067640896705114, 0.05865019186744698, 0.8754310607034725, 0.02685110643237539], [0.01099663452933086, 0.02187099756580806, 0.037202522899146065, 0.929929844905715], [0.015517075204133288, 0.02088159151391853, 0.9451741992711864, 0.01842713391076179], [0.01488954955733187, 0.9654218622833084, 0.010075144231765403, 0.009613443827594265], [0.00830708698288324, 0.9753158392361472, 0.005198648507227863, 0.01117842517374168], [0.015919134197123635, 0.01920346378197857, 0.01027866650581391, 0.9545987354150839], [0.04191818462651669, 0.03019420140925912, 0.9104132273252261, 0.017474386538998046], [0.018479373600699747, 0.02410336006805874, 0.009587504087488798, 0.9478297621437527], [0.03137812413988243, 0.024438819096317937, 0.9315049716755935, 0.012678084988206047], [0.021050447517575635, 0.9678531252077455, 0.005158854628736762, 0.005937572545942076], [0.01863415495987698, 0.9708323627611879, 0.006440078868172139, 0.004093403310762949], [0.009331211637970734, 0.02497339858369275, 0.04314856691717676, 0.9225468227611597], [0.013854586195338256, 0.021126770851725953, 0.9414509910742171, 0.023567651778718595], [0.011283920250486211, 0.03817553853397846, 0.011109520783556934, 0.9394310203319783], [0.021878685771238537, 0.029906055599762, 0.9303582493517045, 0.017857009177294974], [0.004600973390479453, 0.9781620622199196, 0.0030650359487930504, 0.014171928340807884], [0.006329710510672981, 0.9845334755859193, 0.005586173310687038, 0.0035506404927206467], [0.7559025624787049, 0.04611405935932267, 0.15599852006060885, 0.04198485800136355], [0.7268003116298052, 0.04794160949791461, 0.04433810644394674, 0.18091997232833348], [0.872102208521047, 0.07048182513713395, 0.022527205344140547, 0.034888760897678464], [0.8696807207502126, 0.07251745364990927, 0.03070576390666545, 0.027096061593212647], [0.7493291095837545, 0.052615863706539014, 0.033444576834195355, 0.1646104497755111], [0.7985845119175292, 0.046487491315379034, 0.12247680567110239, 0.03245119099598937]], "ideal": "D", "sampled": "D", "correct": true}}
{"type": "result", "data": {"idx": 11, "options": ["Constitutional amendments", "Presidential executive orders", "Laws passed by Congress", "Laws passed by state legislatures"], "probs": [[0.09174416411530463, 0.16614628336280401, 0.2613806270468741, 0.48072892537501727], [0.06747957937713978, 0.05956092737837335, 0.6923693288846601, 0.18059016425982677], [0.04425762576816358, 0.05508573704747694, 0.18634384799247244, 0.714312789091887], [0.0749403741091334, 0.09040766136991368, 0.6576641095266795, 0.1769878548942734], [0.08320859819933783, 0.6859452110488032, 0.09578273333103676, 0.1350634573208222], [0.05980859250658257, 0.7636363532646531, 0.10663162121364923, 0.06992343291511517], [0.2176934231084469, 0.09076363795304823, 0.4330090976746048, 0.25853384116390005], [0.12050478042599615, 0.045040281971376044, 0.6722895256951702, 0.1621654118074576], [0.11629758020466947, 0.062259018632516504, 0.03896031029999048, 0.7824830907628235], [0.27170811517767607, 0.16226329754043536, 0.4844430341169175, 0.08158555306497103], [0.17834704486177905, 0.6945001818606984, 0.0480089248077098, 0.0791438483698127], [0.15684242837324744, 0.7720701104098471, 0.05506458829975803, 0.01602287281714751], [0.059071392019361416, 0.030174875692993357, 0.3047372516841581, 0.6060164805034871], [0.055200246973784, 0.02230799454830262, 0.8240857980497476, 0.0984059603281658], [0.06504317899370715, 0.04834378348144974, 0.029783422988465803, 0.8568296144363773], [0.057554755648892134, 0.037166388349011946, 0.8458955378940871, 0.0593833180080088], [0.09276505681775075, 0.7183923238875493, 0.07339200629656682, 0.11545061289813319], [0.08225958741844665, 0.7447684281171435, 0.0992334761368701, 0.07373850822753975], [0.42716020023157114, 0.07780349940920055, 0.23593210995868788, 0.25910419030054044], [0.5219635690692763, 0.08260159507900607, 0.35325105132536133, 0.04218378442635631], [0.5425113358176936, 0.13934956281952973, 0.06582647463279621, 0.2523126266299804], [0.6685159205721865, 0.17995330689538053, 0.11261598019665847, 0.03891479223577451], [0.6855739558718666, 0.17608985827860232, 0.06377964656250588, 0.0745565391870251], [0.5869652147256175, 0.24091505517587725, 0.10201325920585505, 0.0701064707926502]], "ideal": "A", "sampled": "D", "correct": false}}
{"type": "result", "data": {"idx": 12, "options": ["It provides a structured environment in which factions may flourish.", "It limits the dangers of factionalism by diluting political power.", "It allows factions to dominate on the national level while limiting their influence on state governments.", "It eliminates any opportunity for factions to form."], "probs": [[0.18319877377400678, 0.62953308286902, 0.15917285555964097, 0.028095287697332213], [0.1107612260611622, 0.756940438854076, 0.06511634944524786, 0.06718198553951393], [0.3043375162341379, 0.6343122431227266, 0.03930342387366841, 0.0220468166694671], [0.24796223222283187, 0.6740519886786942, 0.04882909275203324, 0.02915668624644072], [0.3892789242664951, 0.14546869910497182, 0.3079634354397167, 0.15728894108881641], [0.32407619700866663, 0.11555806244906625, 0.5098823175472644, 0.05048342289500268], [0.5209507273572888, 0.2385152967032433, 0.20722972448781052, 0.033304251351657446], [0.5505922909143061, 0.2812237378400137, 0.09130172226480694, 0.0768822488808733], [0.4534089395915698, 0.41284508951182247, 0.11286781306673623, 0.02087815772987149], [0.23469886705984566, 0.48916674748759537, 0.04142881277002685, 0.2347055725825321], [0.1991217300031272, 0.07677155044482008, 0.6842783739797335, 0.03982834547231926], [0.1879953690874901, 0.07715631677999081, 0.6460420825602379, 0.08880623147228124], [0.2064136238654918, 0.7093030201904116, 0.05058629749401376, 0.033697058350082895], [0.21579422054517014, 0.6751794814388297, 0.06379185616332143, 0.045234441752678704], [0.2189094936303781, 0.18725021739667386, 0.5418428343541835, 0.05199745451876461], [0.05225646712089149, 0.0809385379788243, 0.03648251558527557, 0.8303224792150087], [0.0692415841142314, 0.04266051622791733, 0.8568872904317825, 0.03121060912606874], [0.03487541894494247, 0.030778304139535802, 0.03487693886321989, 0.8994693379523019], [0.004932185000006679, 0.9850359816981109, 0.006534339170121976, 0.003497494031760426], [0.0051757389858554164, 0.9863399123827218, 0.00675066690392775, 0.0017336816274950114], [0.026802393987280734, 0.12588885167327526, 0.8209211061257775, 0.026387648113666465], [0.019314072592545698, 0.41296296384609055, 0.27942793934021715, 0.2882950241211466], [0.040542852431526, 0.11021071008392787, 0.8272029818303916, 0.022043455554154465], [0.01739362387397283, 0.30353599121548175, 0.016087095548784822, 0.6629832892617605]], "ideal": "B", "sampled": "A", "correct": false}}
{"type": "result", "data": {"idx": 13, "options": ["Non-whites are more likely to vote Democratic than are whites.", "Women are more likely to vote Democratic than are men.", "Low-income Americans are more likely to vote Democratic than are upper-income Americans.", "Evangelical Christians are more likely to vote Democratic than are non-religious Americans."], "probs": [[0.05982894577188631, 0.0710665256394466, 0.18431293207261762, 0.6847915964160495], [0.11130439074325668, 0.13220439357462238, 0.34290527016573585, 0.41358594541638505], [0.081563244202422, 0.07427933287710228, 0.45500914613850085, 0.3891482766819749], [0.0633982787709743, 0.0764870041794062, 0.3374687109738727, 0.5226460059757468], [0.13620127330248688, 0.15679527350302364, 0.364561815089432, 0.3424416380050575], [0.053913812165506676, 0.1234368150115085, 0.11238304365555142, 0.7102663290674334], [0.08979129312902699, 0.09412407409573335, 0.2023811847478779, 0.6137034479273618], [0.14882877086319152, 0.14204124673087912, 0.3407365039198976, 0.36839347838603176], [0.08625841627872433, 0.102458228087365, 0.2308778395756323, 0.5804055159582784], [0.12475785611812419, 0.16529995201365189, 0.42877170439247136, 0.28117048737575256], [0.13184011881939886, 0.2140406572288517, 0.23507436056732178, 0.41904486328442764], [0.10287388127939803, 0.20145230893798177, 0.18924322078316916, 0.506430588899451], [0.08188667831580533, 0.09427324611292362, 0.36707013568284463, 0.45676993978842645], [0.06473210308652275, 0.09274538398175716, 0.30887826583698025, 0.5336442469947398], [0.0610239566572687, 0.0930754819476926, 0.21979604167984293, 0.6261045196151958], [0.10372068914216871, 0.1878464836749179, 0.37358680723628024, 0.33484601984663315], [0.0651830883426875, 0.14692580546543682, 0.19769945019375362, 0.5901916558981221], [0.1213925259354002, 0.1766549988417997, 0.391938811981894, 0.3100136631409061], [0.16256535815019857, 0.13270621897266457, 0.4489588536338587, 0.2557695691432782], [0.08326170343887886, 0.11744516296673552, 0.20291638091659212, 0.5963767525777935], [0.14125326484896736, 0.16009597717257726, 0.30859309891644365, 0.3900576589620117], [0.11767737610278238, 0.15592902452698632, 0.29589768245151393, 0.43049591681871735], [0.09896278683017956, 0.12127405606752598, 0.30015240754974615, 0.4796107494525483], [0.17215680304727354, 0.12795301698568867, 0.5303919673750505, 0.16949821249198735]], "ideal": "D", "sampled": "B", "correct": false}}
{"type": "result", "data": {"idx": 14, "options": ["certiorari", "de jure", "ex post facto", "stare decisis"], "probs": [[0.001591231400685996, 0.0023152945737351252, 0.001831565605383385, 0.9942619083201955], [0.007905934306052962, 0.0031945605074267303, 0.9881288216313069, 0.0007706834552134179], [0.0010772208182186162, 0.0010942148947471286, 0.0030687860042120235, 0.9947597781828222], [0.008415287399384014, 0.0026899527416835113, 0.9880744264424155, 0.0008203333165169273], [0.0016721091872315286, 0.9969705724313226, 0.001282107250410174, 7.52110310357443e-05], [0.0015469202774738085, 0.9972701670644487, 0.0010969931029016352, 8.591945517586945e-05], [0.001804618372098729, 0.0017766980183990754, 0.0013203406206533923, 0.9950983428888488], [0.011279398450846122, 0.0037784188754472607, 0.9841745820238528, 0.0007676005498538218], [0.0014254765104669477, 0.0008122369254227496, 0.004124823358960194, 0.9936374631051501], [0.007558239504559488, 0.0018236798685404981, 0.9900072642817124, 0.000610816245187694], [0.0013656709481657202, 0.9976592848349636, 0.000924118297073114, 5.092581979758952e-05], [0.0011869701184985342, 0.9980339478040697, 0.0007199849831883813, 5.909699424331056e-05], [0.0012193439250355728, 0.002463198629393687, 0.002622061066379275, 0.9936953962791915], [0.007312879262664155, 0.0036774383910920822, 0.9882741871174459, 0.000735495128797892], [0.0014236722483338014, 0.002384255465751069, 0.0038100206289962955, 0.9923820515569188], [0.0058006576265029145, 0.0026147785735267403, 0.9909537553764359, 0.0006308083235344042], [0.0018080682799936165, 0.9970296148212815, 0.0010797094507027322, 8.26073480221096e-05], [0.0018364820297588932, 0.996994531535792, 0.0010796696751701278, 8.931665927894545e-05], [0.9944923648372297, 0.003586987294741713, 0.0018322389976032835, 8.840877042526288e-05], [0.9952386295847299, 0.0029298393289468325, 0.0017497036971936696, 8.182728912958785e-05], [0.9948298329169208, 0.0025844771096670684, 0.00250516592159431, 8.052395181780372e-05], [0.9953215058729834, 0.0025456733839244144, 0.0020457110237216353, 8.710961937051014e-05], [0.9956222163967113, 0.0023551139472178747, 0.0019526525836722655, 7.001697239855515e-05], [0.9951888722983755, 0.003022663416806697, 0.0016957488359995649, 9.271534881822854e-05]], "ideal": "D", "sampled": "D", "correct": true}}
{"type": "result", "data": {"idx": 15, "options": ["Blue-collar workers who belong to a union", "Professionals", "Voters who are active in their political parties", "Voters aged 18-29"], "probs": [[0.03174119199924568, 0.022867710333060336, 0.04618716428733982, 0.8992039332803542], [0.06379039747798033, 0.027444488655303866, 0.7895764583132481, 0.11918865545346773], [0.03180909292014045, 0.02516962400053396, 0.05583243773077616, 0.8871888452485495], [0.06957019994401742, 0.04424014396970405, 0.7139588130661431, 0.17223084292013544], [0.04749048696391402, 0.7665552806625893, 0.032644430818704516, 0.1533098014547922], [0.043982372256955726, 0.7797533970631866, 0.029765816790541032, 0.1464984137893167], [0.042950400095709634, 0.02447911588094395, 0.06972319774927932, 0.862847286174067], [0.08087601429634286, 0.03217996175250163, 0.7556530855748187, 0.1312909382763368], [0.04588059718125583, 0.02614866150507939, 0.03463631685714652, 0.8933344243565182], [0.09040932760568345, 0.04618808833143565, 0.733883354019002, 0.12951922994387896], [0.0858801509529865, 0.5689201227247992, 0.06794640269315862, 0.2772533235290557], [0.07675417511887717, 0.6133235096318134, 0.0843106880699724, 0.22561162707933702], [0.04445536699180503, 0.027826057540140937, 0.10176712880113077, 0.8259514465669232], [0.08496372829408194, 0.04077802446158651, 0.7227663127814802, 0.15149193436285135], [0.044817142987612434, 0.028494112195775485, 0.054064344810033915, 0.8726243999065781], [0.08029074998723049, 0.03144981271345506, 0.7619315526998319, 0.12632788449948246], [0.056130623629123966, 0.6130696947834845, 0.08694911488172806, 0.24385056660566348], [0.07690937873629569, 0.5683631342704198, 0.06895054182428943, 0.285776945068995], [0.11838378226837803, 0.056817134159316184, 0.3023455007513537, 0.5224535827209521], [0.1296952886206949, 0.061287037721501306, 0.2877936821772897, 0.5212239913805141], [0.10343059498108517, 0.05121926016955985, 0.2683179170178572, 0.5770322277314978], [0.1213568024468659, 0.05557667939510763, 0.2529602991715489, 0.5701062188864776], [0.09543706121759789, 0.05030920934696058, 0.1811292096509008, 0.6731245196845407], [0.13404581448756114, 0.06433259934782638, 0.15191120473680725, 0.6497103813278052]], "ideal": "D", "sampled": "D", "correct": true}}
