{"type": "result", "data": {"idx": 0, "options": ["Needle aspiration", "Mammography", "Mastectomy", "Lumpectomy"], "probs": [[0.02089257724903905, 0.9757376588564797, 0.002134485593700249, 0.0012352782007810383], [0.02282888477963137, 0.9707643737463671, 0.0038453416446459585, 0.002561399729355465], [0.06729818610376856, 0.04483467905530214, 0.8728500254207545, 0.015017109320174762], [0.03707982309715295, 0.04543573510421348, 0.06019272416658908, 0.8572917175320445], [0.07365037897956915, 0.06500394992832965, 0.8430114246943453, 0.018334246297755895], [0.042757771843228425, 0.07050236172848115, 0.07988984076426107, 0.8068500255640293], [0.9760390126953197, 0.017059497069012365, 0.0046638771052662335, 0.002237613030401696], [0.9598115349294444, 0.02479322881320314, 0.010663599067769178, 0.004731637089583313], [0.9750819872918693, 0.011003764684639004, 0.011713484602317715, 0.0022007633211739482], [0.9588436145183205, 0.013051905087635221, 0.026365569567750057, 0.0017389107262942318], [0.970186087167643, 0.016180710539869112, 0.010447206035715766, 0.003185996156772146], [0.9612748980035817, 0.020266468458327132, 0.015539129841976512, 0.0029195035961146138], [0.07709638531177194, 0.06594935488828792, 0.842007691832379, 0.014946567867561128], [0.04116049454501491, 0.0627675957479249, 0.05626433032483852, 0.8398075792822216], [0.02026520768933028, 0.9764751675215052, 0.0023830061551152163, 0.0008766185340492894], [0.019926228347464627, 0.9752579682948834, 0.004112297817288902, 0.0007035054403629774], [0.044143900270816015, 0.12000294773570708, 0.02850347011996383, 0.8073496817735131], [0.07991565128948448, 0.07868339218212435, 0.8328447637033852, 0.008556192725005978], [0.08981254176107356, 0.07563817572398744, 0.8132157011383241, 0.02133358127661492], [0.04996308683849429, 0.07157542555808523, 0.05933839827182571, 0.8191230892315947], [0.027426579143829864, 0.9668864913610302, 0.0040138297440714555, 0.0016730996510684732], [0.029128261300951395, 0.9646574388108715, 0.004830448021667852, 0.0013838517665092467], [0.05625612534937685, 0.17060938094468397, 0.0320572063580015, 0.7410772872479376], [0.09477372999792381, 0.10740434882302133, 0.7813516083766375, 0.016470312702417382]], "ideal": "B", "sampled": "B", "correct": true}}
{"type": "result", "data": {"idx": 1, "options": ["vary from person to person", "vary for women depending on the phases of the menstrual cycle", "are mainly on the lower portion of the body", "all of the above"], "probs": [[0.02023771529084294, 0.009411937266956522, 0.06846683261286743, 0.9018835147293331], [0.06797350047362079, 0.022069405831540434, 0.8544765861975498, 0.05548050739728894], [0.02427781726601689, 0.03021607383409984, 0.005502887448875981, 0.9400032213510072], [0.09347888979445983, 0.07630181573637174, 0.8076650584042572, 0.022554235964911254], [0.03043089540324019, 0.9033999843368303, 0.011918232662981766, 0.05425088749694771], [0.033365707002154826, 0.901883996606146, 0.051683532631951516, 0.013066763659747642], [0.02060125343489991, 0.02408644713784106, 0.06547360548388419, 0.8898386938433749], [0.0759456928129218, 0.053022390141256905, 0.7552228226390948, 0.11580909430672646], [0.01971361975866417, 0.15506599870834678, 0.01272872465112313, 0.812491656781866], [0.06610072772851787, 0.37450723948909154, 0.5281666215819175, 0.031225411100473128], [0.02345103533141888, 0.8664099477458621, 0.026994324913946585, 0.08314469190877238], [0.024677066981382084, 0.7921085628328577, 0.1293117499876751, 0.05390262009808511], [0.04582802541003007, 0.015593199862060318, 0.003534255287326666, 0.935044519340583], [0.18449157165302157, 0.0296534406608474, 0.7648284306293032, 0.021026556956827886], [0.03954503351536426, 0.009844146769538252, 0.007315778021827864, 0.9432950415932696], [0.17262743668956984, 0.01877397699129562, 0.7859537717801232, 0.02264481443901133], [0.1803825552045038, 0.8085099106559148, 0.0069956334555586214, 0.004111900584022754], [0.1399111019483036, 0.8438732725379452, 0.005426250463313066, 0.010789374950438154], [0.8287519509006176, 0.061950592647744926, 0.017750194922649763, 0.09154726142898773], [0.8121046801265654, 0.05032852153388978, 0.11342174341800493, 0.024145054821539842], [0.7940962102336226, 0.034897072064597814, 0.07160732496147242, 0.09939939264030707], [0.7089422408659961, 0.03475711445508472, 0.18499379090919674, 0.07130685366972242], [0.8281634655223015, 0.12902669366907515, 0.020738251651219484, 0.022071589057403935], [0.8026646946488366, 0.13950953297850585, 0.0111007299995492, 0.046725042273108315]], "ideal": "D", "sampled": "D", "correct": true}}
{"type": "result", "data": {"idx": 2, "options": ["can be treated with antibiotics", "has a high risk of infection with a single exposure", "is asymptomatic (without symptoms) in only a small percentage of those infected", "infections are limited to genital areas"], "probs": [[0.9191984601830034, 0.06159249365900318, 0.015333033279532468, 0.0038760127784609037], [0.8956002087848615, 0.0820242547369185, 0.014254874694415384, 0.008120661683804662], [0.8826674452298535, 0.08605424702292867, 0.025045209455116624, 0.006233098192101211], [0.888229308813492, 0.081348696697002, 0.02224127794779585, 0.008180716441710093], [0.9107936868068418, 0.05732994679670448, 0.022806257999031448, 0.009070108297422216], [0.9000395989070514, 0.056653185776260453, 0.03330818510631511, 0.009999030110373022], [0.3507186747224174, 0.5783035120831621, 0.0619185376539098, 0.009059275440510679], [0.2930031949062481, 0.6301206208853484, 0.03844090092302376, 0.03843528318537981], [0.466583514912891, 0.09781223425245907, 0.4183400822198019, 0.01726416851484799], [0.4582912452697209, 0.17670703764329174, 0.07366972141461532, 0.291331995572372], [0.33816511191395343, 0.1727363803676569, 0.4411340752056347, 0.04796443241275496], [0.49274411792596057, 0.21195332703855047, 0.058863028878047716, 0.23643952605744126], [0.34847779143824503, 0.592853632716442, 0.0502125779465459, 0.008455997798767103], [0.2708841420723145, 0.6918005581804432, 0.025597470406250235, 0.011717829240992078], [0.46764482369565563, 0.1258784269567921, 0.3877675045201452, 0.018709244727407072], [0.49625195546706946, 0.20052290558368152, 0.06510602131150847, 0.23811911753774054], [0.3037979029098183, 0.09560469608248406, 0.5857058210510359, 0.01489157985666177], [0.4277414817776646, 0.2677023310802527, 0.07913881989750056, 0.22541736714458216], [0.19245085960675604, 0.7263787109980407, 0.07080979954493924, 0.010360629750264002], [0.16530113213041092, 0.7644179001840403, 0.05537799470707377, 0.014902972878475012], [0.27883421884676945, 0.4252169511981029, 0.2276146019125002, 0.06833422794262743], [0.3125927734338348, 0.5318052748364179, 0.035079318895857886, 0.12052263273388934], [0.3541554001122967, 0.13870460456983374, 0.4766722036914869, 0.030467791526382685], [0.3598521542233343, 0.3380921977988885, 0.10639366189388455, 0.19566198598389273]], "ideal": "A", "sampled": "A", "correct": true}}
{"type": "result", "data": {"idx": 3, "options": ["the id", "the ego", "the superego", "the Oedipus complex"], "probs": [[0.25554587672938867, 0.1990374416200727, 0.402062433856382, 0.1433542476941566], [0.28964962689216345, 0.2556382639260279, 0.1990869581772392, 0.25562515090456944], [0.30478991210355416, 0.2411302119673391, 0.3453990647372563, 0.10868081109185045], [0.28169396306965655, 0.29988747608726846, 0.11382204953320516, 0.30459651120986986], [0.15963649090612553, 0.5234662566873278, 0.12433260581388679, 0.1925646464926598], [0.1487658508892714, 0.5442047309178747, 0.15591523378159852, 0.15111418431125534], [0.032571541791447424, 0.8270431448048643, 0.0899366255783272, 0.05044868772536107], [0.032733288756463384, 0.8182690417113011, 0.08490772084105858, 0.06408994859117692], [0.06042509175391148, 0.38192254443343876, 0.44651037616478073, 0.11114198754786903], [0.05928611318921348, 0.23819204914679665, 0.06511640887663428, 0.6374054286873556], [0.046560607755246675, 0.28972906477072546, 0.6133645269629192, 0.05034580041110862], [0.032653764814462014, 0.72037338991491, 0.09597992818759833, 0.15099291698302972], [0.09976880028362964, 0.6405281876759112, 0.1644999794981791, 0.09520303244227997], [0.09017789430147072, 0.6768657018823994, 0.07713774648385063, 0.15581865723227928], [0.14095903931638656, 0.25130718943943836, 0.4479999839811552, 0.15973378716301984], [0.1005310319144845, 0.12127572025764811, 0.058186797981401056, 0.7200064497464663], [0.10599227011651237, 0.16939246274194913, 0.6100042921438797, 0.11461097489765877], [0.10441122481324723, 0.2928553688446965, 0.18325822724395235, 0.41947517899810394], [0.15390271748988366, 0.5126132139372865, 0.15633637502702652, 0.17714769344580325], [0.15680607362636795, 0.5141893854605778, 0.18622472222781827, 0.14277981858523603], [0.16068704783845275, 0.0915655141582159, 0.6456040883671277, 0.10214334953620362], [0.23419875696347364, 0.1334577609924802, 0.36276849019569934, 0.2695749917483468], [0.22425571081779966, 0.2042082994972107, 0.4125061332766968, 0.1590298563082929], [0.2655900676940022, 0.2344069743755452, 0.2344007903937425, 0.2656021674367101]], "ideal": "A", "sampled": "A", "correct": true}}
{"type": "result", "data": {"idx": 4, "options": ["paraphilias guarantee survival of the species", "evolutionary selection has favored the development of males who respond to novel sexual stimuli", "of left brain/right brain differences between the genders", "male brains are better developed than are female brains"], "probs": [[0.012861497258746597, 0.9750285896049193, 0.005116927822644206, 0.006992985213689811], [0.014555103028862534, 0.9737701337955855, 0.005974628914682319, 0.00570013416086958], [0.03277879159154346, 0.015729959818191502, 0.9143456083464372, 0.03714564014382779], [0.013471108358082563, 0.010169910818442313, 0.01703161682645471, 0.9593273638970204], [0.06093538007108553, 0.03874008010774164, 0.8682098207610044, 0.03211471896016848], [0.01832220439860015, 0.03318284276885815, 0.00865666619790451, 0.9398382865346372], [0.9533668134007194, 0.01774001191956396, 0.01059338008735882, 0.01829979449235784], [0.9519029899102683, 0.015150736155106577, 0.020388322043933375, 0.012557951790691687], [0.9583766852185774, 0.010648919704751156, 0.01169568906850601, 0.019278705908165335], [0.9614256825387091, 0.010683164228280709, 0.015788428822009447, 0.012102724311000797], [0.9599049170837507, 0.022229382952374952, 0.008306684972595648, 0.00955901489127869], [0.9575101784328625, 0.024354037374061277, 0.007663521479538014, 0.010472262613538215], [0.03785025974375064, 0.018163199992366267, 0.90305767079575, 0.04092886936813309], [0.011558681972891633, 0.011926980012133616, 0.014163889292859116, 0.9623504486221156], [0.006253439366055246, 0.9880253968838991, 0.0023738925986774733, 0.0033472710513681916], [0.00789397515850979, 0.9866392348517968, 0.0032401356074092994, 0.0022266542822840926], [0.011632115509236351, 0.012383821465254527, 0.00751131376467264, 0.9684727491608365], [0.036653449876921644, 0.014812180998724256, 0.9309463057869848, 0.017588063237369313], [0.11395742273950661, 0.030679142842407865, 0.7914285850638191, 0.06393484925426648], [0.03546287112428477, 0.022546196312165565, 0.01284750548463827, 0.9291434269789114], [0.024548165765711664, 0.9655159679721945, 0.00382485425361034, 0.0061110119084834625], [0.025720336277394083, 0.965311723320465, 0.004833879202873114, 0.0041340610992677855], [0.040675565810772904, 0.017226759148513193, 0.016183595807623363, 0.9259140791330905], [0.07791436448302612, 0.01608298343243742, 0.8782179934431483, 0.027784658541388185]], "ideal": "B", "sampled": "B", "correct": true}}
{"type": "result", "data": {"idx": 5, "options": ["felt glad", "felt fear", "experienced guilt", "experienced regret"], "probs": [[0.053471579803457445, 0.05431797698865653, 0.8235502167725812, 0.06866022633530484], [0.04671385737518288, 0.03873031401058444, 0.8678409280577158, 0.04671490045651686], [0.009142847815944601, 0.9473199335592628, 0.02227930186353698, 0.021257916661255635], [0.016564680045764762, 0.8235039602802335, 0.14310553481910068, 0.016825824754901037], [0.008775433679847964, 0.9678989223075585, 0.009944556455946326, 0.013381087456647194], [0.010703803850715086, 0.9339242472244703, 0.04577695154190186, 0.009594997282912748], [0.49057340617042505, 0.15438389776593367, 0.2505907714116322, 0.10445192455200904], [0.298968968518215, 0.10333263796031814, 0.5330399830624883, 0.0646584103589785], [0.2847678916651169, 0.4079574881390446, 0.1548454142230069, 0.15242920587283162], [0.30906154320748586, 0.25227801861573657, 0.37285487173398135, 0.06580556634279619], [0.16008041439660037, 0.6331942535334725, 0.10336729652070059, 0.10335803544922655], [0.2001000746862149, 0.43710659953067793, 0.29576563171098685, 0.06702769397212034], [0.6421301673248445, 0.08556668822058598, 0.17833603119544855, 0.09396711315912094], [0.501424878870465, 0.07338381250266403, 0.37854974734274427, 0.04664156118412671], [0.645657114854816, 0.0573141978178877, 0.20964590968726066, 0.08738277754003555], [0.7398173212265249, 0.04656853153835958, 0.16002045570203843, 0.053593691433077136], [0.7655284489543581, 0.08196789117046954, 0.10201069825624587, 0.05049296151892645], [0.7225729118671713, 0.08631049712166612, 0.09780274184854201, 0.09331384906262058], [0.700210664343451, 0.06616507968520037, 0.12954411916837613, 0.10408013670297248], [0.7015719778954052, 0.05942494731528344, 0.19484689355874854, 0.04415618113056283], [0.7411015419495396, 0.04738485314740228, 0.139270178772673, 0.0722434260303851], [0.7409745829266047, 0.03689663001834051, 0.1816106980377411, 0.04051808891731366], [0.8147492438289466, 0.09286433491994264, 0.05545191114382217, 0.03693451000728852], [0.7717770933333142, 0.0879665389569054, 0.07885257898972674, 0.06140378862005362]], "ideal": "C", "sampled": "D", "correct": false}}
{"type": "result", "data": {"idx": 6, "options": ["an increased risk of low birth weight babies", "poorer growth and lower intelligence", "smaller head circumference", "all of the above"], "probs": [[0.2770448601589061, 0.023834652996555804, 0.013370842559474272, 0.6857496441850638], [0.3785389194167094, 0.03466740840323457, 0.5773166159417606, 0.009477056138295414], [0.34969091639880895, 0.026137780565915574, 0.010397655024814555, 0.613773647910461], [0.2963152497175733, 0.029342447261388193, 0.6678969270682773, 0.0064453758527612225], [0.7546762223743174, 0.23019896434637074, 0.011285957873934136, 0.0038388553053777465], [0.7215737343571276, 0.26549337981300775, 0.009375350086111366, 0.003557535643753245], [0.014558892214294595, 0.8461971002343514, 0.00535661662860303, 0.13388739082275106], [0.04610719319811931, 0.6465540157410804, 0.30069599602726554, 0.006642794933534735], [0.017031708635372095, 0.017033185712967032, 0.7710090831771111, 0.19492602237454973], [0.02787376044348718, 0.026600093072595483, 0.777417915711446, 0.16810823067247135], [0.08126630039569001, 0.13825601595479547, 0.7592762253284434, 0.0212014582210711], [0.02607765430725231, 0.15485076662411548, 0.02031265206548344, 0.7987589269031488], [0.010408336663990474, 0.9819457877506542, 0.001986731845217279, 0.005659143640138034], [0.026009766224905608, 0.8887259309439502, 0.08396924980467534, 0.0012950529264687566], [0.025957671439330456, 0.02220456819378253, 0.7016670572490599, 0.2501707030178272], [0.04956252167576617, 0.035148763531367255, 0.8000465690258357, 0.11524214566703092], [0.10696116808905472, 0.11933802039254561, 0.7661903481951496, 0.007510463223250035], [0.0334458731729551, 0.7264422353445524, 0.01507811098397885, 0.22503378039851363], [0.34397091047618633, 0.6427136356234153, 0.008091939050365378, 0.005223514750033013], [0.34755733268154293, 0.6393488034588267, 0.008435988923912242, 0.004657874835718138], [0.27967107021786447, 0.050152172530480564, 0.6305064572998987, 0.039670299851756186], [0.09183601837410663, 0.021478853657543744, 0.015231682591173622, 0.871453445277176], [0.2411603322340774, 0.03816426903311635, 0.7090368243751306, 0.011638574257675578], [0.11887245019621419, 0.03199938177737839, 0.010887839710207754, 0.8382403282161996]], "ideal": "D", "sampled": "A", "correct": false}}
{"type": "result", "data": {"idx": 7, "options": ["a secure lover", "an avoidant lover", "an anxious-ambivalent lover", "a passionate lover"], "probs": [[0.028532026866762948, 0.9016934212469592, 0.0558687608694314, 0.013905790916846442], [0.020840806942698225, 0.9288272286641873, 0.01015894024575689, 0.04017302404735752], [0.051109289120280836, 0.662889436971348, 0.2636721197768706, 0.022329154031500622], [0.02404937004144839, 0.9025597731133216, 0.010027065118250985, 0.06336379162697904], [0.036151979316985314, 0.02905661442430667, 0.8761062670150459, 0.05868513914366212], [0.0348491383229602, 0.02800998638219525, 0.8314521915468918, 0.1056886836479528], [0.49373038419982984, 0.14371548493483952, 0.32895240390275515, 0.033601726862575516], [0.5321635722320388, 0.1839579533741237, 0.032469563908673026, 0.25140891038516444], [0.6205560240729069, 0.2711551047733045, 0.08802567707478105, 0.020263193979007558], [0.5490926749049593, 0.36021645483720294, 0.030032662151700865, 0.060658208006136916], [0.46713108319819796, 0.10264552403299179, 0.16401457516807605, 0.26620881750073416], [0.3102237193871269, 0.07371076689964215, 0.5446374184968081, 0.0714280951164228], [0.8679521970013934, 0.035832648432001325, 0.0859506009938128, 0.010264553472792521], [0.9372967468131403, 0.02875639873419821, 0.006937623994297318, 0.02700923035836417], [0.8982492778530293, 0.07260454039641816, 0.021127718249399526, 0.008018463401152956], [0.8778325105850567, 0.10007089878191389, 0.008343326656313287, 0.013753263876716042], [0.9084736581677368, 0.023107688214210206, 0.027871287947333855, 0.040547365570719106], [0.6833076677858411, 0.03917025175619732, 0.25143505668642824, 0.02608702367153341], [0.02890826024948696, 0.05235522663121432, 0.8718113362480344, 0.046925176771264315], [0.028098223780448944, 0.07176496101154407, 0.8213278069668135, 0.0788090081411935], [0.00725523261236015, 0.9653203137616237, 0.012537536531161561, 0.014886916994854572], [0.007662245446371034, 0.9577311176752087, 0.02115877936346764, 0.013447857414952637], [0.006531914452111407, 0.9695218439353859, 0.010118110658777086, 0.01382813085372558], [0.011219193801145076, 0.8373641799810516, 0.13457407745264888, 0.016842548665154465]], "ideal": "C", "sampled": "C", "correct": true}}
{"type": "result", "data": {"idx": 8, "options": ["Bruce likely participated in more female-typical play than Chuck.", "Bruce likely participated in more male-typical play than Chuck.", "Bruce and Chuck likely participated in more male-typical play than female-typical play.", "Bruce's father was more likely to have homosexual tendencies than Chuck's father."], "probs": [[0.10078599164513566, 0.8844900547083487, 0.013016651173504121, 0.001707302373011451], [0.06246214362282702, 0.9180054667968607, 0.0058108367978422755, 0.013721552682470006], [0.1022571516114612, 0.17949508864293878, 0.7098537377615873, 0.008394021884012653], [0.04769172543966078, 0.5458920456457169, 0.007089692292517247, 0.39932653652210504], [0.07330994506118148, 0.02871781745878146, 0.8390647739029715, 0.05890746347706558], [0.04354719169480424, 0.03392449096827318, 0.3118934402726155, 0.6106348769643071], [0.8256022394785374, 0.04176275835336915, 0.12661984655946779, 0.006015155508625667], [0.8782905366001503, 0.06265539054658788, 0.011770990446781439, 0.0472830823064803], [0.5539105972488644, 0.43145710660845665, 0.010468528502342173, 0.004163767540336735], [0.5164945569587529, 0.47034899995988527, 0.008092646248836724, 0.005063796732525045], [0.8480551020832713, 0.04093396929041818, 0.055073684502414746, 0.05593724402389578], [0.825262950278267, 0.03200635030489421, 0.1305848542418493, 0.01214584507498943], [0.36975179256738844, 0.022920694920496764, 0.6002298293851828, 0.00709768302693204], [0.32241799913744873, 0.029085693417508305, 0.007236945327552844, 0.6412593620174901], [0.8778492630915589, 0.09400334871056491, 0.022676814212096996, 0.00547057388577924], [0.8547040144577509, 0.12509802739875342, 0.011818406886353583, 0.008379551157142107], [0.06874877683484996, 0.012924839223589859, 0.012719077478827879, 0.9056073063627323], [0.41041641658880146, 0.03215683191401004, 0.5353319544679299, 0.022094796929258528], [0.038892540497280005, 0.05073705239478435, 0.8580337634117614, 0.052336643596174286], [0.03499558208158678, 0.06539461040362413, 0.5827779194978404, 0.3168318879169486], [0.048887932444658375, 0.7890858317933628, 0.035216217175128406, 0.12681001848685047], [0.06405150013416029, 0.7105334850884698, 0.20677429011907744, 0.018640724558292448], [0.030651080493979577, 0.29084595222342025, 0.023138829789450945, 0.6553641373931492], [0.06927613268135885, 0.4961795940331777, 0.41133876780230183, 0.023205505383161632]], "ideal": "A", "sampled": "B", "correct": false}}
{"type": "result", "data": {"idx": 9, "options": ["inherently evil", "God's afterthought and has become an aberration", "a gift from God", "primarily a biological function"], "probs": [[0.08217171772831418, 0.04197150932023737, 0.8044645246045435, 0.07139224824690488], [0.02488859099561871, 0.02338182649229631, 0.04650087099619706, 0.9052287114158879], [0.024702962014709357, 0.9564335884168146, 0.006246486564391969, 0.012616962904084027], [0.019043658601148126, 0.9616433377067006, 0.01350501560951943, 0.005807987982631826], [0.030410600936391474, 0.057711601466545526, 0.009131593662822504, 0.9027462038342405], [0.03739565084742013, 0.037397450162560374, 0.9061069712359465, 0.01909992765407296], [0.07500521782031715, 0.0750100457965075, 0.7816916049109154, 0.06829313137225995], [0.02482998863653588, 0.04786430530604393, 0.07891586059252846, 0.8483898453648917], [0.031227152502013113, 0.8708523506889296, 0.03484041375859494, 0.0630800829504623], [0.027265923365401016, 0.8616222816368152, 0.05772810880370683, 0.05338368609407693], [0.029891784922435105, 0.07284058100601051, 0.0372042032834863, 0.8600634306880681], [0.04535460386354769, 0.06497191303513365, 0.8295882868794046, 0.06008519612191407], [0.9501349311300648, 0.03151390322818273, 0.00888968443615931, 0.009461481105593144], [0.9450147569055956, 0.03551745571500201, 0.014351321086424208, 0.005116466192978218], [0.9427987688416939, 0.023975838522255582, 0.020190814676173043, 0.013034577859877453], [0.9444379383377458, 0.025566440792815448, 0.01900035989092903, 0.010995260878509721], [0.9614203472818662, 0.023329905924262484, 0.009879223900165188, 0.005370522793706128], [0.9682619742052734, 0.01978553493861175, 0.005325619225031632, 0.006626871531083252], [0.02601522736719242, 0.046379062755472336, 0.010511906699024525, 0.9170938030783107], [0.038335608534930045, 0.040177473935784934, 0.9003158421151345, 0.021171075314150477], [0.017960216680978768, 0.018243826754021288, 0.013347750404001485, 0.9504482060609984], [0.05442465298915498, 0.029591792431189028, 0.8648560368468783, 0.05112751763277774], [0.011399281759456585, 0.9791774028607572, 0.006495701461522914, 0.002927613818263323], [0.010767260359707322, 0.9845386554591763, 0.0023288139626470015, 0.0023652701184693663]], "ideal": "C", "sampled": "C", "correct": true}}
{"type": "result", "data": {"idx": 10, "options": ["birth", "about age 1", "between the ages of 3 and 6", "puberty"], "probs": [[0.0911657390044348, 0.3036523898717591, 0.255698309888541, 0.3494835611352651], [0.10885050552183062, 0.155936932396827, 0.6463693620500817, 0.08884319993126069], [0.12054970446957992, 0.21159568828574024, 0.3831435784144735, 0.2847110287302063], [0.10432942877911244, 0.3368158315022551, 0.3757473500014056, 0.1831073896172269], [0.051154077914788106, 0.7635844518457946, 0.09263271319874641, 0.09262875694067091], [0.04585820911049194, 0.7878939684711916, 0.03355254680072744, 0.132695275517589], [0.24642121994304694, 0.09209555651318296, 0.29727692838811515, 0.36420629505565494], [0.16644266060070734, 0.049207608591974775, 0.7231174029828488, 0.06123232772446917], [0.1904118649828315, 0.44276204535869007, 0.05288002247251753, 0.3139460670859609], [0.3511055183472314, 0.3003516854490033, 0.3197208410124562, 0.02882195509130906], [0.04887514506303736, 0.9222565785366059, 0.012750752126445875, 0.016117524173910828], [0.06843793907099005, 0.8875670134576836, 0.03133502124675984, 0.012660026124566513], [0.25753827153667014, 0.09776669829180473, 0.39893639388842894, 0.24575863618309615], [0.28445417335023143, 0.11141457984554946, 0.42046650774199523, 0.18366473896222385], [0.14919061068052583, 0.5126912883787488, 0.027171803878701294, 0.3109462969620241], [0.2144192303979196, 0.6204985367994545, 0.1341910210598347, 0.030891211642791197], [0.09789571039974394, 0.7945116068622835, 0.022538719261263343, 0.08505396337670917], [0.11779213454194852, 0.7216183394630564, 0.12937681110558885, 0.03121271478940624], [0.6079961287365873, 0.07149736103808271, 0.14900996344573675, 0.17149654667959321], [0.6916599272989981, 0.061395287507593384, 0.08007290958557486, 0.1668718755078337], [0.5278476777230037, 0.19119362952919022, 0.05392906885451197, 0.22702962379329414], [0.6346609733660865, 0.15554498482158233, 0.1507599089313765, 0.05903413278095466], [0.6689614553235355, 0.12768615590716834, 0.07162478458724245, 0.1317276040820537], [0.623264381573822, 0.13480246266570417, 0.17308746534475528, 0.06884569031571858]], "ideal": "C", "sampled": "D", "correct": false}}
{"type": "result", "data": {"idx": 11, "options": ["intimacy", "commitment", "decision", "passion"], "probs": [[0.9608089773273838, 0.02725945336073577, 0.00927460666698946, 0.00265696254489091], [0.964404831078575, 0.024527182702060116, 0.009023189261623205, 0.0020447968577416605], [0.9024837872759383, 0.02443200233836538, 0.06746012911574964, 0.005624081169946711], [0.9208346531466022, 0.028692789140324363, 0.01420443678735332, 0.036268120825720125], [0.8816938484887763, 0.017463217906255265, 0.09740444279658611, 0.0034384907083823565], [0.9307963684572604, 0.030394795831736342, 0.01759139902673763, 0.021217436584265552], [0.9778163445319624, 0.01069566823013946, 0.008867180376824317, 0.002620806761073843], [0.9785369342023027, 0.009013504451699591, 0.010374773914826337, 0.002074787331171359], [0.9623565865562618, 0.009735405639061601, 0.0240959529909079, 0.0038120547137687542], [0.9465972868393481, 0.013933191204290695, 0.0318950305837445, 0.007574491272616766], [0.9580990374900598, 0.013042711368136492, 0.026762272530141445, 0.0020959785116623107], [0.9704881567086159, 0.017502373547235824, 0.008398068359534454, 0.0036114012846138006], [0.07026318120655863, 0.5527238568379831, 0.3568812516409138, 0.020131710214544466], [0.06147081054680316, 0.5565720816762436, 0.039077691875505104, 0.34287941580144804], [0.043177273588259436, 0.789709508371293, 0.15309505498303294, 0.014018162957414622], [0.0377998264192878, 0.8210375828132009, 0.10276573056079008, 0.0383968601067212], [0.04282307006953298, 0.07755223892009308, 0.7021146029162019, 0.17751008799417206], [0.04752837971594342, 0.06009032808551871, 0.8559374477242481, 0.0364438443742898], [0.1494825516377007, 0.42587503494655865, 0.4192815398464472, 0.005360873469293415], [0.08403773573676643, 0.8356562820893219, 0.027714703126033156, 0.05259127894787857], [0.04347744659570397, 0.9152773777611308, 0.038976517251343115, 0.002268658291822064], [0.03214257168262518, 0.9542466872726426, 0.0101152498808693, 0.0034954910638628524], [0.05290274321503901, 0.050485201174932715, 0.7897400855228326, 0.10687196998719564], [0.057965905278564496, 0.039226246883692945, 0.879017487576857, 0.023790360160885454]], "ideal": "B", "sampled": "B", "correct": true}}
{"type": "result", "data": {"idx": 12, "options": ["Orthodox Jews", "Fundamentalist Protestants", "Eastern Orthodox Christians", "all of the above"], "probs": [[0.03665815241814609, 0.7136948136712239, 0.028552883007475324, 0.22109415080315467], [0.053849476111894966, 0.7319151594819943, 0.18798805351192285, 0.02624731079418795], [0.06884042070355414, 0.11351016738605617, 0.40244182340588325, 0.41520758840450644], [0.14586276249210026, 0.1552911744943292, 0.5953977284848662, 0.10344833442870437], [0.11167074076959432, 0.3494352425988406, 0.3838263182243309, 0.15506769830723416], [0.09997177420962824, 0.338244299206416, 0.12061280370378775, 0.441171122780168], [0.6717653098687912, 0.08541806563653281, 0.037908974042607735, 0.20490765035206823], [0.6988328889850062, 0.07965789957082252, 0.20345500677992068, 0.018054204564250616], [0.6924207467795179, 0.07414288349240489, 0.0318939101624599, 0.20154245946561725], [0.6847842548409631, 0.07107327480611585, 0.22947563436517696, 0.014666835887744098], [0.6226029122907777, 0.3333211394940655, 0.03053123369976296, 0.013544714415393835], [0.6392628991143073, 0.31652673309325996, 0.03134826494527899, 0.012862102747153744], [0.06286606472993354, 0.0746637020035095, 0.6251910607722043, 0.23727917239435262], [0.1249622069185522, 0.13942616761046636, 0.47916118857952994, 0.2564504367914515], [0.03212323742623019, 0.8682955389382596, 0.014941131499800708, 0.08464009203570946], [0.04879558467640516, 0.8253925491537417, 0.11347297720568815, 0.012338888864164973], [0.08761575104767022, 0.34119919066146087, 0.042710844582186394, 0.5284742136086825], [0.1218642285205434, 0.3638710948172592, 0.44589244982691767, 0.06837222673527968], [0.1663822531533752, 0.24593991038724072, 0.43850445742990446, 0.14917337892947963], [0.14121991447146637, 0.18135428494396094, 0.04444551111479266, 0.63298028936978], [0.0626775644486933, 0.8789542627575667, 0.030552786921826492, 0.027815385771913458], [0.07027637617483974, 0.8697179133829505, 0.030707605555567244, 0.029298104786642538], [0.10765227760851574, 0.11108986328867353, 0.033883123893965486, 0.7473747351088452], [0.17772137156501525, 0.1983173250452245, 0.4833337510142312, 0.14062755227552903]], "ideal": "D", "sampled": "B", "correct": false}}
{"type": "result", "data": {"idx": 13, "options": ["legalism", "asceticism", "situationism", "hedonism"], "probs": [[0.008803429904598741, 0.9862581518347194, 0.0036701620876909, 0.001268256072990936], [0.009954952074122489, 0.9842159789728754, 0.004349394922087219, 0.0014796739309148935], [0.022752440719871564, 0.005935858254555684, 0.9675389015011735, 0.003772799424399221], [0.006950369029210784, 0.003605981542275615, 0.005165345098952818, 0.9842783042295608], [0.01628924790748702, 0.003750400780633595, 0.976851446146999, 0.0031089050648803783], [0.006332167234915064, 0.0023662796467775237, 0.006432161939777592, 0.9848693910785298], [0.9747736414452517, 0.008701836654993559, 0.013063427939152118, 0.003461093860602676], [0.9744011335781501, 0.007797286063416644, 0.014341800672866094, 0.0034597795855671435], [0.9774439716014214, 0.009144457787390205, 0.010201815291458674, 0.0032097552197297174], [0.9767839470774287, 0.008584659685669255, 0.011373284457075672, 0.003258108679826432], [0.9706907673659846, 0.00908126533324012, 0.015938597458932727, 0.0042893697418425105], [0.9704671903341886, 0.00997155666599384, 0.015205329912718871, 0.004355922987098674], [0.018664860439856903, 0.005183553140390934, 0.9724762096857692, 0.0036753766339830043], [0.006143930365330223, 0.003966993951146079, 0.003967022356486744, 0.985922053227037], [0.007325283227899301, 0.9898998142345443, 0.0020028260813265016, 0.000772076356229887], [0.0071004343975269, 0.9899716222988668, 0.002066564481166629, 0.0008613787224396028], [0.0036189339522513736, 0.001763822158336122, 0.006761274753694072, 0.9878559690357184], [0.013353090013773437, 0.002933629630383004, 0.9811246462489518, 0.0025886340068918033], [0.013125960230138818, 0.004466263095429619, 0.9796130792280667, 0.0027946973463648032], [0.004871000555040352, 0.003295995623169119, 0.00373488003316441, 0.9880981236886262], [0.005127079893184158, 0.9924558320066688, 0.0017445670298355624, 0.0006725209703114515], [0.004818722764032357, 0.9929258786161229, 0.0015164292614453694, 0.0007389692583993363], [0.004489430556244184, 0.002558106744490339, 0.008257551725450845, 0.9846949108738147], [0.01485572005287731, 0.003998726127273495, 0.9784401026278738, 0.00270545109197537]], "ideal": "B", "sampled": "B", "correct": true}}
{"type": "result", "data": {"idx": 14, "options": ["are homologous", "produce gametes", "produce sex hormones", "all of the above"], "probs": [[0.058519599254518134, 0.02186944798546632, 0.004109338676947957, 0.9155016139830676], [0.19635046660215216, 0.03156140256060108, 0.764708205433375, 0.007379925303871702], [0.050538316559232535, 0.017467387661403398, 0.007631224046311155, 0.9243630716330529], [0.20065279064904157, 0.03225221685826357, 0.7574114079263414, 0.009683584466353425], [0.7831394627849332, 0.11643165283734755, 0.08652492563385507, 0.01390395864386421], [0.7471136285372304, 0.13823429546848268, 0.09208784038159833, 0.022564235512688557], [0.06716280937250861, 0.015463089021614083, 0.00450026973011581, 0.9128738317757615], [0.336385266035357, 0.020522131625958874, 0.6384415333084446, 0.0046510689302395195], [0.06362108264976318, 0.02098169404860836, 0.009166517473303359, 0.9062307057283251], [0.08977922206830687, 0.011963047231846161, 0.892780722084546, 0.0054770085153009835], [0.45508266648518036, 0.532124021147872, 0.008601777841523238, 0.004191534425424372], [0.5067621329763009, 0.48361508704854844, 0.0053730177142834795, 0.004249762160867174], [0.12702463684287593, 0.020416770318500203, 0.01110092001950112, 0.8414576727191228], [0.5713352022909937, 0.0201731326242335, 0.40519854837439595, 0.0032931166103768042], [0.368374696655646, 0.03705212087015065, 0.014971180187184643, 0.5796020021870187], [0.17494899765223879, 0.012674700849936786, 0.8090699559928606, 0.003306345404963868], [0.7103774456936851, 0.2573228363483838, 0.027123622663360793, 0.005176095194570258], [0.7896816010808871, 0.19969232050574745, 0.008372885343294056, 0.0022531929700714093], [0.5163972261836928, 0.37207447647141423, 0.07798920396704699, 0.03353909327784602], [0.4273851577120576, 0.4480415946995443, 0.08418452119260383, 0.04038872629579428], [0.48229461813683133, 0.43926861795996935, 0.05852761108117217, 0.01990915272202712], [0.42576262191984204, 0.46773660004030054, 0.04419067857646602, 0.06231009936339139], [0.42277425208353525, 0.32426544779078914, 0.21600735024432427, 0.03695294978135136], [0.5349998790608361, 0.36209915176366214, 0.06098852360443593, 0.041912445471065804]], "ideal": "D", "sampled": "D", "correct": true}}
{"type": "result", "data": {"idx": 15, "options": ["the cortical activity of these two groups", "the overall brain weights of these two groups", "the cell structure in the hypothalamus of these two groups", "blood volume and metabolism of sugars in the brains of these two groups"], "probs": [[0.967075214521597, 0.0038912812609047695, 0.027436580106948927, 0.0015969240105492936], [0.976495794501048, 0.0042485324852066545, 0.011193769397246492, 0.008061903516498898], [0.980728504781546, 0.011418805668668059, 0.006017567675948007, 0.0018351217738379216], [0.9840166031294036, 0.0096478798069761, 0.004281423545786681, 0.002054093417833606], [0.9748838055337021, 0.0051968740653435585, 0.011351606714291394, 0.00856771358666293], [0.974337153003644, 0.0040450147038272564, 0.018704445887058923, 0.002913386305469778], [0.0469493985986313, 0.7577647700125038, 0.18862654600632447, 0.006659285282540494], [0.03275500255917476, 0.8853683520268131, 0.01673174099865732, 0.06514490431535482], [0.04652781576203286, 0.7747956191739445, 0.17020273809268016, 0.008473826871342538], [0.03136103426030182, 0.6705683297725811, 0.014136859178346107, 0.283933776688771], [0.06446871256882057, 0.025646239898713393, 0.8627159723181483, 0.047169075114317664], [0.03457853615319977, 0.022328002667235756, 0.21517440955092904, 0.7279190515286355], [0.7580907584109217, 0.20726572631372112, 0.0263518364104749, 0.00829167876488228], [0.7527082877150285, 0.21566971548086017, 0.021691313920337744, 0.009930682783773567], [0.43100215093849265, 0.019539379588841586, 0.5364425543040036, 0.013015915068662183], [0.38184526772244953, 0.0184279550878229, 0.06954584308882023, 0.5301809340009074], [0.3562054189748264, 0.019785837388875585, 0.6059939612366236, 0.018014782299674355], [0.41126781920395555, 0.021128317784976664, 0.07147599276719041, 0.4961278701438774], [0.02815354554862295, 0.9470535312929002, 0.010855352272429794, 0.01393757078604711], [0.035893136839788155, 0.9257436563040018, 0.03268381802238674, 0.0056793887338232605], [0.06568013227624225, 0.020994018551315944, 0.8652711847688506, 0.048054664303591246], [0.03862833602214732, 0.01714265925374139, 0.40254913837804107, 0.5416798662460702], [0.13051373769104171, 0.07916517260008753, 0.7629624916236641, 0.027358597985206613], [0.07345837907425859, 0.15797185484303716, 0.038113373265353176, 0.7304563927173511]], "ideal": "C", "sampled": "A", "correct": false}}
{"type": "result", "data": {"idx": 16, "options": ["sociobiology", "psychoanalytic theory", "script theory", "social learning theory"], "probs": [[0.0027621906590418336, 0.0052424918953789465, 0.15081914900903387, 0.8411761683365454], [0.010160732016541045, 0.007552000871111815, 0.9738633269480678, 0.008423940064279364], [0.005075329663588237, 0.05207051929423362, 0.00540316593392183, 0.9374509850082563], [0.019219929635830066, 0.01983270643073623, 0.9556925767850992, 0.005254787048334458], [0.004000875657029544, 0.9944347202377851, 0.0010939634004545385, 0.00047044060473083586], [0.004000046478646846, 0.9942316319302353, 0.0013400669211415892, 0.00042825456997620207], [0.0035784935232599214, 0.005630468821950782, 0.058666563193347836, 0.9321244743614414], [0.013393950202433292, 0.0068420500178870665, 0.9690011494671917, 0.010762850212487863], [0.004015740315343924, 0.009634161921526063, 0.0037142805229885504, 0.9826358171401415], [0.018193568169574254, 0.012312558223604117, 0.9630064300391612, 0.006487443467660416], [0.004598377113104811, 0.9930173820054583, 0.0012573370150493067, 0.001126903766387591], [0.005624391004419061, 0.9913225533578847, 0.0024961435106399645, 0.000556912027056278], [0.008233235734069005, 0.0041407288759537355, 0.0057485789889092425, 0.981877456301068], [0.04189613392893214, 0.007751996259971842, 0.9390751208616672, 0.011276748849428798], [0.0075046731576186715, 0.0027184837777159154, 0.00683397049989544, 0.98294287246477], [0.03902440346932302, 0.006574728237727486, 0.9458279194725028, 0.008572948720446692], [0.008830596457649834, 0.9893403833176642, 0.0011586037912101178, 0.0006704163334758941], [0.009690597448131779, 0.9885278842745874, 0.0012914294955893454, 0.0004900886816914867], [0.9900053536283037, 0.0034078425595378556, 0.0055312616292229715, 0.0010555420829354788], [0.9891881951083089, 0.0034050359695927787, 0.006461371749451013, 0.0009453970726472444], [0.9899186177272032, 0.0032515240360319556, 0.00570633790841688, 0.0011235202283478992], [0.9874977979987218, 0.0032947098425009334, 0.008412745200613088, 0.0007947468581641067], [0.9914703893320822, 0.004116721203268029, 0.003576649774832573, 0.0008362395898172037], [0.9910121069941197, 0.00392643668826414, 0.004312201655460795, 0.0007492545621553972]], "ideal": "D", "sampled": "D", "correct": true}}
