{"type": "result", "data": {"idx": 0, "options": ["It demonstrates the difference between the internal and the external aspect of a rule.", "It refutes the natural lawyer' view of the role of morality in law.", "It explains the nature of power-conferring rules.", "It illuminates the concept of a rule."], "probs": [[0.5683685413544317, 0.06895571047222138, 0.043832450121002946, 0.318843297952344], [0.6093283567413083, 0.054936009115567175, 0.31614841440802227, 0.01958721963510232], [0.6763092765405242, 0.03936831242080952, 0.03936956411821912, 0.24495284682044716], [0.6196355661617314, 0.039000361189097, 0.32656189127232826, 0.014802181276843329], [0.8405372906640983, 0.10197400049464651, 0.04185101219616729, 0.01563769654508786], [0.8456734748813161, 0.10421471704340367, 0.028940166544522687, 0.021171641430757615], [0.03563443776733142, 0.7501091197377285, 0.02161483032423873, 0.19264161207070127], [0.05240884177107599, 0.609247281937871, 0.3210610824759253, 0.01728279371512766], [0.09496347180712664, 0.16409023861032862, 0.4391437870207667, 0.3018025024617781], [0.0798150747934635, 0.11081710456693648, 0.6377359031993185, 0.17163191734028158], [0.08572224782212412, 0.3963863967375858, 0.4933312979840026, 0.024560057356287465], [0.049848997223287506, 0.7920732680324919, 0.057378918659518975, 0.1006988159847016], [0.024180167096488816, 0.41542942488405515, 0.02697602920828792, 0.5334143787111681], [0.024725317701806665, 0.6180712386952916, 0.32066153587016905, 0.03654190763273265], [0.04120833875587402, 0.09732628048963406, 0.3971585704949934, 0.4643068101594985], [0.04476250640954223, 0.07153406631925519, 0.7225053798056538, 0.16119804736554877], [0.04869996864681144, 0.16998646041510895, 0.726984219038451, 0.05432935179962858], [0.033028305065731046, 0.5854562011588703, 0.14124931604119254, 0.2402661776342061], [0.008209173819070013, 0.9638057050314736, 0.017109782027812357, 0.010875339021644049], [0.0066583161824746735, 0.972877093719198, 0.011504876527992078, 0.008959713470335338], [0.049165559288305065, 0.26167419216056614, 0.6376349117729687, 0.051525336678160095], [0.028498912598867648, 0.5999037104977647, 0.08376594741244704, 0.28783142939092066], [0.05354751400124155, 0.09849397444741005, 0.7747673688881623, 0.07319114256318611], [0.04648780605622514, 0.2513197446433134, 0.22528184213299013, 0.47691060706747135]], "ideal": "D", "sampled": "A", "correct": false}}
{"type": "result", "data": {"idx": 1, "options": ["It is misinterpreted as a prediction.", "His concept of status is misrepresented.", "It is taken literally.", "His idea is considered inapplicable to Western legal systems."], "probs": [[0.1266809687635173, 0.6334142613513549, 0.20245477328896924, 0.03744999649615854], [0.134283167195288, 0.7147192401218271, 0.10458751211796996, 0.04641008046491489], [0.22040192288038168, 0.24977452492210275, 0.4666698470244327, 0.06315370507308282], [0.23302622585531338, 0.34984986406717605, 0.10837874821031745, 0.3087451617671931], [0.26352330843314337, 0.15984926997129076, 0.492392208434634, 0.08423521306093187], [0.1755133297195357, 0.1432639530644197, 0.44129774627590546, 0.2399249708401391], [0.40889017703679464, 0.3234926675515906, 0.2258416951188659, 0.04177546019274882], [0.3976528227631115, 0.429999517457415, 0.09155295515477192, 0.08079470452470164], [0.4410012448398239, 0.17004009256107477, 0.35441286632090446, 0.03454579617819681], [0.5939168421913852, 0.20527245408139966, 0.12646605261590113, 0.07434465101131398], [0.5113778366948356, 0.15843159386507588, 0.24538753768964577, 0.08480303165044269], [0.46546919330494774, 0.16598573319316637, 0.26942926071237705, 0.09911581268950881], [0.04587640886303431, 0.7521257848062471, 0.17046495796316655, 0.031532848267551955], [0.029806533769878074, 0.8576337678289457, 0.026306413062440737, 0.08625328523873543], [0.041608399321182404, 0.7261472113738072, 0.21132088526375545, 0.020923503941254896], [0.034748048852586415, 0.8686462025061421, 0.06292492450303326, 0.03368082403823819], [0.07207532387419487, 0.10007601454023157, 0.5243718740796866, 0.30347678740588696], [0.062225826293858456, 0.08775992501364252, 0.7701087484925101, 0.07990550009998885], [0.08231066105205255, 0.3520221981648582, 0.4663718307567286, 0.09929530992636063], [0.05656524719201733, 0.36316118050437063, 0.3306689326033516, 0.24960463960026047], [0.030472323068370555, 0.8366165097963408, 0.10803911008321355, 0.024872056952075033], [0.030981574928937095, 0.8116520452322781, 0.11157577148092855, 0.04579060825785623], [0.06663042008372531, 0.17556404280855775, 0.5493161432201441, 0.20848939378757284], [0.06411657577285612, 0.15143545196084954, 0.6787283521022421, 0.10571962006405215]], "ideal": "A", "sampled": "B", "correct": false}}
{"type": "result", "data": {"idx": 2, "options": ["Depression of the 1930", "The rise of Fascism", "The international recognition of human rights after World War II", "The Bolshevik Revolution"], "probs": [[0.13940827547109794, 0.051290243858930426, 0.7192898988004465, 0.09001158176952515], [0.07657243107565014, 0.040988682872372464, 0.019667194683658934, 0.8627716912683184], [0.387693881949756, 0.26234146950005677, 0.2388844489812385, 0.11108019946894875], [0.33036082118230387, 0.41763542989395996, 0.04200599605154409, 0.20999775277219207], [0.04743491081787491, 0.011808219287613934, 0.03160055333320335, 0.9091563164613078], [0.16903344550678093, 0.03599281769598885, 0.6481108954546345, 0.14686284124259566], [0.1601596492535283, 0.0792908825651417, 0.6958366165486967, 0.0647128515326333], [0.1290898462323661, 0.07471579256863436, 0.02972077555865287, 0.7664735855403466], [0.06031630032117605, 0.8726424406076887, 0.0455339660075661, 0.021507292963569177], [0.052139357212740135, 0.8958027445355815, 0.015657467911852033, 0.03640043023982629], [0.0955974385046729, 0.036858595904002284, 0.24414172766151418, 0.6234022378298106], [0.09883230104924139, 0.03524381640764437, 0.7655307592764085, 0.10039312316670584], [0.7714990369148942, 0.08132203031351563, 0.09215594106261225, 0.05502299160897793], [0.8345495259502002, 0.0653723238904963, 0.026005433240035944, 0.0740727168192676], [0.6899288038991087, 0.15637921702865532, 0.09051073749535901, 0.06318124147687694], [0.6921937983663293, 0.17502827745011743, 0.03612215403714736, 0.0966557700464059], [0.791845657947427, 0.05473831187981622, 0.07252085559377225, 0.08089517447898445], [0.7558145869719746, 0.05920506351537563, 0.08888432879404785, 0.09609602061860198], [0.051355256286020015, 0.03264494527358218, 0.03368150354670489, 0.882318294793693], [0.14952756574392795, 0.09654899757544054, 0.6198819921282088, 0.13404144445242264], [0.06962153541185112, 0.057721223101117075, 0.12412166414497365, 0.7485355772420582], [0.08672310833052159, 0.05343305119959695, 0.7731168577375942, 0.08672698263228727], [0.06219700582437392, 0.8322210025037462, 0.052380191245659596, 0.05320180032622024], [0.059915805752936056, 0.8401768018915723, 0.0418326286520112, 0.05807476360348048]], "ideal": "C", "sampled": "C", "correct": true}}
{"type": "result", "data": {"idx": 3, "options": ["There is no distinction between the two forms of legal reasoning.", "Judges are appointed to interpret the law, not to make it.", "It is misleading to pigeon-hole judges in this way.", "Judicial reasoning is always formal."], "probs": [[0.05786244878493033, 0.2760689227446264, 0.5844667487997957, 0.08160187957064761], [0.032000423189787325, 0.30363301118331953, 0.06990177339886959, 0.5944647921280235], [0.04321358255877532, 0.46462746411473665, 0.38520058124682444, 0.10695837197966362], [0.02745886348356009, 0.7778290552864369, 0.09735944920564331, 0.09735263192435972], [0.025204674002007835, 0.04709324375904001, 0.2976374476175935, 0.6300646345213587], [0.045558907087061694, 0.07395678012823588, 0.8076797722962462, 0.07280454038845624], [0.35671215847241916, 0.21637986356411876, 0.3738853591244948, 0.053022618738967284], [0.2688561610001126, 0.27741732587349277, 0.056362905706591346, 0.39736360731980325], [0.2957391021360874, 0.5700980786741439, 0.08880836151810025, 0.04535445757166852], [0.23820062086439514, 0.61789099538867, 0.06411873978531413, 0.0797896438616207], [0.41076605363997154, 0.1659832223778333, 0.2198972502084977, 0.20335347367369738], [0.24958590044926637, 0.1216491033768105, 0.580379579290247, 0.04838541678367616], [0.7491880375445216, 0.07418638190681023, 0.1302036743405019, 0.046421906108166315], [0.8147076488918101, 0.08587765820773458, 0.048933197537136264, 0.050481495263319014], [0.6835343735199944, 0.2184874531633601, 0.05880738334056686, 0.03917078987607866], [0.6268364903232304, 0.24935575291546125, 0.055640709685943854, 0.06816704697536449], [0.7820191832963821, 0.07389122109323885, 0.10751321710477724, 0.03657637840560179], [0.6971158384579679, 0.07700755446379201, 0.1630282401875546, 0.06284836679068553], [0.030592487381129047, 0.0927788667173939, 0.2902793515674475, 0.5863492942340296], [0.06463249364167431, 0.10995419150742561, 0.7397871402545327, 0.08562617449636732], [0.02487626271211894, 0.63166075232648, 0.09994575268581452, 0.24351723217558652], [0.0465741934591055, 0.38998418606660845, 0.500768238619912, 0.06267338175437405], [0.01192212249996106, 0.9471363242843275, 0.019353196870090645, 0.02158835624562084], [0.01434151128499906, 0.9012905047713796, 0.05584621605721759, 0.028521767786403748]], "ideal": "C", "sampled": "C", "correct": true}}
{"type": "result", "data": {"idx": 4, "options": ["The POP will choose wealth over a compassionate society.", "The POP will choose equality over power.", "The POP will be unselfish.", "The POP will choose to protect the disabled."], "probs": [[0.013113166958288312, 0.9050989717305394, 0.05877349535416029, 0.023014365857011953], [0.010517769981882686, 0.9321604208163276, 0.015067977599595644, 0.042253831502194146], [0.03034787602159978, 0.04774688520738681, 0.901047759405215, 0.02085747926579845], [0.012243230966431186, 0.029371873250047028, 0.030304672983833887, 0.9280802226996879], [0.0262137237240917, 0.03017457709984634, 0.9099528636067575, 0.03365883546930446], [0.011287991624873291, 0.02076317693916256, 0.17658441845926356, 0.7913644128767006], [0.5104060996740016, 0.06489587864655445, 0.3400640639351317, 0.08463395764431214], [0.516624521784034, 0.06992440826322671, 0.13691656596148039, 0.2765345038912589], [0.7463860332062648, 0.05755790271544264, 0.12770990249596667, 0.06834616148232582], [0.7913645138478405, 0.05644114903672447, 0.071353599414175, 0.0808407376012601], [0.5921232677697467, 0.03556314469681015, 0.20788939217675523, 0.16442419525668797], [0.5775149018582022, 0.034685191668068126, 0.3240104997879859, 0.0637894065857437], [0.030469647298623424, 0.039743375843471714, 0.8906632247371196, 0.039123752020785274], [0.007814915668021876, 0.017339236628876344, 0.013294740269150567, 0.9615511073339512], [0.0037839457700961157, 0.985657293838677, 0.0063375041079421855, 0.004221256183284776], [0.0036824514684411576, 0.9896712128561026, 0.004305640212549762, 0.0023406953629064443], [0.008151546590515061, 0.016726945559749924, 0.01808626867775494, 0.9570352390719801], [0.023625438414468396, 0.02554729700268485, 0.9293161387363109, 0.021511125746535825], [0.02629316166455038, 0.02888032374780237, 0.8846416304878677, 0.06018488399977951], [0.007708181363336678, 0.013529072166743225, 0.04505822008638882, 0.9337045262835313], [0.005307720452519958, 0.9651982337309197, 0.00946314892212419, 0.02003089679443616], [0.005674439733453004, 0.9693606725305397, 0.017208944355314556, 0.0077559432806926865], [0.008178831658228811, 0.012867872982002948, 0.0187228071845514, 0.9602304880752168], [0.02230870095517017, 0.020958268137329046, 0.9340736347012737, 0.022659396106227112]], "ideal": "A", "sampled": "B", "correct": false}}
{"type": "result", "data": {"idx": 5, "options": ["Law and Economics", "Critical Legal Studies", "Historical", "Natural Law"], "probs": [[0.9910713781663487, 0.005201415341156471, 0.003106038195006022, 0.0006211681974887867], [0.9921602354510188, 0.004968536258540132, 0.002239593847956854, 0.0006316343424842089], [0.992110101648449, 0.004384508480556985, 0.003013493112836004, 0.0004918966581579587], [0.9944124675763196, 0.00347647645548789, 0.0017210335557916936, 0.00039002231240083254], [0.9936113323681165, 0.0030179772061959043, 0.002747940491834953, 0.0006227498338526333], [0.994694501135585, 0.0027509381421118744, 0.0020765585980806927, 0.00047800202422238906], [0.006374794564363707, 0.9915746045180027, 0.0017429652144290231, 0.00030763560320449086], [0.005130692800560803, 0.9931849144008262, 0.001381035182141061, 0.00030335751647186753], [0.021727109664205546, 0.008377953988351278, 0.9684162417495145, 0.0014786944979287076], [0.005221537355168173, 0.011054634202995718, 0.004066766737150822, 0.9796570616046852], [0.016537680552250134, 0.005454296956615726, 0.9764696560248556, 0.001538366366278546], [0.004812184019799935, 0.0048125532891826785, 0.014144510269066744, 0.9762307523219507], [0.0027534985698696598, 0.9957951916011526, 0.0013007406780290271, 0.00015056905094866353], [0.002754176159296695, 0.9960365392960762, 0.001095601033714054, 0.00011368341091311167], [0.01955426370276358, 0.007083016709228401, 0.9722420932187043, 0.001120626269303791], [0.003916746986503446, 0.005108654098301619, 0.0021295955209557666, 0.9888450032942392], [0.012753617034260105, 0.0045478921439957515, 0.9820925605542089, 0.0006059301675352857], [0.0033531446995757126, 0.0034597995340881664, 0.003459740395101297, 0.9897273152712348], [0.002669283512025518, 0.9959830978738062, 0.0011481113421833418, 0.0001995071719848743], [0.0031188474971810135, 0.9953951689780429, 0.0013206828332568933, 0.00016530059151921214], [0.015098499143475903, 0.004677938588820021, 0.9790950431434795, 0.0011285190242245802], [0.003953662109573102, 0.004143765973374832, 0.009193012978447903, 0.9827095588386042], [0.012362740530814292, 0.004620152605404869, 0.9822267261469272, 0.0007903806168536417], [0.0043443280428181715, 0.005755743279279345, 0.0067289563228611834, 0.9831709722550412]], "ideal": "A", "sampled": "A", "correct": true}}
{"type": "result", "data": {"idx": 6, "options": ["All commands include some sanction.", "The concept of a command contains the likelihood that a sanction will follow failure to obey the command.", "Without a sanction the mere expression of a wish is not a command.", "A command confers power to change one's legal status."], "probs": [[0.3008576958303869, 0.23071081361453002, 0.4177577121652693, 0.05067377828981376], [0.2234852710006921, 0.27817792190709184, 0.13556503036171283, 0.36277177663050325], [0.2608595665114738, 0.43013352055421866, 0.2450794741692086, 0.06392743866509891], [0.2668105522449692, 0.3535157853412978, 0.08663045162278492, 0.29304321069094813], [0.3043755752568043, 0.16551014039455145, 0.3671890630717374, 0.1629252211769069], [0.2921594381040238, 0.1380288749795214, 0.37518644329133877, 0.19462524352511604], [0.26315184640780576, 0.1547222687232068, 0.523407860840436, 0.05871802392855141], [0.2643593330226031, 0.19958089884851027, 0.13294093705698434, 0.40311883097190226], [0.30588008355151086, 0.3107348816147835, 0.3107303814643381, 0.07265465326936746], [0.23151792583534583, 0.24648973343291633, 0.10274754463598837, 0.4192447959957495], [0.22726623881024063, 0.10737300743111872, 0.36893517050134694, 0.29642558315729367], [0.2417035888622282, 0.10727451261068217, 0.4309404895348331, 0.2200814088922565], [0.15254435850908943, 0.3895810478286409, 0.3835295666984386, 0.07434502686383108], [0.17083728057170286, 0.33452936505117487, 0.11560387735993144, 0.37902947691719086], [0.11459186159752908, 0.546745454610802, 0.26232706325141136, 0.07633562044025748], [0.1155655848203605, 0.41622743626585873, 0.06483361220953646, 0.40337336660424433], [0.17434163649635984, 0.12559250183030463, 0.43834245853723275, 0.26172340303610275], [0.16693487015478475, 0.12801208518601462, 0.4907032031505903, 0.21434984140861033], [0.1804527017226264, 0.26258837782814237, 0.3820528926757454, 0.17490602767348584], [0.16408234099524974, 0.18888423490643075, 0.49763093149315807, 0.14940249250516147], [0.13978710560910104, 0.31505399469780493, 0.2492186538742314, 0.2959402457188626], [0.14898709127249476, 0.24566953979968964, 0.43115465775982353, 0.17418871106799202], [0.20742532045966317, 0.30658845480841224, 0.2581665929074176, 0.22781963172450698], [0.18379430197138005, 0.3328450868267004, 0.29372801936120996, 0.18963259174070962]], "ideal": "D", "sampled": "C", "correct": false}}
{"type": "result", "data": {"idx": 7, "options": ["By denying its existence.", "By explaining the difference between the common law and civil law.", "By distinguishing certain features of the English legal system that facilitated the development of capitalism.", "By recognizing the importance of legitimate domination."], "probs": [[0.03361064567825858, 0.299579143494212, 0.6342329978308638, 0.032577212896665604], [0.024077294909187617, 0.6018823644355232, 0.31717602623196495, 0.05686431432332413], [0.005893133208423048, 0.9910964526851741, 0.0021344691387597445, 0.0008759448676430639], [0.006356151537104931, 0.9886287081508883, 0.004040384979872748, 0.000974755232134021], [0.006159880001892287, 0.988530500191069, 0.003246281903448219, 0.0020633378035904166], [0.007749132163190637, 0.9534685959306215, 0.03697019577688588, 0.0018120760293020065], [0.04751340805475996, 0.028819526024769174, 0.8965943003889515, 0.027072765431519364], [0.035554751882703364, 0.024059165356357888, 0.8481618196718177, 0.09222426298912106], [0.010350106238479205, 0.9764275194392434, 0.005286595305240829, 0.007935778917036543], [0.014102359073192424, 0.973348418248342, 0.010317880742567731, 0.0022313418358978765], [0.017115893366734195, 0.9492459587968812, 0.008342129433895035, 0.025296018302489506], [0.020321943862177883, 0.9490649569418946, 0.02734700910711509, 0.003266089988812388], [0.973209004323089, 0.014778567134816975, 0.008035120449045715, 0.003977307993048311], [0.9625729630751645, 0.014390218532567287, 0.020613246326282312, 0.002423571965985935], [0.9763364198928423, 0.01018975644505565, 0.008187811392840364, 0.0052860121692616694], [0.9778859215246358, 0.009438801745977816, 0.011035149206826661, 0.0016401274225596788], [0.973239879785338, 0.017826831393004342, 0.006558249641216565, 0.002375039080441093], [0.9773530435877683, 0.016556693362701484, 0.004597725846141698, 0.0014925371033884928], [0.8062670440309727, 0.062177112078557646, 0.04918796696884702, 0.0823678768216226], [0.5172944458623473, 0.05988389704764418, 0.40924957497536457, 0.013572082014643915], [0.7105839648831073, 0.04989401901912299, 0.03272219929827232, 0.20679981669949743], [0.8239712375351816, 0.03794186680296302, 0.13037875700154253, 0.007708138560312787], [0.41929219808918533, 0.5554981448420099, 0.016775029434589698, 0.008434627534215054], [0.4193735810092178, 0.5643522862360644, 0.01189749155036506, 0.00437664110435278]], "ideal": "C", "sampled": "C", "correct": true}}
{"type": "result", "data": {"idx": 8, "options": ["It is a sin for humans not to apply reason.", "The principles of natural law are discoverable by reason.", "Natural law does not apply without good reason.", "The law of nature is the basis of all positive law."], "probs": [[0.05431127512267739, 0.8630650582405494, 0.06867438509306446, 0.013949281443708796], [0.0378527939397206, 0.9172123383041685, 0.016802979427680012, 0.02813188822843089], [0.14820980583134233, 0.24824765589103703, 0.5683362885681291, 0.035206249609491536], [0.1071906649783501, 0.6074193511788567, 0.03220057751733968, 0.2531894062254535], [0.13141113420445544, 0.10896672226168774, 0.657267803951431, 0.10235433948242578], [0.154768578160809, 0.1409536066936686, 0.37141476738083035, 0.33286304766469205], [0.8367594900495988, 0.05350387364948563, 0.0939234616810288, 0.015813174519886727], [0.8898017753624663, 0.04791310616508669, 0.021946213133059903, 0.0403389052393871], [0.9267705479002875, 0.04912860901527188, 0.015956288885582235, 0.008144554098858474], [0.9222424822976366, 0.052863733107400744, 0.016130354599343772, 0.008763429895618857], [0.9224310753650675, 0.036338425726560396, 0.013374526329238875, 0.027855972479133233], [0.89459249470743, 0.0399344241929108, 0.052099516542710333, 0.013373564456948926], [0.12960566578999505, 0.08771201222257874, 0.7461224793641695, 0.036559842523256704], [0.1564702861818706, 0.12189176114013432, 0.10266629758443409, 0.618971654993561], [0.042005153296716835, 0.9413371725263688, 0.010792136677105421, 0.0058655373998088445], [0.03703863668322735, 0.940566297348543, 0.01644202396849898, 0.005953041899730693], [0.1018786156405107, 0.08992794281137187, 0.019154349332671284, 0.7890390921154461], [0.134570269760665, 0.09251078893428707, 0.7278395240187018, 0.04507941718634618], [0.09078500283667072, 0.09515931314531093, 0.7143400204310734, 0.09971566348694497], [0.10410835002973215, 0.11259585785627722, 0.2787144523388748, 0.5045813396751158], [0.026351603557816992, 0.9436780575286425, 0.01098915580346997, 0.018981183010070454], [0.027076563645588372, 0.9398079784895631, 0.02390267396198247, 0.009212783802866081], [0.08942782032980016, 0.3946600213849018, 0.03240405359088629, 0.48350810459441174], [0.10798889759555934, 0.21480711522511337, 0.6314745756474144, 0.04572941143191294]], "ideal": "B", "sampled": "B", "correct": true}}
{"type": "result", "data": {"idx": 9, "options": ["Women can achieve equality through political pressure.", "Equality is impossible because men define women as different.", "The idea of 'woman' needs to be redefined.", "The world is phallocentric and oppressive."], "probs": [[0.06482385194881002, 0.6650492051331123, 0.043865934663587146, 0.22626100815449054], [0.058702939135156555, 0.7151972900451601, 0.06652577643610208, 0.15957399428358132], [0.06553390426177384, 0.13447576359131963, 0.5487703516897047, 0.25121998035720183], [0.05801698564902923, 0.08575224875546286, 0.20252028105617925, 0.6537104844393287], [0.11177561838490317, 0.36652284287127596, 0.3781756690043249, 0.14352586963949593], [0.0732238220842862, 0.25559890362895177, 0.03859055428786072, 0.6325867198989014], [0.41893850504326136, 0.2501780911976829, 0.09951753616775687, 0.23136586749129884], [0.39797284009134126, 0.25697197741764094, 0.171188662297634, 0.1738665200933838], [0.3565216680875038, 0.21290518754724178, 0.17377258899017223, 0.25680055527508217], [0.37765552297878513, 0.19902875417099303, 0.18697630702963686, 0.23633941572058498], [0.3809588664674932, 0.29671371864432433, 0.14237031763471966, 0.1799570971534628], [0.4038686125778463, 0.2909194507090441, 0.10212708187477433, 0.2030848547383352], [0.08750395634241354, 0.20346623782867926, 0.49581062444336504, 0.21321918128554215], [0.0765915306564167, 0.13443385363740637, 0.14764900834087516, 0.6413256072653017], [0.05451747110711948, 0.6852748495441087, 0.051218547685069234, 0.20898913156370266], [0.05022557712084914, 0.7266586855819143, 0.06349682665360927, 0.15961891054362728], [0.057547063782403124, 0.13591865586238946, 0.04846402413074212, 0.7580702561244653], [0.10041106937086602, 0.2298581531456283, 0.4571572703513135, 0.2125735070321922], [0.07435209826822332, 0.23630774804649754, 0.50816760927818, 0.18117254430709903], [0.04162110294832336, 0.08675331427585836, 0.0356039396875375, 0.8360216429882807], [0.05994755550814882, 0.7190332740186373, 0.06793559833921635, 0.15308357203399753], [0.05832573817502058, 0.6887420626371383, 0.046144698957319666, 0.20678750013052147], [0.02874347567270854, 0.05991192533966806, 0.05806780978456607, 0.8532767891030574], [0.05461782379253378, 0.14167863551387908, 0.5431341094169514, 0.2605694311766358]], "ideal": "A", "sampled": "B", "correct": false}}
{"type": "result", "data": {"idx": 10, "options": ["John Rawls", "Stammler", "Jerome Hall", "John Finns"], "probs": [[0.03659725400162874, 0.8729483392360293, 0.08120091727537847, 0.00925348938696343], [0.03421706591221653, 0.8963969644470693, 0.05218004259831801, 0.017205926942396123], [0.08926898153826283, 0.5642184089101633, 0.3317096520153971, 0.014802957436176763], [0.053653149992030705, 0.8393059843042721, 0.07449802644553818, 0.03254283915815904], [0.11156873614745598, 0.1674943113620319, 0.6729491332909678, 0.04798781909954427], [0.14952554252814704, 0.29738057542987856, 0.4534846976984458, 0.09960918424352858], [0.609958468145011, 0.20431973488877928, 0.16418647834043149, 0.021535318525778273], [0.6358057496733599, 0.21974019032531714, 0.10380647717147409, 0.040647582729848857], [0.4963439503985319, 0.36314877792429373, 0.1274846000131099, 0.013022671564064413], [0.43647732297335295, 0.41651086876895205, 0.11387455226271537, 0.03313725589497964], [0.5490394275014873, 0.21168530142936193, 0.19887429621968455, 0.0404009747494662], [0.5029009707792702, 0.19694940399742902, 0.25688562382371605, 0.04326400129958469], [0.2086605226016609, 0.2807993815350036, 0.4852248303234616, 0.025315265439873898], [0.22220682598946326, 0.5674574843794946, 0.12466358113539257, 0.08567210839564951], [0.08014802224752975, 0.8222461090542253, 0.0880330837816338, 0.009572784816611044], [0.06253586545799024, 0.8367562671014839, 0.07544005464723162, 0.025267812693294263], [0.23377186057614063, 0.30018600818493196, 0.33490130301941207, 0.1311408281195153], [0.1966273598804512, 0.19973642750068094, 0.5515322581959279, 0.05210395432294001], [0.0809946605778601, 0.3925097999332176, 0.4962280242014813, 0.03026751518744094], [0.05196102320918708, 0.7635923650400905, 0.15036905180134819, 0.03407755984937415], [0.025324751868395477, 0.8789216688384395, 0.08567969899138916, 0.010073880201775893], [0.020733382898359246, 0.8679653550779254, 0.09892044381233536, 0.012380818111379952], [0.03722202569496052, 0.759426908896158, 0.16945934837147922, 0.03389171693740216], [0.05305453771763703, 0.5615710029963812, 0.3569752878282411, 0.028399171357740654]], "ideal": "B", "sampled": "B", "correct": true}}
{"type": "result", "data": {"idx": 11, "options": ["Historical", "Analytical", "Command", "Sociological"], "probs": [[0.0059727895748625725, 0.013460321294128209, 0.006983016121971078, 0.9735838729090381], [0.016486326783651074, 0.007667334540934087, 0.9733571735549205, 0.0024891650204944132], [0.004419440091824597, 0.007878829999463766, 0.01831827749029593, 0.9693834523184157], [0.0183430643000985, 0.007889704506130687, 0.9707727096762264, 0.002994521417544385], [0.005280370624021705, 0.99067782379134, 0.0033044821382502837, 0.0007373233463880202], [0.00488684843652087, 0.9913457733786448, 0.0029181549625016184, 0.0008492231223326387], [0.008233469714220511, 0.015624798556302593, 0.009476834541082155, 0.9666648970883948], [0.01920469877832638, 0.008522536727771366, 0.9698310633453043, 0.002441701048597871], [0.007207132405347072, 0.010164021782043503, 0.008693603231119276, 0.9739352424814901], [0.024507349939045447, 0.009302389321911485, 0.9638382884874609, 0.0023519721515821465], [0.007441093485212886, 0.9899658278778232, 0.002132005101967689, 0.0004610734349963089], [0.006568974051628818, 0.9902918697452762, 0.002738435318205806, 0.00040072078488922146], [0.004705453007268771, 0.010278109857289079, 0.015428775584918945, 0.9695876614505232], [0.015957321375602615, 0.008279068086248188, 0.9720320338516938, 0.0037315765864553503], [0.00555013520560354, 0.010050441642892259, 0.006191726153426227, 0.978207696898078], [0.018089316787738355, 0.007084328216510273, 0.9724161030153666, 0.002410251880384762], [0.00951441481846989, 0.9858114240565071, 0.0035554159389754947, 0.0011187450860475363], [0.008791398617396971, 0.984904940538332, 0.00516833610795406, 0.0011353246363169677], [0.9536305866835586, 0.018594372947449665, 0.021738655468268083, 0.0060363848007237006], [0.9534389401211879, 0.019180530068071196, 0.020100764376013727, 0.007279765334727163], [0.9668423566735825, 0.01798876864582512, 0.009934145672548121, 0.005234728908044238], [0.9561071791165585, 0.019234019195519963, 0.01923378822751191, 0.005425013360409614], [0.9609609841339454, 0.02190576679785539, 0.010347458532907954, 0.006785790435291251], [0.9492369514913247, 0.024139130702500854, 0.020327051987936447, 0.006296865718238016]], "ideal": "D", "sampled": "D", "correct": true}}
{"type": "result", "data": {"idx": 12, "options": ["Conflict.", "Love.", "War.", "Reciprocity."], "probs": [[0.004694360438991475, 0.004410078377930606, 0.06791352598267061, 0.9229820351004073], [0.018882866769619214, 0.008121873305170441, 0.9685796643986911, 0.004415595426519224], [0.0029311082862081596, 0.0025466622784949228, 0.014203784315846507, 0.9803184450194504], [0.019264934389696828, 0.005784748063602322, 0.9728553196763114, 0.0020949977703893794], [0.004972099623354579, 0.9929908510730547, 0.0018008344251903097, 0.00023621477840036486], [0.0057162572898592735, 0.9918487502745825, 0.0021697160053740067, 0.0002652763301841526], [0.004714426415030263, 0.004226112120636653, 0.07850236908460936, 0.9125570922797237], [0.019236371711961887, 0.0059595096512403386, 0.9714086455111656, 0.0033954730256321795], [0.004182889217504766, 0.005628872624620639, 0.043586931946663576, 0.9466013061112111], [0.019529219293588487, 0.006963746204161235, 0.9709049582853614, 0.002602076116888911], [0.006272879471984688, 0.9910286732617438, 0.002418488746255475, 0.00027995842001599303], [0.005986827281393525, 0.9912285144785553, 0.002495755575468675, 0.0002889025645825103], [0.003632372342933691, 0.004664186513759751, 0.015533828594547787, 0.9761696124487588], [0.02238768161697488, 0.008236429194344358, 0.9670162059926737, 0.0023596830960071064], [0.004079716152410444, 0.005844082034747813, 0.037516521978348684, 0.9525596797344931], [0.021027443196696267, 0.008904103667713624, 0.9668437165500695, 0.0032247364855206373], [0.00599061250202404, 0.9918505849806836, 0.0018851040502070526, 0.0002736983670853275], [0.005719693617060041, 0.9924434030932886, 0.0016133823026762328, 0.0002235208869751492], [0.9961580522081551, 0.0016708602009550527, 0.0020471836675684486, 0.00012390382332142633], [0.9956843445182525, 0.001834207016259749, 0.0023186586769913925, 0.00016278968849633602], [0.9956486922758228, 0.0014969770716499278, 0.0027106730543968865, 0.0001436574981303755], [0.9948424143635156, 0.0016686400867572412, 0.003318486783495878, 0.00017045866623126212], [0.9945755190204659, 0.0022801662784939993, 0.0029739021492488464, 0.00017041245179121736], [0.9954896782010005, 0.0019521150219218343, 0.0024294537953679736, 0.00012875288170960793]], "ideal": "D", "sampled": "D", "correct": true}}
{"type": "result", "data": {"idx": 13, "options": ["That there is no distinction between law and morality.", "That there is a distinction between right and wrong.", "That facts about the world or human nature cannot normally ordain what ought to be", "That human rights are fundamentally unsound."], "probs": [[0.039529706572360795, 0.9139566522522924, 0.03078947078569849, 0.01572417028964832], [0.03378688875319679, 0.9422976259598065, 0.011678360260024072, 0.012237124926972598], [0.0576211865241176, 0.046308504722939334, 0.8738548461789228, 0.022215462474020183], [0.06387549828473234, 0.060961382411623896, 0.020419553528757003, 0.8547435656748867], [0.037814276680400064, 0.00898441539522064, 0.9309714394455867, 0.022229868378792574], [0.03607069076473993, 0.007216673585609872, 0.3369733207811204, 0.6197393147685298], [0.46296066730996654, 0.1677018279817164, 0.3036719307546917, 0.06566557385362536], [0.6022765276857031, 0.2359070637045592, 0.0790179697185433, 0.08279843879119447], [0.27850367889925176, 0.18268037854259297, 0.48888047249880956, 0.0499354699593457], [0.4894105013190116, 0.22410852370000964, 0.16653805349077655, 0.11994292139020224], [0.40758391508019615, 0.02336457874566873, 0.4766693679140695, 0.09238213816006559], [0.21953289185743205, 0.016413547828453657, 0.587644834491596, 0.17640872572251834], [0.07611638009076854, 0.04011906526115863, 0.8578669092408168, 0.025897645307256058], [0.09181790497589129, 0.062140776984997176, 0.027574495813728304, 0.8184668221253832], [0.16599083847787696, 0.6989307751558567, 0.10388900715956718, 0.031189379106699174], [0.17465676456761045, 0.735425711306206, 0.027639943752435055, 0.06227758027374846], [0.06883878516606977, 0.020674199633997036, 0.19309287490600888, 0.7173941401939243], [0.10807634989652679, 0.023747941697882025, 0.774276204090216, 0.0938995042153752], [0.027090134903765783, 0.01862322780670937, 0.9258960760471011, 0.028390561142423696], [0.01621718618448738, 0.015478052307003248, 0.3691434663899112, 0.5991612950185982], [0.032009281453338714, 0.280919255891061, 0.5167001523805046, 0.17037131017509569], [0.03153040957835307, 0.16267029697057667, 0.5417784967211736, 0.2640207966298966], [0.021601520557037217, 0.05872916078996905, 0.1699237084588496, 0.7497456100941441], [0.03580387454618897, 0.047441513062345904, 0.8409547868415506, 0.0757998254499146]], "ideal": "C", "sampled": "B", "correct": false}}
{"type": "result", "data": {"idx": 14, "options": ["Individual stories are suspect.", "The law is static.", "Universal values are meaningless.", "Literature reproduces repression."], "probs": [[0.5026149449671392, 0.05911189337306817, 0.3915198509587817, 0.04675331060101094], [0.2968983837330578, 0.04277992461268749, 0.021849277544471295, 0.6384724140097834], [0.5907965679640618, 0.26633574865172766, 0.09204176288837211, 0.050825920395838456], [0.4556420488399946, 0.29422987840568143, 0.03149964856602143, 0.21862842408830255], [0.09563481515935329, 0.010732700625635047, 0.141355312609992, 0.7522771715050196], [0.2729992937433227, 0.0191734400901921, 0.605810002328485, 0.10201726373800017], [0.12416905574833324, 0.6017783844035333, 0.2431429105700774, 0.030909649178056064], [0.10390862560297752, 0.39836864534361077, 0.01723193271061999, 0.4804907962427917], [0.18761519177245442, 0.07822344817591972, 0.6972154040540904, 0.03694595589753543], [0.14674060701187047, 0.20059495568929162, 0.025107071923505142, 0.6275573652753328], [0.03204582145327506, 0.009040744654350877, 0.09273519037860017, 0.8661782434137739], [0.05629637380429845, 0.013798970522112044, 0.37879385975992824, 0.5511107958136613], [0.11236090253794467, 0.8047947316735654, 0.05065123755220912, 0.03219312813628074], [0.08110600270996164, 0.8192379031295298, 0.01727085653360549, 0.08238523752690309], [0.20324119114769626, 0.0490439178052498, 0.7095248936365466, 0.03818999731050737], [0.28618113371446213, 0.06798359320481864, 0.039964170454205285, 0.605871102526514], [0.15183427023357118, 0.01930873725765157, 0.7244994207790536, 0.10435757162972363], [0.11259122612290601, 0.01896745344929689, 0.38692944542658547, 0.48151187490121167], [0.0183105642206423, 0.011824544623391239, 0.030666999236384607, 0.9391978918195819], [0.06631774059361199, 0.04853083648608579, 0.7131266764209804, 0.1720247463993218], [0.026880619884464767, 0.018478309041392915, 0.0361751005575271, 0.9184659704166152], [0.04691575787213944, 0.03380041531358447, 0.6085163882304583, 0.3107674384838178], [0.09676224064427257, 0.08950958466759479, 0.621286456383375, 0.19244171820475764], [0.0698583051492451, 0.07794655113632842, 0.27631980177977156, 0.5758753418346549]], "ideal": "C", "sampled": "A", "correct": false}}
{"type": "result", "data": {"idx": 15, "options": ["Law as medium' describes law as a body of formal, general rules that control the state and the economy; 'law as institution' inhabits the 'lifeworld' and expresses its shared values and norms in institutional form.", "Law as medium' consists of the manner in which law is presented by the media; 'law as institution' describes the courts.", "Law as medium' concerns the manner in which the law expresses its rules in simplified terms; 'law as institution' refers to the formal declaration of laws by legislative bodies.", "Law as medium' is defined as the intermediate stage of legal development; 'law as institution' is the advanced stage."], "probs": [[0.9694511008839765, 0.006742199167499257, 0.017765179845496252, 0.006041520003027969], [0.9730361021479556, 0.006356834845716065, 0.01573474319344182, 0.004872319712886551], [0.9714162700506446, 0.010301164091343518, 0.011314714041806583, 0.006967851716205325], [0.96966638835244, 0.010945382827626115, 0.014055475046045443, 0.005332753673888402], [0.9776965392395532, 0.006190742839706492, 0.010207561789281028, 0.005905156031459265], [0.9725581334113211, 0.007428423445462241, 0.014319925460874109, 0.005693517582342515], [0.003111901515583398, 0.9932204514581279, 0.00254058194759687, 0.0011270649786918755], [0.002705122781558939, 0.9937435880656356, 0.002350897969299773, 0.0012003910835057107], [0.015378375435900066, 0.035207766806488135, 0.9224231778122423, 0.02699067984536955], [0.0028236205350477914, 0.014342055735057924, 0.008430992847068643, 0.9744033307828256], [0.005023250596744975, 0.007196560380840799, 0.9725475180724362, 0.01523267084997795], [0.002798563484677027, 0.007608745653821055, 0.008621540381398835, 0.9809711503801031], [0.012131348386661696, 0.9790038574886756, 0.004606140828485703, 0.004258653196177044], [0.013121524137464882, 0.9793307366608268, 0.0047539007799397865, 0.002793838321768474], [0.012000235422257956, 0.012978351419227327, 0.9536286492839542, 0.021392763774560522], [0.0025561406272950346, 0.005497812457767497, 0.00787484602677379, 0.9840712007881637], [0.012344093750529167, 0.014210913191669533, 0.9507403307988633, 0.02270466215893797], [0.002560682265986017, 0.004222898504103752, 0.007410854962960282, 0.98580556416695], [0.002706694156845676, 0.9943216603054025, 0.0018608086061862304, 0.0011108368315656072], [0.0035273556456852794, 0.9935330244048037, 0.0021401434402648716, 0.0007994764092461402], [0.007167545495366998, 0.008647069193187931, 0.9687727530882281, 0.015412632123217005], [0.003173382401212404, 0.006932781312846031, 0.0082326150611525, 0.981661221124789], [0.02252622346197809, 0.04844754987970794, 0.9001008967911481, 0.02892532976716582], [0.0032259559773874227, 0.008111824528119762, 0.006219393297114715, 0.9824428260973781]], "ideal": "A", "sampled": "A", "correct": true}}
