{"type": "result", "data": {"idx": 0, "options": ["ADD.", "AIDA.", "PESTLE.", "SWOT."], "probs": [[0.0752106798882072, 0.9162964435930117, 0.00571013218018313, 0.002782744238598006], [0.08570016857853319, 0.9071201615709974, 0.004200938592657124, 0.002978731157812285], [0.18094942248632412, 0.011213986381319247, 0.7985413134277637, 0.009295277604592908], [0.09442658378484124, 0.009497744616650181, 0.014036573889727195, 0.8820390976087814], [0.10408664353151569, 0.005431889482451936, 0.8853794215870383, 0.005102045298994068], [0.08861780770493857, 0.006728364978819473, 0.023483330009749052, 0.8811704972064929], [0.688978170878059, 0.2827789278895763, 0.015222896124566048, 0.01302000500779853], [0.7258147237129338, 0.24696616140873903, 0.011917642704991481, 0.015301472073335702], [0.8043251381372964, 0.020777263635325418, 0.16342409653585488, 0.011473501591523286], [0.8582919707290549, 0.023972641317046895, 0.042735907539387, 0.07499948031451116], [0.73473518387947, 0.015014177332147507, 0.23855844358297543, 0.011692195105406998], [0.8985936515262438, 0.015223025130126685, 0.04544725205135658, 0.04073607119227287], [0.06105080226305356, 0.030702348705613034, 0.8973007719370545, 0.010946076994278886], [0.025272959891025373, 0.032964666800742136, 0.008078270011680025, 0.9336841031965525], [0.03889702982832418, 0.6376874990980992, 0.31078713954503767, 0.012628331428538931], [0.018702749090256782, 0.9297890297077432, 0.010657008565895036, 0.04085121253610499], [0.012739983730020802, 0.004912304930680852, 0.6433461607296823, 0.339001550509616], [0.04168936115176178, 0.006913883560526294, 0.9342869484435673, 0.017109806744144654], [0.05081030600524617, 0.04212777212177459, 0.9008006826341703, 0.006261239138808909], [0.01661479268114873, 0.5168988050350106, 0.017412973371496998, 0.4490734288123436], [0.027514041189729114, 0.7436867047344231, 0.22329602207928037, 0.005503231896567415], [0.015309469259544522, 0.9621134672878394, 0.009884973655528907, 0.012692089697087154], [0.016546546486607323, 0.009429092922473311, 0.6714146953476832, 0.3026096651432362], [0.04504151294512002, 0.011751506542085885, 0.9190973689927691, 0.024109611420025042]], "ideal": "B", "sampled": "B", "correct": true}}
{"type": "result", "data": {"idx": 1, "options": ["The realm of understanding.", "Personal selling.", "Noise.", "Feedback."], "probs": [[0.002832736334241271, 0.001447197857038896, 0.0026616076609483276, 0.9930584580477715], [0.024422725039608403, 0.008311899503396636, 0.9607931403863237, 0.006472234970671239], [0.0036245199646192353, 0.0027364911575266915, 0.004044134300806416, 0.9895948544770476], [0.015497217690155858, 0.004878392553852468, 0.9743508583828927, 0.00527353127309896], [0.026435127594546838, 0.9615718330274876, 0.008063443244464081, 0.00392959603350148], [0.027231891540982194, 0.960085892131024, 0.008570406261811318, 0.004111809966182517], [0.006353381976175537, 0.1041689433227739, 0.003564606861102117, 0.8859130677399485], [0.02996888056709771, 0.32223729760611103, 0.6408939655553916, 0.0068998561713997245], [0.009729219475296572, 0.005128969347033978, 0.8231087625207831, 0.1620330485568863], [0.012021762013368164, 0.007069733361849525, 0.9117221114770908, 0.06918639304769149], [0.044732198465511984, 0.05927298142809804, 0.8848584818015359, 0.011136338204854029], [0.015897532590291027, 0.13736296900974956, 0.005326316114129479, 0.8414131821858299], [0.010604449783794722, 0.6459918165900193, 0.008260308948681197, 0.3351434245775048], [0.024954427247123816, 0.15290034645761374, 0.8139145420971426, 0.00823068409811979], [0.015502918856596052, 0.010997910297260579, 0.9449782581795118, 0.02852091256663156], [0.011537821826115204, 0.010509630457110881, 0.9315947935338929, 0.04635775408288108], [0.012105674978933927, 0.6714935657339139, 0.3122811801206727, 0.004119579066479457], [0.004543006207880164, 0.9659654440863122, 0.004544055808480302, 0.02494749379732731], [0.35814309700303604, 0.6286574107911467, 0.008829162599111274, 0.004370329506705986], [0.39063968341058425, 0.5957619408536535, 0.009189635300331178, 0.00440874033543105], [0.16915658209172676, 0.014785351312835275, 0.807367150445946, 0.008690916049491909], [0.20395930440778143, 0.012641914400724513, 0.013458150604374478, 0.7699406304871196], [0.16869445174865003, 0.01385262983498894, 0.8052298440821457, 0.01222307423421527], [0.059814571047054906, 0.011068086832990475, 0.007727245633903559, 0.9213900963860511]], "ideal": "A", "sampled": "D", "correct": false}}
{"type": "result", "data": {"idx": 2, "options": ["In the late 1800s.", "In the early 1900s.", "In the 1920s.", "After the end of the Second World War."], "probs": [[0.27152439544578544, 0.3889568985765108, 0.18956342055148542, 0.14995528532621832], [0.23566704283780424, 0.400905120305707, 0.2112632628687577, 0.15216457388773102], [0.21825346537711418, 0.29833085543922355, 0.39522940540954526, 0.08818627367411698], [0.18109579922223515, 0.4771451197726752, 0.1868536527820431, 0.1549054281230465], [0.36707924453577856, 0.11917916471865321, 0.39078043654142064, 0.12296115410414761], [0.36488638955668296, 0.12222675034195186, 0.3322494774240068, 0.18063738257735834], [0.07491473945018354, 0.5622888835280115, 0.19130926480197358, 0.1714871121198313], [0.08149353717546089, 0.5483003462414635, 0.18655004300360667, 0.18365607347946894], [0.10378034257178305, 0.3566289788630266, 0.37374412452798667, 0.1658465539372037], [0.11133124429368976, 0.29333271917749043, 0.42018135438722637, 0.1751546820415934], [0.11646764811057185, 0.16425375761128352, 0.5302249232166139, 0.18905367096153078], [0.11606795426093129, 0.3155179941004752, 0.341157200459974, 0.2272568510786195], [0.09132769294685172, 0.45662889818920077, 0.37269352196780337, 0.07934988679614412], [0.0605078909580231, 0.6817649729196872, 0.06542751314260535, 0.19229962287968438], [0.10194343464884356, 0.5177326489328586, 0.3091535979704695, 0.07117031834782825], [0.06473259675401279, 0.6336845206110131, 0.12284552396235406, 0.17873735857262005], [0.09868252947921288, 0.13279706139430825, 0.3842617542339919, 0.38425865479248694], [0.11728659579152485, 0.1414799786411315, 0.559571245272706, 0.1816621801946377], [0.06225917184764988, 0.4897274429203432, 0.2621346443122898, 0.18587874081971711], [0.05728510372779206, 0.40391480768189836, 0.3677715049026765, 0.1710285835876331], [0.07596446459778766, 0.3458265312292079, 0.40431671728148993, 0.17389228679151447], [0.05565746914528644, 0.5363993088096372, 0.24177529095508335, 0.16616793098999308], [0.06521445512119461, 0.43196657295675756, 0.3111352920221091, 0.1916836797999387], [0.058563335851485314, 0.6102670935636382, 0.16170535739078307, 0.16946421309409337]], "ideal": "C", "sampled": "A", "correct": false}}
{"type": "result", "data": {"idx": 3, "options": ["The level of tangibility associated with the type of product.", "Performance-value.", "Variations in supply and demand.", "The way in which the service is delivered."], "probs": [[0.11166948578147674, 0.07210761630295132, 0.24014028487815411, 0.5760826129374178], [0.13414070208729056, 0.064370759784263, 0.10948915196589205, 0.6919993860625544], [0.1551080426847523, 0.080477994399263, 0.14123574634458563, 0.623178216471399], [0.30674206521851405, 0.0950359606267256, 0.2665264844659216, 0.3316954895888387], [0.1457837765598628, 0.06571804486608299, 0.15519557313575696, 0.6333026053382973], [0.2249672265476404, 0.07419465233948862, 0.49916878704592105, 0.20166933396694992], [0.03523587154487239, 0.05994479513915045, 0.37884391338280543, 0.5259754198331718], [0.04184240476449771, 0.05631252881135443, 0.0872113857073046, 0.8146336806168433], [0.04276345456572854, 0.044126463830769534, 0.4743906435786639, 0.43871943792483803], [0.03295552382255496, 0.03244800516972315, 0.17267744370072935, 0.7619190272069926], [0.041153303661503216, 0.04246469523385658, 0.27259403058255643, 0.6437879704220838], [0.02841517274985796, 0.032201649254769864, 0.1089270612547706, 0.8304561166406016], [0.07857548737393927, 0.09933981668476587, 0.17433602265522044, 0.6477486731860744], [0.11132857203828485, 0.12616641174111015, 0.3221642590698176, 0.44034075705078735], [0.06555841545008413, 0.05696451760058158, 0.4079494278345504, 0.4695276390147839], [0.047205162561910485, 0.03853174097657687, 0.1523833344226435, 0.7618797619388691], [0.09349746151640197, 0.05411833836209869, 0.5818321639257859, 0.2705520360957135], [0.04421130458337845, 0.03497788145656575, 0.08656317510711826, 0.8342476387529375], [0.08675532140793187, 0.11140888843250134, 0.21811592441732625, 0.5837198656422405], [0.104174430471325, 0.12180424680962927, 0.599555107911097, 0.17446621470794876], [0.06507002149545746, 0.0574309901227486, 0.31534127380972155, 0.5621577144720724], [0.04000960424085085, 0.03643280422723721, 0.06805932860532324, 0.8554982628265887], [0.10512905882040485, 0.07114229300551675, 0.5423730601156093, 0.28135558795846916], [0.03966020195013806, 0.03446105623128081, 0.05092555846232385, 0.8749531832562573]], "ideal": "B", "sampled": "A", "correct": false}}
{"type": "result", "data": {"idx": 4, "options": ["found guilty under the Sherman Antitrust Act and face prison time", "found guilty under the Magnuson-Moss Warranty Act and face large fines", "found guilty under the Adamson Act and face prison time and fines", "found not guilty because retailers are allowed to set their own price levels"], "probs": [[0.6200065288814359, 0.10775684002232426, 0.2466454675061353, 0.025591163490104502], [0.47901186574010257, 0.18184198166532214, 0.2371535907030053, 0.10199256179157], [0.627302782141717, 0.27839712031672403, 0.05835222976989756, 0.03594786767166147], [0.5519468886347803, 0.2954685423553868, 0.12510420752369159, 0.02748036138614139], [0.5159019461906504, 0.23257270002599553, 0.1169376723472515, 0.1345876813361025], [0.28250774422620706, 0.18529847055349694, 0.48818599627292664, 0.04400778884736936], [0.06547847291949553, 0.773198831403439, 0.14527621647341327, 0.016046479103652162], [0.04417570307409081, 0.8467176555740501, 0.05412792413885524, 0.05497871711300379], [0.12041080876439875, 0.5655846062361133, 0.2630181639715811, 0.050986420927906805], [0.07981660723434605, 0.3206864797543727, 0.12557723742727622, 0.47391967548400504], [0.08675358378948293, 0.2250479442770147, 0.5929145768219788, 0.09528389501152357], [0.0931111830479144, 0.30060266101620653, 0.47290507820414235, 0.13338107763173673], [0.37547465875361713, 0.3419140551499788, 0.1948076471878416, 0.08780363880856246], [0.3818557446966854, 0.36441092464163877, 0.20123914856727032, 0.052494181994405524], [0.2738303213237169, 0.13770963096311126, 0.5361973582841996, 0.05226268932897231], [0.15557672081822072, 0.12899835406443932, 0.32427802678680134, 0.3911468982305386], [0.17394675183086525, 0.37998091887622376, 0.3859551221792748, 0.06011720701363618], [0.1667257621744038, 0.28364850355747306, 0.08924867610852555, 0.46037705805959755], [0.024887004415909804, 0.948657268440567, 0.012711670039265386, 0.013744057004257777], [0.03274423873166189, 0.8990097289393292, 0.05929412832789119, 0.008951903901117698], [0.09167363357113532, 0.1584182208853759, 0.6265419031568384, 0.12336624228665025], [0.10584084180073405, 0.1916806889509363, 0.48187402963008347, 0.22060443951824618], [0.05063471018378078, 0.8699674297569558, 0.051434183530489286, 0.02796367642877411], [0.0669567619845171, 0.7087594043597805, 0.027480804860567993, 0.1968030286951345]], "ideal": "A", "sampled": "A", "correct": true}}
{"type": "result", "data": {"idx": 5, "options": ["A composite analysis of all environmental factors inside and outside the firm.", "A series of business decisions that aid in selling a product.", "The relationship between a firm's marketing strengths and its business weaknesses.", "A blending of four strategic elements to satisfy specific target markets."], "probs": [[0.0026048723054725915, 0.9872697911458338, 0.0018472549870839996, 0.008278081461609563], [0.0037035544560950293, 0.9647096547523236, 0.031009888711846623, 0.0005769019797347269], [0.0039888083394745135, 0.0021352552952506993, 0.9609971288008868, 0.03287880746438798], [0.0056055760875289955, 0.0017640061819819105, 0.9880553843438653, 0.004575033286623774], [0.002281070831191688, 0.9950601248849176, 0.002390593884876096, 0.000268210299014615], [0.0022126707029367257, 0.9958690869659851, 0.0012219989711148612, 0.0006962432599632918], [0.3079531089222262, 0.0038169141506601612, 0.004978201650316092, 0.6832517751767975], [0.1583014501434977, 0.004856073986603176, 0.8295533442625943, 0.007289131507304819], [0.21743571010177523, 0.0029598459214498535, 0.008699459320652329, 0.7709049845561226], [0.04238087701253904, 0.00270959270363881, 0.9497681298963502, 0.005141400287471942], [0.02752773761465882, 0.9704558525069075, 0.0017057765054585316, 0.00031063327297514096], [0.025900135530279266, 0.9719661741991357, 0.0017084453027099622, 0.0004252448678750514], [0.004781304423656075, 0.0055903890529018455, 0.9112488089882741, 0.07837949743516794], [0.007055251220356639, 0.0037766279986081843, 0.9837587936953738, 0.0054093269856613545], [0.00314112076375276, 0.9869621361757517, 0.0018757859878231443, 0.008020956972672405], [0.010983357373188798, 0.18006053877731232, 0.8069868894894059, 0.0019692142600930204], [0.0026695587466802465, 0.9960865226912562, 0.0009669087443854795, 0.00027700971767807316], [0.0025083539945908507, 0.9962912218608523, 0.0009671101017091405, 0.0002333139428477059], [0.9950255873980355, 0.0009217797309832809, 0.0037028205570729554, 0.0003498122139082423], [0.9973942417183048, 0.0008955691929258074, 0.001149858740640506, 0.0005603302481288376], [0.997517734595074, 0.001263069882289309, 0.0009097130113741022, 0.0003094824112625567], [0.9973232581130457, 0.001323449170673961, 0.0009682104995484208, 0.000385082116731951], [0.997010609264249, 0.0009381706671157831, 0.0013649546590717417, 0.0006862653095634724], [0.9944459403857374, 0.0010117787425516739, 0.004064422671363077, 0.000477858100347778]], "ideal": "D", "sampled": "D", "correct": true}}
{"type": "result", "data": {"idx": 6, "options": ["Gatekeepers.", "Buyers.", "Users.", "Initiators."], "probs": [[0.893286352586392, 0.015132507475754937, 0.08309289670765764, 0.008488243130195463], [0.891013753151565, 0.01231934354018628, 0.09102687631011529, 0.0056400268981334975], [0.9295438190796464, 0.024010854510355267, 0.037188676289904105, 0.009256650020094194], [0.90389535234695, 0.0196612099169027, 0.07191733065880775, 0.004526106977339601], [0.9462591426362418, 0.01733229126111003, 0.030418884062740546, 0.005989681939907583], [0.9168463835136949, 0.01815819277713752, 0.06047564692852865, 0.00451977668063898], [0.011973302539774952, 0.9661648054297662, 0.01797460351342881, 0.003887288417029997], [0.008730592158170843, 0.978101114056514, 0.009293981836850373, 0.003874311848464806], [0.020972129150730955, 0.017939331175263123, 0.9493238417350739, 0.011764697838932046], [0.009844006822853255, 0.018391934878895268, 0.213792842399663, 0.7579712157985885], [0.022812732624064323, 0.02353824784456286, 0.9402374466051489, 0.013411572826223992], [0.005535787696915565, 0.014585435143670417, 0.019322224868179902, 0.9605565521912341], [0.01659610369593287, 0.9645867701597565, 0.014419456541557104, 0.0043976695027535305], [0.012058623400607631, 0.9730483507787977, 0.011328405950063153, 0.003564619770531516], [0.02334702261105722, 0.016817091985422132, 0.9473387086322859, 0.012497176671234778], [0.011430105230689307, 0.018553765198588777, 0.19332963374651788, 0.776686495724204], [0.026657706074876972, 0.022101013265409412, 0.9397755186412273, 0.011465761918486287], [0.015107629734773238, 0.04303916519241753, 0.021641299005438097, 0.9202119059673711], [0.00946056010025803, 0.9802280720520525, 0.00784333147870251, 0.0024680362689869697], [0.010022932452331603, 0.975579212660661, 0.012090354163834515, 0.002307500623172761], [0.013817645783381424, 0.008921827903314705, 0.9687473952847138, 0.00851313092859012], [0.0043296464553256725, 0.006499811516425425, 0.02452957061980653, 0.9646409713084424], [0.01990619547186498, 0.012074258537106038, 0.9591859267940352, 0.008833619096993756], [0.009519324166684157, 0.018065110722040787, 0.01644833092908103, 0.955967234082194]], "ideal": "A", "sampled": "A", "correct": true}}
{"type": "result", "data": {"idx": 7, "options": ["Motive development.", "An attitude.", "A self-concept.", "Product evaluation."], "probs": [[0.19659741806798417, 0.08589969830547174, 0.6756431661062265, 0.041859717420317515], [0.21161136029034705, 0.2892891466328295, 0.23981189725385085, 0.2592875957229726], [0.15902846990787478, 0.505447326157185, 0.30656137945208484, 0.02896282438285541], [0.0951226974492103, 0.7600609859032313, 0.04355399828059554, 0.10126231826696286], [0.1464303339286619, 0.06918514776972794, 0.5192172720217522, 0.265167246179858], [0.10653229395934855, 0.04044502908739622, 0.73961375106628, 0.11340892578697523], [0.039496503692833786, 0.7933792456314461, 0.15141314238395157, 0.015711108191768467], [0.025471796913448332, 0.8979958250851398, 0.025874606990204933, 0.050657770911207], [0.047030912027493786, 0.7357439583037858, 0.20751944704050462, 0.009705682528215728], [0.025753442243432283, 0.8938331023712565, 0.022376200223667337, 0.05803725506164395], [0.035129363267732305, 0.03858928238254526, 0.8782635003096957, 0.0480178539400268], [0.06007913648186586, 0.051398405747995625, 0.7671532344366406, 0.12136922323349784], [0.17836333942390523, 0.2677927632942685, 0.5002867020187673, 0.05355719516305896], [0.09694388123913293, 0.6625741966365133, 0.08555944581813268, 0.15492247620622104], [0.10522608438343672, 0.19971002599144005, 0.6755980239960012, 0.01946586552912196], [0.051925210592167294, 0.7631115089156602, 0.08169441425894096, 0.10326886613323155], [0.08858046943793424, 0.05208537137241965, 0.7774055831073833, 0.08192857598226277], [0.07673857617597002, 0.04442292972882799, 0.6734616385514909, 0.20537685544371104], [0.04097994263880151, 0.5657839563748717, 0.24333054408491664, 0.14990555680141016], [0.039496178000741726, 0.49650325975461945, 0.3866659008076158, 0.07733466133702294], [0.03580176657462661, 0.05210044525603994, 0.8675400502600257, 0.044557737809307794], [0.06237511079833353, 0.0533618191829945, 0.8090210110820385, 0.07524205883663346], [0.04071424719071433, 0.5198602443476102, 0.38632111010617187, 0.05310439825550359], [0.05169685576226238, 0.3533275438243262, 0.49053842007134346, 0.10443718024206801]], "ideal": "A", "sampled": "A", "correct": true}}
{"type": "result", "data": {"idx": 8, "options": ["Promotion.", "Product.", "Target market.", "Pricing."], "probs": [[0.12139604058547741, 0.06298618669198633, 0.7673288468647256, 0.048288925757810665], [0.06069116067684899, 0.061653596840087435, 0.039803928140149415, 0.8378513142429141], [0.1579445229807459, 0.26869238721500477, 0.5179181349241473, 0.05544495478010205], [0.11071763763977167, 0.26562000703643973, 0.12743983336067471, 0.49622252186311383], [0.058439171927700186, 0.030799366071730002, 0.6185759213160409, 0.29218554058452895], [0.07598123066829636, 0.03217687505425423, 0.7795451398836628, 0.11229675429378663], [0.031103965025179623, 0.024995003731861448, 0.8949670949280112, 0.048933936214947765], [0.012775496399957497, 0.019788922463582218, 0.02879058901690859, 0.9386449920195516], [0.06765728280887626, 0.243658956966314, 0.4411973063090953, 0.24748645381571444], [0.10402029441686485, 0.3630880902914282, 0.28721951579501437, 0.24567209939669257], [0.010725757617844745, 0.013773465920272765, 0.02493845573617808, 0.9505623206257044], [0.04743394068175212, 0.02499857828696825, 0.8540990685862049, 0.07346841234507477], [0.0728432006370836, 0.04150803712890173, 0.7710489543756673, 0.11459980775834736], [0.043413551603576385, 0.046217909046867296, 0.0651736381699908, 0.8451949010795655], [0.10677068013949416, 0.07002792558884641, 0.34467169895802136, 0.4785296952136381], [0.260040301354736, 0.10672832547275397, 0.3339139073493692, 0.2993174657231408], [0.04378761878165217, 0.023809415197187347, 0.024950350583935434, 0.907452615337225], [0.10642752866400451, 0.03509902358939654, 0.7864604093471976, 0.07201303829940134], [0.024273842887233398, 0.022452103264554095, 0.45802552100566885, 0.49524853274254366], [0.037398789143918004, 0.022334286982445464, 0.8250667467355194, 0.11520017703811715], [0.019040329379919507, 0.021917456758810794, 0.041588805611743065, 0.9174534081495266], [0.07474521268360855, 0.04193249933253746, 0.8163189583081659, 0.06700332957568801], [0.057097712681090595, 0.08572305110179361, 0.10502200883915676, 0.752157227277959], [0.1004865027899876, 0.23733344848564278, 0.5518128316432723, 0.11036721698109726]], "ideal": "C", "sampled": "C", "correct": true}}
{"type": "result", "data": {"idx": 9, "options": ["Classical conditioning.", "Operant conditioning.", "Social learning.", "Behavioural learning."], "probs": [[0.10335967405714672, 0.39009051274737244, 0.2944648993226674, 0.21208491377281344], [0.09941111207769274, 0.5995426594747785, 0.14464886053996617, 0.15639736780756264], [0.10506082757075569, 0.12093017633748201, 0.5952905238482956, 0.17871847214346673], [0.047488328585196776, 0.09444521465953405, 0.1710217747834763, 0.6870446818717929], [0.1033196626506395, 0.09118305483220393, 0.6429512212698395, 0.16254606114731712], [0.044589528014401386, 0.057256117769946005, 0.15564103985415922, 0.7425133142614934], [0.17465934936413063, 0.22427772985887656, 0.39364286032746565, 0.20742006034952712], [0.20260446677288033, 0.396695005706293, 0.21908229076529498, 0.18161823665553167], [0.1702172581648891, 0.18695626872463658, 0.4926056787980869, 0.15022079421238738], [0.1504693843483682, 0.2855521865895428, 0.30398259922724674, 0.25999582973484225], [0.16509556905726241, 0.11891856558844209, 0.5853826519320455, 0.13060321332225], [0.14899571729480293, 0.11072909833455037, 0.4662223145197454, 0.27405286975090126], [0.12972525340773447, 0.0850811489622664, 0.4973724110242638, 0.2878211865057353], [0.06617201538066554, 0.06216561069766669, 0.22387511953662123, 0.6477872542850465], [0.1889411005504405, 0.12586989622437222, 0.4677089908934128, 0.21748001223177452], [0.19156095383635843, 0.15154486893092095, 0.32589179274161123, 0.33100238439110935], [0.1467696141064145, 0.1422584812369132, 0.053160317632904734, 0.6578115869237675], [0.3340110530222884, 0.22250694365819879, 0.18737747052490714, 0.25610453269460565], [0.0939681217879246, 0.0779056537385513, 0.6322765255492976, 0.1958496988242265], [0.04331106029167135, 0.04683199582907162, 0.25317801325023015, 0.6566789305290269], [0.12438589429579125, 0.13661622287223346, 0.566301495047575, 0.17269638768440035], [0.0988986842481535, 0.1069380616974124, 0.5781453718081426, 0.2160178821462915], [0.08821290993442883, 0.22526446653928173, 0.06454128218664877, 0.6219813412396407], [0.1418393594432898, 0.30500985097844624, 0.2528708056218121, 0.3002799838564518]], "ideal": "A", "sampled": "B", "correct": false}}
{"type": "result", "data": {"idx": 10, "options": ["To break down large markets into smaller markets.", "To provide an opportunity to surpass competitors.", "By grouping together customers with similar needs, it provides a commercially viable method of serving these customers.", "To allow the achievement of greater market share."], "probs": [[0.08798446575032612, 0.005988000473245091, 0.9026687811834377, 0.003358752492991046], [0.5868607370533927, 0.007622616634556055, 0.06584669136917594, 0.33966995484287527], [0.1659999972935657, 0.8300261082039697, 0.003610743753939813, 0.00036315064852470417], [0.14337889832014328, 0.8513484586443767, 0.004830312443378808, 0.0004423304921012297], [0.18472215755055998, 0.015163980606480993, 0.010101194614759574, 0.7900126671281994], [0.2300247310258042, 0.012578910651794051, 0.754265338230227, 0.0031310199921747803], [0.013725340658993543, 0.09380003264856436, 0.8899356316523286, 0.0025389949401135193], [0.0064531963191475855, 0.7695909501247709, 0.029376585993374116, 0.19457926746270748], [0.003474614031395696, 0.9940245501825059, 0.0022787060025260186, 0.00022212968357242225], [0.003528559412186771, 0.9938027980888071, 0.0023505283795765644, 0.00031811401942950167], [0.008169186783154328, 0.00955144729040473, 0.9010512928862349, 0.08122807294020606], [0.017231461497483447, 0.008801512847593045, 0.9707292789745829, 0.003237746580340535], [0.9937281214258206, 0.0036982305743061992, 0.0019793581829077984, 0.0005942897169654031], [0.991162228571456, 0.004449310926510113, 0.0038653553459952585, 0.0005231050560386094], [0.983926260814441, 0.0019600098503099817, 0.013392769129453547, 0.0007209601057954415], [0.9915197947032744, 0.002458096912649784, 0.004965030983435726, 0.0010570773006400123], [0.985110138616882, 0.003338023267609591, 0.010944003229890576, 0.0006078347856178553], [0.992119888614359, 0.003869416348826809, 0.0028307291906131357, 0.0011799657462010615], [0.02458782825132738, 0.29955666752142396, 0.011257407996950578, 0.6645980961302981], [0.09525296193098776, 0.1281845881234473, 0.7730380378728109, 0.003524411972753989], [0.013718961021178514, 0.005901046720247495, 0.875788642896152, 0.10459134926242197], [0.03421500861201727, 0.007172459298217463, 0.9541939510012422, 0.004418580988523088], [0.019929053673658874, 0.9754015093231451, 0.004310065100977899, 0.0003593718022182132], [0.018763002036903606, 0.9775571838074929, 0.003210068918087466, 0.00046974513751605105]], "ideal": "C", "sampled": "C", "correct": true}}
{"type": "result", "data": {"idx": 11, "options": ["Repeat purchases.", "Buyphases.", "Buyclasses.", "Tenders."], "probs": [[0.03594910843609466, 0.5623886769300465, 0.3988014590134196, 0.0028607555204392047], [0.015849835937567995, 0.9654460945894284, 0.011779244337549165, 0.00692482503545435], [0.03027079409339555, 0.018947487501002072, 0.9419701597999641, 0.008811558505638244], [0.03791926626060844, 0.07781029897650883, 0.03452750102601265, 0.84974293363687], [0.08758827265374566, 0.05070174838579162, 0.8183398811507708, 0.04337009770969188], [0.04201547318981529, 0.07036842221592406, 0.17689689530794767, 0.7107192091863129], [0.0870708534824672, 0.01254655155279808, 0.8934539059414649, 0.006928688923269794], [0.4951462167570544, 0.04395252109606817, 0.15581497606498132, 0.3050862859818961], [0.046934695745225914, 0.9427717515991355, 0.008415682808327565, 0.0018778697473110218], [0.0462282608759158, 0.9432021866597242, 0.008962556414845682, 0.0016069959495142565], [0.3824788049022355, 0.06751951382911518, 0.13638642056599318, 0.41361526060265613], [0.27969328373713415, 0.029029113144414063, 0.6817043023739344, 0.009573300644517313], [0.020596011818874736, 0.009141696326621568, 0.962068169551325, 0.008194122203178712], [0.02206490489958364, 0.02072950746736173, 0.061882264408061514, 0.8953233231249931], [0.009329201175885619, 0.9818596337130537, 0.0073803421987325545, 0.0014308228123280822], [0.009049079711861793, 0.9826050760080745, 0.007158735097485157, 0.0011871090825786397], [0.0117574989130349, 0.017377519055842904, 0.03678568256950589, 0.9340792993616163], [0.04164083122980819, 0.014851160106215042, 0.9333008961424533, 0.010207112421523445], [0.03404186494470022, 0.07095648735829703, 0.8781451736445264, 0.01685647395247636], [0.023697134493443423, 0.17786412138775212, 0.49109576832413426, 0.3073429756946702], [0.012020431545161256, 0.9549337241765425, 0.013836055302615648, 0.019209788875680558], [0.022926807145044737, 0.8082443980633119, 0.16679350843706037, 0.0020352862545829522], [0.023603967572497806, 0.15392058598825054, 0.028472282950659462, 0.7940031633885922], [0.056266018593548454, 0.03012150025576117, 0.9082953544101062, 0.005317126640584148]], "ideal": "C", "sampled": "B", "correct": false}}
{"type": "result", "data": {"idx": 12, "options": ["Winner's curse.", "Winner's price.", "Winner's reward.", "Loss-leader pricing."], "probs": [[0.9656705414675691, 0.01796782865901209, 0.011601037746577988, 0.004760592026840734], [0.9598497364794364, 0.014350291659191588, 0.024031816582362375, 0.0017681551790096337], [0.9613269633676209, 0.018168520307459936, 0.015299551294281946, 0.005204964930637141], [0.9598400477223603, 0.016008530487867934, 0.021881096305421906, 0.0022703253843498953], [0.9716991854645652, 0.016720850982307894, 0.010141668294770366, 0.0014382951583564456], [0.9762187128661768, 0.01602954898844443, 0.006476541668310347, 0.0012751963770684454], [0.005021940564031556, 0.9874549134073355, 0.0037322811224563667, 0.003790864806176564], [0.005688089015152857, 0.9870048073263948, 0.005868896432844758, 0.001438207125607497], [0.010581601833806083, 0.014019708709178604, 0.9676569490743311, 0.007741740282684163], [0.004347056621735751, 0.011453954517795772, 0.1937175991663487, 0.7904813895941197], [0.02724179510012753, 0.03185163893590295, 0.9308847430765813, 0.010021822787388184], [0.005675028357810482, 0.03215341428357969, 0.00775726177757787, 0.954414295481032], [0.005186713604448398, 0.9884690625289594, 0.003736098748606686, 0.002608125017985544], [0.005358455155048514, 0.989772337851982, 0.0035143435135136757, 0.0013548633794557533], [0.01060976922428552, 0.012600811909667617, 0.9702527828617461, 0.006536635904300786], [0.003943785984250618, 0.010391454104872636, 0.1730227899534359, 0.8126419698574409], [0.01837460380456314, 0.03077418823935451, 0.9425689866799573, 0.00828222117612511], [0.006517167391971786, 0.04453981851102396, 0.011438583469312865, 0.9375044305276914], [0.01755620560677223, 0.9736828923195134, 0.006664055015503598, 0.0020968469582107615], [0.017040935076381682, 0.9751067667032944, 0.005279434473100884, 0.0025728636472230177], [0.03905144347996698, 0.042228873972204706, 0.9029411706280076, 0.015778511819820703], [0.013973411321728432, 0.027360512274719265, 0.009164615021216734, 0.9495014612823356], [0.02707150532845978, 0.02108511851933214, 0.9396412214129836, 0.012202154639224541], [0.012438958555851328, 0.015241590383769765, 0.014543497056339302, 0.9577759539040396]], "ideal": "A", "sampled": "A", "correct": true}}
{"type": "result", "data": {"idx": 13, "options": ["Price bundling.", "Price elasticity.", "Price inelasticity.", "Price inflation."], "probs": [[0.010876316123398115, 0.9489956914802536, 0.038561070168269894, 0.0015669221280783633], [0.011517235444959705, 0.8731138278430087, 0.004371876148513589, 0.110997060463518], [0.020683860234573328, 0.008357868639144525, 0.9660452846237404, 0.004912986402541778], [0.0059435371079392925, 0.005412081658048842, 0.004557308294804107, 0.9840870728392077], [0.009634293464151265, 0.0034355859258464374, 0.9828506311424748, 0.004079489367527462], [0.005001724703976009, 0.0036596214763208626, 0.052940915133464495, 0.9383977385862386], [0.5937586282366154, 0.030030251681794396, 0.36583375041283794, 0.010377369568752246], [0.1625404074862147, 0.02269841937771716, 0.01465493826659007, 0.8001062347694781], [0.6859843374068999, 0.29971711268517104, 0.01091677918119112, 0.003381770626737897], [0.6737612778563007, 0.3133619563803305, 0.009171351257502944, 0.0037054144058658346], [0.2211505878281243, 0.02641557480101674, 0.0604639191033592, 0.6919699181674998], [0.12243887491934767, 0.01736730774196564, 0.8499847966321981, 0.010209020606488584], [0.039021546571547557, 0.00941534215587817, 0.9454845468150784, 0.006078564357495869], [0.01159612231535175, 0.0037650336475769162, 0.004007768199083502, 0.9806310757379878], [0.03090920237939009, 0.9616188795558812, 0.0058079466708209895, 0.0016639712939076905], [0.028229353243330212, 0.9645663854612779, 0.005222199354083685, 0.001982061841308161], [0.01119746510117679, 0.003751024866157104, 0.008065632537888643, 0.9769858773947775], [0.026880522926773124, 0.006092943148030095, 0.9625691748234183, 0.004457359001778412], [0.009478212534088287, 0.004548159989511859, 0.9821440188571061, 0.0038296085192937334], [0.005556159471103763, 0.006915339973960604, 0.13673546463211708, 0.8507930358228185], [0.003815471131007408, 0.9938753081391375, 0.0014710679870458755, 0.0008381526428092365], [0.005351147303029533, 0.9884187003981815, 0.005877201103399062, 0.00035295109538992643], [0.0071835679251915216, 0.015208696605040003, 0.006854862286473876, 0.9707528730832946], [0.01771443355172565, 0.011987145180414884, 0.9672677615062201, 0.0030306596616393342]], "ideal": "B", "sampled": "B", "correct": true}}
{"type": "result", "data": {"idx": 14, "options": ["Relationship marketing.", "Service mix.", "Market exchanges.", "Service failure."], "probs": [[0.08568488571292938, 0.01293700637908588, 0.8928940827486548, 0.008484025059329941], [0.040019500733927224, 0.010941089902192903, 0.03818724668572124, 0.9108521625781586], [0.09972658350986943, 0.8751058879168276, 0.012288975020286214, 0.012878553453016703], [0.11355943099991758, 0.8523446781043629, 0.025339051584661224, 0.008756839211058258], [0.0781053092715316, 0.02273074757424301, 0.019140808195059842, 0.8800231348591655], [0.16588271187823328, 0.027507192392173203, 0.7914196502634232, 0.015190445366170332], [0.11173642893893802, 0.02532529936816468, 0.8518747447458042, 0.011063526847093153], [0.0769290148846071, 0.029199939938697222, 0.04053927426505611, 0.8533317708116396], [0.05743594103324122, 0.9270004042093052, 0.011134641470060503, 0.004429013187393119], [0.06663138890738077, 0.9055932388237307, 0.020641827107913055, 0.007133545060975532], [0.08365685834728105, 0.04340225635565724, 0.028022003574258943, 0.8449188816228027], [0.11421611179718393, 0.03708195189565317, 0.8309102614748483, 0.017791674732314623], [0.8593712480228494, 0.05002333614483674, 0.048482995656063926, 0.04212242007624993], [0.7956600277335262, 0.05086673852516253, 0.1319355979273661, 0.021537635713945184], [0.8281234091017793, 0.03582260092338174, 0.0914736410468309, 0.04458034882800802], [0.6684667293086234, 0.04077866939252119, 0.20708549970702303, 0.08366910149183242], [0.7913036764820537, 0.10060687137267786, 0.07835105630677358, 0.029738395738494922], [0.7379720045341484, 0.08814228128187455, 0.09237009824551594, 0.08151561583846113], [0.12012640264714095, 0.03839607766535326, 0.020551559551031065, 0.8209259600364748], [0.2227021140926244, 0.04119745610840321, 0.7189273183898881, 0.01717311130908426], [0.1298066560371299, 0.04775502284244912, 0.039589525297522375, 0.7828487957228986], [0.15135016613010682, 0.03887149955116326, 0.7930603997065069, 0.016717934512223014], [0.16137433546411398, 0.8068500408338536, 0.023614681117934053, 0.008160942484098327], [0.1989119406286629, 0.7507178396367724, 0.02734428906570431, 0.023025930568860403]], "ideal": "C", "sampled": "C", "correct": true}}
{"type": "result", "data": {"idx": 15, "options": ["Search marketing.", "Internet advertising.", "Permission-based email marketing.", "Social web marketing."], "probs": [[0.012443322174540666, 0.010156478902454719, 0.9733604055754593, 0.004039793247545272], [0.002206129928389154, 0.002877444462069965, 0.0020087933872628833, 0.992907632122278], [0.0053752802245635375, 0.9928733110186161, 0.0014023528720745295, 0.0003490557847458093], [0.005052555533402282, 0.9934526441649966, 0.001092803936473944, 0.0004019962651271531], [0.0017713401325735573, 0.0018276294976668707, 0.004249306548245732, 0.9921517237215138], [0.012468703318670981, 0.0078031113623398445, 0.9753512189598044, 0.004376966259184822], [0.01642962553407887, 0.009361893916954463, 0.9701187659348245, 0.0040897145141421815], [0.002787935023494625, 0.0018284628949051843, 0.0027880693667732006, 0.992595532614827], [0.006681275493247934, 0.9916294126939988, 0.001275310746904784, 0.0004140009658484255], [0.0060881675949191775, 0.9924082430502709, 0.001126340155457428, 0.00037724909935256976], [0.002539883172184161, 0.0025799889496344146, 0.001718673298227971, 0.9931614544799534], [0.014304180056487174, 0.00938130752396583, 0.972151721030206, 0.004162791289341067], [0.9813117198860926, 0.010241349964880391, 0.007039094675986577, 0.0014078353730404456], [0.9839741402618102, 0.009497429421647956, 0.005411718542451393, 0.0011167116740904866], [0.9814361428478642, 0.011249365641632434, 0.005928308400128566, 0.0013861830103747918], [0.9832836914778524, 0.010587696841109513, 0.005080295690072004, 0.0010483158909660106], [0.9833537667732747, 0.008246279959439946, 0.006944407143154611, 0.0014555460241307172], [0.9817042617834638, 0.008362076896347683, 0.008362480159008978, 0.0015711810611795402], [0.0016133638730043913, 0.0014462653928756816, 0.004454718017094225, 0.9924856526170257], [0.010207102609226726, 0.0075857084991607995, 0.9782719588366141, 0.003935229954998365], [0.001978625458221368, 0.003017155556482948, 0.0015653025383430973, 0.9934389163469526], [0.009571584078792307, 0.009722753567303259, 0.9765241286077262, 0.004181533646178229], [0.004673599112026354, 0.9936127932384721, 0.0012580148928219785, 0.0004555926566795928], [0.0046012081888052924, 0.9936274228979979, 0.001381673525909293, 0.00038969528728753823]], "ideal": "C", "sampled": "C", "correct": true}}
{"type": "result", "data": {"idx": 16, "options": ["Vehicle.", "Courier.", "Transportation.", "Distribution channel."], "probs": [[0.014956586892159927, 0.004855955125537626, 0.01044206537287688, 0.9697453925094256], [0.07813928639383444, 0.011083942421718493, 0.8943977175502579, 0.01637905353418923], [0.012095173842172733, 0.004115380819690298, 0.007809698129799996, 0.975979747108337], [0.04719690684646051, 0.007827117238238156, 0.9334097064110922, 0.011566269404209155], [0.030388539880370137, 0.9602990817085666, 0.005448802880016493, 0.0038635754310467796], [0.03032425214983378, 0.9582670872542116, 0.005437298181273402, 0.005971362314681202], [0.007218422153886183, 0.006174472375660888, 0.011180516721744908, 0.975426588648708], [0.02914811655245869, 0.00848360595624545, 0.9504059513784254, 0.011962326012870384], [0.006388823574084462, 0.0041250886649836045, 0.011213054190142482, 0.9782730334707894], [0.020943266839796068, 0.0060010579791231105, 0.9630070390902602, 0.010048635990820622], [0.015209953869239446, 0.9709182746124756, 0.00853252111142924, 0.005339250306855719], [0.013300289811974376, 0.977213454955349, 0.004669159607223215, 0.004817095525453418], [0.005284132367097082, 0.004811415893439906, 0.013922122761565077, 0.9759823288778979], [0.016372296744054073, 0.006412223828528411, 0.9666448108508996, 0.010570668476517893], [0.006294164047937887, 0.00901627073232587, 0.005731157142744167, 0.9789584079769921], [0.018198508870855886, 0.010051218946335982, 0.9631539430678259, 0.008596329014982229], [0.00662246703825749, 0.9828983916095007, 0.005157855221143669, 0.00532128603109822], [0.006448360978067708, 0.987440151515856, 0.0035061155761441838, 0.0026053718299321165], [0.9423747263601348, 0.032756750238955044, 0.012629198179687847, 0.012239325121222335], [0.9420289598084208, 0.02889706069746017, 0.014083539436021072, 0.01499043995809791], [0.9582347096261956, 0.00954303932143205, 0.019581071024954166, 0.01264117992741812], [0.9675888203206585, 0.007388489632161893, 0.014925135909705603, 0.010097554037474022], [0.9421016765991966, 0.008677262989774413, 0.03326256641019594, 0.015958493900833034], [0.9720701016082306, 0.004295940000383534, 0.016212176467484542, 0.007421781823901376]], "ideal": "D", "sampled": "D", "correct": true}}
