{"type": "result", "data": {"idx": 0, "options": ["Wrong, Wrong", "Wrong, Not wrong", "Not wrong, Wrong", "Not wrong, Not wrong"], "probs": [[0.05320066997771429, 0.554419760010976, 0.28320509403499944, 0.10917447587631017], [0.04786282137324241, 0.39458156403409156, 0.0664669834122473, 0.4910886310804187], [0.09446602495762631, 0.24125523914933214, 0.4579094971014415, 0.20636923869160004], [0.09444427319583922, 0.30971267796738666, 0.16580597938818378, 0.4300370693485904], [0.04785082135883564, 0.12220742063702186, 0.6016224519146393, 0.22831930598950323], [0.05154658023944129, 0.14234627087180682, 0.5047478361340922, 0.30135931265465965], [0.042610892185833325, 0.8167241293704735, 0.0610493755360016, 0.07961560280769164], [0.042645752036631214, 0.6568032420249177, 0.043327379631668, 0.257223626206783], [0.06740181892436257, 0.5385523437915122, 0.292847275704663, 0.1011985614794622], [0.05008398443084771, 0.5643489444339523, 0.04855587777838148, 0.3370111932568185], [0.06623502672021038, 0.13591900162710788, 0.648561701518372, 0.1492842700343097], [0.05203763356256432, 0.12100413350292874, 0.6243081045695587, 0.20265012826494833], [0.0950282109446363, 0.670066565360173, 0.11287041511913813, 0.12203480847605264], [0.0804529028982995, 0.6632303496050653, 0.07213222872292549, 0.18418451867370964], [0.1079004116837099, 0.5068311132492761, 0.26298093989082627, 0.1222875350761877], [0.10015331058464307, 0.4778565692743151, 0.09862640352117606, 0.3233637165198658], [0.09452973305233749, 0.19704179463800303, 0.4171999096453222, 0.2912285625643372], [0.08158533837012176, 0.1810292858964384, 0.36006527330705124, 0.3773201023263886], [0.020483274766961754, 0.8442295928895801, 0.04203560348360004, 0.09325152875985813], [0.019732999589075526, 0.8261113958000246, 0.08309039815364176, 0.07106520635725809], [0.026725605127523058, 0.6179027556755144, 0.22381120917943162, 0.13156042991753092], [0.033715927363389055, 0.45825876508014785, 0.36826221522963304, 0.13976309222683006], [0.01813131489581433, 0.77101388099468, 0.09803089060261032, 0.11282391340689527], [0.017747371990380307, 0.7201290564980166, 0.07130836535332963, 0.19081520605827348]], "ideal": "D", "sampled": "A", "correct": false}}
{"type": "result", "data": {"idx": 1, "options": ["Wrong, Wrong", "Wrong, Not wrong", "Not wrong, Wrong", "Not wrong, Not wrong"], "probs": [[0.05075063758299475, 0.46673528770675354, 0.3750640623806245, 0.10745001222962719], [0.0382770794142487, 0.2873128727207989, 0.05657981483094357, 0.6178302329340088], [0.07320036247532263, 0.1869407766686673, 0.566961727214864, 0.172897133541146], [0.0755368906849055, 0.28068425830352456, 0.1433754541823621, 0.5004033967292079], [0.035864191519212614, 0.0915921665356588, 0.6458494993981667, 0.22669414244696184], [0.03920060425009178, 0.11888828215966069, 0.508473340434199, 0.3334377730560485], [0.0356755276552411, 0.8377904763235445, 0.05882805541471272, 0.06770594050650164], [0.03569320256528185, 0.6037461194773776, 0.04239436216280956, 0.318166315694531], [0.05152355010965123, 0.5805524272158648, 0.2829656737705989, 0.0849583488038851], [0.038881755098499775, 0.5538277380176069, 0.04406767617153958, 0.3632228306123537], [0.05071156698158952, 0.10905591884904943, 0.700198025940286, 0.140034488129075], [0.03866880987686624, 0.09423053657697571, 0.6644712438339397, 0.20262940961221834], [0.07510325535688551, 0.7238239264904015, 0.10759528300864259, 0.09347753504407037], [0.06008965089783852, 0.7320819878186887, 0.06810021009882872, 0.13972815108464404], [0.09620483963719577, 0.4518862664247668, 0.3358475565574492, 0.11606133728058823], [0.0775466216995285, 0.40004897709368775, 0.096525126893099, 0.4258792742136847], [0.06649277208015929, 0.15952296489577367, 0.4616376275826658, 0.3123466353414012], [0.05752791198378543, 0.1401900973066214, 0.3636507757324435, 0.4386312148771497], [0.01810445182867568, 0.8455254652760831, 0.04999350904947478, 0.08637657374576652], [0.0159973868116711, 0.8599262480353109, 0.06735808125605053, 0.05671828379696741], [0.023597379133092993, 0.6086210347135386, 0.24979322076094385, 0.11798836529242461], [0.02742314402435308, 0.45666326275464697, 0.3967840139216082, 0.11912957919939171], [0.018582948686108762, 0.6865429012956854, 0.15319640333699222, 0.14167774658121365], [0.0172513712763006, 0.6274683767054648, 0.10568890466643216, 0.2495913472518024]], "ideal": "A", "sampled": "A", "correct": true}}
{"type": "result", "data": {"idx": 2, "options": ["Wrong, Wrong", "Wrong, Not wrong", "Not wrong, Wrong", "Not wrong, Not wrong"], "probs": [[0.054021547566546264, 0.5206647786324115, 0.3109366757600263, 0.11437699794101598], [0.04706097959133793, 0.36446680128332687, 0.06638176265514444, 0.5220904563701908], [0.07977429388146885, 0.213510433422006, 0.4965050441948048, 0.21021022840172035], [0.08350196045927001, 0.2869724737928114, 0.14890149788937693, 0.48062406775854166], [0.04086722128673849, 0.09804803891631687, 0.6295249588511964, 0.23155978084574824], [0.04534933614241572, 0.12329126617663662, 0.4801278304545011, 0.3512315671264466], [0.043752009742950085, 0.8127899452838431, 0.061711043667093464, 0.08174700120611333], [0.04335529470872684, 0.6371500707734209, 0.04544527929892994, 0.27404935511892237], [0.054511450904849754, 0.6337175014511729, 0.21903139616790965, 0.09273965137606772], [0.04365758984670452, 0.6027245026971462, 0.04576274377104343, 0.30785516358510584], [0.061819129878022246, 0.1191704671305638, 0.6752572378294323, 0.14375316506198174], [0.04602683506545733, 0.10212502262930881, 0.6455452682007997, 0.2063028740044342], [0.10087610705025461, 0.6376059007185422, 0.12361851986290738, 0.13789947226829583], [0.08466495320352788, 0.6256395987350077, 0.08336727071860418, 0.2063281772428602], [0.11743111774654456, 0.4501999254923835, 0.286200061437183, 0.1461688952238889], [0.1045379901028191, 0.3884464348630498, 0.10620758332023339, 0.4008079916138977], [0.0928966742465884, 0.18767871799732244, 0.4099743251081062, 0.30945028254798296], [0.0812303850798548, 0.16411116327939784, 0.34206547643242896, 0.4125929751083184], [0.021736067879661477, 0.828538388411121, 0.04602179512961789, 0.10370374847959955], [0.020274499542517622, 0.8226643249836313, 0.0840458278500015, 0.07301534752384957], [0.025871412392274154, 0.6171342030403391, 0.22352857510790644, 0.1334658093594803], [0.03391689371133254, 0.38217105745854185, 0.4538833413958529, 0.1300287073342727], [0.01753979333011802, 0.7816485992990956, 0.09336111290967886, 0.10745049436110755], [0.017610697369185854, 0.725832414801277, 0.08144197003656131, 0.1751149176929758]], "ideal": "D", "sampled": "A", "correct": false}}
{"type": "result", "data": {"idx": 3, "options": ["Wrong, Wrong", "Wrong, Not wrong", "Not wrong, Wrong", "Not wrong, Not wrong"], "probs": [[0.07496808636112552, 0.44514540828363286, 0.3690791808238912, 0.1108073244313504], [0.05601910149498042, 0.2801055024288091, 0.06153803341048261, 0.6023373625657279], [0.09530399880803264, 0.2017769247356478, 0.5073422268619763, 0.19557684949434334], [0.09130399605237352, 0.24821770003773852, 0.13497181134832373, 0.5255064924615642], [0.04797680320847383, 0.10317772664281752, 0.6126654170312706, 0.236180053017438], [0.04988663922707613, 0.12348579384109465, 0.49615283871411275, 0.3304747281177165], [0.04723456592477486, 0.8243139490069795, 0.05972012893436416, 0.06873135603388142], [0.04663977597784349, 0.6438844559485886, 0.04521369765195745, 0.2642620703216104], [0.0596978024921072, 0.6124593934341928, 0.243645710514857, 0.08419709345884308], [0.04839617103592206, 0.5804908383148601, 0.0454740942498661, 0.32563889629935167], [0.06074053546287599, 0.1134875733169921, 0.6845290625142462, 0.1412428286058857], [0.04753608894260711, 0.10064220244784446, 0.6667079105329583, 0.18511379797659017], [0.09604554336166922, 0.6878941449462672, 0.10550181252193994, 0.11055849907012368], [0.08138706231096633, 0.6814865215377557, 0.06748318420110892, 0.16964323185016905], [0.12180489481966907, 0.3994146644582486, 0.3470604471077228, 0.13171999351435953], [0.1042465038176948, 0.32618868104691273, 0.0949368171676171, 0.4746279978677754], [0.09235715990920337, 0.15712069409940327, 0.4476499256874801, 0.30287222020391324], [0.07539159522973102, 0.136531675722518, 0.354167299154475, 0.433909429793276], [0.019425829417452217, 0.8522730048909255, 0.039864691806062134, 0.08843647378556017], [0.01850462401117947, 0.8508149105508261, 0.07094406600123744, 0.05973639933675698], [0.025080830177266315, 0.6172620870121049, 0.23799456680827227, 0.1196625159023565], [0.03314414097258758, 0.40380570015930767, 0.42988783019200427, 0.1331623285761005], [0.01832572100458252, 0.7671855519979793, 0.10222484741594133, 0.11226387948149678], [0.01815825802286842, 0.692150500899326, 0.0752733761707775, 0.21441786480702815]], "ideal": "B", "sampled": "A", "correct": false}}
{"type": "result", "data": {"idx": 4, "options": ["Wrong, Wrong", "Wrong, Not wrong", "Not wrong, Wrong", "Not wrong, Not wrong"], "probs": [[0.05437726296179429, 0.46251652846187397, 0.3546671959502617, 0.12843901252607007], [0.0453551398066483, 0.32485835772906535, 0.07716944582973767, 0.5526170565345486], [0.08105013096005653, 0.210252586941495, 0.4813506351715697, 0.22734664682687877], [0.08654484832505559, 0.27081158552731305, 0.1890867040185289, 0.45355686202910245], [0.041804364875151344, 0.11725893353409601, 0.5682979098519586, 0.272638791638794], [0.044834024647783355, 0.12575816506903373, 0.5132461552988723, 0.3161616548843106], [0.053748208180994086, 0.7420281487219417, 0.08863436774371145, 0.11558927525335273], [0.049522787696556034, 0.5002065337709551, 0.06069039598014819, 0.3895802824523406], [0.05570437240814451, 0.5989272437670528, 0.23457124215254405, 0.1107971415722587], [0.04554065672023919, 0.5724597551382087, 0.055810279930724106, 0.326189308110828], [0.05700050730061317, 0.12068359687481528, 0.6324483822299838, 0.18986751349458778], [0.04311653158834837, 0.09566750308541395, 0.6852553971166084, 0.17596056810962926], [0.12875641305546, 0.5770950058824146, 0.14592934491086976, 0.14821923605125562], [0.11259957821284686, 0.5808792926117781, 0.09938817095463641, 0.2071329581207387], [0.12893534089632946, 0.4034424544003226, 0.31919289583330934, 0.14842930877003857], [0.11755020214632639, 0.38547144018899476, 0.12913168195794053, 0.36784667560673834], [0.099143381317531, 0.18524782799916892, 0.3801483312023757, 0.3354604593809244], [0.09231043949956616, 0.16980715726879742, 0.3430521913666769, 0.3948302117649595], [0.02503029903733722, 0.7787254759221123, 0.06912106234562451, 0.127123162594926], [0.024177676485881813, 0.7882943278779467, 0.10180562871835051, 0.08572236681782096], [0.026710389051866595, 0.5892678655640209, 0.2418537704513683, 0.14216797483274418], [0.03550385857555669, 0.36998943403447665, 0.46050444647696515, 0.1340022608130015], [0.02004357896755817, 0.7177331794472964, 0.12089387166639831, 0.14132936981874714], [0.02027089011377336, 0.6609170000188765, 0.12036977998604036, 0.19844232978130968]], "ideal": "D", "sampled": "A", "correct": false}}
{"type": "result", "data": {"idx": 5, "options": ["Wrong, Wrong", "Wrong, Not wrong", "Not wrong, Wrong", "Not wrong, Not wrong"], "probs": [[0.0785668813676612, 0.38077185688895576, 0.3868144567464746, 0.1538468048969084], [0.05488974748082214, 0.2538418963585985, 0.07273381649693691, 0.6185345395636425], [0.09400673629923673, 0.16760516914264453, 0.5163416496747708, 0.22204644478334792], [0.08247224862835242, 0.2009851604352303, 0.12578862716804773, 0.5907539636683695], [0.049946433666490035, 0.09934467589502118, 0.6086426551547354, 0.24206623518375336], [0.0509090188636605, 0.12602083102051975, 0.4468406636527226, 0.3762294863630971], [0.05645284479685399, 0.7672834048384839, 0.07717627827492032, 0.09908747198974178], [0.05198594317773773, 0.6043723382591563, 0.053647798948341964, 0.289993919514764], [0.07531104684976911, 0.45422601422452624, 0.35380210597565914, 0.11666083285004547], [0.05546001592290196, 0.47915246239664927, 0.06188468166051423, 0.4035028399199345], [0.0689740573985165, 0.12106838436907966, 0.6444717837068229, 0.165485774425581], [0.053869208974162884, 0.11767683659039481, 0.579329716073239, 0.2491242382622033], [0.07846225110746285, 0.7215794377915156, 0.09920049531660265, 0.10075781568441888], [0.06994866995998118, 0.7176346609849137, 0.06887533925532016, 0.14354132969978495], [0.11381570690790033, 0.31923875559164455, 0.42963652319569023, 0.13730901420476488], [0.09415965736817704, 0.32868836061398315, 0.11360116555749451, 0.4635508163603453], [0.083795539402066, 0.15414459886987886, 0.4602455760060036, 0.3018142856220516], [0.07193518804446472, 0.13441342815078744, 0.43393378728413845, 0.3597175964206094], [0.028276432743329995, 0.8394295746280531, 0.04519153903685928, 0.08710245349175759], [0.027439849834666078, 0.8145930241762845, 0.08453071809339037, 0.07343640779565899], [0.035119290021078636, 0.6323638385741942, 0.2118294678898311, 0.12068740341489607], [0.03830078944522898, 0.5287729358210541, 0.30130615428817803, 0.1316201203455389], [0.02162405521049562, 0.798905916503448, 0.08553508855715351, 0.09393493962890286], [0.023355621755188072, 0.7266221614698795, 0.09531766139761982, 0.15470455527731264]], "ideal": "C", "sampled": "A", "correct": false}}
{"type": "result", "data": {"idx": 6, "options": ["Wrong, Wrong", "Wrong, Not wrong", "Not wrong, Wrong", "Not wrong, Not wrong"], "probs": [[0.06341019035948792, 0.4613191015065668, 0.37071313069357514, 0.10455757734037016], [0.05192223268112225, 0.29882267559792564, 0.07323484231149213, 0.5760202493094599], [0.09712100121831486, 0.24039912099526323, 0.4781492329406686, 0.18433064474575336], [0.09495407733287782, 0.30179773633897794, 0.16410159451730172, 0.4391465917108425], [0.04746651472173886, 0.11387889406887496, 0.6156843074658133, 0.22297028364357296], [0.05214814805794153, 0.14177130542321853, 0.5105925994509805, 0.29548794696785946], [0.033496213333929936, 0.8373428863048878, 0.06357305709440629, 0.06558784316677592], [0.03358169679490006, 0.6851740981709467, 0.04811125509330867, 0.23313294984084457], [0.03803123845035714, 0.7289400101345512, 0.16522295635368625, 0.06780579496140532], [0.032864942723778046, 0.6918392280529728, 0.043547046089922214, 0.23174878303332694], [0.05493442468088965, 0.11630592719170008, 0.6906370807208713, 0.13812256730653902], [0.042859528369117626, 0.10608751365259196, 0.670587661313216, 0.18046529656507435], [0.07528740871672174, 0.7486297302628744, 0.08941791763118659, 0.08666494328921732], [0.06515004128460512, 0.7456450309988287, 0.06936126615076645, 0.11984366146579964], [0.10831693397397046, 0.4632477690822397, 0.3234345268367967, 0.10500077000699314], [0.0969992467291792, 0.43476126954226485, 0.11886809322285737, 0.3493713904056986], [0.09028975530124188, 0.17958029835245845, 0.49589609355890757, 0.23423385268739208], [0.07556223868568109, 0.15998283027002771, 0.41500037904404075, 0.3494545519002505], [0.02132288857617626, 0.8517861095702391, 0.04514590134862051, 0.08174510040496408], [0.020293135420734684, 0.8363820407043944, 0.08815875002037643, 0.05516607375449452], [0.026854430691848438, 0.6506690101371365, 0.21458212578224944, 0.10789443328876556], [0.03456269563924342, 0.4344575090478365, 0.42112839060860513, 0.10985140460431499], [0.01814303621706694, 0.7836507076350129, 0.1060617798832564, 0.0921444761646638], [0.017623092911779287, 0.7377765746504772, 0.09234889561374535, 0.15225143672399816]], "ideal": "D", "sampled": "A", "correct": false}}
{"type": "result", "data": {"idx": 7, "options": ["Wrong, Wrong", "Wrong, Not wrong", "Not wrong, Wrong", "Not wrong, Not wrong"], "probs": [[0.05716198682213414, 0.4224208890969333, 0.4031130075051599, 0.11730411647577264], [0.04365041041458632, 0.28915357155957744, 0.06452422492269815, 0.6026717930031381], [0.07246390891387412, 0.197000805946874, 0.527270924856781, 0.20326436018247093], [0.07350332201311975, 0.2689018191636554, 0.1310677645433993, 0.5265270941798255], [0.038489450049474856, 0.10142034129496413, 0.5928807323982842, 0.2672094761572768], [0.04379333555260461, 0.1287349909415256, 0.49354571099114225, 0.3339259624147275], [0.05775610658166972, 0.7728250428989725, 0.08404988487974625, 0.08536896553961154], [0.05524016895620893, 0.5493075230566677, 0.057005394032092316, 0.338446913855031], [0.057706114113916, 0.670867624330741, 0.18342152304387777, 0.08800473841146521], [0.04801010909237876, 0.6732614911638337, 0.04237812185668111, 0.2363502777871064], [0.0655489643265991, 0.13037410474288652, 0.6418144750088467, 0.16226245582166765], [0.05573956770408665, 0.1161841544750601, 0.648119835395531, 0.17995644232532226], [0.08020699887974171, 0.6612062552089837, 0.13434317906858947, 0.12424356674268518], [0.06614078131286026, 0.6474951198419943, 0.07613969933849772, 0.21022439940664778], [0.09543778248618974, 0.45535213356035525, 0.30813823520315137, 0.14107184865030367], [0.08381727957159626, 0.4392174714481084, 0.11281037906456833, 0.364154869815727], [0.07194785617635213, 0.1647105649829321, 0.4408325019720254, 0.32250907676869034], [0.06366982073185097, 0.1480563972721311, 0.42181117747189595, 0.366462604424122], [0.02342076010032983, 0.8128676903737442, 0.051968309345528124, 0.11174324008039785], [0.022104751398829302, 0.7915439038362208, 0.09754241293267917, 0.08880893173227081], [0.026938004466689716, 0.6326209317867781, 0.2119148079315903, 0.12852625571494186], [0.03674540169697573, 0.37699242970252006, 0.4619413923566972, 0.12432077614380703], [0.01652446986350845, 0.8215169767347728, 0.06536340873510989, 0.09659514456660886], [0.017686019607955624, 0.7639198686644878, 0.07927331726276057, 0.13912079436479594]], "ideal": "D", "sampled": "A", "correct": false}}
{"type": "result", "data": {"idx": 8, "options": ["Wrong, Wrong", "Wrong, Not wrong", "Not wrong, Wrong", "Not wrong, Not wrong"], "probs": [[0.08084096156437215, 0.458037252824603, 0.36806541915540186, 0.09305636635562296], [0.0668357086605213, 0.35022881493110136, 0.05717643701020161, 0.5257590392981757], [0.12422956427886761, 0.22148660978252832, 0.47631161904177355, 0.17797220679683048], [0.11747446872772604, 0.2907877504435358, 0.1270445838256572, 0.4646931969030809], [0.06332007559053417, 0.10772384300779507, 0.5823774120233685, 0.24657866927830227], [0.06280541138592788, 0.13091627666909406, 0.501890934869037, 0.30438737697594104], [0.046010956209175065, 0.8547451599741323, 0.04460097469398452, 0.05464290902270819], [0.04553422076912369, 0.7349292820555443, 0.036592939682765384, 0.1829435573925666], [0.07206594198221525, 0.5668792724042496, 0.2806504666524617, 0.08040431886107349], [0.05600429203565475, 0.5928145911464909, 0.043623639353784396, 0.30755747736406996], [0.07232374858856598, 0.10360823802228353, 0.6971242582948217, 0.12694375499432872], [0.061173407701289324, 0.11252727884371562, 0.5805167653878452, 0.24578254796714977], [0.07845878015726165, 0.7924484019345039, 0.06505157313206167, 0.06404124467617278], [0.07259832607164853, 0.7805469137048342, 0.04761640798018452, 0.09923835214333275], [0.14009038058829257, 0.3749304730122018, 0.380861253934172, 0.10411789236533366], [0.11439313504713365, 0.35793654727053004, 0.08910149733284924, 0.43856882024948707], [0.10911647310593676, 0.16127917289074153, 0.5125762857921169, 0.21702806811120484], [0.0836720342454695, 0.14234663968887937, 0.38094968735192514, 0.393031638613726], [0.01949912916493833, 0.8965373595868197, 0.029274346094584455, 0.05468916505365749], [0.018590653832744303, 0.8957856546876816, 0.04747663197964541, 0.038147059399928684], [0.033826923848973865, 0.5459723905383238, 0.31599949845493386, 0.10420118705776846], [0.03240526996701448, 0.5230250611353142, 0.3123274298454546, 0.1322422389522167], [0.020908844003200318, 0.7846319286387999, 0.11304160619381716, 0.08141762106418253], [0.018166460299618804, 0.7487266571674437, 0.06341275738434948, 0.169694125048588]], "ideal": "A", "sampled": "A", "correct": true}}
{"type": "result", "data": {"idx": 9, "options": ["Wrong, Wrong", "Wrong, Not wrong", "Not wrong, Wrong", "Not wrong, Not wrong"], "probs": [[0.05907025538140569, 0.4646614772188118, 0.3676096186880858, 0.10865864861169669], [0.041687670625068035, 0.28490882790694216, 0.05108607502792196, 0.6223174263400678], [0.08683525868119248, 0.23606183853904342, 0.48442440591196795, 0.19267849676779616], [0.08248356352593232, 0.31622369507773135, 0.13391312063993047, 0.4673796206564058], [0.04214704004889184, 0.11105381613564226, 0.6004098012412461, 0.24638934247421976], [0.04192358067554107, 0.12323362573194677, 0.5437949056173256, 0.2910478878751866], [0.026276614024905758, 0.8702021078230073, 0.046123507500232544, 0.05739777055185433], [0.02618011572564529, 0.6966687841574961, 0.03258724419296127, 0.24456385582389728], [0.03577262415396466, 0.6750161420804817, 0.21916418530657586, 0.07004704835897778], [0.02774989149442301, 0.6027015267394824, 0.03145057241451433, 0.3380980092515803], [0.0429423606791225, 0.09830343868797624, 0.7264675009487906, 0.13228669958411066], [0.031779211895338624, 0.08775144030008418, 0.6795989262736698, 0.20087042143090744], [0.08033024578729325, 0.7387430722179102, 0.08552244368474618, 0.09540423821005034], [0.06847239565610257, 0.7247744498888531, 0.05949811508090096, 0.14725503927414338], [0.11942489744180902, 0.3736756602421873, 0.3855765615920877, 0.12132288062391601], [0.09163107989246091, 0.31985117313823713, 0.09308995565117059, 0.49542779121813135], [0.08278587706411164, 0.17803377441872334, 0.45466641942086256, 0.28451392899630246], [0.06519976451936335, 0.1516084418028512, 0.2702864786797627, 0.5129053148980227], [0.014812908237460053, 0.8882886270129151, 0.02946253328498871, 0.06743593136463616], [0.013140409155557574, 0.8929075495338912, 0.05532846538952371, 0.038623575821027586], [0.021366141025854282, 0.6147649619638528, 0.26032386633645016, 0.10354503057384278], [0.027828223226403204, 0.34437699469444955, 0.5011034803395538, 0.12669130163959347], [0.013991075840136327, 0.7759500296894773, 0.10667302667040343, 0.10338586769998283], [0.01335732241293352, 0.6851316562144099, 0.06473477808605282, 0.23677624318660376]], "ideal": "C", "sampled": "A", "correct": false}}
{"type": "result", "data": {"idx": 10, "options": ["Wrong, Wrong", "Wrong, Not wrong", "Not wrong, Wrong", "Not wrong, Not wrong"], "probs": [[0.05559746900075875, 0.45834427989851373, 0.3683420354572199, 0.11771621554350757], [0.04381201092250631, 0.3668755631550344, 0.063762710204633, 0.5255497156178263], [0.08192724794766038, 0.22979723085994233, 0.47903117889614205, 0.20924434219625526], [0.08331305843179734, 0.3194163560330469, 0.16064157188722317, 0.4366290135479326], [0.04650078496805884, 0.1225297640989674, 0.575590391326184, 0.2553790595067898], [0.04766734511422734, 0.14457089658979416, 0.49687237671739765, 0.31088938147858086], [0.04531553709073722, 0.8032879142782582, 0.06803987843563383, 0.08335667009537072], [0.04276790841986223, 0.638417959149415, 0.048473689700286066, 0.27034044263043666], [0.05526365298028745, 0.6325065445825763, 0.2152252479038093, 0.09700455443332696], [0.046778160202702534, 0.5972757823675428, 0.04606440577075421, 0.30988165155900055], [0.06712399122383542, 0.14211657006586434, 0.6271766739228527, 0.16358276468744756], [0.053771099811721186, 0.11745947422020188, 0.6351056405876757, 0.1936637852804012], [0.11165492897366333, 0.6228180480660694, 0.13898542418442028, 0.12654159867584697], [0.09115399079774765, 0.6528727168356904, 0.08564842172420277, 0.17032487054235923], [0.12376867233469192, 0.44575425978017735, 0.29237708446439936, 0.1380999833207313], [0.10529918850198541, 0.4297350602754405, 0.10866907140533656, 0.35629667971723755], [0.09854476152865108, 0.2054121345076189, 0.3778671323875215, 0.3181759714762085], [0.08716826820121541, 0.18169997495309478, 0.33423718557713, 0.3968945711685598], [0.019546994901082634, 0.8312106116193609, 0.05150689919614763, 0.0977354941834088], [0.017184814340477726, 0.8543404292149687, 0.07123760838520272, 0.057237147959350906], [0.023518754386028497, 0.6357110201277316, 0.22317427602389792, 0.117595949362342], [0.0321483782723848, 0.4301737636185947, 0.41051686798133324, 0.12716099002768724], [0.01656976510864854, 0.7618575350875049, 0.10473726146243086, 0.11683543824141569], [0.016350362874618316, 0.7062244598739358, 0.08435277859943033, 0.19307239855201558]], "ideal": "D", "sampled": "A", "correct": false}}
{"type": "result", "data": {"idx": 11, "options": ["Wrong, Wrong", "Wrong, Not wrong", "Not wrong, Wrong", "Not wrong, Not wrong"], "probs": [[0.054699576978134046, 0.5030776820344487, 0.32996666182283013, 0.1122560790645871], [0.044084289765808186, 0.3929750132589638, 0.07384580760457447, 0.4890948892706536], [0.07947889655421939, 0.2061826422143729, 0.5265940388019243, 0.1877444223294833], [0.08264619794670153, 0.302358297210809, 0.1750168489115992, 0.4399786558308903], [0.04331223213030467, 0.11960909291633891, 0.617075968153982, 0.22000270669937436], [0.04806751438570112, 0.15278698673195995, 0.48562750758173523, 0.3135179912006037], [0.0406283691367788, 0.8161106552837022, 0.0649376499413274, 0.07832332553819156], [0.03891850949556101, 0.648117055707179, 0.04695582319392356, 0.2660086115033364], [0.048391652979798146, 0.6577311378044054, 0.21024917768910067, 0.08362803142669577], [0.03706252891851587, 0.6778753298159766, 0.043341676985732644, 0.24172046417977477], [0.062253166679622246, 0.14476242821813132, 0.6289349864047844, 0.16404941859746197], [0.04819775408171754, 0.11745615389853481, 0.655239050436352, 0.1791070414833956], [0.08191349051395895, 0.7076898548904975, 0.10519972795687164, 0.10519692653867184], [0.07084935052208882, 0.7156149041590495, 0.06352122777778638, 0.15001451744107533], [0.10336016708532265, 0.46328180333389585, 0.3086549295376796, 0.12470309994310187], [0.09112290699418195, 0.47750722511585325, 0.10823620593521381, 0.323133661854751], [0.08673138622906516, 0.2180744225054533, 0.38278173412631844, 0.31241245703916304], [0.07587770202270508, 0.18782843227679813, 0.4167618657955581, 0.3195319998049387], [0.020257974607463976, 0.8349591726056506, 0.052553819092895505, 0.0922290335939899], [0.02020449936187878, 0.8071329592851314, 0.09640476851691362, 0.07625777273607616], [0.023125109373370933, 0.675880467746379, 0.19065732577308075, 0.11033709700716934], [0.032631366955483666, 0.4576061001319134, 0.39761819839050516, 0.11214433442209777], [0.015762878844551083, 0.8085430399207008, 0.07289832951905442, 0.10279575161569372], [0.017157243786714196, 0.7410965061707203, 0.1003041578396113, 0.14144209210295422]], "ideal": "B", "sampled": "A", "correct": false}}
{"type": "result", "data": {"idx": 12, "options": ["Wrong, Wrong", "Wrong, Not wrong", "Not wrong, Wrong", "Not wrong, Not wrong"], "probs": [[0.06480754166193431, 0.44991046185762734, 0.3848875164600769, 0.10039447992036139], [0.052941214485168774, 0.32434558985992895, 0.07949458091467866, 0.5432186146402236], [0.08580476853738067, 0.2091047630183265, 0.5176346340081621, 0.18745583433613064], [0.09208937527608775, 0.29731296825461556, 0.16421964395893326, 0.4463780124103634], [0.0433964421542601, 0.09480168457569584, 0.637902841551078, 0.22389903161896604], [0.04616803709826157, 0.11977003602804623, 0.5804932756178232, 0.253568651155869], [0.043579647723381354, 0.8223498891697215, 0.06442089714170722, 0.06964956586518989], [0.04223294141053441, 0.6504506380930655, 0.052572466815302414, 0.2547439535810977], [0.04655021887831957, 0.6630654457864471, 0.20867042630072935, 0.08171390893450399], [0.037581051787379686, 0.645708427237035, 0.04751866576676233, 0.2691918551088229], [0.05730427663329539, 0.10216919750391912, 0.7093306473776555, 0.13119587838512994], [0.04295668846587472, 0.09531519029040837, 0.6721629053910605, 0.18956521575265636], [0.07627637677318702, 0.7467236049278416, 0.08781039819387053, 0.08918962000510079], [0.06423283511278322, 0.7467374371751381, 0.06324856123996359, 0.12578116637211512], [0.10819409625351169, 0.34388344964100104, 0.42140241825237273, 0.12652003575311457], [0.0879189453031042, 0.30690440761137905, 0.11469374681379164, 0.4904829001717251], [0.08222163212798161, 0.15125022238471905, 0.4883113496000826, 0.27821679578721675], [0.0652819045861845, 0.1278354211746165, 0.4192002256451305, 0.38768244849406847], [0.018034674710799208, 0.869021170443812, 0.03818551904027099, 0.07475863570511782], [0.017974216355268195, 0.8526796038141543, 0.0722195724160307, 0.057126607314546794], [0.02478879342053345, 0.619697828362335, 0.25434677132257794, 0.10116660679455367], [0.03053866121725862, 0.40864148971991165, 0.44189435256287324, 0.1189254963999565], [0.01670528153296306, 0.7801930671092582, 0.10234732619849601, 0.10075432505928276], [0.016248118675488647, 0.7128690123434558, 0.09063826804351569, 0.1802446008375399]], "ideal": "C", "sampled": "A", "correct": false}}
{"type": "result", "data": {"idx": 13, "options": ["Wrong, Wrong", "Wrong, Not wrong", "Not wrong, Wrong", "Not wrong, Not wrong"], "probs": [[0.07210293680091899, 0.4557583501389225, 0.3720192153386989, 0.10011949762145957], [0.05860676703175103, 0.3071188674130712, 0.060481839777170913, 0.5737925256780069], [0.1009996414381487, 0.19777201703513872, 0.5211441075621676, 0.18008423386454497], [0.10204963080906711, 0.27744137411200065, 0.14852492067148423, 0.471984074307448], [0.05415345375500539, 0.09655389224723743, 0.6103155635071268, 0.23897709039063042], [0.054727890259074256, 0.12529373957675166, 0.5194026537053942, 0.3005757163587799], [0.04930444953259859, 0.8210525756566995, 0.0643175710470008, 0.06532540366370106], [0.0515006377347087, 0.6473826379496594, 0.051512052023501696, 0.24960467219213012], [0.06946952226244969, 0.600176894594203, 0.24252139074037826, 0.08783219230296908], [0.0498294833985022, 0.6462672400295226, 0.046822540806189916, 0.2570807356657852], [0.07570656964081655, 0.11189960437118482, 0.6855879868122505, 0.12680583907574805], [0.0558406178818236, 0.10433567819581582, 0.6595415791732673, 0.18028212464909332], [0.08518381018599941, 0.7245209436781604, 0.09960650060881744, 0.09068874542702271], [0.07528815978669448, 0.714365058646072, 0.07185232428877694, 0.13849445717845657], [0.13844903534118097, 0.36480348221010017, 0.3764377432317416, 0.12030973911697718], [0.11188393996854275, 0.3556083791438033, 0.11017407639972435, 0.4223336043879296], [0.09774610253569387, 0.17427377141351547, 0.44508477377784716, 0.2828953521729435], [0.08212873655555047, 0.15107945308399257, 0.36245823992734766, 0.4043335703331093], [0.021008083477332976, 0.8658611725194956, 0.03864514433218133, 0.07448559957099014], [0.01927768489132193, 0.8591022714624351, 0.062236921615853126, 0.05938312193038985], [0.03041342532959156, 0.5829434535409665, 0.2753843731530239, 0.11125874787641794], [0.034432706642784416, 0.45360113706526894, 0.3820048996351277, 0.12996125655681895], [0.02092031602807168, 0.737516829973129, 0.10298725350831019, 0.1385756003904892], [0.021638106955623966, 0.6627536538838507, 0.08295907233867215, 0.23264916672185326]], "ideal": "A", "sampled": "A", "correct": true}}
{"type": "result", "data": {"idx": 14, "options": ["Wrong, Wrong", "Wrong, Not wrong", "Not wrong, Wrong", "Not wrong, Not wrong"], "probs": [[0.06436546338050034, 0.4132538262566083, 0.3943606434177574, 0.12802006684513398], [0.053201531866776064, 0.315911638857437, 0.08503150622324046, 0.5458553229525465], [0.08708130502514473, 0.16527017826223078, 0.5419613678065281, 0.20568714880609634], [0.09060349654527725, 0.25019924711768626, 0.1693088485440201, 0.4898884076930164], [0.04665027990580612, 0.09424922727414937, 0.6146382276714326, 0.24446226504861188], [0.04718763556558517, 0.11864628338544796, 0.5750168179524417, 0.25914926299652513], [0.04781555383919351, 0.7962592839398442, 0.07067752628811734, 0.08524763583284486], [0.04827947716277003, 0.6164463505243605, 0.05303379302920647, 0.282240379183663], [0.06174818122233079, 0.5504026473925754, 0.28114340020672723, 0.10670577107836661], [0.044840365476742236, 0.6094661927751213, 0.05325997227918484, 0.2924334693689517], [0.07161590349530414, 0.1180889141726286, 0.638470282513574, 0.17182489971849327], [0.052250666454772436, 0.10556163244526844, 0.6569187991812004, 0.18526890181875866], [0.06274014290047161, 0.7643810593360001, 0.08576566895066091, 0.08711312871286742], [0.0553726305467985, 0.7764799171613008, 0.05452068643890541, 0.1136267657529952], [0.09823752645948061, 0.37661947673907276, 0.40094314806793657, 0.12419984863351005], [0.08889030796727203, 0.4046952188309931, 0.11415612121507573, 0.39225835188665914], [0.08508496920848575, 0.14703201084675344, 0.49744282279649304, 0.27044019704826777], [0.06791256519277535, 0.11920573827637182, 0.5178415890527845, 0.2950401073780683], [0.025123502775859414, 0.8320309425949026, 0.05236735880930796, 0.09047819571993], [0.024917074287935093, 0.8124012592338112, 0.09703067978337701, 0.0656509865948766], [0.029509749199402493, 0.6510239414483504, 0.20808968079404802, 0.11137662845819912], [0.04157328822057717, 0.37640576533815506, 0.4758515009624789, 0.10616944537878882], [0.01819134063221567, 0.8234496056596331, 0.07423963135928174, 0.08411942224886948], [0.020072508077895738, 0.7532612484207416, 0.09577070670960183, 0.1308955366917608]], "ideal": "D", "sampled": "A", "correct": false}}
{"type": "result", "data": {"idx": 15, "options": ["Wrong, Wrong", "Wrong, Not wrong", "Not wrong, Wrong", "Not wrong, Not wrong"], "probs": [[0.07954593332194403, 0.36218221083181645, 0.43695352178410185, 0.12131833396213766], [0.055021612021846696, 0.262540463001877, 0.06236997363841713, 0.6200679512378592], [0.09422071811611382, 0.1903642075237062, 0.5095693354640355, 0.20584573879614448], [0.09964376835487888, 0.275183830757992, 0.1496482662654518, 0.4755241345216773], [0.05082880313622494, 0.11456753269716005, 0.5640270688415783, 0.2705765952250368], [0.05366864254789713, 0.14365608033800337, 0.49375279592079624, 0.3089224810933032], [0.05007388758821106, 0.8082321195066267, 0.06532820985563743, 0.07636578294952483], [0.04900061765941419, 0.5970228976571652, 0.049017184025554945, 0.30495930055786563], [0.05641419073172314, 0.635690552835784, 0.2231884897179963, 0.0847067666144966], [0.04588598008929452, 0.5859048481820731, 0.04963065649119502, 0.31857851513743735], [0.06218750724179999, 0.12564130040208382, 0.6482923754728168, 0.16387881678329935], [0.05118312055515046, 0.11357102795830934, 0.6537519242799376, 0.18149392710660256], [0.076350855059473, 0.7132410713696871, 0.1043867153910779, 0.10602135807976196], [0.06522258370462505, 0.7235406040421785, 0.06422873585773957, 0.14700807629545698], [0.09028643099697285, 0.5445699528933398, 0.2455056534311344, 0.11963796257855293], [0.078160673372082, 0.5177693962533073, 0.08999234437042582, 0.3140775859041849], [0.08762347148131096, 0.19142128953110168, 0.4053234548161194, 0.3156317840714679], [0.07533985390939343, 0.16458697511375156, 0.3948965583819488, 0.3651766124949062], [0.022413264289841927, 0.8280865898470524, 0.04745873294419116, 0.10204141281891445], [0.020622048889534464, 0.8367858516432851, 0.07906656137138465, 0.06352553799579574], [0.032084952678098785, 0.5512836513346084, 0.2772420613498675, 0.13938933453742525], [0.04175289906529334, 0.2853642531361835, 0.5501472599320084, 0.12273558776651469], [0.019866317212587033, 0.7692049626355318, 0.09479538209093298, 0.11613333796094812], [0.021856956344571687, 0.6800087144291534, 0.10930016717190419, 0.1888341619543707]], "ideal": "A", "sampled": "A", "correct": true}}
{"type": "result", "data": {"idx": 16, "options": ["Wrong, Wrong", "Wrong, Not wrong", "Not wrong, Wrong", "Not wrong, Not wrong"], "probs": [[0.06240824935948943, 0.5391776199651115, 0.3170074309608215, 0.0814066996145776], [0.05332528213102675, 0.4396126400869353, 0.06742547652719122, 0.4396366011548467], [0.09212948243695866, 0.2504627965071257, 0.49819269028997415, 0.15921503066594148], [0.09411176643740897, 0.3552226854215988, 0.148103361863859, 0.40256218617713324], [0.04804926683963234, 0.12464725830671285, 0.6430814789738244, 0.18422199577983037], [0.04916396590087018, 0.15626593956976292, 0.5287383636679496, 0.2658317307614173], [0.041749913544882784, 0.8518243329115163, 0.05196805616955369, 0.05445769727404722], [0.03874823849276504, 0.742690854353767, 0.0393667409350778, 0.17919416611839015], [0.06141635591916934, 0.5919228019145439, 0.2627007286673127, 0.08396011339897404], [0.04515558209166436, 0.613744093723556, 0.04660071163756155, 0.29449961244721806], [0.06244652764207411, 0.12615807447183736, 0.6928749731449437, 0.1185204246411448], [0.047880321043283415, 0.11851664636880749, 0.6611546100001061, 0.172448422487803], [0.09603860299847718, 0.7322137409626405, 0.0945668525494456, 0.07718080338943675], [0.08757553156152291, 0.7219443858396566, 0.0726160088567842, 0.11786407364203626], [0.1341737489585421, 0.48322271015800183, 0.2797086211477063, 0.10289491963574977], [0.11795896729984595, 0.431522146998487, 0.10911991852622487, 0.3413989670754422], [0.10865088615604172, 0.21275468263545097, 0.4298370204314666, 0.24875741067704069], [0.09101686693575427, 0.19270856820137858, 0.3330026889483124, 0.38327187581455474], [0.01783611798449485, 0.8867215118354257, 0.03603477372970241, 0.05940759635037705], [0.01695657458148554, 0.8834496406532402, 0.05827392047530605, 0.041319864189968206], [0.028242821028851322, 0.6134114895151969, 0.2597581460426166, 0.09858754331333516], [0.03279524387728069, 0.4457414661943205, 0.39960065036437786, 0.12186263946402098], [0.018339159803168158, 0.7798426906817626, 0.10721059288443324, 0.09460755653063599], [0.017711542413016687, 0.7186690514660264, 0.08190831480169543, 0.18171109121926146]], "ideal": "D", "sampled": "A", "correct": false}}
{"type": "result", "data": {"idx": 17, "options": ["Wrong, Wrong", "Wrong, Not wrong", "Not wrong, Wrong", "Not wrong, Not wrong"], "probs": [[0.04975413230345994, 0.4231851478855452, 0.4166623130020157, 0.11039840670897914], [0.04052074937831343, 0.30415349742480163, 0.07811915012235345, 0.5772066029745315], [0.07840659760669345, 0.2377868532072212, 0.4804030239251797, 0.20340352516090565], [0.08046894014474544, 0.29901219302442295, 0.1785689794412196, 0.441949887289612], [0.03643753711025892, 0.1071072655759866, 0.62613170633017, 0.23032349088358442], [0.039515704501427995, 0.1255958843939457, 0.5288412649228017, 0.3060471460818246], [0.03538941459788336, 0.8181845240153066, 0.074930024328412, 0.07149603695839801], [0.037094685900266745, 0.6373292755642282, 0.05569467278985535, 0.26988136564564963], [0.043151193005764636, 0.644124279019261, 0.23698135071085388, 0.07574317716412057], [0.037032826213705614, 0.646288726007474, 0.05142434847709445, 0.265254099201726], [0.04716916381841083, 0.1131616830712644, 0.6825500726017278, 0.15711908040859687], [0.03902541594884009, 0.10123186349558061, 0.6706072344729471, 0.1891354859826321], [0.08438157971565328, 0.7176846807649934, 0.10668325343642286, 0.09125048598293044], [0.07091228657826963, 0.705124570893347, 0.08291667818814967, 0.14104646424023365], [0.10714287815342335, 0.42378895523358234, 0.3513747970846261, 0.1176933694283682], [0.09493847440299717, 0.41892281965849976, 0.12777721214178592, 0.35836149369671716], [0.07723576632290427, 0.18821339447563318, 0.4732196663831787, 0.2613311727182839], [0.07083855779769609, 0.17810513608180029, 0.40772370715009015, 0.34333259887041345], [0.017296618654368188, 0.8734352994505135, 0.04085356186916258, 0.06841451992595572], [0.015265401223781025, 0.8734983074760398, 0.06842072950482528, 0.042815561695353804], [0.020072457449987244, 0.6966483293840426, 0.18751075058651312, 0.09576846247945695], [0.028724262434493032, 0.4423840931316197, 0.4221576443969792, 0.10673399993690803], [0.015757871702090632, 0.783391590430899, 0.11827983639912752, 0.08257070136788286], [0.015098508277159845, 0.7506141577959373, 0.09543487322007704, 0.13885246060682582]], "ideal": "C", "sampled": "A", "correct": false}}
