{"type": "result", "data": {"idx": 0, "options": ["essential to our existence", "unimportant to most people", "not essential to our existence", "rarely viewed"], "probs": [[0.17985691246292704, 0.10248987546937846, 0.6085634179010467, 0.10908979406664782], [0.09895366281840608, 0.1070043875616419, 0.3145078969505649, 0.4795340525693871], [0.05902153230977848, 0.8538988795994946, 0.03580084056868456, 0.051278747422042296], [0.05498790433148058, 0.7832092204348653, 0.10766749226338207, 0.054135382870272065], [0.10487890398763229, 0.2678331474369131, 0.13468025824094465, 0.49260769023450995], [0.14064234493756542, 0.152082100495389, 0.6206278800343727, 0.08664767443267282], [0.1368106408604672, 0.4416621178879781, 0.3777992300304229, 0.043728011121131796], [0.06143822458023024, 0.7844364683130758, 0.055946033207787495, 0.0981792737989065], [0.10506816186361236, 0.041797201231592286, 0.8265693160494577, 0.02656532075533765], [0.050665789291146755, 0.039462377117025015, 0.17685491174283305, 0.7330169217489951], [0.07390232467785629, 0.06032312121475415, 0.6485596314711839, 0.21721492253620564], [0.033010939483757246, 0.04044859382133523, 0.08834741111055702, 0.8381930554843505], [0.07707715500308106, 0.9101375295419377, 0.00684174238143361, 0.005943572973547556], [0.06460764943341381, 0.9202304395836653, 0.009604064657285926, 0.005557846225634933], [0.09296767351633299, 0.01318734236097342, 0.8822087101636097, 0.011636273859083838], [0.1682085912409324, 0.027036414151337257, 0.12898152464728288, 0.6757734698604475], [0.14334738253113646, 0.03568636253119279, 0.7996594309007165, 0.021306823936954326], [0.05603448558712812, 0.02606037764239449, 0.013520423044542734, 0.9043847136259346], [0.20741678154132495, 0.17467326893629506, 0.2242905132459668, 0.3936194361764132], [0.16397463785037858, 0.09056224403184293, 0.6692076125307947, 0.07625550548698376], [0.08338739008139438, 0.04326501131841401, 0.6357961916131123, 0.23755140688707935], [0.02959455964891725, 0.023781721257415556, 0.08171846321026371, 0.8649052557834035], [0.11241836593475973, 0.033233921228737966, 0.8307835869230229, 0.02356412581347935], [0.03087502306158421, 0.02122156178524952, 0.031363408672425694, 0.9165400063807405]], "ideal": "C", "sampled": "A", "correct": false}}
{"type": "result", "data": {"idx": 1, "options": ["the state", "the justice system", "the body", "the soul"], "probs": [[0.008430285314695288, 0.006774463921646458, 0.05497396184943616, 0.9298212888142221], [0.049900791937362673, 0.013223558448990057, 0.9270493180350142, 0.00982633147863306], [0.007899927942688942, 0.008024900256900894, 0.012046434971446822, 0.9720287367289633], [0.09180861941443276, 0.03709776419927952, 0.8576585269204247, 0.013435089365863084], [0.02168192729395271, 0.9662313165867938, 0.008491447052089573, 0.0035953089671638106], [0.02522593639034702, 0.961550519353113, 0.01173204777096992, 0.001491496385570025], [0.009669424555267148, 0.0077701985329591185, 0.07034220247704243, 0.9122181743347313], [0.055761958255664934, 0.01524592159590936, 0.91421620155599, 0.014775918492435702], [0.008871619291295412, 0.010701940035057297, 0.017101151293630087, 0.9633252892800171], [0.04576883005127052, 0.02230834913650905, 0.9194097495653968, 0.012513071146823639], [0.01141592037436742, 0.9806130456830888, 0.0056516938720080085, 0.0023193399705357335], [0.01159515045069952, 0.9805706330586366, 0.006110695678833742, 0.0017235207118301461], [0.006680295068798606, 0.006374795199557503, 0.010843550351041386, 0.9761013592806025], [0.08203584031346242, 0.03263490677144837, 0.8683995684522688, 0.01692968436282038], [0.008036024915879778, 0.008036525967369807, 0.010481365734779662, 0.9734460832819708], [0.041006548640290484, 0.016569855569584846, 0.9334152835462675, 0.009008312143857155], [0.027224327470588616, 0.9597404161321538, 0.011000469321369473, 0.0020347869758881535], [0.02764564001292222, 0.9594882604220896, 0.010171157777074433, 0.002694941687913802], [0.8368068461297621, 0.09244101631374144, 0.0416660724786886, 0.029086064977807875], [0.8581416225784286, 0.0715565326850331, 0.061204941613563886, 0.009096903022974365], [0.8464462068692509, 0.07169297019080456, 0.05004907697231224, 0.03181174586763231], [0.8060167921979162, 0.0672104349842642, 0.11080968979444936, 0.01596308292337024], [0.8717580534215014, 0.07156486888518017, 0.04620539448177765, 0.010471683111540795], [0.8660004363907744, 0.08311616845273244, 0.03574774134633911, 0.015135653710154002]], "ideal": "D", "sampled": "D", "correct": true}}
{"type": "result", "data": {"idx": 2, "options": ["right action", "good consequences", "happiness", "a good will"], "probs": [[0.03418750223227924, 0.014032216362244476, 0.013182031564699184, 0.9385982497407771], [0.058763910301774754, 0.015094088420604938, 0.9193393635224247, 0.006802637655195559], [0.030448058418551697, 0.013725696972055673, 0.008589355218179747, 0.9472368892912129], [0.057020631876626676, 0.018514724834443354, 0.9203979564924977, 0.004066686696432339], [0.026214457920599867, 0.968492622424368, 0.00371856031058645, 0.0015743592444456772], [0.02788534796735173, 0.9678076530676031, 0.0034908098615721345, 0.000816189003473064], [0.00951214492395843, 0.9115334307521893, 0.006437120092095758, 0.07251730413175647], [0.01866410527118496, 0.7692442532529611, 0.21030041425586402, 0.001791227119989973], [0.010253750154681274, 0.007386674697876959, 0.9674404326985928, 0.014919142348848908], [0.011146808973330185, 0.008958068675397089, 0.9137130378763105, 0.06618208437496215], [0.02413920262857416, 0.877991777258375, 0.09547883818423737, 0.002390181828813451], [0.017655414122228992, 0.7164004657863564, 0.0064960608325679205, 0.2594480591588466], [0.01075476389385306, 0.8815371408871028, 0.005668132492962535, 0.10203996262608167], [0.016791197204889582, 0.8479231931750486, 0.13416061336564902, 0.0011249961544127815], [0.011512613941414437, 0.006664219901324553, 0.9585669887819687, 0.023256177275292323], [0.013836382426493828, 0.008263419481612199, 0.925681795856889, 0.05221840213500491], [0.02448907221552675, 0.8499370562783302, 0.12437348573281011, 0.0012003856733329434], [0.013472306528204228, 0.8206366292119475, 0.004306657235353178, 0.1615844069244951], [0.4785335988722304, 0.5094361337938836, 0.009779204677235706, 0.0022510625566502396], [0.4792925973932502, 0.5102450209488802, 0.00934625129887532, 0.0011161302589941925], [0.13935713656778925, 0.02701968363382313, 0.8274999967868419, 0.006123182911545672], [0.04894104172238381, 0.016653692162006645, 0.010921725880137251, 0.9234835401354723], [0.13501341362968827, 0.02204375854942052, 0.8401840156183928, 0.0027588121024984015], [0.05621577126997027, 0.013147382235761416, 0.009035896626796882, 0.9216009497674714]], "ideal": "D", "sampled": "D", "correct": true}}
{"type": "result", "data": {"idx": 3, "options": ["found in everyday objects", "nonexistent", "everywhere in the natural world", "not of this world"], "probs": [[0.20321299285058314, 0.5189701952934614, 0.19697936024021764, 0.0808374515157377], [0.20076082650507762, 0.38101118657736494, 0.26186429422444296, 0.15636369259311445], [0.18227361680297738, 0.0916628119135651, 0.588468580490512, 0.13759499069294553], [0.07880274088186656, 0.07880804569517198, 0.6702604193276396, 0.17212879399532183], [0.1106320172437662, 0.37429893013072196, 0.36849501725326583, 0.14657403527224597], [0.10074646469698806, 0.519725903228825, 0.1489031419335968, 0.23062449004059024], [0.6818607499652279, 0.0937432355618852, 0.11132284335664432, 0.11307317101624256], [0.4437075024951969, 0.11045813723976709, 0.19691208296404225, 0.24892227720099372], [0.6972175316398351, 0.11929535720829124, 0.0845921423505485, 0.09889496870132511], [0.6871587395734212, 0.1232150037650113, 0.11942347760767838, 0.07020277895388906], [0.29145712091775516, 0.42411325009565165, 0.14887665432509123, 0.13555297456150195], [0.3518449084268251, 0.3745827413347761, 0.241849235437399, 0.031723114700999824], [0.11092104349744793, 0.04771184423114213, 0.7011434895886522, 0.14022362258275772], [0.11328895458704102, 0.06980088681471387, 0.5844426402197378, 0.23246751827850734], [0.14979514143320963, 0.6406544303107112, 0.08535841660782016, 0.12419201154825903], [0.1621592032586361, 0.3830100269008376, 0.39517163931969146, 0.05965913042083486], [0.23102020069166795, 0.23104068978861275, 0.18564248359794405, 0.35229662582177523], [0.26590372722674166, 0.13796778792421305, 0.5288923702437783, 0.06723611450526693], [0.5723767279017232, 0.1181298221990241, 0.16921369454813845, 0.14027975525111425], [0.6412424348958471, 0.11319569328493868, 0.14087465194135837, 0.10468721977785582], [0.6677617529523444, 0.1124831678230808, 0.1107382194697122, 0.10901685965486257], [0.6793338225524473, 0.10098783776348787, 0.19163713133716787, 0.028041208246896918], [0.6565635506198291, 0.18233812528493962, 0.06501517898616424, 0.09608314500906709], [0.6863808342000287, 0.17630095076143318, 0.09736280577532987, 0.03995540916320817]], "ideal": "D", "sampled": "B", "correct": false}}
{"type": "result", "data": {"idx": 4, "options": ["one does not know that one\u2019s actions are wrong.", "one knows that one\u2019s actions are wrong, but does them anyway.", "one knows that one\u2019s feelings are inappropriate, and does not act on them.", "one does the right action, but for the wrong reason."], "probs": [[0.008779223588409022, 0.9835460907664666, 0.003717532436435386, 0.003957153108689009], [0.010228465105241343, 0.9801489213771304, 0.006301857512295226, 0.003320755905333044], [0.02553960276519124, 0.03228643731693895, 0.928924020640849, 0.013249939177020774], [0.049854531879207964, 0.1823689341362736, 0.10071299969142863, 0.6670635341930898], [0.042640530799774416, 0.12533308926212436, 0.8172897335591036, 0.014736646278997604], [0.02810818552085804, 0.25053742852119987, 0.018725168202204403, 0.7026292176557377], [0.2542912382697925, 0.619644765640259, 0.04350620540173557, 0.0825577905882129], [0.2732458906628423, 0.5695180680212805, 0.1251066131352468, 0.0321294280806305], [0.32315540551258687, 0.26376423433589974, 0.33868316064877385, 0.07439719940273953], [0.330618715450982, 0.2457059071285051, 0.368851906934225, 0.054823470386287924], [0.18869777949658204, 0.5812553589580736, 0.19776339237609578, 0.0322834690692486], [0.22790297693787634, 0.6492614101024297, 0.08384510066382252, 0.03899051219587152], [0.030002293807367776, 0.059669259316354605, 0.89065210687079, 0.019676339905487655], [0.026231479245081266, 0.09595602940807396, 0.035855984103939476, 0.8419565071429053], [0.02220832674390749, 0.9297111756593905, 0.03439811967810412, 0.013682377818597848], [0.019888415374990587, 0.9434503052338852, 0.021171979012496123, 0.015489300278628097], [0.04691777022800718, 0.270006598020936, 0.10248246081073384, 0.5805931708403229], [0.04995712050852212, 0.1143578390844728, 0.8063161622945955, 0.029368878012409574], [0.2877805855562032, 0.11997065058613639, 0.5723561101240151, 0.019892653633645344], [0.37357118918950943, 0.18785379915640263, 0.059110949993857194, 0.3794640615602307], [0.5275031026392671, 0.3301169162351349, 0.11770775080642316, 0.024672230219174782], [0.6010079744207973, 0.31181206076444395, 0.05678578988546459, 0.030394174829294074], [0.4048900091009997, 0.2826721011905396, 0.10237766249631083, 0.2100602271121499], [0.15000287013468563, 0.14768408572178274, 0.6723098228255158, 0.030003221218015855]], "ideal": "B", "sampled": "B", "correct": true}}
{"type": "result", "data": {"idx": 5, "options": ["are the result of applying arbitrarily stringent standards.", "are based on linguistic confusions.", "are logically self-refuting.", "grow from the consistent application of ordinary standards."], "probs": [[0.29450712702112514, 0.11534134727089591, 0.3497698735010239, 0.240381652106955], [0.17753250366067277, 0.10768820768447074, 0.6494659587250589, 0.0653133298297976], [0.32083758230521253, 0.3109908057290639, 0.08502073458446116, 0.2831508772812624], [0.2586740908961773, 0.297752983043064, 0.4006785243500602, 0.04289440161069845], [0.10808480972808424, 0.7863021814384195, 0.027760555239844754, 0.07785245349365157], [0.12398836714283878, 0.771517989068373, 0.0763916295824861, 0.02810201410630207], [0.18187357483475605, 0.3674248456587531, 0.26881644127064946, 0.18188513813584134], [0.19683807353055266, 0.31457184570222096, 0.41028834836968375, 0.07830173229754261], [0.20671121157989444, 0.33035345877820427, 0.13771201258378932, 0.32522331695811196], [0.2935455156860381, 0.3486190696304516, 0.2981947669347057, 0.05964064764880461], [0.24872308032833737, 0.4720198915133203, 0.1848486405019829, 0.09440838755635943], [0.2632615150280109, 0.46934083981555386, 0.201864203707169, 0.0655334413492663], [0.4659545178120169, 0.16357720533582618, 0.10077908853585829, 0.2696891882162986], [0.4879936982499909, 0.1442603351983784, 0.32510352858116565, 0.042642437870465046], [0.40154004092969464, 0.10808144508711513, 0.17271561918915695, 0.31766289469403325], [0.5566288994181503, 0.10961385396856221, 0.27130276770569167, 0.06245447880759586], [0.6014550125999738, 0.19834836650468532, 0.14511811245248282, 0.055078508342858115], [0.6138502221570192, 0.18722350475055438, 0.07804828706985409, 0.12087798592257236], [0.05487309042562657, 0.7815811195704707, 0.029835914969534118, 0.13370987493436856], [0.05943652931531217, 0.8078100605263947, 0.10596248407754816, 0.026790925980744965], [0.11224939673016529, 0.11051743476477757, 0.6164349316934224, 0.1607982367116347], [0.1394860980004911, 0.14619027913284446, 0.5873146986084357, 0.1270089241582287], [0.0926899288203714, 0.653566170591999, 0.20565498631628187, 0.048088914171347814], [0.08762281452452213, 0.6680423070421516, 0.04992949999317048, 0.19440537834015573]], "ideal": "D", "sampled": "C", "correct": false}}
{"type": "result", "data": {"idx": 6, "options": ["enter a particular society.", "set up a particular form of government.", "establish the principles of justice for the basic structure of society.", "establish the content of morality."], "probs": [[0.04102207001554759, 0.008599220830268423, 0.9484298290099688, 0.0019488800442152665], [0.007950579215285919, 0.007706392011901085, 0.006096111916504315, 0.9782469167563087], [0.027504291776498067, 0.9696068901602134, 0.0025584379109193315, 0.0003303800523691988], [0.032483959606793726, 0.9643166032879276, 0.0028385647369268997, 0.0003608722683518152], [0.01126390416062488, 0.0028481213373077897, 0.07697620987122389, 0.9089117645308434], [0.023566723451677617, 0.00355828184853123, 0.9713205763290466, 0.0015544182707445987], [0.025552530898101573, 0.01389346422326505, 0.958920458861624, 0.0016335459170093692], [0.008373116185646939, 0.014468207775589506, 0.009341137638910866, 0.9678175382998526], [0.009110410373101646, 0.98925956538631, 0.0014872963708738337, 0.00014272776971451775], [0.009844233027044232, 0.9886164152466999, 0.0013533218063902877, 0.0001860298198656038], [0.006804732434162316, 0.003938537261187178, 0.055223474802413956, 0.9340332554022366], [0.015310902175472872, 0.005721684089702561, 0.9774032848420168, 0.001564128792807749], [0.9897598959457765, 0.006989511942707597, 0.0028684229299783095, 0.00038216908153758747], [0.9901212850805449, 0.006671858287617563, 0.002869469927183776, 0.0003373866046537776], [0.9890993303866918, 0.006359763020484608, 0.004170742379548702, 0.000370164113274849], [0.9901814740829115, 0.006075207881481722, 0.0033549649035993436, 0.00038835303200745737], [0.9889041953403789, 0.005524410629299662, 0.005189554543278752, 0.00038183938704268396], [0.9902613899311113, 0.0056191289073818885, 0.0037430457910701148, 0.0003764352704366821], [0.006521078204625927, 0.012768124078148736, 0.02788753757182479, 0.9528232600454005], [0.013455115336341729, 0.011690529008669443, 0.9732722773827361, 0.0015820781722526796], [0.005536465112948869, 0.008311632297487572, 0.05505019936751985, 0.9311017031220437], [0.015037312015013567, 0.008435616295025655, 0.9750381621793677, 0.0014889094105930663], [0.0064770572999611935, 0.9918272950793318, 0.0015384853592791013, 0.0001571621614278979], [0.006379136569093377, 0.9922167999576589, 0.0012366995640152793, 0.00016736380923248394]], "ideal": "C", "sampled": "C", "correct": true}}
{"type": "result", "data": {"idx": 7, "options": ["modest changes to our personal habits, but not to our society as a whole.", "modest changes to our personal habits, as well as to society.", "drastic changes to our personal habits, but not to our society.", "drastic changes to both our personal habits and to our society."], "probs": [[0.026924087892504955, 0.8508202210866638, 0.02529482104725111, 0.0969608698735801], [0.03064820682525664, 0.9241493834020528, 0.0412444180195698, 0.003957991653120792], [0.0457818455768192, 0.04873876881709573, 0.7505948310255415, 0.15488455448054358], [0.05236498441502153, 0.0491975525075843, 0.8452453299780137, 0.05319213299938042], [0.05558744362483185, 0.7674040516329177, 0.15590906510094155, 0.021099439541308884], [0.048555457289964694, 0.8473829184245034, 0.07639438259761015, 0.02766724158792172], [0.5941768884064637, 0.09549985825060474, 0.13467730580413634, 0.17564594743879527], [0.46187915275017555, 0.07540590132712378, 0.4407714200137328, 0.0219435258089678], [0.5139616092975446, 0.095079607543679, 0.15193724517541743, 0.23902153788335898], [0.16304067291866664, 0.0658805316620173, 0.7422991033256666, 0.028779691993649426], [0.4027354210823837, 0.5252995607916134, 0.052831624878837025, 0.01913339314716589], [0.37249991849064995, 0.5336225707835182, 0.060814914262395985, 0.03306259636343594], [0.04776884757305866, 0.07754279903419639, 0.7130806657876958, 0.16160768750504917], [0.06295082752680935, 0.03818592077588229, 0.8691254901899317, 0.029737761407376734], [0.02103982047927608, 0.9230827590820238, 0.013374742841626501, 0.04250267749707364], [0.07434433697910732, 0.37758359309235334, 0.5324876307908675, 0.015584439037671902], [0.02435038565388816, 0.9428164906365688, 0.010311758740080357, 0.022521364869462705], [0.027144648966247943, 0.9569495017422195, 0.010303965154033591, 0.005601884037499014], [0.5895728270635692, 0.11078609153610201, 0.2575926098031991, 0.042048471497129744], [0.7275414520336431, 0.08422584148567454, 0.14782250036178873, 0.04041020601889364], [0.6927948451453122, 0.2113043622380266, 0.06546048685241539, 0.03044030566424576], [0.7085150532350356, 0.20620702358662604, 0.05213872381626762, 0.03313919926207075], [0.7726647815876966, 0.08272686666916404, 0.08018303749643556, 0.0644253141467038], [0.7307580896430184, 0.08593055869912705, 0.13731787330115514, 0.04599347825669944]], "ideal": "D", "sampled": "D", "correct": true}}
{"type": "result", "data": {"idx": 8, "options": ["knowledge", "wealth", "community", "courage"], "probs": [[0.8801684145677808, 0.029193335596924327, 0.08187330660446156, 0.0087649431308333], [0.9159305205650157, 0.023659713850390014, 0.04560475478690587, 0.014805010697688407], [0.9394625580803547, 0.03817821226942064, 0.015186192751286525, 0.0071730367989381455], [0.9433691723323583, 0.03436501932870295, 0.017828257046998273, 0.004437551191940527], [0.9433871427627469, 0.030805282033462795, 0.01548975972358972, 0.010317815380200553], [0.9331103232145456, 0.029997126066021892, 0.03243414942549516, 0.004458401193937322], [0.008359639324535859, 0.9814910206697249, 0.009181614327229432, 0.00096772557850977], [0.007528497822708113, 0.9860725979525373, 0.004638407835946548, 0.0017604962888080398], [0.037821493158490975, 0.016524228812307123, 0.9308429738776546, 0.014811304051547356], [0.015304010530938274, 0.037293278093929405, 0.2214100832428292, 0.7259926280323031], [0.03410304473970936, 0.014668752093968255, 0.936329461784688, 0.014898741281634322], [0.009069685688159594, 0.012791315833074496, 0.4169988271624258, 0.5611401712163401], [0.01678880185098236, 0.975790312267059, 0.004886100188020379, 0.0025347855939381984], [0.018407052725987038, 0.9741057339117714, 0.005976229551834918, 0.0015109837104066335], [0.048580472416760494, 0.014138832976609636, 0.9167101570118148, 0.02057053749481503], [0.02839336072460952, 0.013205086285574326, 0.10225119754980354, 0.8561503553400126], [0.06728191936259742, 0.018110041281839073, 0.9002827161133354, 0.014325323142228091], [0.0339072317610935, 0.017591858706902167, 0.017591432161152706, 0.9309094772708516], [0.009968442219892895, 0.985556633013421, 0.0029932156666900764, 0.0014817089999960183], [0.011613616078038635, 0.9821164256789954, 0.00557248773906591, 0.0006974704039000224], [0.04271350591133108, 0.010633181254210604, 0.9276990647763487, 0.018954247958109686], [0.013811519727021802, 0.006129292050924502, 0.11208649259071414, 0.8679726955313396], [0.06385207367586072, 0.01447288473366546, 0.9094885395093917, 0.012186501981082187], [0.028832052634989815, 0.016428971018846304, 0.014726438913408971, 0.9400125373327549]], "ideal": "A", "sampled": "A", "correct": true}}
{"type": "result", "data": {"idx": 9, "options": ["perform the action that leads to the greatest total happiness.", "act only on maxims that we can will to become universal laws.", "behave only in such a way as a perfectly virtuous person would behave.", "place the interests of others above the interests of ourselves."], "probs": [[0.005923710413055369, 0.9808185291400873, 0.006112279955019781, 0.007145480391837515], [0.006878533609323277, 0.8869782950967826, 0.1042917853380836, 0.001851385855810507], [0.013339383674959208, 0.8253162018176742, 0.13900478857361973, 0.022339625833746858], [0.018293660930061642, 0.5022568409843539, 0.4718233369853159, 0.007626161000268613], [0.005921031767293432, 0.8926275898035604, 0.10015065143861314, 0.0013007268905329964], [0.004025760699945335, 0.9851147248514593, 0.00907303980425305, 0.0017864745443422557], [0.9470831341397301, 0.010359071025581664, 0.03044772942149038, 0.012110065313197901], [0.7623597191036026, 0.01005816993056743, 0.22537272599594405, 0.0022093848698859827], [0.97411265528795, 0.007795040199347977, 0.007438469437975404, 0.010653834974726608], [0.8256432321074213, 0.00737056354018222, 0.16515161208919965, 0.0018345921631967774], [0.9741934917974504, 0.019598441963112164, 0.003514099537595042, 0.002693966601842395], [0.9746331758005801, 0.01960745743765323, 0.004174943837483766, 0.0015844228242829386], [0.09527374341668132, 0.035605186731281886, 0.8104213082893506, 0.05869976146268618], [0.0504509975462183, 0.026588876744133048, 0.9085048719195368, 0.01445525369011191], [0.06342018951079272, 0.6818888579554291, 0.0190449053314683, 0.23564604710230994], [0.09160470034561514, 0.29114647506215213, 0.6068083420248656, 0.010440482467367132], [0.028890330636297135, 0.9567828829469612, 0.008812553133306313, 0.005514233183435335], [0.03758059792321741, 0.9105471318693005, 0.04901904583756587, 0.00285322426991629], [0.6111057795642267, 0.018745663855979998, 0.36494314048845583, 0.005205415991337489], [0.9284776107318653, 0.014776214430398999, 0.05077637125966221, 0.005969803478073515], [0.9081073296732745, 0.0757219037463382, 0.008904230676350213, 0.0072665358040370645], [0.919380180522309, 0.06660549720356577, 0.010539224037678005, 0.003475098136447231], [0.9727358592466671, 0.015004154866150851, 0.00815831807778687, 0.004101667709395255], [0.9459869188879829, 0.014364997766098465, 0.03668379522759627, 0.0029642880183223174]], "ideal": "B", "sampled": "D", "correct": false}}
{"type": "result", "data": {"idx": 10, "options": ["maximizing the utility of all sentient beings.", "God\u2019s commands.", "the agreement of rational persons choosing the terms of their interaction.", "the purposive order of nature."], "probs": [[0.10020030074253135, 0.019426626666543698, 0.8657098822255784, 0.014663190265346482], [0.041134754943358984, 0.010565139998194311, 0.02656001525643067, 0.921740089702016], [0.12546882861995984, 0.8574695135102629, 0.009982939283262958, 0.007078718486514254], [0.10538923738440674, 0.8824593991398181, 0.00906667142171361, 0.0030846919540615707], [0.06815793032101082, 0.021786145319938825, 0.012220853746908986, 0.8978350705121414], [0.12161750062043211, 0.02395000252749615, 0.8442919056881659, 0.010140591063905866], [0.021943207487848424, 0.5659543667946304, 0.4076441510820005, 0.0044582745355207], [0.011736660538744325, 0.8623445147338654, 0.011026303597947438, 0.11489252102944278], [0.004818143858325818, 0.9928251880869742, 0.0018869897662172508, 0.0004696781884827659], [0.004972158417572728, 0.993045260863992, 0.0014247029183840553, 0.0005578777000511549], [0.020950162976283694, 0.057851370957029954, 0.5934669430097066, 0.32773152295697977], [0.015801330216320655, 0.01531672858959201, 0.9625963016620628, 0.006285639432024493], [0.9759380799675778, 0.014364097349376156, 0.005452034319093477, 0.004245788263952614], [0.9823037641113915, 0.011800130204424835, 0.004142268668430624, 0.0017538369157529593], [0.9777694971052036, 0.010204789569794495, 0.009147478669764585, 0.0028782345552373764], [0.9755201799477262, 0.01153692702766378, 0.0064716357536040575, 0.006471257171005897], [0.9839325103264617, 0.007169010197088883, 0.00716897713513497, 0.001729502241314486], [0.9662468740496319, 0.012164162108153753, 0.006212872267254615, 0.015376091474959698], [0.031195729851599283, 0.24925334656259346, 0.009514827244839673, 0.7100360962409675], [0.04799922798096064, 0.23999681418232893, 0.7054053353774389, 0.0065986223592715615], [0.020845933466348505, 0.017832089711956666, 0.5293159632223137, 0.4320060134993811], [0.02218209459544786, 0.010811795826773099, 0.9581823426508718, 0.008823766826907246], [0.008680507160774509, 0.9878180058433221, 0.0028627521314233254, 0.000638734764480018], [0.009514563391661247, 0.9858410986366322, 0.0025213171471278185, 0.0021230207245787253]], "ideal": "C", "sampled": "C", "correct": true}}
{"type": "result", "data": {"idx": 11, "options": ["religion.", "physics.", "psychology.", "art."], "probs": [[0.1671039663847463, 0.08402554956064234, 0.7259004345188586, 0.022970049435752714], [0.11915060432737891, 0.6243108277772852, 0.08318192201088324, 0.17335664578445267], [0.15756008754480402, 0.052775764139363086, 0.7635404693092323, 0.026123678906600632], [0.14463024252471612, 0.1638868030826175, 0.24601676714815457, 0.4454661871445118], [0.05830848093696805, 0.02046824147863439, 0.7444213946940866, 0.17680188279031092], [0.0760493029412435, 0.023929978847458306, 0.6467631837791574, 0.25325753433214077], [0.07003949757995642, 0.5956822186889676, 0.3238677463584152, 0.010410537272660699], [0.035144153645589364, 0.8923362058163589, 0.036260481457977424, 0.03625915898007433], [0.05369536743143725, 0.030120109199294337, 0.9082039872866253, 0.007980535982643052], [0.015181785617537141, 0.02749086760630701, 0.03264495766557219, 0.9246823890105836], [0.04708626686291759, 0.014360499223992245, 0.9024544131114091, 0.036098820701681106], [0.010396885331158833, 0.005147115617597115, 0.2441272354341512, 0.7403287635170929], [0.050607840796984965, 0.7916579738555334, 0.1464419941735342, 0.011292191073947433], [0.03392828842949177, 0.9028052662441695, 0.030892526821582358, 0.03237391840475642], [0.0772872217251187, 0.03594208639889073, 0.8708226691999137, 0.01594802257607688], [0.02460567807115474, 0.04525669977212958, 0.035244702829783585, 0.894892919226932], [0.055414146050669674, 0.014455333940592226, 0.8804638715441138, 0.04966664836462433], [0.016004377080145217, 0.006366314010077698, 0.4393360964885548, 0.5382932123212223], [0.04622179120645869, 0.1256477297471749, 0.6481523827038045, 0.17997809624256195], [0.05199578636345895, 0.22942266891491975, 0.4781565879473226, 0.24042495667429872], [0.04025086522540938, 0.06332371595581476, 0.821229664120906, 0.07519575459786978], [0.011820159635544938, 0.025817954610469627, 0.21956059173481848, 0.7428012939191669], [0.03389694257202927, 0.024798722581892044, 0.8879822507035566, 0.05332208404252199], [0.012019445075201775, 0.012208958041481201, 0.4726390198086021, 0.5031325769747149]], "ideal": "C", "sampled": "A", "correct": false}}
{"type": "result", "data": {"idx": 12, "options": ["duty.", "justice.", "virtue.", "supererogation."], "probs": [[0.26402680883031665, 0.18725579138064344, 0.37823335621895865, 0.17048404347008125], [0.2476339805447332, 0.13257388868029796, 0.524311665574271, 0.09548046510069778], [0.26546267463481216, 0.16615452365866307, 0.33039821175603806, 0.2379845898504867], [0.23525088585229792, 0.1183184958764054, 0.5059384884527776, 0.14049212971851915], [0.31457714180712687, 0.27335599876757766, 0.3146057520374689, 0.0974611072878266], [0.2838501887655992, 0.30220892572049773, 0.23904338120449223, 0.17489750420941083], [0.08042768242357182, 0.4927463302079571, 0.2942125122113248, 0.13261347505714627], [0.08897498365849693, 0.38055238829607785, 0.4312030494202087, 0.09926957852521648], [0.09053282843516662, 0.08640742687348142, 0.6690438092148535, 0.15401593537649844], [0.07421242832013172, 0.06550924820963656, 0.5929906080884879, 0.2672877152817438], [0.12567556277674036, 0.12375478814064074, 0.6586132841230435, 0.09195636485957534], [0.09486509717253258, 0.16394632808794746, 0.31596561792364675, 0.4252229567158732], [0.08665688593286615, 0.45411665596344747, 0.28415746340763537, 0.175068994596051], [0.09444212519335035, 0.2527888809185589, 0.40391166518730753, 0.24885732860078316], [0.09611388080096497, 0.11596056558610429, 0.6367007947068808, 0.15122475880604996], [0.08482701583332966, 0.10395690362477547, 0.5196870123727093, 0.2915290680691856], [0.09531850330693364, 0.07197036003589682, 0.7044315952196548, 0.1282795413375147], [0.0773447104419823, 0.08108151944903895, 0.571572320748998, 0.27000144925998076], [0.08173867815694369, 0.7062052873201692, 0.17578085731355308, 0.03627517710933398], [0.08403338434725516, 0.7036952356338706, 0.11851504670139276, 0.09375633321748145], [0.15357775069264104, 0.24934263528818112, 0.5278450531524044, 0.0692345607667734], [0.11326716684810759, 0.4695626443671893, 0.1988067432416891, 0.218363445443014], [0.12409500956002266, 0.08269365002085718, 0.6503540761382272, 0.14285726418089303], [0.11166934255643614, 0.08301488556672137, 0.5761384539069311, 0.22917731786991138]], "ideal": "B", "sampled": "A", "correct": false}}
{"type": "result", "data": {"idx": 13, "options": ["one and the same thing", "both nonexistent", "two distinct things", "imaginary"], "probs": [[0.2698056212090675, 0.04336856855411115, 0.6678809200553664, 0.018944890081454974], [0.16158508168754188, 0.030844198430941563, 0.036625318798103886, 0.7709454009834127], [0.12908919010038383, 0.8550512694265454, 0.012197347220333436, 0.0036621931527372983], [0.1346228163324171, 0.8508671182783508, 0.011581836617706436, 0.0029282286715256196], [0.5638933191702133, 0.06229649495138224, 0.026377094956042218, 0.3474330908223622], [0.3757100917898902, 0.06951115681065993, 0.5382697892514343, 0.016508962048015566], [0.03164090511755929, 0.08601094573222105, 0.8552834183637014, 0.027064730686518317], [0.013309770398753088, 0.10801485290430987, 0.02907183423328084, 0.8496035423636562], [0.02648102765708744, 0.036766892788351026, 0.9191114559181527, 0.017640623536408797], [0.011711539128071885, 0.06532447240193694, 0.02120755491552145, 0.9017564334544698], [0.008125211179493426, 0.03264341902945723, 0.16837708791467773, 0.7908542817763716], [0.006547116862054161, 0.02146859748370353, 0.15373956504123484, 0.8182447205130075], [0.03186582503170252, 0.9608353752090666, 0.006082298648634417, 0.0012165010105964957], [0.030947309769681887, 0.9627542143051302, 0.005378373568861914, 0.0009201022563259967], [0.15580811359481153, 0.03531841359358767, 0.7913910532997547, 0.01748241941184611], [0.3161517569793071, 0.06129677213394244, 0.05002718716521594, 0.5725242836215345], [0.13345225475836425, 0.046852968252068555, 0.804953266166115, 0.014741510723452209], [0.4801441067046844, 0.09755972499272814, 0.03645540577524037, 0.38584076242734705], [0.033160436833387756, 0.3246100240535338, 0.0262331198386075, 0.615996419174471], [0.06770809877878807, 0.145600008952959, 0.762923733054105, 0.02376815911414792], [0.013571644436663307, 0.04313286545040183, 0.17877077138834838, 0.7645247186245865], [0.012201222464885988, 0.029732487788191188, 0.24892736713874208, 0.7091389225081808], [0.04256478014902844, 0.049766015366564706, 0.8960325066123658, 0.011636697772041049], [0.024956816150876436, 0.31369338955578735, 0.017698039224741727, 0.6436517549685945]], "ideal": "A", "sampled": "A", "correct": true}}
{"type": "result", "data": {"idx": 14, "options": ["rational", "artificial", "constitutional", "fair"], "probs": [[0.0270234082569831, 0.02008418482082238, 0.043865731651862444, 0.9090266751703321], [0.10607890467539888, 0.029003192734703084, 0.8476004943119118, 0.01731740817798627], [0.039807974398447445, 0.0345897219759716, 0.11340857042560089, 0.8121937330999801], [0.06968796724977222, 0.024465256342508176, 0.8898033150776465, 0.0160434612300731], [0.043783216589324075, 0.9216543397014683, 0.02916717519307005, 0.00539526841613756], [0.04764244498639436, 0.9275237515294491, 0.017527484505521107, 0.007306318878635449], [0.05366220929817874, 0.08183411294581179, 0.03805519913357522, 0.8264484785224342], [0.11326863449501084, 0.05350936911374659, 0.824068127696235, 0.009153868595007567], [0.04395240205051364, 0.04465017873086701, 0.21300192333864465, 0.6983954957799747], [0.1272624735677477, 0.04756153392152791, 0.7919760375124089, 0.03319995489831548], [0.2388594586249805, 0.619604027223699, 0.11825197871674362, 0.023284535334576882], [0.26905410877783964, 0.5877256261477977, 0.07830553326034845, 0.06491473171401421], [0.04671273484461931, 0.07583144475874709, 0.1580369209646406, 0.719418899331993], [0.05130689557388476, 0.02789755536031998, 0.9095246200250355, 0.011270928940759737], [0.03572106680332442, 0.04959925562244489, 0.12664942253381978, 0.7880302549404109], [0.1310388882994826, 0.09739252851382114, 0.730972582543019, 0.04059600054367728], [0.09178177102590486, 0.7929260636063595, 0.08357258669469725, 0.031719578573038316], [0.09235525725887779, 0.6614763691420035, 0.21474502388710104, 0.031423349612017704], [0.8297898552164306, 0.053051213276451174, 0.09911024311023886, 0.01804868829687942], [0.865902037255515, 0.04735200600544018, 0.05711580290537063, 0.029630153733674162], [0.8054066348620604, 0.06309094039634479, 0.10900829114300047, 0.022494133498594342], [0.7987917213608183, 0.06980622689112011, 0.06980376819947758, 0.06159828344858401], [0.8202444023459837, 0.05082787386349543, 0.0995129232591389, 0.029414800431381966], [0.8023041902655295, 0.05129466463198916, 0.1137986306628341, 0.03260251433964725]], "ideal": "D", "sampled": "D", "correct": true}}
{"type": "result", "data": {"idx": 15, "options": ["a mind", "absolute existence", "material substance", "a material universe"], "probs": [[0.8179263456504076, 0.08757489157416572, 0.08227130009478292, 0.012227462580643745], [0.8273454317609331, 0.09429653612909338, 0.05630929840561411, 0.02204873360435942], [0.7271082447950589, 0.23607403191474263, 0.030015571235573014, 0.006802151954625443], [0.7096910051775758, 0.23405133752171295, 0.038210333315065, 0.01804732388564628], [0.7598777504608216, 0.19214415780943142, 0.03339193428914036, 0.014586157340606552], [0.7442520066093425, 0.19115802227168321, 0.03481476475446291, 0.02977520626451132], [0.02176527491188078, 0.9548626756562772, 0.01981899683024307, 0.003553052501598871], [0.018804883888984388, 0.9645084298917411, 0.012925517023362854, 0.0037611690959116506], [0.03915090197349615, 0.029097060361977775, 0.9194326596783733, 0.012319377886152741], [0.005014845197601809, 0.011660891649046235, 0.01260754286711247, 0.9707167201862394], [0.03814388388943855, 0.03366550386424003, 0.9098890304228803, 0.018301581723441127], [0.0034856918614471, 0.006825237329260671, 0.00797896435653946, 0.9817101063527528], [0.024113169117193876, 0.963211305069054, 0.010535339902296192, 0.0021401858114560002], [0.0219905058851629, 0.9647551359121962, 0.008347617202599132, 0.00490674090004175], [0.06313176082067223, 0.09043683325198379, 0.8316685068566206, 0.014762898970723349], [0.010103716429056364, 0.047458491166482805, 0.018584309137332382, 0.9238534831671285], [0.042654663867360804, 0.03270853811856815, 0.8979443833865535, 0.02669241452751752], [0.008105820134654163, 0.01975285097482918, 0.07811778125262404, 0.8940235475378926], [0.020508669572570304, 0.9429240344355151, 0.0303124807830562, 0.00625481510885842], [0.01808399869583758, 0.9421478982165149, 0.018953777600649712, 0.0208143253869978], [0.04089386068333383, 0.11833660122660845, 0.821452195672144, 0.019317342317913717], [0.005231121734706514, 0.03057922155423814, 0.012947534655843444, 0.9512421219552119], [0.02191934236812098, 0.0222672546893607, 0.9321135542013884, 0.02369984864112987], [0.004823252135238613, 0.015091962313049616, 0.14317494756056806, 0.8369098378911437]], "ideal": "A", "sampled": "A", "correct": true}}
{"type": "result", "data": {"idx": 16, "options": ["duty and charity.", "egoism and altruism.", "rights and privileges.", "positive and negative rights."], "probs": [[0.5928764011658799, 0.15958892520808865, 0.13437970582004355, 0.11315496770598789], [0.4885902866132449, 0.1378291593371429, 0.32044700859271413, 0.053133545356898064], [0.43079622933734574, 0.1253847759034303, 0.3461785860582925, 0.09764040860093143], [0.2898618237404964, 0.09411584444720379, 0.5415772118387867, 0.0744451198735131], [0.25193383817958837, 0.6044139748875257, 0.11356213476188821, 0.030090052070997714], [0.3241458760441226, 0.5428913113775812, 0.08325250259880047, 0.04971030987949572], [0.36670030798971714, 0.2025341481900701, 0.1787260999527408, 0.25203944376747195], [0.2942260227373018, 0.16250541925671927, 0.4776151513398044, 0.0656534065661745], [0.3442849891501222, 0.10178335982549165, 0.39630032467530607, 0.15763132624908005], [0.3609017377596541, 0.12473931721484022, 0.30871456398388275, 0.2056443809416229], [0.3241477439300355, 0.41626299232670716, 0.19057168560803228, 0.06901757803522508], [0.3353666241695371, 0.38604943973693706, 0.0874918670301793, 0.19109206896334655], [0.05638061153750263, 0.039366253156371524, 0.2689881354560845, 0.6352649997500414], [0.05198348313050188, 0.028712069612850496, 0.8931649326384972, 0.0261395145181504], [0.0441421421235763, 0.02719983426657849, 0.13386537551246958, 0.7947926479973756], [0.0724154412674014, 0.03368146344682526, 0.8551409243682212, 0.03876217081755208], [0.050084263267888965, 0.8605242998802095, 0.05331685413377598, 0.03607458261812558], [0.05202807423119459, 0.8397692941642043, 0.060829847945439365, 0.04737278355916173], [0.6968593959121379, 0.09432065169730125, 0.18179898842770223, 0.02702096386285866], [0.6869463894315568, 0.09744139723458488, 0.17100484603794208, 0.04460736719591622], [0.6714863505635317, 0.057772095313245175, 0.2284794709239152, 0.04226208309930792], [0.7436365165427451, 0.0601028151788368, 0.14643961735243058, 0.04982105082598751], [0.6988120388027615, 0.09458501248443822, 0.14648723000551847, 0.06011571860728181], [0.6776301415547388, 0.11237720650153844, 0.11236877244411506, 0.09762387939960772]], "ideal": "A", "sampled": "D", "correct": false}}
