{"type": "result", "data": {"idx": 0, "options": ["Aging is related to an increase in vaginal lubrication", "Aging is associated with an increase in the frequency and number of orgasmic contractions in both sexes", "There is no significant relationship between aging and sexual responses in either sex", "Aging is related to some loss of erectile rigidity in the male"], "probs": [[0.04991970937229793, 0.9274389112281253, 0.010967728639907609, 0.011673650659669143], [0.058972434695026575, 0.9226160308319102, 0.011257055939548382, 0.007154478433514837], [0.17311685301470664, 0.0971449865942902, 0.6640208560762635, 0.0657173042147396], [0.13388519287004025, 0.10595131156170279, 0.6491507436241171, 0.1110127518441399], [0.039142948296265793, 0.9192913327818139, 0.03296666647294558, 0.008599052348974744], [0.031231255208686203, 0.9418427610342887, 0.009677090020173817, 0.017248893636851313], [0.6210426774635542, 0.15954889538005532, 0.10629347584653734, 0.1131149512098531], [0.4088535056098753, 0.19932098907460452, 0.333831880213821, 0.05799362500169918], [0.5133334703726912, 0.14260547711647897, 0.1693687539747119, 0.17469229843611797], [0.5674327484524683, 0.09864531235948255, 0.25590630791221824, 0.07801563117583095], [0.3603454690965737, 0.44162007155860294, 0.11887058400830663, 0.07916387523651668], [0.41720203000026, 0.4655631565671119, 0.052240919872738066, 0.06499389345989], [0.10365385611149726, 0.1250709956339178, 0.6977629192975797, 0.0735122288570052], [0.0749438188945375, 0.16633173824687805, 0.589798278469626, 0.16892616428895846], [0.0662053033952689, 0.7345711691603082, 0.07743088381054093, 0.12179264353388201], [0.0764453405330228, 0.7142612284135231, 0.13633525268610483, 0.07295817826734925], [0.044702280141777365, 0.6885814640407807, 0.11781007006402124, 0.1489061856534207], [0.0642751371159184, 0.713161636621541, 0.17478795087395707, 0.04777527528858349], [0.6870030317588769, 0.09746257432609501, 0.20314535950652887, 0.012389034308499247], [0.8309629272197309, 0.0862575950483251, 0.042043087703370646, 0.040736389928573334], [0.8171170413952312, 0.14655202734906256, 0.016189463555605504, 0.020141467600100736], [0.8480572209967233, 0.11845712423598306, 0.02157466733833222, 0.011910987328961354], [0.8189630690656399, 0.05935040620904141, 0.057528292177712506, 0.06415823244760617], [0.8632930516333363, 0.049494538451252096, 0.06872265785245314, 0.018489751962958535]], "ideal": "D", "sampled": "D", "correct": true}}
{"type": "result", "data": {"idx": 1, "options": ["\u201cBlank slates\u201d", "Less intelligent than adults", "\u201cLittle scientists\u201d", "Shaped by culture"], "probs": [[0.3940396474416023, 0.02599206479405499, 0.5471135193902695, 0.032854768274073104], [0.4481472776616977, 0.0230221272804869, 0.14549779267188054, 0.38333280228593486], [0.7420096673078034, 0.21594778505593928, 0.01665209481892715, 0.025390452717330148], [0.7270018647219901, 0.21829313606840442, 0.03913749856096469, 0.015567500548640702], [0.6417451141647866, 0.05696188339606929, 0.025276007578452633, 0.27601699476069136], [0.7227907355082688, 0.06619082550877173, 0.19454293422142732, 0.016475504661532192], [0.11787899452128124, 0.38053469850596366, 0.47358682236635224, 0.027999484506402827], [0.06360332490791551, 0.6838284149524777, 0.06562468250554346, 0.1869435775340633], [0.025951144415013373, 0.9438771991331584, 0.01649620265146871, 0.013675453700359512], [0.02480083739876989, 0.9453248404454271, 0.0155205391249605, 0.014353782930842492], [0.0760803044410147, 0.06714608919819813, 0.536453398201071, 0.3203202080597162], [0.09873594903822926, 0.06375218808475035, 0.7766814086427691, 0.06083045413425127], [0.9382988231031677, 0.017186578393474, 0.021388694681674984, 0.023125903721683362], [0.9294149511165701, 0.019290224823857925, 0.03718232962707964, 0.014112494332492278], [0.8610894572306407, 0.01436094928018368, 0.09813727249934917, 0.026412320889826466], [0.8469920453833018, 0.019008086319688467, 0.057640449892239466, 0.07635941830477032], [0.8793800930966273, 0.015857447764197733, 0.08707301026837824, 0.01768944877079664], [0.8808064208212253, 0.017998001380282673, 0.02659901354063076, 0.07459656415786126], [0.044852741517651944, 0.7016411494861492, 0.014791351893094053, 0.2387147570031048], [0.09351679960498241, 0.7129571649600529, 0.1802624219553936, 0.013263613379571082], [0.06691616464121869, 0.023491952234799253, 0.6449274244491674, 0.2646644585748147], [0.07116530023580946, 0.02310525045401099, 0.8670371093196156, 0.0386923398905639], [0.04962019878827697, 0.8934156685775877, 0.045892312049646444, 0.011071820484488886], [0.03774303612193447, 0.9002788762624188, 0.015734121377691642, 0.04624396613795514]], "ideal": "C", "sampled": "C", "correct": true}}
{"type": "result", "data": {"idx": 2, "options": ["about 68% of the observed scores for the test population lie within 15 points of the mean score", "about 68% of the individuals with a given cure score will have observed scores within 15 points of the true score", "about 15% of the scores are in error (i.e., they are not measuring the trait reliably)", "differences of up to 30 points represent the same true score"], "probs": [[0.4546385295272608, 0.14764592655055914, 0.35980819146421394, 0.03790735235796611], [0.6569102152403787, 0.16878046973942187, 0.07036748894771909, 0.1039418259724803], [0.524822506710494, 0.3722577330410061, 0.07331135587515351, 0.029608404273346357], [0.4952880948247564, 0.398151306912805, 0.05828157728359994, 0.04827902087883868], [0.5970594090634666, 0.15104266522345489, 0.1397088561617178, 0.11218906945136077], [0.5608067417305251, 0.14187448993764573, 0.24907878775598388, 0.048239980475845184], [0.4826233260656945, 0.25440346528718866, 0.23531674722755713, 0.027656461319559712], [0.5701788343378128, 0.3459699917149649, 0.037049332561518204, 0.04680184128570411], [0.43345189486866553, 0.4073075110917771, 0.1302008849132463, 0.029039709026311065], [0.5084146203887033, 0.40238433622585823, 0.03304193504149926, 0.05615910824393915], [0.5134264268467973, 0.13401632109446515, 0.2750403603266838, 0.07751689163205383], [0.6148857083822252, 0.09735563722844186, 0.2372890641139146, 0.05046959017541829], [0.13843316709654763, 0.7032031697879937, 0.09974527657173263, 0.05861838644372611], [0.14763007556415514, 0.6516377766131897, 0.10977478315308449, 0.09095736456957065], [0.22351722574876395, 0.3629186830802226, 0.34099570861054634, 0.0725683824604671], [0.21984875184065109, 0.45131501597000434, 0.1123644859326798, 0.21647174615666478], [0.24970157814064411, 0.1539147369993006, 0.49705419680056756, 0.09932948795948772], [0.27780613217917977, 0.182287413996288, 0.3301740036756138, 0.2097324500489184], [0.042945484712220414, 0.8495001169599538, 0.04792848922843574, 0.059625908999390125], [0.05873898109287091, 0.6620580031290726, 0.2435760227001817, 0.03562699297787482], [0.057562241686579335, 0.6191268401201537, 0.16925502870481982, 0.15405588938844714], [0.09506819362173889, 0.29300019720990395, 0.5390361105156538, 0.07289549855270333], [0.052933637068860895, 0.7541643318119565, 0.1439468813357007, 0.04895514968348188], [0.05362841539273328, 0.8133211842366629, 0.07684830117361359, 0.05620209909699019]], "ideal": "B", "sampled": "A", "correct": false}}
{"type": "result", "data": {"idx": 3, "options": ["An Apgar", "A teratogen", "Only a problem in the first 6 weeks", "A controlled substance"], "probs": [[0.01708223372524501, 0.9774786785497953, 0.004121811790391938, 0.0013172758345677807], [0.020206419977204123, 0.9736925472519106, 0.004725920089328977, 0.0013751125815562796], [0.0579240547760547, 0.009758103978517906, 0.9205493368817957, 0.011768504263631617], [0.009118910887855136, 0.004514683978326645, 0.011528306405936287, 0.974838098627882], [0.058788837695960515, 0.011579537364015145, 0.9198828617721446, 0.009748763067879715], [0.012835864156817204, 0.00841901058523357, 0.005696532809330049, 0.9730485923486192], [0.9847488464321877, 0.007064415147633525, 0.005332917330846378, 0.0028538209893323755], [0.9809024358059039, 0.00797429354931267, 0.007851400886144867, 0.0032718696586385666], [0.9830502810835954, 0.005846565909981372, 0.00811755608586985, 0.002985596820553426], [0.982284327789974, 0.006316616495258339, 0.008368823766027053, 0.00303023184874057], [0.9807109715249603, 0.00822605605328891, 0.006927718746439904, 0.0041352535753108495], [0.9839077503431903, 0.007632046400345015, 0.005328594050523654, 0.003131609105940956], [0.047740968112570295, 0.012456697901066347, 0.9296371010821044, 0.010165232804258979], [0.007040482964707057, 0.004690554936945457, 0.006614494155285188, 0.9816544678430623], [0.0215820496806175, 0.9618029575171116, 0.012298238269906355, 0.0043167544323645095], [0.022364714778739185, 0.9660152051970657, 0.007610261326114342, 0.004009818598080753], [0.005172155234138034, 0.002481967387352144, 0.006641683175578357, 0.9857041941029314], [0.04353853897543952, 0.012092378470121372, 0.9310900221172944, 0.013279060337144656], [0.04446239984490598, 0.01056382944707712, 0.9362180278100393, 0.008755742797977605], [0.010526559358663947, 0.005377199512707136, 0.006385361236929134, 0.9777108797916998], [0.018373908370531784, 0.9724002425197399, 0.007196237757848467, 0.0020296112518798605], [0.015309047163696328, 0.9772619740509778, 0.005291306629982652, 0.002137672055343194], [0.005847826606297751, 0.0024002825401189037, 0.008247355939283633, 0.9835045348142997], [0.04494248514309868, 0.010844880227009086, 0.9315355204861052, 0.012677114043786956]], "ideal": "B", "sampled": "B", "correct": true}}
{"type": "result", "data": {"idx": 4, "options": ["needs analysis.", "job evaluation.", "summative evaluation.", "formative evaluation."], "probs": [[0.9841492698357707, 0.005945333446288117, 0.005945380478072086, 0.003960016139869177], [0.9826174055840569, 0.00557651606376033, 0.01041813380076209, 0.0013879444514207416], [0.9858592690271546, 0.005508072641662435, 0.0058633419337910985, 0.0027693162973918208], [0.8198298006985424, 0.009398582151978715, 0.16921330557276335, 0.0015583114767155515], [0.9889254467707453, 0.004580625751168724, 0.005439542643335615, 0.00105438473475031], [0.9868300279666335, 0.004642898737188684, 0.007654804524453419, 0.0008722686717243249], [0.012581335466232874, 0.9840741489265789, 0.0023276986433387985, 0.0010168168638495037], [0.018169250602907697, 0.9767426990138126, 0.004183373474681271, 0.0009046768085984313], [0.030637736724813448, 0.007994429527690703, 0.9533744835227123, 0.007993350124783605], [0.025814056454554903, 0.019188690495709766, 0.5696167773643322, 0.38538047558540306], [0.045083546340503045, 0.012919702908791872, 0.9345202097049753, 0.007476540945729827], [0.027573870221729607, 0.019864919809151487, 0.08106311132871435, 0.8714980985404045], [0.022214939661688242, 0.9746806553063514, 0.002454155573140555, 0.0006502493588197515], [0.02688928140887671, 0.9629012368284573, 0.009739497698761236, 0.00046998396390478107], [0.051923561305879946, 0.007251938209916248, 0.9350884385516989, 0.005736061832504956], [0.03176959665841451, 0.015010672913503248, 0.3811208083877474, 0.5720989219403348], [0.13916901983476843, 0.05201544887768655, 0.8010846226404345, 0.007730908547110603], [0.054102222759768955, 0.025561004487832717, 0.005113061812204143, 0.9152237108401942], [0.04867389983818465, 0.9476621512431862, 0.0029695875678396153, 0.0006943612507895123], [0.051605024525916796, 0.9438506562758944, 0.003979874858276297, 0.0005644442399125026], [0.10222156592345308, 0.0095102379529225, 0.8832571719492296, 0.005011024074394788], [0.07504117530043196, 0.017011189926639737, 0.1010038560211453, 0.806943778651783], [0.1821253057733238, 0.028376087015922806, 0.7790605110886235, 0.010438096022129839], [0.07854234583697003, 0.01499320503393563, 0.007422957251590255, 0.899041491777504]], "ideal": "A", "sampled": "A", "correct": true}}
{"type": "result", "data": {"idx": 5, "options": ["a useful strategy for helping the client understand the present.", "a way for the client to avoid coming to terms with the present.", "\"the \"\"second layer\"\" of therapy.\"", "\"a way for achieving \"\"closure\"\" near the end of therapy.\""], "probs": [[0.62558265165346, 0.2649194667016152, 0.08874824128618602, 0.020749640258738725], [0.6836735809260474, 0.2555045561387308, 0.025701370853636604, 0.03512049198158524], [0.7352015807071891, 0.1859167027455163, 0.06131762128490317, 0.017564095162391463], [0.8205929810345712, 0.13823204922265211, 0.016003932444553087, 0.025171037198223535], [0.7457995967067382, 0.11988100871264476, 0.1025564135553297, 0.031762980925287336], [0.8142879901701432, 0.10682580935124696, 0.049684507895161614, 0.029201692483448217], [0.05832848493188625, 0.8706906092333786, 0.06019039625249746, 0.01079050948223767], [0.04433148746074294, 0.933236621839249, 0.010866764961905648, 0.011565125638102311], [0.12403639035068192, 0.26675387419316315, 0.5827972714676615, 0.026412463888493495], [0.06917806546570952, 0.3199179690776224, 0.022466303234420545, 0.5884376621222476], [0.11429089604678862, 0.08628639802965728, 0.757372279767973, 0.042050426055581125], [0.09524715442405234, 0.10462399224832557, 0.24328223310994698, 0.5568466201176752], [0.16130688183978623, 0.8065546449750765, 0.023980588687771517, 0.008157884397365783], [0.12077306161870364, 0.8650202182337584, 0.006605429140485817, 0.007601290907052167], [0.24477620312526724, 0.10205033872964336, 0.625275506374962, 0.027897951670127354], [0.2714579964079746, 0.12429425577936377, 0.04718387583462219, 0.5570638718780394], [0.16360861091841933, 0.050691679209415225, 0.7687212242324851, 0.01697848553968027], [0.22991092329474735, 0.09290614654009706, 0.08072885064920504, 0.5964540794159505], [0.035508827032860193, 0.9449352201048683, 0.013480831187375943, 0.006075121574895569], [0.026086302244828094, 0.9637793125691768, 0.006006784255403634, 0.004127600830591406], [0.11120582205128503, 0.12603376616717032, 0.7255062352064993, 0.03725417647504531], [0.09535256027221828, 0.32769849893153985, 0.17542335389290384, 0.40152558680333805], [0.1005818415440963, 0.09159278294259772, 0.79140438115514, 0.016420994258166007], [0.10014760343999143, 0.43507235589635257, 0.17039160174824178, 0.2943884388154142]], "ideal": "B", "sampled": "A", "correct": false}}
{"type": "result", "data": {"idx": 6, "options": ["the efficiency of controlled memory processes", "metamemory skills, or knowledge about memory", "recognition memory", "the amount of factual memory knowledge available"], "probs": [[0.26052985369132936, 0.24099598050675786, 0.13102957995503894, 0.3674445857468738], [0.37367418822270565, 0.25687885568939534, 0.31476214876710296, 0.05468480722079608], [0.2529515604947014, 0.10222816390096957, 0.5613989787628207, 0.08342129674150825], [0.18672158239527503, 0.09997482075231241, 0.4844956207795745, 0.22880797597283808], [0.31232881891951875, 0.23215064663522017, 0.4139032111711763, 0.04161732317408477], [0.1318778593660836, 0.16936772200886455, 0.06950905432263267, 0.6292453642024192], [0.0660324096613655, 0.11234094201395053, 0.1852146833949841, 0.6364119648296999], [0.1119955910332921, 0.11201405357173431, 0.6755946177225045, 0.10039573757246908], [0.08175349356539331, 0.1189724671568581, 0.4152607383202608, 0.3840133008574878], [0.102746806467639, 0.10117177597573458, 0.6701866837045928, 0.12589473375203367], [0.11380617149815095, 0.3192244720255323, 0.3850905837465095, 0.18187877262980728], [0.08862281787901355, 0.37903947481536154, 0.17627573405549876, 0.35606197315012617], [0.11126817596989733, 0.18065754519535654, 0.4008091300747122, 0.3072651486600339], [0.08726202210692224, 0.1484878256317849, 0.4868855620995714, 0.2773645900617215], [0.09803993998977639, 0.2076061814815816, 0.27502557632557056, 0.4193283021030714], [0.1302096824186518, 0.26724874572392965, 0.4839689062950497, 0.11857266546236883], [0.06568850551749833, 0.47796490605624325, 0.041118133655853976, 0.4152284546704044], [0.07988570332154092, 0.5050132682037017, 0.3364435606693218, 0.0786574677054356], [0.20142815104669012, 0.10783823096396948, 0.6504426307127932, 0.0402909871765472], [0.15140010076588123, 0.11430797469274595, 0.15381738198163622, 0.5804745424597366], [0.30214016897489454, 0.506081797585081, 0.13410780831633595, 0.05767022502368847], [0.2901431956469075, 0.48598764957208473, 0.11544005284585025, 0.10842910183515747], [0.16371658782326765, 0.17431867578953855, 0.0904334959036757, 0.5715312403835181], [0.13743656309138433, 0.108746561411279, 0.7091943926357641, 0.04462248276157254]], "ideal": "A", "sampled": "D", "correct": false}}
{"type": "result", "data": {"idx": 7, "options": ["Parkinson's disease", "Vascular Dementia", "a right frontal lobe tumor", "Alzheimer's disease"], "probs": [[0.4283755793841286, 0.06470817734430924, 0.16264019056659748, 0.34427605260496463], [0.5479645234536875, 0.06056551374942726, 0.3172984778060577, 0.07417148489082753], [0.425298650161055, 0.18017038016471323, 0.06837764687350491, 0.32615332270072683], [0.5297920502037536, 0.2426726849635672, 0.1340075383952019, 0.09352772633747723], [0.6661483049190003, 0.08475808040622942, 0.1333104103690819, 0.11578320420568834], [0.49301066171774405, 0.06997185184558316, 0.32349205407907755, 0.1135254322575952], [0.017949446074052508, 0.7999812170053724, 0.04306481622241067, 0.1390045205981644], [0.015411481945406352, 0.8415958833869285, 0.08203615365943577, 0.0609564809082294], [0.03726058672790728, 0.02369099758104636, 0.7143097226449044, 0.22473869294614193], [0.011826989455126013, 0.010771790797521347, 0.0808313663464803, 0.8965698533008724], [0.025730614562040108, 0.02271864690091234, 0.7522745511078994, 0.1992761873291481], [0.008557603694797276, 0.007916837861221252, 0.024765192433137795, 0.9587603659108437], [0.011621710951411386, 0.9526513306649618, 0.009942569861522059, 0.025784388422104815], [0.013642070813602948, 0.9565200804707542, 0.009675856678710378, 0.02016199193693243], [0.0720473229813054, 0.03567804395795716, 0.6837751864703188, 0.20849944649041868], [0.029396187401617747, 0.022196561013190466, 0.03384139375854352, 0.9145658577266482], [0.07201925235151764, 0.045793135710360776, 0.7867701179927529, 0.09541749384536875], [0.03174522808531647, 0.02360016881514573, 0.05932062660069382, 0.8853339763988439], [0.012209788883551205, 0.9403243055182594, 0.019516693408030753, 0.027949212090158614], [0.01664286699551722, 0.8947789851474217, 0.050480143265000436, 0.03809800449206061], [0.029294543129039723, 0.019527213755125707, 0.8046971007639345, 0.14648114225189998], [0.009045092484957868, 0.007619709322981999, 0.016381731430656216, 0.9669534666614039], [0.05195265064455294, 0.04586570118203801, 0.8004501133507643, 0.10173153472264475], [0.019315388951166974, 0.02405042126769076, 0.0402675103480479, 0.9163666793330943]], "ideal": "A", "sampled": "A", "correct": true}}
{"type": "result", "data": {"idx": 8, "options": ["unethical, because the client's needs were not addressed more directly", "unethical, because the psychologist should have delayed the trip and given the client an appointment for that afternoon", "unethical, because the psychologist should have called a physician directly", "ethical, because it was not possible to determine whether or not the client was being manipulative"], "probs": [[0.9359408660709465, 0.035736388175550256, 0.022016418740006892, 0.0063063269134963785], [0.8566810413699664, 0.05923294929607973, 0.009227789215627015, 0.07485822001832694], [0.9403271296522172, 0.03943307293862262, 0.014735062950084627, 0.005504734359075529], [0.9160573871734037, 0.0595004878943463, 0.0081798911376036, 0.016262233694646404], [0.831134271225995, 0.04405817394016431, 0.06824576693706468, 0.056561787796775995], [0.7654749607744706, 0.04387475840541889, 0.16050119397485854, 0.03014908674525193], [0.29728258972160904, 0.573160079819013, 0.10437879872141824, 0.02517853163795972], [0.22860213175333055, 0.5485330952359011, 0.02731173365113558, 0.19555303925963274], [0.4594724492994643, 0.15636636373463622, 0.3523995293041314, 0.031761657561768075], [0.20744202509872192, 0.21410200904160928, 0.031825397803207305, 0.5466305679564615], [0.19148135183326886, 0.07157504557847481, 0.5901107191449378, 0.14683288334331843], [0.15914793429532562, 0.07759202328734548, 0.2076599911218347, 0.5556000511954942], [0.8757020421764992, 0.0827555897594362, 0.029051047437875305, 0.012491320526189289], [0.8526000403484822, 0.10508698253331455, 0.014905850443166726, 0.027407126575036498], [0.8610800175026632, 0.08136923299648285, 0.04564589087256909, 0.011904858528284845], [0.6128539878635515, 0.17563402192982736, 0.021645184039707027, 0.1898668060669141], [0.6600035428340851, 0.08262878655561041, 0.21102580426013215, 0.04634186625017233], [0.5473218911045985, 0.1112288484806867, 0.12028218266883868, 0.22116707764587612], [0.027490614267308092, 0.8290416053966406, 0.04751044882999389, 0.09595733140605735], [0.02735593310059596, 0.824976966773936, 0.10326166276838857, 0.04440543725707953], [0.07406347409782081, 0.23178859570812266, 0.48313419105796557, 0.21101373903609097], [0.057782370806601965, 0.2395792463166568, 0.09093629601782278, 0.6117020867589185], [0.06708600721285966, 0.3922305013265392, 0.4658362213865012, 0.07484726997409989], [0.05319165104983542, 0.4385923775487072, 0.0557632487640888, 0.45245272253736857]], "ideal": "A", "sampled": "A", "correct": true}}
{"type": "result", "data": {"idx": 9, "options": ["clarify boundaries between family members in order to reduce enmeshment.", "work initially with the most differentiated family member.", "\"use a multiple-therapist team to prevent any one therapist from becoming \"\"triangulated\"\" into the family system.\"", "\"issue specific \"\"directives\"\" designed to counteract dysfunctional processes.\""], "probs": [[0.9596544282533637, 0.028091469012969546, 0.008569704703062245, 0.0036843979306045026], [0.9533213909942546, 0.031621295749447886, 0.010430600425103511, 0.004626712731193958], [0.9414299217015312, 0.034835619829402864, 0.018946164193645258, 0.0047882941754207], [0.9546623825422621, 0.030691750292067627, 0.006640534432950589, 0.008005332632719676], [0.9572094263387677, 0.02551287674429995, 0.013659721578803142, 0.0036179752381291933], [0.9590272321926944, 0.025964530473125726, 0.007799417238869167, 0.007208819995310771], [0.008112477532593422, 0.9827394366661224, 0.007159988743570274, 0.0019880969577139203], [0.007989280802402526, 0.9830552868240461, 0.006320801985911555, 0.002634630287639833], [0.07199402045492584, 0.06353961581042375, 0.8371388190573936, 0.02732754457725679], [0.012501330084444906, 0.035063569530370264, 0.0047461167983112425, 0.9476889834868736], [0.07259638349855546, 0.06508260734367438, 0.8310954275812353, 0.031225581476534793], [0.016682091731884154, 0.02245034908499971, 0.006235344898475792, 0.9546322141846404], [0.02445366792136273, 0.9617216586104929, 0.010356163605012014, 0.0034685097631323818], [0.022048531740487952, 0.967367639685964, 0.005663849125040176, 0.0049199793485078976], [0.12514909681044029, 0.39777387831120725, 0.450839414933112, 0.026237609845240418], [0.08272681338224225, 0.42018568276778684, 0.020924387380673492, 0.4761631163692974], [0.10200537474164438, 0.05460723719106424, 0.8028077869072381, 0.0405796010600533], [0.09775793389045735, 0.09931354070585491, 0.2742804750096982, 0.5286480502939895], [0.02342277348882475, 0.965426069300451, 0.00835353213551678, 0.002797624975207362], [0.023124798505471868, 0.9681914782323766, 0.004848997442851231, 0.0038347257193002884], [0.1580559795502316, 0.1395073415089368, 0.6762241275578458, 0.026212551282985767], [0.06546926099058986, 0.060558768765551184, 0.011381513472710578, 0.8625904566711483], [0.17582061950527492, 0.10665708818954987, 0.6744279885900167, 0.043094303615158425], [0.15065128650794063, 0.2484345510820103, 0.15794276718876554, 0.44297139512128353]], "ideal": "A", "sampled": "A", "correct": true}}
{"type": "result", "data": {"idx": 10, "options": ["A true experiment", "A cross-sequential cohort design", "A natural experiment", "A cross-sectional cohort design"], "probs": [[0.17126627478777284, 0.5528913323854349, 0.17671935431983002, 0.09912303840696222], [0.17145494220788907, 0.5800641472024134, 0.18540519997235488, 0.06307571051734268], [0.15280426002417605, 0.5251080549760486, 0.18723589738034124, 0.13485178751943408], [0.131099940060373, 0.4948034875855942, 0.2301089143652779, 0.14398765788875487], [0.14109320077795895, 0.6225745359591481, 0.1675681248542643, 0.0687641383086286], [0.1477352899601318, 0.4079415286998004, 0.34893627131553556, 0.09538690992453225], [0.18304446756963255, 0.25415357615604156, 0.34200263607089687, 0.22079932010342898], [0.23401257314343735, 0.3405156800954681, 0.3149296429858081, 0.11054210367528644], [0.14693640323038326, 0.10420390636965628, 0.6689703615425278, 0.07988932875743267], [0.17696473791758155, 0.23815713394989307, 0.405122447202334, 0.17975568083019142], [0.1622233563830658, 0.4768351685052392, 0.2983982309161978, 0.06254324409549718], [0.13399470350276732, 0.600567601582239, 0.09067411312575309, 0.17476358168924058], [0.37950015194273073, 0.430069034732782, 0.09447561232718606, 0.09595520089730114], [0.30216766805030926, 0.4829072699931833, 0.11834403254094263, 0.09658102931556482], [0.4505417258495322, 0.2527548155928195, 0.24118445234851296, 0.05551900610913535], [0.48266432403661635, 0.2665838340639296, 0.16945539665696324, 0.08129644514249078], [0.4002570896997981, 0.20767558083116539, 0.3267250431760393, 0.06534228619299717], [0.45682990289112746, 0.25231896352145927, 0.15790070042823476, 0.13295043305917856], [0.1414799434246187, 0.3341612617087365, 0.41587976856482944, 0.10847902620181533], [0.12102232331217622, 0.20588595242739416, 0.46397749490967116, 0.20911422925075845], [0.12360413547145105, 0.35214599606941294, 0.41170516693238807, 0.11254470142674793], [0.0909743620509482, 0.3542632513029252, 0.08547087140228281, 0.46929151514384376], [0.08327947494091664, 0.05635572927361635, 0.7902353942331541, 0.0701294014523129], [0.09786039646827356, 0.16648495069965671, 0.3363084472334315, 0.3993462054986382]], "ideal": "B", "sampled": "A", "correct": false}}
{"type": "result", "data": {"idx": 11, "options": ["recall of words", "verbal comprehension", "verbal learning", "production of speech"], "probs": [[0.008255845916249355, 0.01803497794577001, 0.004351381704040575, 0.9693577943339401], [0.03229331666536519, 0.034922172128651494, 0.9293267925034562, 0.0034577186025271734], [0.00995719722792378, 0.014265357668064424, 0.006531404866287347, 0.9692460401377244], [0.01944007143809626, 0.018844680648148433, 0.9516292703135576, 0.010085977500197754], [0.02315368190949502, 0.9693327201877114, 0.0064306046621561514, 0.0010829931406374298], [0.013159379127460262, 0.9821178240259151, 0.0031754043235072533, 0.0015473924231173416], [0.011901761004942155, 0.007806536944700824, 0.004735003531939774, 0.9755566984184172], [0.035496112674688066, 0.01677003722912412, 0.9447273206397704, 0.003006529356417423], [0.011331016180838288, 0.01115701997845107, 0.004169188899266117, 0.9733427748414445], [0.06450511848039292, 0.026477582923548817, 0.9046951550349974, 0.004322143461060791], [0.044382420042445477, 0.9490198421904158, 0.004903365978861502, 0.0016943716882772764], [0.052132091135528844, 0.9387003474059255, 0.006947294141801766, 0.002220267216743973], [0.010495208623660554, 0.009409358362769075, 0.00527829092078408, 0.9748171419927864], [0.030617756405479927, 0.021046555117921573, 0.9379176931209673, 0.010417995255631224], [0.010282159516127825, 0.015927708805786013, 0.0037246539801950754, 0.9700654775978911], [0.06816298986861836, 0.04200061329131565, 0.884152354462459, 0.005684042277606978], [0.02820214707687146, 0.9636559158621409, 0.004825642466778983, 0.003316294494208647], [0.05837754745506728, 0.9276448826402952, 0.011678142898821438, 0.002299426905816055], [0.9918259781373072, 0.004249399022958102, 0.0035232385895968945, 0.00040138415013782087], [0.9908173487557069, 0.005536217933484447, 0.0027842189852936576, 0.0008622142255149607], [0.9923113852072662, 0.005459219036579827, 0.0019166376971391534, 0.0003127579590147898], [0.9915532541737638, 0.005455131026283436, 0.002658933566403564, 0.00033268113354917967], [0.9912893801713045, 0.005989272842026798, 0.002070194798820961, 0.0006511520878477125], [0.9909096444230343, 0.0047363813381775454, 0.003988835288854267, 0.0003651388499338456]], "ideal": "D", "sampled": "D", "correct": true}}
{"type": "result", "data": {"idx": 12, "options": ["the child\u2019s intelligence.", "the child\u2019s \u201cbasic personality.\u201d", "the strength of the parent-child attachment.", "the parents\u2019 childrearing behaviors"], "probs": [[0.004390709769789767, 0.0854902604805198, 0.019375375431962934, 0.8907436542177275], [0.008806048091455574, 0.05147853197355666, 0.9269022482735203, 0.012813171561467407], [0.003402457833454137, 0.19777225258057385, 0.004369570610759329, 0.7944557188752127], [0.006875806394557024, 0.3696125695490566, 0.6190022145938157, 0.004509409362570728], [0.0017727520624825105, 0.9929680940762926, 0.0033121810557683816, 0.0019469727054565286], [0.0017456347610510152, 0.9931749316645777, 0.00418785337894635, 0.0008915800954249625], [0.004746461110546771, 0.004459829341284885, 0.01270479413755224, 0.978088915310616], [0.019330987012422186, 0.012482993127828652, 0.9462805962251803, 0.02190542353456882], [0.006256133583426175, 0.27881633343231205, 0.003002466305012947, 0.7119250665792488], [0.016847954716101253, 0.5493203288465458, 0.4278241009841976, 0.006007615353155322], [0.005030512168399624, 0.989134845528894, 0.0027353946764960505, 0.00309924752621033], [0.005426107349902364, 0.9867307379651629, 0.006053793143383368, 0.0017893614415514312], [0.022092348348218372, 0.004854085473802778, 0.003780756909850274, 0.9692728091681285], [0.07530801225399995, 0.013716611493674166, 0.903401163652107, 0.00757421250021889], [0.019773449490880883, 0.01010110124967665, 0.002325766675801403, 0.967799682483641], [0.12761386728520985, 0.018676576403508345, 0.8454226519926191, 0.008286904218662738], [0.555339606951337, 0.4325237954312907, 0.005360848936531124, 0.006775748580841147], [0.6955741813258599, 0.28997699132259935, 0.01056328441589325, 0.0038855428356475126], [0.9808791372447182, 0.006507598390806593, 0.010399430157130145, 0.0022138341073450547], [0.9882079009724793, 0.005696146888971583, 0.005106233185871413, 0.0009897188526776426], [0.9808880859348472, 0.013145705916319883, 0.004072594528032471, 0.001893613520800445], [0.9823667110562854, 0.011618496978064233, 0.005075975784008016, 0.0009388160816423328], [0.9875106869166228, 0.008954810030875168, 0.002448271042988493, 0.0010862319095135621], [0.9864383238368659, 0.009085920163519891, 0.003503123241079566, 0.0009726326585346259]], "ideal": "D", "sampled": "D", "correct": true}}
{"type": "result", "data": {"idx": 13, "options": ["is nonresponsive to visual or auditory stimuli and seems to be in a state of deep sleep.", "is confused and incoherent, may exhibit bizarre behavior, and is unable to care for him/herself.", "is alert and oriented and can remember and integrate remote and recent events but may have some impairment in judgment, planning, and abstract reasoning.", "is functioning at an intellectual level that is superior for his/her age, education, and demographic background."], "probs": [[0.019614905190051986, 0.018427744574595534, 0.9451794062547663, 0.016777943880586194], [0.017031195433559885, 0.03720195391783786, 0.30664981836412536, 0.6391170321844769], [0.005958295304586865, 0.986521819783927, 0.00525834586820731, 0.0022615389432788942], [0.004863499096275301, 0.9866189154036943, 0.007187967038152213, 0.0013296183618782297], [0.01623683440787587, 0.2138879173842156, 0.03491569721627917, 0.7349595508916293], [0.020367058485147194, 0.07807880828312166, 0.8935780740688394, 0.007976059062891745], [0.026117582663914198, 0.01795183607208696, 0.9352692577501096, 0.020661323413889182], [0.01451429576132616, 0.013850635277415242, 0.20352536968594134, 0.7681096991753172], [0.014604092302835265, 0.9769863953837241, 0.005047367503866591, 0.0033621447095739873], [0.018267680768247568, 0.9667366964693189, 0.013158341931264484, 0.0018372807311690025], [0.01662801481686873, 0.06785671017288189, 0.00761326590865237, 0.907902009001597], [0.0630228615563134, 0.08750543754092864, 0.8302499551217599, 0.01922174568099805], [0.7800218810860963, 0.0327050588711455, 0.14657240269681182, 0.04070065724594644], [0.8613000396504262, 0.02190363343047548, 0.09078633546590062, 0.026009991353197655], [0.8900606598970996, 0.047175294908559554, 0.024859288416581568, 0.03790475667775931], [0.8469550364217281, 0.04930220774033831, 0.09067951625138368, 0.013063239486549907], [0.9065199363436072, 0.05795733910933669, 0.014202725865915948, 0.021319998581140212], [0.8769206428451559, 0.06352870615325898, 0.05025475827415061, 0.009295892627434526], [0.02030633504146607, 0.007018219430515622, 0.05350205857416339, 0.919173386853855], [0.030301246641001298, 0.008818939673438315, 0.9575846154887939, 0.0032951980967664313], [0.0240792498442022, 0.02125129261014463, 0.007696623343576251, 0.9469728341020769], [0.08416346616505863, 0.037939187842151216, 0.8634981076952487, 0.014399238197541476], [0.02116956623450115, 0.9733534738742301, 0.0043011416070968716, 0.0011758181841718433], [0.028200028211876543, 0.9635491284940606, 0.0069111082084499275, 0.001339734985612952]], "ideal": "B", "sampled": "C", "correct": false}}
{"type": "result", "data": {"idx": 14, "options": ["decline the request to testify.", "agree to testify only if she obtains consent from both parents.", "agree to testify only if she can evaluate all of the involved parties.", "agree to testify only if her familiarity with the child won''t bias her testimony."], "probs": [[0.11560304031098784, 0.5265283983967532, 0.08465739023370145, 0.27321117095855746], [0.13669577914922734, 0.29871795778160554, 0.4776442957850903, 0.0869419671840768], [0.14353175673735932, 0.3040492579640272, 0.2482929862533021, 0.30412599894531134], [0.11880499300372163, 0.16761961827419314, 0.6134839744771563, 0.10009141414492893], [0.039282629302217424, 0.8942935898967485, 0.04815125698102187, 0.018272523720012267], [0.039700014378816324, 0.9180123343400314, 0.022630494810196897, 0.01965715637095541], [0.09680514709573654, 0.5574069577091311, 0.15009274965444758, 0.19569514544068484], [0.09334708644990986, 0.1337819531376025, 0.7236572422444922, 0.04921371806799536], [0.06944803737643192, 0.08381943961543348, 0.6393021797650523, 0.2074303431430823], [0.06935622077333278, 0.09191218891409543, 0.25780300554866176, 0.5809285846639101], [0.11956500738635811, 0.18527420939274628, 0.6270038940800191, 0.06815688904087652], [0.07442711927106095, 0.19924468993273678, 0.06270373518579404, 0.6636244555104083], [0.06741652084524498, 0.42635327059322303, 0.3170053400746471, 0.18922486838688488], [0.05234120725115497, 0.08769134953881669, 0.8067834857362466, 0.05318395737378177], [0.06418929487530098, 0.10589954650458971, 0.6193216077111336, 0.21058955080897562], [0.05593920373493124, 0.11128806818009997, 0.19230825767289184, 0.640464470312077], [0.07921559871788614, 0.3551501525538612, 0.5009553282667323, 0.06467892036152044], [0.04736422001841879, 0.47107657785473256, 0.07225109636061089, 0.40930810566623776], [0.2859259832888795, 0.5343386510436156, 0.1531324678762142, 0.026602897691290775], [0.28779500934431174, 0.6094307348225347, 0.06839369287696279, 0.03438056285619076], [0.15690332298863016, 0.09372656581969802, 0.7036956986745302, 0.04567441241714158], [0.11533478373880172, 0.09564427677363013, 0.059860660347567464, 0.7291602790400007], [0.1576940674033331, 0.08988014373342057, 0.6961851533800953, 0.056240635383150925], [0.11734729829229708, 0.0928551168221495, 0.09286593506501395, 0.6969316497205394]], "ideal": "A", "sampled": "A", "correct": true}}
{"type": "result", "data": {"idx": 15, "options": ["goals serve 2 purposes: they are a basis for motivation and they direct behaviors", "goal attainment is maximized when goals are specific and highly difficult", "goal attainment is maximized when frequent feedback is given", "worker participation in goal-setting is also good"], "probs": [[0.13434799014178522, 0.15230186282065392, 0.13868162034555262, 0.5746685265920083], [0.17637501655245374, 0.19994823632624997, 0.1938262283608206, 0.42985051866047563], [0.1020897596349622, 0.0833640669690433, 0.4950974733603375, 0.319448699935657], [0.09758841626903496, 0.07603197260811666, 0.08220855584631738, 0.744171055176531], [0.1265937517964347, 0.08704551923826825, 0.5010424777209026, 0.2853182511443944], [0.07827352002658271, 0.057285567992638994, 0.08599186631998053, 0.7784490455607977], [0.14313694196324336, 0.11687587897061072, 0.16482366112155514, 0.5751635178445907], [0.21273181157267382, 0.1532846413888926, 0.17644329630224712, 0.4575402506361865], [0.14949139352086716, 0.13831719089061814, 0.2928635652287139, 0.41932785025980085], [0.16806482766184927, 0.12691448249398657, 0.2408680098749331, 0.46415267986923103], [0.21399949703463741, 0.17202030585355116, 0.2926734511158183, 0.3213067458959932], [0.16055218395319856, 0.1250921748425986, 0.18779368137050234, 0.5265619597337005], [0.12022309451924164, 0.08138615940390863, 0.4611673526439598, 0.3372233933328899], [0.10399826054709617, 0.06717000756515973, 0.06020890714003723, 0.7686228246477068], [0.16485772763464296, 0.2514882870875854, 0.2400148242483051, 0.3436391609294665], [0.18488070254270433, 0.22661850052433746, 0.19086083699797599, 0.3976399598349822], [0.17796064778902237, 0.10143487823906307, 0.33787023766037033, 0.38273423621154423], [0.11582960759689023, 0.05736497703567226, 0.6266514564922923, 0.20015395877514527], [0.206152476578917, 0.11039471291372084, 0.410302833065444, 0.27314997734191815], [0.12421759304621158, 0.07305306685341224, 0.12044154168931645, 0.6822877983110597], [0.22249835395825632, 0.27701788725142296, 0.2191991922159461, 0.2812845664743746], [0.19000063268428538, 0.19611930260725707, 0.14350394475503372, 0.4703761198534238], [0.1782106472240295, 0.12063121139267181, 0.3178855204106788, 0.38327262087261993], [0.13223766885157273, 0.06652343074242334, 0.5931829036720605, 0.20805599663394342]], "ideal": "B", "sampled": "B", "correct": true}}
