{"type": "result", "data": {"idx": 0, "options": ["0", "4", "2", "6"], "probs": [[0.12786334214297881, 0.48254937543732734, 0.22795467284684756, 0.16163260947284622], [0.2514220252805469, 0.3545858965336115, 0.21846371047886215, 0.17552836760697937], [0.2503981366147218, 0.4128585982334281, 0.15917846625836155, 0.1775647987934886], [0.266718663746825, 0.22114900411388133, 0.3372070889495495, 0.1749252430897442]], "ideal": "B", "sampled": "B", "correct": true}}
{"type": "result", "data": {"idx": 1, "options": ["8", "2", "24", "120"], "probs": [[0.2966052977922575, 0.24593042567685902, 0.26593742564454936, 0.19152685078633408], [0.27045600235475614, 0.3262486651957816, 0.2313701648105377, 0.1719251675389245], [0.30493005198379675, 0.3794915562640155, 0.14182637207799367, 0.17375201957419412], [0.3238560750074824, 0.26435192012240954, 0.2059024396870728, 0.20588956508303521]], "ideal": "C", "sampled": "D", "correct": false}}
{"type": "result", "data": {"idx": 2, "options": ["0", "1", "0,1", "0,4"], "probs": [[0.21074737920363362, 0.16675290712168586, 0.36421359124436076, 0.2582861223303198], [0.23782779273992724, 0.4174571632921471, 0.19113162158008423, 0.15358342228784141], [0.4312016642257263, 0.23084856337618806, 0.17425362955871904, 0.16369614273936658], [0.3610217707531439, 0.2368126405473479, 0.1653304472997657, 0.23683514129974248]], "ideal": "D", "sampled": "C", "correct": false}}
{"type": "result", "data": {"idx": 3, "options": ["True, True", "False, False", "True, False", "False, True"], "probs": [[0.29524296959134383, 0.2999100729509802, 0.28175852119725453, 0.12308843616042142], [0.22326127517192318, 0.36812265606648115, 0.24524150055454985, 0.16337456810704581], [0.2402874642327427, 0.2853687362777618, 0.34966760349252546, 0.12467619589696997], [0.28155764515031656, 0.37302365339507204, 0.2060168801635588, 0.13940182119105263]], "ideal": "B", "sampled": "A", "correct": false}}
{"type": "result", "data": {"idx": 4, "options": ["2x^2 + 5", "6x^2 + 4x + 6", "0", "x^2 + 1"], "probs": [[0.2565382084509759, 0.4718758691095922, 0.12310358697280703, 0.14848233536662483], [0.31822139969925956, 0.14126167120896804, 0.22219688360247952, 0.31832004538929287], [0.1456015299411898, 0.21190580634845632, 0.3661071683020481, 0.2763854953083058], [0.2090344789127432, 0.3288960852561144, 0.31382969953944273, 0.1482397361916997]], "ideal": "B", "sampled": "B", "correct": true}}
{"type": "result", "data": {"idx": 5, "options": ["True, True", "False, False", "True, False", "False, True"], "probs": [[0.305307209461199, 0.29135248062081287, 0.27802556750378316, 0.12531474231420497], [0.2183606475373299, 0.3657209574810518, 0.2634410857890856, 0.15247730909253274], [0.23317393210466195, 0.29022337300661893, 0.3556132177182015, 0.1209894770705176], [0.2718566872844432, 0.39557905802409643, 0.19584068070358596, 0.13672357388787443]], "ideal": "A", "sampled": "A", "correct": true}}
{"type": "result", "data": {"idx": 6, "options": ["True, True", "False, False", "True, False", "False, True"], "probs": [[0.3443632695899514, 0.2992063738165628, 0.2480588387594504, 0.10837151773403543], [0.23749699403941887, 0.37955556447154243, 0.2196808671636504, 0.16326657422538823], [0.2653119366118288, 0.2868979657230501, 0.33543241501729004, 0.11235768254783106], [0.30024974193030346, 0.42344541440638994, 0.16583121570040998, 0.11047362786289662]], "ideal": "A", "sampled": "A", "correct": true}}
{"type": "result", "data": {"idx": 7, "options": ["True, True", "False, False", "True, False", "False, True"], "probs": [[0.32142300714347427, 0.28814055010042183, 0.2665057937121575, 0.12393064894394643], [0.22741514915568226, 0.3691621853416568, 0.24212825703606505, 0.1612944083665959], [0.25492300251213806, 0.29343919412782166, 0.32738260704225075, 0.12425519621778951], [0.2877624163233654, 0.3933487709970265, 0.18294020813096962, 0.13594860444863852]], "ideal": "D", "sampled": "A", "correct": false}}
{"type": "result", "data": {"idx": 8, "options": ["0", "4", "2", "6"], "probs": [[0.11626302328563713, 0.4971831964067739, 0.22764335364484106, 0.15891042656274793], [0.2281136363516622, 0.3880477249234297, 0.21431380508187062, 0.16952483354303743], [0.22765880142382688, 0.4388368296531045, 0.1589464795744474, 0.1745578892486212], [0.23794405940942565, 0.24171923868267792, 0.34624682821605685, 0.1740898735918396]], "ideal": "B", "sampled": "B", "correct": true}}
{"type": "result", "data": {"idx": 9, "options": ["1", "2", "2,3", "6"], "probs": [[0.17633014915610357, 0.2373234629393719, 0.35630375143302806, 0.23004263637149647], [0.20469984070103225, 0.4135264384160376, 0.19536258021762165, 0.18641114056530853], [0.4141803783741214, 0.2759226827437707, 0.13449832682476615, 0.1753986119573418], [0.22636172847754313, 0.2605923789655559, 0.19368458369477648, 0.3193613087621245]], "ideal": "C", "sampled": "C", "correct": true}}
{"type": "result", "data": {"idx": 10, "options": ["True, True", "False, False", "True, False", "False, True"], "probs": [[0.30803588029642115, 0.28938639161077084, 0.2761503457746921, 0.12642738221811592], [0.20829800948953817, 0.3831477107745562, 0.25129168848726036, 0.15726259114864524], [0.22151731612604939, 0.26307977027288143, 0.3949540970810905, 0.12044881641997865], [0.27102942079663267, 0.39436302760361924, 0.19830906980167792, 0.13629848169807016]], "ideal": "C", "sampled": "A", "correct": false}}
{"type": "result", "data": {"idx": 11, "options": ["symmetric only", "anti-symmetric only", "both symmetric and anti-symmetric", "an equivalence relation"], "probs": [[0.18833894658225572, 0.238105862599992, 0.424545581569273, 0.14900960914847924], [0.20014118252604068, 0.4042939663808757, 0.28673384445225375, 0.10883100654082985], [0.26400433168174764, 0.3134968420622749, 0.28551436744074593, 0.13698445871523154], [0.49411409720222665, 0.21587714389879556, 0.1192368036446186, 0.1707719551543592]], "ideal": "C", "sampled": "C", "correct": true}}
{"type": "result", "data": {"idx": 12, "options": ["1", "2", "5", "11"], "probs": [[0.16977151973678414, 0.29337247766045826, 0.3222200822177162, 0.21463592028504136], [0.2410235851762074, 0.30470585820012025, 0.24484851953919007, 0.2094220369844823], [0.3002690285063814, 0.3196665251034752, 0.15338448721470951, 0.2266799590754339], [0.236940510936512, 0.23329759436606134, 0.2814152156603489, 0.24834667893707776]], "ideal": "A", "sampled": "C", "correct": false}}
{"type": "result", "data": {"idx": 13, "options": ["(x \u2212 2)(x + 2)(x \u2212 1)", "(x + 1)(x + 4)(x \u2212 2)", "(x + 1)(x \u2212 4)(x \u2212 2)", "(x - 1)(x \u2212 4)(x \u2212 2)"], "probs": [[0.5656535534579349, 0.1672929227744766, 0.1262368672575659, 0.14081665641002258], [0.5256085913012044, 0.19958565829805947, 0.12882910475591328, 0.14597664554482284], [0.5358595847547637, 0.1795676797448835, 0.13340964912034128, 0.15116308628001157], [0.47708837478352434, 0.20850111916076372, 0.13886883604945366, 0.17554166990625827]], "ideal": "C", "sampled": "A", "correct": false}}
{"type": "result", "data": {"idx": 14, "options": ["6", "12", "30", "105"], "probs": [[0.17327397801821232, 0.2994068518069962, 0.3340205500086825, 0.19329862006610893], [0.22754448177078992, 0.2967807782940667, 0.2619188544750043, 0.2137558853601391], [0.26384902587537284, 0.42825664042697814, 0.12080659986137122, 0.18708773373627777], [0.22727837004889742, 0.26160899191876297, 0.25756284975758753, 0.25354978817475204]], "ideal": "C", "sampled": "C", "correct": true}}
{"type": "result", "data": {"idx": 15, "options": ["True, True", "False, False", "True, False", "False, True"], "probs": [[0.29525105822481856, 0.2730845686631449, 0.30466713136366036, 0.12699724164837614], [0.2242839667615119, 0.39366922365169754, 0.22786584833766024, 0.15418096114913032], [0.2490670363614435, 0.2651601571780606, 0.3624604533043378, 0.12331235305615813], [0.2940905646076177, 0.4083352921742859, 0.1649981861396809, 0.13257595697841557]], "ideal": "B", "sampled": "A", "correct": false}}
{"type": "result", "data": {"idx": 16, "options": ["1", "-1", "i", "-i"], "probs": [[0.27031572442112517, 0.33641703409688534, 0.22410330662408692, 0.16916393475790256], [0.2794175570663442, 0.37017287474921995, 0.1861420356806655, 0.16426753240377034], [0.31932102679036584, 0.3733195550867257, 0.14169784956653986, 0.16566156845636856], [0.19808721835550483, 0.2315988276905506, 0.3422923436760196, 0.22802161017792497]], "ideal": "C", "sampled": "C", "correct": true}}
{"type": "result", "data": {"idx": 17, "options": ["(1,1)", "(3,1)", "(1,6)", "(3,6)"], "probs": [[0.23302545547907738, 0.27674562242134, 0.3087337336767572, 0.18149518832282538], [0.27075214804994474, 0.27504278865941423, 0.27937720888307643, 0.17482785430756462], [0.33057875915643276, 0.3154589674511536, 0.1797501226968182, 0.17421215059559544], [0.2868793606471238, 0.23785908517843118, 0.2653540670606381, 0.20990748701380693]], "ideal": "C", "sampled": "C", "correct": true}}
{"type": "result", "data": {"idx": 18, "options": ["multiplication is not a binary operation", "multiplication is not associative", "identity element does not exist", "zero has no inverse"], "probs": [[0.2225673827688956, 0.2643675843267656, 0.2685515622310243, 0.24451347057331455], [0.30800604358206635, 0.3032833888334231, 0.19891346692668865, 0.18979710055782187], [0.3273065041079667, 0.2432795279486157, 0.21471649086240785, 0.21469747698100972], [0.403251099933723, 0.18468325549701833, 0.20282659860330288, 0.20923904586595576]], "ideal": "D", "sampled": "C", "correct": false}}
{"type": "result", "data": {"idx": 19, "options": ["True, True", "False, False", "True, False", "False, True"], "probs": [[0.30456756861663953, 0.29987644475956104, 0.2817293342279694, 0.11382665229583001], [0.21060496645586918, 0.3754920344790859, 0.26216261549374065, 0.15174038347130425], [0.22168408163262351, 0.2937275346061433, 0.37133868758175875, 0.11324969607947437], [0.2589528118680931, 0.420357729175835, 0.19247179878645448, 0.12821766006961743]], "ideal": "A", "sampled": "A", "correct": true}}
{"type": "result", "data": {"idx": 20, "options": ["True, True", "False, False", "True, False", "False, True"], "probs": [[0.34112432595656444, 0.2656918465825464, 0.26570346948827644, 0.1274803578726127], [0.1946484061293083, 0.36369408527727476, 0.24998270345291917, 0.19167480504049775], [0.21577698429247513, 0.25627192163335855, 0.4159931613976849, 0.11195793257648137], [0.25160972406179677, 0.4628078249889258, 0.1550324330338373, 0.1305500178154401]], "ideal": "A", "sampled": "A", "correct": true}}
{"type": "result", "data": {"idx": 21, "options": ["2x^2 + 5", "6x^2 + 4x + 6", "0", "x^2 + 1"], "probs": [[0.2754708528243206, 0.4471657275706399, 0.1321892589198484, 0.14517416058519114], [0.3515217162997443, 0.14889741608043036, 0.20348441018294797, 0.29609645733687734], [0.1654963691515045, 0.2371151368713233, 0.344973842615375, 0.2524146512617972], [0.23040866389393427, 0.31992815371807604, 0.29129184591652024, 0.15837133637146944]], "ideal": "A", "sampled": "B", "correct": false}}
{"type": "result", "data": {"idx": 22, "options": ["True, True", "False, False", "True, False", "False, True"], "probs": [[0.3306032244010183, 0.2740948004036781, 0.2828085229564221, 0.11249345213888137], [0.20043442544022286, 0.37448726964760304, 0.26145478301250696, 0.16362352179966713], [0.2133127174573781, 0.27392165217511555, 0.3985747158978335, 0.11419091436967284], [0.2706305642061422, 0.44621180818667583, 0.16674726951321525, 0.11641035799396672]], "ideal": "D", "sampled": "A", "correct": false}}
{"type": "result", "data": {"idx": 23, "options": ["semi group with identity", "commutative semigroups with identity", "group", "abelian group"], "probs": [[0.1418867324516309, 0.2267972989572405, 0.4654085358268403, 0.16590743266428834], [0.171564770991767, 0.3989044935173361, 0.3059369625055289, 0.12359377288536806], [0.32115180732757165, 0.46720673737652363, 0.09348525523883695, 0.11815619995706778], [0.33096217119477106, 0.2137187506426611, 0.1539413733941938, 0.30137770466837405]], "ideal": "D", "sampled": "C", "correct": false}}
{"type": "result", "data": {"idx": 24, "options": ["True, True", "False, False", "True, False", "False, True"], "probs": [[0.25452713313509967, 0.29298390264787566, 0.31190355023171756, 0.14058541388530715], [0.19017191869330438, 0.36659882810329364, 0.25595535681271914, 0.1872738962906828], [0.19650012545557968, 0.27713972740292364, 0.384802376959026, 0.14155777008247064], [0.24928277724173964, 0.4174959609982681, 0.1911590362094834, 0.14206222545050887]], "ideal": "B", "sampled": "A", "correct": false}}
{"type": "result", "data": {"idx": 25, "options": ["subgroup", "finite abelian group", "infinite, non abelian group", "ininite, abelian"], "probs": [[0.2576328083359633, 0.3747696084647079, 0.2458810528779959, 0.12171653022133289], [0.3480128101360401, 0.370386367557954, 0.19221012578785757, 0.08939069641814837], [0.3493273853906349, 0.26780357954208256, 0.2439119815582504, 0.13895705340903214], [0.283938135417646, 0.27519201819540856, 0.2840239065001911, 0.15684593978675432]], "ideal": "C", "sampled": "B", "correct": false}}
{"type": "result", "data": {"idx": 26, "options": ["True, True", "False, False", "True, False", "False, True"], "probs": [[0.2989573820971118, 0.2765179913440691, 0.30371448847169125, 0.12081013798712782], [0.21965029178895604, 0.39777423742088835, 0.2450853661922295, 0.1374901044979261], [0.25001214442209563, 0.26617054734969064, 0.36383821745084516, 0.11997909067736859], [0.2799432742281918, 0.40734281579610154, 0.18651073790775685, 0.12620317196794975]], "ideal": "C", "sampled": "A", "correct": false}}
{"type": "result", "data": {"idx": 27, "options": ["Yes, with p=2.", "Yes, with p=3.", "Yes, with p=5.", "No."], "probs": [[0.3856948556261776, 0.24910920484690444, 0.21644256684340404, 0.14875337258351387], [0.411795556504078, 0.25779920813843515, 0.20077423749346476, 0.12963099776402207], [0.39183208281592835, 0.19410660817072412, 0.26525749749701283, 0.14880381141633467], [0.26847438401431983, 0.35575199983424827, 0.24073405616653318, 0.13503955988489874]], "ideal": "B", "sampled": "A", "correct": false}}
{"type": "result", "data": {"idx": 28, "options": ["True, True", "False, False", "True, False", "False, True"], "probs": [[0.3160860381444826, 0.28782616349379603, 0.28337253403985385, 0.11271526422186752], [0.21642080914691167, 0.3798713853517902, 0.2377370999994259, 0.16597070540187217], [0.25456123647657736, 0.2752772496965158, 0.3480054722978871, 0.12215604142901976], [0.2882488455558313, 0.4194285398131958, 0.1721456102004047, 0.12017700433056823]], "ideal": "D", "sampled": "A", "correct": false}}
{"type": "result", "data": {"idx": 29, "options": ["True, True", "False, False", "True, False", "False, True"], "probs": [[0.33533541845892884, 0.27371390427680947, 0.2694882033724619, 0.12146247379179981], [0.22092659595942155, 0.3642848946853713, 0.24268846167810548, 0.17210004757710168], [0.24342187692573083, 0.25513722919794857, 0.37709437954169206, 0.12434651423462857], [0.277038595736975, 0.39686714416149826, 0.18457447930592868, 0.14151978069559806]], "ideal": "A", "sampled": "A", "correct": true}}
{"type": "result", "data": {"idx": 30, "options": ["True, True", "False, False", "True, False", "False, True"], "probs": [[0.3313341859893787, 0.28788499113590293, 0.2662633756380018, 0.1145174471367166], [0.21798655713384857, 0.3650908524191494, 0.2548916675624418, 0.1620309227845602], [0.2328569975581738, 0.27654926016207426, 0.38397015567643356, 0.10662358650331837], [0.28228465140447423, 0.40437472465129215, 0.18806052486298191, 0.1252800989812517]], "ideal": "B", "sampled": "A", "correct": false}}
{"type": "result", "data": {"idx": 31, "options": ["commutative semi group", "abelian group", "non-abelian group", "None of these"], "probs": [[0.20711207952013397, 0.6086993540796194, 0.10915445792383109, 0.07503410837641551], [0.38788170196531224, 0.49031344781850295, 0.06846912306561521, 0.05333572705056961], [0.31390162831532675, 0.23698341490963423, 0.21578266892983375, 0.23333228774520526], [0.09898324457286267, 0.19998818931946294, 0.5352292140072189, 0.16579935200045542]], "ideal": "B", "sampled": "B", "correct": true}}
{"type": "result", "data": {"idx": 32, "options": ["True, True", "False, False", "True, False", "False, True"], "probs": [[0.29944718104174783, 0.29025352214543376, 0.29483899690867765, 0.11546029980414076], [0.20316898820752735, 0.3510782718307369, 0.26919755336930523, 0.17655518649243054], [0.2217630694190736, 0.2803614076610865, 0.37728839265608, 0.12058713016375985], [0.2654120246677816, 0.39227922577871394, 0.2067284820252017, 0.1355802674283028]], "ideal": "A", "sampled": "A", "correct": true}}
{"type": "result", "data": {"idx": 33, "options": ["g = g^-1 for every g in G", "g = g^2 for every g in G", "(g o h)^2 = g^2 o h^2 for every g,h in G", "G is of finite order"], "probs": [[0.3152151091273916, 0.19727875564021793, 0.28709357560626864, 0.20041255952612178], [0.274942840981663, 0.22796558991826413, 0.3020711495861662, 0.19502041941390663], [0.30133886938293614, 0.24216389606938435, 0.2618875659375305, 0.194609668510149], [0.2886231243321759, 0.22132103142909318, 0.24694550034914578, 0.24311034378958515]], "ideal": "C", "sampled": "C", "correct": true}}
{"type": "result", "data": {"idx": 34, "options": ["True, True", "False, False", "True, False", "False, True"], "probs": [[0.33946201960615724, 0.272784716000355, 0.2685754358926531, 0.1191778284008347], [0.22463282940525583, 0.35899803038821826, 0.24676164982235446, 0.16960749028417146], [0.24926488470423366, 0.2737924497120836, 0.35158518477120604, 0.12535748071247668], [0.2780333591401683, 0.3982894778872909, 0.18815236160349674, 0.13552480126904404]], "ideal": "A", "sampled": "A", "correct": true}}
{"type": "result", "data": {"idx": 35, "options": ["0", "4", "2", "6"], "probs": [[0.1108057830071738, 0.5044099500118209, 0.23094906540330445, 0.15383520147770086], [0.22725382919182535, 0.39885969163096285, 0.21019672405718598, 0.16368975502002583], [0.2197272661067948, 0.45086450052021143, 0.15827870603228383, 0.1711295272407099], [0.23188239679226666, 0.23927305992942044, 0.35918966467349506, 0.16965487850481784]], "ideal": "B", "sampled": "B", "correct": true}}
{"type": "result", "data": {"idx": 36, "options": ["0", "1", "11", "22"], "probs": [[0.19093272941584677, 0.3148205420724884, 0.2490464560012228, 0.245200272410442], [0.2690449775059432, 0.3620716196862614, 0.16577015066441875, 0.20311325204337666], [0.30990245725713705, 0.31977113956929576, 0.17937822751798596, 0.1909481755555812], [0.2993436291221086, 0.2725995602603152, 0.2090041879655415, 0.2190526225520347]], "ideal": "D", "sampled": "C", "correct": false}}
{"type": "result", "data": {"idx": 37, "options": ["Yes, with p=2.", "Yes, with p=3.", "Yes, with p=5.", "No."], "probs": [[0.3666915242500253, 0.2683625479018167, 0.21904140382243148, 0.14590452392572653], [0.3879564759932897, 0.2795412283787915, 0.20451900665680323, 0.12798328887111557], [0.36429992314510384, 0.21098501978194867, 0.2751271128379353, 0.14958794413501222], [0.24570402134429048, 0.36892258567514447, 0.2496464662056891, 0.135726926674876]], "ideal": "B", "sampled": "A", "correct": false}}
{"type": "result", "data": {"idx": 38, "options": ["1", "2", "3", "4"], "probs": [[0.28539874296318346, 0.28993429866709836, 0.22227933338209452, 0.20238762488762363], [0.2818224555786861, 0.2566472108396784, 0.19675361497611482, 0.26477671850552065], [0.25514047575007126, 0.25920533358826986, 0.2674054125457204, 0.21824877801593842], [0.2673323710392951, 0.3225020121832745, 0.19867655336842166, 0.21148906330900874]], "ideal": "C", "sampled": "A", "correct": false}}
{"type": "result", "data": {"idx": 39, "options": ["True, True", "False, False", "True, False", "False, True"], "probs": [[0.29266957972019103, 0.27070327022142393, 0.31650085904641456, 0.1201262909119705], [0.20222516339297703, 0.3662243808272541, 0.2764629515384127, 0.1550875041413561], [0.22713087327644696, 0.2916750289828343, 0.3687389167123433, 0.11245518092837535], [0.25557292200397475, 0.4084354571498378, 0.21524707536508217, 0.12074454538110531]], "ideal": "D", "sampled": "A", "correct": false}}
{"type": "result", "data": {"idx": 40, "options": ["0", "1", "-1", "12"], "probs": [[0.3910512982074469, 0.3045851335308119, 0.1438650957181995, 0.16049847244354168], [0.5006281211565206, 0.3283589530908372, 0.044432730140306756, 0.12658019551233546], [0.20643067204057172, 0.11226256852023801, 0.4580632115586755, 0.22324354778051472], [0.17881512797958182, 0.5094798423227925, 0.16799877820728254, 0.1437062513903431]], "ideal": "C", "sampled": "A", "correct": false}}
{"type": "result", "data": {"idx": 41, "options": ["0", "3", "12", "30"], "probs": [[0.29295422314362746, 0.3942307057181335, 0.09511324337157571, 0.2177018276666633], [0.2749273221654045, 0.3067366526227918, 0.15184308813250194, 0.26649293697930176], [0.17672164473075266, 0.27804475605620915, 0.29598730358520686, 0.24924629552783134], [0.1703101199879877, 0.333483388002151, 0.2597274040753635, 0.23647908783449778]], "ideal": "A", "sampled": "A", "correct": true}}
{"type": "result", "data": {"idx": 42, "options": ["True, True", "False, False", "True, False", "False, True"], "probs": [[0.3130793343114549, 0.29414195476828486, 0.2720570922830685, 0.12072161853719172], [0.20622654825354206, 0.3853261000131938, 0.25273292124428115, 0.155714430388983], [0.22140018975158846, 0.28879939000701954, 0.3766982358549266, 0.11310218428646533], [0.2606733298442359, 0.43658116077474945, 0.17367669483335696, 0.12906881444765764]], "ideal": "B", "sampled": "A", "correct": false}}
{"type": "result", "data": {"idx": 43, "options": ["True, True", "False, False", "True, False", "False, True"], "probs": [[0.32545603116249683, 0.28723884680118505, 0.26567204002578443, 0.1216330819105337], [0.2285567704889618, 0.3596051388560514, 0.2471747285949583, 0.16466336196002848], [0.23835900315321812, 0.28754485702691174, 0.3523352505583598, 0.1217608891615104], [0.266366557235698, 0.4256799176314917, 0.18598162744460117, 0.12197189758820907]], "ideal": "C", "sampled": "A", "correct": false}}
{"type": "result", "data": {"idx": 44, "options": ["True, True", "False, False", "True, False", "False, True"], "probs": [[0.30698446586731076, 0.27953998565620325, 0.3022734640371445, 0.11120208433934149], [0.21872882216875722, 0.3495712227833695, 0.27655720295886477, 0.15514275198900854], [0.24029313204488137, 0.2853899321076236, 0.3607927289303411, 0.11352420681715392], [0.2519773990842492, 0.3842529585128003, 0.22240102124380434, 0.14136862105914616]], "ideal": "C", "sampled": "A", "correct": false}}
{"type": "result", "data": {"idx": 45, "options": ["True, True", "False, False", "True, False", "False, True"], "probs": [[0.3292735863784532, 0.2951763912021443, 0.252497468155667, 0.12305255416373555], [0.250226840365352, 0.3641122498215062, 0.23146633691060547, 0.15419457280253632], [0.2684736529582959, 0.2995301164422159, 0.30906319384864445, 0.1229330366508438], [0.3000372007183624, 0.3563313132714836, 0.20624361622888307, 0.13738786968127095]], "ideal": "C", "sampled": "A", "correct": false}}
{"type": "result", "data": {"idx": 46, "options": ["True, True", "False, False", "True, False", "False, True"], "probs": [[0.3342960327099037, 0.2859604528576075, 0.27288131683356726, 0.10686219749892156], [0.23840195648676193, 0.39309008096966414, 0.23474519652001627, 0.13376276592355765], [0.26700895027348037, 0.2978959270307576, 0.32719584077320435, 0.10789928182255767], [0.2885862591589562, 0.4006895244440092, 0.19226775086796238, 0.11845646542907223]], "ideal": "B", "sampled": "A", "correct": false}}
{"type": "result", "data": {"idx": 47, "options": ["0", "2", "1", "3"], "probs": [[0.21988121180058667, 0.2611164631679399, 0.27368106211900967, 0.24532126281246378], [0.22254093320738502, 0.28133568584095947, 0.2769990902414945, 0.219124290610161], [0.220748749044088, 0.27049773525725285, 0.2879655914023802, 0.22078792419627893], [0.2319810688263655, 0.2887316941926234, 0.2508673965680071, 0.22841984031300397]], "ideal": "B", "sampled": "D", "correct": false}}
{"type": "result", "data": {"idx": 48, "options": ["True, True", "False, False", "True, False", "False, True"], "probs": [[0.33542519054727576, 0.29143922866710037, 0.25720530170896605, 0.11593027897665778], [0.21489018408949911, 0.3831100235132709, 0.23975847720141857, 0.16224131509581144], [0.22360794743763376, 0.28268778953156765, 0.386404046073749, 0.10730021685704955], [0.27438706156847803, 0.45240211482292386, 0.15881597994169896, 0.11439484356689913]], "ideal": "C", "sampled": "A", "correct": false}}
{"type": "result", "data": {"idx": 49, "options": ["8", "120", "240", "24"], "probs": [[0.1916738180873918, 0.405774897382435, 0.2138470293940891, 0.1887042550360841], [0.3148902309387412, 0.3918789864404672, 0.10224088873077905, 0.19098989379001252], [0.2797553240973144, 0.28864526745770774, 0.1923005282686575, 0.23929888007632036], [0.18277557064073185, 0.22748245501347877, 0.3692633188342826, 0.22047865541150674]], "ideal": "B", "sampled": "B", "correct": true}}
{"type": "result", "data": {"idx": 50, "options": ["True, True", "False, False", "True, False", "False, True"], "probs": [[0.28645143763691977, 0.29099322229673896, 0.3049749524578937, 0.11758038750844756], [0.20614406203020869, 0.36753120225158853, 0.2606395936132856, 0.16568514200491716], [0.2162582157249585, 0.28652831277225704, 0.37961441405611823, 0.11759905734666617], [0.24722598842487986, 0.4076409941236576, 0.21482855189891262, 0.1303044654525499]], "ideal": "D", "sampled": "A", "correct": false}}
{"type": "result", "data": {"idx": 51, "options": ["0", "2", "1", "3"], "probs": [[0.21318784671660015, 0.29140180780658487, 0.2612393239063945, 0.23417102147042046], [0.22329677639158788, 0.2822968363479605, 0.27794235941968504, 0.21646402774076662], [0.2135719124333645, 0.27858538262994903, 0.28744921942009627, 0.2203934854165902], [0.2252149432672353, 0.29376530644340176, 0.25925955173760856, 0.22176019845175435]], "ideal": "B", "sampled": "D", "correct": false}}
{"type": "result", "data": {"idx": 52, "options": ["6", "8", "4", "2"], "probs": [[0.2095928458720535, 0.2864910619197239, 0.29101100127452695, 0.21290509083369563], [0.1945264488264107, 0.30604454871931924, 0.3108779787706395, 0.18855102358363054], [0.2205140572872219, 0.425053651591571, 0.1744473680350002, 0.1799849229862069], [0.2333730285103428, 0.295028455896345, 0.2523488512122968, 0.2192496642810154]], "ideal": "A", "sampled": "D", "correct": false}}
{"type": "result", "data": {"idx": 53, "options": ["True, True", "False, False", "True, False", "False, True"], "probs": [[0.3311827108413488, 0.27890428274529994, 0.26614644525936626, 0.12376656105398498], [0.20907549246432522, 0.3501664943618115, 0.2562070152472497, 0.1845509978266135], [0.20523128636992724, 0.2594600818992941, 0.4146424377055658, 0.12066619392521288], [0.24872942258787895, 0.41656580065887683, 0.19073013606131936, 0.14397464059192486]], "ideal": "C", "sampled": "A", "correct": false}}
{"type": "result", "data": {"idx": 54, "options": ["0", "2", "1", "3"], "probs": [[0.13245890835899377, 0.5576644456176927, 0.15978161750951567, 0.15009502841379793], [0.2577673494558059, 0.301378369301222, 0.2744195460998774, 0.1664347350430947], [0.2412719726321228, 0.3679140805830206, 0.19388464091269467, 0.19692930577216192], [0.21101389194363543, 0.23542705964395338, 0.3942699910523611, 0.1592890572600501]], "ideal": "B", "sampled": "B", "correct": true}}
{"type": "result", "data": {"idx": 55, "options": ["True, True", "False, False", "True, False", "False, True"], "probs": [[0.3711628996469605, 0.25913876871718616, 0.24728334500291238, 0.12241498653294096], [0.22357177732139283, 0.3463197946202142, 0.2417882680651156, 0.18832015989327736], [0.23115564251449475, 0.2579069829439621, 0.3871858561838609, 0.12375151825768223], [0.2728452228475697, 0.43603431468000897, 0.1681182919038206, 0.12300217046860074]], "ideal": "A", "sampled": "A", "correct": true}}
{"type": "result", "data": {"idx": 56, "options": ["True, True", "False, False", "True, False", "False, True"], "probs": [[0.30841803540606816, 0.2765013903511374, 0.3084746002084756, 0.10660597393431885], [0.20611694191522212, 0.39735298733033775, 0.2525977046593378, 0.14393236599510237], [0.22438251969954662, 0.2836883067801029, 0.3938854634367925, 0.09804370998355806], [0.26702039639383907, 0.43345469804245196, 0.18644040859000485, 0.11308449687370413]], "ideal": "D", "sampled": "A", "correct": false}}
{"type": "result", "data": {"idx": 57, "options": ["1", "2", "3", "4"], "probs": [[0.23117507991863206, 0.31602308150945907, 0.24229218063315755, 0.21050965783875128], [0.24589169731289195, 0.2786712299310751, 0.2136537772489914, 0.26178329540704154], [0.2388254332653642, 0.2972678155223942, 0.24643162646119254, 0.21747512465104907], [0.26284492013210176, 0.29787418243290487, 0.22135797140768904, 0.2179229259273044]], "ideal": "B", "sampled": "A", "correct": false}}
{"type": "result", "data": {"idx": 58, "options": ["True, True", "False, False", "True, False", "False, True"], "probs": [[0.2737665351757881, 0.26955201014183516, 0.30546642961428705, 0.15121502496808972], [0.2217640247456393, 0.37727122932965973, 0.23611892405594154, 0.16484582176875945], [0.2355798289948484, 0.2587672885442571, 0.36495389181990195, 0.14069899054099258], [0.2800171589566248, 0.4011357604717687, 0.17801965240785517, 0.14082742806375126]], "ideal": "A", "sampled": "A", "correct": true}}
{"type": "result", "data": {"idx": 59, "options": ["True, True", "False, False", "True, False", "False, True"], "probs": [[0.3045408680053859, 0.2998374655567163, 0.264626439416374, 0.1309952269215238], [0.23659242414608797, 0.36647060759645134, 0.2441456582789611, 0.1527913098784996], [0.24380880591815451, 0.2850637733651246, 0.33855140205812484, 0.13257601855859605], [0.2889635605666691, 0.38283712238472617, 0.18953272980840202, 0.1386665871402027]], "ideal": "A", "sampled": "A", "correct": true}}
{"type": "result", "data": {"idx": 60, "options": ["True, True", "False, False", "True, False", "False, True"], "probs": [[0.3040988878943904, 0.290196938345482, 0.27692721529190567, 0.12877695836822192], [0.21118040149367448, 0.38243412266925003, 0.24694155135913207, 0.15944392437794339], [0.2362438965726912, 0.2894787403807023, 0.3437929348663535, 0.13048442808025296], [0.2666395266588194, 0.4195086595069776, 0.17764484615866838, 0.13620696757553463]], "ideal": "D", "sampled": "A", "correct": false}}
{"type": "result", "data": {"idx": 61, "options": ["True, True", "False, False", "True, False", "False, True"], "probs": [[0.35343221616411924, 0.26680246589203505, 0.2752796174745568, 0.1044857003692889], [0.20606847150563382, 0.37318199669429064, 0.25252198071651544, 0.16822755098356007], [0.22935930869611848, 0.2640194535583111, 0.4153760876379658, 0.09124515000760465], [0.27155336330271174, 0.49948476995770996, 0.13655826244540975, 0.09240360419416853]], "ideal": "D", "sampled": "A", "correct": false}}
{"type": "result", "data": {"idx": 62, "options": ["True, True", "False, False", "True, False", "False, True"], "probs": [[0.32204390048805925, 0.28869504163798154, 0.26701489486132546, 0.12224616291263375], [0.21780605936563593, 0.3591295235860265, 0.2507320977605799, 0.17233231918775763], [0.23287762944140034, 0.28534792996681796, 0.35514616628508994, 0.12662827420669173], [0.27398973292367984, 0.40494888413449454, 0.1854105265937031, 0.13565085624812254]], "ideal": "C", "sampled": "A", "correct": false}}
{"type": "result", "data": {"idx": 63, "options": ["not anti-symmetric", "transitive", "reflexive", "symmetric"], "probs": [[0.43466404723744195, 0.22907874327214692, 0.19290270196807613, 0.14335450742233502], [0.2841460831542518, 0.23930123025622618, 0.3220473969575907, 0.1545052895319313], [0.2409635150048048, 0.3242653559678575, 0.2952932969141755, 0.1394778320131622], [0.2704994996403822, 0.3755587367006993, 0.24633094849455917, 0.10761081506435936]], "ideal": "B", "sampled": "A", "correct": false}}
{"type": "result", "data": {"idx": 64, "options": ["1", "2", "infinitely many", "0"], "probs": [[0.27009856698196233, 0.40550667043445543, 0.18858197329542709, 0.13581278918815518], [0.30726956169331365, 0.3884560994985329, 0.1545251699844551, 0.14974916872369834], [0.25379480063440224, 0.24221728332379994, 0.3524334885915417, 0.1515544273502561], [0.1712027242966969, 0.42378158635972774, 0.24912942195813306, 0.15588626728544233]], "ideal": "B", "sampled": "A", "correct": false}}
{"type": "result", "data": {"idx": 65, "options": ["True, True", "False, False", "True, False", "False, True"], "probs": [[0.3169003190602619, 0.2840881433733225, 0.26689420139399017, 0.13211733607242548], [0.2052533924374367, 0.37169989939787335, 0.2554869651538947, 0.16755974291079528], [0.21964997886458035, 0.2910126062634861, 0.36219640483225185, 0.12714100993968175], [0.25997058985193083, 0.4353902378010332, 0.17592648111452838, 0.1287126911325076]], "ideal": "C", "sampled": "A", "correct": false}}
{"type": "result", "data": {"idx": 66, "options": ["True, True", "False, False", "True, False", "False, True"], "probs": [[0.3176383423135684, 0.28033546028217915, 0.2675139645594166, 0.13451223274483587], [0.21287091074245346, 0.3736372589691365, 0.24505640563898465, 0.16843542454942537], [0.22865388817231647, 0.2715611876973681, 0.3829855493662726, 0.11679937466404285], [0.2702481287299675, 0.43867802981054727, 0.1613908015691298, 0.12968303979035545]], "ideal": "D", "sampled": "A", "correct": false}}
{"type": "result", "data": {"idx": 67, "options": ["a,b in H=> a * b in H", "a in H => a^-1 in H", "a,b in H=> a * b^-1 in H", "H contains the identity element"], "probs": [[0.30684604086466066, 0.23166671283710244, 0.25053633750176474, 0.21095090869647215], [0.25677010414416856, 0.2302114516266447, 0.30984365936995556, 0.20317478475923118], [0.2781405829551011, 0.22353509732440227, 0.2915860203089601, 0.20673829931153656], [0.23404016739709996, 0.2823276179399746, 0.23049921941688548, 0.25313299514604]], "ideal": "C", "sampled": "A", "correct": false}}
{"type": "result", "data": {"idx": 68, "options": ["(x \u2212 2)(x + 2)(x \u2212 1)(x + 1)", "(x+1)^4", "(x-1)(x+1)^3", "(x-1)^3(x+1)"], "probs": [[0.7551298905555494, 0.07964029340335702, 0.05645063645090343, 0.10877917949019021], [0.23923888800135992, 0.29321670529294397, 0.2046912908349386, 0.26285311577075754], [0.3058276312862414, 0.16896288850538096, 0.3807217946590543, 0.1444876854493233], [0.5014247260380184, 0.3089908934150778, 0.06476668964597602, 0.12481769080092783]], "ideal": "A", "sampled": "A", "correct": true}}
{"type": "result", "data": {"idx": 69, "options": ["True, True", "False, False", "True, False", "False, True"], "probs": [[0.35332630923794134, 0.27519477846227475, 0.2585327163804996, 0.11294619581928426], [0.2005375802797034, 0.3688868315643882, 0.2535517740191383, 0.17702381403677012], [0.22245107590462262, 0.26419623474940757, 0.3904809617183187, 0.12287172752765113], [0.25844188559295106, 0.46075211234431956, 0.1642968295239709, 0.11650917243875845]], "ideal": "A", "sampled": "A", "correct": true}}
{"type": "result", "data": {"idx": 70, "options": ["0", "-2", "a-2", "(2+a)*-1"], "probs": [[0.17134558428655375, 0.2870011457663388, 0.2961248887537033, 0.24552838109340414], [0.24382169868755688, 0.2941658417709931, 0.2720661961809572, 0.1899462632604928], [0.2841366698539238, 0.32203038462937517, 0.2393220507455191, 0.15451089467118195], [0.3214415311491913, 0.22801718113526406, 0.28374189135575056, 0.16679939625979406]], "ideal": "D", "sampled": "D", "correct": true}}
{"type": "result", "data": {"idx": 71, "options": ["0", "4", "2", "6"], "probs": [[0.11153993344695919, 0.4998679048685256, 0.2361399312812812, 0.15245223030323396], [0.22509804552763135, 0.4012871087155126, 0.21148018622371126, 0.16213465943314478], [0.22614432532098958, 0.44277598789710687, 0.16037365553602717, 0.17070603114587635], [0.22841861841778618, 0.23940765855302457, 0.3650549053780758, 0.16711881755111344]], "ideal": "C", "sampled": "B", "correct": false}}
{"type": "result", "data": {"idx": 72, "options": ["1", "2", "3", "4"], "probs": [[0.29923841800138745, 0.2480968124632815, 0.2404563313550153, 0.21220843808031575], [0.286288546669974, 0.2606807804252762, 0.2300549733441475, 0.2229756994606023], [0.27419933265388824, 0.29189267316681844, 0.22034670081994798, 0.2135612932593453], [0.2786886137249822, 0.25776458168081573, 0.2498439438367973, 0.21370286065740474]], "ideal": "D", "sampled": "D", "correct": true}}
{"type": "result", "data": {"idx": 73, "options": ["0", "3", "12", "30"], "probs": [[0.31493253216572586, 0.38587994242057677, 0.08610057277341258, 0.21308695254028479], [0.35247548006565893, 0.26609088177214474, 0.10258453051842985, 0.27884910754376646], [0.17364780344347455, 0.24876120313360375, 0.3000728442954034, 0.2775181490275183], [0.1656707102739649, 0.3346893240875492, 0.2731790285012983, 0.22646093703718756]], "ideal": "B", "sampled": "B", "correct": true}}
{"type": "result", "data": {"idx": 74, "options": ["True, True", "False, False", "True, False", "False, True"], "probs": [[0.3402397080737077, 0.27771870210085436, 0.2568624424034955, 0.12517914732194246], [0.21642301129391242, 0.40437240609573, 0.2304242321744876, 0.14878035033586998], [0.2603871245450695, 0.2772113403192958, 0.3450185681908414, 0.11738296684479325], [0.2871111715215053, 0.4112977376692167, 0.17416693460936117, 0.12742415609991686]], "ideal": "D", "sampled": "A", "correct": false}}
{"type": "result", "data": {"idx": 75, "options": ["True, True", "False, False", "True, False", "False, True"], "probs": [[0.3369389822286043, 0.262439016411868, 0.266583238017473, 0.13403876324205463], [0.21138838561412943, 0.3540654287599737, 0.2672818084473896, 0.16726437707850728], [0.2466255032239138, 0.2667084554598727, 0.36456215385564134, 0.12210388736057215], [0.27946380676039334, 0.4066537315249791, 0.17766390905511636, 0.1362185525595112]], "ideal": "B", "sampled": "A", "correct": false}}
{"type": "result", "data": {"idx": 76, "options": ["True, True", "False, False", "True, False", "False, True"], "probs": [[0.3373805434983597, 0.2753845874116672, 0.2669268369524061, 0.12030803203756693], [0.18471768221322743, 0.3850194456040372, 0.264644022786319, 0.16561884929641635], [0.2153486753646114, 0.2722552899021168, 0.4023922057161408, 0.11000382891713092], [0.25407152040369263, 0.46733210029008143, 0.16406104601450777, 0.11453533319171816]], "ideal": "C", "sampled": "A", "correct": false}}
{"type": "result", "data": {"idx": 77, "options": ["0", "3", "12", "30"], "probs": [[0.3867477120556961, 0.28297075204745326, 0.07267008612814893, 0.2576114496687017], [0.2331021691163407, 0.3088482273977865, 0.16791628049249727, 0.2901333228933755], [0.17449271157150828, 0.220601611693447, 0.3260353706142496, 0.2788703060207951], [0.18641490297881955, 0.3650179613767017, 0.2015892029080624, 0.24697793263641632]], "ideal": "A", "sampled": "A", "correct": true}}
{"type": "result", "data": {"idx": 78, "options": ["True, True", "False, False", "True, False", "False, True"], "probs": [[0.3260305024664559, 0.2661282201181424, 0.29690102624609443, 0.11094025106930724], [0.20642969625404575, 0.37972522909793505, 0.26512018633576007, 0.14872488821225913], [0.23721639279400525, 0.2646675646487251, 0.3911764235885475, 0.1069396188687222], [0.273256546378896, 0.4505543809057467, 0.16576522957586368, 0.1104238430394936]], "ideal": "D", "sampled": "A", "correct": false}}
