{"type": "result", "data": {"idx": 0, "options": ["10%", "20%", "40%", "80%"], "probs": [[0.19847159677164664, 0.3171714340480323, 0.2214248395169336, 0.2629321295633875], [0.3317477877200277, 0.38184623484048075, 0.10603694966727531, 0.18036902767221621], [0.45561054948427565, 0.29880149591251526, 0.04654473568172855, 0.19904321882148054], [0.3244861517006748, 0.23010050219527356, 0.10534862701963091, 0.3400647189844207]], "ideal": "C", "sampled": "C", "correct": true}}
{"type": "result", "data": {"idx": 1, "options": ["About $300", "About $3k", "About $8k", "About $15k"], "probs": [[0.457367972764294, 0.23728441482542129, 0.1086369869410541, 0.19671062536923062], [0.5128210415694362, 0.2578660066704081, 0.0891169796400202, 0.14019597202013548], [0.6243522050286797, 0.2522694421257115, 0.024590994702223378, 0.09878735804338531], [0.7384044495130696, 0.10638506776853701, 0.02487591657522519, 0.13033456604316818]], "ideal": "B", "sampled": "D", "correct": false}}
{"type": "result", "data": {"idx": 2, "options": ["52%", "62%", "72%", "82%"], "probs": [[0.37288219768419767, 0.3239760527597315, 0.10355055536148161, 0.19959119409458914], [0.4361545047587344, 0.31415890941997393, 0.07346365435885656, 0.17622293136243508], [0.5019323472367483, 0.30444498341386167, 0.045252455722790914, 0.14837021352659907], [0.5836436173616967, 0.22856496357332717, 0.037899982321570116, 0.14989143664340607]], "ideal": "C", "sampled": "D", "correct": false}}
{"type": "result", "data": {"idx": 3, "options": ["China", "United States", "Germany", "Japan"], "probs": [[0.21826609452565796, 0.22876771814775348, 0.41422997772559644, 0.13873620950099208], [0.14251962730952247, 0.5132646773790144, 0.16405132679108436, 0.18016436842037878], [0.19875613760014185, 0.21159846361563714, 0.37135188874668895, 0.21829350993753205], [0.13771384078588098, 0.35169600028884124, 0.25330946979267116, 0.2572806890326066]], "ideal": "A", "sampled": "C", "correct": false}}
{"type": "result", "data": {"idx": 4, "options": ["by 5 fold", "by 10 fold", "by 15 fold", "by 20 fold"], "probs": [[0.3819145971725316, 0.31661788569556154, 0.16947892811626944, 0.1319885889156374], [0.40494071829828276, 0.3104774905359586, 0.16107974704860545, 0.1235020440171532], [0.5072384400570026, 0.31249543555688025, 0.06349034512167541, 0.1167757791644417], [0.40883694922577124, 0.18142164562713262, 0.23662562233640103, 0.17311578271069508]], "ideal": "C", "sampled": "C", "correct": true}}
{"type": "result", "data": {"idx": 5, "options": ["Lower respiratory infections", "Preterm birth complications", "Diarrheal diseases", "Malaria"], "probs": [[0.4151597289686508, 0.299032000429589, 0.17579549418274326, 0.11001277631901694], [0.197824490451455, 0.7123895789962762, 0.028500174729095187, 0.06128575572317365], [0.7971243110875302, 0.08668596035973149, 0.02814259164550687, 0.08804713680723143], [0.15962225616914988, 0.7266507256805191, 0.050229188406937866, 0.06349782964339315]], "ideal": "A", "sampled": "C", "correct": false}}
{"type": "result", "data": {"idx": 6, "options": ["10%", "20%", "30%", "40%"], "probs": [[0.3201108824870123, 0.2695651609990868, 0.16869160279894363, 0.24163235361495733], [0.3822805398999995, 0.23187000248110223, 0.14285308546941727, 0.24299637204948102], [0.4412268068853851, 0.263469008602163, 0.08688410305939434, 0.20842008135305756], [0.42962545372909455, 0.26058225782457817, 0.10365442212785032, 0.20613786621847693]], "ideal": "C", "sampled": "D", "correct": false}}
{"type": "result", "data": {"idx": 7, "options": ["29%", "49%", "69%", "89%"], "probs": [[0.31427023279907107, 0.37320513085574797, 0.17087193086333913, 0.1416527053818418], [0.359148532116261, 0.32700806852885317, 0.1593761145909197, 0.15446728466396611], [0.4087351553675718, 0.40873137047291097, 0.06171159730893186, 0.12082187675058535], [0.39476786824545806, 0.3074420231619904, 0.1407626632056139, 0.15702744528693768]], "ideal": "C", "sampled": "D", "correct": false}}
{"type": "result", "data": {"idx": 8, "options": ["18%", "38%", "58%", "78%"], "probs": [[0.29334324158263453, 0.3826037885968179, 0.16456101587913385, 0.15949195384141376], [0.35704326414084936, 0.32510209153899144, 0.1713211681086313, 0.1465334761115279], [0.5593138557573283, 0.28568164575867977, 0.04313196697259985, 0.11187253141139217], [0.6385760855142257, 0.151685624169398, 0.05324520875543465, 0.15649308146094162]], "ideal": "C", "sampled": "D", "correct": false}}
{"type": "result", "data": {"idx": 9, "options": ["11%", "26%", "41%", "56%"], "probs": [[0.2111109494951853, 0.4133466183725905, 0.211124792673933, 0.1644176393582912], [0.30920228819738727, 0.36719781703850024, 0.16812037180352413, 0.1554795228605884], [0.42966231158336804, 0.3398989458125051, 0.07237138005303939, 0.15806736245108746], [0.5206710346562591, 0.19155729020694903, 0.07739573942422537, 0.21037593561256648]], "ideal": "B", "sampled": "C", "correct": false}}
{"type": "result", "data": {"idx": 10, "options": ["23%", "38%", "53%", "68%"], "probs": [[0.2409466134978802, 0.3674004266073341, 0.25649335213440655, 0.13515960766037916], [0.34611869514201743, 0.45852973958163007, 0.10072773763610733, 0.09462382754024515], [0.512112904018073, 0.3746701990884592, 0.03709795242703127, 0.07611894436643657], [0.6685516908306955, 0.15633641356532504, 0.032769848024211394, 0.142342047479768]], "ideal": "D", "sampled": "C", "correct": false}}
{"type": "result", "data": {"idx": 11, "options": ["5%", "10%", "15%", "25%"], "probs": [[0.28380981930665705, 0.24276220029436427, 0.1617151397816096, 0.3117128405173691], [0.3203875624697624, 0.22719647801045112, 0.14668964901024528, 0.3057263104095412], [0.4085146334167111, 0.26376094428937985, 0.09856167812547637, 0.22916274406843268], [0.4070627330274212, 0.26696160035203176, 0.0866710530630843, 0.2393046134574628]], "ideal": "B", "sampled": "D", "correct": false}}
{"type": "result", "data": {"idx": 12, "options": ["2%", "4%", "9%", "18%"], "probs": [[0.18567961559229862, 0.26598356169905074, 0.30615431766471035, 0.24218250494394028], [0.21407000399371082, 0.40623881803505063, 0.22788716510807738, 0.1518040127631612], [0.3125952253758169, 0.4619834823887781, 0.09097310358061113, 0.13444818855479385], [0.3796235520561758, 0.3196751045691604, 0.09749835492059501, 0.2032029883540688]], "ideal": "C", "sampled": "D", "correct": false}}
{"type": "result", "data": {"idx": 13, "options": ["minimum wage legislation", "land reform", "progressive taxation", "increased access to education"], "probs": [[0.2942880733655861, 0.21532321294960682, 0.19606586090847977, 0.2943228526763273], [0.24986252932471073, 0.1744506649989678, 0.1886347512442706, 0.38705205433205087], [0.21162765585369586, 0.15244289776818717, 0.20837073895126834, 0.42755870732684864], [0.20097404716389308, 0.27046108243145, 0.2580939233044976, 0.27047094700015933]], "ideal": "A", "sampled": "A", "correct": true}}
{"type": "result", "data": {"idx": 14, "options": ["36%", "56%", "76%", "96%"], "probs": [[0.4180146989104159, 0.3010908618105732, 0.12949821158696326, 0.1513962275920476], [0.49183530025595124, 0.27162374626836255, 0.06656426588562674, 0.16997668749005942], [0.4900745195366494, 0.2315010605483161, 0.08650538618342013, 0.1919190336316144], [0.44386426605922696, 0.29109920747203893, 0.06807025962073221, 0.19696626674800188]], "ideal": "B", "sampled": "C", "correct": false}}
{"type": "result", "data": {"idx": 15, "options": ["6%", "13%", "27%", "46%"], "probs": [[0.07816072377911785, 0.37290357706162514, 0.3614331700716124, 0.18750252898764458], [0.21845030456906112, 0.5666237984534153, 0.11333315649488981, 0.10159274038263384], [0.38952536770986285, 0.4554095081175514, 0.041702496037457515, 0.11336262803512825], [0.3125787230399723, 0.1781084027537263, 0.061551406228974544, 0.4477614678773268]], "ideal": "B", "sampled": "C", "correct": false}}
{"type": "result", "data": {"idx": 16, "options": ["34%", "49%", "64%", "79%"], "probs": [[0.3188468658089765, 0.4290591073676639, 0.09425367835355564, 0.15784034836980398], [0.42978528297785046, 0.3399910343098062, 0.06191849358475351, 0.16830518902758987], [0.5176635758317, 0.3502711503300043, 0.030132290544620906, 0.10193298319367487], [0.6424828065695279, 0.18992078262671044, 0.02198486011512384, 0.1456115505886378]], "ideal": "A", "sampled": "D", "correct": false}}
{"type": "result", "data": {"idx": 17, "options": ["62%", "72%", "82%", "92%"], "probs": [[0.39950988883284794, 0.3160539065299453, 0.07390631954843793, 0.21052988498876882], [0.43167349606206745, 0.29209618736017673, 0.05574828014512569, 0.2204820363326301], [0.42569929674257084, 0.2542088348477848, 0.07753018346793644, 0.24256168484170793], [0.33143386241459527, 0.3212494551814218, 0.08512401579959307, 0.2621926665043899]], "ideal": "C", "sampled": "B", "correct": false}}
{"type": "result", "data": {"idx": 18, "options": ["About $3k", "About $8k", "About $15k", "About $30k"], "probs": [[0.4179400236333201, 0.2917748115052184, 0.11606065269189263, 0.17422451206956885], [0.5103677104785183, 0.26895118758936326, 0.08331748407683635, 0.1373636177552821], [0.5979415199976066, 0.23416543091788738, 0.030239354928685812, 0.13765369405582017], [0.6251806253009445, 0.137343739605511, 0.0638688602930834, 0.17360677470046104]], "ideal": "C", "sampled": "C", "correct": true}}
{"type": "result", "data": {"idx": 19, "options": ["55,000", "550,000", "5,500,000", "55,000,000"], "probs": [[0.42029120412548016, 0.2671596527052832, 0.06547214382852697, 0.24707699924070972], [0.5583976631440096, 0.19602187414046124, 0.04956442973038589, 0.19601603288514327], [0.38990091547380795, 0.28084209035430385, 0.05705873933872076, 0.27219825473316744], [0.27604088184457304, 0.19271676240424365, 0.15977106986832312, 0.3714712857828602]], "ideal": "B", "sampled": "B", "correct": true}}
{"type": "result", "data": {"idx": 20, "options": ["25%", "45%", "65%", "85%"], "probs": [[0.32064800382316383, 0.41821139559207876, 0.11433487320798941, 0.14680572727676797], [0.4990845583494036, 0.3222417615018717, 0.03343713804049024, 0.1452365420082345], [0.4944749492451604, 0.2817543457232083, 0.0581427032373173, 0.16562800169431402], [0.4525433727734611, 0.3259634040793768, 0.05238729283747025, 0.16910593020969183]], "ideal": "A", "sampled": "B", "correct": false}}
{"type": "result", "data": {"idx": 21, "options": ["24%", "44%", "64%", "84%"], "probs": [[0.2322962329022942, 0.4766400838923614, 0.15234939071430903, 0.13871429239103536], [0.3176411891368921, 0.4208035343225146, 0.11150744223947527, 0.150047834201118], [0.37571155741248824, 0.41913231890829045, 0.08125614313522916, 0.12389998044399218], [0.4093000956334741, 0.3340590298490576, 0.08059819762480706, 0.17604267679266122]], "ideal": "A", "sampled": "C", "correct": false}}
{"type": "result", "data": {"idx": 22, "options": ["25%", "40%", "55%", "75%"], "probs": [[0.31211900242844826, 0.34279792986663565, 0.19532364313849154, 0.14975942446642454], [0.3795350378510789, 0.30976792243697254, 0.13962575375752867, 0.17107128585441989], [0.43646723027633005, 0.26473236081337054, 0.10206554829053655, 0.19673486051976286], [0.3401558202211394, 0.24886488163560122, 0.15818892889196082, 0.25279036915129854]], "ideal": "D", "sampled": "C", "correct": false}}
{"type": "result", "data": {"idx": 23, "options": ["8%", "16%", "32%", "64%"], "probs": [[0.4034564735162011, 0.31916247717303103, 0.1289572941506469, 0.1484237550601209], [0.49282774691442494, 0.30362364872953657, 0.06881661018649465, 0.13473199406954386], [0.5305417755813024, 0.27957627070292423, 0.04708929714428879, 0.14279265647148445], [0.4686970745206351, 0.23567843610432157, 0.09086378730568465, 0.2047607019693587]], "ideal": "B", "sampled": "C", "correct": false}}
{"type": "result", "data": {"idx": 24, "options": ["males are more likely to have depression and are more likely to have an alcohol use disorder than females.", "females are more likely to have depression and are more likely to have an alcohol use disorder than males.", "males are more likely than females to have depression while females are more likely than males to have an alcohol use disorder.", "females are more likely than males to have depression while males are more likely than females to have an alcohol use disorder."], "probs": [[0.3028544349879663, 0.20174494971947765, 0.3028805120188872, 0.19252010317366883], [0.32938450571581035, 0.24477860329087553, 0.20294518766757932, 0.22289170322573482], [0.29362073537751354, 0.1837439238841372, 0.3654566406838218, 0.1571786999545275], [0.2980963289439605, 0.2630705535148764, 0.1955122947497359, 0.24332082269142719]], "ideal": "D", "sampled": "A", "correct": false}}
{"type": "result", "data": {"idx": 25, "options": ["37%", "47%", "57%", "67%"], "probs": [[0.3222768210363924, 0.3887437763795798, 0.13434882060290515, 0.15463058188112272], [0.3845721213475651, 0.3612758543821193, 0.09876977724912846, 0.1553822469211872], [0.475601210415523, 0.3534409806804368, 0.044935734414605945, 0.1260220743894343], [0.5417479276115357, 0.2330084144836114, 0.04378122090855523, 0.18146243689629774]], "ideal": "D", "sampled": "C", "correct": false}}
{"type": "result", "data": {"idx": 26, "options": ["1%", "3%", "6%", "10%"], "probs": [[0.20099076327175514, 0.41240670658388257, 0.19179270873844909, 0.1948098213059132], [0.238424818421519, 0.387000578022072, 0.1946010527386846, 0.17997355071772442], [0.2898504077230705, 0.49304599625534123, 0.06672893265726149, 0.15037466326432675], [0.24813267216387597, 0.28560009170298695, 0.23677795770217555, 0.22948927833096155]], "ideal": "D", "sampled": "D", "correct": true}}
{"type": "result", "data": {"idx": 27, "options": ["23%", "43%", "63%", "83%"], "probs": [[0.3129506180781983, 0.3774961019115272, 0.09107791835078097, 0.21847536155949351], [0.3720245908441252, 0.3387361395662935, 0.05276643838129734, 0.23647283110828396], [0.46342684905485126, 0.29921422743252946, 0.03804183175966443, 0.19931709165295483], [0.4495571503015639, 0.2601879507767103, 0.03807471277100519, 0.2521801860507206]], "ideal": "C", "sampled": "C", "correct": true}}
{"type": "result", "data": {"idx": 28, "options": ["10%", "30%", "50%", "70%"], "probs": [[0.2176967113992432, 0.3217382728731759, 0.24286465344384556, 0.21770036218373534], [0.2632798967968352, 0.2937122118348713, 0.2592053827028967, 0.1838025085653968], [0.3095992068815931, 0.3793292173663782, 0.1290632428518555, 0.18200833280017323], [0.30409403464697893, 0.2642029681062525, 0.24435213172091108, 0.18735086542585747]], "ideal": "D", "sampled": "D", "correct": true}}
{"type": "result", "data": {"idx": 29, "options": ["26%", "41%", "56%", "71%"], "probs": [[0.33077312498281103, 0.35210664126053953, 0.13157575223249965, 0.18554448142414978], [0.4129501261637257, 0.32160296209238604, 0.076389191198926, 0.18905772044496233], [0.5030699428010942, 0.2957373294207206, 0.045353699977858535, 0.15583902770032662], [0.5441388758986122, 0.2377148277691813, 0.03589008534250862, 0.1822562108896979]], "ideal": "C", "sampled": "C", "correct": true}}
{"type": "result", "data": {"idx": 30, "options": ["690 million", "6.9 billion", "69 billion", "690 billion"], "probs": [[0.637902188276371, 0.1976210586972157, 0.02435174911315578, 0.14012500381325754], [0.62095418770567, 0.2047799137873352, 0.024457468486777892, 0.14980842992021684], [0.6602646037991432, 0.15201419420494444, 0.018155392054641502, 0.16956580984127084], [0.5545584393614761, 0.17725638515200737, 0.082432953038527, 0.18575222234798958]], "ideal": "C", "sampled": "C", "correct": true}}
{"type": "result", "data": {"idx": 31, "options": ["9%", "29%", "59%", "79%"], "probs": [[0.32113776434548114, 0.41884586382482625, 0.12189419494059837, 0.13812217678909425], [0.41898582176473526, 0.2971093499380858, 0.09797781938940457, 0.1859270088077744], [0.4278689292549216, 0.30818465119361105, 0.08558123494140889, 0.17836518451005845], [0.38448150680757026, 0.30415417120488536, 0.11189364395931402, 0.19947067792823028]], "ideal": "A", "sampled": "B", "correct": false}}
{"type": "result", "data": {"idx": 32, "options": ["31%", "51%", "71%", "91%"], "probs": [[0.2830115086903463, 0.2919996809071223, 0.22741402209871883, 0.19757478820381258], [0.36191474309178806, 0.3193924629549931, 0.11567793440621837, 0.20301485944700048], [0.4387018484018799, 0.32601691811921274, 0.07389166620119099, 0.16138956717771635], [0.33582629271187164, 0.28279690215726033, 0.1611367982973013, 0.22024000673356675]], "ideal": "B", "sampled": "C", "correct": false}}
{"type": "result", "data": {"idx": 33, "options": ["by 4 fold", "by 8 fold", "by 16 fold", "by 32 fold"], "probs": [[0.35403259187522385, 0.3075893360481234, 0.2081326637119239, 0.13024540826472883], [0.4035172106528414, 0.3505802959199023, 0.13729461354400346, 0.10860787978325283], [0.5053610631755916, 0.3583530663147678, 0.04280100246385502, 0.09348486794578553], [0.583961890937958, 0.1344399124002147, 0.07660315013797879, 0.20499504642384844]], "ideal": "C", "sampled": "C", "correct": true}}
{"type": "result", "data": {"idx": 34, "options": ["1", "7", "13", "19"], "probs": [[0.2489615938844387, 0.24897224821516753, 0.20640573826181963, 0.29566041953857414], [0.3056547778086829, 0.24947209278854876, 0.20682477383444225, 0.23804835546832606], [0.37210991420437245, 0.29436423932999844, 0.08174367126386994, 0.2517821751017592], [0.3930781062930288, 0.20392980591089827, 0.14919961164292056, 0.2537924760531523]], "ideal": "D", "sampled": "D", "correct": true}}
{"type": "result", "data": {"idx": 35, "options": ["59%", "69%", "79%", "89%"], "probs": [[0.3948294221960059, 0.3651627301804637, 0.08538982271294233, 0.154618024810588], [0.41231782776158377, 0.36387248199044614, 0.06731062632538157, 0.1564990638225885], [0.5010327938943238, 0.3337613207472035, 0.04049002947391379, 0.12471585578455892], [0.5292715188588195, 0.27890928466945963, 0.04018082738733402, 0.15163836898438682]], "ideal": "D", "sampled": "C", "correct": false}}
{"type": "result", "data": {"idx": 36, "options": ["Earthquakes", "Volcanic activity", "Wildfires", "Floods"], "probs": [[0.4005376219509137, 0.2506535425726321, 0.09816268377999379, 0.2506461515964604], [0.3540459414643975, 0.1752671669873938, 0.1725571972306132, 0.2981296942175955], [0.3352322726257663, 0.21308832405962075, 0.14645708441206648, 0.3052223188025464], [0.3676142746977099, 0.19678201072605594, 0.15811932320979538, 0.27748439126643876]], "ideal": "D", "sampled": "B", "correct": false}}
{"type": "result", "data": {"idx": 37, "options": ["15%", "35%", "55%", "75%"], "probs": [[0.3068489179728879, 0.32664126641227625, 0.18039289383861865, 0.1861169216762172], [0.41733441245349745, 0.2913463835814487, 0.07139874568471116, 0.2199204581803427], [0.45577531293298484, 0.21529648921526193, 0.10330091314243878, 0.22562728460931444], [0.2472597321885804, 0.2982530726903331, 0.21482937996158666, 0.23965781505949987]], "ideal": "B", "sampled": "B", "correct": true}}
{"type": "result", "data": {"idx": 38, "options": ["by 4 fold", "by 8 fold", "by 16 fold", "by 32 fold"], "probs": [[0.36981737885515226, 0.3163189613228545, 0.20107245593051393, 0.11279120379147936], [0.4144282217079755, 0.36572523811601376, 0.12443741038873932, 0.09540912968727143], [0.5269536630669694, 0.3565485053716583, 0.03938530203309538, 0.07711252942827683], [0.6119519243540383, 0.132346580449423, 0.07195733963882556, 0.18374415545771308]], "ideal": "D", "sampled": "C", "correct": false}}
{"type": "result", "data": {"idx": 39, "options": ["36%", "51%", "66%", "81%"], "probs": [[0.28282644739862056, 0.4736481304587765, 0.10568674804200813, 0.1378386740005948], [0.34497331541386683, 0.373007107548156, 0.108554002376847, 0.17346557456113015], [0.387252822004754, 0.38125027642499154, 0.07745724459176219, 0.15403965687849222], [0.41975097114868526, 0.35346708751562383, 0.0674612393151187, 0.15932070192057224]], "ideal": "C", "sampled": "D", "correct": false}}
{"type": "result", "data": {"idx": 40, "options": ["81%", "86%", "91%", "96%"], "probs": [[0.47817846155226573, 0.23305598839861016, 0.12090736397415626, 0.16785818597496785], [0.4896114954694663, 0.301649116657704, 0.072776844953691, 0.13596254281913872], [0.5192706677504761, 0.2065595635172224, 0.061058388690810164, 0.21311137994149124], [0.35907406986308227, 0.29307751534582144, 0.13005341006766255, 0.21779500462343376]], "ideal": "B", "sampled": "C", "correct": false}}
{"type": "result", "data": {"idx": 41, "options": ["26%", "46%", "66%", "86%"], "probs": [[0.27971099970789093, 0.41989709671419745, 0.17232977828657564, 0.12806212519133597], [0.348875084551549, 0.307883214449897, 0.18099919370991827, 0.16224250718863578], [0.364777126084532, 0.4198555145705591, 0.08530119996338119, 0.1300661592815277], [0.37664666206875, 0.31716802240466324, 0.16977238400412042, 0.1364129314224663]], "ideal": "A", "sampled": "D", "correct": false}}
{"type": "result", "data": {"idx": 42, "options": ["Brazil", "China", "Mexico", "Iran"], "probs": [[0.28704624082051133, 0.27824215834448146, 0.2343100949450923, 0.2004015057899149], [0.3114987816648484, 0.23885656179016734, 0.23886246264982366, 0.2107821937951606], [0.32715703571339516, 0.2629012645711289, 0.2145776950542168, 0.19536400456125916], [0.3131769047837736, 0.2596581318663894, 0.2401498740693667, 0.1870150891804703]], "ideal": "C", "sampled": "B", "correct": false}}
{"type": "result", "data": {"idx": 43, "options": ["1.2 million", "2.4 million", "3.6 million", "4.8 million"], "probs": [[0.5915346697012028, 0.22452705929025552, 0.045616022898046144, 0.13832224801049547], [0.611976075633213, 0.2114984204502051, 0.05023661534290163, 0.1262888884736803], [0.632307827409456, 0.2254605740083301, 0.037385523315505834, 0.10484607516670807], [0.6552945169326732, 0.16059153737557585, 0.04459487167120301, 0.13951907392054794]], "ideal": "A", "sampled": "D", "correct": false}}
{"type": "result", "data": {"idx": 44, "options": ["Diarrheal diseases", "Diabetes", "Dementia", "Road injuries"], "probs": [[0.7543236100775081, 0.10209111237351913, 0.027909960906880648, 0.11567531654209201], [0.1567324776761346, 0.15921282054920613, 0.3819423444808989, 0.3021123571937604], [0.11757407161052379, 0.5697548303964974, 0.19691474440341863, 0.11575635348956016], [0.4360355336421158, 0.4788918951686226, 0.028760972598880993, 0.05631159849038062]], "ideal": "C", "sampled": "A", "correct": false}}
{"type": "result", "data": {"idx": 45, "options": ["3 million", "14 million", "42 million", "124 million"], "probs": [[0.22170714040682804, 0.3598798054150562, 0.2287664907003239, 0.18964656337779184], [0.5112913288506038, 0.2694390435950659, 0.06812741657505203, 0.1511422108792783], [0.6332703710222577, 0.18430117917637082, 0.041123571966879956, 0.14130487773449155], [0.3767241761739336, 0.16981692132544612, 0.16459322955114172, 0.2888656728494785]], "ideal": "C", "sampled": "C", "correct": true}}
{"type": "result", "data": {"idx": 46, "options": ["26%", "46%", "66%", "86%"], "probs": [[0.37388849533252605, 0.3857595352871862, 0.09162723340390201, 0.14872473587638577], [0.4335269331498541, 0.27990919348778664, 0.0880782753141063, 0.19848559794825293], [0.3851284258484948, 0.35066454186499646, 0.10365854666054247, 0.1605484855259662], [0.3662091656948612, 0.35494209919041875, 0.1285541859984375, 0.15029454901628253]], "ideal": "A", "sampled": "B", "correct": false}}
{"type": "result", "data": {"idx": 47, "options": ["25%", "45%", "65%", "85%"], "probs": [[0.2849449855541103, 0.41459340470747824, 0.14553876436594232, 0.15492284527246916], [0.3782618399817253, 0.3782610651213318, 0.05622485363256238, 0.1872522411643805], [0.3992081194893834, 0.36920713549422607, 0.06517018976520547, 0.16641455515118506], [0.39199818404577363, 0.3569181401558271, 0.06300073579810563, 0.1880829399002936]], "ideal": "B", "sampled": "C", "correct": false}}
{"type": "result", "data": {"idx": 48, "options": ["6%", "16%", "36%", "66%"], "probs": [[0.2257345486753861, 0.47788450697385526, 0.16775788124894503, 0.1286230630018136], [0.390247685114116, 0.36660604026498833, 0.10180496713372912, 0.1413413073871665], [0.4922324349810855, 0.2761207016936463, 0.07431767326463604, 0.1573291899606322], [0.41913330068767735, 0.24640005803028747, 0.15419601821525813, 0.18027062296677704]], "ideal": "C", "sampled": "C", "correct": true}}
{"type": "result", "data": {"idx": 49, "options": ["43%", "58%", "73%", "88%"], "probs": [[0.3725476209067144, 0.3339495012731761, 0.09718683216215608, 0.1963160455579534], [0.40791074045260695, 0.3079049036776809, 0.07907800493459882, 0.2051063508351133], [0.4440107394468289, 0.29577254579694523, 0.06009061731506109, 0.20012609734116477], [0.4507077919316808, 0.31464343272332923, 0.04676809830144886, 0.18788067694354105]], "ideal": "B", "sampled": "C", "correct": false}}
{"type": "result", "data": {"idx": 50, "options": ["0.50%", "2%", "6%", "12%"], "probs": [[0.15881867468529212, 0.4667972554276902, 0.1915806801190025, 0.1828033896680152], [0.2268151769697962, 0.45817926088018573, 0.1464487950022999, 0.16855676704771816], [0.3014619636924778, 0.4817309659173253, 0.0476998424195488, 0.1691072278706481], [0.25772553679750015, 0.24211511013470877, 0.26179635522131794, 0.23836299774647315]], "ideal": "B", "sampled": "C", "correct": false}}
{"type": "result", "data": {"idx": 51, "options": ["strongly supported by most studies", "supported mainly by cross-section, not time-series studies", "supported mainly by time-series, not cross-section studies", "generally repudiated by empirical studies"], "probs": [[0.3573333460927298, 0.27398874128155515, 0.2100920732068103, 0.15858583931890474], [0.37485760446614586, 0.21028609571738233, 0.24587351081296757, 0.16898278890350424], [0.32671469203308384, 0.3166789090564154, 0.2584921102079635, 0.09811428860253724], [0.4325776929336686, 0.2426692210987546, 0.17755342753611553, 0.14719965833146126]], "ideal": "B", "sampled": "D", "correct": false}}
{"type": "result", "data": {"idx": 52, "options": ["12 years", "9 years", "6 years", "3 years"], "probs": [[0.4461186329451814, 0.32640621792404134, 0.09352005481202125, 0.133955094218756], [0.4072138909417808, 0.28429945014849156, 0.11309010463359183, 0.19539655417613586], [0.2999538942892158, 0.2264376479263225, 0.299994336038884, 0.1736141216455777], [0.21846454682357333, 0.3546252442653427, 0.30812375816233006, 0.11878645064875389]], "ideal": "B", "sampled": "A", "correct": false}}
{"type": "result", "data": {"idx": 53, "options": ["0.90%", "1.80%", "3.60%", "7.20%"], "probs": [[0.22038497861848866, 0.35217817564726206, 0.22039779361673217, 0.2070390520175171], [0.2529640122111792, 0.37974577006638094, 0.1822130625598291, 0.18507715506261077], [0.3542318781454437, 0.43400884710342996, 0.0708527086223124, 0.14090656602881393], [0.3272096368100527, 0.24316713614563235, 0.18644993661938528, 0.24317329032492965]], "ideal": "D", "sampled": "C", "correct": false}}
{"type": "result", "data": {"idx": 54, "options": ["14%", "24%", "34%", "44%"], "probs": [[0.2803895687660456, 0.3489549055658041, 0.16228453329714926, 0.20837099227100106], [0.2921248332547359, 0.38100456619916195, 0.14689583856043756, 0.17997476188566458], [0.35688016878612866, 0.4304796287129873, 0.07718345752133347, 0.13545674487955056], [0.42137375001113425, 0.3082876686913042, 0.07438031281563778, 0.19595826838192373]], "ideal": "A", "sampled": "D", "correct": false}}
{"type": "result", "data": {"idx": 55, "options": ["60%", "75%", "90%", "45%"], "probs": [[0.43266200130057275, 0.2707537245472164, 0.057647897853982444, 0.2389363761982284], [0.44073928547406194, 0.27153123130436896, 0.0518233826807609, 0.23590610044080818], [0.38693585843845235, 0.3414700912287967, 0.06122304848258759, 0.21037100175016335], [0.38679922297905894, 0.3257196947177552, 0.08365344501770781, 0.20382763718547803]], "ideal": "B", "sampled": "A", "correct": false}}
{"type": "result", "data": {"idx": 56, "options": ["50%", "60%", "70%", "80%"], "probs": [[0.287909358711062, 0.3472882806907503, 0.10265988110469373, 0.262142479393494], [0.31835948809476144, 0.3085665038341547, 0.10498677975281095, 0.2680872282182729], [0.3475372324364006, 0.3421472438137531, 0.0751613778978444, 0.2351541457520019], [0.3654828098459347, 0.3225390636787565, 0.0868114313903918, 0.22516669498491704]], "ideal": "D", "sampled": "D", "correct": true}}
{"type": "result", "data": {"idx": 57, "options": ["2%", "25%", "50%", "75%"], "probs": [[0.275624168292028, 0.42690091249105117, 0.11671162172185819, 0.1807632973950626], [0.3529728948717004, 0.3474974631915686, 0.11640214918879924, 0.18312749264793177], [0.37424702842691604, 0.3151454446576343, 0.10392501591317521, 0.20668251090227446], [0.3556510050693192, 0.3138598659085352, 0.1371184377033189, 0.19337069121882675]], "ideal": "D", "sampled": "B", "correct": false}}
{"type": "result", "data": {"idx": 58, "options": ["no nation has been able to grow in the past years.", "the Democratic Republic of Congo has become poorer than it initially was in 1980.", "some countries have had relatively significant growth rates.", "some countries have had relatively significant growth rates, but the Democratic Republic of Congo has become poorer than it initially was in 1980."], "probs": [[0.043251747029149, 0.08469462728759773, 0.6982670087508296, 0.1737866168324237], [0.19407932558855184, 0.27802752744086967, 0.4239905227587003, 0.10390262411187819], [0.23000733114280117, 0.6975151311128801, 0.04897642842201762, 0.023501109222301055], [0.5254674631646441, 0.13710187578472197, 0.18448908900098507, 0.15294157194964883]], "ideal": "C", "sampled": "D", "correct": false}}
{"type": "result", "data": {"idx": 59, "options": ["15.50%", "34.80%", "48.10%", "65.20%"], "probs": [[0.2178352837891683, 0.3944483814574728, 0.27111179441815897, 0.11660454023519994], [0.3174483179728633, 0.35971376296260954, 0.19255098698597867, 0.13028693197854846], [0.34391036019205357, 0.4083991220364783, 0.10654302319115161, 0.14114749448031655], [0.3231516528276059, 0.22915208678862858, 0.2516845799981885, 0.196011680285577]], "ideal": "B", "sampled": "C", "correct": false}}
{"type": "result", "data": {"idx": 60, "options": ["5 million", "30 million", "150 million", "500 million"], "probs": [[0.29187849161090307, 0.3156037032288614, 0.1855404376798102, 0.2069773673804253], [0.4662902438859212, 0.2784366239537727, 0.08103276707435277, 0.17424036498595327], [0.6373647951835084, 0.19138078104458578, 0.031242832072787, 0.1400115915991188], [0.40811758681731697, 0.1525141538535522, 0.18396657309877446, 0.2554016861303564]], "ideal": "C", "sampled": "C", "correct": true}}
{"type": "result", "data": {"idx": 61, "options": ["Colombia, Peru, Uruguay, and Costa Rica.", "Bhutan, Niger, Cambodia, and Costa Rica.", "Uruguay, Costa Rica, Timor-Leste, and Pakistan.", "Bhutan, Cambodia, Uruguay and Costa Rica."], "probs": [[0.3713088797246639, 0.21492458348470056, 0.1988085149987245, 0.214958021691911], [0.38721305705032516, 0.3015922948653749, 0.17733386421417888, 0.13386078377012103], [0.5343848068191077, 0.25642959350542965, 0.09887916602105801, 0.11030643355440464], [0.38442662927280047, 0.260147903239758, 0.16800220559350793, 0.1874232617939336]], "ideal": "A", "sampled": "C", "correct": false}}
{"type": "result", "data": {"idx": 62, "options": ["10%", "20%", "40%", "80%"], "probs": [[0.28620452965338383, 0.32431106225783785, 0.22641013082431227, 0.16307427716446607], [0.3430642834419313, 0.3595248513983506, 0.16719825813287809, 0.13021260692684003], [0.45706772799689577, 0.3241074680957936, 0.07942692934672498, 0.13939787446058566], [0.3617147070574268, 0.31426100344470204, 0.15316130904042838, 0.17086298035744277]], "ideal": "B", "sampled": "C", "correct": false}}
{"type": "result", "data": {"idx": 63, "options": ["38%", "58%", "78%", "98%"], "probs": [[0.441228893263556, 0.27611536707833684, 0.10157749789105111, 0.18107824166705602], [0.5431833923420653, 0.2229255760565125, 0.04321602407279611, 0.1906750074286261], [0.3984659373133164, 0.20036448834866083, 0.1911904244111086, 0.20997914982691412], [0.28847524090988685, 0.3881831110896444, 0.1341552416226932, 0.18918640627777555]], "ideal": "C", "sampled": "A", "correct": false}}
{"type": "result", "data": {"idx": 64, "options": ["True, True", "True, False", "False, True", "False, False"], "probs": [[0.20962830666696988, 0.3796160660161466, 0.3147386429419284, 0.09601698427495511], [0.2597001349487561, 0.35498177137292686, 0.2897496395864201, 0.09556845399189691], [0.1991175502602554, 0.2852415953219322, 0.4558355671952636, 0.05980528712254881], [0.19239528905304953, 0.3123186896202281, 0.41378546681853134, 0.081500554408191]], "ideal": "B", "sampled": "B", "correct": true}}
{"type": "result", "data": {"idx": 65, "options": ["260", "2,600", "26,000", "260,000"], "probs": [[0.32256771668988665, 0.34337471377211076, 0.08284379170704885, 0.2512137777309537], [0.42593164199648925, 0.3531090695752789, 0.05675164736429777, 0.16420764096393412], [0.44168234689740615, 0.27640414750054876, 0.03799706395330035, 0.24391644154874467], [0.37768188396552743, 0.1840741200864577, 0.11519090170893695, 0.3230530941390779]], "ideal": "C", "sampled": "C", "correct": true}}
{"type": "result", "data": {"idx": 66, "options": ["90%", "70%", "50%", "30%"], "probs": [[0.506946488957181, 0.28885560364053126, 0.047154380461197964, 0.1570435268410898], [0.5207887543599083, 0.25781692320368915, 0.046951217983311026, 0.17444310435309143], [0.36664847877016704, 0.30396862456283313, 0.13916731747335362, 0.19021557909364623], [0.34305082981469603, 0.38270225261715574, 0.10964748762239421, 0.16459942984575401]], "ideal": "A", "sampled": "A", "correct": true}}
{"type": "result", "data": {"idx": 67, "options": ["Japan", "Canada", "Russia", "Iran"], "probs": [[0.1768195698910158, 0.2306302980566229, 0.28702722693967986, 0.3055229050126814], [0.1793855673078452, 0.25299008924248867, 0.21639835187421846, 0.3512259914754477], [0.22924431007662233, 0.19006480557902608, 0.23654301814668782, 0.3441478660976638], [0.1677479917797782, 0.19922018346016465, 0.2723034660589109, 0.3607283586011462]], "ideal": "B", "sampled": "C", "correct": false}}
{"type": "result", "data": {"idx": 68, "options": ["59%", "69%", "79%", "89%"], "probs": [[0.36210988047405607, 0.35097161977869135, 0.11043967634645409, 0.1764788233007985], [0.3872998029552545, 0.34179129938499075, 0.08508042181862628, 0.18582847574112846], [0.48562696390352056, 0.31354394435152194, 0.05039167757427555, 0.1504374140706819], [0.5209737438968903, 0.2702789018415796, 0.04481719077979825, 0.16393016338173186]], "ideal": "C", "sampled": "C", "correct": true}}
{"type": "result", "data": {"idx": 69, "options": ["9%", "19%", "39%", "59%"], "probs": [[0.2790183334532262, 0.38738423488023105, 0.17461389112320008, 0.15898354044334265], [0.3814510943887983, 0.3419326790537335, 0.13183067541248536, 0.1447855510449828], [0.5080425890188778, 0.28947434689113594, 0.06359037945798056, 0.13889268453200573], [0.47021940523336514, 0.2439489516998392, 0.12076582783648733, 0.1650658151303083]], "ideal": "B", "sampled": "C", "correct": false}}
{"type": "result", "data": {"idx": 70, "options": ["18%", "38%", "58%", "78%"], "probs": [[0.3655185808030398, 0.3433729214138017, 0.13873750383472377, 0.15237099384843472], [0.43406931138736343, 0.2937041165441517, 0.11501769917943291, 0.15720887278905196], [0.5149150124384388, 0.2756144527344963, 0.07303116051261689, 0.13643937421444793], [0.43145504268075574, 0.2829541840646272, 0.10573335657155152, 0.17985741658306553]], "ideal": "B", "sampled": "C", "correct": false}}
{"type": "result", "data": {"idx": 71, "options": ["24%", "39%", "54%", "69%"], "probs": [[0.22995516432346366, 0.36177230162487445, 0.2730871831287656, 0.13518535082289623], [0.30408067187786636, 0.4783828662986148, 0.12479678074058405, 0.09273968098293477], [0.48800158567307494, 0.41093817879989036, 0.03704783099234182, 0.06401240443469289], [0.6625633736400341, 0.17556471859301756, 0.03737993482305427, 0.124491972843894]], "ideal": "A", "sampled": "C", "correct": false}}
{"type": "result", "data": {"idx": 72, "options": ["1.5 children per woman", "2.5 children per woman", "3.5 children per woman", "4.5 children per woman"], "probs": [[0.595439987892868, 0.2642288914790683, 0.050430596025530024, 0.08990052450253362], [0.6143947656018635, 0.22602859953680557, 0.04592189055454794, 0.11365474420678298], [0.6154607740068647, 0.24481740531151125, 0.05378097327157774, 0.08594084731004625], [0.562504998351933, 0.2741472083928141, 0.0715182934403681, 0.0918294997148848]], "ideal": "B", "sampled": "A", "correct": false}}
{"type": "result", "data": {"idx": 73, "options": ["$300 ", "$1,000 ", "$10,000 ", "$30,000 "], "probs": [[0.2550704853002611, 0.4012853324395073, 0.13868429178652003, 0.20495989037371157], [0.2974519000298997, 0.2838389150288469, 0.1642776207039459, 0.2544315641373075], [0.35654805493299785, 0.2910168040543289, 0.09157432205472125, 0.260860818857952], [0.3554316672584624, 0.16021550655047354, 0.11184576819289459, 0.37250705789816946]], "ideal": "C", "sampled": "C", "correct": true}}
{"type": "result", "data": {"idx": 74, "options": ["20%", "40%", "60%", "80%"], "probs": [[0.32411214140632194, 0.3672700797600402, 0.15551520551044318, 0.15310257322319465], [0.40116220102212785, 0.3768586477088788, 0.06971312435348953, 0.15226602681550383], [0.4632381234841097, 0.3134469412955636, 0.06570295292750823, 0.15761198219281844], [0.43251074403955964, 0.3264784222587821, 0.05498838563722952, 0.18602244796442874]], "ideal": "C", "sampled": "C", "correct": true}}
{"type": "result", "data": {"idx": 75, "options": ["41%", "56%", "71%", "86%"], "probs": [[0.291826550511541, 0.3988834082515023, 0.12949995888219623, 0.17979008225476042], [0.3286781233079111, 0.36666893433853287, 0.10838946680762189, 0.1962634754459342], [0.3888002037613214, 0.4011403917865156, 0.06248649954170973, 0.1475729048104533], [0.46735824737172005, 0.2704849162282791, 0.06732947923077942, 0.19482735706922147]], "ideal": "B", "sampled": "D", "correct": false}}
{"type": "result", "data": {"idx": 76, "options": ["1%", "2%", "4%", "8%"], "probs": [[0.2865997339975257, 0.27347488023511324, 0.19091967315313377, 0.24900571251422726], [0.32151721467510896, 0.34224964635005983, 0.16680405286652503, 0.1694290860083062], [0.4046473445873534, 0.3801225053956965, 0.06402469062312097, 0.15120545929382911], [0.43231675990781054, 0.23504572139667299, 0.12194205346844704, 0.2106954651270694]], "ideal": "C", "sampled": "D", "correct": false}}
{"type": "result", "data": {"idx": 77, "options": ["US", "Chile", "Ireland", "Spain"], "probs": [[0.35288408920937664, 0.24635708696698863, 0.16932586086078785, 0.2314329628628469], [0.17585509309746528, 0.23297498669268923, 0.1626488936968917, 0.42852102641295375], [0.2257126319609191, 0.1757901530183827, 0.3961626709826795, 0.20233454393801875], [0.25933469305331064, 0.4016683846931966, 0.12060926557650818, 0.2183876565769846]], "ideal": "A", "sampled": "A", "correct": true}}
{"type": "result", "data": {"idx": 78, "options": ["was approximately zero", "exceeded that of high income countries", "exceeded that of Britain during the industrial revolution", "was approximately 3.0% per year"], "probs": [[0.31204358670105165, 0.24686556297651588, 0.15692694951297015, 0.2841639007094623], [0.3223288260874038, 0.15227068505341945, 0.427086847170594, 0.09831364158858277], [0.248143996121805, 0.6436428307164765, 0.04245607102878382, 0.06575710203293464], [0.870159407315952, 0.06816963727893754, 0.022832818548348326, 0.03883813675676211]], "ideal": "C", "sampled": "D", "correct": false}}
