{"type": "result", "data": {"idx": 0, "options": ["(0, \u2013 3)", "(4, 1)", "(2, 2)", "(\u2013 4, \u20132)"], "probs": [[0.3414763807908951, 0.2039316445385134, 0.25380894539202326, 0.20078302917856825], [0.27150126884395953, 0.26732721523759934, 0.32247742526767353, 0.13869409055076762], [0.33577762051376514, 0.274083801304225, 0.24569834008437136, 0.1444402379976385], [0.3277924705385073, 0.2804056149501181, 0.25934359815125424, 0.13245831626012033]], "ideal": "D", "sampled": "D", "correct": true}}
{"type": "result", "data": {"idx": 1, "options": ["2500", "2", "50", "25"], "probs": [[0.41264221682955354, 0.177477809433442, 0.17473902066895913, 0.2351409529680453], [0.26871510536620724, 0.24853307755687784, 0.25645112224484595, 0.22630069473206896], [0.2972907423675793, 0.22093421218570078, 0.2837219834043976, 0.1980530619423224], [0.2928840597512452, 0.3166842820413911, 0.20132194447575852, 0.18910971363160517]], "ideal": "C", "sampled": "A", "correct": false}}
{"type": "result", "data": {"idx": 2, "options": ["392", "336", "300", "297"], "probs": [[0.34118823160167633, 0.2575740958448509, 0.20376579737021566, 0.1974718750832571], [0.36451122425493127, 0.23908373419905998, 0.19821532081951493, 0.19818972062649381], [0.29790969792278654, 0.25485860539335703, 0.25486951304302474, 0.19236218354083168], [0.3121758149576312, 0.2670507768580113, 0.2284352813199502, 0.19233812676440726]], "ideal": "A", "sampled": "A", "correct": true}}
{"type": "result", "data": {"idx": 3, "options": ["\\frac{7}{9}", "\\frac{8}{9}", "\\frac{5}{9}", "\\frac{9}{11}"], "probs": [[0.3975807964764697, 0.2690423984699262, 0.20629369903090428, 0.12708310592269978], [0.3921186263239837, 0.24927243583525574, 0.2165811637769819, 0.14202777396377866], [0.35728330799568275, 0.23802875406021407, 0.2533902114350929, 0.15129772640901026], [0.36375249512588814, 0.2579636054366238, 0.24234878246592267, 0.1359351168715654]], "ideal": "B", "sampled": "B", "correct": true}}
{"type": "result", "data": {"idx": 4, "options": ["(-inf, 10)", "(-inf, 9)", "(-inf, 8)", "(-inf, 7)"], "probs": [[0.2707185290112807, 0.3877844118273715, 0.2175355964886357, 0.12396146257271212], [0.25046763749043843, 0.3940367375337125, 0.23530146038923988, 0.12019416448660919], [0.22239272790147907, 0.3903085116513841, 0.24810661754034657, 0.1391921428067903], [0.2207032839576, 0.48205919971579547, 0.21728953231286252, 0.07994798391374204]], "ideal": "C", "sampled": "A", "correct": false}}
{"type": "result", "data": {"idx": 5, "options": ["396", "72", "66", "36"], "probs": [[0.17484859672518072, 0.20766164107997673, 0.46074506401849163, 0.15674469807635094], [0.30096458264542825, 0.5623053698310704, 0.04202658526080103, 0.0947034621627003], [0.5034314839505935, 0.2453684882464466, 0.07720565565035598, 0.17399437205260396], [0.3873952867091439, 0.15653395417951887, 0.15899945557018394, 0.29707130344115323]], "ideal": "B", "sampled": "C", "correct": false}}
{"type": "result", "data": {"idx": 6, "options": ["0.16", "0.24", "0.3", "0.5"], "probs": [[0.3924236390573346, 0.34632490255741316, 0.12349163095579375, 0.1377598273294585], [0.4155935644687861, 0.19941876826676314, 0.20899769661720752, 0.17598997054724322], [0.3034543304302527, 0.3180314803392107, 0.2185934865675281, 0.15992070256300844], [0.3324499725963021, 0.31724604961083824, 0.21805286405290175, 0.13225111363995787]], "ideal": "C", "sampled": "B", "correct": false}}
{"type": "result", "data": {"idx": 7, "options": ["42", "12", "36", "39"], "probs": [[0.3840787639280788, 0.18144529647474777, 0.2640013553833028, 0.17047458411387056], [0.28796375200577073, 0.2387586469329273, 0.3065864169362788, 0.16669118402502314], [0.3703222572433175, 0.18916018305317414, 0.23912480471127123, 0.20139275489223712], [0.33046023039076894, 0.2307235816106022, 0.25340319432475905, 0.18541299357386978]], "ideal": "A", "sampled": "C", "correct": false}}
{"type": "result", "data": {"idx": 8, "options": ["\\frac{125}{648}", "\\frac{25}{648}", "\\frac{625}{648}", "\\frac{1}{648}"], "probs": [[0.5146886437406499, 0.24314007382658206, 0.10789786460449373, 0.13427341772827422], [0.4561475394661966, 0.24038694323741486, 0.1576615140225373, 0.1458040031738512], [0.48634278126094194, 0.23704215605852688, 0.13506982212877947, 0.1415452404517517], [0.36397148259729734, 0.26631475285950745, 0.21068590015110242, 0.15902786429209279]], "ideal": "C", "sampled": "A", "correct": false}}
{"type": "result", "data": {"idx": 9, "options": ["8", "12", "10", "4"], "probs": [[0.2692573586058367, 0.200114825344494, 0.3512405648106595, 0.17938725113900975], [0.2803453802782094, 0.23609539864086496, 0.2938442825977213, 0.1897149383832044], [0.2698939998193796, 0.2037495493126379, 0.3520730383033192, 0.17428341246466325], [0.2533696369087538, 0.23071967750625344, 0.33051339773548777, 0.18539728774950498]], "ideal": "B", "sampled": "C", "correct": false}}
{"type": "result", "data": {"idx": 10, "options": ["13", "14", "1", "2"], "probs": [[0.3932329533074344, 0.2171844010488883, 0.20086923838243584, 0.18871340716124146], [0.3396803089684268, 0.19970372019642726, 0.2729736525594361, 0.18764231817570978], [0.29884516299224134, 0.22559919278752272, 0.29425292327284003, 0.1813027208473959], [0.37169271492912154, 0.23262259604859167, 0.2254778314512372, 0.17020685747104955]], "ideal": "D", "sampled": "A", "correct": false}}
{"type": "result", "data": {"idx": 11, "options": ["30", "64", "2048", "60"], "probs": [[0.29492991280795533, 0.23699732906244517, 0.2522883041758882, 0.21578445385371128], [0.3310310838217287, 0.306162801905307, 0.1828269823750103, 0.17997913179795402], [0.32389358648081956, 0.21243172024842852, 0.21916728372668864, 0.24450740944406327], [0.2896456674994611, 0.2291430051523334, 0.25562640641120243, 0.22558492083700304]], "ideal": "D", "sampled": "C", "correct": false}}
{"type": "result", "data": {"idx": 12, "options": ["0", "1", "2", "4"], "probs": [[0.30268670027467764, 0.20164558890369472, 0.2843512381135557, 0.21131647260807193], [0.4042633952211919, 0.13970807817856476, 0.19094591694409152, 0.26508260955615176], [0.3287196555023389, 0.18440144311734125, 0.28117362499923, 0.2057052762810899], [0.36246995754506256, 0.2130973434129649, 0.23040534093483983, 0.1940273580071327]], "ideal": "D", "sampled": "A", "correct": false}}
{"type": "result", "data": {"idx": 13, "options": ["92", "93", "94.5", "95"], "probs": [[0.3236803258786916, 0.3088877636878249, 0.1414246026176918, 0.22600730771579167], [0.3492066755778069, 0.2806253647337262, 0.14111101205395155, 0.22905694753451541], [0.27803326064597683, 0.20989781928791432, 0.2066444338151465, 0.30542448615096235], [0.23263969218310962, 0.2636597532860952, 0.28509468686992134, 0.21860586756087386]], "ideal": "B", "sampled": "B", "correct": true}}
{"type": "result", "data": {"idx": 14, "options": ["R <= T <= M <= L", "L <= T <= M <= R", "R <= M <= T <= L", "L <= M <= T <= R"], "probs": [[0.264584404110575, 0.2687631369305517, 0.27302823688466027, 0.19362422197421306], [0.23829271962164347, 0.22039521723548477, 0.34677486178275074, 0.19453720126012097], [0.2798197269159878, 0.26287665960544143, 0.2588343023995011, 0.1984693109790697], [0.24116229955897905, 0.230129628166171, 0.3348823090982717, 0.19382576307657823]], "ideal": "D", "sampled": "D", "correct": true}}
{"type": "result", "data": {"idx": 15, "options": ["16", "2\\sqrt{2}", "5", "5+2\\sqrt{13}"], "probs": [[0.2876224219511419, 0.2460463642827989, 0.22404687104368876, 0.2422843426223704], [0.33571702238540413, 0.1825479715879998, 0.2615154981351644, 0.22021950779143173], [0.30103771689728853, 0.28728421251787123, 0.22028828978053971, 0.19138978070430052], [0.32192599770187724, 0.2711063623157238, 0.1750539392057841, 0.23191370067661485]], "ideal": "D", "sampled": "D", "correct": true}}
{"type": "result", "data": {"idx": 16, "options": ["8", "3", "6", "9"], "probs": [[0.30897860577465447, 0.19337342340046146, 0.30425893090656214, 0.19338903981832187], [0.23420397048670213, 0.22351091116019353, 0.33556315319429325, 0.20672196505881105], [0.29439851200023015, 0.2222457345763266, 0.29909726528667696, 0.18425848803676625], [0.28758120105399004, 0.2007789581697231, 0.3259395312051941, 0.18570030947109278]], "ideal": "A", "sampled": "D", "correct": false}}
{"type": "result", "data": {"idx": 17, "options": ["-2", "-4", "-1", "1"], "probs": [[0.2686534363565348, 0.23342888153669178, 0.2951001646759951, 0.20281751733077832], [0.2673772155653539, 0.23969105302271695, 0.31755773790472286, 0.1753739934072063], [0.2656333327489699, 0.24955089762319027, 0.3105894784055238, 0.17422629112231602], [0.29716771838077516, 0.2425588667150172, 0.26228213307618875, 0.19799128172801886]], "ideal": "B", "sampled": "D", "correct": false}}
{"type": "result", "data": {"idx": 18, "options": ["1", "3", "0", "5"], "probs": [[0.3575058014701577, 0.25352547661470226, 0.20055723184150345, 0.1884114899736366], [0.36577840545756357, 0.2084240106009434, 0.24751850222501048, 0.17827908161648254], [0.348352288395383, 0.2509232498592039, 0.21130526378582742, 0.1894191978595857], [0.34548834477618057, 0.17373675365106503, 0.277640674647353, 0.20313422682540141]], "ideal": "A", "sampled": "B", "correct": false}}
{"type": "result", "data": {"idx": 19, "options": ["(-\\infty,-1)\\cup (1,\\infty)", "(-\\infty,0)\\cup (0,\\infty)", "[-1,1]", "(-1,1)"], "probs": [[0.34609588203629205, 0.27378293257189207, 0.28249090275716604, 0.09763028253464982], [0.37957941198633494, 0.4368848697501827, 0.11220679187577022, 0.07132892628771213], [0.31228454313811543, 0.2671181380683454, 0.3074749547296976, 0.11312236396384151], [0.34756592948435816, 0.3877291496523662, 0.11284250356149277, 0.1518624172017828]], "ideal": "B", "sampled": "C", "correct": false}}
{"type": "result", "data": {"idx": 20, "options": ["\\frac{5}{x-4}", "\\frac{x-4}{5}", "\\frac{x+4}{5}", "-\\frac{x-4}{5}"], "probs": [[0.5030758342904746, 0.3148438608715711, 0.08606748962981502, 0.09601281510813924], [0.5763278345338825, 0.21205248478680083, 0.10333122595120785, 0.10828845462810881], [0.35267222186877384, 0.3934729724242677, 0.13386075297045785, 0.11999405263650059], [0.4921838640674503, 0.3128915428802404, 0.11331053822099545, 0.08161405473131385]], "ideal": "D", "sampled": "B", "correct": false}}
{"type": "result", "data": {"idx": 21, "options": ["\u221216", "32", "\u221232", "64"], "probs": [[0.3043538811113393, 0.26860140372221264, 0.2563070807383698, 0.17073763432807829], [0.2570679225823696, 0.4511729545614896, 0.15838280554592485, 0.13337631721021598], [0.3341900159708754, 0.2407212293014791, 0.2191822114245788, 0.2059065432030667], [0.19098873434541072, 0.44407355780929136, 0.23770064113147285, 0.12723706661382506]], "ideal": "B", "sampled": "C", "correct": false}}
{"type": "result", "data": {"idx": 22, "options": ["7", "11", "16", "8"], "probs": [[0.28914632097811416, 0.25522746492333415, 0.2983926400962412, 0.15723357390231046], [0.22047691197551733, 0.32085447910605636, 0.3310484834465502, 0.1276201253718761], [0.34907216729773205, 0.2676924903308389, 0.2399557536626856, 0.14327958860874343], [0.3293015160619188, 0.21266660725930384, 0.28173277618847603, 0.1762991003903013]], "ideal": "D", "sampled": "C", "correct": false}}
{"type": "result", "data": {"idx": 23, "options": ["4", "8", "2", "1"], "probs": [[0.2524179555583597, 0.2564112283988369, 0.34507021818689243, 0.14610059775591094], [0.2789941644689347, 0.30642988361543144, 0.2580566627108289, 0.15651928910480498], [0.146310708492253, 0.1765069295218031, 0.49507188024957877, 0.1821104816363651], [0.17879250377427996, 0.31381248957040236, 0.3340849528263962, 0.17331005372892144]], "ideal": "B", "sampled": "A", "correct": false}}
{"type": "result", "data": {"idx": 24, "options": ["Friday", "Thursday", "Wednesday", "Tuesday"], "probs": [[0.441678556880783, 0.2186531438201422, 0.1870279898328308, 0.152640309366244], [0.44841712348021723, 0.22903711875196345, 0.154980081678324, 0.16756567598949532], [0.4289285242128597, 0.2156915366433936, 0.18740381298575334, 0.16797612605799334], [0.37647191247262735, 0.24691062041004944, 0.20153160691528246, 0.17508586010204075]], "ideal": "A", "sampled": "A", "correct": true}}
{"type": "result", "data": {"idx": 25, "options": ["5", "3", "15", "31"], "probs": [[0.27693136698423043, 0.2260440669416623, 0.28133302085766143, 0.21569154511644584], [0.29245835103957346, 0.26217716539000563, 0.2139929649914943, 0.23137151847892662], [0.30072052471488414, 0.22701530293249061, 0.2416762416314061, 0.2305879306212191], [0.31368114606339675, 0.20897514493237884, 0.23681209273318343, 0.24053161617104094]], "ideal": "C", "sampled": "C", "correct": true}}
{"type": "result", "data": {"idx": 26, "options": ["145", "90", "60", "70"], "probs": [[0.3813211278544997, 0.24621363760629092, 0.22772369730665667, 0.14474153713255275], [0.3711860013596864, 0.21150780266608576, 0.25513892222748735, 0.1621672736467405], [0.40688859754708157, 0.20143563732556052, 0.2111100216496458, 0.1805657433777121], [0.3457691124595507, 0.22326025697234247, 0.2822459977917653, 0.1487246326763415]], "ideal": "D", "sampled": "B", "correct": false}}
{"type": "result", "data": {"idx": 27, "options": ["2 min", "5 min", "18 min", "20 min"], "probs": [[0.2673145691672617, 0.2590999757448004, 0.33271261049237316, 0.14087284449556464], [0.31520047780699617, 0.29610940811057157, 0.2613312005735373, 0.12735891340889496], [0.34916737813742527, 0.23998004851147253, 0.2762326248815951, 0.13461994836950705], [0.28080491902433674, 0.28080903174507094, 0.3036474468194253, 0.13473860231116702]], "ideal": "C", "sampled": "C", "correct": true}}
{"type": "result", "data": {"idx": 28, "options": ["(-4,4)", "[0,4]", "(-inf, -1) U (4, inf)", "(-inf, -1) U (-1, 4) U (4, inf)"], "probs": [[0.21197506240759265, 0.21533566183689076, 0.36065642654223673, 0.21203284911327985], [0.2396861761568709, 0.34332996603393484, 0.2983139156996913, 0.11866994200950294], [0.31717093357978315, 0.2933287191099725, 0.2509193307989555, 0.1385810164112888], [0.3960898937146694, 0.17853424643276836, 0.229262326816834, 0.19611353293572822]], "ideal": "C", "sampled": "C", "correct": true}}
{"type": "result", "data": {"idx": 29, "options": ["1", "e", "2/e", "1/e"], "probs": [[0.21284748928873382, 0.2864230317548048, 0.27763420754329915, 0.2230952713131622], [0.291465145829073, 0.2270013852487665, 0.33030803019629745, 0.15122543862586302], [0.3659868617891737, 0.30818862863149143, 0.17561188781818654, 0.15021262166114827], [0.3910349185836399, 0.1507617451440318, 0.2646090506322889, 0.19359428554003935]], "ideal": "D", "sampled": "D", "correct": true}}
{"type": "result", "data": {"idx": 30, "options": ["1", "2", "0", "5"], "probs": [[0.43946411546448905, 0.17210373024256975, 0.17756394775576056, 0.21086820643718066], [0.3936961292826824, 0.22085368631061728, 0.17470644412677833, 0.21074374017992203], [0.3024863212257237, 0.23194175265073716, 0.2932031364981245, 0.1723687895254146], [0.44108496426358607, 0.23982707378334842, 0.12637877839668754, 0.19270918345637794]], "ideal": "C", "sampled": "A", "correct": false}}
{"type": "result", "data": {"idx": 31, "options": ["10", "16", "24", "12"], "probs": [[0.2630308764187874, 0.2889244771403588, 0.2672234674442415, 0.18082117889661228], [0.2832624273722862, 0.2138577518568497, 0.3111676825097815, 0.19171213816108262], [0.2481536231962002, 0.2856667892994901, 0.2901746587139072, 0.17600492869040255], [0.27065120757801114, 0.27069087447146956, 0.30198739775900524, 0.15667052009151403]], "ideal": "A", "sampled": "B", "correct": false}}
{"type": "result", "data": {"idx": 32, "options": ["12", "22", "840", "240"], "probs": [[0.35102285520304577, 0.2196723916760531, 0.20961416702621882, 0.2196905859946823], [0.2827969617619077, 0.1537665644327966, 0.21685291303848422, 0.34658356066681145], [0.30141756833810146, 0.2787905716256829, 0.18863984012624233, 0.2311520198099733], [0.4052997766730234, 0.20065164265039276, 0.17707125576943814, 0.21697732480714566]], "ideal": "D", "sampled": "D", "correct": true}}
{"type": "result", "data": {"idx": 33, "options": ["8788", "2", "2197", "21"], "probs": [[0.2662750025557436, 0.2970825554382219, 0.23872768943737696, 0.19791475246865758], [0.20264129056342334, 0.41582887858934603, 0.20267612948036762, 0.178853701266863], [0.3430370688095378, 0.22499246893063338, 0.1924556046531864, 0.2395148575066424], [0.2874363446368176, 0.22740840705382603, 0.29662395290865934, 0.18853129530069695]], "ideal": "A", "sampled": "C", "correct": false}}
{"type": "result", "data": {"idx": 34, "options": ["-9", "-5", "-6", "-57"], "probs": [[0.23397610477467157, 0.23766455907251993, 0.36243274544136644, 0.16592659061144205], [0.26162370257074935, 0.26993193415291084, 0.28291355717590877, 0.18553080600043106], [0.3377684849827931, 0.22151706450401687, 0.23583071718746323, 0.2048837332257268], [0.26323713046230135, 0.20501313527917245, 0.3030235902523579, 0.2287261439061683]], "ideal": "A", "sampled": "C", "correct": false}}
{"type": "result", "data": {"idx": 35, "options": ["15", "5", "9", "17"], "probs": [[0.30422876188778697, 0.19953905638663513, 0.35024372783507424, 0.14598845379050368], [0.2513553537378987, 0.3227650272935478, 0.28487018172381, 0.14100943714474348], [0.25644206998168, 0.2604997157790037, 0.35609868165269887, 0.1269595324866174], [0.30290931460212484, 0.29360666868134794, 0.25116121766439803, 0.15232279895212916]], "ideal": "D", "sampled": "A", "correct": false}}
{"type": "result", "data": {"idx": 36, "options": ["252", "4680", "98770", "101170"], "probs": [[0.2861504809845864, 0.3192584764748665, 0.21268161812262384, 0.18190942431792323], [0.3980643808155211, 0.2693672518068486, 0.15590307347263135, 0.1766652938049989], [0.3468675962766976, 0.23842250163588635, 0.17997736005141665, 0.23473254193599938], [0.3286775848334895, 0.19025118080110676, 0.24429493412033762, 0.2367763001450661]], "ideal": "C", "sampled": "B", "correct": false}}
{"type": "result", "data": {"idx": 37, "options": ["4.5", "1", "5.5", "5"], "probs": [[0.31852853637281275, 0.1902125676007789, 0.2855742871329718, 0.20568460879343653], [0.20205873835783886, 0.29400630468142097, 0.29867296072806054, 0.2052619961326796], [0.32068083278005993, 0.2309864736127482, 0.2920350214520854, 0.15629767205510653], [0.28270535363143995, 0.35181688375631764, 0.17418308102433983, 0.19129468148790255]], "ideal": "C", "sampled": "A", "correct": false}}
{"type": "result", "data": {"idx": 38, "options": ["240", "120", "60", "111"], "probs": [[0.32990622517147716, 0.2569484710436411, 0.21301777658716534, 0.20012752709771645], [0.37569437546830636, 0.2880797173712576, 0.13821778111916777, 0.19800812594126824], [0.33362731831354475, 0.1931056706877017, 0.23292589532379443, 0.24034111557495913], [0.26094452710572497, 0.1939391431289304, 0.3147942862252937, 0.23032204344005086]], "ideal": "A", "sampled": "B", "correct": false}}
{"type": "result", "data": {"idx": 39, "options": ["24", "5", "3", "21"], "probs": [[0.31665996185742157, 0.16687004515156448, 0.2883516592743481, 0.22811833361666586], [0.3386177420277532, 0.20220087466602107, 0.24391539392416345, 0.21526598928206225], [0.3271844484235823, 0.2431484533051426, 0.2248929656785235, 0.20477413249275161], [0.40865885598359525, 0.1730389271050666, 0.19609255794572067, 0.22220965886561747]], "ideal": "A", "sampled": "D", "correct": false}}
{"type": "result", "data": {"idx": 40, "options": ["1", "-3", "-1", "3"], "probs": [[0.2522350251422417, 0.29955312606677015, 0.29034990069346867, 0.15786194799751946], [0.33147043480345567, 0.22782445291125103, 0.2791504603218602, 0.16155465186343307], [0.3275704881945362, 0.23594436834049026, 0.22165338032254203, 0.2148317630424315], [0.324404333863069, 0.1791614022546868, 0.31444919574765806, 0.1819850680345861]], "ideal": "B", "sampled": "B", "correct": true}}
{"type": "result", "data": {"idx": 41, "options": ["4", "6", "10", "15"], "probs": [[0.3029778301412873, 0.29831340906021075, 0.22874456641770782, 0.1699641942807941], [0.32656014935566174, 0.25435338179766875, 0.19810592226508822, 0.2209805464815813], [0.3103844132594499, 0.23800561610447674, 0.25736244743388853, 0.19424752310218485], [0.3050594122420491, 0.25293991720948195, 0.2735171697318375, 0.16848350071663154]], "ideal": "C", "sampled": "B", "correct": false}}
{"type": "result", "data": {"idx": 42, "options": ["Alice", "Devon", "Bob", "Gerald"], "probs": [[0.07871885479618418, 0.402946883355811, 0.31880962370411875, 0.19952463804388604], [0.26074521693551916, 0.2648614842076594, 0.2095196253983984, 0.26487367335842293], [0.19504623150020703, 0.2544039000015441, 0.36443326138538157, 0.18611660701286728], [0.24824180456773146, 0.2994574516873877, 0.21908546329079293, 0.23321528035408792]], "ideal": "B", "sampled": "B", "correct": true}}
{"type": "result", "data": {"idx": 43, "options": ["(6-3x)(6+3x)", "(-3x+6)(3x+6)", "9(2-x)(2+x)", "3(2+x)^2"], "probs": [[0.4750834986142183, 0.22799625859342482, 0.1426566626082256, 0.1542635800841313], [0.5636132400933546, 0.18882401426352308, 0.09346278825557494, 0.15409995728754747], [0.4840938746445075, 0.18093787131884317, 0.1453635692451072, 0.18960468469154215], [0.28934406406847485, 0.33310317491412844, 0.20201970649872425, 0.17553305441867248]], "ideal": "C", "sampled": "B", "correct": false}}
{"type": "result", "data": {"idx": 44, "options": ["100", "90950", "5200", "50"], "probs": [[0.39004618506772265, 0.17859573926623468, 0.22578206992547023, 0.20557600564057243], [0.3253514322901116, 0.26557894351304917, 0.1854166156426943, 0.22365300845414496], [0.4809681463337669, 0.16112476055946576, 0.1444341030235161, 0.2134729899832512], [0.3104554506961624, 0.4049307824245709, 0.1356446634289478, 0.14896910335031885]], "ideal": "C", "sampled": "A", "correct": false}}
{"type": "result", "data": {"idx": 45, "options": ["\\frac{1}{8}", "\\frac{1}{7}", "\\frac{1}{40}", "\\frac{1}{35}"], "probs": [[0.4594052912705246, 0.18563509431779213, 0.16641111915947598, 0.18854849515220728], [0.3604222183996294, 0.25962727872476565, 0.19295283862579282, 0.1869976641498121], [0.31547132131282846, 0.22025731203737672, 0.2872953116606473, 0.1769760548891475], [0.3627360624935315, 0.3251755382618963, 0.1584893535733887, 0.15359904557118342]], "ideal": "D", "sampled": "A", "correct": false}}
{"type": "result", "data": {"idx": 46, "options": ["5", "11", "17", "199"], "probs": [[0.4249618274646182, 0.12367130714684174, 0.19762210086511275, 0.2537447644234273], [0.39316092160163485, 0.1492252282995415, 0.1316916138535945, 0.3259222361452291], [0.2960006958546432, 0.08749599204446096, 0.3250987006048314, 0.2914046113960644], [0.2820915281490522, 0.16073748467745347, 0.25685697791392004, 0.3003140091595743]], "ideal": "D", "sampled": "A", "correct": false}}
{"type": "result", "data": {"idx": 47, "options": ["7", "5", "2", "25"], "probs": [[0.29737282239462715, 0.2793461125712313, 0.2665737906811363, 0.15670727425300524], [0.31410652863977245, 0.32917193065528416, 0.20600714094377534, 0.15071439966116804], [0.33344565824972044, 0.27214332601259683, 0.21869201304239566, 0.17571900259528703], [0.28357016192312046, 0.23508548033612084, 0.3066349831919706, 0.17470937444878812]], "ideal": "A", "sampled": "C", "correct": false}}
{"type": "result", "data": {"idx": 48, "options": ["792", "66", "396", "72"], "probs": [[0.21470500126746128, 0.5657147063174869, 0.062486263684523584, 0.1570940286305282], [0.4179974073350437, 0.23819399657865634, 0.16117350275175835, 0.18263509323454158], [0.29966839698434716, 0.272881384570708, 0.16294269019311397, 0.26450752815183093], [0.11394394829147449, 0.12912764181934638, 0.6356284740208388, 0.12129993576834039]], "ideal": "D", "sampled": "B", "correct": false}}
{"type": "result", "data": {"idx": 49, "options": ["5", "-75", "-64", "-24"], "probs": [[0.23768474941008427, 0.42372633739864446, 0.18511729878966662, 0.15347161430160464], [0.33598676821190115, 0.28739011713059953, 0.15625816814913657, 0.2203649464083627], [0.4241352288460062, 0.22701979897372257, 0.13556607192186723, 0.21327890015840398], [0.28960704800570725, 0.1840921640212026, 0.33336243030075496, 0.19293835757233518]], "ideal": "B", "sampled": "B", "correct": true}}
{"type": "result", "data": {"idx": 50, "options": ["\\frac{1}{27}", "\\frac{1}{68}", "\\frac{1}{3}", "\\frac{1}{243}"], "probs": [[0.5743495014416927, 0.17518308441561828, 0.09826779278435713, 0.15219962125833186], [0.46256184228680847, 0.22545863517757736, 0.10987902349715088, 0.2021004989384633], [0.2795689015979819, 0.32687931704823575, 0.20138698824619436, 0.19216479300758793], [0.405810248984354, 0.22413391540592453, 0.12770766399142588, 0.24234817151829557]], "ideal": "D", "sampled": "A", "correct": false}}
{"type": "result", "data": {"idx": 51, "options": ["100", "4", "5", "20"], "probs": [[0.19488781688648657, 0.25419858095488107, 0.35294198986338743, 0.19797161219524495], [0.2438342163989098, 0.2185810408411921, 0.3896913055823879, 0.14789343707751024], [0.2940048198111514, 0.2986453695777457, 0.20208527161285558, 0.20526453889824728], [0.2722497880186582, 0.21203935144211394, 0.2638972997401508, 0.25181356069907707]], "ideal": "A", "sampled": "D", "correct": false}}
{"type": "result", "data": {"idx": 52, "options": ["1", "9", "2", "10"], "probs": [[0.15228063093511301, 0.5399703463367621, 0.16467574482516384, 0.143073277802961], [0.32225556717918336, 0.21808177745776094, 0.2844322494386801, 0.17523040582437563], [0.19905660444250653, 0.5083610046158948, 0.1599665951553921, 0.1326157956862065], [0.33560258646831503, 0.20042454002916088, 0.2870969516809326, 0.17687592172159147]], "ideal": "B", "sampled": "B", "correct": true}}
{"type": "result", "data": {"idx": 53, "options": ["43", "16", "42", "44"], "probs": [[0.2873928717917625, 0.296542632344074, 0.2497116922910658, 0.16635280347309767], [0.22725444352576188, 0.19746702318997345, 0.2741539694346822, 0.30112456374958246], [0.1349333017214324, 0.10028320101614904, 0.6438225815327709, 0.12096091562964764], [0.27797457573018286, 0.4442209302934838, 0.13131307064173778, 0.14649142323459555]], "ideal": "C", "sampled": "A", "correct": false}}
{"type": "result", "data": {"idx": 54, "options": ["\\frac{1}{6}", "\\frac{1}{64}", "\\frac{1}{32}", "\\frac{1}{2}"], "probs": [[0.376577563452163, 0.23567293667385994, 0.19236758692918263, 0.19538191284479442], [0.42139465868415515, 0.22911748970594104, 0.18701750595539746, 0.16247034555450635], [0.39619387963299196, 0.22575814538835584, 0.21544046170824152, 0.16260751317041067], [0.2786885797698759, 0.2618245482182939, 0.2618483006692345, 0.19763857124259576]], "ideal": "C", "sampled": "B", "correct": false}}
{"type": "result", "data": {"idx": 55, "options": ["5", "\\frac{25}{6}", "\\frac{\\sqrt{2465}{9}", "2"], "probs": [[0.2874464351348518, 0.45222518906468606, 0.14233438451664324, 0.11799399118381892], [0.4273791269458594, 0.22172300346797788, 0.17819238769372883, 0.17270548179243386], [0.2383996879577609, 0.20716344126721012, 0.3159411298307908, 0.23849574084423814], [0.12922891060738997, 0.16088005127847949, 0.5359050274508995, 0.173986010563231]], "ideal": "A", "sampled": "B", "correct": false}}
{"type": "result", "data": {"idx": 56, "options": ["3", "\\frac{1}{49}", "\\frac{1}{7}", "7"], "probs": [[0.29149616196066086, 0.3861717042860411, 0.1536199622242009, 0.1687121714290971], [0.42944597773107807, 0.1966126976181767, 0.15799371348194147, 0.21594761106880372], [0.36535749380149873, 0.16990702105711095, 0.2396254276933868, 0.22511005734800352], [0.3276917489577182, 0.21828899299603863, 0.22878453600572116, 0.22523472194052205]], "ideal": "B", "sampled": "B", "correct": true}}
{"type": "result", "data": {"idx": 57, "options": ["4, 7", "5, 5", "3, 9", "9, 8"], "probs": [[0.3915939447367183, 0.2412859571122031, 0.20639581101248447, 0.16072428703859407], [0.40445495250434726, 0.27370152282513294, 0.16344309095064166, 0.1584004336198781], [0.4190645626186433, 0.23145947313410464, 0.1774768898841486, 0.17199907426310346], [0.38465554205769975, 0.30432326764858736, 0.1506580918484417, 0.16036309834527118]], "ideal": "B", "sampled": "C", "correct": false}}
{"type": "result", "data": {"idx": 58, "options": ["1", "120", "20", "12"], "probs": [[0.2648688037389532, 0.34014255818728295, 0.2266027249646894, 0.16838591300907443], [0.40124654756597494, 0.22162180975681056, 0.20180094226659873, 0.17533070031061582], [0.3358185538936824, 0.31550824168882396, 0.1797828498335279, 0.16889035448396567], [0.35253401011276475, 0.1977830887634074, 0.25797279513404353, 0.19171010588978435]], "ideal": "B", "sampled": "B", "correct": true}}
{"type": "result", "data": {"idx": 59, "options": ["1", "2", "-2", "0"], "probs": [[0.27089588216839017, 0.2545080927053042, 0.2428463850466124, 0.23174963997969322], [0.311324750024609, 0.19181673512651734, 0.25811586165999884, 0.2387426530888748], [0.23329695709254464, 0.2562499901954881, 0.31396299129620253, 0.1964900613157647], [0.23905131218427053, 0.24283663926080393, 0.33190909024734194, 0.18620295820758362]], "ideal": "C", "sampled": "B", "correct": false}}
{"type": "result", "data": {"idx": 60, "options": ["1160", "1440", "2408", "2793"], "probs": [[0.3436199503112425, 0.2514173742449109, 0.28049630550834653, 0.12446636983550005], [0.3637716580197526, 0.26615900591808334, 0.24235922818022984, 0.12771010778193426], [0.4216341736734604, 0.2517874874189164, 0.1785555210315772, 0.148022817776046], [0.40478346918423674, 0.20355898719961907, 0.2379958671989327, 0.15366167631721148]], "ideal": "D", "sampled": "C", "correct": false}}
{"type": "result", "data": {"idx": 61, "options": ["0.615", "4.875", "15", "34.667"], "probs": [[0.2624102234577983, 0.270744919749842, 0.2352438270810441, 0.2316010296113156], [0.2763947761856853, 0.2596656006414624, 0.26792260203297136, 0.19601702103988095], [0.2980190692853377, 0.27563510985211553, 0.20484886792333057, 0.22149695283921614], [0.27192045065784565, 0.2084975453554971, 0.27195719692244114, 0.2476248069642161]], "ideal": "B", "sampled": "D", "correct": false}}
{"type": "result", "data": {"idx": 62, "options": ["f (x) = 0 has three real solutions.", "f (x) \u2265 \u201318 for all x \u2265 0.", "f (x) \u2264 \u201318 for all x \u2264 0.", "The function f (x) is decreasing for x \u2264 \u20133."], "probs": [[0.31593872055049554, 0.35800547471058985, 0.23117620439530925, 0.09487960024360528], [0.2589525397884819, 0.24710312097744766, 0.35957829767945115, 0.1343660414546193], [0.3033955322942377, 0.29406156343719964, 0.26361997896925765, 0.13892292519930496], [0.26083947650926753, 0.30022491212316715, 0.30978922186440455, 0.12914638940316076]], "ideal": "A", "sampled": "B", "correct": false}}
{"type": "result", "data": {"idx": 63, "options": ["211", "2321", "11", "608"], "probs": [[0.29259803016245883, 0.37571411201432947, 0.1542031271838979, 0.17748473053931385], [0.37354560569527695, 0.22306921411103875, 0.20956362157264946, 0.19382155852103483], [0.23074210031619097, 0.34104139117528054, 0.24565375214822885, 0.18256275626029966], [0.3559481236021318, 0.24850685530599984, 0.21931335183920642, 0.17623166915266192]], "ideal": "D", "sampled": "B", "correct": false}}
{"type": "result", "data": {"idx": 64, "options": ["-8", "128", "-128", "16"], "probs": [[0.28947925133374464, 0.2986811056630981, 0.22197636628946626, 0.18986327661369104], [0.40535748000859756, 0.24587617812082102, 0.17166028915119183, 0.1771060526193896], [0.37608319517189487, 0.20770664511034048, 0.1695342361757498, 0.24667592344201483], [0.3276661033004178, 0.20188719347072123, 0.2716811541954235, 0.19876554893343748]], "ideal": "C", "sampled": "B", "correct": false}}
{"type": "result", "data": {"idx": 65, "options": ["\u201312", "\u20139", "0", "8"], "probs": [[0.3018436819562573, 0.23144645186274787, 0.2278780855868296, 0.23883178049416523], [0.2812102222522091, 0.21563125297152144, 0.3187099491846721, 0.18444857549159732], [0.2683336974412416, 0.2901547214237024, 0.2482074273761939, 0.1933041536588621], [0.3796645232805393, 0.22671358761694713, 0.163306854799144, 0.2303150342033696]], "ideal": "B", "sampled": "D", "correct": false}}
{"type": "result", "data": {"idx": 66, "options": ["3", "4", "5", "6"], "probs": [[0.28949912516860593, 0.2635966758584631, 0.2895109566902401, 0.1573932421826909], [0.2847980814172427, 0.24360695115861639, 0.28481825758919654, 0.18677670973494429], [0.2286468824918838, 0.20496667308645167, 0.41407601787252946, 0.1523104264491351], [0.296907803478716, 0.287769040801089, 0.24615322807493265, 0.16916992754526233]], "ideal": "C", "sampled": "A", "correct": false}}
{"type": "result", "data": {"idx": 67, "options": ["72", "6", "18", "12"], "probs": [[0.20362285053941767, 0.25343088782691514, 0.36875630203634663, 0.17418995949732055], [0.23996316251684421, 0.3129873918129052, 0.3081536934686558, 0.13889575210159477], [0.29456041577018033, 0.264045041655945, 0.2682195425459539, 0.17317499992792074], [0.29470424084671304, 0.30406357022680613, 0.22247105998728844, 0.17876112883919237]], "ideal": "B", "sampled": "C", "correct": false}}
{"type": "result", "data": {"idx": 68, "options": ["\\frac{1}{12}", "\\frac{1}{6}", "\\frac{2}{3}", "\\frac{1}{3}"], "probs": [[0.33332739270356093, 0.26369506903917356, 0.23272236382786862, 0.17025517432939685], [0.3475161984955588, 0.23885443092418035, 0.26647692121949584, 0.14715244926076498], [0.3475220306621772, 0.2706582626625921, 0.20431510220854088, 0.17750460436668986], [0.304809350031493, 0.2863529196901619, 0.2648484864475813, 0.14398924373076377]], "ideal": "D", "sampled": "B", "correct": false}}
{"type": "result", "data": {"idx": 69, "options": ["5", "2", "13", "139"], "probs": [[0.3666524966199614, 0.33911857964470826, 0.15285221319743056, 0.14137671043789976], [0.3782719260590912, 0.2442444638888832, 0.16526714963252265, 0.21221646031950292], [0.33670960850002113, 0.166692535065059, 0.2791751837697047, 0.21742267256521516], [0.21038040516656878, 0.22749257085432595, 0.3310221731331728, 0.23110485074593248]], "ideal": "A", "sampled": "B", "correct": false}}
{"type": "result", "data": {"idx": 70, "options": ["100", "999", "625", "500"], "probs": [[0.15352387496003275, 0.21993249324845618, 0.46563207404677753, 0.16091155764473353], [0.15358514166815193, 0.3515808074372612, 0.3571443642530708, 0.1376896865415161], [0.2797794383451621, 0.2670080999317205, 0.28871885369392175, 0.16449360792919562], [0.2562401737767414, 0.2858854063531731, 0.2949788096264778, 0.16289561014360765]], "ideal": "C", "sampled": "C", "correct": true}}
{"type": "result", "data": {"idx": 71, "options": ["\\frac{7}{15}", "\\frac{15}{7}", "\\frac{15}{8}", "\\frac{15}{11}"], "probs": [[0.43823830921433576, 0.2965247443217325, 0.14911619382783448, 0.11612075253609729], [0.4177580537640233, 0.2782858949365966, 0.16619204230720916, 0.13776400889217094], [0.4336104223774513, 0.2629979926978206, 0.17521301432326725, 0.12817857050146086], [0.4262105663361152, 0.2751793460578462, 0.1891481954732561, 0.10946189203278249]], "ideal": "B", "sampled": "B", "correct": true}}
{"type": "result", "data": {"idx": 72, "options": ["29", "14", "27", "11"], "probs": [[0.35979362246391505, 0.2591431063409851, 0.2287093630589013, 0.15235390803619853], [0.3572181952471489, 0.2781962371131865, 0.21331860977308784, 0.15126695776657684], [0.37203017636213664, 0.25172020482167473, 0.21871358340498662, 0.157536035311202], [0.31319261994177194, 0.2720974507103315, 0.2596615668720326, 0.155048362375864]], "ideal": "A", "sampled": "C", "correct": false}}
{"type": "result", "data": {"idx": 73, "options": ["-5", "13", "64", "25"], "probs": [[0.21160751579075943, 0.37140038605790693, 0.2803625166135806, 0.13662958143775306], [0.3421292253669319, 0.32647200929130726, 0.17475615179644644, 0.1566426134453144], [0.391348212273639, 0.2775162962931261, 0.1373871816100764, 0.19374830972315857], [0.4105489429257358, 0.18219001046415154, 0.24137198203260027, 0.16588906447751237]], "ideal": "C", "sampled": "C", "correct": true}}
{"type": "result", "data": {"idx": 74, "options": ["2", "1", "9", "16"], "probs": [[0.2965030073823065, 0.2273579090606306, 0.27858492729262185, 0.19755415616444105], [0.35256133005314066, 0.20727639207073129, 0.2423566019643869, 0.1978056758117411], [0.2883582498845661, 0.3022174924970692, 0.23174405786295096, 0.17768019965541373], [0.37894471189813433, 0.23347864596350623, 0.1846987538465376, 0.2028778881918218]], "ideal": "B", "sampled": "D", "correct": false}}
{"type": "result", "data": {"idx": 75, "options": ["10240", "5001", "5002", "8192"], "probs": [[0.42501927870933254, 0.20393877366487392, 0.1638816020797405, 0.20716034544605297], [0.2823927658157368, 0.2002598166226784, 0.3460537441316832, 0.1712936733299016], [0.3507999129123376, 0.2732110876583371, 0.1968033433240046, 0.1791856560053207], [0.37346511518997855, 0.25668906780463935, 0.18781515674180443, 0.1820306601635777]], "ideal": "D", "sampled": "D", "correct": true}}
{"type": "result", "data": {"idx": 76, "options": ["If f(x) is continuous at x = c, then f\u2032(c) exists.", "If f\u2032(c) = 0, then f has a local maximum or minimum at (c, f (c)).", "If f\u2032\u2032(c) = 0, then the graph of f has an inflection point at (c, f (c)).", "If f is differentiable at x = c, then f is continuous at x = c."], "probs": [[0.3848815067349024, 0.2564123242075073, 0.21259316037186138, 0.1461130085857289], [0.38370530242753403, 0.24775574531743977, 0.24394364071223176, 0.12459531144279441], [0.372318441050991, 0.264037158104642, 0.21552128766525347, 0.1481231130791135], [0.3071220058099174, 0.29768861667913343, 0.27107764499506004, 0.12411173241588916]], "ideal": "D", "sampled": "B", "correct": false}}
{"type": "result", "data": {"idx": 77, "options": ["5", "22", "11", "6"], "probs": [[0.31843271848355287, 0.21885538099007734, 0.24038755891303398, 0.2223243415133358], [0.2906282755254667, 0.277326933197454, 0.2193965101202523, 0.212648281056827], [0.34035040403402944, 0.23029353182873027, 0.21634980066863743, 0.21300626336860282], [0.3218773150961379, 0.23183661243250978, 0.2318519308269003, 0.21443414154445203]], "ideal": "A", "sampled": "C", "correct": false}}
{"type": "result", "data": {"idx": 78, "options": ["Wednesday", "Thursday", "Friday", "Saturday"], "probs": [[0.5106970223481478, 0.17374954143662855, 0.17375338593633075, 0.14180005017889286], [0.446724322198322, 0.1862153372706723, 0.1921314115410488, 0.17492892888995687], [0.3875005965664646, 0.14939198718699045, 0.3113698223799611, 0.15173759376658388], [0.46097085562165574, 0.2013816863302922, 0.20138816833550743, 0.1362592896125446]], "ideal": "C", "sampled": "A", "correct": false}}
{"type": "result", "data": {"idx": 79, "options": ["January 10th", "January 21st", "January 31st", "February 10th"], "probs": [[0.407022249867216, 0.2931692389305093, 0.15692948271044835, 0.14287902839182634], [0.3771673030128221, 0.23974964795845405, 0.2183052683163351, 0.16477778061238876], [0.2680710473963456, 0.3233642183408365, 0.25581680963411363, 0.15274792452870423], [0.42095776917049404, 0.267575130887402, 0.18105998222566927, 0.13040711761643473]], "ideal": "B", "sampled": "D", "correct": false}}
{"type": "result", "data": {"idx": 80, "options": ["75", "76", "22", "23"], "probs": [[0.29213987907409256, 0.20081130559786806, 0.30622645296889606, 0.2008223622591433], [0.28505573523340366, 0.3131049666420925, 0.2516032532083694, 0.15023604481613445], [0.33812515455642855, 0.2803444987409135, 0.23608953813737996, 0.145440808465278], [0.2837020158483998, 0.2665379047127261, 0.2665589749546521, 0.183201104384222]], "ideal": "B", "sampled": "C", "correct": false}}
