{"type": "result", "data": {"idx": 0, "options": ["True, True", "False, False", "True, False", "False, True"], "probs": [[0.18519946379003258, 0.23412362531098085, 0.45133949956733155, 0.12933741123165501], [0.2130593593783895, 0.3300152918361831, 0.3149334396126812, 0.1419919090727462], [0.1574886590084897, 0.2896715104290254, 0.4557720124265755, 0.09706781803590937], [0.30289232727836557, 0.32245624062174605, 0.23593382535005622, 0.13871760664983215]], "ideal": "D", "sampled": "A", "correct": false}}
{"type": "result", "data": {"idx": 1, "options": ["True, True", "False, False", "True, False", "False, True"], "probs": [[0.22778347604156945, 0.22780056767269302, 0.4125488215623046, 0.1318671346234329], [0.23321702378989548, 0.35012568976579556, 0.28579371312997703, 0.1308635732143319], [0.23756754852871936, 0.2609338675943788, 0.3856842237513505, 0.11581436002555137], [0.3570634317916173, 0.30069853956378945, 0.20668601371706913, 0.13555201482752408]], "ideal": "C", "sampled": "C", "correct": true}}
{"type": "result", "data": {"idx": 2, "options": ["True, True", "False, False", "True, False", "False, True"], "probs": [[0.15162441584812547, 0.27030817477110536, 0.46710090236465845, 0.11096650691611067], [0.17716901530547544, 0.369269590617136, 0.325905690336589, 0.1276557036407996], [0.13001747912423559, 0.3425544329596644, 0.46099855228368447, 0.06642953553241547], [0.2945683686012018, 0.3338126043287669, 0.23672506916316605, 0.13489395780686525]], "ideal": "B", "sampled": "C", "correct": false}}
{"type": "result", "data": {"idx": 3, "options": ["12", "24", "48", "72"], "probs": [[0.30673780120113364, 0.3265454969513058, 0.20756702994514975, 0.1591496718024108], [0.33330654101297463, 0.30828045876875887, 0.19595604549009904, 0.16245695462816745], [0.34602468686779114, 0.3301967034874467, 0.14425186596483106, 0.17952674357993115], [0.33236972484750976, 0.23205677364105345, 0.2431904447786341, 0.19238305663280267]], "ideal": "D", "sampled": "B", "correct": false}}
{"type": "result", "data": {"idx": 4, "options": ["convolutional networks", "graph networks", "fully connected networks", "RBF networks"], "probs": [[0.7253310164679684, 0.10128276907328337, 0.11476903535882495, 0.05861717899992333], [0.07184025327680858, 0.10454101737532774, 0.31702314713545265, 0.506595582112411], [0.030811868917989246, 0.05757106923030746, 0.8329311785588795, 0.07868588319282371], [0.12177319823477856, 0.769668221396727, 0.05935413389804484, 0.04920444637044958]], "ideal": "A", "sampled": "A", "correct": true}}
{"type": "result", "data": {"idx": 5, "options": ["True, True", "False, False", "True, False", "False, True"], "probs": [[0.16160177942087842, 0.2542497477537991, 0.4677019943171637, 0.11644647840815875], [0.20659975446779355, 0.34601428183518446, 0.3200447451774954, 0.12734121841952653], [0.1726600054827525, 0.31265392430496053, 0.42077376807335715, 0.0939123020389298], [0.3167779648947449, 0.3022968678679702, 0.24675133086504664, 0.13417383627223822]], "ideal": "B", "sampled": "C", "correct": false}}
{"type": "result", "data": {"idx": 6, "options": ["O(D)", "O(N)", "O(ND)", "O(ND^2)"], "probs": [[0.30216442635123963, 0.26669274963177375, 0.23905669928017734, 0.19208612463680927], [0.3244082186311227, 0.3000573679479099, 0.18776883833756133, 0.1877655749834061], [0.3536073915844317, 0.2886305196090572, 0.1593938195455692, 0.19836826916094188], [0.35741718217511415, 0.25347493229394785, 0.18544090621289977, 0.2036669792180382]], "ideal": "A", "sampled": "C", "correct": false}}
{"type": "result", "data": {"idx": 7, "options": ["True, True", "False, False", "True, False", "False, True"], "probs": [[0.15980482875575247, 0.2761198158530525, 0.46246308996539104, 0.10161226532580399], [0.19708588570556695, 0.3981349438169701, 0.2958956636498339, 0.10888350672762903], [0.17790769866163783, 0.34292729408115774, 0.4136893296688863, 0.06547567748831819], [0.3198210704113459, 0.3248756035911647, 0.2198416459434939, 0.13546167995399552]], "ideal": "B", "sampled": "C", "correct": false}}
{"type": "result", "data": {"idx": 8, "options": ["2", "4", "8", "16"], "probs": [[0.2811989527838209, 0.333951597388245, 0.2295339588521955, 0.15531549087573865], [0.301140159338401, 0.31561163064661574, 0.2169236391565837, 0.1663245707583996], [0.29118715846049126, 0.30518816989027825, 0.23768910054902276, 0.1659355710002077], [0.23457260427513435, 0.3012320100959907, 0.2786017954070916, 0.18559359012178336]], "ideal": "C", "sampled": "B", "correct": false}}
{"type": "result", "data": {"idx": 9, "options": ["Lower variance", "Higher variance", "Same variance", "None of the above"], "probs": [[0.3301395921141393, 0.37411134123539036, 0.13979739574274455, 0.15595167080772576], [0.3347541541161532, 0.2690040887178035, 0.1395533296126643, 0.25668842745337894], [0.09381486334734493, 0.1323173473297758, 0.5930150658340049, 0.18085272338887445], [0.192048204636901, 0.3588151908621324, 0.2280789856612008, 0.22105761873976582]], "ideal": "A", "sampled": "A", "correct": true}}
{"type": "result", "data": {"idx": 10, "options": ["True, True", "False, False", "True, False", "False, True"], "probs": [[0.1630514574115203, 0.24477461160338895, 0.4868568515801606, 0.1053170793049301], [0.19768264281334433, 0.33629255006642383, 0.33632682273869835, 0.12969798428153342], [0.17325197745048113, 0.2901456800482122, 0.44944549238569437, 0.08715685001561232], [0.2965342832746035, 0.30122597369039694, 0.25767539100791426, 0.14456435192708522]], "ideal": "A", "sampled": "C", "correct": false}}
{"type": "result", "data": {"idx": 11, "options": ["good fitting", "overfitting", "underfitting", "all of the above"], "probs": [[0.1715977464206618, 0.43141793557534913, 0.15871788323248892, 0.23826643467150013], [0.39011536788535245, 0.2639718471488961, 0.2441394288954123, 0.10177335597033915], [0.3860259084466454, 0.3301996911001788, 0.0834898135242554, 0.20028458682892034], [0.22900360695239322, 0.17287422255183385, 0.3895871573050939, 0.208535013090679]], "ideal": "C", "sampled": "B", "correct": false}}
{"type": "result", "data": {"idx": 12, "options": ["True, True", "False, False", "True, False", "False, True"], "probs": [[0.17828278773083, 0.23253733610382885, 0.4413312804654365, 0.1478485955999046], [0.17376193143534618, 0.34022795643640774, 0.33498641346045627, 0.15102369856778977], [0.1610091602490891, 0.3103575063878256, 0.4309396083082021, 0.09769372495488321], [0.2931153054609024, 0.3427056576091464, 0.22128973727932422, 0.14288929955062693]], "ideal": "A", "sampled": "A", "correct": true}}
{"type": "result", "data": {"idx": 13, "options": ["True, True", "False, False", "True, False", "False, True"], "probs": [[0.14043992103363884, 0.2749750777789203, 0.47517102804027933, 0.10941397304716151], [0.17051864777621176, 0.37833272561374254, 0.33390679205803575, 0.11724183445200997], [0.16299458575084685, 0.329261824273703, 0.41627435752793407, 0.09146923234751608], [0.27386367726364447, 0.29614159903160076, 0.2739081721316279, 0.1560865514731269]], "ideal": "B", "sampled": "C", "correct": false}}
{"type": "result", "data": {"idx": 14, "options": ["pure", "not pure", "useful", "useless"], "probs": [[0.34027662362813677, 0.4104634163794221, 0.14866730347774934, 0.10059265641469177], [0.3375333496958241, 0.376566374613442, 0.140716729437395, 0.1451835461533389], [0.3621074176728667, 0.31957982892058273, 0.17649502612345913, 0.14181772718309144], [0.28524031382210785, 0.26383357451203904, 0.2638373892091906, 0.18708872235666252]], "ideal": "B", "sampled": "B", "correct": true}}
{"type": "result", "data": {"idx": 15, "options": ["True, True", "False, False", "True, False", "False, True"], "probs": [[0.25004011762681794, 0.22768384555214471, 0.40595907573751705, 0.11631696098352032], [0.23728015132557245, 0.3506994712486538, 0.29078387127949157, 0.12123650604628221], [0.2381983725636205, 0.28288166839644246, 0.37482243584985714, 0.10409752309007986], [0.3552377170678723, 0.2991621151392198, 0.21890358298461704, 0.12669658470829082]], "ideal": "B", "sampled": "C", "correct": false}}
{"type": "result", "data": {"idx": 16, "options": ["This feature has a strong effect on the model (should be retained)", "This feature does not have a strong effect on the model (should be ignored)", "It is not possible to comment on the importance of this feature without additional information", "Nothing can be determined."], "probs": [[0.3493704963360604, 0.36049033844999884, 0.1784627519942146, 0.11167641311972618], [0.3184397505000456, 0.1759243615622157, 0.11535751359717444, 0.3902783742405643], [0.11770451725062489, 0.16604088121451852, 0.6073719217216675, 0.10888267971318902], [0.12892656219097004, 0.6248169037792657, 0.16300152483444869, 0.08325500909531555]], "ideal": "C", "sampled": "A", "correct": false}}
{"type": "result", "data": {"idx": 17, "options": ["The number of hidden nodes", "The learning rate", "The initial choice of weights", "The use of a constant-term unit input"], "probs": [[0.30941027399783705, 0.24099311230156903, 0.23358097670126654, 0.2160156368993274], [0.23405222243632495, 0.33009254437226415, 0.15350931652576477, 0.2823459165656461], [0.31702568651507484, 0.23196178326728265, 0.20792793915684044, 0.24308459096080207], [0.28383213278793146, 0.3644596039884411, 0.13407948611826015, 0.21762877700536726]], "ideal": "A", "sampled": "A", "correct": true}}
{"type": "result", "data": {"idx": 18, "options": ["The polynomial degree", "Whether we learn the weights by matrix inversion or gradient descent", "The assumed variance of the Gaussian noise", "The use of a constant-term unit input"], "probs": [[0.35043138784288885, 0.2645427623803533, 0.17900043990908843, 0.2060254097676694], [0.2810313142294369, 0.2293937926532463, 0.12867736858957127, 0.36089752442774553], [0.2636176386751016, 0.2476711756886405, 0.3130876170245785, 0.17562356851167946], [0.3113393717200681, 0.3935802275726179, 0.1257994864605845, 0.1692809141467295]], "ideal": "A", "sampled": "A", "correct": true}}
{"type": "result", "data": {"idx": 19, "options": ["True, True", "False, False", "True, False", "False, True"], "probs": [[0.19622797649155654, 0.23671404583086933, 0.4422926504002478, 0.12476532717732632], [0.21225779705269565, 0.355489538074776, 0.2993806436081651, 0.13287202116436325], [0.19607290477525777, 0.2897897936874681, 0.4023820727483723, 0.1117552286889018], [0.31643820277325246, 0.31155744656125633, 0.23155223175880776, 0.14045211880668343]], "ideal": "A", "sampled": "C", "correct": false}}
{"type": "result", "data": {"idx": 20, "options": ["Requires the dimension of the feature space to be no bigger than the number of samples", "Has the smallest value of the objective function when K = 1", "Minimizes the within class variance for a given number of clusters", "Converges to the global optimum if and only if the initial means are chosen as some of the samples themselves"], "probs": [[0.22402358541527162, 0.2040309218546451, 0.2703422186845408, 0.3016032739455425], [0.24945261328549273, 0.2456308678849021, 0.31056802536219, 0.1943484933674151], [0.38295494237981526, 0.3125847121425929, 0.12631847527783688, 0.17814187009975493], [0.32295594097358915, 0.1959079085974871, 0.18697259106811642, 0.29416355926080734]], "ideal": "C", "sampled": "D", "correct": false}}
{"type": "result", "data": {"idx": 21, "options": ["True, True", "False, False", "True, False", "False, True"], "probs": [[0.19077163433012834, 0.2607643033996212, 0.4233153020434389, 0.12514876012681156], [0.19844215514934013, 0.3707559295892721, 0.3026330380544512, 0.12816887710693656], [0.18822792170549665, 0.30079552528234416, 0.398542910774431, 0.11243364213772819], [0.2861710743890474, 0.3143193972642905, 0.24867231770841583, 0.1508372105382463]], "ideal": "A", "sampled": "C", "correct": false}}
{"type": "result", "data": {"idx": 22, "options": ["0", "1", "2", "3"], "probs": [[0.15986165640933578, 0.3280206967267303, 0.3895399926144754, 0.12257765414945855], [0.2319559201981963, 0.40078697793110357, 0.2430933008952249, 0.12416380087547522], [0.3175120589946137, 0.38902389917535785, 0.15474638004144153, 0.13871766168858693], [0.3328523039484958, 0.18966181574355365, 0.3126980662033188, 0.16478781400463174]], "ideal": "B", "sampled": "C", "correct": false}}
{"type": "result", "data": {"idx": 23, "options": ["True, True", "False, False", "True, False", "False, True"], "probs": [[0.1395273229269828, 0.27748671584761936, 0.4870584381191409, 0.09592752300625688], [0.1575372674125311, 0.37206837184865565, 0.349558322136167, 0.12083603850264626], [0.13221168910765826, 0.3538167283722614, 0.4543550149449841, 0.05961656747509621], [0.2732216025035747, 0.3734658340338302, 0.24114902621696602, 0.11216353714562906]], "ideal": "C", "sampled": "C", "correct": true}}
{"type": "result", "data": {"idx": 24, "options": ["Decision Trees", "Density-based clustering", "Model-based clustering", "K-means clustering"], "probs": [[0.09560667188217305, 0.7064387402849479, 0.04516527176390785, 0.15278931596897116], [0.4498608968805753, 0.1904911703804997, 0.14379382550814582, 0.2158541071307792], [0.1971762446669005, 0.38606568487989745, 0.07602538620816689, 0.3407326841450351], [0.11082211963336684, 0.1275726417143672, 0.5899449034186214, 0.17166033513364456]], "ideal": "B", "sampled": "B", "correct": true}}
{"type": "result", "data": {"idx": 25, "options": ["True, True", "False, False", "True, False", "False, True"], "probs": [[0.14700215505820657, 0.28781707999893713, 0.46722064657230555, 0.09796011827055075], [0.16972802830620115, 0.359329288555948, 0.33235657707044736, 0.1385861059674035], [0.10572838545885518, 0.36330621618930353, 0.4966230877001969, 0.03434231055164437], [0.2955670422519303, 0.34556878382018363, 0.24126376748497125, 0.1176004063429148]], "ideal": "A", "sampled": "A", "correct": true}}
{"type": "result", "data": {"idx": 26, "options": ["they are biased", "they have high variance", "they are not consistent estimators", "None of the above"], "probs": [[0.27869802918253395, 0.49684027202555386, 0.0948328606304529, 0.12962883806145928], [0.35216669818962726, 0.34672392961151843, 0.11257230247499715, 0.1885370696238571], [0.11723602253650574, 0.12288269112083429, 0.5338402588817195, 0.22604102736094048], [0.11992212771402241, 0.34165062478789643, 0.33117555581668623, 0.2072516915813949]], "ideal": "B", "sampled": "B", "correct": true}}
{"type": "result", "data": {"idx": 27, "options": ["linear in D", "linear in N", "polynomial in D", "dependent on the number of iterations"], "probs": [[0.2969788091348553, 0.2878619515710836, 0.21729904282162363, 0.19786019637243749], [0.41502482931709994, 0.280837156769479, 0.13902855332380684, 0.16510946048961417], [0.29424882809106984, 0.2478004916599098, 0.25568173095058816, 0.2022689491984322], [0.27526286241639764, 0.27528554198373245, 0.2282308786879237, 0.22122071681194622]], "ideal": "C", "sampled": "B", "correct": false}}
{"type": "result", "data": {"idx": 28, "options": ["Increase bias", "Decrease bias", "Increase variance", "Decrease variance"], "probs": [[0.28482151453063054, 0.3128456221632086, 0.18391816590255367, 0.21841469730360719], [0.27590016452443067, 0.4141938973404602, 0.16220969241653332, 0.1476962456185758], [0.34505204391164307, 0.36732615131418733, 0.10858734274575067, 0.17903446192841893], [0.36894201997271436, 0.2741890157625828, 0.17703959172978798, 0.1798293724349148]], "ideal": "D", "sampled": "C", "correct": false}}
{"type": "result", "data": {"idx": 29, "options": ["Best-subset selection", "Forward stepwise selection", "Forward stage wise selection", "All of the above"], "probs": [[0.2349356482668917, 0.1719111106197319, 0.15411641161439665, 0.4390368293989797], [0.17996394364280013, 0.18862901345052002, 0.4596513142774108, 0.17175572852926907], [0.20900920342812787, 0.38447359773357864, 0.2332076911873022, 0.17330950755099128], [0.3907383258580085, 0.23701747818979377, 0.15303567734479945, 0.21920851850739825]], "ideal": "C", "sampled": "D", "correct": false}}
{"type": "result", "data": {"idx": 30, "options": ["Optimize a convex objective function", "Can only be trained with stochastic gradient descent", "Can use a mix of different activation functions", "None of the above"], "probs": [[0.3375665943751904, 0.2394204210822898, 0.18359716781917565, 0.23941581662334413], [0.24441225857601676, 0.24068000965810993, 0.20586678646730341, 0.3090409451985699], [0.3835837726333479, 0.18121240491210064, 0.28959476081828833, 0.1456090615362631], [0.23051619183923067, 0.273776854938058, 0.21323395945631043, 0.28247299366640094]], "ideal": "C", "sampled": "A", "correct": false}}
{"type": "result", "data": {"idx": 31, "options": ["0.0368", "0.473", "0.078", "None of the above"], "probs": [[0.4321845970872456, 0.25808670537379313, 0.123831053278184, 0.18589764416077725], [0.3431652290229129, 0.2801040494192891, 0.1408460629097659, 0.23588465854803206], [0.20461280912422583, 0.16188544558542703, 0.4611641191281185, 0.17233762606222863], [0.1705592350741193, 0.5013360604739752, 0.16533005975009007, 0.1627746446018155]], "ideal": "C", "sampled": "A", "correct": false}}
{"type": "result", "data": {"idx": 32, "options": ["True, True", "False, False", "True, False", "False, True"], "probs": [[0.1900223656555409, 0.21873116654005204, 0.47041192996575065, 0.12083453773865643], [0.1947448609498562, 0.33651865528194563, 0.3261978723139564, 0.1425386113542417], [0.1809182722480367, 0.28021922078416717, 0.44784938283593145, 0.09101312403186464], [0.30637680111547616, 0.3312975019795327, 0.22419004627951006, 0.13813565052548105]], "ideal": "B", "sampled": "C", "correct": false}}
{"type": "result", "data": {"idx": 33, "options": ["It can not be applied to non-differentiable functions.", "It can not be applied to non-continuous functions.", "It is hard to implement.", "It runs reasonably slow for multiple linear regression."], "probs": [[0.2561107017754312, 0.2123443515735765, 0.3289113689467919, 0.20263357760420034], [0.33306589222995847, 0.37743454605389437, 0.15490928059892567, 0.13459028101722148], [0.32012205835774005, 0.374278509962704, 0.14207228805086436, 0.1635271435286916], [0.45742911777435785, 0.21609489939577448, 0.11037224694537448, 0.2161037357844932]], "ideal": "D", "sampled": "C", "correct": false}}
{"type": "result", "data": {"idx": 34, "options": ["Supervised learning", "Unsupervised learning", "Clustering", "None of the above"], "probs": [[0.5370307208223374, 0.24974606555047899, 0.1295678226326995, 0.08365539089448408], [0.24745899436383442, 0.30797547098894734, 0.1727629601782651, 0.27180257436895316], [0.07863717190477813, 0.10918268384645403, 0.6482722500652431, 0.16390789408352469], [0.16557453817819634, 0.47167880041172233, 0.19972956476195458, 0.16301709654812674]], "ideal": "A", "sampled": "A", "correct": true}}
{"type": "result", "data": {"idx": 35, "options": ["It relates inputs to outputs.", "It is used for prediction.", "It may be used for interpretation.", "It discovers causal relationships"], "probs": [[0.3503469086988209, 0.22984826099876013, 0.19354295103743685, 0.22626187916498214], [0.3893827795592978, 0.22194708881542888, 0.192824855427533, 0.1958452760977403], [0.3846800441559932, 0.20598169282944598, 0.19349463858739668, 0.21584362432716409], [0.33210036144217076, 0.23557282107853925, 0.2178558901797732, 0.2144709271995168]], "ideal": "D", "sampled": "B", "correct": false}}
{"type": "result", "data": {"idx": 36, "options": ["To save computing time during testing", "To save space for storing the Decision Tree", "To make the training set error smaller", "To avoid overfitting the training set"], "probs": [[0.4083998859771961, 0.1959771393934184, 0.18700637200104286, 0.2086166025283426], [0.17961488394707056, 0.27392118758321643, 0.3803216459918925, 0.16614228237782055], [0.266262180614555, 0.6000654182672035, 0.05495392432281592, 0.07871847669542563], [0.6923386792020066, 0.15210747150645473, 0.0542338172205016, 0.10132003197103698]], "ideal": "D", "sampled": "D", "correct": true}}
{"type": "result", "data": {"idx": 37, "options": ["True, True", "False, False", "True, False", "False, True"], "probs": [[0.17192746569041134, 0.23870436666974273, 0.47479191063967, 0.11457625690017585], [0.22285234261750844, 0.31429662360694327, 0.314332744020597, 0.14851828965495126], [0.19338290342117467, 0.2903058446881326, 0.4291054031647345, 0.08720584862595818], [0.31412736514429235, 0.3092787655663788, 0.23715706874016826, 0.13943680044916057]], "ideal": "B", "sampled": "C", "correct": false}}
{"type": "result", "data": {"idx": 38, "options": ["Increase the amount of training data.", "Improve the optimisation algorithm being used for error minimisation.", "Decrease the model complexity.", "Reduce the noise in the training data."], "probs": [[0.3043592364590757, 0.2603612619485746, 0.178948467324615, 0.2563310341677347], [0.2954848110380327, 0.28198400136988816, 0.16577363012563456, 0.2567575573664446], [0.2834834754183527, 0.2541454434140691, 0.2042160928045143, 0.2581549882630639], [0.31115632782512215, 0.27462356870671306, 0.17186131815590472, 0.24235878521226006]], "ideal": "B", "sampled": "A", "correct": false}}
{"type": "result", "data": {"idx": 39, "options": ["True, True", "False, False", "True, False", "False, True"], "probs": [[0.15157084030520718, 0.28317701365294623, 0.45257569420959026, 0.11267645173225628], [0.184606474848906, 0.367150956845062, 0.30441531082305, 0.143827257382982], [0.12003451554972715, 0.38147261028484136, 0.44603261025454355, 0.05246026381088794], [0.28431424933979665, 0.3708332445101725, 0.2146462307972036, 0.13020627525282724]], "ideal": "A", "sampled": "A", "correct": true}}
{"type": "result", "data": {"idx": 40, "options": ["For two dimensional data points, the separating hyperplane learnt by a linear SVM will be a straight line.", "In theory, a Gaussian kernel SVM cannot model any complex separating hyperplane.", "For every kernel function used in a SVM, one can obtain an equivalent closed form basis expansion.", "Overfitting in an SVM is not a function of number of support vectors."], "probs": [[0.5532514965986564, 0.19119393538717902, 0.11781464340380901, 0.13773992451035558], [0.5359718166024368, 0.21319098012009502, 0.12149852290264215, 0.12933868027482606], [0.4594770601010239, 0.21367218769928636, 0.17996532945077037, 0.14688542264891932], [0.5177766469926908, 0.2297519020321618, 0.11737335601566883, 0.13509809485947857]], "ideal": "A", "sampled": "A", "correct": true}}
{"type": "result", "data": {"idx": 41, "options": ["P(H, U, P, W) = P(H) * P(W) * P(P) * P(U)", "P(H, U, P, W) = P(H) * P(W) * P(P | W) * P(W | H, P)", "P(H, U, P, W) = P(H) * P(W) * P(P | W) * P(U | H, P)", "None of the above"], "probs": [[0.3344079107192093, 0.36158938828619686, 0.21257323974807804, 0.09142946114651576], [0.42154014106349785, 0.2556873857719319, 0.16768525539151852, 0.15508721767305175], [0.3730009829327871, 0.1789861928331256, 0.27721693607332176, 0.1707958880607655], [0.1663500169840993, 0.38078780823750735, 0.29657088823419764, 0.1562912864441957]], "ideal": "C", "sampled": "B", "correct": false}}
{"type": "result", "data": {"idx": 42, "options": ["True, True", "False, False", "True, False", "False, True"], "probs": [[0.1656500945625924, 0.23729220813249263, 0.47197224278581384, 0.12508545441910113], [0.20271097725721574, 0.3139855358878367, 0.35030547824889563, 0.13299800850605192], [0.18005213690711871, 0.2877249865387627, 0.4387762913307309, 0.09344658512338762], [0.28537013273454676, 0.2944545061754426, 0.27663599617587825, 0.14353936481413238]], "ideal": "B", "sampled": "C", "correct": false}}
{"type": "result", "data": {"idx": 43, "options": ["True, True", "False, False", "True, False", "False, True"], "probs": [[0.16156653456389022, 0.2541885877076194, 0.46032385298760514, 0.12392102464088527], [0.19852964282241534, 0.353933835680648, 0.3172863972274114, 0.13025012416952522], [0.1804711195575857, 0.2883960263381687, 0.43297433203637636, 0.09815852196786921], [0.3086357620456406, 0.29452689601435766, 0.2366742420951012, 0.16016309974490053]], "ideal": "B", "sampled": "C", "correct": false}}
{"type": "result", "data": {"idx": 44, "options": ["Stochastic Gradient Descent", "Mini-Batch Gradient Descent", "Batch Gradient Descent", "All of the above"], "probs": [[0.24680658785646367, 0.17504210060762784, 0.12412512856039995, 0.4540261828755085], [0.23940884287969827, 0.17794435254774305, 0.27995101448928283, 0.3026957899832759], [0.15910735724765432, 0.16163927315049256, 0.41275775428459094, 0.26649561521726217], [0.2689158062206379, 0.2862870735580598, 0.13523738286390632, 0.30955973725739594]], "ideal": "D", "sampled": "A", "correct": false}}
{"type": "result", "data": {"idx": 45, "options": ["Decreases model bias", "Decreases estimation bias", "Decreases variance", "Doesn\u2019t affect bias and variance"], "probs": [[0.3247521616119884, 0.28661079065945994, 0.18219122831761528, 0.2064458193109364], [0.3355716366559974, 0.3462306157531627, 0.11780452376008599, 0.2003932237307539], [0.42516473564969753, 0.24226272464747617, 0.13172212438044179, 0.2008504152223845], [0.2876196503351601, 0.2744704186641881, 0.13169640301341118, 0.3062135278872406]], "ideal": "A", "sampled": "C", "correct": false}}
{"type": "result", "data": {"idx": 46, "options": ["3", "4", "7", "15"], "probs": [[0.2578811385653992, 0.2788478177335337, 0.24608877665456091, 0.21718226694650622], [0.28768943451346524, 0.27453004083883076, 0.2205963930000428, 0.21718413154766122], [0.2945609048524846, 0.2810806291853349, 0.2121766922831448, 0.21218177357903567], [0.26893223531532184, 0.2689464808260586, 0.25265802079854166, 0.2094632629600779]], "ideal": "D", "sampled": "B", "correct": false}}
{"type": "result", "data": {"idx": 47, "options": ["anomaly detection", "one-class detection", "train-test mismatch robustness", "background detection"], "probs": [[0.8456640510463856, 0.09488425703335239, 0.01927724355213009, 0.04017444826813186], [0.4203034638938217, 0.15706591306546253, 0.09526796638012927, 0.3273626565605865], [0.08954503719898561, 0.08679619753968737, 0.6827750459664402, 0.14088371919488674], [0.07717810685426255, 0.8971443905103766, 0.01473067257004703, 0.010946829965313778]], "ideal": "A", "sampled": "A", "correct": true}}
{"type": "result", "data": {"idx": 48, "options": ["True, True", "False, False", "True, False", "False, True"], "probs": [[0.2568021599631034, 0.2196703454779801, 0.4040692863625359, 0.11945820809638061], [0.20651777961222118, 0.3300384184376644, 0.33006211128325413, 0.13338169056686028], [0.19138347259300487, 0.2873049997219358, 0.45915450812246617, 0.06215701946259316], [0.3655279413009161, 0.30305384231812826, 0.20506789361566502, 0.12635032266529067]], "ideal": "D", "sampled": "A", "correct": false}}
{"type": "result", "data": {"idx": 49, "options": ["True, True", "False, False", "True, False", "False, True"], "probs": [[0.18079151884862074, 0.2630611159784707, 0.433773921154794, 0.12237344391811454], [0.20093703267949126, 0.3695992230999419, 0.3016905784305243, 0.12777316569004252], [0.1617712479140144, 0.3319402535839659, 0.41966305908348517, 0.08662543931853454], [0.2857486860801829, 0.3501269764829183, 0.23326167114336693, 0.1308626661935319]], "ideal": "D", "sampled": "C", "correct": false}}
{"type": "result", "data": {"idx": 50, "options": ["O(1)", "O( N )", "O(log N )", "O( N^2 )"], "probs": [[0.21045451491321165, 0.4742845437733265, 0.17723162998667177, 0.13802931122679], [0.45788117897490593, 0.273433444819574, 0.10541760096823802, 0.16326777513728202], [0.42586172257369476, 0.2927054806164081, 0.13193437652362852, 0.14949842018626858], [0.3640400821208514, 0.1859515932903244, 0.2581615784232182, 0.19184674606560595]], "ideal": "B", "sampled": "B", "correct": true}}
{"type": "result", "data": {"idx": 51, "options": ["True, True", "False, False", "True, False", "False, True"], "probs": [[0.1844949247578822, 0.2642900904109521, 0.4223797555980936, 0.12883522913307208], [0.19318911143413808, 0.3842252435266415, 0.2855529444296769, 0.13703270050954355], [0.19519337137207338, 0.31683881651397466, 0.3882428233722758, 0.09972498864167617], [0.30764595817553386, 0.31251592558382507, 0.22511303570921942, 0.15472508043142164]], "ideal": "A", "sampled": "C", "correct": false}}
{"type": "result", "data": {"idx": 52, "options": ["True, True", "False, False", "True, False", "False, True"], "probs": [[0.15437842794112192, 0.26675184963227744, 0.44677812870845934, 0.13209159361814127], [0.18209964577819768, 0.33495367568223944, 0.3246781028386552, 0.15826857560090762], [0.16054342032707605, 0.31928463452091127, 0.41647573493227585, 0.10369621011973681], [0.2761908851642651, 0.30336351103620507, 0.255480118233647, 0.1649654854658828]], "ideal": "D", "sampled": "C", "correct": false}}
{"type": "result", "data": {"idx": 53, "options": ["Is unbounded, encompassing all real numbers.", "Is unbounded, encompassing all integers.", "Is bounded between 0 and 1.", "Is bounded between -1 and 1."], "probs": [[0.1338389386674875, 0.18586114324053898, 0.5378069957226193, 0.14249292226935428], [0.2192411457178695, 0.6545694724412874, 0.0571965172801666, 0.06899286446067648], [0.5527928163269926, 0.23777451858841087, 0.10226340379172019, 0.1071692611928763], [0.4200713696666407, 0.21795562232275228, 0.0777110021887644, 0.28426200572184257]], "ideal": "C", "sampled": "C", "correct": true}}
{"type": "result", "data": {"idx": 54, "options": ["Linear hard-margin SVM.", "Linear Logistic Regression.", "Linear Soft margin SVM.", "The centroid method."], "probs": [[0.4786700295130583, 0.26027126668897893, 0.11732382280391372, 0.14373488089404904], [0.35774775488064015, 0.33088644327707933, 0.11985365269497464, 0.19151214904730587], [0.4062157813033023, 0.23512951938718782, 0.1667485038321463, 0.1919061953773636], [0.3197866928289422, 0.39800017475081817, 0.12139980312862242, 0.16081332919161723]], "ideal": "A", "sampled": "A", "correct": true}}
{"type": "result", "data": {"idx": 55, "options": ["Partitioning based clustering", "K-means clustering", "Grid based clustering", "All of the above"], "probs": [[0.2775042847451119, 0.21953415050642722, 0.10536301487513458, 0.3975985497733263], [0.36815864155413475, 0.15348867952677656, 0.31496152114354753, 0.16339115767554113], [0.36369241364217, 0.23481748205511466, 0.10921445813322053, 0.29227564606949485], [0.40837434601046924, 0.20858353749068745, 0.22557029652458432, 0.15747181987425898]], "ideal": "D", "sampled": "D", "correct": true}}
{"type": "result", "data": {"idx": 56, "options": ["True, True", "False, False", "True, False", "False, True"], "probs": [[0.15253996165627892, 0.24376777212412337, 0.4848511597840896, 0.11884110633550811], [0.1755000203672385, 0.3383101522584206, 0.3383429050107214, 0.14784692226361953], [0.12130210185917842, 0.32973517981643713, 0.47981672044316775, 0.0691459977812167], [0.27799008122257296, 0.34062693534743727, 0.2415607047304559, 0.13982227859953383]], "ideal": "D", "sampled": "A", "correct": false}}
{"type": "result", "data": {"idx": 57, "options": ["True, True", "False, False", "True, False", "False, True"], "probs": [[0.21218877712469172, 0.2519904039251583, 0.40907713157203196, 0.126743687278118], [0.1904589682627, 0.3729145228489848, 0.29503411051660866, 0.14159239827170655], [0.1902489293083688, 0.32362868173057524, 0.3904241177636327, 0.09569827109742317], [0.33625908706754076, 0.33106290283843703, 0.19464391138061005, 0.13803409861341212]], "ideal": "D", "sampled": "C", "correct": false}}
{"type": "result", "data": {"idx": 58, "options": ["P(E, F), P(H), P(E|H), P(F|H)", "P(E, F), P(H), P(E, F|H)", "P(H), P(E|H), P(F|H)", "P(E, F), P(E|H), P(F|H)"], "probs": [[0.3702923003915356, 0.22461060842695915, 0.22461968323399006, 0.18047740784751518], [0.2537011503919578, 0.27433946725962965, 0.2743537723743743, 0.19760560987403827], [0.29126347410434167, 0.28676439610673105, 0.24529607198003026, 0.176676057708897], [0.3478424393257253, 0.2839150599591359, 0.2013365387117749, 0.16690596190336388]], "ideal": "B", "sampled": "A", "correct": false}}
{"type": "result", "data": {"idx": 59, "options": ["The use of sampling with replacement as the sampling technique", "The use of weak classifiers", "The use of classification algorithms which are not prone to overfitting", "The practice of validation performed on every classifier trained"], "probs": [[0.2879169029889215, 0.32627758866679635, 0.14708291211867117, 0.238722596125611], [0.30400737211026396, 0.3610513698380334, 0.15052505877524205, 0.18441619917646057], [0.27539243470679226, 0.32707153772804115, 0.16193505637412012, 0.23560097109104644], [0.32325238949560325, 0.29900244766471273, 0.19919983144198142, 0.17854533129770256]], "ideal": "B", "sampled": "B", "correct": true}}
{"type": "result", "data": {"idx": 60, "options": ["True, True", "False, False", "True, False", "False, True"], "probs": [[0.17023449151704548, 0.294145533238606, 0.41486276428314195, 0.12075721086120655], [0.19903475185268277, 0.3897118291377984, 0.29419922256650605, 0.11705419634301278], [0.17606019268928555, 0.34471391188842654, 0.3906608696186681, 0.08856502570361982], [0.32254111282966064, 0.3225686203728118, 0.2182795968689852, 0.13661066982854234]], "ideal": "B", "sampled": "C", "correct": false}}
{"type": "result", "data": {"idx": 61, "options": ["True, True", "False, False", "True, False", "False, True"], "probs": [[0.18376681206772866, 0.23597797749066918, 0.44785463805488496, 0.13240057228671723], [0.21516194616845438, 0.34926676226242404, 0.29876434354827824, 0.1368069479208433], [0.20291865452948618, 0.2906819153726625, 0.3732818495876998, 0.1331175804101515], [0.31453988421602613, 0.290929500594394, 0.24120329677439642, 0.15332731831518345]], "ideal": "A", "sampled": "C", "correct": false}}
{"type": "result", "data": {"idx": 62, "options": ["0", "1", "2", "3"], "probs": [[0.1341601868089928, 0.311945250243188, 0.4132694478435472, 0.14062511500427202], [0.18564918220460946, 0.3809399519269709, 0.32079079026968815, 0.11262007549873153], [0.23911088346368775, 0.38210924886653513, 0.24671148883749333, 0.1320683787322838], [0.21695879422877443, 0.25766760492233076, 0.3308493543957034, 0.19452424635319138]], "ideal": "C", "sampled": "C", "correct": true}}
{"type": "result", "data": {"idx": 63, "options": ["The examples farthest from the decision boundary.", "The only examples necessary to compute f(x) in an SVM.", "The data centroid.", "All the examples that have a non-zero weight \u03b1k in a SVM."], "probs": [[0.16376644940198062, 0.8188187316550024, 0.00802803326670312, 0.009386785576313878], [0.15746776089192055, 0.12266020370256236, 0.5672236380201006, 0.1526483972854165], [0.029651906408788262, 0.9224792723306442, 0.02617127618675978, 0.021697544973807773], [0.3881501612893541, 0.4330291514116994, 0.0922029106555007, 0.0866177765434458]], "ideal": "B", "sampled": "D", "correct": false}}
{"type": "result", "data": {"idx": 64, "options": ["True, True", "False, False", "True, False", "False, True"], "probs": [[0.2038991034408027, 0.24596722788090364, 0.4184510173744386, 0.13168265120385503], [0.20636939692863346, 0.351072782972026, 0.30504625578085504, 0.1375115642184855], [0.18967278017184655, 0.2803378957179306, 0.40161179893751486, 0.12837752507270794], [0.27183449265622717, 0.3178343772570349, 0.2554100453598197, 0.15492108462691817]], "ideal": "A", "sampled": "C", "correct": false}}
{"type": "result", "data": {"idx": 65, "options": ["Regularization is too low and model is overfitting", "Regularization is too high and model is underfitting", "Step size is too large", "Step size is too small"], "probs": [[0.4865424044514485, 0.3044801172619492, 0.10041149851203197, 0.10856597967457036], [0.34773217073783125, 0.20766343736076479, 0.1861595875065318, 0.2584448042948722], [0.20845921583122298, 0.21510809865778743, 0.38954351006763843, 0.18688917534335117], [0.27293332188380376, 0.4033785579675033, 0.1681671067233403, 0.15552101332535262]], "ideal": "C", "sampled": "A", "correct": false}}
{"type": "result", "data": {"idx": 66, "options": ["0.0495", "0.078", "0.635", "0.97"], "probs": [[0.44817545337702175, 0.22188490296343047, 0.159814072238109, 0.17012557132143877], [0.3416270518931089, 0.315973002638989, 0.14466329779747683, 0.1977366475704253], [0.3713611551342238, 0.22881632359075238, 0.23241484960333395, 0.1674076715716899], [0.27186081013241375, 0.4552999470322506, 0.10001821144428692, 0.17282103129104873]], "ideal": "C", "sampled": "A", "correct": false}}
{"type": "result", "data": {"idx": 67, "options": ["True, True", "False, False", "True, False", "False, True"], "probs": [[0.20538264470858092, 0.22914390046511202, 0.4348873767650818, 0.13058607796122523], [0.2228932331082804, 0.36182023708570865, 0.28624747480186, 0.12903905490415093], [0.2449858522913125, 0.27332574533658455, 0.3565254860242141, 0.12516291624788883], [0.3306391733935149, 0.30107571486059387, 0.21687546172807246, 0.15140964991781872]], "ideal": "A", "sampled": "C", "correct": false}}
{"type": "result", "data": {"idx": 68, "options": ["True, True", "False, False", "True, False", "False, True"], "probs": [[0.199613598003668, 0.22270266208484016, 0.43609138400145075, 0.14159235581004107], [0.231349886552213, 0.32122875322296107, 0.3113736026349067, 0.1360477574899192], [0.26780805388109125, 0.2636735776350512, 0.3439375213031381, 0.12458084708071945], [0.35797327753301983, 0.27449601885911656, 0.22058255968272233, 0.1469481438251413]], "ideal": "A", "sampled": "C", "correct": false}}
{"type": "result", "data": {"idx": 69, "options": ["Expectation Maximization", "CART", "Gaussian Na\u00efve Bayes", "Apriori"], "probs": [[0.5023144779707657, 0.1630844674493028, 0.14393354092985264, 0.19066751355007883], [0.23151999364683482, 0.15424346692445015, 0.1747933152919064, 0.43944322403680863], [0.2009465872476268, 0.14934747519504793, 0.42550054632339374, 0.22420539113393156], [0.2612965067766601, 0.32017254349110746, 0.17683540019360003, 0.24169554943863242]], "ideal": "A", "sampled": "A", "correct": true}}
{"type": "result", "data": {"idx": 70, "options": ["Your decision trees are too shallow.", "You need to increase the learning rate.", "You are overfitting.", "None of the above."], "probs": [[0.17820244863355678, 0.18391881761491044, 0.44813564773903564, 0.1897430859124971], [0.1040053140118823, 0.7449119658585338, 0.06211006245100008, 0.0889726575785838], [0.5431615275543624, 0.1967513172653654, 0.13105804117376457, 0.12902911390650762], [0.12247029113068537, 0.3954211171634787, 0.10477212105926113, 0.37733647054657476]], "ideal": "A", "sampled": "C", "correct": false}}
{"type": "result", "data": {"idx": 71, "options": ["linear in K", "quadratic in K", "cubic in K", "exponential in K"], "probs": [[0.44342459565212455, 0.24874106788356398, 0.1395297389942871, 0.16830459737002434], [0.3976751206521948, 0.25277768089494645, 0.1557340118570765, 0.19381318649578225], [0.34505832296660977, 0.244685120380948, 0.2446896503343555, 0.16556690621808673], [0.37483841177053007, 0.31564563509645666, 0.13789850472024945, 0.1716174483127638]], "ideal": "A", "sampled": "A", "correct": true}}
{"type": "result", "data": {"idx": 72, "options": ["True, True", "False, False", "True, False", "False, True"], "probs": [[0.17497484905683192, 0.302333453336924, 0.4197972839590513, 0.10289441354719273], [0.177744747514718, 0.41328105634252793, 0.29770383457622024, 0.11127036146653381], [0.14544865487551556, 0.3714205920324838, 0.41439807410864565, 0.068732678883355], [0.26935962040531886, 0.3858560054054643, 0.2233413325275756, 0.12144304156164125]], "ideal": "B", "sampled": "C", "correct": false}}
