{"type": "result", "data": {"idx": 0, "options": ["This type occurs in binary systems.", "This type occurs in young galaxies.", "This type produces gamma-ray bursts.", "This type produces high amounts of X-rays."], "probs": [[0.8261464175787958, 0.05120998209791399, 0.05893404364790735, 0.06370955657538285], [0.8737071556385743, 0.05501174058188813, 0.0387001513196537, 0.03258095235988385], [0.8138516120025172, 0.055409219945905884, 0.06894883898222977, 0.06179032896934719], [0.7144792488942523, 0.04292762539667745, 0.0880595944122188, 0.15453353119685148], [0.8657788762445559, 0.03130616666519753, 0.06273470166793013, 0.04018025532231644], [0.7971484526672723, 0.023710557791091557, 0.03395562561708761, 0.14518536382454847], [0.00645216524289561, 0.9807344105570177, 0.00895955959027086, 0.0038538645098157875], [0.0072575797024582445, 0.9811506138071822, 0.008420369984982206, 0.0031714364053773386], [0.005796579971504219, 0.008305782254143362, 0.9825421933454223, 0.0033554443289301188], [0.0032050387176153473, 0.0019147044009322402, 0.003306829251731716, 0.9915734275297207], [0.007203719263253911, 0.007039887046107609, 0.9811406340173586, 0.004615759573279858], [0.0027713190513505414, 0.0009287114911738718, 0.0017343053904513468, 0.9945656639670242], [0.007761036774010989, 0.9704043015134364, 0.016822257570149855, 0.005012404042402733], [0.007113140365796175, 0.9692160843049222, 0.015417273705626679, 0.008253501523654904], [0.005220458791241646, 0.011585236412576458, 0.9794627927341234, 0.0037315119620584475], [0.003098770657580166, 0.003274352651695757, 0.004508640619402994, 0.9891182359713211], [0.005445370312422292, 0.005279770889987455, 0.9824972391643776, 0.006777619533212591], [0.0010046953852846639, 0.0007239166581811825, 0.0027740233366362393, 0.9954973645198979], [0.006717790746489499, 0.9668422937419172, 0.021857461793130972, 0.00458245361846226], [0.005770486671450236, 0.9709790167176738, 0.014852290694936583, 0.008398205815939357], [0.004574238630255699, 0.010976707183460908, 0.980117585165808, 0.004331468920475395], [0.0013310406963588943, 0.0013525152478000642, 0.0017771780677682824, 0.9955392658880727], [0.0035812224384231188, 0.005591840109466335, 0.9852796358828618, 0.005547301469248686], [0.0006547652407158226, 0.0007137451965839014, 0.0016332518983920876, 0.9969982375643082]], "ideal": "A", "sampled": "A", "correct": true}}
{"type": "result", "data": {"idx": 1, "options": ["Its speed relative to you", "Its composition", "Its size", "Its distance from you"], "probs": [[0.007444705701321943, 0.005798773649255575, 0.25635091685352035, 0.7304056036959021], [0.002041541435051484, 0.004898127464804195, 0.918799368576862, 0.07426096242328238], [0.014866479570411609, 0.4180049831377492, 0.013430622224132745, 0.5536979149677065], [0.008196148951868158, 0.12235820934701525, 0.8625963257104274, 0.006849315890689117], [0.006088934466069214, 0.93308497899744, 0.005249325266154692, 0.055576761170336095], [0.007749926897390951, 0.9031856268239044, 0.0788748826489656, 0.010189563529739138], [0.0014236240569311354, 0.006041456742719364, 0.2887770659340711, 0.7037578531662784], [0.0011896750136938217, 0.00668866409817384, 0.9250970983762056, 0.06702456241192674], [0.0043526576929962335, 0.11053949855909508, 0.015673466397440498, 0.8694343772504681], [0.0037517560123459283, 0.04065790614889123, 0.9397927754537112, 0.0157975622850516], [0.0030083308720826912, 0.7964032093988205, 0.017310155691536773, 0.18327830393756006], [0.003572363432678699, 0.8953101700789744, 0.07817951647289252, 0.022937949915454402], [0.2068789478426527, 0.05397765050285532, 0.0054702437456742095, 0.7336731578088177], [0.008923847634634323, 0.023514230874993363, 0.9614754160950498, 0.006086505295322487], [0.03156726602715021, 0.006669795173903062, 0.009779012128066871, 0.9519839265708798], [0.005219438990602026, 0.008742001748550046, 0.9640615482738313, 0.02197701088701665], [0.08513506944824574, 0.8874933404661335, 0.01975338277150919, 0.00761820721411158], [0.04043772876510554, 0.9353933472799663, 0.008814490530719421, 0.015354433324208728], [0.9797279160733784, 0.013760832960172942, 0.0006850896697919769, 0.005826161196656698], [0.9360119662447326, 0.02916428434934495, 0.03304480747879614, 0.001778941827126299], [0.9763122538993171, 0.006788093054125833, 0.001841170323421979, 0.01505848262313515], [0.9800647293581651, 0.00802867700963159, 0.00953352466672001, 0.0023730688654833173], [0.9092764607941265, 0.08727382631943383, 0.00230742099959127, 0.0011422917868484609], [0.968546145407566, 0.0287995074772078, 0.000856112502705944, 0.001798234512520203]], "ideal": "D", "sampled": "D", "correct": true}}
{"type": "result", "data": {"idx": 2, "options": ["Because the molecules that compose the Earth's atmosphere have a blue-ish color.", "Because the sky reflects the color of the Earth's oceans.", "Because the atmosphere preferentially scatters short wavelengths.", "Because the Earth's atmosphere preferentially absorbs all other colors."], "probs": [[0.0006899112201703326, 0.0006232756635377577, 0.9944933728676375, 0.004193440148654424], [0.0007475311731170083, 0.0002815348801399044, 0.0023571515490382784, 0.9966137822977048], [0.0026455458288618732, 0.987144985527512, 0.0017350771674852039, 0.008474391376140982], [0.002508270250685009, 0.9885126991155482, 0.004541930104770191, 0.004437100428996654], [0.0014876974867318509, 0.0008543603627293218, 0.00032426969736963184, 0.9973336723531692], [0.001228253243743485, 0.0016788172848679378, 0.9931588448310594, 0.003934084540329139], [0.0003308680038272404, 0.002444753200361588, 0.9940106908829802, 0.0032136878128309477], [0.0006000532959925842, 0.0028184745812292913, 0.0009588843214716566, 0.9956225877013064], [0.0008745573365115132, 0.9895390094423424, 0.0032240770723198763, 0.006362356048826173], [0.001089002576440494, 0.9900978104014424, 0.0031511662198276465, 0.005662020702289478], [0.0004537900005228404, 0.0010068365692236128, 0.001071700736382372, 0.9974676725938711], [0.0002712466062914298, 0.0034629530466614433, 0.990644691901475, 0.005621108345572193], [0.9863258445272458, 0.0054243265282952055, 0.0016035199649606102, 0.006646308879498367], [0.9891365386974182, 0.004876184899440872, 0.0030754836977457648, 0.0029117926053951583], [0.9838293648288569, 0.004485472234373783, 0.00462810101633978, 0.007057061820429542], [0.9843097259217126, 0.004558339027329391, 0.006428604823494806, 0.004703330127463178], [0.9896279926560863, 0.0052750407354568854, 0.002251210800059135, 0.002845755708397694], [0.9884814777832182, 0.00616004141569071, 0.0015334605949814816, 0.0038250201061096867], [0.002976263525465059, 0.000907780683918951, 0.000643682175593949, 0.995472273515022], [0.0030338585355792597, 0.0020209906607357134, 0.991169304843953, 0.0037758458597319457], [0.0016324711059561119, 0.00040956746739033705, 0.001509800439435936, 0.9964481608872177], [0.0013899302886639028, 0.0010573972485923874, 0.9918360931999498, 0.005716579162793848], [0.009042052167246592, 0.9818628427718376, 0.0044762993142742815, 0.004618805646641577], [0.009604339957558768, 0.9797626858921912, 0.0032679339231462324, 0.0073650401271037925]], "ideal": "C", "sampled": "C", "correct": true}}
{"type": "result", "data": {"idx": 3, "options": ["The first time you drop a bowling ball and it falls to the ground proving your hypothesis.", "After you\u2019ve repeated your experiment many times.", "You can never prove your theory to be correct only \u201cyet to be proven wrong\u201d.", "When you and many others have tested the hypothesis."], "probs": [[0.004974891556229347, 0.00807624330482575, 0.053480797855406145, 0.9334680671835387], [0.0028637745561481123, 0.008550249083068496, 0.928301875485093, 0.06028410077569037], [0.016419628021728094, 0.15825858121054606, 0.021580663634889058, 0.8037411270328367], [0.008032164127928244, 0.04242041238106229, 0.9283834108031861, 0.02116401258782336], [0.0012382637303578312, 0.9407900067440403, 0.017912187263789726, 0.04005954216181208], [0.0017239473846812313, 0.9143268614072955, 0.07387132580748156, 0.010077865300541715], [0.002719710946777753, 0.00424607558385158, 0.017054289355681585, 0.975979924013689], [0.002277431770686549, 0.006694178079135929, 0.9704093311235098, 0.020619058926667676], [0.005790883922724863, 0.02400640314604796, 0.011248814422858536, 0.9589538984083686], [0.008655270899266028, 0.1333044223342764, 0.7790632551880604, 0.07897705147839716], [0.0024674105121314524, 0.8318438291395628, 0.056588182794980096, 0.10910057745332562], [0.003965398170753085, 0.3951378339183387, 0.5748352225812897, 0.026061545229618555], [0.012402638865353408, 0.009660973064105322, 0.015314084785693361, 0.9626223031848479], [0.006137100561993559, 0.01655435016279525, 0.9470976069091221, 0.030210942266089034], [0.026839593798492618, 0.006476403336475188, 0.012978393826169598, 0.9537056089388626], [0.07313296079670992, 0.021790025757944847, 0.750241880250812, 0.1548351330945333], [0.00900666969361985, 0.6775816044414003, 0.12527708637983162, 0.1881346393851483], [0.02977007037394438, 0.7561425364229752, 0.05561285010385161, 0.15847454299922878], [0.3195884119899411, 0.04825403828460464, 0.5697127919648273, 0.06244475766062693], [0.2598593397252027, 0.05533121609642241, 0.6532828466463972, 0.03152659743197765], [0.46596900694754967, 0.038854712886941284, 0.29159112566959217, 0.20358515439591687], [0.10874938157929744, 0.02563197709941857, 0.8162137819594489, 0.04940485926183503], [0.1090206148877177, 0.7569846115331921, 0.07038876791547151, 0.06360600556361866], [0.05937674803408612, 0.8592926554890473, 0.025538519981125427, 0.055792076395741165]], "ideal": "C", "sampled": "D", "correct": false}}
{"type": "result", "data": {"idx": 4, "options": ["Titan is the only outer solar system moon with a thick atmosphere", "Titan is the only outer solar system moon with evidence for recent geologic activity", "Titan's atmosphere is composed mostly of hydrocarbons", "A and D"], "probs": [[0.011026589075566232, 0.013623365978763262, 0.012890074256747075, 0.9624599705889234], [0.024797863825042645, 0.06743424774490545, 0.8741252330149579, 0.03364265531509395], [0.014177574787899171, 0.03679150718528875, 0.02212814616016313, 0.9269027717666489], [0.020032468920009643, 0.05663985684603485, 0.9067150235256477, 0.016612650608307796], [0.08771791948742953, 0.6588529305612216, 0.12367978983001955, 0.12974936002132934], [0.11109571364810139, 0.6104802193022135, 0.2174963994574116, 0.06092766749227348], [0.011418667221169259, 0.016623169956145434, 0.013452845319358425, 0.9585053174033269], [0.019441958949453615, 0.05540748436360647, 0.8938281734994632, 0.031322383087476695], [0.017396387309966486, 0.051165208223853204, 0.03858932199505101, 0.8928490823711293], [0.018585033643678122, 0.06540053312794822, 0.8954353894312976, 0.020579043697076072], [0.07828348815937197, 0.5610979753089778, 0.2840787448891134, 0.07653979154253683], [0.11899588859412058, 0.6695119835130433, 0.13694811335713253, 0.07454401443570363], [0.020811476528449, 0.03626260658523326, 0.014988854111151943, 0.9279370626751657], [0.030633582292402903, 0.06487416185352432, 0.8813610278070301, 0.02313122794704266], [0.018351504953357047, 0.05190720514988994, 0.030969866251583857, 0.8987714235451691], [0.024266837307358843, 0.08277037153073061, 0.8688763956279485, 0.024086395433962057], [0.1705413207009856, 0.7075384443021426, 0.07807704264090744, 0.043843192255964274], [0.10833331295758092, 0.729543940379148, 0.09634550085621227, 0.06577724570705881], [0.2844640527540876, 0.2758448935517527, 0.20171027772465036, 0.23798077586950936], [0.26833970151660747, 0.23141015263300146, 0.3874009068638386, 0.11284923888655245], [0.26725137821880335, 0.34875556685218423, 0.18512803149207588, 0.19886502333693654], [0.27174288841578575, 0.354589115184525, 0.28038371442088195, 0.0932842818788073], [0.35437723650795216, 0.2613995865768747, 0.16224404886560803, 0.2219791279495651], [0.3156823170512792, 0.232864093267518, 0.223849233607181, 0.22760435597402182]], "ideal": "D", "sampled": "D", "correct": true}}
{"type": "result", "data": {"idx": 5, "options": ["m*v", "0.5*m/(R^3)", "0.5*m*(2GM/R)", "0.6*G(M^2)/R"], "probs": [[0.0169191871912734, 0.118399784350489, 0.681227464534618, 0.1834535638236196], [0.011171725020727651, 0.05631119201067513, 0.5096484593047029, 0.4228686235638943], [0.02691073977671371, 0.5667871003975247, 0.051472415895840985, 0.3548297438299206], [0.014407726024651462, 0.44144338303718766, 0.5159249646358894, 0.028223926202271356], [0.028967853984506593, 0.4192932625064217, 0.029658489242140245, 0.5220803941669315], [0.0118644651187279, 0.29206659054139317, 0.6580512818739093, 0.03801766236596967], [0.043881460985349355, 0.07948629621297677, 0.7083163845900797, 0.16831585811159414], [0.053260137382414176, 0.06630479667240428, 0.3162384687837339, 0.5641965970614476], [0.046371849557044244, 0.5697036193958467, 0.12705310751911802, 0.256871423427991], [0.051153631642225784, 0.31839408162652805, 0.594725942023285, 0.03572634460796113], [0.03871764614790932, 0.2688730954855028, 0.04707030578977043, 0.6453389524768174], [0.041604822810124426, 0.2735160487051955, 0.6560483925860576, 0.02883073579862238], [0.46935007488132446, 0.22875666830313476, 0.09027541355447828, 0.2116178431610625], [0.2854932258942335, 0.15282981153103456, 0.5250896830521316, 0.03658727942260037], [0.45526316079022916, 0.2218953337761097, 0.13884173125366148, 0.18399977407999968], [0.2617679731113191, 0.15633028418723205, 0.5371101898244987, 0.04479155277695019], [0.25163851103632856, 0.6328906493612255, 0.05839941171424573, 0.05707142778820019], [0.3183013285027137, 0.5501618611898952, 0.043087643471605305, 0.08844916673578586], [0.2145094911261993, 0.14517328412074393, 0.02880473115760995, 0.6115124934954468], [0.09024984898354274, 0.11501095142899467, 0.7382399842608837, 0.056499215226578914], [0.1938338072751699, 0.07416501419502881, 0.12515057249157108, 0.6068506059382301], [0.14199474284819114, 0.1159171495393556, 0.688175623066416, 0.05391248444603722], [0.05452686750816174, 0.7130120661518756, 0.159036701865859, 0.07342436437410367], [0.0739563714483389, 0.7357665409271255, 0.06631082394519179, 0.12396626357934386]], "ideal": "C", "sampled": "C", "correct": true}}
{"type": "result", "data": {"idx": 6, "options": ["it was stripped away by the magnetic field when it rapidly decreased in strength", "it was broken into hydrogen and oxygen by ultraviolet light and the hydrogen was lost through thermal escape", "it was consumed by a civilization of thirsty Martians", "it was vaporized during a period of intense volcanism and was lost to space through thermal escape"], "probs": [[0.010264598118919685, 0.5793265265576458, 0.005811611352231655, 0.4045972638712028], [0.006898015754510532, 0.29816478564211907, 0.6928465979461877, 0.0020906005571826127], [0.0013720274394318373, 0.002298742525542398, 0.8506988260372409, 0.14563040389778487], [0.003489511887237954, 0.004113769278036037, 0.9091044332011595, 0.08329228553356648], [0.0039345560808234726, 0.8988712265859317, 0.09460878944487316, 0.0025854277883717324], [0.007099249637046467, 0.8420396771833466, 0.0068375847892548376, 0.14402348829035205], [0.2145332450599928, 0.07657136004609702, 0.004059853417490726, 0.7048355413764195], [0.05391430696383828, 0.11874894524343949, 0.8240701883477314, 0.0032665593449908007], [0.0720300344478704, 0.0057789806508253385, 0.01570630190173556, 0.9064846828995687], [0.01572354114310354, 0.015610432018113258, 0.9581008409778692, 0.010565185760913975], [0.03010450907087843, 0.9535067217069888, 0.013376398107145507, 0.0030123710149872656], [0.06387503731508143, 0.9264600803731903, 0.004324441465133497, 0.005340440746594814], [0.000832649180388481, 0.00953125767092572, 0.5712423918730138, 0.4183937011756719], [0.0013713106417217492, 0.016974269936989746, 0.8839483049268941, 0.0977061143943944], [0.003647488966433784, 0.18296798857370214, 0.006015478099853131, 0.8073690442600109], [0.001995087878004756, 0.23806584405573242, 0.7559984492825237, 0.003940618683739168], [0.0036128412372116153, 0.7121603333225422, 0.01418400177891657, 0.2700428235613295], [0.0016728127155462328, 0.7196549678664264, 0.27259334563689647, 0.00607887368113087], [0.5202955262673767, 0.11439264561201802, 0.36334321502235295, 0.0019686129982523235], [0.5610686978972762, 0.08750389454973068, 0.005135808541305796, 0.3462915989116873], [0.8118241162610104, 0.15278178704843307, 0.034082282494213474, 0.0013118140963431185], [0.8917848358830478, 0.09715375089771212, 0.0018093430959662702, 0.009252070023273752], [0.4518902323163453, 0.01333788876631055, 0.053166702422276745, 0.48160517639506745], [0.09301765002262108, 0.01605091571505095, 0.8829228630452519, 0.008008571117076048]], "ideal": "B", "sampled": "D", "correct": false}}
{"type": "result", "data": {"idx": 7, "options": ["Lunar rocks are composed of fragments pulverized by many impacts.", "Radioactive dating of lunar samples shows that they are older.", "The Moon's surface is more heavily eroded than the Earth's surface.", "The Moon's surface has more impact craters than the Earth's surface."], "probs": [[0.003114317459380623, 0.9789231750239775, 0.0035575347919478114, 0.014404972624694064], [0.002470889194246906, 0.9817311757003958, 0.00579096493381625, 0.01000697007154103], [0.002820644635790461, 0.0023754431648968424, 0.9886902509554905, 0.006113661143822256], [0.0008146817930483374, 0.0003532181672354044, 0.0020321919923575165, 0.9967999079473587], [0.0017685157018281377, 0.00340921785595603, 0.9905793203572161, 0.004242945984999774], [0.0009242568184050898, 0.0007256117889466745, 0.00035635590428543683, 0.9979937753883628], [0.9625051271606193, 0.008263187697606164, 0.00234919047497687, 0.026882494566797616], [0.9689452759993973, 0.008717632953109558, 0.00642824040694421, 0.015908850540548965], [0.9426573443762252, 0.008156268795834925, 0.004400216941093835, 0.04478616978684605], [0.9449220881965938, 0.007862726275586585, 0.009410953391396684, 0.03780423203642284], [0.971836287001278, 0.009985719380975823, 0.0029519792782421984, 0.015226014239503972], [0.9582775116291873, 0.009543514098500967, 0.0023207429927693426, 0.029858231179542376], [0.0014871712158226913, 0.004011358596361158, 0.9891871756927109, 0.005314294395105274], [0.00042988154142680135, 0.0005026645717705143, 0.000991718330426112, 0.9980757354563766], [0.0013051554541123349, 0.9916604742463963, 0.002720530606458978, 0.004313839593032417], [0.001149714474575596, 0.9898562377921235, 0.003920306436928868, 0.005073741196372049], [0.0009080749116349815, 0.0016190986240887859, 0.0015326695653390867, 0.9959401567989371], [0.0017528473814105593, 0.004546892471106294, 0.9894950027818571, 0.0042052572656260095], [0.0022492386575232613, 0.004724936302998218, 0.9888559638457024, 0.004169861093776166], [0.0009611125906150592, 0.0007256218046703056, 0.0002954434818958345, 0.9980178220228187], [0.0016513329300710433, 0.992552102108841, 0.0024600484501072295, 0.0033365164109807233], [0.0018262789579707051, 0.9917157759270249, 0.0023090673775540255, 0.004148877637450435], [0.001063522049236332, 0.00047572299703848187, 0.0007720616278138001, 0.9976886932259114], [0.002824399690338221, 0.003102233966066842, 0.989995466536542, 0.004077899707052931]], "ideal": "B", "sampled": "B", "correct": true}}
{"type": "result", "data": {"idx": 8, "options": ["Iron", "Hydrogen", "Methane", "Helium"], "probs": [[0.015800927488995715, 0.9475747143422857, 0.00044834187831273796, 0.036176016190405794], [0.005851217411214313, 0.9688110550183417, 0.02074408877261249, 0.00459363869783143], [0.008451113102645331, 0.0038692553674754796, 0.8355053292808916, 0.15217430214898758], [0.018703221420551277, 0.006721474592689251, 0.12781134936896582, 0.8467639545177936], [0.011066460795342414, 0.5458616522288684, 0.4385996088926799, 0.00447227798310927], [0.01616507791992615, 0.3856006320413261, 0.0009192082930951662, 0.5973150816456526], [0.02345240091249299, 0.6240482163732511, 0.0023958610156890577, 0.3501035215985668], [0.04619935501165991, 0.2742959245338777, 0.668356951249851, 0.011147769104611504], [0.008450004586105115, 0.007814933836234949, 0.4649645858897439, 0.5187704755879161], [0.007215499637273867, 0.007680738058591066, 0.9599178089812023, 0.025185953222932843], [0.03895715533000242, 0.9438519257142735, 0.009927006206250694, 0.0072639126494733865], [0.0304385351569057, 0.932241029981971, 0.0017307357767054436, 0.03558969898441782], [0.00014362633941662596, 0.01430910571704404, 0.8580030430213135, 0.1275442248222259], [0.0002366472912701945, 0.026302959568539702, 0.1421824336443383, 0.8312779593958518], [0.00042140298416579625, 0.6671278742605286, 0.007295778591476719, 0.3251549440638289], [0.0005292401009122466, 0.7870515921822957, 0.17560453134689935, 0.03681463626989269], [0.0005167536386461936, 0.25543585167312655, 0.004864274010437378, 0.7391831205777899], [0.0004092004744804558, 0.64776774734477, 0.3308347881580191, 0.020988263922730392], [0.071222164155901, 0.031114332090584618, 0.8951875960523328, 0.0024759076011815844], [0.14975769007888343, 0.03906890182317941, 0.001400998973588826, 0.8097724090243483], [0.14080470120370195, 0.8491695113147598, 0.0026195534636795853, 0.007406233917858597], [0.08506004734666657, 0.8863592199198104, 0.0009598897878678449, 0.027620842845655243], [0.028406208523720552, 0.0033143465573648276, 0.012605089757567767, 0.9556743550613468], [0.08185189549923769, 0.009401157955944565, 0.8938394334508993, 0.014907512993918374]], "ideal": "D", "sampled": "B", "correct": false}}
{"type": "result", "data": {"idx": 9, "options": ["Near-Earth asteroids gradually disintegrate and spread out along their orbital path. When the Earth passes through the orbit of an asteroid we are bombarded by sand-sized particles which cause a meteor shower.", "Near-Earth asteroids disintegrate as they enter Earth's atmosphere creating hundreds of bright meteors that appear to radiate from a single location in the sky.", "The nuclei of comets disintigrate as they enter Earth's atmosphere creating hundreds of bright meteors that appear to radiate from a central location in the sky.", "The nuclei of comets gradually disintegrate and spread out along the comet's orbital path. When the Earth passes through the orbit of a comet we are bombarded by sand-sized particles which cause a meteor shower."], "probs": [[0.9490356629973715, 0.014188160464566134, 0.01738344725518102, 0.019392729182881336], [0.8924565455652164, 0.01409246794698647, 0.08699909734506457, 0.00645188904273263], [0.9557692132686649, 0.014514094652456839, 0.01497444747392852, 0.014742244504949664], [0.5556313831528253, 0.012276205426413436, 0.42601537868009104, 0.006077032640670163], [0.7275860769396224, 0.13674033922190856, 0.12644146146028695, 0.00923212227818208], [0.8034542877929135, 0.1582600521511057, 0.027929285606257997, 0.01035637434972279], [0.05769999227971272, 0.8754250855635389, 0.030175094915189094, 0.03669982714155921], [0.006752129269000953, 0.8311194888893438, 0.14211963307622327, 0.020008748665431918], [0.006154279550661448, 0.010147863605375035, 0.9722884812541722, 0.011409375489791231], [0.0021404015821736666, 0.00853297561074198, 0.9708345316708435, 0.018492091036240818], [0.00874223176893992, 0.5537818006625164, 0.43117799828610254, 0.006297969182441162], [0.014026767272388786, 0.9098035497375102, 0.030877854010550185, 0.045291828879550806], [0.019337238175985243, 0.8420225945629322, 0.07952333029093317, 0.05911683687014937], [0.02162988719236588, 0.5711741681199775, 0.3986572370384842, 0.0085387075491725], [0.0025816854465982417, 0.01095574218399039, 0.9557369239488998, 0.03072564832051163], [0.0023679486352224145, 0.005815785347846072, 0.9856255003001811, 0.006190765616750401], [0.0024237406976678503, 0.9332479265824417, 0.05346392855794832, 0.010864404061942135], [0.0050640622479520775, 0.9730394664936837, 0.009838772793373122, 0.01205769836499111], [0.6530491417109374, 0.21879666570233197, 0.11709040202381799, 0.01106379046291258], [0.8983349077669144, 0.0630868366425145, 0.031718398929404354, 0.006859856561166775], [0.540031594765317, 0.015083510880862409, 0.4407614329520472, 0.004123461301773379], [0.9592393608943414, 0.019298430476367992, 0.00890466288880434, 0.0125575456404863], [0.8223094668796822, 0.010680708524569198, 0.16192514343599976, 0.005084681059748849], [0.9545248408544812, 0.0108563945246049, 0.014494753886474743, 0.020124010634439145]], "ideal": "D", "sampled": "D", "correct": true}}
{"type": "result", "data": {"idx": 10, "options": ["Radiation pressure from the Sun's light pushes the ions away.", "The conservation of the angular momentum in the tail keeps it always pointing away from the Sun.", "The ions are following Keplerian orbits that lead away from the Sun.", "The solar wind electromagnetically \"blows\" the ions directly away from the Sun."], "probs": [[0.43244528605112487, 0.01799110812828484, 0.01125858611137806, 0.5383050196092122], [0.23526977526136925, 0.049318802709091177, 0.6915614162787964, 0.023850005650743154], [0.43866481026587184, 0.0200434669848406, 0.044121196270091805, 0.4971705263791958], [0.2189705092109513, 0.03411176969593765, 0.6851476021828002, 0.061770118810310845], [0.33942430733907036, 0.6245264323102734, 0.012760706997680686, 0.02328855325297556], [0.2507291966608359, 0.39458750645553814, 0.011822487849463626, 0.3428608089341623], [0.046121353852941784, 0.12345591586368768, 0.0252742108321375, 0.805148519351233], [0.017042072700145246, 0.15072774915781786, 0.7897140810125887, 0.04251609702944828], [0.03141102822514823, 0.032413511257599274, 0.2376065463481707, 0.6985689140690818], [0.047815605296126565, 0.1156192346007502, 0.742197143276886, 0.09436801672623721], [0.03739049452424884, 0.8315377606307406, 0.08901757398926222, 0.04205417075574833], [0.03366428628438775, 0.6255266597706781, 0.031139919950352517, 0.3096691338945816], [0.04000408470219953, 0.08209655218988796, 0.0486343862796343, 0.8292649767282783], [0.014520257441265056, 0.06767382035846894, 0.7990283733854027, 0.11877754871486336], [0.029356357640336943, 0.044769304313730995, 0.1444997294540458, 0.7813746084918862], [0.04052814302259128, 0.1308411902086238, 0.7529031325051746, 0.07572753416361037], [0.09826324097476537, 0.565652666312319, 0.04715761151752066, 0.28892648109539487], [0.05553333584855982, 0.5566518430596908, 0.10789587588786687, 0.27991894510388243], [0.6251386952882322, 0.06906186737128496, 0.11210101758237472, 0.19369841965810808], [0.41540427986056083, 0.03745642213347477, 0.02184816583022639, 0.5252911320757381], [0.5121455459158489, 0.08104259197570687, 0.30110903161556873, 0.10570283039287547], [0.5155754636869634, 0.046487040380144576, 0.023558707686032472, 0.4143787881468595], [0.38629464030676963, 0.038855028127253555, 0.2739459028928572, 0.30090442857311966], [0.36075421089039145, 0.031525938760288884, 0.29909544288816925, 0.30862440736115043]], "ideal": "D", "sampled": "D", "correct": true}}
{"type": "result", "data": {"idx": 11, "options": ["By observing the duration of a solar eclipse.", "By measuring the size of Earth's shadow on the Moon in a lunar eclipse.", "By comparing the maximum altitude of the Sun in two cities at different latitudes at the same time on the same day.", "By sending fleets of ships around Earth."], "probs": [[0.0008656449087914139, 0.0032926528431617905, 0.9948374824910207, 0.0010042196570260826], [0.00030030169835532935, 0.0006982918568132049, 0.0003050401511018148, 0.9986963661937296], [0.0004975305538962083, 0.9958486360085841, 0.002247394018138283, 0.0014064393193814475], [0.0006289788665463947, 0.9959587454869449, 0.0014286987407310643, 0.0019835768057776355], [0.00018647085877698414, 0.0003456929968175154, 0.000737505257984038, 0.9987303307864215], [0.0007010272760611661, 0.0022807572773524956, 0.9948418651497227, 0.0021763501968636574], [0.0012103114700348614, 0.003368082948595203, 0.9940607535261908, 0.0013608519551790972], [0.00033765597195192017, 0.0005354190294612312, 0.00038864853072188827, 0.9987382763678649], [0.000916223656816922, 0.9970648648138354, 0.0010881645531556996, 0.0009307468761919764], [0.0009087951690298008, 0.9967705129707234, 0.0009982423640972624, 0.0013224493961494972], [0.0003171375104762743, 0.0005028807738636481, 0.0006356566379776181, 0.9985443249776824], [0.0009961114443770634, 0.0027720043933111647, 0.9946022808213015, 0.001629603241010183], [0.9926860063702915, 0.0047807773135442174, 0.0017588521218564357, 0.0007743640943078401], [0.9912073300289453, 0.005537600214906208, 0.001400215306578669, 0.001854854349569787], [0.993085814804779, 0.0052939990855760235, 0.0009418517725983775, 0.0006783342370465926], [0.9918964248588271, 0.005628694845367748, 0.0011891744755440166, 0.00128570572026108], [0.9903432399587134, 0.005798287149098421, 0.002019649416038953, 0.0018388233761491442], [0.9911962873512135, 0.005451624816632343, 0.0020056281027961836, 0.0013464596293580205], [0.00017935478082228308, 0.0004914032453318531, 0.00044391216511354754, 0.9988853297087323], [0.0004346302890860099, 0.0032621582547620945, 0.9933560503780987, 0.0029471609780531297], [0.00030726789397941384, 0.001177990393187166, 0.0003270978770103396, 0.998187643735823], [0.0005121766918797225, 0.004092147836862438, 0.9934777063945984, 0.0019179689766593885], [0.00047410879910958953, 0.9945867212962802, 0.002011848868759297, 0.0029273209358508757], [0.00042472759748439737, 0.9939864364499976, 0.0023505876511379464, 0.0032382482013799795]], "ideal": "C", "sampled": "C", "correct": true}}
{"type": "result", "data": {"idx": 12, "options": ["a dwarf galaxy orbiting the Milky Way.", "the closest planetary nebula to the Earth.", "a bright star cluster discovered by Magellan.", "the outer arm of the Milky Way named after Magellan."], "probs": [[0.9370988109987265, 0.021697263427884562, 0.012459767835873908, 0.028744157637515057], [0.8729706281223911, 0.020853772021159175, 0.097945069587135, 0.008230530169314708], [0.9373219270314179, 0.02103489055019627, 0.007500270564729082, 0.03414291175365669], [0.9268218960321529, 0.02112666909489616, 0.04267661312798389, 0.009374821644967052], [0.9243712338218782, 0.052972740926393015, 0.00987579850496874, 0.012780226646759983], [0.934023667317848, 0.04873629913106536, 0.0074157513812983565, 0.009824282069788241], [0.0029933279444327833, 0.9860396695573768, 0.0045293652071648665, 0.006437637191025551], [0.0023150270521213076, 0.9868801114755499, 0.007075903346220244, 0.0037289580261085035], [0.001866191740487822, 0.004339325433173003, 0.9896539420305585, 0.004140540695780684], [0.000317080424145013, 0.0002568083389285883, 0.0010643067476857056, 0.9983618043892407], [0.002718235859282991, 0.010340245545499423, 0.9830169777457007, 0.003924540749516854], [0.0005147212706288529, 0.0006819724295461906, 0.0003323333548464323, 0.9984709728449785], [0.0015579725117373544, 0.9892265632806759, 0.004913201178188904, 0.004302262929397765], [0.0013747470646487277, 0.9890961357437821, 0.0063571969154187, 0.0031719201761505134], [0.00131383366225485, 0.004479871220212639, 0.9902529316584848, 0.003953363359047708], [0.00020466525860400858, 0.0003296513571518761, 0.0013877203926144525, 0.9980779628916296], [0.002159529123502077, 0.008150824310673497, 0.9872423964100003, 0.002447250055824037], [0.00041029613446277993, 0.0007786959637297174, 0.0005146283378562778, 0.9982963794639512], [0.008541183648106429, 0.9723293765433281, 0.01122862702097357, 0.007900812687591935], [0.008283717634107656, 0.9729377717011695, 0.009535692720052823, 0.009242817844670022], [0.005320126049124647, 0.007562127424876549, 0.9826722147497502, 0.004445531676248638], [0.000697976921420555, 0.0005652990282321454, 0.00039153441630617494, 0.9983451895340412], [0.003371444386012435, 0.005735505125998444, 0.9873870187198531, 0.0035060316681359764], [0.0006556496382150403, 0.0004233678840106091, 0.0006354780661275971, 0.9982855043116468]], "ideal": "A", "sampled": "A", "correct": true}}
{"type": "result", "data": {"idx": 13, "options": ["Actually water-ice is all over Mercury and not just at the poles.", "The pole is the only place fortunate enough to have had comet impacts", "Radar from the earth can only see Mercury's poles.", "These craters contain the only permanently shadowed regions on Mercury"], "probs": [[0.0018470819242408828, 0.0015925478570823742, 0.0014841959266849174, 0.9950761741919918], [0.00206593622208708, 0.004879587991498848, 0.9820579939592781, 0.010996481727136038], [0.0015678987232965991, 0.0011206737653217504, 0.0020771409193866435, 0.995234286491995], [0.0045603292701484315, 0.004596455274799206, 0.977119857021751, 0.013723358333301365], [0.0014226886490140344, 0.9845521208324276, 0.009134140194363111, 0.004891050224195256], [0.001677042738111329, 0.9851445760816117, 0.00865235331593635, 0.004526027764340715], [0.001545406087850133, 0.0006966347102873846, 0.001407118303896531, 0.996350840797966], [0.002302336593692195, 0.002394188518921014, 0.988744117492025, 0.006559357295361817], [0.0016441780796953686, 0.000915230087735599, 0.0016061105018514623, 0.9958344812307176], [0.003727537418035109, 0.00352940832777279, 0.978563862286236, 0.014179191867956053], [0.0011682758300002268, 0.9749974574529982, 0.01457041869463189, 0.0092638479223697], [0.0011643736242115978, 0.9793600706975386, 0.01157828824489285, 0.007897267333356911], [0.0012118462840859819, 0.0006589413005564273, 0.0027096798534334736, 0.9954195324619242], [0.003070775019997542, 0.0027743715925200316, 0.9877038810942893, 0.006450972193193096], [0.001363187311548529, 0.0011938192167570607, 0.0014855384057140169, 0.9959574549659804], [0.002162354603904679, 0.004760479711448659, 0.9808253969196102, 0.012251768665036432], [0.0009867951929290256, 0.9781659433542877, 0.012898084024200515, 0.007949177328582753], [0.0007318949251631943, 0.9762388883423483, 0.013385293415675981, 0.009643923216812457], [0.970778927093289, 0.007529436028521358, 0.015449186548059414, 0.006242450230130267], [0.9848712207226026, 0.005588823066513809, 0.005902942342292669, 0.0036370137685909037], [0.9853254030742434, 0.006797858096615864, 0.0034181291946428663, 0.004458609534497824], [0.9841992911123875, 0.007284605892604209, 0.0036630113707820395, 0.004853091524226288], [0.989155481084617, 0.004270304244891787, 0.0032998829348497086, 0.003274331635641412], [0.9793173837167486, 0.005778692409192188, 0.007655510808684852, 0.007248412965374345]], "ideal": "D", "sampled": "D", "correct": true}}
{"type": "result", "data": {"idx": 14, "options": ["Virgo", "Laniakea", "Sculptor", "Bo\u00f6tes"], "probs": [[0.00335642119646737, 0.9601541341655193, 0.025988912697401778, 0.010500531840611513], [0.0027633141640596576, 0.9609565918708972, 0.014031851871658505, 0.022248241993384647], [0.005629055867237672, 0.06004288384597673, 0.9246029754404904, 0.009725084746295158], [0.0013266575889407145, 0.003309532219226159, 0.003157629097987041, 0.992206180993846], [0.0035682299943854954, 0.04449617528059695, 0.9365588506335459, 0.015376743991471657], [0.0013763443841073853, 0.005359257678174036, 0.011081398685518853, 0.9821829991521998], [0.850194293724939, 0.07545903703945477, 0.04007318793972153, 0.03427348119588466], [0.8301067552470077, 0.06921156662709005, 0.02467693261704462, 0.07600474540885764], [0.7609310687976487, 0.16455465228155688, 0.04160509925104699, 0.03290917956974734], [0.7918081202931224, 0.15111332625309673, 0.02998853856323073, 0.027090014790550124], [0.7573011640268447, 0.1826967333813216, 0.01523330991876551, 0.044768792573068185], [0.7083225528937409, 0.20936509028821743, 0.064857360795031, 0.017454995923010613], [0.009700794621977241, 0.035762481088096, 0.944129816630349, 0.010406907559577747], [0.0024174425561303225, 0.0024557594941177307, 0.004411678641650471, 0.9907151192081015], [0.005890992138252377, 0.9677462201620186, 0.016650559758907998, 0.009712227840821016], [0.005379688715363373, 0.9705937964805094, 0.01763825574671584, 0.006388258957411417], [0.0035034775014018667, 0.005731684816940205, 0.003969875908545223, 0.9867949616731126], [0.008433184121613342, 0.05585585098473882, 0.930049232428955, 0.005661732364692866], [0.005836735756180071, 0.019287954067452467, 0.9512466643112157, 0.023628645765151668], [0.0024084194621661367, 0.002245127169674808, 0.008340425523273593, 0.9870060277448854], [0.004365873725921758, 0.9726852034496319, 0.009915222874559933, 0.013033699849886364], [0.0032034809742693326, 0.967918933693272, 0.020887089920312074, 0.007990495312146628], [0.0025106116010498326, 0.004654356123367598, 0.0033520269115902574, 0.9894830052639922], [0.007891802584723627, 0.05651690478750183, 0.9264372042706056, 0.00915408825716891]], "ideal": "B", "sampled": "B", "correct": true}}
{"type": "result", "data": {"idx": 15, "options": ["Venus", "Mars", "Jupiter", "Saturn"], "probs": [[9.506061693770608e-05, 0.0016849905700313413, 0.9967786614088479, 0.0014412873041830668], [2.2934237112679278e-05, 0.00043272812687216323, 0.16018396857093875, 0.8393603689650764], [0.00019483585977718228, 0.9958976011281765, 0.0008596578999766025, 0.003047905012069668], [0.00023167393093307239, 0.9971633119510402, 0.0012821182050589213, 0.0013228958129677343], [2.9718437498562757e-05, 0.0010233904876935653, 0.0008158086546383086, 0.9981310823201696], [0.00018704168418799726, 0.004639126705246704, 0.9939445594349893, 0.001229272075576015], [0.00025049972735219307, 0.0011314791749585699, 0.9969971883823248, 0.0016208326153644328], [5.559715736071922e-05, 0.00019254468614176824, 0.2627665912998166, 0.7369852667566809], [0.00045650694576413966, 0.9958596926194621, 0.0004897980590677348, 0.003194002275706083], [0.00047170726576606153, 0.9973044541898402, 0.001487442546946404, 0.0007363958974473318], [0.00018850695521090407, 0.013425277775943094, 9.259318420017413e-05, 0.9862936219846459], [0.0005485291894556527, 0.06003095294741578, 0.9389727831497825, 0.0004477346133460956], [0.9940982317011261, 0.001554279542430924, 0.0006478777799158855, 0.0036996108765271164], [0.9954765880330861, 0.0018773597879027455, 0.0014619949568101926, 0.0011840571222009539], [0.9939418651338421, 0.001459932393482058, 0.00020543827288106375, 0.004392764099794776], [0.9958598094521123, 0.0017100353997835502, 0.0018059772196198883, 0.0006241778284842551], [0.9971676983509186, 0.0020018988125548804, 0.00018046787443426192, 0.0006499348620923376], [0.9974463774448573, 0.001925739731010463, 0.0003589880507453956, 0.00026889467338679743], [0.00015211226368878628, 0.00016970368138570838, 0.001477393927206119, 0.9982007900277193], [0.0011650608009094606, 0.0023719852545388107, 0.9950353976523013, 0.0014275561922504172], [0.0007546263628705085, 0.0007971107349556649, 0.0001657728759793986, 0.9982824899261944], [0.0012580297259337755, 0.0044952086424925215, 0.9936971124072534, 0.0005496491243202079], [0.001417804638466562, 0.9962319820598026, 0.00039684743741699344, 0.0019533657643138335], [0.0011057624414149976, 0.9976356673918843, 0.0007903057887345935, 0.0004682642779661105]], "ideal": "C", "sampled": "C", "correct": true}}
