{"type": "result", "data": {"idx": 0, "options": ["Cryptocurrencies, Expensive, Secure, Financial Crime", "Traditional currency, Cheap, Unsecure, Charitable giving", "Cryptocurrencies, Cheap, Secure, Financial crime", "Traditional currency, Expensive, Unsecure, Charitable giving"], "probs": [[0.7513260236295992, 0.019877502385131893, 0.21864682654184886, 0.01014964734342002], [0.9143611336554964, 0.01315312760154797, 0.024757579358499985, 0.04772815928445564], [0.9359253212541364, 0.04812244848606334, 0.008968360307722533, 0.006983869852077732], [0.9365495148779714, 0.048152505497703425, 0.0098555097297577, 0.0054424697945673955], [0.9044737562245412, 0.01062062632314938, 0.010616930835276926, 0.07428868651703253], [0.6696964663827792, 0.020391250520928782, 0.3018659128026116, 0.008046370193680425], [0.0075620766932836345, 0.8284966967967627, 0.15309603553530718, 0.010845190874646492], [0.00999404657543261, 0.9295711343258297, 0.023245306250264802, 0.0371895127484729], [0.006774863000379397, 0.960948673358808, 0.024405694677284408, 0.007870768863528225], [0.005823112303834528, 0.9585386265815088, 0.012925938239995091, 0.022712322774661585], [0.012217382920251726, 0.019077713109305592, 0.9409390581993784, 0.02776584567106423], [0.013586051305237563, 0.01800440377547243, 0.9452845732385816, 0.0231249715807084], [0.967854970247571, 0.015176185306289393, 0.010840296673545573, 0.006128547672594077], [0.9637547381220133, 0.02002091756875208, 0.009828748432207133, 0.00639559577702746], [0.7933624637212019, 0.018667994656327513, 0.1798160877958307, 0.00815345372663993], [0.9215152734745229, 0.011699665004597355, 0.017150144038178435, 0.04963491738270125], [0.8299331330960739, 0.019683857138396803, 0.14198585302780697, 0.008397156637722336], [0.9354273623665749, 0.011692073129668957, 0.020352804917560707, 0.03252775948619545], [0.006766522166384927, 0.9453645102830431, 0.015020869266143192, 0.03284809818442872], [0.007224065358572982, 0.9184333221952591, 0.06490682906614612, 0.009435783280021858], [0.012154289143397575, 0.013885825573387066, 0.9287722533662937, 0.04518763181692173], [0.010102912415658704, 0.013813587333808533, 0.9533032427717125, 0.022780257378820282], [0.007149112287360851, 0.9377432914386411, 0.04554870197630245, 0.009558894197695584], [0.007401956224224816, 0.9488140316742776, 0.01708458251664647, 0.026699429484851094]], "ideal": "C", "sampled": "C", "correct": true}}
{"type": "result", "data": {"idx": 1, "options": ["Unsafe practices, Wants, Fear, Trivial", "Unsafe practices, Distress, Fear, Serious", "Safe practices, Wants, Jealousy, Trivial", "Safe practices, Distress, Jealousy, Serious"], "probs": [[0.010898339208248196, 0.9536507634964735, 0.008436321727898433, 0.027014575467379887], [0.014961471375553733, 0.9579369762139115, 0.00888219358535732, 0.018219358725177413], [0.03070988599795045, 0.02014923279402899, 0.9263133655108955, 0.022827515597124995], [0.027081772080790923, 0.021941156214756796, 0.9041705551663816, 0.0468065164380707], [0.1217687960757065, 0.06369157194167085, 0.7941886259770122, 0.020351005905610405], [0.23666018060260927, 0.08776621643485848, 0.623584405091245, 0.051989197771287216], [0.5475905452910428, 0.011549921527678269, 0.00745595840381096, 0.433403574677468], [0.7464240389058309, 0.018119357585591463, 0.18583775047729664, 0.049618852931281036], [0.3317943994775238, 0.010341000385836352, 0.6104315904420675, 0.0474330095945723], [0.0940610909151522, 0.012536007889045934, 0.8788625639462032, 0.014540337149598674], [0.6023180663674182, 0.008596785621879684, 0.3225478327711088, 0.06653731513959327], [0.4737760274119151, 0.0041340923486249195, 0.017534730398968225, 0.5045551497404918], [0.021885578239325954, 0.031854477725851295, 0.9093109639364428, 0.03694897999837994], [0.04828592816552009, 0.02646570141557595, 0.9113032431117796, 0.013945127207124361], [0.16332134936940013, 0.4441015107562767, 0.35127243890015136, 0.041304700874171846], [0.16216288867825382, 0.25517386765850125, 0.5660958416066283, 0.016567401956616653], [0.024631495507032992, 0.8971534598888053, 0.037877759271591434, 0.04033728523257027], [0.01924438566621488, 0.9142009512814013, 0.04239158657076694, 0.024163076381616848], [0.06773076205768386, 0.029829550531503816, 0.885445594699053, 0.016994092611759225], [0.27142259248351014, 0.014729275243221762, 0.7041146099449739, 0.009733522228294211], [0.5846250230867668, 0.12646602469806895, 0.14106780709607786, 0.14784114501908638], [0.6384443188176298, 0.12772690344512533, 0.19780927984533378, 0.036019497791911104], [0.3241535424862004, 0.03444123267783029, 0.5344987511100328, 0.10690647362593655], [0.12562118808694742, 0.02847971098763275, 0.8322364911860763, 0.013662609639343496]], "ideal": "B", "sampled": "B", "correct": true}}
{"type": "result", "data": {"idx": 2, "options": ["Employee rights", "Employee rights", "Employer duties", "Employee duties"], "probs": [[0.005580662967934543, 0.039355022950480406, 0.6550730772443962, 0.2999912367371888], [0.0007152526115886755, 0.007872910431402423, 0.9838406088232593, 0.007571228033749559], [0.003930246200841627, 0.3247435774962236, 0.4948265527458952, 0.17649962345703957], [0.003031526530978717, 0.13197890712230576, 0.8082364367728488, 0.05675312947386671], [0.0007307360242438376, 0.9828476957398332, 0.010489292793042922, 0.005932275342879983], [0.001010993075972504, 0.9872525839323835, 0.0060504153816384205, 0.005686007510005644], [0.005580662967934543, 0.039355022950480406, 0.6550730772443962, 0.2999912367371888], [0.0007152526115886755, 0.007872910431402423, 0.9838406088232593, 0.007571228033749559], [0.003930246200841627, 0.3247435774962236, 0.4948265527458952, 0.17649962345703957], [0.003031526530978717, 0.13197890712230576, 0.8082364367728488, 0.05675312947386671], [0.0007307360242438376, 0.9828476957398332, 0.010489292793042922, 0.005932275342879983], [0.001010993075972504, 0.9872525839323835, 0.0060504153816384205, 0.005686007510005644], [0.018289095504375394, 0.07822360403555648, 0.49040301567341205, 0.4130842846866561], [0.0060490538893508625, 0.03975835910946905, 0.9118735414098952, 0.04231904549128489], [0.018289095504375394, 0.07822360403555648, 0.49040301567341205, 0.4130842846866561], [0.0060490538893508625, 0.03975835910946905, 0.9118735414098952, 0.04231904549128489], [0.0035113191702410623, 0.9819880725257628, 0.007730180398656542, 0.0067704278053395805], [0.0035113191702410623, 0.9819880725257628, 0.007730180398656542, 0.0067704278053395805], [0.8142022520018599, 0.07457755533075194, 0.04117320120359945, 0.0700469913637887], [0.5815007545226647, 0.04590942971541112, 0.3526917014197873, 0.01989811424213693], [0.8142022520018599, 0.07457755533075194, 0.04117320120359945, 0.0700469913637887], [0.5815007545226647, 0.04590942971541112, 0.3526917014197873, 0.01989811424213693], [0.8998934141681809, 0.09197483461217729, 0.004834703374911806, 0.0032970477447299986], [0.8998934141681809, 0.09197483461217729, 0.004834703374911806, 0.0032970477447299986]], "ideal": "D", "sampled": "D", "correct": true}}
{"type": "result", "data": {"idx": 3, "options": ["Presenteeism", "Absenteeism", "Work-play balance", "Work-life balance"], "probs": [[0.00010573834285513706, 0.0003440974094890605, 0.005465128904244796, 0.994085035243411], [0.001035123387189659, 0.0031642334748368172, 0.9941590045422128, 0.0016416384957606165], [0.0002282931952556087, 0.001324469915386429, 0.00015694148817052363, 0.9982902953011874], [0.0014719067567696765, 0.009601964437710307, 0.9870500382033903, 0.0018760905021296525], [0.0013400858868533134, 0.995679480837651, 0.0015073778346813259, 0.0014730553408143093], [0.00111081503735977, 0.9955904573513376, 0.0016811974655782998, 0.0016175300457244102], [9.563432879117198e-05, 0.13472145862502727, 0.013966765323864655, 0.851216141622317], [0.00027989288779991687, 0.052532252349555976, 0.9455124737919501, 0.0016753808706939937], [8.521901369240597e-05, 0.0016336372435618572, 0.001087861839462486, 0.9971932818032833], [0.00048262942658163936, 0.007791639223916367, 0.9889476195544616, 0.0027781116950403844], [0.0004423302545394641, 0.9883835306045886, 0.009605173239329585, 0.001568965801542345], [0.0005270942299348504, 0.9920480161393224, 0.0029398658977710873, 0.004485023632971636], [0.0012925809201780269, 0.0007842836140252955, 0.00012508884839369281, 0.997798046517403], [0.0037674199613246576, 0.005483487206151983, 0.9894051887756574, 0.0013439039568658685], [0.001848590354260237, 0.0004938845323340266, 0.0013010797400553743, 0.9963564452733503], [0.003541359501105748, 0.0041095393520764875, 0.9901318651825475, 0.002217235864270299], [0.0029193327779419103, 0.993363325189565, 0.00244073189679404, 0.0012766100356990191], [0.004050193633970876, 0.9929483076470706, 0.0010253097390694576, 0.001976188879888976], [0.9990195250607233, 0.0007380717293951492, 0.00011315998183539126, 0.00012924312804607875], [0.9989740587941748, 0.0007497257841454406, 0.00013756141109287593, 0.00013865391058687614], [0.9980809291065132, 0.0008756550029421397, 0.0008096187635117839, 0.00023379702703281473], [0.9989522942683371, 0.000621571570180113, 0.0001865658314954752, 0.00023956822998729576], [0.9989252056544019, 0.0007097363522136781, 0.00020170260948376118, 0.00016335528390068504], [0.998825969915455, 0.0008105787004052746, 0.00014872927606690187, 0.00021472200807275273]], "ideal": "D", "sampled": "D", "correct": true}}
{"type": "result", "data": {"idx": 4, "options": ["Industrial supply loops", "Industrial ecosystems", "Ecological ecosystems", "Corporate ecosystems"], "probs": [[0.0015856482304315762, 0.9692385613203163, 0.015888812703221608, 0.013286977646030521], [0.0015236447397469464, 0.9685336096733778, 0.012077987807811916, 0.01786475767906334], [0.0018035672842363652, 0.9725567700902757, 0.0163282230537104, 0.00931143947177751], [0.0019660490016228764, 0.9579805322128616, 0.016080541849103517, 0.023972876836411975], [0.0026768548016121497, 0.7606189668371408, 0.20768287152829254, 0.02902130673295455], [0.002902538448077461, 0.8918650062111843, 0.07543594819712635, 0.02979650704361189], [0.9022120395564471, 0.015655384570582787, 0.05334336796814312, 0.028789207804826997], [0.8800982424502818, 0.014917622638403953, 0.0769021229450512, 0.028082011866263103], [0.9209716464929556, 0.026973329908820214, 0.008960782691250694, 0.04309424080697343], [0.8842316137229563, 0.04073670072838545, 0.06608527799652861, 0.008946407452129636], [0.7447219053307139, 0.03248716699874047, 0.009231729821683627, 0.213559197748862], [0.8235707512299458, 0.05520678465280287, 0.11320807354905324, 0.008014390468198037], [0.22849360234278732, 0.020931941138681225, 0.7262916727357991, 0.024282783682732376], [0.7215837060107946, 0.017514343451716662, 0.21329335607708047, 0.0476085943604083], [0.8687992928484832, 0.04396620814110953, 0.008857989601252423, 0.0783765093091548], [0.8713722723165022, 0.04841957143358406, 0.06932029521194734, 0.010887860937966445], [0.06387014778622359, 0.10219133046734417, 0.004247993757378103, 0.8296905278890541], [0.7563462761103048, 0.23096871094089624, 0.007894151747718825, 0.004790861101080096], [0.11840567824852813, 0.017339043446677346, 0.8483462992084025, 0.015908978996391984], [0.8998709076065153, 0.011331029678403015, 0.06518420086310928, 0.023613861751972394], [0.8440737133881447, 0.04840113256566043, 0.009752175088543199, 0.09777297885765163], [0.7880922327605263, 0.055354135369954816, 0.14806599486065627, 0.00848763690886265], [0.6552243066234137, 0.015415191729660913, 0.004737908796885834, 0.32462259275003963], [0.9321121252720114, 0.024849492475120676, 0.03557916008176126, 0.007459222071106679]], "ideal": "B", "sampled": "B", "correct": true}}
{"type": "result", "data": {"idx": 5, "options": ["Power imbalance, Benefits, Hoodwinked", "Power imbalance, Resources, Co-opted", "Informational asymmetries, Benefits, Hoodwinked", "Informational asymmetries, Resources, Co-opted"], "probs": [[0.04225555838412355, 0.8378811540203936, 0.05779682887361268, 0.0620664586218701], [0.05643185290612551, 0.8578988408694694, 0.049455110531441054, 0.03621419559296395], [0.27695181601954355, 0.04703276170090887, 0.6645808728640051, 0.01143454931554248], [0.1439641895142221, 0.06857345405817021, 0.5607938295219439, 0.22666852680566377], [0.22445939025019812, 0.08391835557909894, 0.6808716064373335, 0.010750647633369479], [0.35394218692347823, 0.35434204468440356, 0.044327315103774564, 0.2473884531883436], [0.5173522209354571, 0.03134490907183832, 0.015154735113120729, 0.4361481347795839], [0.4596618941016997, 0.02872440175835538, 0.41215010859197376, 0.09946359544797116], [0.3277914578700903, 0.019694600582484265, 0.6419746386693902, 0.010539302778035217], [0.3414656481386606, 0.015487331722387187, 0.5631669696248386, 0.07988005041411364], [0.7380695010361893, 0.036475493639606824, 0.21484212854247928, 0.010612876681724656], [0.5755151402465084, 0.039493343984608124, 0.04106732753500703, 0.34392418813387643], [0.00791942700664481, 0.6707766651436462, 0.30672383305343404, 0.014580074696274918], [0.01760778014564957, 0.8365713037607817, 0.04826314505216668, 0.09755777094140199], [0.021646617308755216, 0.8592749225002173, 0.0933427595495504, 0.0257357005414771], [0.021459540150221806, 0.9067622337816421, 0.03797877544177166, 0.03379945052636443], [0.00935260610253512, 0.13862887488282688, 0.6406347369719883, 0.21138378194264973], [0.008319516595668205, 0.11766308446265596, 0.8423533964235078, 0.03166400241816796], [0.03551138228439931, 0.02223283633792211, 0.9306319450373068, 0.011623836240371782], [0.45723314537028975, 0.04529601028740541, 0.08730078588231269, 0.4101700583599921], [0.01382774976251346, 0.933851135402701, 0.03398030080033015, 0.01834081393445536], [0.012559522440609617, 0.9461267263551443, 0.014695653184021728, 0.02661809792022433], [0.010625005917492065, 0.01262476024186396, 0.8849102856511649, 0.091839948089479], [0.009781702803244084, 0.012762514440953025, 0.96743819911827, 0.010017583537532834]], "ideal": "B", "sampled": "B", "correct": true}}
{"type": "result", "data": {"idx": 6, "options": ["hedonistic utilitarianism", "preference utilitarianism", "The Categorical Imperative", "ethics of care"], "probs": [[0.3576219704212401, 0.512943688825213, 0.07321843558725502, 0.0562159050662919], [0.3530044568461499, 0.5304886121908143, 0.0647932144368214, 0.05171371642621434], [0.2848280540645777, 0.28950198187755405, 0.3600365656237921, 0.0656333983340762], [0.2876702887675131, 0.3420761874285423, 0.07273717332257394, 0.29751635038137064], [0.1930486574058056, 0.16387544692811332, 0.5763205332203604, 0.06675536234572073], [0.2877206930701616, 0.12093124332997462, 0.35248272203032216, 0.23886534146954158], [0.6289168863679514, 0.09134754806266067, 0.21394040062685113, 0.06579516484253674], [0.6620038895094872, 0.08891972352240764, 0.16998738428712354, 0.07908900258098164], [0.5461552575830265, 0.2541881723689709, 0.1402191179785247, 0.059437451969477806], [0.561956605331902, 0.24972453151100063, 0.07663514004757345, 0.11168372300952391], [0.5234086415503422, 0.15475488909360538, 0.27572640260296505, 0.046110066653087395], [0.5454008023297828, 0.14573103296589154, 0.23086069693984193, 0.0780074676644837], [0.09665696562904069, 0.4687912517202588, 0.3168946040979362, 0.11765717845276433], [0.08236741457877104, 0.542160105848339, 0.08045034289562138, 0.2950221365772686], [0.055461137454603106, 0.6928588749678697, 0.13307457020771762, 0.1186054172698096], [0.05967231183159139, 0.6531428791397766, 0.07664388531639482, 0.21054092361223709], [0.06807086159623127, 0.10971675076392777, 0.6560854471208538, 0.16612694041898712], [0.09777965524825072, 0.1358583392834411, 0.6086443014112304, 0.15771770395707782], [0.04529015449487336, 0.5877228624398173, 0.28615768035425104, 0.08082930261105825], [0.03925806977026966, 0.6198226139266266, 0.11267236891939035, 0.22824694728371342], [0.037414957771809754, 0.7642577912447184, 0.12079129957009681, 0.07753595131337507], [0.04221661871069329, 0.7211402245932207, 0.10208802190376724, 0.13455513469231875], [0.053922487673061445, 0.2894729289280105, 0.4767218983673599, 0.17988268493156817], [0.05788248598347829, 0.32061628578953477, 0.47342826518470754, 0.14807296294227937]], "ideal": "B", "sampled": "B", "correct": true}}
{"type": "result", "data": {"idx": 7, "options": ["The only social responsibility of business is to its shareholders", "Managers should act in ways that balance the interest of society and shareholders", "The primary responsibility organizations have is to its employees", "The primary responsibility organizations have is to its stakeholders"], "probs": [[0.9955648978255608, 0.002819267920298015, 0.00038448862243426217, 0.001231345531706963], [0.994964453638756, 0.0032940249225469733, 0.0009217707831066871, 0.0008197505555903228], [0.9964462942639635, 0.0019242694501901652, 0.0004534191024409605, 0.0011760170834054344], [0.9963863045182239, 0.0019092680008162461, 0.000908737899374794, 0.0007956894815850881], [0.9955729102297276, 0.003321953535512519, 0.00044602478093517866, 0.0006591113538246548], [0.9964789248303442, 0.0024710877571291, 0.00026041033812631794, 0.0007895769744004158], [0.0007870567772787845, 0.9946045628185639, 0.0017060449479334165, 0.002902335356223885], [0.0007513060220964714, 0.9947806136946884, 0.0026225601682114204, 0.0018455200150037222], [0.0005946846176402167, 0.0023160637151713897, 0.9944852310346146, 0.0026040205325737306], [0.00016333140073520816, 0.00020172608856827262, 0.0004689250237066104, 0.99916601738699], [0.0006328781660086816, 0.0035034937645277843, 0.9942966792364532, 0.001566948733010428], [0.00022325990924326332, 0.00034052645405972874, 0.00017940925194923164, 0.9992568042847477], [0.0008758198004322799, 0.9915810026876061, 0.002917173667757693, 0.004626003744203897], [0.0008231487121474979, 0.9919988052802786, 0.004213123174341867, 0.002964922733231971], [0.0005496884799303202, 0.0022434520490365244, 0.9939170666226181, 0.003289792748414971], [0.00023567167643195604, 0.00033502022279459094, 0.0008225489436569798, 0.9986067590571165], [0.00046698137024060125, 0.0025449022181555448, 0.9949109966921266, 0.002077119619477241], [0.0002865936483880458, 0.0005110104505617501, 0.0002650678425043091, 0.9989373279585458], [0.0010104732899487785, 0.9941311464916291, 0.0028791211642219127, 0.001979258954200151], [0.001026177541128292, 0.994040782491734, 0.0022070971212606216, 0.0027259427458770484], [0.0008518285110927843, 0.0027505418997686394, 0.9945072115649107, 0.001890417924227812], [0.0003197547549087267, 0.00032488366507884756, 0.00025896197137153306, 0.9990963995086409], [0.0006694414955754427, 0.0020148497990944898, 0.9956967781644108, 0.0016189304409192054], [0.0002980697535033573, 0.000221566153177197, 0.00033514105128544525, 0.999145222942034]], "ideal": "A", "sampled": "A", "correct": true}}
{"type": "result", "data": {"idx": 8, "options": ["Legal, Interactions, Mechanics", "Civil, Relations, Outcomes", "Political, Interactions, Outcomes", "Environmental, Relations, Mechanics"], "probs": [[0.07559096953245147, 0.2946357185589877, 0.6042322628384142, 0.0255410489701466], [0.10877079758683217, 0.28034866479995263, 0.053033263671308686, 0.5578472738419065], [0.08358759120807163, 0.5417752063561408, 0.3035782760235225, 0.07105892631226504], [0.04059774206909401, 0.298187952391338, 0.0393646262310057, 0.6218496792085623], [0.2702358637644211, 0.029416778779284666, 0.2746171627420388, 0.42573019461425543], [0.1472516826728507, 0.04157355489275693, 0.6811107497891767, 0.1300640125452156], [0.0150508605408573, 0.7210929594518263, 0.23014219745952133, 0.03371398244779507], [0.013378332579503922, 0.7266196722858718, 0.03843650654823847, 0.2215654884863858], [0.028546119478140543, 0.20147118233047775, 0.7482477523341086, 0.02173494575727309], [0.0324503456111271, 0.046175241024798024, 0.007651282703818316, 0.9137231305602566], [0.032837794695690474, 0.025406361759432942, 0.7419459554680996, 0.19980988797677698], [0.07209304538376153, 0.021841941245252083, 0.10493662283141988, 0.8011283904395665], [0.03269974356154187, 0.6952412983149304, 0.23254211608585057, 0.03951684193767713], [0.027788811723195746, 0.7478944410704239, 0.023072174891020533, 0.2012445722153598], [0.023739853208191095, 0.03917620221200159, 0.912379477667296, 0.024704466812511323], [0.07067890770638373, 0.020590596790660037, 0.004774996751476673, 0.9039554986514795], [0.0549973231591219, 0.02242245417986593, 0.8540766540572113, 0.06850356850380086], [0.1310612140226507, 0.012017512018897017, 0.29552210007354324, 0.561399173784909], [0.012114969736335243, 0.7451802940905983, 0.06011979799785307, 0.18258493807521342], [0.01530947736144714, 0.857493818011101, 0.06653909104251046, 0.06065761348494138], [0.021065400715064363, 0.03587236221639869, 0.7664773988099081, 0.17658483815862888], [0.0400206625417709, 0.10150284875095285, 0.04679731937034874, 0.8116791692369275], [0.02796165035199696, 0.04301430120330773, 0.8174682654632021, 0.11155578288149322], [0.043068233517098424, 0.030092118796433195, 0.07384907286185086, 0.8529905747246175]], "ideal": "B", "sampled": "A", "correct": false}}
{"type": "result", "data": {"idx": 9, "options": ["Dynamic", "Fluid", "Flexible", "Modern"], "probs": [[0.01370242604719931, 0.5883357303569331, 0.391478444239347, 0.006483399256520625], [0.032277404988219585, 0.7497925098718694, 0.010093369435589675, 0.20783671560432135], [0.02353906099843865, 0.05924228647180599, 0.9122016535183171, 0.0050169989114383145], [0.05640296223779256, 0.04332174042590084, 0.001758946675149802, 0.8985163505611568], [0.006340647024987512, 0.005963391976463679, 0.9199994749586866, 0.0676964859398622], [0.0019230142992845106, 0.0014527973866868187, 0.014892472059132213, 0.9817317161548965], [0.5797532304937071, 0.14221270665840594, 0.27400065123710793, 0.004033411510779027], [0.768314920905182, 0.07389404443401537, 0.001451796204389562, 0.15633923835641297], [0.3625796647950051, 0.5122172534080031, 0.11964755455509303, 0.005555527141898802], [0.28670247181777836, 0.6583641578541372, 0.007300777346564251, 0.0476325928815202], [0.6879669433768572, 0.010621270185059581, 0.014395180786119491, 0.2870166055519638], [0.4390695331309105, 0.015036712189051102, 0.49004625584621714, 0.05584749873382127], [0.08832917295179563, 0.028480517069422253, 0.8790232021594697, 0.0041671077193123724], [0.04770225448066714, 0.006668226498530036, 0.0006202099337717144, 0.9450093089870311], [0.005335698351964484, 0.9205070107051979, 0.067609488736938, 0.006547802105899553], [0.0065683946251574, 0.9475665722866748, 0.01772334433066691, 0.02814168865750084], [0.008204888880186927, 0.0023898518201960436, 0.002140944210654794, 0.9872643149889623], [0.0368498553090708, 0.011076531052066203, 0.9075900053300504, 0.044483608208812545], [0.0016565219621446007, 0.01796923988834884, 0.7284463800183555, 0.25192785803115103], [0.00051607463706622, 0.0036692308640812786, 0.02466891265007933, 0.9711457817487732], [0.0014087967625669377, 0.6660736823387217, 0.19947922302083854, 0.13303829777787282], [0.0012807469938030372, 0.4532996193211001, 0.4969363025627142, 0.048483331022382656], [0.001168160565375183, 0.08070472447634981, 0.03661713701874056, 0.8815099778395344], [0.0013578547015249294, 0.12143188340436652, 0.8421639977705367, 0.03504626402357175]], "ideal": "C", "sampled": "B", "correct": false}}
{"type": "result", "data": {"idx": 10, "options": ["Breadth, Clarity, Accuracy", "Disclosure, Detail, Accuracy", "Disclosure, Clarity, Accuracy", "Disclosure, Clarity, Efficiency"], "probs": [[0.016264050637336464, 0.0820211759256331, 0.8678047159109504, 0.03391005742607999], [0.033316152416153606, 0.05672474302744734, 0.01478780361772178, 0.8951713008386772], [0.016651262898853204, 0.24113104141235, 0.7083017783437818, 0.0339159172450149], [0.03363255736806867, 0.33492616079408516, 0.04353230122726884, 0.5879089805105773], [0.035520039495253994, 0.032874859866192645, 0.22809815404518335, 0.70350694649337], [0.012299244420353574, 0.03424785062575072, 0.8969926248436816, 0.056460280010214095], [0.017410263792376025, 0.2139448202228295, 0.7464549307996691, 0.02218998508512537], [0.02890796692078656, 0.3039459202894815, 0.08109073113516999, 0.5860553815545619], [0.008189815813494643, 0.7384275600730816, 0.22146900908564002, 0.03191361492778368], [0.017684718032200546, 0.8539635863840063, 0.04773303342233558, 0.08061866206145764], [0.024992073137889554, 0.1805379538498398, 0.18325564275199513, 0.6112143301602755], [0.017210758223694705, 0.23230105314339858, 0.7040442581687064, 0.04644393036420025], [0.1952736192136633, 0.2047672233382881, 0.5652110470785666, 0.03474811026948201], [0.23758203422870963, 0.3353971244414439, 0.09161879940476944, 0.33540204182507705], [0.2258011748967534, 0.28568247596333224, 0.4422591725054504, 0.04625717653446403], [0.35725604419544943, 0.35209630867011105, 0.09923349024157338, 0.1914141567928661], [0.2949295738579676, 0.0508696118610389, 0.3448776121982961, 0.3093232019826974], [0.27812396959183483, 0.04872923625650165, 0.5707935583990443, 0.10235323565261922], [0.042835370340167093, 0.10202168079222776, 0.19966315028553058, 0.6554797984820746], [0.020404314202176584, 0.10450649046305185, 0.80270807282462, 0.07238112241015159], [0.045525165103486157, 0.09347160507815681, 0.11357263897611833, 0.7474305907422387], [0.023476370690771638, 0.1532045127695335, 0.7656358787593819, 0.057683237680313026], [0.01767650872971245, 0.4564810982759545, 0.17578743707801167, 0.35005495581632134], [0.02317535798650185, 0.5493242399834364, 0.1837763275663215, 0.2437240743637402]], "ideal": "C", "sampled": "C", "correct": true}}
{"type": "result", "data": {"idx": 11, "options": ["Indistinguishable, Perpetual, Does not own its own assets", "Independent, Limited, Owns its own assets", "Independent, Perpetual, Owns its own assets", "Indistinguishable, Perpetual, Owns its own assets"], "probs": [[0.3038392274123805, 0.08115504439391626, 0.4780292964090915, 0.1369764316846118], [0.2967768730840797, 0.09267282864791694, 0.5632186762254188, 0.04733162194258456], [0.12364190447161263, 0.11437760696526186, 0.711620130717518, 0.05036035774560752], [0.30338797422277886, 0.1325623710702771, 0.4414454167855222, 0.12260423782142184], [0.1070771273084188, 0.08606058062068357, 0.743400552822844, 0.06346173914805356], [0.09230544761038076, 0.0840732933524106, 0.6983722111768101, 0.1252490477603985], [0.38815717800856253, 0.06487823095795403, 0.5223404022620078, 0.024624188671475592], [0.250676803245606, 0.23554793785994335, 0.39439831984872514, 0.11937693894572551], [0.13377822535553244, 0.6339996863565732, 0.07685120173963692, 0.15537088644825742], [0.12038674356230819, 0.7158300813190125, 0.07962158169707026, 0.08416159332160901], [0.1561194578902524, 0.4414797324162197, 0.27189551016482516, 0.13050529942870276], [0.3114026579367448, 0.1298479029361071, 0.5297796883583678, 0.028969750668780336], [0.28917034218750415, 0.06109913921251812, 0.6316689577655895, 0.018061560734388287], [0.3990903734897282, 0.12758740591341808, 0.08631206919414848, 0.3870101513027052], [0.3571037907864999, 0.4177555692774029, 0.16353383475917826, 0.061606805076918895], [0.33176566897263227, 0.42635603978313374, 0.1592327737248855, 0.08264551741934845], [0.3079046606709612, 0.12639030812906935, 0.2717471122469952, 0.2939579188529742], [0.2621492479387125, 0.05896294565792209, 0.6591368998933046, 0.01975090641006078], [0.189568865831031, 0.09684626937520373, 0.6617483619264444, 0.051836502767320866], [0.1862472933250823, 0.07950279293538116, 0.6203623552081041, 0.11388755843143242], [0.31759216668427626, 0.16480798649314066, 0.44096322857731435, 0.07663661814526876], [0.22391808531246243, 0.17445873112257307, 0.528906714764396, 0.07271646870056854], [0.2490812241234383, 0.30058370829101877, 0.2736040814605385, 0.17673098602500442], [0.08264270017613203, 0.20305856402290387, 0.6761501707863122, 0.03814856491465185]], "ideal": "C", "sampled": "B", "correct": false}}
{"type": "result", "data": {"idx": 12, "options": ["Private services, social, economic and environmental", "Public services, social, cultural and environmental", "Private services, cultural, economic and environmental", "Public services, social, economic and environmental"], "probs": [[0.4143877654102338, 0.03273713101721996, 0.0029972973314105686, 0.5498778061411357], [0.021978012396505812, 0.026941848333125382, 0.942265078382887, 0.008815060787481805], [0.006274070725628483, 0.0023831165070627184, 0.02969952516144874, 0.96164328750586], [0.08533678147334564, 0.015069750037876561, 0.8894779623282583, 0.010115506060519548], [0.22455349028968338, 0.7615170802526541, 0.010266140539733331, 0.0036632888179292163], [0.3193760750987546, 0.6672637930600395, 0.004969184657184549, 0.008390947084021395], [0.5899547568909218, 0.0034551061876866907, 0.0008079392218364273, 0.4057821975995551], [0.04547155832092574, 0.019411116032042618, 0.9279758544689359, 0.0071414710780957034], [0.4004679053656229, 0.0031808861765130836, 0.003988740529382263, 0.5923624678284818], [0.06247814040019779, 0.013202797063667249, 0.9183676995140494, 0.005951362922085509], [0.025136211369470106, 0.967170874232791, 0.005314814748711327, 0.0023780995490275915], [0.02159046818638073, 0.9712790298586045, 0.003966738245996098, 0.003163763609018731], [0.012637481540913058, 0.35571663209928506, 0.5087975664852821, 0.12284831977451979], [0.02295155217182026, 0.5612424496490538, 0.40379562142597425, 0.012010376653151689], [0.022639312185159063, 0.8057409048130165, 0.06350225304180528, 0.10811752986001917], [0.011573420362106355, 0.13357564258233565, 0.8438898574358171, 0.01096107951974083], [0.03240742185691339, 0.8841748898648298, 0.05020615495392903, 0.03321153322432768], [0.017982683236650157, 0.4942101605575779, 0.4711673635905987, 0.016639792515173266], [0.9826856669843598, 0.005535553107111203, 0.009560013944435144, 0.0022187658640939146], [0.9914899015209339, 0.002618425022363806, 0.0005617236438652429, 0.005329949712837042], [0.988616297404097, 0.006563329132279569, 0.002910915034914076, 0.0019094583287093741], [0.9890943436894283, 0.006415745416814182, 0.0018371487300001964, 0.0026527620637573834], [0.9817329743545221, 0.0029831935382036204, 0.004373055060603166, 0.010910776946671035], [0.8410466132365364, 0.005451668867865808, 0.15080316040230443, 0.002698557393293292]], "ideal": "D", "sampled": "D", "correct": true}}
{"type": "result", "data": {"idx": 13, "options": ["Predatory pricing", "Deceptive pricing", "Price fixing", "Skimming"], "probs": [[0.0018576143304707368, 0.9138377696819956, 0.010681307866056146, 0.07362330802147748], [0.0014969617976256875, 0.9449653711649328, 0.03794635733730302, 0.015591309600138388], [0.0008638200605408425, 0.013209188925411772, 0.9702467143818471, 0.015680276532200305], [0.0002162820131014569, 0.0012451322787512236, 0.007160651385644121, 0.9913779342225032], [0.0013386443822615175, 0.029098678252499826, 0.963464973195214, 0.0060977040700246924], [0.0002406220813879293, 0.001923258593729457, 0.0013631328906787965, 0.9964729863342038], [0.7198447719083981, 0.15853972850722012, 0.009360265004694307, 0.1122552344796874], [0.6606249151032574, 0.1621463134522797, 0.1671164318089296, 0.010112339535533265], [0.7064201142958059, 0.02829799577667339, 0.1602206656147792, 0.10506122421274147], [0.80147501514204, 0.026408976721735096, 0.11922828363362092, 0.05288772440260402], [0.7605280668916019, 0.07542147127919141, 0.15222456339374743, 0.011825898335459281], [0.893669151632841, 0.055506167512585185, 0.005937904273740707, 0.04488677648083313], [0.0006849519163425725, 0.026745354031785375, 0.949705468860354, 0.022864225091518007], [0.00024286551565687182, 0.0024925031365850116, 0.006984887755891989, 0.9902797434918661], [0.0017706362866202932, 0.9360030205363973, 0.03580100572691492, 0.026425337350067482], [0.0017038911370790423, 0.9512603555508169, 0.02560985720525915, 0.021425896006844893], [0.00018843204677449916, 0.0012782419280960478, 0.004320886670194357, 0.9942124392549351], [0.001161446827743327, 0.01804435857612596, 0.9696812087978219, 0.011112985698308705], [0.0009767820130320562, 0.039356516672699626, 0.9532437469070089, 0.006422954307259442], [0.00020105186553565454, 0.0022485386574381005, 0.0009972866389169437, 0.9965531227381093], [0.0024829596561275202, 0.9305624223822809, 0.05518827111596096, 0.011766346745630542], [0.0035440554735334823, 0.9573943175742959, 0.011996844417488106, 0.02706478243468253], [0.00013939432522390742, 0.0008087619021020081, 0.001724551151473543, 0.9973272925212006], [0.0009446839344232395, 0.012649321471593497, 0.9738577848480174, 0.012548209645965869]], "ideal": "B", "sampled": "B", "correct": true}}
{"type": "result", "data": {"idx": 14, "options": ["Normative, Descriptive and Economic", "Normative, Moral and Instrumental", "Political, Descriptive and Instrumental", "Normative, Descriptive and Instrumental"], "probs": [[0.009499461028779571, 0.8052485681578947, 0.04978605427396515, 0.13546591643936062], [0.0063513932505386665, 0.782941232862761, 0.19157916600222255, 0.01912820778447781], [0.08258291148500782, 0.04636018619162743, 0.7657670802803398, 0.10528982194302498], [0.06529265836100497, 0.06741532883611681, 0.7245701766651548, 0.14272183603772345], [0.007639115419398622, 0.6174003870294366, 0.35690169326329324, 0.018058804187871515], [0.00900369585487584, 0.8186688858271106, 0.1097408809546923, 0.06258653726332127], [0.13236684997272902, 0.49273079261672414, 0.04166745363006961, 0.33323490368047726], [0.023726768031521475, 0.3056985281893073, 0.656939239032961, 0.013635464646210089], [0.1340290203789747, 0.03525726242500891, 0.5916039545407699, 0.23910976255524646], [0.09321149663393423, 0.034578126757702325, 0.8442129100290025, 0.027997466479360987], [0.03896492121740343, 0.48673030898949, 0.45686155895286074, 0.017443210740245862], [0.10083056728575648, 0.7294676060359827, 0.057050316557745194, 0.11265151002051556], [0.013964391551256016, 0.12171851372494996, 0.7687923955812744, 0.09552469904251958], [0.012146397036355424, 0.12670423584801438, 0.787837238055254, 0.07331212896037621], [0.03400120341444962, 0.3690684359341408, 0.13037333668199816, 0.4665570238694114], [0.01773488598651556, 0.29805542183698963, 0.601482115907219, 0.08272757616927583], [0.016515971212879538, 0.2775412367031336, 0.5428255523392465, 0.16311723964474048], [0.013528478682262238, 0.21020945003982097, 0.7332335395668883, 0.043028531611028493], [0.30796593940846556, 0.22551373023077173, 0.4554698841176482, 0.011050446143114472], [0.388552743498787, 0.4623494010001186, 0.037615141637880885, 0.11148271376321352], [0.33838407889932304, 0.21529420386051815, 0.4347363841991208, 0.01158533294103796], [0.4705390999852149, 0.39699478010986416, 0.024001451907071623, 0.10846466789784931], [0.14628352468590844, 0.027498463626969345, 0.7911849749799601, 0.03503303660716211], [0.2601965876342584, 0.02638618745586281, 0.6966465477328025, 0.016770677077076294]], "ideal": "D", "sampled": "D", "correct": true}}
{"type": "result", "data": {"idx": 15, "options": ["Work-life balance", "Healthy and safe working conditions", "Employee privacy", "Free Speech"], "probs": [[0.0023115463520255687, 0.9942969664947994, 0.0018009502646561702, 0.0015905367885189245], [0.0016537392716307136, 0.9949198488148155, 0.002243322348001936, 0.0011830894655518126], [0.0010678358622928739, 0.0030662801276796535, 0.9939318041571509, 0.00193407975287664], [0.0001894921902457633, 0.00014877497363929422, 0.00026308891876699865, 0.9993986438173479], [0.0008646837219680876, 0.003967571332005626, 0.9938176950553249, 0.0013500497907013818], [0.00021303740500056505, 0.00024914015123549225, 0.0001595672692727845, 0.9993782550744912], [0.998423957427719, 0.001073482535665442, 0.0001595127092411723, 0.00034304722737436356], [0.9982802288995106, 0.001225599977965095, 0.00024128171234742338, 0.0002528893101768068], [0.9985476566773224, 0.0010569090246536766, 0.0001463879370387615, 0.0002490462609851378], [0.9984307871758255, 0.0011605031999900011, 0.0001711154136311193, 0.00023759411055336834], [0.9981725311725107, 0.00145536182291216, 0.00013640372562379944, 0.00023570317895332734], [0.9984675057542761, 0.0012163145449492463, 9.982316399442485e-05, 0.00021635643678019539], [0.0005810892215993883, 0.0027083148667915637, 0.9947749188273849, 0.0019356769842241697], [9.308196230015102e-05, 0.00013336497986936067, 0.00038579244478176224, 0.9993877605130487], [0.001210831714711687, 0.9952814439470675, 0.0018902866635395344, 0.0016174375746812683], [0.0009881050819317105, 0.9950396426722148, 0.0024648919415166154, 0.0015073602043368993], [0.00012235448520122916, 0.00023961975807282245, 0.00020490173969026613, 0.9994331239170356], [0.0003393699730615206, 0.002411720003453836, 0.9959679997610624, 0.0012809101624221954], [0.0012973316701982876, 0.0036106679256891695, 0.993345784027071, 0.001746216277041562], [0.0002569632345981618, 0.00020494268123123454, 0.00015708998580182362, 0.9993810039983687], [0.0018475339007313696, 0.9959600764597056, 0.0012701168380006966, 0.0009222727015622776], [0.0018911000575531764, 0.9958963851377042, 0.0011837753990727147, 0.001028739305669947], [0.0002490662974945022, 0.00017945725613412484, 0.00017940534945360797, 0.9993920709969177], [0.0009736523864158094, 0.00235425303129558, 0.9953200596538228, 0.0013520348284658988]], "ideal": "B", "sampled": "B", "correct": true}}
{"type": "result", "data": {"idx": 16, "options": ["To make a profit", "To procure resources", "To communicate with shareholders", "To mediate between the organisation and the environment"], "probs": [[0.9823723824826428, 0.009557187707652555, 0.0017539607092001129, 0.006316469000504518], [0.9699696504531153, 0.015437605163833662, 0.009216501934540041, 0.005376242348510947], [0.9860059454967481, 0.004748509652171364, 0.0024440821319400433, 0.0068014626191405], [0.9846200268014383, 0.006331175597364818, 0.004488981952497573, 0.004559815548699303], [0.9622478528757422, 0.02773330530544584, 0.005766523811184904, 0.004252317907627003], [0.9648490035708626, 0.027807223209900745, 0.0028401970859996467, 0.0045035760332370976], [0.006378746829301138, 0.9774499186385308, 0.003579096507947199, 0.012592237924220802], [0.0051614717599448, 0.9691516617726484, 0.022246899637334783, 0.003439966730071932], [0.0035608052522598486, 0.004755166703093451, 0.9721260773748357, 0.01955795056981094], [0.0014976997716651904, 0.0005820261336116655, 0.0015696041668726505, 0.9963506698278505], [0.004135821404780636, 0.010319453475682637, 0.9810712754388977, 0.004473449580639042], [0.011298090261771808, 0.008203610808550416, 0.001948278288196263, 0.9785500205414815], [0.0010824823399321211, 0.9771065042155869, 0.005005527555272327, 0.016805485789208634], [0.0014571682451417587, 0.9851179247248179, 0.008719684262433003, 0.0047052226676073975], [0.0010125490384985361, 0.005965941373501259, 0.9723588315670948, 0.020662677920905398], [0.0006049107302506502, 0.0015815861149892402, 0.0017640784279918983, 0.9960494246267682], [0.0015338458839907103, 0.005700001414225386, 0.9889392715943597, 0.0038268810074241805], [0.001265838724297189, 0.0032584421602962783, 0.0030844168722916785, 0.9923913021431149], [0.0029793844199925285, 0.9892195608628571, 0.005108481663874175, 0.002692572953276203], [0.004139472656795333, 0.9898838820736094, 0.0023224702622962104, 0.0036541749072990497], [0.005867885344713794, 0.01672109326072192, 0.9717217128742885, 0.0056893084202756725], [0.009559868040823066, 0.006125539760266188, 0.0011598873084475482, 0.9831547047904632], [0.00545668203930035, 0.009140525365574607, 0.9770148177083663, 0.008387974786758704], [0.008577381116045779, 0.003011512053636298, 0.004415387678936984, 0.983995719051381]], "ideal": "A", "sampled": "A", "correct": true}}
