{"type": "result", "data": {"idx": 0, "options": ["the matrix, if stored directly, is large and can be clumsy to manage", "it is not capable of expressing complex protection requirements", "deciding whether a process has access to a resource is undecidable", "there is no way to express who has rights to change the access matrix itself"], "probs": [[0.6307423945162169, 0.09981938077328466, 0.12419706299393155, 0.1452411616165669], [0.636751799374554, 0.09540510603152312, 0.19118499118494917, 0.0766581033089737], [0.5665701199969359, 0.08423164737072625, 0.18683195669070043, 0.1623662758416374], [0.5154977517133699, 0.08031575500632472, 0.22875021736644358, 0.17543627581386184], [0.6481710486170226, 0.15398723860699495, 0.14462679048915633, 0.05321492218682617], [0.6589438963688887, 0.13601265947660154, 0.08119805961927949, 0.12384538443523019], [0.2167412392545008, 0.29636769159001164, 0.315365568575068, 0.17152550048041956], [0.18723806083884312, 0.33389852940223863, 0.3964006779572641, 0.08246273170165415], [0.1321800817741906, 0.05468320182437046, 0.7035330042065929, 0.10960371209484598], [0.3089051957456762, 0.11190123526755172, 0.3668358760271653, 0.2123576928596068], [0.18287393993915071, 0.13487036926799476, 0.5545630023688732, 0.12769268832398126], [0.23273777612597268, 0.1526682502971174, 0.35487812225133675, 0.2597158512255732], [0.25146745151552913, 0.3180297802386412, 0.22193109819643256, 0.20857166994939713], [0.1948713809056914, 0.25427246091207273, 0.33673042055577396, 0.21412573752646188], [0.20668415954151878, 0.06016445599078514, 0.5888274377237115, 0.1443239466439846], [0.3834592287318139, 0.0829459403984469, 0.34372888967745746, 0.18986594109228178], [0.18265733263966744, 0.14230420966253088, 0.3689918549578617, 0.30604660263993994], [0.24777397510911847, 0.1841904073769438, 0.3719659149274793, 0.19606970248645839], [0.30232828401986994, 0.28855827017881347, 0.3372870037026629, 0.07182644199865369], [0.2832250763624849, 0.2206442934438058, 0.24995028969829933, 0.24618034039540995], [0.19291597890289636, 0.12457905149076902, 0.5759486045253795, 0.10655636498095508], [0.3244863152179481, 0.16319182513512429, 0.32448244091603806, 0.18783941863088952], [0.14639608942286236, 0.062001367778872093, 0.5612211373205587, 0.23038140537770682], [0.23677001538337838, 0.09201808135754459, 0.525314144360431, 0.145897758798646]], "ideal": "A", "sampled": "A", "correct": true}}
{"type": "result", "data": {"idx": 1, "options": ["{-6,-2, -1, 1, 2, 6}", "{-6, -2, -1, 0, 1, 2, 6}", "{-6, -3, -2, -1, 1, 2, 3, 6}", "{-6, -3, -2, -1, 0, 1, 2, 3, 6}"], "probs": [[0.015432680567410359, 0.3076103848046532, 0.4138188853696516, 0.26313804915828487], [0.015273510953046073, 0.2686690607794951, 0.4714047767821983, 0.24465265138526054], [0.027573917777379015, 0.2896300331489575, 0.4774065141716239, 0.20538953480203956], [0.015483923139484638, 0.18719382442752794, 0.6635357091393952, 0.13378654319359215], [0.01272575700205893, 0.23459332156607765, 0.7112741899928969, 0.04140673133896653], [0.008131785908160877, 0.2285802381157083, 0.7262663176011206, 0.03702165827501023], [0.19597720367821767, 0.07981229275366153, 0.3958749921270586, 0.3283355113410622], [0.19738648682806073, 0.096213839221707, 0.5119927486861899, 0.19440692516404234], [0.0507192162183485, 0.4558269918538524, 0.1702185735882844, 0.3232352182395147], [0.011251526600681858, 0.09953288482681368, 0.8528866552566013, 0.03632893321590313], [0.09133400430365027, 0.4063347461264934, 0.3528514363793487, 0.14947981309050765], [0.04718203490634549, 0.38910719829578333, 0.4691086955563484, 0.09460207114152283], [0.205004371868598, 0.10229616992255937, 0.3327401106002524, 0.35995934750859027], [0.05260023023257815, 0.05778204190478011, 0.779089081521072, 0.11052864624156965], [0.15886613251569273, 0.32107912534008953, 0.2660339991174143, 0.2540207429268034], [0.020662473651281228, 0.10579677949799711, 0.8062905853312892, 0.06725016141943248], [0.11649985610273753, 0.6352099775632796, 0.09143146871606132, 0.1568586975179216], [0.08755451179002834, 0.44145994058426513, 0.40169529905786616, 0.06929024846784032], [0.1364679773278563, 0.05962832972087974, 0.6021452500654227, 0.20175844278584124], [0.19596523190539353, 0.04442100259531136, 0.7281146699066615, 0.03149909549263359], [0.21690849437221638, 0.25369752584979, 0.06986238373992312, 0.45953159593807047], [0.18612981361436923, 0.14500793889663258, 0.6199131681056366, 0.04894907928336163], [0.469733492394994, 0.3179959261696654, 0.06208768301320032, 0.15018289832214032], [0.4398994838661669, 0.24685885726655277, 0.23913533141027657, 0.07410632735700376]], "ideal": "C", "sampled": "D", "correct": false}}
{"type": "result", "data": {"idx": 2, "options": ["1:4", "1:3.5", "1:1", "1.1:1"], "probs": [[0.31926185550475006, 0.4722194328123518, 0.19063292547144253, 0.01788578611145561], [0.3065151600467412, 0.6007028277428152, 0.06424476265492793, 0.0285372494555156], [0.2130071802745304, 0.04396815937341533, 0.7319053952267106, 0.011119265025343706], [0.4883991741019908, 0.07318230663117362, 0.2870365657591141, 0.15138195340772145], [0.24825659358269447, 0.03334425957604129, 0.7071419176403545, 0.011257229100909734], [0.525527232920048, 0.05286647692315819, 0.3288148902532785, 0.09279139980351533], [0.3391978816169575, 0.5177105184360069, 0.1002620331901342, 0.042829566656901324], [0.37345156150277553, 0.4874884587215639, 0.0741042927961991, 0.06495568687946152], [0.2971586176891614, 0.0980125727637959, 0.572753763651249, 0.03207504579579372], [0.4066493248021947, 0.12212346748798363, 0.33705469744710476, 0.13417251016271695], [0.277985874205448, 0.0419807729436583, 0.6564832897560812, 0.023550062994812528], [0.48066486176755757, 0.05227691443463826, 0.38017798457682345, 0.08688023912098072], [0.003625160350966147, 0.329055589358244, 0.6436724907495505, 0.023646759441239312], [0.00307559762690162, 0.5095009293814048, 0.1480852837550043, 0.33933818913668934], [0.0035105355864161482, 0.3725188259658216, 0.604230683292736, 0.019739955055026265], [0.00333029114617296, 0.6300756140983206, 0.09138145761061449, 0.27521263704489196], [0.004694509988488007, 0.05047862694213379, 0.7131293612864489, 0.2316975016829293], [0.005446180494312482, 0.047055868208450154, 0.7894839861510337, 0.1580139650462037], [0.02412904293882306, 0.23450381085547786, 0.7219664615110257, 0.01940068459467338], [0.03820781107996934, 0.49599529231586376, 0.24910586043761082, 0.21669103606655607], [0.02206839409918496, 0.3592056889561585, 0.6012571982297619, 0.017468718614894605], [0.05099356930611035, 0.4443301541574287, 0.3680810667446968, 0.1365952096917641], [0.08655366916754065, 0.08070742217825293, 0.7419690974511449, 0.09076981110306148], [0.057609552872131334, 0.06530033626088781, 0.7891856225375686, 0.08790448822941227]], "ideal": "B", "sampled": "B", "correct": true}}
{"type": "result", "data": {"idx": 3, "options": ["C1: (3,3), C2: (4,4), C3: (6,6)", "C1: (3,3), C2: (6,6), C3: (12,12)", "C1: (6,6), C2: (12,12), C3: (12,12)", "C1: (0,0), C2: (48,48), C3: (35,35)"], "probs": [[0.37476713019985125, 0.38069338169900463, 0.23088789327946946, 0.013651594721674628], [0.43151687680980544, 0.4666297363253704, 0.02801973880642822, 0.07383364795839588], [0.36435086475669054, 0.11921612996070782, 0.5058522537299891, 0.010580751452612516], [0.3690121512753176, 0.18847853154084146, 0.055706401041238925, 0.38680291604260203], [0.28680806067066017, 0.14309794559696093, 0.5358389971984484, 0.03425499643393053], [0.21739976753801987, 0.1578237014202515, 0.3367077212207889, 0.28806880972093973], [0.24636532043868495, 0.5298424614268115, 0.21073378131240186, 0.013058436722101769], [0.2862263704381483, 0.6252784262509897, 0.044935338571991786, 0.04355986463887023], [0.27819499785902374, 0.24938546799501507, 0.45867644487114806, 0.013743089174813143], [0.2648135085911953, 0.3096246672913056, 0.09590338026662205, 0.329658443750877], [0.09432949152855827, 0.06689443986818937, 0.8213256673779986, 0.017450401125253714], [0.14789128910664262, 0.11791513156217573, 0.5803905378959017, 0.15380304133527994], [0.13392767633100897, 0.2925545941805529, 0.5638905899604857, 0.009627139427952392], [0.14468303841285968, 0.4422738851129929, 0.07389401148231407, 0.33914906489183333], [0.10691088773792064, 0.31426395762845305, 0.5690340777938284, 0.009791076739797877], [0.13117857056528903, 0.47619383174276686, 0.1037672783999285, 0.2888603191920156], [0.12426142022972189, 0.17388681547432294, 0.4953306169214049, 0.2065211472745503], [0.08498995750292603, 0.11800672112715349, 0.6843923329622614, 0.11261098830765903], [0.12912623198153056, 0.2956114322959381, 0.5028175561277648, 0.07244477949476648], [0.09274678345945384, 0.24439347880393772, 0.3725925552141255, 0.29026718242248295], [0.059464837101918425, 0.22444535150544692, 0.6805779451054086, 0.03551186618722599], [0.12625028112575198, 0.30053508657211503, 0.48777666173952144, 0.08543797046261152], [0.15940368411442554, 0.35095406098066045, 0.35643047621903584, 0.13321177858587815], [0.13476609294703423, 0.2557682211039697, 0.4777996455161643, 0.13166604033283183]], "ideal": "A", "sampled": "A", "correct": true}}
{"type": "result", "data": {"idx": 4, "options": ["{AND, NOT}", "{NOT, OR}", "{AND, OR}", "{NAND}"], "probs": [[0.006663815254241614, 0.014905716596474196, 0.004041252740168603, 0.9743892153091156], [0.019515552069704487, 0.03734729539873155, 0.9116897515862318, 0.03144740084533216], [0.009118655542736028, 0.009940296243883052, 0.0642818872221036, 0.9166591608912773], [0.009143545538355634, 0.01508178229979453, 0.4876922500233256, 0.4880824220385242], [0.03605326479630336, 0.8407364987925278, 0.06327357519670843, 0.05993666111446047], [0.016123016242786944, 0.22626530769656558, 0.015744156063062988, 0.7418675198975845], [0.003936666969229127, 0.006543121722988398, 0.002813126407569328, 0.9867070848002132], [0.011471778902921812, 0.021109766921836248, 0.9331537932494551, 0.03426466082578676], [0.0034221481856027644, 0.005687974602043866, 0.011130982486976896, 0.9797588946253765], [0.013651092443155429, 0.01881396327139944, 0.8124174378181978, 0.15511750636724736], [0.023833146136991206, 0.8607869601949801, 0.03084305036731774, 0.08453684320071093], [0.02920150575718612, 0.6057243357844739, 0.020068913733570785, 0.34500524462476917], [0.005872677688376459, 0.010723932055883609, 0.5412608683179052, 0.44214252183783476], [0.005792948444776954, 0.018274996122531483, 0.32629185712027325, 0.6496401982124183], [0.00642049629595305, 0.020895115392421067, 0.03362990367698758, 0.9390544845346382], [0.013068426891791387, 0.08594811153290835, 0.5962266975031274, 0.3047567639721729], [0.015166015883535196, 0.22132128006845173, 0.026400247112979943, 0.7371124568350331], [0.02122133304045973, 0.3297016743129729, 0.31426311706824317, 0.33481387547832414], [0.05849479292885163, 0.026167987799710336, 0.8664501581796997, 0.04888706099173832], [0.009647982098373017, 0.012884391655088376, 0.015533810893983098, 0.9619338152525555], [0.15178636732727335, 0.03361077086661623, 0.6697367878157052, 0.14486607389040518], [0.07855254242649023, 0.022862806424219697, 0.013020998518093409, 0.8855636525311966], [0.006613783680578265, 0.01099282651370192, 0.05241453394788474, 0.9299788557578351], [0.014767975596025457, 0.017272871819028205, 0.8320936063832266, 0.1358655461017197]], "ideal": "C", "sampled": "D", "correct": false}}
{"type": "result", "data": {"idx": 5, "options": ["M = 10, m = 10", "M = 10, m = 1", "M = 7, m = 4", "M = 6, m = 4"], "probs": [[0.030321125726538913, 0.11624761288777577, 0.6185915466398545, 0.23483971464583087], [0.07284959024991913, 0.1734205393770979, 0.5958245681317971, 0.15790530214118598], [0.017801142033568015, 0.5538777337049423, 0.2308306240992712, 0.1974905000622185], [0.010206297428482355, 0.410964794951379, 0.503403458047612, 0.07542544947252668], [0.030499457413057516, 0.5000862637061967, 0.2474982518594392, 0.2219160269213066], [0.019517719162010855, 0.5978879153760047, 0.2611269872783666, 0.12146737808361784], [0.11378301339850408, 0.11379374223424284, 0.5961661756585068, 0.17625706860874626], [0.19492479538122218, 0.16415648894560086, 0.5298425791557435, 0.11107613641743347], [0.04667474329004841, 0.7133454679729464, 0.07575722037988308, 0.16422256825712206], [0.02720116352178618, 0.42557896479669216, 0.5378912035697088, 0.009328668011812946], [0.09418547897589105, 0.6642044781974346, 0.07627197354269247, 0.16533806918398194], [0.06976975343938399, 0.6518294068855276, 0.2552084865491777, 0.023192353025910693], [0.4293717975578716, 0.13940608292309015, 0.2604134043729155, 0.17080871504612277], [0.24591092030000505, 0.08499105020534298, 0.6378320860870988, 0.0312659433075531], [0.408606200728221, 0.25974861829748397, 0.18130798775320237, 0.1503371931210926], [0.28439606186721605, 0.1672015097004373, 0.5149610214711198, 0.033441406861226916], [0.35213582954129774, 0.5541084163076014, 0.04140429833070052, 0.052351455720400245], [0.3241585673901325, 0.45013138182419393, 0.18183336676142905, 0.04387668392424454], [0.4581123726539374, 0.11227301096607105, 0.2529811040202451, 0.17663351225974644], [0.3997284873849499, 0.07001290652234461, 0.49744610290515984, 0.03281250308754562], [0.45728532838079133, 0.2486441358271189, 0.16304174549861752, 0.13102879019347222], [0.40955005617628537, 0.1817529865080527, 0.3558060659040122, 0.05289089131164973], [0.526384020265034, 0.3193097496176254, 0.09660931027844205, 0.05769691973889863], [0.469266416343561, 0.23232729817215655, 0.23966673103434305, 0.05873955434993944]], "ideal": "C", "sampled": "D", "correct": false}}
{"type": "result", "data": {"idx": 6, "options": ["I only", "III only", "I and II only", "I and III only"], "probs": [[0.0732186985396651, 0.07152918246899444, 0.5894443015702823, 0.2658078173210582], [0.06310140991918926, 0.07671834413359772, 0.5985648542257882, 0.26161539162142483], [0.13628540525607158, 0.21951974271964048, 0.1936210336008454, 0.45057381832344257], [0.09324619312018795, 0.16886337351396905, 0.43442196296910357, 0.30346847029673946], [0.08643140026705516, 0.22418737743322376, 0.45983646000550016, 0.22954476219422093], [0.11103164817678307, 0.2561702353647411, 0.37255584079605547, 0.26024227556242036], [0.0985985553507562, 0.1390475744579513, 0.5124801816821367, 0.24987368840915578], [0.10626883836205407, 0.12619797037932623, 0.5610509138033649, 0.2064822773552548], [0.09072174809963536, 0.3142310099677022, 0.30440044658712334, 0.2906467952455391], [0.07691621321103509, 0.2622890867883343, 0.46738966055717396, 0.1934050393434566], [0.07306333902728598, 0.2845168815461225, 0.3709002274984345, 0.27151955182815707], [0.07138162265112102, 0.2472450788201151, 0.47638199793362695, 0.20499130049513695], [0.380268687265804, 0.25333878017904, 0.09243462841130873, 0.27395790404384723], [0.24835633099250443, 0.21577571447835156, 0.3393778755457975, 0.1964900788833465], [0.36188134831435553, 0.13004947228550748, 0.29529038848826883, 0.21277879081186818], [0.28030729082174966, 0.15240450088344484, 0.45490848674614603, 0.11237972144865947], [0.2565409819782956, 0.22997128789828786, 0.40983462024230266, 0.10365310978111388], [0.21748564941410833, 0.22792298957947482, 0.46031915900390574, 0.09427220190251108], [0.4606732770841548, 0.2708230518147021, 0.1268931274654578, 0.1416105435356853], [0.45814406867214214, 0.2651652693483309, 0.18361146746229834, 0.09307919441722864], [0.3894968227760363, 0.2325748946566257, 0.25536355627889207, 0.12256472618844591], [0.3191271400197566, 0.27297013791923314, 0.2904958106995018, 0.11740691126150846], [0.42014793020477964, 0.1779060360385372, 0.3375158586214809, 0.0644301750352022], [0.38607153292609925, 0.20028954742336094, 0.33014616366899646, 0.0834927558815433]], "ideal": "C", "sampled": "D", "correct": false}}
{"type": "result", "data": {"idx": 7, "options": ["I only", "II only", "III only", "I and III"], "probs": [[0.133016323024752, 0.14158590663991272, 0.110242229325559, 0.6151555409097763], [0.052050563075575366, 0.1043119030707202, 0.6192691760081515, 0.224368357745553], [0.19349720783836027, 0.1579144722376135, 0.2124549118596215, 0.4361334079644047], [0.12219989770472174, 0.1532524491711388, 0.6061014993009012, 0.11844615372323827], [0.1299989300835626, 0.3731829448078184, 0.3191188763727834, 0.17769924863583558], [0.11610800113193412, 0.3332985366048297, 0.47736704700410315, 0.07322641515913297], [0.1038654218121971, 0.1739210602861286, 0.10546383222758009, 0.6167496855740942], [0.07797663493990722, 0.15264556947653682, 0.5671030108885361, 0.20227478459501982], [0.127422939901039, 0.1335234602102193, 0.22709012842619072, 0.5119634713625509], [0.102953457098988, 0.12711602542854772, 0.464928213199139, 0.30500230417332524], [0.12008482484998348, 0.32893369333733774, 0.4638145669193453, 0.08716691479333348], [0.05551873933355197, 0.3096006833422578, 0.39745825821253405, 0.2374223190116561], [0.15445469778586726, 0.20459421586715315, 0.11838737481803098, 0.5225637114289486], [0.1331657330049456, 0.1848561181304978, 0.606102173015231, 0.07587597574932564], [0.11029449684866263, 0.11924031943022419, 0.2523978314684086, 0.5180673521527045], [0.07389212978878504, 0.11623465008836965, 0.6090016824366232, 0.20087153758622212], [0.08995201161844109, 0.37569801974925104, 0.4675091748408185, 0.06684079369148935], [0.058177904196551236, 0.3822489195335773, 0.28846688658813757, 0.2711062895817339], [0.35895943771795813, 0.4755232649399285, 0.10691740402596951, 0.05859989321614379], [0.3114561647096663, 0.460274667563247, 0.17742488976152726, 0.050844277865559465], [0.26393660476530617, 0.2765797644244488, 0.34416929237232685, 0.11531433833791818], [0.2030917079896317, 0.26902596763221126, 0.3048068168339393, 0.22307550744421772], [0.1559962430885011, 0.36835300271255206, 0.4173614944664461, 0.05828925963250072], [0.17963694721286946, 0.3802321084849831, 0.22002310065111738, 0.22010784355103002]], "ideal": "B", "sampled": "D", "correct": false}}
{"type": "result", "data": {"idx": 8, "options": ["It is inherently nonassociative because some numbers have no exact representation.", "It is inherently nonassociative because there have to be upper and lower bounds on the size of numbers.", "Associativity can be achieved with appropriate roundoff conventions.", "Some rational numbers have no exact representation."], "probs": [[0.0211333910663896, 0.48125007474871884, 0.41782888532445084, 0.07978764876044074], [0.011995437520300679, 0.20455762684751572, 0.4904269263856672, 0.2930200091465164], [0.01142781092534575, 0.016244680413976684, 0.9440374795463251, 0.0282900290143525], [0.016198114403854262, 0.016714573776555636, 0.08225357215606434, 0.8848337395635257], [0.00802501566616189, 0.030771413671634044, 0.878210659618163, 0.082992910944041], [0.011776698642381001, 0.0699383907887214, 0.038909878215494846, 0.8793750322534027], [0.044225151360252124, 0.06538413478702611, 0.5734786941865272, 0.3169120195661946], [0.01850991637322619, 0.030765184155367643, 0.6423749123609425, 0.30834998701046373], [0.03278013697084089, 0.025336744308427885, 0.623368264343406, 0.3185148542773253], [0.07433679203329856, 0.05272309285809309, 0.1098475120428164, 0.763092602965792], [0.03145103643548839, 0.03795057223762826, 0.6830973064658139, 0.24750108476106944], [0.04157882213567664, 0.03906656807170095, 0.09666374515988893, 0.8226908645327334], [0.04380834191951867, 0.028070429912335628, 0.7238633184202656, 0.2042579096478801], [0.0415839100380989, 0.019646046425072356, 0.4436102749238013, 0.49515976851302745], [0.03934856518466886, 0.038444090773955414, 0.20777021423799144, 0.7144371297033842], [0.07385916897125797, 0.1266702394556953, 0.3839643838026952, 0.4155062076703515], [0.0838694646870667, 0.033106826242474074, 0.4826504289621262, 0.40037328000833305], [0.07042035863788801, 0.041733214469060094, 0.6948249002867368, 0.19302152650631507], [0.009831842223708606, 0.017947989091543232, 0.857886249589826, 0.11433391899492223], [0.015696544461746138, 0.019234659470765445, 0.05227407155122645, 0.912794724416262], [0.017304442885666824, 0.040251363214741924, 0.7592031387195864, 0.18324105508000485], [0.019653205522067438, 0.02882479791738771, 0.018752009338292176, 0.9327699871222527], [0.03102807839030041, 0.031773687826213745, 0.5900938178050726, 0.3471044158784132], [0.040263344798333746, 0.036386621334091665, 0.5780106954595808, 0.34533933830799374]], "ideal": "C", "sampled": "B", "correct": false}}
{"type": "result", "data": {"idx": 9, "options": ["If the owner modifies the file, another user who does not share will see the changes.", "If the owner renames the file, other users will not be able to access it.", "If the owner is allowed to delete a file, dangling links may result.", "If any user who shares the file appends to it, others who share it will not be able to access the new disk blocks."], "probs": [[0.02412749151507706, 0.01582650263097318, 0.317811433408762, 0.6422345723451878], [0.012934138924820697, 0.013345720170524617, 0.9429318851243352, 0.030788255680319482], [0.02895820342995213, 0.13082322550089315, 0.038659416351286204, 0.8015591546178685], [0.024513489308456368, 0.04203025047659316, 0.8986119191867229, 0.03484434092822754], [0.014659166771470868, 0.516883269403842, 0.08434254181562469, 0.38411502190906244], [0.017693720178874512, 0.6190175863140311, 0.32611455898910696, 0.03717413441798737], [0.014852774839809037, 0.029774679894061875, 0.3890674843953188, 0.5663050607708103], [0.013301222373220149, 0.025441282954780806, 0.88289265418055, 0.07836484039144903], [0.009575158642024689, 0.09374510030241441, 0.23560353323259886, 0.661076207722962], [0.018531387049956317, 0.04998647756284021, 0.8999555713498677, 0.03152656393733571], [0.009840387844315329, 0.5332252288223184, 0.11800249284653119, 0.33893189038683513], [0.011496874470519749, 0.5045052752199707, 0.4450971471303297, 0.038900703079179824], [0.2519966445763137, 0.09128475896269134, 0.04244057097557043, 0.6142780253854245], [0.10289726822120832, 0.06097237501716906, 0.7784040949634843, 0.05772626169813832], [0.18290799649941217, 0.03229057379909413, 0.2385569932979543, 0.5462444363035394], [0.07531549752750534, 0.03475613506254139, 0.8486543861350593, 0.04127398117489397], [0.15023441891051556, 0.3897980821822839, 0.41484726243876047, 0.04512023636844007], [0.16009990094937818, 0.38419716283698657, 0.3608164054159495, 0.09488653069768577], [0.6329028221932651, 0.08174331759473524, 0.04880253761229219, 0.23655132249970745], [0.5481579217658696, 0.06808497645071436, 0.348438235750804, 0.03531886593261199], [0.5410745264288888, 0.07857271458702951, 0.10821841897966544, 0.2721343399044163], [0.4023907109247329, 0.0704833926472478, 0.49304523140765266, 0.03408066492036667], [0.6430710790182333, 0.14351563842375933, 0.1813933598780273, 0.03201992257998002], [0.6563072604385178, 0.14647279241787572, 0.14417512283745723, 0.053044824206149185]], "ideal": "C", "sampled": "D", "correct": false}}
{"type": "result", "data": {"idx": 10, "options": ["None", "III only", "I and II only", "I, II, and III"], "probs": [[0.0020646421064917687, 0.015988443633380138, 0.05986237000500405, 0.922084544155124], [0.004446073960674926, 0.030385171860134456, 0.8084150316025187, 0.15675372247667188], [0.0020399880317981648, 0.020284352548139983, 0.044996436073184216, 0.9326792232468776], [0.0026614603674223756, 0.018619713063064255, 0.7978552047793602, 0.1808636216901531], [0.004434180357727582, 0.2517788028444405, 0.622983925916382, 0.12080309078144996], [0.007658870293893422, 0.4486887352915415, 0.3836656380361777, 0.15998675627838735], [0.010433203335648844, 0.01329294007217599, 0.03698662968288117, 0.939287226809294], [0.014160489587962025, 0.02353108257706625, 0.8692322302672657, 0.09307619746770603], [0.009163535609878972, 0.03652787373203556, 0.01213838184089899, 0.9421702087171865], [0.010281578808989788, 0.034783755077396256, 0.9400903143181318, 0.014844351695482089], [0.01342762139600043, 0.6888102144779681, 0.04435910189056549, 0.25340306213546604], [0.010404526691033061, 0.7527166919702932, 0.19024226864844093, 0.04663651259023278], [0.011210362425815591, 0.01112375128903016, 0.02211932837741911, 0.9555465578077351], [0.005781697652392987, 0.010887067965196553, 0.878405929226852, 0.10492530505555846], [0.009611968872468875, 0.029377898171048307, 0.02532092292975659, 0.9356892099267262], [0.006373231221700389, 0.027470171261901623, 0.9532814606442841, 0.012875136772113853], [0.009395690931421367, 0.8864832800303084, 0.03304294973603667, 0.07107807920223358], [0.004077575157703318, 0.7415397741792337, 0.23694427242849533, 0.017438378134567695], [0.3273300115062426, 0.0449984359509074, 0.523038237659385, 0.10463331478346509], [0.4508491791966602, 0.05019219220614622, 0.44383144700793525, 0.05512718148925834], [0.046198627805590996, 0.7228123979409142, 0.059308333853475566, 0.17168064030001923], [0.019575212294701324, 0.7820404825474628, 0.15883690235544018, 0.039547402702395665], [0.41770613033727244, 0.4961374383067506, 0.030492640915098894, 0.05566379034087805], [0.3348424857088793, 0.4367927773155373, 0.2062766628609204, 0.022088074014663017]], "ideal": "D", "sampled": "D", "correct": true}}
{"type": "result", "data": {"idx": 11, "options": ["n", "n + 1", "n + 2", "2n"], "probs": [[0.01624707559417021, 0.795462694532466, 0.041156904285055924, 0.14713332548830788], [0.016204188360592137, 0.6475222247827647, 0.1089910638564977, 0.22728252290014547], [0.032211044862753405, 0.16106404952599007, 0.7105397780345005, 0.09618512747675605], [0.06597791013902567, 0.2866606478105072, 0.2734189690395232, 0.37394247291094396], [0.03780195003960155, 0.16422613964148786, 0.6244875601952377, 0.17348435002367296], [0.04282478923928467, 0.2728555757599074, 0.3846082331659005, 0.29971140173490746], [0.380756497345042, 0.30122256275979475, 0.18845528362296965, 0.12956565617219357], [0.3093491036589638, 0.22990622651838966, 0.1789987167089419, 0.28174595301370464], [0.34017662731181075, 0.22309326630506882, 0.24883398033428258, 0.1878961259488378], [0.3262163947760225, 0.2073557494767414, 0.18294986808035338, 0.28347798756688275], [0.2650618215376046, 0.155818623947139, 0.30983125698699804, 0.2692882974282583], [0.28682965025704454, 0.1971302571708751, 0.32495456521417665, 0.19108552725790376], [0.0681060606737558, 0.1780546701356136, 0.6614565055466894, 0.09238276354394112], [0.16226335351821447, 0.2183714424860093, 0.2592439430467506, 0.3601212608490257], [0.03519671436193818, 0.7128270916883624, 0.15167959145936208, 0.10029660239033732], [0.03010487419141172, 0.7239963381904679, 0.11812497108226083, 0.1277738164358595], [0.10770275706304532, 0.22802713981849426, 0.3164976991472084, 0.347772403871252], [0.08722456023866541, 0.1875745989150228, 0.6149279108071573, 0.11027292993915455], [0.03335468681713087, 0.15305142852002004, 0.707568968767709, 0.10602491579514], [0.07799192342890382, 0.26185064919988477, 0.3633998252818216, 0.29675760198938983], [0.011312054279417172, 0.6226740970509194, 0.1958090480923767, 0.17020480047728678], [0.01434197767726855, 0.7022059683376128, 0.10593886859851274, 0.1775131852866059], [0.04833124649534972, 0.38929463009062587, 0.25918138410809705, 0.3031927392059274], [0.036983254879927166, 0.2608157962953724, 0.6062540939635177, 0.09594685476118282]], "ideal": "A", "sampled": "B", "correct": false}}
{"type": "result", "data": {"idx": 12, "options": ["3", "8", "10", "13"], "probs": [[0.08439797413691227, 0.2946574179431412, 0.4422029388165221, 0.1787416690034244], [0.12508610541035364, 0.29780773308674463, 0.468390612141772, 0.10871554926112965], [0.09825171003815843, 0.16075848400680562, 0.5698292978245003, 0.17116050803053562], [0.13696577061731188, 0.19018823473304716, 0.4855649913530262, 0.18728100319661475], [0.22986135689518916, 0.1790409183608985, 0.4790427541539027, 0.11205497049000965], [0.24632072791383577, 0.19795115274827682, 0.3697408712837557, 0.18598724795413166], [0.2525794468183148, 0.22294042670076258, 0.35617753329026997, 0.16830259309065262], [0.29563741214466466, 0.2064232322258415, 0.3737019169121665, 0.1242374386173274], [0.26980330567368727, 0.27411418212549926, 0.28719078651110275, 0.1688917255897107], [0.271502877698406, 0.27154600166291293, 0.4139864829873637, 0.04296463755131742], [0.368636659451889, 0.2827053900665747, 0.24941804445086593, 0.0992399059306704], [0.347445460695065, 0.2623035257702581, 0.3474316622185158, 0.042819351216161095], [0.07165830156943223, 0.16278336178150274, 0.6337212606804214, 0.13183707586864357], [0.15215298758643725, 0.1835696277370708, 0.4835305583519584, 0.18074682622453353], [0.11022356984564696, 0.4033296165462559, 0.35029030735027805, 0.1361565061578191], [0.16667294562625945, 0.415887260524292, 0.35562640358152403, 0.061813390167924524], [0.23916974661342738, 0.2753579318248049, 0.27100139853628485, 0.21447092292548284], [0.2311773139708914, 0.2385579191540292, 0.45974650734515077, 0.07051825942992862], [0.17479275295471194, 0.1832160814162865, 0.53840303816778, 0.10358812736122154], [0.19951035972225944, 0.2026945740986386, 0.37859316368756885, 0.2192019023915331], [0.16380528127669686, 0.4119575969786199, 0.2966156424812507, 0.12762147916343256], [0.19325137906632817, 0.3668448489967886, 0.3554521964339034, 0.0844515754029798], [0.22542699350925047, 0.2940962998005592, 0.2719069800077263, 0.20856972658246406], [0.21198453717742272, 0.24025140015711413, 0.4928848610175139, 0.054879201547949244]], "ideal": "A", "sampled": "B", "correct": false}}
{"type": "result", "data": {"idx": 13, "options": ["Routing packets through the network", "Reliable delivery of packets between directly connected machines", "Reliable delivery of large (multi-packet) messages between machines that are not necessarily directly connected", "Dealing with differences among operating system architectures"], "probs": [[0.0031080318535008874, 0.012985601209635288, 0.9765639290822288, 0.007342437754635031], [0.0016512230348656087, 0.005047904635818881, 0.0006027382118884919, 0.992698134017427], [0.0011933885369376411, 0.9887215953379184, 0.007309473924129422, 0.0027755421010145363], [0.0017801401111159538, 0.9901433612707365, 0.003198316369355235, 0.00487818214879228], [0.0009019536878749605, 0.0015586831827661377, 0.06080591783151244, 0.9367334451978464], [0.004032652484868519, 0.007835001928388409, 0.9791134900368474, 0.009018855449895622], [0.006897069638364288, 0.008927036238013462, 0.9768316922181579, 0.007344201805464325], [0.004183211149645149, 0.0024597583010388994, 0.000726957186153315, 0.9926300732631627], [0.0027160305500090686, 0.9907591075759904, 0.003952087034343518, 0.002572774739657014], [0.0031454562815485896, 0.9892245428751343, 0.0034280945192304174, 0.004201906224086746], [0.006067728885754051, 0.0024906953989723072, 0.0019393846157285874, 0.9895021909995451], [0.010079742380118434, 0.01142396588297697, 0.965947625225819, 0.012548666411085612], [0.9854551875748632, 0.006436467457398756, 0.005548063045693008, 0.0025602818220450616], [0.9810011277589245, 0.006066306232441414, 0.0015099426302638051, 0.011422623278370306], [0.9885010184456439, 0.008487389055953353, 0.0013533078335376454, 0.0016582845648650912], [0.9874606766651199, 0.009384851007608629, 0.0011563221968619248, 0.0019981500304095336], [0.9836845735932764, 0.007167350747084607, 0.0022551613703359146, 0.006892914189303018], [0.9880725673267412, 0.006453654997298836, 0.0034271123992246646, 0.0020466651767353143], [0.0011519954662285354, 0.0021695065461150276, 0.012481228406572682, 0.9841972694810838], [0.004401626462568664, 0.009998369001567574, 0.9730581327175326, 0.012541871718331132], [0.0030274910126338434, 0.006262407584286397, 0.0011581483895960643, 0.9895519529134836], [0.005685355701398445, 0.021628149656765013, 0.9636691336556312, 0.009017360886205287], [0.004959301987088503, 0.9027920644265827, 0.004308806296467653, 0.08793982718986113], [0.0028546485880060414, 0.9784078859017892, 0.015673645258820017, 0.003063820151384784]], "ideal": "C", "sampled": "C", "correct": true}}
{"type": "result", "data": {"idx": 14, "options": ["I only", "II only", "III only", "I and II only"], "probs": [[0.2931489769434452, 0.15209423587623788, 0.12803821991365955, 0.4267185671666573], [0.3088835935484817, 0.138150402674402, 0.4221460034061822, 0.13082000027093413], [0.2056565253878137, 0.15645290676500134, 0.22230028772663893, 0.41559028002054604], [0.21494829123321743, 0.14888492890679295, 0.44790868968844716, 0.18825809007154243], [0.43978193397892523, 0.28398841616651693, 0.183304443937091, 0.09292520581746681], [0.3856950699897355, 0.26930749413658245, 0.1054140031232324, 0.23958343265044962], [0.2418202757593568, 0.25742864606190363, 0.10811954735628398, 0.3926315307224556], [0.3014835905921763, 0.2538927357992572, 0.3870784587038429, 0.05754521480472361], [0.12737688041316608, 0.09919635654898869, 0.527874513577051, 0.24555224936079426], [0.11512485488470077, 0.11877587790421641, 0.42764471251397657, 0.33845455459710627], [0.2641564198280911, 0.3186705337695252, 0.3553971005343079, 0.06177594576807575], [0.21781718404175446, 0.29313551939870836, 0.1183796358231594, 0.3706676606363778], [0.2019497946138595, 0.25930247287770447, 0.11775707715519311, 0.42099065525324286], [0.24240323356938973, 0.24239810757005412, 0.4187704528724253, 0.09642820588813085], [0.13698985252717644, 0.11716565447998448, 0.393219772396567, 0.352624720496272], [0.09451767971710295, 0.145241274581754, 0.4951233448830102, 0.26511770071813284], [0.1887393351824889, 0.3638238418878034, 0.3525255725187866, 0.0949112503109211], [0.15789090879660375, 0.2996317610009599, 0.23327908364828287, 0.30919824645415345], [0.4615965290262859, 0.34306601453269636, 0.1079169684820061, 0.08742048785901163], [0.41679379339818573, 0.32974123951475537, 0.12126412986496404, 0.13220083712209485], [0.3359202865067821, 0.2496437448944384, 0.29180027509839535, 0.12263569340038417], [0.3092119303271331, 0.23341440456516702, 0.1382529396201122, 0.3191207253875876], [0.3552933308477551, 0.15162193660693637, 0.4025415747765869, 0.09054315766872162], [0.30893213474439174, 0.16666168469495954, 0.22953153338317137, 0.29487464707747735]], "ideal": "A", "sampled": "D", "correct": false}}
{"type": "result", "data": {"idx": 15, "options": ["a^M = a", "(ax)^M = (xa)^M", "(xy)^M = y^Mx^M", "None of the above"], "probs": [[0.09228789392884053, 0.2956759499160633, 0.41037951061289696, 0.20165664544219924], [0.17479423395461252, 0.44299719733052706, 0.17616159424681987, 0.20604697436804054], [0.04582304268049951, 0.5412422135773307, 0.1959403948917044, 0.21699434875046544], [0.0745520660612532, 0.6646341631296669, 0.1680012630652179, 0.09281250764386195], [0.25393907368351615, 0.10754599156850943, 0.45980780387427944, 0.17870713077369493], [0.14096443478442994, 0.09540249972408289, 0.6467478244274689, 0.11688524096401826], [0.3284684370357878, 0.2008167624151048, 0.2518416903386746, 0.21887311011043276], [0.40632719402909845, 0.23154020652154633, 0.27493253757189956, 0.08720006177745569], [0.264946985295132, 0.2734016355568219, 0.28647791055804117, 0.17517346849000492], [0.4105151272500031, 0.40421858156131135, 0.14524112124160451, 0.040025169847081], [0.4217530316215117, 0.19615516649177608, 0.2440770787971643, 0.13801472298954792], [0.43137969583716546, 0.159963432530211, 0.3520697165456057, 0.05658715498701783], [0.3230653203124193, 0.2255747683291991, 0.2326923826906561, 0.21866752856772548], [0.4191482787651375, 0.24261315887567653, 0.25823179654375655, 0.08000676571542942], [0.2736549728547587, 0.13654880493567595, 0.37992479976865007, 0.20987142234091524], [0.3996797829204291, 0.23869334625022948, 0.2621200299248264, 0.09950684080451497], [0.4429848557712441, 0.19055377228967826, 0.23342907774243596, 0.1330322940966417], [0.43980779287519667, 0.23180493127725713, 0.23176016819303744, 0.09662710755450876], [0.049196704484122125, 0.15394893057671094, 0.5046315117475683, 0.2922228530915986], [0.041637744437577846, 0.13978990566590976, 0.6070496340796224, 0.21152271571688996], [0.07091469745010148, 0.3491263829213068, 0.30800886562327134, 0.27195005390532034], [0.04761857929207507, 0.2894901345734268, 0.5079383868511897, 0.15495289918330837], [0.05581765125808668, 0.38155769023466823, 0.28343207908264034, 0.2791925793246047], [0.05895537226080986, 0.38154971600436377, 0.32623931334267614, 0.23325559829215017]], "ideal": "D", "sampled": "C", "correct": false}}
{"type": "result", "data": {"idx": 16, "options": ["The wait is expected to be short.", "A busy-wait loop is easier to code than an interrupt handler.", "There is no other work for the processor to do.", "The program executes on a time-sharing system."], "probs": [[0.008423381617565671, 0.01913260512351984, 0.550323375776789, 0.42212063738212546], [0.008058598594472792, 0.025214403035795648, 0.47191544316113737, 0.4948115551085942], [0.003907431047640704, 0.0327170874684138, 0.5488582436926324, 0.4145172376913131], [0.004265568124477386, 0.00772481851413947, 0.7458114080627316, 0.2421982051986515], [0.0034395535264849504, 0.006527749781374554, 0.5103611318653943, 0.47967156472674616], [0.004010908621487196, 0.005355431963883048, 0.5376816787151617, 0.45295198059946806], [0.3459023288425955, 0.022992864591457874, 0.4727261732452178, 0.15837863322072882], [0.3844075371698041, 0.020055714320243168, 0.3186200750018151, 0.2769166734081377], [0.44561397044530976, 0.21723138731386646, 0.030795436065779714, 0.306359206075044], [0.6740331686770779, 0.13274993075267008, 0.17580632961910303, 0.01741057085114902], [0.39498469633625904, 0.031918856253016284, 0.01592124017239042, 0.5571752071383342], [0.7042662120209445, 0.028618222416443975, 0.2510636014969585, 0.016051963965652997], [0.006164287011896422, 0.008559180785458247, 0.6486388719113745, 0.33663766019127084], [0.006102548752801844, 0.005059652750080425, 0.7685858993056345, 0.22025189909148327], [0.023165185095712058, 0.2631224490662167, 0.05218615356379371, 0.6615262121742775], [0.03365865349433006, 0.20303425190802604, 0.6974068283337322, 0.06590026616391167], [0.00881031902197249, 0.05881983424660185, 0.02629639399216439, 0.9060734526392613], [0.009615603546861763, 0.04552000252387695, 0.8322086085378815, 0.11265578529137983], [0.004421576937424007, 0.004818853543559298, 0.4914115458072724, 0.4993480236117443], [0.003738201677286493, 0.0036517938019144922, 0.36378940826153644, 0.6288205961592626], [0.011929905244783882, 0.04036136670306366, 0.014387567224486406, 0.933321160727666], [0.06698888389866232, 0.15577345736763532, 0.6870942557565511, 0.09014340287715128], [0.0028314997185184183, 0.04980404584919953, 0.0075169913077068875, 0.9398474630245751], [0.005859059743109858, 0.11055950678886024, 0.8039610933261191, 0.07962034004191085]], "ideal": "D", "sampled": "B", "correct": false}}
