{"type": "result", "data": {"idx": 0, "options": ["an average of 10 times, with an rms deviation of about 4", "an average of 10 times, with an rms deviation of about 3", "an average of 10 times, with an rms deviation of about 1", "an average of 10 times, with an rms deviation of about 0.1"], "probs": [[0.04985428489571819, 0.07313082948048387, 0.4996459371921126, 0.3773689483316853], [0.03184055512943929, 0.04285470363922499, 0.9020006588540441, 0.023304082277291534], [0.06057661545503048, 0.10469881054088997, 0.36534486836472213, 0.4693797055393574], [0.031639677552275716, 0.05217490642732603, 0.8893237543168703, 0.026861661603527966], [0.024710705387741623, 0.6084629727321237, 0.2963817627105771, 0.07044455906955764], [0.02182754626761181, 0.5502377594204488, 0.3387966955078031, 0.08913799870413627], [0.0602522610840924, 0.1074456658939003, 0.44524181382273725, 0.38706025909927005], [0.02943495578485613, 0.0524846449678998, 0.8946034061404322, 0.023476993006811837], [0.07059650227610376, 0.13506362042065298, 0.3264543760458168, 0.46788550115742644], [0.034163875519136806, 0.052923207101199216, 0.8881040926972433, 0.024808824582420612], [0.025169754035921466, 0.610124564713296, 0.3018819273337992, 0.06282375381698328], [0.02201895929241425, 0.4936861890236798, 0.3964589752585935, 0.08783587632531245], [0.03496060697232346, 0.14160127145118956, 0.49409896349628335, 0.32933915798020363], [0.02943639287115787, 0.06532299554434043, 0.8671307611369314, 0.03810985034757022], [0.040409474394754806, 0.13462916867838035, 0.4413171689605167, 0.38364418786634813], [0.0283274753702827, 0.057684613564816745, 0.8813696814676855, 0.03261822949721512], [0.016398969852786077, 0.4795206731131894, 0.40355583570338643, 0.10052452123063803], [0.014904422822821771, 0.48238519278546443, 0.41887471465745085, 0.08383566963426295], [0.06442176837970283, 0.19852400711536033, 0.6356447622577629, 0.10140946214717386], [0.07257742055493548, 0.19131419553036136, 0.6270790368469822, 0.10902934696772101], [0.05261718598759628, 0.19710468099387748, 0.6511586914266939, 0.09911944149183229], [0.05798827602261075, 0.17052115146185912, 0.679487035709009, 0.09200353670652112], [0.0683053076565202, 0.1639354116440261, 0.6184659141830864, 0.14929336641636728], [0.07311808589554619, 0.16613796970590936, 0.6517709139742452, 0.10897303032429918]], "ideal": "B", "sampled": "D", "correct": false}}
{"type": "result", "data": {"idx": 1, "options": ["500 nm", "550 nm", "600 nm", "650 nm"], "probs": [[0.13764760207537638, 0.33284416919816057, 0.4918682153293027, 0.03764001329716035], [0.10586810812278077, 0.2901081226395444, 0.5090869881383872, 0.09493678099928773], [0.10966656406493698, 0.24146419722075346, 0.5882871969913167, 0.06058204162299281], [0.07866996174249305, 0.22949277326437206, 0.5504289022836004, 0.14140836260953452], [0.09175839103290782, 0.3203452169510525, 0.5364069242163237, 0.05148946769971587], [0.07313594166846904, 0.33043071378122507, 0.5197594126557149, 0.076673931794591], [0.22959089355762013, 0.26845855848203376, 0.4711137421949837, 0.030836805665362392], [0.2513551451216389, 0.2718216221034148, 0.4411647385091205, 0.035658494165825755], [0.17733220093666674, 0.2106202315097447, 0.5724704647806593, 0.03957710267292926], [0.1662181516188507, 0.2535068766074255, 0.5120359215235059, 0.06823905015021794], [0.20610942251572378, 0.2372666334461326, 0.5181897955344957, 0.03843414840364786], [0.11807623416437933, 0.23123389307903153, 0.5812525705318599, 0.0694373021247292], [0.13646479931357805, 0.2693323094377185, 0.552571574074966, 0.04163131707373745], [0.13665656170304777, 0.2614278074304867, 0.5363239409008402, 0.06559168986562529], [0.15021456552710177, 0.1959457219055192, 0.6035117416447127, 0.050327970822666344], [0.12167031769989846, 0.15872663849221766, 0.632614278454934, 0.08698876525294992], [0.146815254175769, 0.2577245812029861, 0.5287441571366724, 0.06671600738457252], [0.16515538094776364, 0.27236193415779186, 0.47052282090250214, 0.09195986389194231], [0.139035717156915, 0.280917079275013, 0.5414266605931999, 0.03862054287487205], [0.18506111685358034, 0.29578957730005306, 0.46527714745868126, 0.05387215828768532], [0.14598169943159614, 0.20430084496137882, 0.6004231563674558, 0.049294299139569286], [0.17242526620931886, 0.1835811991005571, 0.5743062367243549, 0.06968729786576912], [0.2159881192823158, 0.20293617700103497, 0.5022151581935946, 0.07886054542305461], [0.27968167213974754, 0.23189755408018645, 0.41986526470659924, 0.06855550897346674]], "ideal": "C", "sampled": "D", "correct": false}}
{"type": "result", "data": {"idx": 2, "options": ["There are no changes in the internal energy of the system.", "The temperature of the system remains constant during the process.", "The entropy of the system and its environment remains unchanged.", "The entropy of the system and its environment must increase."], "probs": [[0.0021572839567016652, 0.00860153608218217, 0.9119806331228278, 0.07726054673828832], [0.01322364538683829, 0.035958957224869685, 0.9417247850209531, 0.009092612267338856], [0.006657208495162646, 0.9005007390098934, 0.03921353549974226, 0.053628516895201685], [0.004236275903920383, 0.8270263286814306, 0.16017666867716196, 0.008560726637487096], [0.02093739500235149, 0.8704374525131802, 0.09166106051502024, 0.016964091869448125], [0.014910086085315279, 0.9232806599583668, 0.05163632765234848, 0.010172926203969389], [0.0018088391308183763, 0.008236398825626576, 0.9295735848256492, 0.06038117711790576], [0.011321266521507374, 0.03151558547443082, 0.9499634603970168, 0.007199687507044933], [0.003286616559748089, 0.941132177883001, 0.02604725886750849, 0.029533946589742465], [0.0027125687173674886, 0.8529679859526623, 0.13908835864802102, 0.005231086581949136], [0.017027340573942524, 0.9162283402327144, 0.051231327629459866, 0.01551299146388326], [0.011382204785223829, 0.9266747918228492, 0.051812970021247295, 0.010130033270679724], [0.9479217731682389, 0.022825438008736893, 0.014282223208674656, 0.014970565514349575], [0.9304125902258129, 0.022580020539047264, 0.043517098755247494, 0.0034902903798922865], [0.9441165448318541, 0.020539061062676216, 0.011885461729866336, 0.023458932275603313], [0.8675188736241347, 0.023487825548025167, 0.10524743409394038, 0.003745866633899746], [0.9717820932318819, 0.0259045733583872, 0.001617447347727346, 0.0006958859620035004], [0.9702966853854059, 0.026686204496636157, 0.0022774724396467222, 0.0007396375783112366], [0.40451621737492555, 0.11412392575728585, 0.33016642158527953, 0.15119343518250908], [0.3635980303647605, 0.08638153534952732, 0.5208605265408797, 0.029159907644832474], [0.2980904952816229, 0.31251651697337857, 0.12622318220193712, 0.26316980544306146], [0.06436212432145576, 0.12218175963783819, 0.7965299575336582, 0.016926158407047826], [0.008370505559282064, 0.9757183689273251, 0.008636489421195612, 0.007274635992197223], [0.008658680644648977, 0.9706313139041429, 0.012116005987549892, 0.00859399936365826]], "ideal": "C", "sampled": "C", "correct": true}}
{"type": "result", "data": {"idx": 3, "options": ["a dye laser", "a helium-neon laser", "an excimer laser", "a ruby laser"], "probs": [[0.34997165069220165, 0.4030944689589927, 0.047371554938542934, 0.19956232531026272], [0.12430630406397038, 0.16217054596296243, 0.7044440632809027, 0.00907908659216451], [0.07757313866623561, 0.04185741938392822, 0.7960009304234488, 0.08456851142638738], [0.12603032669315897, 0.048980543498951506, 0.7843764739023534, 0.04061265580553613], [0.052135198914744364, 0.3854051501260849, 0.5520260888380165, 0.010433562021154173], [0.10088256745521706, 0.7063004969844237, 0.08699461071813389, 0.10582232474222539], [0.5357946176879554, 0.4110098496078584, 0.02565852189425288, 0.027537010709933266], [0.5380215048251956, 0.30188736316523057, 0.14943200348313418, 0.01065912842643958], [0.281435860281704, 0.0673825849595288, 0.6148248543824936, 0.03635670027627368], [0.47685083524839805, 0.07088650286994913, 0.40159306213462614, 0.05066959964702671], [0.4682147202904586, 0.3119884330609012, 0.21108236753468979, 0.008714479013950437], [0.5037543270932476, 0.36875552622183755, 0.04835252925926705, 0.07913761732564774], [0.007547089103550321, 0.14024662727349813, 0.7580425816696811, 0.09416370185327043], [0.006910472235140838, 0.2307254101888714, 0.6369098311660472, 0.12545428630994054], [0.006246316042457004, 0.29184581875247845, 0.6575014376238464, 0.04440642748121818], [0.004809413266016609, 0.3562790572529574, 0.5516035145134651, 0.08730801486756085], [0.006023153392823326, 0.15908273341781218, 0.7470353507083756, 0.08785876238098894], [0.005453958964630528, 0.04786931225519565, 0.8484441415895364, 0.09823258709063745], [0.10405946570366996, 0.34133166230284434, 0.5454398418484564, 0.009169030045029366], [0.12134761814109526, 0.6668476114070995, 0.06755966199108615, 0.14424510836071905], [0.04937747594062481, 0.3221198982112579, 0.6208665497530242, 0.007636075995092983], [0.07982430756602839, 0.679447242590846, 0.07678444110695277, 0.1639440086361728], [0.03751364785359955, 0.03841541771530425, 0.8950675279042761, 0.029003406426820064], [0.03248768959832969, 0.03275038588742972, 0.8852030403160182, 0.049558884098222386]], "ideal": "A", "sampled": "B", "correct": false}}
{"type": "result", "data": {"idx": 4, "options": ["The Heisenberg uncertainty principle", "The Pauli exclusion principle", "The Bohr model of the atom", "Nuclear hyperfine coupling"], "probs": [[0.008004874318804818, 0.955335111682355, 0.01120313060667938, 0.025456883292160802], [0.007259280164864433, 0.9222094678524185, 0.05363985650076169, 0.01689139538195528], [0.020173805396117284, 0.025908683216644985, 0.899054492707457, 0.054863018579780765], [0.003492389472693376, 0.0035209645420343754, 0.024241506605132516, 0.9687451392801397], [0.015827619289522157, 0.09928222471171348, 0.8710238750359902, 0.013866280862774182], [0.004787965859705642, 0.04914295754781506, 0.0040956844943429, 0.9419733919981363], [0.9691070592893681, 0.018461524827995877, 0.006530745204032689, 0.005900670578603274], [0.9433580583320552, 0.018539937107609275, 0.03253522124262082, 0.005566783217714701], [0.9545499227664478, 0.027085278584115392, 0.008930856494172253, 0.00943394205526459], [0.9338133121422441, 0.029558099105882463, 0.026492833656558603, 0.01013575499531484], [0.9405202586553005, 0.053082177703214065, 0.0041894790404794725, 0.0022080845010059194], [0.9297161554543822, 0.06134661192185605, 0.004729812891641844, 0.004207419632119879], [0.014565144487739727, 0.031819857268524564, 0.8941511998698354, 0.05946379827390029], [0.0020371407288755114, 0.0035489249060393626, 0.010344972857858774, 0.9840689614072263], [0.007485143196140544, 0.9662711985933891, 0.008685808421652069, 0.01755784968881828], [0.006694999703612292, 0.9344554794941773, 0.03295756220093976, 0.025891958501270664], [0.004415135989522838, 0.05865098501015829, 0.004964241413055903, 0.931969637487263], [0.013466644613711592, 0.07339553814505811, 0.8869632820321783, 0.02617453510905194], [0.0585455074126485, 0.045249036538253413, 0.8808065605531108, 0.015398895395987246], [0.040989996923243885, 0.017364292003261613, 0.008135755735652781, 0.9335099552378417], [0.01765242457667568, 0.9648818660272437, 0.010545336023269646, 0.006920373272810946], [0.02179351714682829, 0.9571934913187935, 0.010626658230043202, 0.010386333204334998], [0.2543136259315905, 0.030862852146200583, 0.023109294354416037, 0.6917142274677929], [0.10704790161684166, 0.03847582781074169, 0.8290385704976638, 0.02543769997475282]], "ideal": "B", "sampled": "B", "correct": true}}
{"type": "result", "data": {"idx": 5, "options": ["1/2", "1", "3/2", "5/2"], "probs": [[0.5991757155398091, 0.06619235392582032, 0.325743658442051, 0.008888271992319566], [0.48559371581797284, 0.060788558116213046, 0.4421063747599377, 0.011511351205876427], [0.6490695109543838, 0.24640529727278623, 0.09497184641541227, 0.009553345257417613], [0.6853207276414278, 0.24060787605495262, 0.06891948510333673, 0.005151911100282826], [0.6021115633476973, 0.30282094338363064, 0.08276334948769423, 0.012304143680977745], [0.6102617232501683, 0.2883152576180083, 0.09505362012563541, 0.006369398906187997], [0.008794190852630121, 0.8108977531705012, 0.16462636912232778, 0.01568168675454091], [0.008735985567500677, 0.7220565736489174, 0.24936016110467407, 0.019847279578907816], [0.008141533302705251, 0.7928755403942542, 0.18819395144625556, 0.010788974756784926], [0.005467747286647029, 0.6626101073834595, 0.3177364736688496, 0.01418567156104381], [0.005603924518350951, 0.9211511816910659, 0.06462986166046662, 0.008615032030116522], [0.005436859994004538, 0.8798429319881554, 0.10177481116580138, 0.012945396752038615], [0.4667696136286972, 0.4525654978103207, 0.07384747860941811, 0.006817409851564037], [0.4904858620216771, 0.46816439870666376, 0.03390068664688859, 0.007449052524770515], [0.3312958236389842, 0.08119589240979785, 0.5813918880171238, 0.006116395834094085], [0.453707613583401, 0.08659774217387543, 0.4466199059391606, 0.013074738203562922], [0.5505763621171113, 0.19942594096850405, 0.2442958981454207, 0.005701798668964061], [0.5905690218050849, 0.2746756067581945, 0.11996895591133316, 0.014786415425387457], [0.7390781722865813, 0.16753107494896685, 0.08162861407806964, 0.011762138586382115], [0.7276912577876495, 0.13889684605588995, 0.12644238162286645, 0.006969514433594105], [0.44551106501766485, 0.05576785556013539, 0.48925437953132095, 0.00946669979087879], [0.5746387296213638, 0.05963222364887528, 0.3539865645597285, 0.01174248207003249], [0.5729292794421413, 0.22439473662519094, 0.19798220688680473, 0.0046937769458629906], [0.6329889444865971, 0.29442531763768026, 0.06266770067673721, 0.009918037098985389]], "ideal": "C", "sampled": "A", "correct": false}}
{"type": "result", "data": {"idx": 6, "options": ["V_0/5", "V_0/3", "V_0/2", "2V_0/3"], "probs": [[0.07090568541771412, 0.23078888652400972, 0.5281060337492218, 0.17019939420905428], [0.06280271197237548, 0.26456115632694144, 0.4498109388576257, 0.22282519274305743], [0.06423663203737091, 0.3502115528633064, 0.2812232610028662, 0.3043285539964565], [0.06262598744523151, 0.3578299773028298, 0.352058072291631, 0.22748596286030773], [0.04162674489856906, 0.362641968451877, 0.4654024644938176, 0.13032882205573634], [0.05698233842279908, 0.3575403391957371, 0.48848822708013373, 0.09698909520133014], [0.12492855544363139, 0.24090400210492777, 0.5427235000446751, 0.09144394230676577], [0.16103712202598963, 0.25950462396841856, 0.3278661169638032, 0.2515921369417886], [0.08895768439132389, 0.63748069771825, 0.07912519846809217, 0.19443641932233396], [0.08769522541111521, 0.5950369193924713, 0.23287451091408656, 0.084393344182327], [0.10777287322323846, 0.5784783240817291, 0.15558790944053782, 0.15816089315449466], [0.1037221316819222, 0.43356161732228876, 0.40074431588078907, 0.061971935014999965], [0.23196901033035325, 0.20480085602141543, 0.3824642839278138, 0.18076584962041753], [0.23141175506185027, 0.19803422687457523, 0.3815548121547614, 0.1889992058088131], [0.22780390760420335, 0.3368559579767483, 0.18885605598158717, 0.2464840783374612], [0.15536130514865013, 0.2771138138346744, 0.5094405753771035, 0.058084305539571904], [0.1829937045691094, 0.4358612466656043, 0.18157822840847063, 0.19956682025681569], [0.10968426623470669, 0.30778113920866534, 0.523334706447747, 0.059199888008880916], [0.18047186192639394, 0.15564162563789272, 0.5141787375240315, 0.1497077748116818], [0.1839322082782131, 0.1649431957859199, 0.49614100881060186, 0.15498358702526516], [0.12208144946058806, 0.5475288221043569, 0.1735217739824451, 0.1568679543526099], [0.10547909806002069, 0.4374812510359807, 0.40438407354197187, 0.052655577262026756], [0.12305979383601563, 0.573936221788292, 0.05997881642882205, 0.24302516784687034], [0.12079705861795374, 0.5010198279562277, 0.3037146582342259, 0.0744684550915926]], "ideal": "D", "sampled": "C", "correct": false}}
{"type": "result", "data": {"idx": 7, "options": ["0.25mc^2", "0.60mc^2", "0.67mc^2", "1.25mc^2"], "probs": [[0.004881655978385673, 0.46436548505657943, 0.4428237120397111, 0.08792914682532381], [0.007114695621448631, 0.5108925535523801, 0.26903407898679094, 0.2129586717393804], [0.0073688822065623655, 0.2460558719111118, 0.6685425657162848, 0.07803268006604104], [0.007916244655289935, 0.3090417078134527, 0.5013567194734673, 0.18168532795779008], [0.007010152217871609, 0.06011124058217141, 0.8625943808493909, 0.07028422625056605], [0.008300010334523706, 0.06844629551390993, 0.7892153761427381, 0.13403831790882825], [0.21278502108215436, 0.158177409874501, 0.5519379602756379, 0.07709960866770676], [0.12231682818524546, 0.14305213516621765, 0.4544725377051144, 0.2801584988434224], [0.2063376620677728, 0.30986839760623436, 0.39773425752219527, 0.08605968270379759], [0.052528933475374934, 0.13845282017995095, 0.7600305847046499, 0.048987661540024256], [0.11122780374985136, 0.3794527081724985, 0.3243789994718526, 0.18494048850579753], [0.08813947247586794, 0.23784327959672352, 0.6462689547389248, 0.027748293088483752], [0.10226791541499772, 0.09838384572147674, 0.7498718043015518, 0.04947643446197379], [0.08954135538985843, 0.11322853783258773, 0.41405198486169287, 0.383178121815861], [0.26959666908365887, 0.3104172085334321, 0.3685088794515824, 0.05147724283132664], [0.1200901319003396, 0.18753520420884018, 0.6442079211361494, 0.04816674265467079], [0.10624056387554576, 0.3004435024888144, 0.2734237631392027, 0.31989217039643714], [0.08364474975111169, 0.17994881110205058, 0.7114745550061989, 0.024931884040638754], [0.009069902399118064, 0.039410809078466, 0.8828780835133954, 0.06864120490902054], [0.009916611124162396, 0.04048000685212471, 0.8386774559204039, 0.11092592600330897], [0.035708189805189534, 0.7882747825551354, 0.10660614310493757, 0.06941088443473753], [0.028197996129774083, 0.6782867415070568, 0.2572883180378797, 0.0362269442252894], [0.06977956169462395, 0.528175727896228, 0.21662990461411694, 0.18541480569503116], [0.037608994756444726, 0.27803315541936763, 0.6563945839899974, 0.027963265734190185]], "ideal": "A", "sampled": "B", "correct": false}}
{"type": "result", "data": {"idx": 8, "options": ["Planck\u2019s constant", "Boltzmann\u2019s constant", "The Rydberg constant", "The speed of light"], "probs": [[0.4188144809454265, 0.006262893332436299, 0.002339783826697049, 0.5725828417954402], [0.4148694511631738, 0.0066547504543752935, 0.575989177989149, 0.002486620293301923], [0.5402377960295613, 0.003786017035710044, 0.008013177835797868, 0.4479630089989307], [0.19033542090728894, 0.004766108795058696, 0.8013569666203403, 0.003541503577312103], [0.7080488523749403, 0.2862387485477401, 0.004808689279313445, 0.0009037096980061749], [0.5133755969936239, 0.4826697566002749, 0.002891022107447826, 0.001063624198653401], [0.0008386964075401472, 0.9201892933646241, 0.003476180730142799, 0.07549582939769299], [0.000593572972111803, 0.9325728427452533, 0.060978438777195144, 0.005855145405439784], [0.00044011543411564245, 0.0017137598669479228, 0.9749164689563056, 0.022929655642630872], [0.00021018863540992443, 0.0006946367231465083, 0.49169978639745565, 0.5073953881439879], [0.000934013860343866, 0.027729231754913475, 0.9696715435907125, 0.0016652106940301184], [0.0004936311144904975, 0.055757964833357675, 0.0009818082869435545, 0.9427665956652083], [0.000409371165237416, 0.9580588516397754, 0.006921193654266145, 0.03461058344072097], [0.0002951071334999067, 0.9662364384529062, 0.02892543817807956, 0.00454301613551432], [0.00019841895549156235, 0.005708112248917593, 0.8739420089622335, 0.12015145973335734], [0.00014738933560623084, 0.0022170951166586507, 0.6390829694544912, 0.35855254599324393], [0.0005660045894921145, 0.20632267216273034, 0.7906140147519818, 0.0024973083957958043], [0.0007817762468149934, 0.9346728182191756, 0.02628613577129809, 0.03825926966271138], [0.003634952458788095, 0.9851033645321244, 0.008451731839272853, 0.002809951069814622], [0.0032752057166644563, 0.9903857422239863, 0.0042725942504976775, 0.0020664577088514934], [0.017215382378195164, 0.06248968120151552, 0.9181563891778862, 0.0021385471424030487], [0.0065986540887657315, 0.01986456814256734, 0.0014842799607491563, 0.9720524977079178], [0.003714173477971712, 0.003153171082265273, 0.9904774191197698, 0.002655236219993208], [0.12932900384537055, 0.008142219415751295, 0.08220537307044642, 0.7803234035684318]], "ideal": "A", "sampled": "A", "correct": true}}
{"type": "result", "data": {"idx": 9, "options": ["mc/2", "mc/(2^(1/2))", "mc", "(3^(1/2))mc"], "probs": [[0.0110466887299685, 0.8782194635205773, 0.10647107396934581, 0.004262773680108399], [0.008459425158529415, 0.9411603237700897, 0.04229945968717315, 0.008080791284207732], [0.04155340923846779, 0.1631575130032518, 0.7903226867143739, 0.00496639094390648], [0.26281564592947104, 0.30265935294058566, 0.42658482627040867, 0.007940174759534643], [0.06554513814984274, 0.6032540471726017, 0.31766195366298594, 0.013538860914569668], [0.0631797722048892, 0.6744805956919626, 0.2518541955724948, 0.010485436430653331], [0.24163405572289665, 0.4884310061662682, 0.2654015121107001, 0.0045334259001350045], [0.36865519477931347, 0.5538400261468917, 0.06819718146227219, 0.00930759751152273], [0.37619942670320217, 0.3071862533748973, 0.3118765127287661, 0.004737807093134456], [0.5364172944251654, 0.3519601153387558, 0.09541804892062906, 0.016204541215449706], [0.5836596611504811, 0.13759732620255855, 0.2713934260975861, 0.00734958644937428], [0.6010436263934574, 0.1669459598833075, 0.22108478286021582, 0.010925630763019285], [0.007745046997715957, 0.24107397734033945, 0.7421914091342817, 0.008989566427662835], [0.005834865982018134, 0.6290667795991437, 0.34711391522271545, 0.017984439096122695], [0.007634781193528637, 0.7916352154578677, 0.1908422267220069, 0.009887776526596675], [0.0069130307371784334, 0.8921467937124473, 0.08421282167431347, 0.016727353776060785], [0.009515000736683937, 0.5533768072057316, 0.3860295508013281, 0.05107864115625633], [0.009133782730231682, 0.4473129454032713, 0.5145044008139621, 0.02904887095253488], [0.02231707415388471, 0.36617424944041793, 0.5939738727736539, 0.017534803532043473], [0.016700228954489294, 0.5623327587373644, 0.38612381267246687, 0.03484319953567938], [0.0333570698249437, 0.5263921765007492, 0.42265201791578777, 0.01759873565851936], [0.032126649133852735, 0.5926970044144126, 0.3427618924749718, 0.032414453876762825], [0.1283015296297198, 0.17547640006564702, 0.6567512676571186, 0.039470802547514644], [0.05073582701055164, 0.1286211149500284, 0.8063203609026018, 0.014322697036818084]], "ideal": "D", "sampled": "B", "correct": false}}
{"type": "result", "data": {"idx": 10, "options": ["square", "hexagon", "cube", "tetrahedron"], "probs": [[0.0013519639008196368, 0.9885536243775133, 0.005517143983608918, 0.004577267638058188], [0.0012833819157331502, 0.9835353833421552, 0.010333781792629743, 0.004847452849481963], [0.005965518770110771, 0.18274728969030543, 0.7936118847768739, 0.017675306662709857], [0.01048087422273918, 0.30636390799473934, 0.5721987996899014, 0.11095641799262006], [0.005287299218071494, 0.6408270378978967, 0.337463933645125, 0.016421729138906688], [0.0048179350082092455, 0.9258622807512181, 0.0400211201374716, 0.029298664003101032], [0.9946818417608707, 0.002159627737849371, 0.001965913118315977, 0.0011926172829639925], [0.992007423066901, 0.00244052938199279, 0.004150577307891646, 0.0014014701432145133], [0.99167685946275, 0.005762624976150765, 0.0009478393986413919, 0.001612676062457859], [0.9889080452374884, 0.00671809435096572, 0.0031973311509048237, 0.0011765291606409785], [0.9923318534551702, 0.006483494711015563, 0.0004959438766104063, 0.000688707857203891], [0.9887644907496201, 0.00835947663894064, 0.0018215519919225617, 0.0010544805195166144], [0.002754591149838227, 0.00868749890760665, 0.9654886046874395, 0.023069305155115696], [0.005191454021217767, 0.013573186940626489, 0.907853930039193, 0.07338142889896275], [0.0036559261908226544, 0.9680674338825298, 0.007386248759231236, 0.020890391067416268], [0.0031878588159705676, 0.9417559155295457, 0.04758056377902813, 0.007475661775455579], [0.007565476168654012, 0.9611098384144136, 0.005712455265676189, 0.025612230051256183], [0.006017309105232431, 0.839483195556083, 0.14351211386569743, 0.01098738137298718], [0.7302191021136993, 0.009337991004726723, 0.25633100937867553, 0.004111897402898456], [0.9808584633374782, 0.006456881562081431, 0.007373088676931357, 0.0053115663235090635], [0.929314004124464, 0.06840435450965456, 0.0011228940101101139, 0.0011587472557713862], [0.9002829797599612, 0.09344531603475259, 0.004301753364354238, 0.001969950740931955], [0.9836682246857615, 0.010761500796674884, 0.0009776491942514848, 0.00459262522331212], [0.9508711955962714, 0.02101146673558483, 0.025339565002169787, 0.0027777725659739504]], "ideal": "D", "sampled": "B", "correct": false}}
{"type": "result", "data": {"idx": 11, "options": ["0.024 m", "0.048 m", "0.121 m", "0.242 m"], "probs": [[0.017611590363526657, 0.3122423780844269, 0.650644759528983, 0.019501271923063335], [0.024874955357588446, 0.3151977290879737, 0.6267007447922291, 0.03322657066220868], [0.01683837344566018, 0.3056116411213227, 0.6570725505177702, 0.02047743481524681], [0.013218507694424987, 0.351802159429299, 0.617324273625402, 0.01765505915087401], [0.04265153256679148, 0.3227228109742339, 0.6123143813259031, 0.022311275033071537], [0.026923681585126733, 0.2987286938505563, 0.652363694403444, 0.021983930060872948], [0.030210617538454717, 0.39188331422140515, 0.5612151800119556, 0.01669088812818451], [0.03353578603218374, 0.40867292953046497, 0.5328583726738594, 0.024932911663491906], [0.02555443703865221, 0.3998376398769932, 0.5550067200333723, 0.01960120295098233], [0.021586224688947407, 0.39486408267959505, 0.5655069525341717, 0.01804273999728586], [0.024803824258279265, 0.39729651064743327, 0.5601662292485386, 0.01773343574574885], [0.02167683324667761, 0.30881023702324256, 0.65364844579784, 0.015864483832239845], [0.04262303838416568, 0.3077219626936093, 0.6313162856962093, 0.018338713126015677], [0.03532604355538355, 0.2736168689387649, 0.6771097501129535, 0.01394733729289805], [0.04131949107628382, 0.3302021452913235, 0.6168193539392461, 0.011659009593146542], [0.03541353044432237, 0.36911466566001255, 0.580587695449758, 0.014884108345907155], [0.05174740506018417, 0.5696903169492001, 0.3620153774398079, 0.01654690045080787], [0.04979166510133422, 0.37969059818977374, 0.5523360689306125, 0.018181667678279525], [0.16081624689975035, 0.16594616566108192, 0.6562833580483375, 0.016954229290830184], [0.14151166153133363, 0.12886650521061158, 0.718706850818067, 0.010914982339987826], [0.07150393617177321, 0.2575471064556319, 0.6576142212446422, 0.013334736027952671], [0.06090472840361162, 0.21428918237641026, 0.7136240997488166, 0.011181989371161593], [0.07313967529483612, 0.3893701153854302, 0.5238487744359263, 0.01364143478380743], [0.07056457243883008, 0.3556595964273478, 0.5594345679711991, 0.01434126306262309]], "ideal": "D", "sampled": "D", "correct": true}}
{"type": "result", "data": {"idx": 12, "options": ["Specific heat", "Thermal conductivity", "Electrical resistivity", "Hall coefficient"], "probs": [[0.005168921830987291, 0.017488997889746272, 0.07304134379197068, 0.9043007363872958], [0.005877756576383274, 0.02782934713322188, 0.8324760820005289, 0.13381681418986588], [0.005082137220665935, 0.0801391867541976, 0.011631943901788287, 0.9031467320233482], [0.007830644302744116, 0.12252782717617332, 0.8371756968300654, 0.03246583159101718], [0.006249207700016159, 0.9212804585643992, 0.02590669938369647, 0.04656363425188818], [0.005635822010522155, 0.8841267212621763, 0.09024870106566127, 0.01998875556164027], [0.005517433432889733, 0.016997395192418885, 0.04917244644735686, 0.9283127248273345], [0.005895964304859863, 0.027697814483836285, 0.7485203703891171, 0.21788585072218675], [0.007466552622113262, 0.23417013361624173, 0.014057254999911842, 0.7443060586617332], [0.009541809381944363, 0.182932287016513, 0.7821832917645513, 0.02534261173699131], [0.007190472143825432, 0.9354178531363965, 0.01880229056384082, 0.038589384055937266], [0.006634558025142352, 0.8901877889767799, 0.08470856471981526, 0.01846908817826249], [0.006624543623943981, 0.006574879450292124, 0.0031788528672272425, 0.9836217239585366], [0.018214685806645863, 0.035395659436851835, 0.9056468588220544, 0.04074279583444789], [0.013737827314169084, 0.011216059143202985, 0.0039059831120314948, 0.9711401303305964], [0.021423009475057386, 0.0426155613237015, 0.9111030408410986, 0.024858388260142552], [0.017687275739169298, 0.9592759282763708, 0.013782390705693537, 0.009254405178766342], [0.017404326486540504, 0.9513538106726381, 0.02067803882928759, 0.010563823911533796], [0.9604941331545417, 0.02313193756180441, 0.00673201143893373, 0.009641917744720117], [0.9290801002212347, 0.03204883575596524, 0.032048057170216804, 0.006823006752583286], [0.9544255990310215, 0.028605763638853678, 0.006689697684052337, 0.01027893954607244], [0.9080573015030802, 0.04416952878716802, 0.040217163551471966, 0.007556006058279855], [0.9539533251452813, 0.03938750427989717, 0.003692592030415996, 0.0029665784444054782], [0.9479465278156469, 0.0423173054348818, 0.00628995355426048, 0.0034462130952107525]], "ideal": "D", "sampled": "D", "correct": true}}
{"type": "result", "data": {"idx": 13, "options": ["two hydrogen atoms and one helium atom", "four hydrogen atoms and one helium atom", "six hydrogen atoms and two helium atoms", "three helium atoms and one carbon atom"], "probs": [[0.828331855806527, 0.10209658338177434, 0.06641442550699052, 0.003157135204708085], [0.8419886218735431, 0.1464020413264933, 0.0051262824622519436, 0.006483054237711642], [0.5683025340768827, 0.054549703614744795, 0.37270380503236233, 0.004443957176010177], [0.6973866798391937, 0.21285702550317293, 0.007055714841627666, 0.08270057971600574], [0.6912884808099835, 0.0167758187743239, 0.283694420219357, 0.008241280096335617], [0.19519458963700143, 0.013495894323562654, 0.42641795233270624, 0.3648915636067297], [0.7036637940017879, 0.24326750100770153, 0.049402901979133496, 0.0036658029113771024], [0.6330890138435403, 0.35537028755931305, 0.006017185822674929, 0.0055235126744716785], [0.5428680759311391, 0.11927545030576067, 0.33444535619908056, 0.003411117464019752], [0.39667634871277885, 0.37884612510562266, 0.008630933608949377, 0.2158465924726491], [0.22295469349961997, 0.016536559030078852, 0.7543285683936217, 0.006180178976679413], [0.36488580190346914, 0.015420256896913433, 0.37650352186711544, 0.24319041923250195], [0.5833160538644339, 0.2016405850241676, 0.20797812366544213, 0.007065237345956405], [0.4189231520151341, 0.5218877947371193, 0.010656103808294173, 0.04853294933945238], [0.3866288298733226, 0.31076403928257457, 0.2964510867670637, 0.006156043977039128], [0.11467717194187763, 0.6607920729882888, 0.01338586904136127, 0.21114488592847225], [0.5641164390321932, 0.029899176009232715, 0.3877050907054858, 0.018279294153088245], [0.2771100272561835, 0.02257357618668803, 0.5097567797241978, 0.19055961673293073], [0.005736021520304505, 0.8323796595218136, 0.1357491101418566, 0.02613520871602531], [0.005573403745900059, 0.6601141960761215, 0.25424362951683666, 0.08006877056114174], [0.005862861735814824, 0.5621584373994024, 0.4046374488967639, 0.027341251868018873], [0.005385438815782224, 0.42147161806634076, 0.4698558962180163, 0.10328704679986066], [0.007133370320502324, 0.7168984936546119, 0.24372235229800937, 0.03224578362687645], [0.008070061388348041, 0.6170261215913648, 0.2693430916551561, 0.10556072526513102]], "ideal": "B", "sampled": "A", "correct": false}}
{"type": "result", "data": {"idx": 14, "options": ["Lines in the infrared, visible, and ultraviolet regions of the spectrum reveal primarily the nuclear structure of the sample.", "The wavelengths identified in an absorption spectrum of an element are among those in its emission spectrum.", "Absorption spectra can be used to determine which elements are present in distant stars.", "Spectral analysis can be used to identify the composition of galactic dust."], "probs": [[0.6228073672340441, 0.18421045953624665, 0.1702860102185117, 0.022696162911197595], [0.5369790685980497, 0.21710871649285995, 0.2169898946226673, 0.028922320186423014], [0.6346447933182773, 0.08864744570128409, 0.2524737365715845, 0.024234024308854116], [0.7041893960661907, 0.10471433048978493, 0.021097365057309667, 0.16999890828671474], [0.4263094694956216, 0.08140000760784354, 0.4757525359792046, 0.016537986817330253], [0.7350866149440406, 0.1318549015878088, 0.049243654994484874, 0.08381482837366566], [0.009573204281418033, 0.3324434999193262, 0.6112109915656726, 0.04677230413358322], [0.0065984429397193045, 0.25561598512096056, 0.6837983879612191, 0.05398718387810102], [0.006013020376006835, 0.023789411286454527, 0.8997236443263599, 0.07047392391117879], [0.0025176061842365313, 0.006531925542528708, 0.006039780690564354, 0.9849106874826704], [0.006520616705909498, 0.03210872354590018, 0.8884399971219195, 0.07293066252627088], [0.0029197615881044543, 0.008583828734054987, 0.01904008873591614, 0.9694563208419245], [0.03135379204952675, 0.14172711069447794, 0.7659716120284841, 0.06094748512751127], [0.02440622303448776, 0.316791295674736, 0.18319885646944384, 0.4756036247213324], [0.016833198966949958, 0.09248679754813587, 0.8371581325213396, 0.0535218708635745], [0.011079478553788078, 0.1591519350001831, 0.11636133759059658, 0.7134072487554323], [0.008749577886493904, 0.018099706078754704, 0.7401945369637544, 0.23295617897099702], [0.0065482496002966205, 0.01312930410682073, 0.8059936727271281, 0.17432877346575457], [0.042016099821179875, 0.10570049951136717, 0.8057462512212933, 0.04653714934615969], [0.0580938730437833, 0.24671785918162356, 0.5060093772199168, 0.1891788904546763], [0.025166683552754008, 0.17210518270774322, 0.7592187125017898, 0.043509421137712896], [0.013413071012018768, 0.09462266634721926, 0.03506712696786306, 0.8568971355728989], [0.015828149067313585, 0.0314885408653608, 0.7810687857983821, 0.17161452416894352], [0.009400580094933305, 0.017845029042823205, 0.5727568874918059, 0.3999975032704376]], "ideal": "A", "sampled": "A", "correct": true}}
{"type": "result", "data": {"idx": 15, "options": ["Bosons have symmetric wave functions and obey the Pauli exclusion principle.", "Bosons have antisymmetric wave functions and do not obey the Pauli exclusion principle.", "Fermions have symmetric wave functions and obey the Pauli exclusion principle.", "Fermions have antisymmetric wave functions and obey the Pauli exclusion principle."], "probs": [[0.3701108312956986, 0.38813491784323595, 0.19201926455918675, 0.04973498620187871], [0.28590673311886183, 0.3293169152754429, 0.33427208783216417, 0.05050426367353108], [0.244707764993782, 0.1461990188377855, 0.5021212733937943, 0.10697194267463825], [0.10873961366564712, 0.13539501922419472, 0.6872493572795878, 0.06861600973057033], [0.27338019010671044, 0.4043559431625368, 0.23750999567517783, 0.0847538709555749], [0.2899318548767357, 0.42879553347127636, 0.20559328179707712, 0.07567932975491085], [0.7013684484355314, 0.14710947814934544, 0.09344501012581063, 0.0580770631893126], [0.6984176299178164, 0.12826005100890084, 0.15582523328836795, 0.017497085684914787], [0.6681705936625573, 0.2007865376833417, 0.07614463822267112, 0.054898230331429876], [0.642617336413224, 0.20552822677468546, 0.12360089854925486, 0.028253538162835656], [0.7207169318604085, 0.20025136637764615, 0.06346865334631721, 0.015563048315628138], [0.6479205650092562, 0.21050068812570358, 0.1041282643485668, 0.03745048241647338], [0.4980587445081569, 0.06434315933774251, 0.406480373151363, 0.031117722902737593], [0.7252122730388882, 0.046376805650696164, 0.21773328098116132, 0.010677640229254288], [0.6586727536109388, 0.25020253795604214, 0.07106655130048152, 0.020058157032537473], [0.7349366894581969, 0.21740940972223607, 0.037165130170122476, 0.010488770549444516], [0.8366893755031313, 0.1205989080336123, 0.030955892889198876, 0.011755823474057585], [0.6595223668214228, 0.11830196748798412, 0.2011298127481715, 0.02104585284242153], [0.8370052256199648, 0.06457763838187003, 0.0731275157839337, 0.025289620114231484], [0.924994428805589, 0.040661391737727474, 0.024457717835811323, 0.009886461520872138], [0.8623245791280045, 0.09834459917624358, 0.023524034086402475, 0.01580678750934944], [0.9335016664328637, 0.05653256223435607, 0.006800975722828187, 0.003164795509951991], [0.955347306598163, 0.024303419694134777, 0.012701908219839826, 0.007647365387862356], [0.9179613775008251, 0.026050266573941407, 0.049800654504654256, 0.006187701320579217]], "ideal": "D", "sampled": "D", "correct": true}}
{"type": "result", "data": {"idx": 16, "options": ["The Heisenberg uncertainty principle", "The Pauli exclusion principle", "The Bohr model of the atom", "Nuclear hyperfine coupling"], "probs": [[0.008004874318804818, 0.955335111682355, 0.01120313060667938, 0.025456883292160802], [0.007259280164864433, 0.9222094678524185, 0.05363985650076169, 0.01689139538195528], [0.020173805396117284, 0.025908683216644985, 0.899054492707457, 0.054863018579780765], [0.003492389472693376, 0.0035209645420343754, 0.024241506605132516, 0.9687451392801397], [0.015827619289522157, 0.09928222471171348, 0.8710238750359902, 0.013866280862774182], [0.004787965859705642, 0.04914295754781506, 0.0040956844943429, 0.9419733919981363], [0.9691070592893681, 0.018461524827995877, 0.006530745204032689, 0.005900670578603274], [0.9433580583320552, 0.018539937107609275, 0.03253522124262082, 0.005566783217714701], [0.9545499227664478, 0.027085278584115392, 0.008930856494172253, 0.00943394205526459], [0.9338133121422441, 0.029558099105882463, 0.026492833656558603, 0.01013575499531484], [0.9405202586553005, 0.053082177703214065, 0.0041894790404794725, 0.0022080845010059194], [0.9297161554543822, 0.06134661192185605, 0.004729812891641844, 0.004207419632119879], [0.014565144487739727, 0.031819857268524564, 0.8941511998698354, 0.05946379827390029], [0.0020371407288755114, 0.0035489249060393626, 0.010344972857858774, 0.9840689614072263], [0.007485143196140544, 0.9662711985933891, 0.008685808421652069, 0.01755784968881828], [0.006694999703612292, 0.9344554794941773, 0.03295756220093976, 0.025891958501270664], [0.004415135989522838, 0.05865098501015829, 0.004964241413055903, 0.931969637487263], [0.013466644613711592, 0.07339553814505811, 0.8869632820321783, 0.02617453510905194], [0.0585455074126485, 0.045249036538253413, 0.8808065605531108, 0.015398895395987246], [0.040989996923243885, 0.017364292003261613, 0.008135755735652781, 0.9335099552378417], [0.01765242457667568, 0.9648818660272437, 0.010545336023269646, 0.006920373272810946], [0.02179351714682829, 0.9571934913187935, 0.010626658230043202, 0.010386333204334998], [0.2543136259315905, 0.030862852146200583, 0.023109294354416037, 0.6917142274677929], [0.10704790161684166, 0.03847582781074169, 0.8290385704976638, 0.02543769997475282]], "ideal": "B", "sampled": "B", "correct": true}}
