{"type": "result", "data": {"idx": 0, "options": ["7 N", "5 N", "10 N", "12 N"], "probs": [[0.1778763181426176, 0.38593046703262823, 0.3915282668816442, 0.04466494784311001], [0.2127607190332223, 0.4689747147051066, 0.2840333612429933, 0.034231204918677836], [0.12664218792228668, 0.6646671395332187, 0.14689498043863924, 0.061795692005855385], [0.08802938263662415, 0.5931398735390558, 0.27972471085989076, 0.03910603286442927], [0.1712251844047645, 0.6032934582016034, 0.19250211962429242, 0.0329792376693397], [0.14144466815964551, 0.514090597578138, 0.31134968992934475, 0.03311504423287166], [0.04290010566953371, 0.44074328391105577, 0.46120937392008765, 0.055147236399322806], [0.03771014054390372, 0.5551009053531799, 0.3633879043531342, 0.0438010496497822], [0.06436746325339704, 0.3566473703087162, 0.5347024620115697, 0.044282704326317035], [0.061614484277328484, 0.4778682940482244, 0.4210020052332611, 0.039515216341186016], [0.08215909899914708, 0.4482759861148266, 0.4406900145288923, 0.028874900257134014], [0.09912639073361719, 0.5243507007568101, 0.3379565166420174, 0.03856639176755529], [0.023024181306253624, 0.5456875216538606, 0.3923924912467392, 0.038895805693146594], [0.01967116949540752, 0.5988291902946336, 0.3198905205333321, 0.06160911957662681], [0.02053859114053679, 0.2604410747213915, 0.6853933406287362, 0.03362699340933549], [0.021351056840870564, 0.410034216338694, 0.5091285420559535, 0.05948618466448191], [0.024475373689996038, 0.5201345759130122, 0.4171416225186323, 0.038248427778359455], [0.02291084905341036, 0.5875398242472878, 0.32368420044056573, 0.06586512615873616], [0.06546640151582149, 0.5489859971977893, 0.3594755396082811, 0.026072061578108062], [0.06846071141453268, 0.4401945657406728, 0.4678424160606453, 0.023502306684149234], [0.06550377948319375, 0.3715460195827136, 0.5399320406636405, 0.023018160170452124], [0.08708489037646727, 0.38181186145240964, 0.49722800209498647, 0.03387524597613665], [0.1444762527597738, 0.5590341801184473, 0.27629393902495486, 0.020195627996824055], [0.13013633211721742, 0.5888211927764583, 0.24886226472928705, 0.03218021027703726]], "ideal": "A", "sampled": "A", "correct": true}}
{"type": "result", "data": {"idx": 1, "options": ["weight of fluid.", "volume of fluid.", "density of fluid.", "All of these."], "probs": [[0.07292335844455458, 0.5079306098645061, 0.011724970622121064, 0.4074210609688182], [0.013700756600266394, 0.13858841719626902, 0.8347273089762186, 0.012983517127246023], [0.019329032421967103, 0.019808130797422656, 0.18195541403428764, 0.7789074226463226], [0.0126148725872882, 0.017399039506640974, 0.8310212081813055, 0.13896487962476525], [0.013877027912226968, 0.2643945561676355, 0.6632835385679898, 0.05844487725214772], [0.058833367896899885, 0.5221329576804894, 0.04372494746661638, 0.37530872685599437], [0.5596059640998069, 0.07407974557977337, 0.004658215280344863, 0.36165607494007485], [0.0799112553141456, 0.04558420184001315, 0.8594780463102499, 0.015026496435591348], [0.38345972965728425, 0.017399138922778064, 0.0319731593708091, 0.5671679719491286], [0.09101815842922499, 0.024134813728305945, 0.863880485980492, 0.020966541761976966], [0.44054486168238405, 0.38955123824852217, 0.06102511908724226, 0.10887878088185153], [0.5245112849594779, 0.39702667805879843, 0.012245462917183174, 0.0662165739645405], [0.011718099411831244, 0.023509808694016966, 0.25049986313014233, 0.7142722286640095], [0.0055491927432873445, 0.011855546126063293, 0.7211990765442191, 0.2613961844864302], [0.010710599601740173, 0.3341979014478289, 0.03196214443206673, 0.6231293544183643], [0.008166464755586958, 0.1394330225339819, 0.8331005943479289, 0.01929991826250223], [0.011298568897125952, 0.2876206332760637, 0.38579401298145544, 0.31528678474535493], [0.005175718236464862, 0.07101556198372803, 0.8840254568171774, 0.03978326286262976], [0.1050628898159603, 0.5477226727181118, 0.31385774994374044, 0.0333566874221874], [0.2365489354498929, 0.34804121401866644, 0.015487977633774724, 0.39992187279766594], [0.08722289878211513, 0.7634582717855051, 0.05334565554554612, 0.09597317378683372], [0.2536037497891714, 0.6615815585522722, 0.009111094981349115, 0.07570359657720727], [0.1289041220022905, 0.2609755156891331, 0.09139573032379522, 0.5187246318847812], [0.08717736310565075, 0.27330924503130033, 0.442844503327964, 0.19666888843508493]], "ideal": "B", "sampled": "D", "correct": false}}
{"type": "result", "data": {"idx": 2, "options": ["totally internally reflects", "passes into the air above", "is absorbed", "None of these"], "probs": [[0.7832752787909224, 0.16688238989933535, 0.007331487931573754, 0.04251084327816852], [0.696330280368296, 0.19956571753856375, 0.09063176469932607, 0.013472237293814141], [0.7354177886660932, 0.04023093014725267, 0.1308400193533593, 0.09351126173329484], [0.7078081954323181, 0.037815705423145246, 0.17618739583701046, 0.07818870320752622], [0.6645531478507987, 0.1361156341072617, 0.14260555215353649, 0.05672566578840316], [0.781103706528212, 0.14683682401911943, 0.006920880490765404, 0.06513858886190313], [0.03029433941611633, 0.9590236320498048, 0.0028893555238101174, 0.007792672910268756], [0.031563827901101814, 0.9457147123357794, 0.015036783200583137, 0.00768467646253562], [0.051599704565924824, 0.04180728410098136, 0.8868383864820686, 0.01975462475102523], [0.024769838943034445, 0.007213666116495403, 0.00810699445693149, 0.9599095003835386], [0.04902279079729208, 0.0659848560615436, 0.8759895031960901, 0.009002849845074198], [0.03926812344166399, 0.0346789939314057, 0.0029362036717437774, 0.9231166788551866], [0.010827908197002245, 0.8965178824166966, 0.06685463110148526, 0.02579957818481585], [0.017571390000675886, 0.910321669754282, 0.021201238428939416, 0.05090570171610273], [0.015633188128274536, 0.05250434184851593, 0.9159734810122793, 0.01588898891093021], [0.008454893027612797, 0.015931897323744504, 0.005128626859222306, 0.9704845826894204], [0.015180015567401102, 0.03586973162697209, 0.8824531221403425, 0.06649713056528431], [0.004522782185328182, 0.006283313829142097, 0.01949144298197535, 0.9697024609035544], [0.04538563410220902, 0.8991879963756526, 0.04101702364224619, 0.014409345779892184], [0.10436293617810609, 0.8821367139510766, 0.004081936605934816, 0.009418413164882445], [0.040020586917804066, 0.15468847029746224, 0.7977676019314306, 0.007523340753303049], [0.026861840906403412, 0.03674514225641713, 0.0033631250321540396, 0.9330298917050254], [0.026631229444061273, 0.04392719096535941, 0.778481750954108, 0.15095982853647136], [0.009479959075171242, 0.008050564179260563, 0.014914914838470131, 0.9675545618070981]], "ideal": "B", "sampled": "A", "correct": false}}
{"type": "result", "data": {"idx": 3, "options": ["always.", "sometimes.", "never.", "on planet Earth only."], "probs": [[0.15074800458805795, 0.3484359798080123, 0.4681741155721232, 0.032641899931806606], [0.18392660681171435, 0.36677323700852626, 0.34915598064218145, 0.10014417543757793], [0.17997995102665404, 0.3846305349040505, 0.41533038671730144, 0.020059127251993984], [0.16073061411265113, 0.39238655945046924, 0.39170372858148456, 0.05517909775539505], [0.3421163456659228, 0.32981063929446636, 0.212435239161609, 0.11563777577800179], [0.2556988327213847, 0.3447393217122702, 0.35507941639314095, 0.044482429073204176], [0.06483539483057084, 0.76700929248155, 0.1299715398109316, 0.03818377277694749], [0.06504677641242386, 0.7820447274684197, 0.08822169438946283, 0.06468680162969363], [0.07061555148472344, 0.34811389704608475, 0.5470869454089101, 0.034183605960281714], [0.04526108165667727, 0.49537991761827427, 0.2624178034983564, 0.196941197126692], [0.03510474873903907, 0.03030717313291666, 0.9200488774636371, 0.0145392005644072], [0.04019375025246685, 0.13327638406385225, 0.7357563156418471, 0.09077354994183374], [0.18368830693408306, 0.627828876102721, 0.1712381338323624, 0.017244683030833624], [0.19870596159804063, 0.6089036765244121, 0.14088668735582816, 0.051503674421719055], [0.13888309842865462, 0.20712834517401307, 0.622721967699237, 0.03126658859809527], [0.17422306535885942, 0.2879015803049196, 0.31549862024013287, 0.22237673399608812], [0.09790384117201067, 0.10856148039549542, 0.7585713916524472, 0.034963286680046675], [0.17326315003783108, 0.1520996563297351, 0.48987329731264434, 0.18476389621978948], [0.04869672828550933, 0.696188480866099, 0.1595978820329127, 0.09551690871547905], [0.05120804131168923, 0.6767892694623747, 0.21388068737131005, 0.058122001754626], [0.07733081161230734, 0.0892235611412603, 0.7516116851250586, 0.08183394202137376], [0.06157270726582535, 0.10182534750538043, 0.6675887603749503, 0.16901318475384394], [0.0297354293756371, 0.19294010208633153, 0.7322760860575632, 0.045048382380468086], [0.03895776747491125, 0.2865030786593087, 0.42209571910225185, 0.2524434346635282]], "ideal": "B", "sampled": "A", "correct": false}}
{"type": "result", "data": {"idx": 4, "options": ["changes", "aligns with the electric field", "is at right angles to the electric field", "converts to magnetic energy"], "probs": [[0.9296699044153083, 0.02086887481212148, 0.01226398518959747, 0.03719723548297275], [0.9497745089201869, 0.02165786933863696, 0.021143285673660663, 0.007424335967515441], [0.9153104611100158, 0.03309246592640967, 0.010739943231572917, 0.0408571296320016], [0.9442968717387826, 0.038093137488981646, 0.010992602157431485, 0.006617388514804267], [0.9551736302264828, 0.03621323849688251, 0.0030174418939671334, 0.00559568928266749], [0.950314498989575, 0.037744876449623765, 0.005922870196902294, 0.006017754263899011], [0.006743524620380557, 0.8856508029853792, 0.05018612717165658, 0.05741954512258366], [0.007738239427395618, 0.9188884890707727, 0.0380789331170324, 0.03529433828479922], [0.003801566192402863, 0.019319077326532166, 0.7771836266940642, 0.19969572968700083], [0.012148324700876116, 0.6641260462984713, 0.10823320949990152, 0.21549241940075103], [0.010790396138995812, 0.01970691730067953, 0.5449063604834256, 0.4245963259768991], [0.01467863235885162, 0.021880547255006298, 0.7354977356199658, 0.22794308466617633], [0.01622833416045406, 0.8757710611581127, 0.04515457298309041, 0.06284603159834282], [0.017345249941900436, 0.936598793378297, 0.027093651224650968, 0.018962305355151587], [0.016176889711932967, 0.04576387164695344, 0.743872032515408, 0.19418720602570558], [0.18760317422359332, 0.6984608120632515, 0.040915175963458936, 0.07302083764969627], [0.16112762687979176, 0.050734579558067414, 0.60825759166357, 0.1798802017985708], [0.36041368419438974, 0.08236424255899392, 0.42140988607618673, 0.1358121870704296], [0.08355503022666218, 0.8340205044477386, 0.01081009236740253, 0.0716143728581967], [0.049425016715464086, 0.8189046321071999, 0.032437223696167854, 0.09923312738116821], [0.06648856258357308, 0.015196955435758703, 0.698476061094601, 0.21983842078606725], [0.06255292391451657, 0.014188154222796704, 0.2288590013864492, 0.6943999203762375], [0.0253799457247483, 0.03210904964971049, 0.6495784214791062, 0.292932583046435], [0.03879030822418387, 0.04682427679148176, 0.5313746968227826, 0.38301071806155174]], "ideal": "A", "sampled": "A", "correct": true}}
{"type": "result", "data": {"idx": 5, "options": ["red", "yellow-green", "blue", "violet"], "probs": [[0.09308248757385215, 0.13993856309445035, 0.6167761682847274, 0.15020278094697007], [0.10031591875631977, 0.16306180885900554, 0.6245049694039161, 0.11211730288075863], [0.2309252619512422, 0.10020461677502898, 0.2874522208880028, 0.38141790028572603], [0.1821147128636001, 0.13236309044231814, 0.6457758280602507, 0.039746368533831136], [0.2678279618327409, 0.2767859738309457, 0.18267233940134117, 0.27271372483497225], [0.345132545129679, 0.39169566590276916, 0.17908496463377885, 0.08408682423377299], [0.08470625366387395, 0.2149617059689248, 0.24136882838153523, 0.458963211885666], [0.06588299179115742, 0.16717285409847954, 0.6060911055142905, 0.16085304849607257], [0.09869006422203432, 0.22274244161319198, 0.23867167885705798, 0.4398958152077157], [0.08788354276298106, 0.18486016185447318, 0.6150840153333884, 0.11217227994915731], [0.08137227654665795, 0.6314721749946229, 0.092965774921462, 0.19418977343725713], [0.07987610785523722, 0.6495446997671146, 0.11007756731823586, 0.16050162495941228], [0.3266548313366997, 0.12703371425293267, 0.2708294770097948, 0.2754819773005728], [0.32657051752273564, 0.13622592667335945, 0.5137123570279334, 0.0234911986759715], [0.25351145672117154, 0.2240559888849913, 0.4052285819450954, 0.11720397234874176], [0.1799764152440679, 0.17465595573943793, 0.6090333943757579, 0.036334234540736254], [0.5151466568418284, 0.28460999445739243, 0.18945964586687145, 0.010783702733907772], [0.5099035671928692, 0.248659350839478, 0.1905115161444606, 0.0509255657231922], [0.6694909306047678, 0.1693334868629177, 0.11630263585341025, 0.04487294657890419], [0.7452334172607292, 0.1587204614576303, 0.08490152599040096, 0.011144595191239509], [0.495050173682744, 0.2131208123756124, 0.24887596637958348, 0.04295304746206013], [0.5261008962614855, 0.19985304846401258, 0.24844574657403548, 0.02560030860046645], [0.7097426485801712, 0.10717428378278454, 0.1738628701143136, 0.00922019742273057], [0.7240680536358342, 0.10271950179860424, 0.13600903900107797, 0.03720340546448359]], "ideal": "D", "sampled": "D", "correct": true}}
{"type": "result", "data": {"idx": 6, "options": ["mass distorts spacetime.", "gravity affects clocks.", "light can\u2019t escape from a black hole.", "All of these."], "probs": [[0.009180095930727408, 0.0029642365933211564, 0.005354542800802961, 0.9825011245751485], [0.01572229628117629, 0.017845110002036688, 0.9212473728402836, 0.04518522077650341], [0.007988089300481185, 0.005170462862970581, 0.0027604665173207145, 0.9840809812192275], [0.014164354307768775, 0.05355080459446563, 0.9043061513369353, 0.02797868966083031], [0.07356891083259412, 0.8729940112840581, 0.015196678326227718, 0.038240399457120114], [0.04245745866404285, 0.8773706594897324, 0.03959147380993579, 0.04058040793628895], [0.004632776455942691, 0.14911320331892014, 0.016157324843961814, 0.8300966952811754], [0.004836462919049253, 0.22992080522704428, 0.7402811073805176, 0.024961624373388898], [0.0035068524768260105, 0.0039200635585768745, 0.07794364158884896, 0.9146294422757482], [0.005468362799192481, 0.013038398356665726, 0.6319885684516847, 0.3495046702924571], [0.011773110530648874, 0.2727624513787675, 0.6527643890319167, 0.06270004895866696], [0.00985139707839302, 0.2375059888111799, 0.010818101535146242, 0.7418245124752808], [0.0063598313434976746, 0.04533894670914583, 0.003051259979073986, 0.9452499618682825], [0.00787041853189861, 0.06867559701196645, 0.909838497257793, 0.013615487098341943], [0.0036643911268859244, 0.00272928598267906, 0.030432513079835223, 0.9631738097105997], [0.008161832691683546, 0.01638605095821556, 0.8590570211351055, 0.11639509511499535], [0.029424236098691964, 0.33239466939208917, 0.600353497217269, 0.03782759719194975], [0.022143389903718634, 0.3970984495941281, 0.02196974481066926, 0.558788415591484], [0.14925156865828845, 0.6179400819951772, 0.039245598891452335, 0.19356275035508197], [0.1505785114826407, 0.5404677906022249, 0.16155896838541073, 0.14739472942972365], [0.07980321227999385, 0.1248637121066204, 0.652810265761745, 0.1425228097516408], [0.060131999608139836, 0.022861746249507, 0.010697382989361084, 0.9063088710529921], [0.08037226612926872, 0.1391717656619781, 0.7110557462776577, 0.06940022183109554], [0.05037444691482319, 0.030840908678932036, 0.017136319405376885, 0.9016483249008679]], "ideal": "D", "sampled": "D", "correct": true}}
{"type": "result", "data": {"idx": 7, "options": ["voltage", "energy", "Both of these", "Neither of these"], "probs": [[0.21056851526529485, 0.058116975182278915, 0.7243199952937542, 0.006994514158671943], [0.9334865679320328, 0.024363651534561173, 0.002624275824995853, 0.039525504608410214], [0.04100570751888149, 0.9492454949305179, 0.0036770656490541357, 0.006071731801546504], [0.0246427742934309, 0.9611522940077988, 0.009219622968089683, 0.004985308630680622], [0.7341348726405614, 0.047019978387775496, 0.004649817137369352, 0.21419533173429367], [0.051621139861658775, 0.07229914629955071, 0.8668860333449965, 0.009193680393793995], [0.0036618357039903036, 0.1432206891572547, 0.8486946004979284, 0.004422874540826612], [0.00891730846973478, 0.7415317344582647, 0.011544840484461062, 0.23800611648753947], [0.010671303770440342, 0.08808099612954894, 0.8961619871579559, 0.00508571284205484], [0.009489789754438649, 0.08350940925133712, 0.0023270314925440327, 0.9046737694016802], [0.0031851309498301394, 0.006966206379049263, 0.7555616047203313, 0.23428705785078935], [0.00355088342023444, 0.005594097602862363, 0.4950974338133445, 0.49575758506355866], [0.4207312610479891, 0.5702240260714587, 0.005921418098648303, 0.003123294681903878], [0.5424623771655245, 0.45198914774520405, 0.002784614755823174, 0.002763860233448351], [0.04172743505334523, 0.5427991179070553, 0.4092572948028999, 0.006216152136699652], [0.16334140776404926, 0.12278240531600482, 0.0013090750816573107, 0.7125671117382886], [0.6418272765582324, 0.06878635193706678, 0.2849892935129392, 0.0043970778917616585], [0.08228225566675443, 0.03329873208736429, 0.18266471408957158, 0.7017542980563097], [0.016103146206204906, 0.7187751952881618, 0.018260102275085333, 0.246861556130548], [0.013714194474173687, 0.5942186982159439, 0.3827012864682189, 0.00936582074166362], [0.002814135474605302, 0.03626868822805151, 0.1355027090319524, 0.8254144671653908], [0.004767113182727708, 0.08010099521582799, 0.3967806544987384, 0.5183512370027059], [0.009549442372845622, 0.5920642443369121, 0.375634085150928, 0.02275222803931432], [0.0036995739370358524, 0.34958139213079176, 0.06157796856563861, 0.5851410652665338]], "ideal": "A", "sampled": "A", "correct": true}}
{"type": "result", "data": {"idx": 8, "options": ["chaotic", "ordered", "positioned by amplitude", "in phase"], "probs": [[0.025608395532599543, 0.8634287536196273, 0.06342586436433219, 0.04753698638344095], [0.031154840015220394, 0.8176437202241789, 0.13228203650616593, 0.01891940315443484], [0.04237989320040673, 0.037722483133021414, 0.9067583049420308, 0.013139318624541072], [0.012166893230951074, 0.005488927950971695, 0.0073248182241074725, 0.9750193604939698], [0.07342770243611876, 0.19667938630845605, 0.7137478746622821, 0.016145036493143097], [0.016143378154366093, 0.009424843059908629, 0.005326219928102829, 0.9691055587576224], [0.5902346350026182, 0.3064492929180135, 0.06729613963848871, 0.03601993234087961], [0.5466395335578882, 0.26652367459223614, 0.1654695516837249, 0.021367240066150758], [0.632763931580149, 0.07739321256986015, 0.2680202166173095, 0.02182263913268134], [0.7014689366398874, 0.07343976116817195, 0.0448643522866168, 0.18022694980532386], [0.4535382408814298, 0.2317169613035397, 0.2975610311413385, 0.01718376657369203], [0.5937636449803934, 0.16897170118063987, 0.03351297204224187, 0.20375168169672497], [0.04055081585596827, 0.039635675963808084, 0.9092277671878023, 0.010585740892421307], [0.04964761310646643, 0.016517996371016364, 0.010413626877324582, 0.9234207635451926], [0.03232082670066012, 0.8152479391898965, 0.1382931596561093, 0.01413807435333412], [0.031099654035893272, 0.8901595869479605, 0.04424669866760101, 0.03449406024854517], [0.056683364586484444, 0.013688099377267077, 0.020862872905849008, 0.9087656630303994], [0.03814421384645452, 0.013615174800936247, 0.8822989840908135, 0.06594162716179566], [0.11644181174209778, 0.09144997255148528, 0.7657012057395048, 0.02640700986691208], [0.05447903488042748, 0.013470230218305545, 0.009398931072788223, 0.9226518037284788], [0.18711777195237364, 0.3497974624650866, 0.44223850811122767, 0.020846257371312092], [0.3274050743331202, 0.4210548431827316, 0.04795022377207518, 0.20358985861207296], [0.05257391223621451, 0.00845962895437785, 0.027502600221773716, 0.9114638584876339], [0.08853794699422725, 0.015766188618202347, 0.7896544991363282, 0.10604136515124218]], "ideal": "B", "sampled": "B", "correct": true}}
{"type": "result", "data": {"idx": 9, "options": ["amplitude", "wavelength", "frequency", "energy"], "probs": [[0.006097850355094435, 0.01464079405235424, 0.08754839698347186, 0.8917129585090795], [0.018982827802956435, 0.10867437055122679, 0.442654553329299, 0.4296882482165178], [0.008660063715062352, 0.042335638860567, 0.13763515073027438, 0.8113691465940962], [0.0075275733559020865, 0.043707286944465865, 0.6076433322265261, 0.341121807373106], [0.03303586404906306, 0.5122084154624843, 0.17062341120013497, 0.28413230918831767], [0.020900187472783594, 0.3306956798320618, 0.4335001385132435, 0.21490399408191113], [0.008302414340496531, 0.018582357950720912, 0.15792865196539158, 0.815186575643391], [0.014176591522507236, 0.04880869465368522, 0.29397547707522076, 0.6430392366485868], [0.01163390537510311, 0.033180198973057344, 0.02995046174873162, 0.9252354338031079], [0.02425226277716215, 0.1366514907263041, 0.5189426118752108, 0.3201536345213229], [0.02684608161581995, 0.30878589244345744, 0.06547514494915785, 0.5988928808915648], [0.04549267667611281, 0.47647480769262834, 0.29468295963196567, 0.18334955589929317], [0.010411765619290395, 0.04456703447415991, 0.5018572304241901, 0.44316396938235963], [0.009394790451325304, 0.04702350234011258, 0.44579956420153266, 0.49778214290702943], [0.010392859724408423, 0.027196315856816464, 0.06885352210651302, 0.893557302212262], [0.026545717683095073, 0.16686455190676325, 0.4187711075819937, 0.38781862272814793], [0.018805035437515757, 0.3820795317696671, 0.20546738382811808, 0.39364804886469906], [0.030467934232560702, 0.6249686127356964, 0.16876102152265826, 0.1758024314090847], [0.553099036161426, 0.0893502980381307, 0.16121526060876404, 0.19633540509167932], [0.31983645794064847, 0.07929715277066142, 0.34904341846064885, 0.2518229707280413], [0.43546651491738264, 0.13362608450429264, 0.044900609700343874, 0.38600679077798083], [0.6239655334340936, 0.1388509658353819, 0.13096437761527271, 0.10621912301525185], [0.27534582797894414, 0.0985469803332043, 0.21465520238733696, 0.4114519892005146], [0.49576666971454453, 0.12296951573039148, 0.2272608591531432, 0.15400295530192082]], "ideal": "D", "sampled": "D", "correct": true}}
{"type": "result", "data": {"idx": 10, "options": ["the same", "opposite", "Either of these", "Need more information"], "probs": [[0.016817184633305116, 0.921279038805002, 0.04607840755712669, 0.015825368904566234], [0.03517434614640599, 0.9173951402359547, 0.025545950024778975, 0.021884563492860293], [0.02098036553318288, 0.1297739145592952, 0.818914769472778, 0.030330950334743912], [0.030122603696160294, 0.05381970053496454, 0.013059081405937553, 0.9029986142629376], [0.014138315292920917, 0.049046368863636156, 0.9099479587940776, 0.02686735694936529], [0.02388429260643092, 0.020462255584805578, 0.04392899527177474, 0.9117244564369887], [0.6806834288699969, 0.20627315186678094, 0.08580398494783321, 0.027239434215388925], [0.6914145452793619, 0.23553347936202348, 0.03808080461360885, 0.034971170645005746], [0.7062512013122086, 0.21742279744424226, 0.0523407867038779, 0.023985214439671252], [0.6980322947723997, 0.24352406591171147, 0.03137530647625165, 0.027068332739637154], [0.7553473687249485, 0.15861699173662192, 0.050972792793923125, 0.035062846644506464], [0.7146020690665765, 0.1713366099574431, 0.08010885297694323, 0.033952467899037164], [0.0251739395953929, 0.0997337097614029, 0.8536993136575899, 0.021393036885614336], [0.09640259088107778, 0.061441542096994164, 0.026771678737669686, 0.8153841881842584], [0.044138741648116105, 0.8046582505256701, 0.12478799627342904, 0.026415011452784725], [0.06678048993288235, 0.8630691184667699, 0.0466492507051063, 0.023501140795241376], [0.05685857555762776, 0.03402836916937062, 0.038473988950711815, 0.8706390662222898], [0.03407875719090979, 0.07226043723514965, 0.8391103493593354, 0.054550456114605156], [0.013717947245326085, 0.07908272580400909, 0.8689794957536693, 0.03821983109699552], [0.03251151943194122, 0.04966206961645901, 0.0779813338300885, 0.8398450770215112], [0.043068660997951765, 0.7260103008614067, 0.18709216452479535, 0.04382887351584617], [0.043776481223287374, 0.7552077027523919, 0.16917424910607468, 0.03184156681824598], [0.030007587239743574, 0.10412568423390134, 0.06603624560335371, 0.7998304828230014], [0.037891092931953835, 0.1974408738594339, 0.6824216714858004, 0.08224636162281189]], "ideal": "B", "sampled": "B", "correct": true}}
{"type": "result", "data": {"idx": 11, "options": ["conduction", "convection", "radiation", "radioactivity"], "probs": [[0.006453972414370186, 0.015373107294904723, 0.9731819787306618, 0.004990941460063287], [0.003038809118545473, 0.002331582557749057, 0.0013174447011890793, 0.9933121635225164], [0.013486644754202732, 0.9550075289772433, 0.02056936809845837, 0.010936458070095656], [0.018747142834437118, 0.9563292548300615, 0.009359415314547256, 0.015564186920954163], [0.00318197665598051, 0.0012180008635019847, 0.0031822933056483275, 0.9924177290748691], [0.00667473263672267, 0.008055582750533696, 0.9602657089203084, 0.02500397559243521], [0.008196136394246772, 0.01593491142501516, 0.9700527081998881, 0.005816243880849942], [0.004847484723247622, 0.002221003212567843, 0.0013890961654255995, 0.9915424157987589], [0.01865363318893245, 0.9512711580309738, 0.016086872510776066, 0.013988336169317678], [0.023421829616160357, 0.9524175383589037, 0.00829205690964025, 0.015868575015295667], [0.00886274246339089, 0.0029247350387596144, 0.002480893928836811, 0.9857316284690126], [0.01239996811660712, 0.010694598155454005, 0.9473811064540315, 0.0295243271739073], [0.3692715814083776, 0.09267652157446311, 0.5047489065713079, 0.033302990345851345], [0.686199427860527, 0.15081723060965593, 0.029915673710982478, 0.13306766771883452], [0.6871392283752192, 0.2064591096088758, 0.08016342103044934, 0.0262382408854556], [0.6936848293805573, 0.24368448409116988, 0.02030326289682186, 0.04232742353145092], [0.4367565793973182, 0.02370560532680918, 0.16577589448457244, 0.3737619206913001], [0.6531973042522162, 0.031781589340710126, 0.2518328855195939, 0.06318822078747983], [0.002195163101202837, 0.0013852344893434095, 0.015721283401253144, 0.9806983189082006], [0.0075162280258134085, 0.010040816404898026, 0.9105420552663674, 0.07190090020292113], [0.005961643595172814, 0.003974047997291052, 0.0023718225090031387, 0.987692485798533], [0.012568330026601189, 0.023860569160050568, 0.9307026183512078, 0.03286848236214045], [0.017748994188968477, 0.337843675610646, 0.023148435363981548, 0.6212588947364039], [0.026859427630250506, 0.5571629176149208, 0.32717825618481844, 0.08879939847001034]], "ideal": "C", "sampled": "C", "correct": true}}
{"type": "result", "data": {"idx": 12, "options": ["half, 1 A", "2 A", "Depends on which lamp is closer to the battery", "Not enough information to say"], "probs": [[0.27828947666112275, 0.5368930860889151, 0.08161318711605044, 0.10320425003391182], [0.13803912774977548, 0.24624008075427326, 0.5997369322311369, 0.015983859164814374], [0.32161247382626384, 0.08524063927309924, 0.4980726947792964, 0.09507419202134049], [0.33803706602269223, 0.10312719411577484, 0.46197696483037287, 0.09685877493116005], [0.1321240188059964, 0.7434968192314177, 0.10954738917634588, 0.014831772686239964], [0.15731196748543094, 0.7226561603315886, 0.07202770110358012, 0.048004170979400275], [0.03543366837569139, 0.9225240876160116, 0.028475781687662176, 0.013566462220634906], [0.033477329618528444, 0.8577634326955657, 0.10073886337746893, 0.008020374208436973], [0.06807369731796621, 0.07192581884595678, 0.8491408220116825, 0.010859661724394459], [0.17107888074233638, 0.19853583567946137, 0.3946483848489572, 0.23573689862924507], [0.059199875667726845, 0.6172733547717348, 0.3102090181740656, 0.013317751286472727], [0.07188143473321464, 0.7497071511337406, 0.10706499058330816, 0.07134642344973652], [0.06333387548090663, 0.5225446145824887, 0.3820091130648146, 0.0321123967717901], [0.0643292321645616, 0.6158796227500702, 0.24853391563793814, 0.07125722934743], [0.0957619615119155, 0.25439563201509363, 0.5912859395204332, 0.05855646685255767], [0.13040622354670992, 0.2418835903094874, 0.5447938170361403, 0.08291636900766244], [0.10609281886122275, 0.13628901641413402, 0.44320708839042827, 0.31441107623421494], [0.16753824552822352, 0.31811113110314987, 0.3775709383578307, 0.13677968491079595], [0.3937946862963084, 0.41296029163671594, 0.18171672555051907, 0.01152829641645658], [0.34374631891331375, 0.3959553958397597, 0.10160472533857771, 0.15869355980834882], [0.32592283978013226, 0.33121382477368994, 0.33108102562798825, 0.011782309718189539], [0.4019364028334326, 0.3494392853006128, 0.132535156612215, 0.11608915515373955], [0.15235807908192067, 0.11963381585080049, 0.6026321412099058, 0.12537596375737295], [0.26314430642046716, 0.14649985292579457, 0.48401419861202594, 0.10634164194171233]], "ideal": "B", "sampled": "A", "correct": false}}
{"type": "result", "data": {"idx": 13, "options": ["increase.", "decrease.", "remain unchanged.", "None of these."], "probs": [[0.6069215718932054, 0.351636564631736, 0.03589370602360498, 0.005548157351453588], [0.6381329902342339, 0.336595237691655, 0.021004350883188846, 0.004267421090922245], [0.33118160102323524, 0.14032547821388006, 0.5212854982797611, 0.007207422383123559], [0.5081723738634404, 0.14340573013608598, 0.054008101889748916, 0.2944137940107247], [0.5555201105015259, 0.11556313790871828, 0.3215874394260655, 0.007329312063690242], [0.5388263563799403, 0.09739870758495857, 0.03668830239197861, 0.32708663354312256], [0.05225525158359779, 0.9068065370535254, 0.029797243041323224, 0.011140968221553518], [0.036572118308481213, 0.9378564005338379, 0.016240563665509192, 0.009330917392171722], [0.027123316134585372, 0.06515108556683373, 0.8991142779942616, 0.008611320204319319], [0.014234691803863827, 0.010185693881542937, 0.006724661707472362, 0.9688549525071208], [0.014390842016117898, 0.031210971905864617, 0.9483002396796609, 0.00609794629835654], [0.00846587497180443, 0.00568923992180803, 0.0060502484530415715, 0.979794636553346], [0.007488221070723309, 0.9238140778089423, 0.060332120571358394, 0.008365580448976031], [0.008641072634383613, 0.9624930870112767, 0.016278088362005422, 0.01258775189233427], [0.008446965924303601, 0.5575062404601661, 0.420214770166323, 0.013832023349207318], [0.004465225320548694, 0.7353072272116135, 0.025495635507930523, 0.23473191185990736], [0.005001131237297825, 0.01830085679289061, 0.9682520516064141, 0.008445960263397417], [0.00388353680339081, 0.017963543064046628, 0.9139593004351518, 0.0641936195974107], [0.026084751313256396, 0.906860783484476, 0.05974583797076438, 0.007308627131503278], [0.030424902841798173, 0.9408582702733379, 0.015919343766202698, 0.012797483018661246], [0.010642925712415907, 0.2663568665190621, 0.7124327712417999, 0.01056743642672201], [0.0026702666046370237, 0.04810762342651133, 0.005066356016603446, 0.9441557538522481], [0.004801287196189373, 0.027430057640079584, 0.9592035508111878, 0.008565104252543216], [0.0030091831783636623, 0.02641493710073241, 0.8677098382447225, 0.10286604137618142]], "ideal": "A", "sampled": "A", "correct": true}}
{"type": "result", "data": {"idx": 14, "options": ["2mg", "mg", "mg/2", "mg/4"], "probs": [[0.04566556417241146, 0.330025749992145, 0.5695839907559396, 0.05472469497950392], [0.03510584080674456, 0.3060029572167185, 0.6031608232057768, 0.05573037867076011], [0.027397061682661508, 0.6543610617052966, 0.25591972826174525, 0.06232214825029662], [0.03289235652517116, 0.6071722408439616, 0.3096917823139801, 0.05024362021688718], [0.02335244763387663, 0.6886785548756933, 0.22682764870460403, 0.061141348685826], [0.025461760648784804, 0.5002584699166246, 0.4207087362480173, 0.05357103308657331], [0.060402679157297044, 0.29523472314660076, 0.5866749548329079, 0.05768764276319434], [0.047419443191844095, 0.2605802685441982, 0.6394672321693329, 0.052533055994624864], [0.02635388095677022, 0.7710635718756507, 0.15769274648708276, 0.04488980058049634], [0.029419344134811197, 0.7423321659294423, 0.202644796668924, 0.02560369316682254], [0.025199553919315394, 0.7607395960844423, 0.1669145462154372, 0.04714630368080508], [0.025789293428565525, 0.5787207864122734, 0.3673424881574301, 0.028147431901730986], [0.4053280405989576, 0.4056653432881057, 0.16245578439621014, 0.02655083161672649], [0.41842657323467713, 0.37540778513969003, 0.1856355964951846, 0.020530045030448217], [0.339646389565783, 0.4504036680809999, 0.1860768430926759, 0.023873099160541176], [0.39029455398740837, 0.45684626440576315, 0.13805646215834205, 0.01480271934848642], [0.38412643476789343, 0.49373189897414216, 0.09339293335096364, 0.02874873280700077], [0.3385619883519225, 0.5168276072472922, 0.12850227065108172, 0.016108133649703593], [0.30109022362367927, 0.4317567404808812, 0.22199696549805378, 0.04515607029738574], [0.23057641258449604, 0.32805076482629586, 0.40785682501183945, 0.033515997477368664], [0.26991264336414245, 0.43175419271444787, 0.2575367813597059, 0.040796382461703765], [0.2757632151585412, 0.41446535509480914, 0.2867483500641697, 0.023023079582479934], [0.2295544130158764, 0.5470389086426709, 0.17329175639437408, 0.05011492184707855], [0.20255995945275856, 0.5301881343123364, 0.23870206966785, 0.02854983646705507]], "ideal": "B", "sampled": "C", "correct": false}}
{"type": "result", "data": {"idx": 15, "options": ["less.", "equal.", "greater.", "none because it sinks."], "probs": [[0.5357265835918399, 0.2830136593519491, 0.1795131635231551, 0.0017465934330559022], [0.6541782434139501, 0.2955871439544924, 0.045927590334080955, 0.004307022197476468], [0.35502716978029086, 0.06628732398022037, 0.5766387594674535, 0.002046746672035287], [0.7847863350908192, 0.08482520935628754, 0.1261388943864579, 0.004249561066435421], [0.8401017734793932, 0.03932285378840035, 0.11550123846041595, 0.005074134171790536], [0.8958971707565573, 0.040330326296677245, 0.06002420298981435, 0.003748299856951075], [0.023182786302064756, 0.9076982596127714, 0.06454868193594548, 0.0045702720492183805], [0.02760851966002846, 0.9399048133614243, 0.02418663583104026, 0.008300031047507036], [0.0047429633318381, 0.03567266906173502, 0.9556176848386998, 0.003966682667727039], [0.017030985231159302, 0.06594268669913068, 0.24644466084549685, 0.6705816671242132], [0.011922624599440705, 0.012025670791216962, 0.9700998586384376, 0.005951845870904683], [0.007468347620898871, 0.005219611141872869, 0.4550779289756718, 0.5322341121615565], [0.008881645292797714, 0.8086768999048721, 0.17709124119502256, 0.0053502135073076485], [0.0067964068724819995, 0.9229323662405738, 0.05735970161146235, 0.012911525175481843], [0.0028594957814494972, 0.012149558268429844, 0.9797274362137589, 0.005263509636361708], [0.00343645259197668, 0.015298921919381312, 0.20287089963869295, 0.778393725749949], [0.005894656296223569, 0.016548621853003532, 0.9689746077575592, 0.008582113993213744], [0.003871303368601034, 0.008012157589392336, 0.11138387936150806, 0.8767326595804985], [0.009059958175893045, 0.898046375903921, 0.07528170956529687, 0.01761195625488911], [0.007345473577770472, 0.9131372799693227, 0.06651542502341273, 0.013001821329494114], [0.005695741035033885, 0.01586545670198147, 0.9659907400699941, 0.012448062092990491], [0.0019312133875198942, 0.003391440398718309, 0.1452534258476157, 0.8494239202661461], [0.0022402792962435782, 0.014737551908297892, 0.9550672681965284, 0.027954900498930135], [0.001668609457791371, 0.0029996414882365032, 0.11697707408481464, 0.8783546748691575]], "ideal": "A", "sampled": "A", "correct": true}}
{"type": "result", "data": {"idx": 16, "options": ["red.", "green.", "white minus red.", "a mixture of green and yellow."], "probs": [[0.5722640890790335, 0.05367386097997166, 0.3470824146521046, 0.026979635188890246], [0.7949329491614862, 0.05584474612778748, 0.1209329885679541, 0.0282893160427722], [0.6758744140743475, 0.19532309763197872, 0.10774234174488181, 0.02106014644879199], [0.6043547919791661, 0.2541739911982979, 0.07923735588848933, 0.062233860834046605], [0.7644956833321581, 0.15303510975395399, 0.05282305973396285, 0.02964614707992511], [0.6466542668250165, 0.22728203285524393, 0.06399590116125271, 0.06206779905848688], [0.014421469539672797, 0.9597901659513828, 0.017813117746149267, 0.007975246662795194], [0.018724209375897114, 0.9555928457207186, 0.01640036202767225, 0.00928258277571203], [0.027316627735921944, 0.023744731647543413, 0.94092356621868, 0.008015074297854672], [0.005227143769097135, 0.003274121546293523, 0.002508300295768138, 0.9889904342888411], [0.022646083398773307, 0.02015228125916201, 0.9482603650414491, 0.008941270200615675], [0.005101109964907451, 0.0034817512979407237, 0.0033983371645299747, 0.9880188014726219], [0.031171583802006176, 0.9264334232230883, 0.02928802491532883, 0.013106967959576676], [0.0469126276350091, 0.9074086127928777, 0.021316350847248988, 0.02436240862486425], [0.04100236391709792, 0.041021940318070174, 0.9047634215298456, 0.013212274134986286], [0.02796799801308397, 0.013328748443810262, 0.009591224640465981, 0.9491120288026398], [0.04701849918155869, 0.029898540327169022, 0.9013810467462688, 0.021701913645003408], [0.02453641520034132, 0.011782665310673417, 0.027588786195189383, 0.9360921331937958], [0.04338900736399286, 0.9082594496067218, 0.028462678138183883, 0.019888864791101513], [0.04303620354436214, 0.91527691890861, 0.021646855243472533, 0.02004002220355533], [0.047289547983731944, 0.05531909108559701, 0.8718690535111292, 0.02552230731954183], [0.013588038284451731, 0.006946296902560111, 0.0036292080797623145, 0.9758364566332258], [0.05639107194270345, 0.04000464483698988, 0.875460035083516, 0.028144248036790658], [0.03382977078984392, 0.016375286411484703, 0.05577838389141535, 0.8940165588072561]], "ideal": "A", "sampled": "A", "correct": true}}
