{"type": "result", "data": {"idx": 0, "options": ["10%", "20%", "40%", "80%"], "probs": [[0.0012489798222388607, 0.11600967883556738, 0.8300688669493865, 0.05267247429280724], [0.0029091405210324526, 0.3498383275646708, 0.6131780342529604, 0.03407449756133633], [0.0008997735450016848, 0.3280049135811196, 0.6415435407095381, 0.029551772064340523], [0.001125502516338536, 0.3002706778215281, 0.6865999811690997, 0.012003838393033631], [0.0042516182546251885, 0.1464480866679197, 0.8291744610713095, 0.0201258339061455], [0.0020837760581202, 0.08196570573441685, 0.9086771806329788, 0.0072733374744841945], [0.002207682116226581, 0.010373473702570375, 0.8696756811566834, 0.11774316292451971], [0.014537883033199781, 0.028922725542756437, 0.9350519806364013, 0.02148741068764252], [0.0033610409141930546, 0.8229693660366543, 0.1202751754533167, 0.053394417495835914], [0.0012153576637006004, 0.35880791124322253, 0.6291483535889698, 0.010828377404106979], [0.03191667600681403, 0.4955275633171638, 0.41055154110212794, 0.062004219473894236], [0.00535338543744479, 0.09947123108865102, 0.8859260438131347, 0.00924933956076951], [0.08171459590998459, 0.06266823643818545, 0.6785284532869995, 0.1770887142648304], [0.07969532943323202, 0.05565708901016909, 0.8497902789690587, 0.014857302487540264], [0.3410360939845678, 0.2917583693182165, 0.2739725214703784, 0.09323301512683722], [0.030075064136018473, 0.07622082310929593, 0.8854826702090349, 0.00822144244565067], [0.0443117913428526, 0.9189116050238165, 0.029979582115308077, 0.006797021418022812], [0.016008877559614748, 0.6809664323655529, 0.29260935767143537, 0.01041533230339696], [0.014456735626235171, 0.036358873542585206, 0.8599286498401645, 0.0892557408910151], [0.010382349250676258, 0.021988421042397874, 0.9272004883107468, 0.040428741296179106], [0.04050578181280653, 0.12381794710503878, 0.5292615786840477, 0.306414692298107], [0.0115928432851339, 0.060289110625975896, 0.885382463250198, 0.042735582738692185], [0.02313640778102724, 0.6765685865882892, 0.2862612982812355, 0.014033707249448038], [0.010647237611379857, 0.28341831104450277, 0.7010974475239681, 0.004837003720149303]], "ideal": "C", "sampled": "C", "correct": true}}
{"type": "result", "data": {"idx": 1, "options": ["About $300", "About $3k", "About $8k", "About $15k"], "probs": [[0.3146186008561183, 0.28204046206125083, 0.37361360624201745, 0.029727330740613424], [0.27089607914731034, 0.27951857653086587, 0.3760944334495558, 0.07349091077226796], [0.19081960898244518, 0.14861691545517383, 0.6355316831875647, 0.025031792274816295], [0.16251746302760078, 0.26796791753377813, 0.44872583291590684, 0.12078878642271419], [0.22803675191653675, 0.14495437741879658, 0.5914851184106846, 0.035523752153982006], [0.19159321913278204, 0.18863410177357867, 0.5631320601838674, 0.05664061880977183], [0.0554120426740516, 0.5096420030172072, 0.39685574022118464, 0.03809021398755651], [0.06506990761906963, 0.4808820873182336, 0.3924305511698817, 0.06161745379281505], [0.10833009492759561, 0.06886305761934705, 0.668819198970956, 0.15398764838210127], [0.24689463900697944, 0.31704529644291174, 0.37063380519865324, 0.06542625925145555], [0.13341109751494734, 0.0681429595017007, 0.6073213950828675, 0.1911245478004844], [0.15244037365701402, 0.13453439277657778, 0.6519087150609872, 0.06111651840542094], [0.01926319326052101, 0.35509863955271664, 0.5946104007407089, 0.031027766346053358], [0.044715061552137066, 0.41447234411833184, 0.46232376134540354, 0.07848883288412754], [0.051127271382681035, 0.38078952966665663, 0.5123596939635425, 0.05572350488711977], [0.1221088976800273, 0.4830050413981799, 0.35333525736074695, 0.041550803461045845], [0.09044943715305097, 0.04841666277603679, 0.6133049106979065, 0.24782898927300573], [0.11588877406303287, 0.08816598508747511, 0.7324395879969975, 0.06350565275249456], [0.04915951601043126, 0.20537695439622128, 0.6947385123775444, 0.050725017115803045], [0.07496660723632116, 0.20700847483566165, 0.6375887203297581, 0.08043619749825905], [0.06674492308765084, 0.4285312560626648, 0.42848747645140783, 0.07623634429827653], [0.09171326594200416, 0.33813134336266193, 0.5319200236849542, 0.03823536691037973], [0.1149229438889236, 0.28894468062667883, 0.4914766366483296, 0.10465573873606801], [0.1334358818747197, 0.3407652847140431, 0.49578877791702664, 0.03001005539421056]], "ideal": "B", "sampled": "B", "correct": true}}
{"type": "result", "data": {"idx": 2, "options": ["52%", "62%", "72%", "82%"], "probs": [[0.015641666131454693, 0.2228031489058401, 0.634596016625393, 0.12695916823731218], [0.019646435242177053, 0.16842528548548374, 0.6979601122500865, 0.1139681669222527], [0.014134522157456444, 0.35891967072310904, 0.5303363065176075, 0.09660950050182698], [0.010700273978750589, 0.29377796476955786, 0.6218160824127335, 0.07370567873895811], [0.015581319008072204, 0.6472945976747021, 0.29167596554354575, 0.0454481176736799], [0.010798145382252893, 0.5003969971288549, 0.4626954521988565, 0.026109405190035698], [0.10293923985719035, 0.04568319360691053, 0.7971250950707203, 0.054252471365178856], [0.09776805595216137, 0.03459317699530585, 0.844595215802992, 0.02304355114954072], [0.0822836881113116, 0.6891820820720614, 0.1133556034047615, 0.1151786263118654], [0.030895485780379702, 0.3296130523587529, 0.5605839961076079, 0.0789074656532595], [0.04068469491878757, 0.876937479093755, 0.04646377109206769, 0.035914054795389797], [0.01602879298966599, 0.49094988244873367, 0.46838609789293995, 0.02463522656866038], [0.451616116303457, 0.07373012989584034, 0.4446295880074796, 0.03002416569322307], [0.17747403712560603, 0.04086074240257414, 0.7709224833725652, 0.010742736999254656], [0.6470234369322961, 0.22716663690930383, 0.09177807683407617, 0.03403184922432383], [0.1831073755038516, 0.045940805090679576, 0.7589673992914782, 0.011984420013990684], [0.1088485006059641, 0.8172254812723883, 0.05872225568772218, 0.015203762333925501], [0.09542219961928958, 0.7991864605408536, 0.0855395402559853, 0.019851799483871453], [0.6149950290319852, 0.058565589308486016, 0.30926216970463566, 0.017177211854893116], [0.6439241960532386, 0.04451312591586355, 0.3041817057758239, 0.007380972155073974], [0.7716481705990539, 0.15197338520159123, 0.042202123086246414, 0.03417632101310852], [0.4496217004561564, 0.056281100114303886, 0.48617690072298675, 0.007920298606552916], [0.8063818190232233, 0.15392590657048041, 0.02695803162261453, 0.012734242683681767], [0.8000003582929217, 0.1434514204345883, 0.047305579562985256, 0.009242641609504776]], "ideal": "C", "sampled": "D", "correct": false}}
{"type": "result", "data": {"idx": 3, "options": ["China", "United States", "Germany", "Japan"], "probs": [[0.016052212699080186, 0.05347089886245941, 0.9185458497780231, 0.011931038560437281], [0.028795664966231305, 0.07184341509009282, 0.13845655243321697, 0.7609043674104589], [0.010227390440130388, 0.9067731388980385, 0.06265325767805828, 0.020346212883772863], [0.009383800307508015, 0.8449814200723074, 0.10908620651065731, 0.03654857300952732], [0.06951380468572077, 0.08789278500473155, 0.1720540361526362, 0.6705393740569114], [0.023197026445693016, 0.056087127663251836, 0.8911557014089893, 0.02956014438206593], [0.0010628352088098648, 0.19480816861508618, 0.7948015863629944, 0.009327409713109552], [0.0009342745209183959, 0.4994204073439353, 0.07899904023484554, 0.4206462778003007], [0.002300026579040901, 0.37790918108870775, 0.6038193664135268, 0.015971425818724516], [0.0021835621972923717, 0.5915073298995178, 0.19200259910100276, 0.2143065087021871], [0.0005753640683634301, 0.006847189104265562, 0.5655427223745345, 0.42703472435283646], [0.0013329424492178425, 0.012067942304285862, 0.8199725951914276, 0.1666265199550686], [0.010314919533292973, 0.8724714730867742, 0.10097795281856674, 0.01623565446136608], [0.009862683605829025, 0.8473213018492911, 0.10439547541747046, 0.03842053902740936], [0.026315244402212914, 0.06826139851078833, 0.8852401570305257, 0.020183199956473], [0.1387594865770727, 0.11869071548858248, 0.20189808744194773, 0.540651710392397], [0.017407484495022826, 0.09862129160720269, 0.8388032680347448, 0.0451679557630297], [0.07058394164881412, 0.16157734873995735, 0.22084645092801491, 0.5469922585832135], [0.002297896848800898, 0.3746486236032098, 0.11071061880690992, 0.5123428606410794], [0.0025584384454633564, 0.19855068267591086, 0.7730429001982202, 0.02584797858040552], [0.001208184076786041, 0.019048555180139766, 0.5879129281659705, 0.3918303324771037], [0.0032867886732665845, 0.03425177152890586, 0.842882207649977, 0.11957923204785058], [0.003977011755481873, 0.36653600890687404, 0.5856936973073879, 0.04379328193025624], [0.0054955128881922005, 0.6453488504540169, 0.13954141812610008, 0.20961421843169084]], "ideal": "A", "sampled": "C", "correct": false}}
{"type": "result", "data": {"idx": 4, "options": ["by 5 fold", "by 10 fold", "by 15 fold", "by 20 fold"], "probs": [[0.021153060756656183, 0.35225662651163525, 0.5717219124381018, 0.05486840019360683], [0.023788429216644383, 0.2990351182519721, 0.4929520753568877, 0.18422437707449582], [0.011192054226060311, 0.20629888290574472, 0.6978451446433932, 0.08466391812480178], [0.012347941687953503, 0.2945550851699323, 0.6138223742118684, 0.07927459883024582], [0.01684783328783758, 0.2084948862029562, 0.6835741871139888, 0.09108309329521742], [0.019933715206958448, 0.20935968319933515, 0.6972159598418675, 0.07349064165183888], [0.008801014879931334, 0.06869209390751067, 0.8047389192417077, 0.1177679718708503], [0.009030299647174927, 0.08568278321270636, 0.7401267010405266, 0.16516021599959207], [0.006414656512083298, 0.18894195393177685, 0.5381917735335333, 0.2664516159226065], [0.008964827788836501, 0.26406206423834083, 0.684867587870188, 0.04210552000263467], [0.007823034662434144, 0.13232154453796566, 0.6312225246445156, 0.22863289605508463], [0.011211832125931014, 0.14540596399663844, 0.7859960844903969, 0.05738611928703361], [0.038542481993019614, 0.04233508446260536, 0.544706330345697, 0.3744161030986779], [0.041755286043177756, 0.054466002901397484, 0.8586256099071544, 0.045153101048270375], [0.04241497498214965, 0.21882328248642519, 0.20554226593538075, 0.5332194764960444], [0.028766509048175827, 0.15311707005769554, 0.7897936590403114, 0.028322761753817222], [0.044764785063307694, 0.44517930181705256, 0.4521207398220584, 0.05793517319758132], [0.0433860515117228, 0.32063596123605004, 0.6083978760663115, 0.027580111085915678], [0.04490904710331204, 0.12208527871126734, 0.6497268966558643, 0.1832787774295564], [0.06333961667513241, 0.1405392511329686, 0.7479305656662241, 0.048190566425674874], [0.03426436926390153, 0.24542694184291575, 0.3460652375144047, 0.374243451278778], [0.03758406561716925, 0.20320432959840246, 0.7317120878247237, 0.027499516859704528], [0.06034319972472257, 0.43563483356059657, 0.4221736615328382, 0.08184830508184264], [0.06833235122822603, 0.46706619506079666, 0.44562413952048713, 0.018977314090490166]], "ideal": "C", "sampled": "C", "correct": true}}
{"type": "result", "data": {"idx": 5, "options": ["Lower respiratory infections", "Preterm birth complications", "Diarrheal diseases", "Malaria"], "probs": [[0.5095872975809714, 0.4291288040122605, 0.05991803223442846, 0.0013658660723395606], [0.42543401153589905, 0.5636314789576431, 0.009622021732513773, 0.0013124876739440516], [0.15681368859472106, 0.8346213499873201, 0.007508261021219365, 0.0010567002967395147], [0.11386203148137684, 0.8817406972299457, 0.0032809155712957816, 0.0011163556173815635], [0.7889389193785241, 0.13925832153563453, 0.07002209692786125, 0.0017806620579801304], [0.4844920169545771, 0.1622857346095713, 0.3435517045912434, 0.009670543744608203], [0.048305004878338026, 0.9114884849202133, 0.03942566300052608, 0.0007808471009225656], [0.038796367882722824, 0.9548024263565242, 0.005459759694740481, 0.0009414459660124513], [0.5706180343152727, 0.35155773218669945, 0.07722527546033152, 0.0005989579376962954], [0.49266244088687466, 0.50044126443748, 0.005388207854782684, 0.0015080867208625873], [0.5501186681454066, 0.26395698463920925, 0.18426647731903814, 0.0016578697963459887], [0.6861721888573405, 0.25243657883627924, 0.058112472425253504, 0.00327875978112672], [0.34470936347567305, 0.634039575148881, 0.02006467041301653, 0.0011863908624294205], [0.2855148890707266, 0.7066800088471237, 0.005925734171515548, 0.0018793678106341694], [0.5717946009872799, 0.2920492154290503, 0.13370708367581294, 0.0024490998078567847], [0.5204034190367548, 0.459267944190132, 0.012238782695867735, 0.008089853977245405], [0.6136650419602618, 0.08840730752505185, 0.2765974391847018, 0.021330211229984502], [0.71384770312862, 0.12600304736404375, 0.12404717324572306, 0.0361020761616132], [0.015908654999368152, 0.9392351730529731, 0.041913080358529434, 0.002943091489129332], [0.01694723960411346, 0.7039766297828944, 0.2630290681921871, 0.016047062320805], [0.05096673609028669, 0.8620836762010374, 0.08402869131888999, 0.002920896289785866], [0.06260808733197766, 0.8917665863009218, 0.039178788825740385, 0.006446537441360213], [0.050152846037978274, 0.7724170166096065, 0.16189147934916479, 0.015538657903250475], [0.05739690656835857, 0.8978931766820272, 0.03481234415521937, 0.009897572494394838]], "ideal": "A", "sampled": "A", "correct": true}}
{"type": "result", "data": {"idx": 6, "options": ["10%", "20%", "30%", "40%"], "probs": [[0.008818044203131, 0.1960251303748926, 0.6326423794426348, 0.16251444587934152], [0.016450529218161345, 0.21332593279878162, 0.6993250745102914, 0.07089846337276562], [0.01232202479677247, 0.4999357605765838, 0.255249299002179, 0.2324929155244647], [0.005650351865264296, 0.3207157614646427, 0.6376528267955798, 0.035981059774513185], [0.007395531672247311, 0.6302990848419024, 0.302295951134755, 0.06000943225109522], [0.005415885834782961, 0.5926115650233421, 0.3428423186151735, 0.05913023042670144], [0.07153056827703695, 0.09184265477940874, 0.7223204642676376, 0.11430631257591672], [0.05809435182868498, 0.08002773582104059, 0.8081487922141702, 0.053729120036104173], [0.11491093843557078, 0.5070215160922911, 0.302704435395462, 0.07536310997667621], [0.024417272469816266, 0.31660370423403095, 0.6295317690239186, 0.029447254172234236], [0.06086436298884584, 0.6544301327606478, 0.24447423275373653, 0.04023127139676982], [0.029747174738578224, 0.6261273352391095, 0.2911023053065615, 0.05302318461575081], [0.21666314674221632, 0.25329772767712666, 0.43084149494220547, 0.09919763053845149], [0.11932558486381246, 0.1270152331490968, 0.7423855347589122, 0.011273647128178447], [0.2851803685493309, 0.2637457329887375, 0.3493843480411771, 0.10168955032075455], [0.09268664639488741, 0.16013691154506646, 0.7289266652105862, 0.018249776749459896], [0.13422088023674397, 0.620679006946328, 0.22829928481607112, 0.016800827900856876], [0.10471496462802364, 0.5486907016736727, 0.332750723016501, 0.013843610581802644], [0.5666766656615029, 0.26352589829004014, 0.1284253275186791, 0.04137210842977793], [0.6269982217119536, 0.2100146779481769, 0.14891683485211799, 0.014070265387751475], [0.6120753963508964, 0.25917610861420326, 0.10308631642920861, 0.02566217850569174], [0.5901736495576895, 0.2311131012539344, 0.1588318017205651, 0.01988144736781102], [0.6491341154953869, 0.18309600911794935, 0.15660092673070578, 0.011168948555957943], [0.5384283987246757, 0.21084970019999025, 0.23520749738740931, 0.015514403587924677]], "ideal": "C", "sampled": "D", "correct": false}}
{"type": "result", "data": {"idx": 7, "options": ["29%", "49%", "69%", "89%"], "probs": [[0.008374654304927884, 0.1906215163311715, 0.7657392866877414, 0.03526454257615927], [0.01250025704379589, 0.26109616521943324, 0.6461431768571811, 0.08026040077958978], [0.007016203703759861, 0.38917275552576797, 0.5573272603305763, 0.046483780339895864], [0.007470706685743332, 0.4586613305943008, 0.5036143800749967, 0.030253582544959173], [0.007394543910172686, 0.34534922528179496, 0.6060051372172096, 0.04125109349082274], [0.007203958840016161, 0.2703374416270608, 0.7011156138802693, 0.021342985552653675], [0.01758532441654022, 0.07820515464925726, 0.860676183737588, 0.04353333709661449], [0.022813359740604038, 0.11229627808412573, 0.7794480482713919, 0.08544231380387825], [0.04551988754860553, 0.47446431821190604, 0.4319175400913436, 0.04809825404814482], [0.024229164983672176, 0.4099031059786325, 0.5180432757362996, 0.0478244532013957], [0.023775132680590286, 0.4738900722782849, 0.43819130033965015, 0.06414349460147467], [0.010646155856516886, 0.22763757526503253, 0.7347372693579092, 0.02697899942054144], [0.14229055330670068, 0.3012613777286866, 0.5044976083037674, 0.051950460560845325], [0.13044155841264551, 0.25144877465277005, 0.5666181913952559, 0.05149147543932845], [0.16319986506855977, 0.31956280881732596, 0.4872766679717406, 0.029960658042373634], [0.05124321426704055, 0.1426050769363767, 0.747159339497495, 0.05899236919908778], [0.07220494835233376, 0.3445020715531579, 0.5504843631768164, 0.032808616817692], [0.0517381181046949, 0.34811492065027877, 0.5739214737847997, 0.026225487360226656], [0.027000714595487557, 0.4062198493820714, 0.5215531920829102, 0.04522624383953093], [0.04459354117355083, 0.4264529306978176, 0.4985372477599277, 0.03041628026870388], [0.09204671530995197, 0.3669422864546998, 0.5094416737047016, 0.031569324430646625], [0.07026828079713043, 0.26110255715620173, 0.6263327597945445, 0.04229640215212336], [0.12528664619186222, 0.28680776276150816, 0.552834782118039, 0.0350708088285905], [0.13876935062831147, 0.4079233179621403, 0.43422705484531066, 0.019080276464237537]], "ideal": "C", "sampled": "C", "correct": true}}
{"type": "result", "data": {"idx": 8, "options": ["18%", "38%", "58%", "78%"], "probs": [[0.015551365620738708, 0.43037187247197306, 0.5354603428703719, 0.018616418936916346], [0.03555331198337915, 0.5225822611280337, 0.41978289960169635, 0.022081527186890684], [0.019482578427097993, 0.47212962708681716, 0.4869846239837482, 0.021403170402336604], [0.008596392379573117, 0.35712766776808014, 0.6169073008013789, 0.0173686389509678], [0.05259944046877195, 0.6261551729422784, 0.2821426548978914, 0.03910273159105822], [0.02697584465214635, 0.5419656532392286, 0.3964102629624694, 0.03464823904615557], [0.08339840002011542, 0.2821885289266264, 0.6066878313084366, 0.027725239644821504], [0.0993536316385067, 0.3182851959617473, 0.5498440328586675, 0.03251713944107853], [0.10530671260809084, 0.5738844563515301, 0.3023596259718334, 0.018449204968545678], [0.01808300173270374, 0.36612381934128246, 0.5941461711436845, 0.021647007682329238], [0.018230438434339857, 0.9066162805837097, 0.04108281851614135, 0.034070462365809136], [0.010985326511893545, 0.7350465387136758, 0.22409964607350574, 0.029868488600924937], [0.21717581440522576, 0.48952738477461716, 0.26610594185884107, 0.02719085886131598], [0.21354216016865943, 0.34129741275924713, 0.4116277036906765, 0.03353272328141693], [0.357564782428223, 0.5626543843579065, 0.07096577540769476, 0.008815057706175758], [0.14120656802832512, 0.21874535937217762, 0.6230471973317517, 0.017000875167745448], [0.059477803730938174, 0.8812016406803695, 0.04317961630214781, 0.016140939186544422], [0.04960458198539112, 0.8458487088628345, 0.085711909662596, 0.018834799389178397], [0.5190281097397746, 0.2778414692430516, 0.18220002336542643, 0.02093039755174732], [0.5542413181561755, 0.1690443363668817, 0.2577466454833782, 0.0189676998935645], [0.3554302019897827, 0.5861388816548229, 0.048106184250191864, 0.010324732005202564], [0.21615187358604537, 0.35642873473825665, 0.4166554718950634, 0.010763919680634589], [0.5858851243737432, 0.36669896107939426, 0.039562945461089974, 0.007852968985772535], [0.5887755398985858, 0.3684984597923367, 0.03853485147530515, 0.004191148733772428]], "ideal": "C", "sampled": "D", "correct": false}}
{"type": "result", "data": {"idx": 9, "options": ["11%", "26%", "41%", "56%"], "probs": [[0.010270857933773537, 0.41679879009581916, 0.5350600946983192, 0.03787025717208816], [0.015492230479074427, 0.43210100640392995, 0.521104925955448, 0.03130183706154763], [0.017391237517621626, 0.5245036824322216, 0.37181023939134994, 0.08629484055880686], [0.008053457483640487, 0.3589221590237837, 0.6104345412006674, 0.022589842191908426], [0.01807554811058487, 0.5580750703253571, 0.4018694161966905, 0.021979965267367587], [0.012170685486124315, 0.629268874805688, 0.34205078802778344, 0.016509651580404187], [0.05305983992320181, 0.15235423969017814, 0.6721509128277373, 0.12243500745888276], [0.052933878972759425, 0.10693945682920601, 0.8025841114177316, 0.03754255268030305], [0.03141880117017111, 0.7555030184546141, 0.1534397343917164, 0.05963844588349839], [0.009342504333687659, 0.4004162407863778, 0.5557964246906877, 0.03444483008924683], [0.024408427679121724, 0.8606768794670825, 0.09068934447796805, 0.024225348275827716], [0.016336307323528355, 0.678679124985621, 0.27846345976940373, 0.026521107821446958], [0.17650902094484228, 0.3456439037010065, 0.38553354032457515, 0.09231353492957606], [0.15323426313094007, 0.20302354440186268, 0.6156127647168311, 0.02812942765036613], [0.2089082467776517, 0.5679979182657159, 0.19322443063981246, 0.029869404216819963], [0.07850496938069224, 0.18254583670136784, 0.7107338732207691, 0.02821532059717078], [0.0630898796406727, 0.7932271902550339, 0.11972880871129134, 0.023954121293002062], [0.04954944886107378, 0.7340033594976739, 0.1944538340191264, 0.021993357522125934], [0.2893905768726716, 0.30809183302831544, 0.3601629298638072, 0.04235466013520573], [0.3912742544074785, 0.28628943961319425, 0.30001203749995725, 0.02242426837936999], [0.2816914544276827, 0.5872349585354023, 0.1052719178060841, 0.02580166913083087], [0.311913914059657, 0.4399313002436037, 0.22821181800081441, 0.01994296759592484], [0.4284188417034672, 0.4561297561060501, 0.09411831129058043, 0.02133309079990224], [0.4563264212050145, 0.41554331427020164, 0.11538442126396196, 0.012745843160821904]], "ideal": "B", "sampled": "D", "correct": false}}
{"type": "result", "data": {"idx": 10, "options": ["23%", "38%", "53%", "68%"], "probs": [[0.02578930423091686, 0.3093274894840931, 0.6446385515041935, 0.020244654680796573], [0.02916660502183773, 0.25999644129734695, 0.6957027840172582, 0.01513416956355713], [0.027729807208972234, 0.5111745304058147, 0.4303954201742015, 0.030700242111011484], [0.017769926419897903, 0.3982396973646607, 0.5615218040749335, 0.0224685720405079], [0.013423085798885633, 0.8372602262623206, 0.12835592300995602, 0.020960764828837797], [0.012334582694129586, 0.825409250812478, 0.14794259504161036, 0.01431357135178211], [0.052392217866365505, 0.08115675239081666, 0.8522370989346829, 0.014213930708134868], [0.0243485724900687, 0.026748879166117435, 0.9354528773641767, 0.013449670879637143], [0.12388994705039698, 0.27705300212744033, 0.5684526040193618, 0.030604446702800808], [0.1290240662588758, 0.30003572810966544, 0.5183905668937641, 0.052549638637694726], [0.08446478443907683, 0.6194053545476194, 0.27056209358915756, 0.0255677673241463], [0.0903108255428539, 0.6886808172866333, 0.18245635653017758, 0.038552000540335196], [0.31318184671924326, 0.07439227387609672, 0.5943363893288288, 0.01808948997583117], [0.06755316294549546, 0.036450229785207254, 0.8830001998722458, 0.012996407297051479], [0.607764828744759, 0.20043818277280262, 0.16105720099207255, 0.030739787390365817], [0.2862234868634983, 0.09439783316043789, 0.6059900258559211, 0.013388654020142733], [0.3358477729932712, 0.520336699627849, 0.12950811090301437, 0.014307416375865379], [0.33437993683179573, 0.534509234558305, 0.11379389315346905, 0.017316935356430255], [0.6533548496620076, 0.05038639644471742, 0.28544686759800897, 0.010811886195266006], [0.6050855443523427, 0.051250114411344354, 0.3341840762828703, 0.009480264853442666], [0.8314222429342293, 0.08902213439688901, 0.0693306602866512, 0.010224962282230505], [0.8424206979125426, 0.07715259498811178, 0.07135497039527938, 0.009071736604066254], [0.779157098503477, 0.12524216351144388, 0.08474221883185938, 0.010858519053219742], [0.8027056088496328, 0.11565504439220248, 0.06906231921960679, 0.0125770274385579]], "ideal": "D", "sampled": "D", "correct": true}}
{"type": "result", "data": {"idx": 11, "options": ["5%", "10%", "15%", "25%"], "probs": [[0.04805984240155983, 0.24406591999923022, 0.5086702590224293, 0.19920397847678062], [0.06307640020032379, 0.161073240041618, 0.6781524520158984, 0.09769790764215988], [0.0763029192149147, 0.3844996266203902, 0.29478402260502884, 0.24441343145966624], [0.04475525610378735, 0.3385488256515819, 0.5495080021353561, 0.06718791600927466], [0.04872342489014152, 0.5362873992554937, 0.30080528857115635, 0.11418388718320836], [0.04473270252866126, 0.5711460900492341, 0.287169674697587, 0.09695153262451764], [0.0700069250099505, 0.16149943297228955, 0.6094881568010787, 0.15900548511668128], [0.053535121086926686, 0.11157333603458482, 0.7506661153876887, 0.08422542739079975], [0.09675804404619938, 0.2821807906779881, 0.3796899276869353, 0.24137123748887718], [0.042584211105888795, 0.2670415073408044, 0.6405891847035731, 0.04978509674973369], [0.05844922360803119, 0.609088280566598, 0.2460756606484975, 0.08638683507687325], [0.05479950416434548, 0.5491716224212759, 0.2676148692428564, 0.12841400407152215], [0.11230801044771542, 0.24149125812022953, 0.48782008881459077, 0.15838064251746425], [0.05850992891161244, 0.1578012101874947, 0.7528557033431327, 0.030833157457760184], [0.1951888741301352, 0.23914881825592313, 0.3070668784350984, 0.25859542907884325], [0.05694005883049657, 0.1273103625801219, 0.767802042411928, 0.04794753607745358], [0.08371197185346642, 0.6382173679558406, 0.22402022621896164, 0.0540504338717313], [0.10721984770329172, 0.5751428942488372, 0.22520570938097748, 0.09243154856689359], [0.11368426255921157, 0.339391218859618, 0.4711943390794399, 0.07573017940173052], [0.13537575908331254, 0.30033705978089054, 0.5189419024190776, 0.04534527861671938], [0.21894274323564702, 0.37830447583134125, 0.2900470749736794, 0.11270570585933237], [0.16254505355517526, 0.3232510652499133, 0.4215905117380406, 0.09261336935687085], [0.2242035698514811, 0.2970276849399247, 0.40597882818253905, 0.0727899169260551], [0.2170995421684041, 0.4184811599945292, 0.2618675348735637, 0.10255176286350302]], "ideal": "B", "sampled": "D", "correct": false}}
{"type": "result", "data": {"idx": 12, "options": ["2%", "4%", "9%", "18%"], "probs": [[0.013257588517838936, 0.1392242488532887, 0.5953837152934905, 0.25213444723538186], [0.030969786727118365, 0.134523536579663, 0.6417823120767043, 0.1927243645165143], [0.02026004146436634, 0.281868336981651, 0.3733980336408303, 0.32447358781315233], [0.017230532129780155, 0.2937109628726718, 0.5318306375193149, 0.15722786737823308], [0.0386171865321612, 0.34152496112094144, 0.4454066786127428, 0.17445117363415458], [0.030172984706875294, 0.339961584549358, 0.49462234416177703, 0.13524308648198968], [0.03315473110903819, 0.15210392202831854, 0.5392635685109478, 0.2754777782516955], [0.04788608210545428, 0.1353468329029076, 0.6258570691136353, 0.19091001577800287], [0.03697858777413669, 0.2775343658069022, 0.3400279352504111, 0.34545911106855004], [0.021472364119133405, 0.23448038050022718, 0.5803373812138605, 0.1637098740667789], [0.06332401458851944, 0.38792577471983136, 0.38188737761974795, 0.16686283297190127], [0.04098362618738957, 0.33520809919715056, 0.47269994354550504, 0.15110833096995485], [0.06863154163427347, 0.21640332563724762, 0.4237029660649252, 0.2912621665635537], [0.05249893899477277, 0.17898532056443112, 0.6055161030960792, 0.1629996372447169], [0.1198864114181555, 0.25578039500866967, 0.38398235460282537, 0.24035083887034944], [0.06863603711115794, 0.1865668342220159, 0.5398567285444466, 0.2049404000223796], [0.08076833428434493, 0.3481136663837907, 0.4469792081558524, 0.12413879107601197], [0.07469420579486429, 0.3096008485008135, 0.45755937437961797, 0.1581455712247042], [0.0688960541880368, 0.2661741037970726, 0.4819692598997995, 0.18296058201509102], [0.08739607295700372, 0.28211126569404177, 0.49511750022936346, 0.13537516101959102], [0.10759903305582003, 0.26839883532516257, 0.47105198570371826, 0.15295014581529914], [0.08694882949164741, 0.247688464726727, 0.5003467946847651, 0.16501591099686055], [0.15759676377365298, 0.27659233482339224, 0.43514198322280834, 0.1306689180801464], [0.12743111143374347, 0.296290044401611, 0.4447875386745128, 0.1314913053901327]], "ideal": "C", "sampled": "D", "correct": false}}
{"type": "result", "data": {"idx": 13, "options": ["minimum wage legislation", "land reform", "progressive taxation", "increased access to education"], "probs": [[0.7406059668353026, 0.1172444399458147, 0.02676154732648622, 0.11538804579239656], [0.746658301675748, 0.14712370153016893, 0.04772379479977584, 0.058494201894307256], [0.008380355942066691, 0.004928064738248125, 0.9535424497331558, 0.03314912948652932], [0.36223029412003227, 0.008324257873577096, 0.04127361920671155, 0.5881718286996791], [0.04908832578153054, 0.012416860208475058, 0.9118001636824674, 0.026694650227526998], [0.6115104099861409, 0.009002916774526217, 0.008453002500210112, 0.37103367063912274], [0.005957844123625541, 0.2940707994190793, 0.027114206827323056, 0.6728571495299721], [0.013188060420878403, 0.3857952668347923, 0.2863613675485343, 0.3146553050957949], [0.002137961112648403, 0.0032105657943796635, 0.7913647344844239, 0.20328673850854806], [0.001478227504612548, 0.0010737893659306299, 0.33707509975726935, 0.6603728832721875], [0.004932453001549563, 0.00638771658721573, 0.9326566914938077, 0.05602313881742706], [0.16283879918610064, 0.00948414756758574, 0.0255570496043145, 0.8021200035419991], [0.0007383215138162593, 0.00366301765401071, 0.9536892193039715, 0.04190944142820149], [0.0007497315014432696, 0.022788103878507323, 0.022770196407878675, 0.9536919681121707], [0.0008247134475552837, 0.017913551583957996, 0.7435330752485041, 0.23772865961998263], [0.0006466742725190351, 0.06248441004758543, 0.35356525678227213, 0.5833036587976234], [0.000768795723217136, 0.002073961768540739, 0.2414232782078143, 0.7557339642004278], [0.0008274548157883143, 0.0020172689806675424, 0.965618584123681, 0.031536691979863224], [0.0024630742006323644, 0.07973245636338955, 0.8429622165129512, 0.07484225282302683], [0.002557149812892097, 0.351283842443482, 0.010513867076719126, 0.6356451405669068], [0.0029995484136766393, 0.04769580934651699, 0.9133231397399618, 0.035981502399844496], [0.002824726189987233, 0.446839794911759, 0.028517215518248033, 0.5218182632800057], [0.0025308178947359475, 0.002269672248683261, 0.4935972135415071, 0.5016022962150737], [0.0015922782186171462, 0.0017095408175879603, 0.9199705032440635, 0.07672767761973143]], "ideal": "A", "sampled": "A", "correct": true}}
{"type": "result", "data": {"idx": 14, "options": ["36%", "56%", "76%", "96%"], "probs": [[0.16844772239766612, 0.3737308745457813, 0.44377562610375043, 0.014045776852802184], [0.13159378227041094, 0.22738497571065, 0.6277851035244392, 0.013236138394499938], [0.06699520286438466, 0.2865113589019724, 0.6257376611935304, 0.020755776940112557], [0.03587383602811825, 0.35393188666323083, 0.5567571846664371, 0.05343709254221378], [0.06711601315253336, 0.5197788360244567, 0.3984746545495674, 0.014630496173442484], [0.03406922353873236, 0.576292784857467, 0.3494913110406375, 0.04014668046316309], [0.038259261065234584, 0.683540595320442, 0.2594057965653599, 0.01879434694896351], [0.04397957095949862, 0.6167388728774167, 0.3199153321719866, 0.01936622389109805], [0.06889534509961492, 0.1887414987991006, 0.7122634409759542, 0.030099715025330265], [0.0639645656892557, 0.3027793651971172, 0.5070310045632699, 0.12622506445035722], [0.08834075510887866, 0.2556244825921318, 0.6326253053146271, 0.02340945688436246], [0.05929121683718804, 0.349290597739414, 0.5002966187548746, 0.0911215665685233], [0.027131873259657685, 0.4885145309270615, 0.4588641396773005, 0.025489456035980334], [0.04026559592374812, 0.5181281259581949, 0.4034813867561144, 0.03812489126194254], [0.08477045736905753, 0.36823243516371135, 0.5192578521472275, 0.027739255220003534], [0.07382614604844369, 0.31325774268699785, 0.5497655003573386, 0.06315061080721984], [0.06517750477835665, 0.34418384678868474, 0.541438138068498, 0.049200510264460595], [0.07735153369172787, 0.45214446480773446, 0.411654317829387, 0.05884968357115069], [0.026488585382721686, 0.5663887456931544, 0.38319027688018437, 0.023932391943939486], [0.03722375520024725, 0.5343565781071907, 0.39090134524664305, 0.037518321345919016], [0.0965971464662835, 0.4035360382052663, 0.4717531695091029, 0.028113645719347272], [0.09153618594434289, 0.36773729046677817, 0.4648352528283435, 0.0758912706605355], [0.09849750212899773, 0.26358982819815907, 0.5847753860038786, 0.05313728356896461], [0.18803342436262255, 0.49542418062789306, 0.2735877362916749, 0.04295465861780949]], "ideal": "B", "sampled": "A", "correct": false}}
{"type": "result", "data": {"idx": 15, "options": ["6%", "13%", "27%", "46%"], "probs": [[0.0007553768088551341, 0.04189322066561223, 0.8954424693014743, 0.061908933124058374], [0.0020163754673521925, 0.08182696158757351, 0.8657528850519212, 0.05040377779315313], [0.0011877977917759744, 0.3398614639006906, 0.43612264059397526, 0.22282809761355818], [0.001065206059770282, 0.09972517606987964, 0.888452030404314, 0.010757587366036091], [0.002840493771032044, 0.2170246216984252, 0.7003065858230176, 0.07982829860752506], [0.0016817262427611397, 0.1197643406732044, 0.8574176679102933, 0.021136265073741188], [0.0008935033746693998, 0.0051428280148632845, 0.9495445546968184, 0.0444191138136489], [0.001742445340966775, 0.007570621815008237, 0.968265447168383, 0.022421485575641897], [0.0024496872191928825, 0.776061378191686, 0.07799379895948468, 0.14349513552963647], [0.0009343847644526961, 0.19560317720510254, 0.7977836738443134, 0.005678764086131373], [0.004935606945884868, 0.6619708044186766, 0.13440648208656314, 0.19868710644887538], [0.0029127150337060997, 0.14941718950241936, 0.8329945081683302, 0.014675587195544341], [0.0034600776781059037, 0.008365690972223165, 0.18023104044469374, 0.8079431908049772], [0.0019797513424768265, 0.007473119253882412, 0.9861888570500728, 0.004358272253568034], [0.058016645566967874, 0.10586631099815151, 0.21716889332356284, 0.6189481500113178], [0.0026111467556432164, 0.018557282033216032, 0.9741034438737022, 0.004728127237438566], [0.004866495436837467, 0.9205196828964797, 0.059740716864916485, 0.014873104701766319], [0.0041634516629807895, 0.668257681030393, 0.31059197861021154, 0.016986888596414722], [0.013740665492645781, 0.034008650194726826, 0.726997993150774, 0.22525269106185342], [0.021901625077020214, 0.0460054405059454, 0.8815700580027878, 0.05052287631424664], [0.0756123278123177, 0.3134207082461709, 0.5329642811933019, 0.07800268264820949], [0.034347757772232916, 0.17858434805852266, 0.7634632372141021, 0.023604656855142292], [0.1171430702124225, 0.4491076691707963, 0.41521685615322834, 0.01853240436355287], [0.045625297574817265, 0.2975344252893488, 0.6496782665305101, 0.007162010505323839]], "ideal": "B", "sampled": "D", "correct": false}}
{"type": "result", "data": {"idx": 16, "options": ["34%", "49%", "64%", "79%"], "probs": [[0.028196839980527896, 0.4659011424263848, 0.4731892110536253, 0.032712806439461915], [0.034819347604054376, 0.3355732126289747, 0.5888961838179914, 0.04071125584897955], [0.030125051509370036, 0.7771152795289044, 0.1248578419794615, 0.0679018268822641], [0.024748649657444194, 0.5545878278588467, 0.38709557316921417, 0.03356794921449488], [0.011402696993292712, 0.9060668699692679, 0.0495286011680518, 0.03300183176938755], [0.010481285594033078, 0.8458769260242633, 0.12374883182498918, 0.019892956456714354], [0.07286945838303029, 0.15426767100740071, 0.7359328378885102, 0.03693003262105881], [0.04193746139481873, 0.07476333326116114, 0.8555793273722234, 0.027719877871796684], [0.048736239802131605, 0.8441361626858248, 0.05188406534190074, 0.055243532070142806], [0.0299874210877803, 0.5112089270489011, 0.42374107177494136, 0.035062579988377265], [0.020064778293629532, 0.9013176055729998, 0.04053216364168125, 0.03808545239168937], [0.014630011322274011, 0.6519710439126084, 0.3079198607156956, 0.025479083949421957], [0.4082143421861156, 0.17557447362092612, 0.3834784455149052, 0.032732738578053096], [0.22836968704546154, 0.09669737687973991, 0.660782825652438, 0.014150110322360639], [0.5354971964940956, 0.31483176816581143, 0.09453085949862709, 0.05514017574146593], [0.1633225499853699, 0.1087961722858432, 0.7094128050450479, 0.018468472583738925], [0.14962811278826543, 0.7965159751814004, 0.039036838924064385, 0.014819073006269763], [0.10195133340319965, 0.8146775565569212, 0.0628152310167097, 0.020555878923169454], [0.41708794775833075, 0.23765345225262502, 0.3299464030040632, 0.015312196884981004], [0.5253709740077013, 0.19631982542488136, 0.27256304987532054, 0.005746150592096834], [0.5575412687813281, 0.34892738966836173, 0.06256101477924461, 0.030970326671065477], [0.4658931736275487, 0.21330643810542013, 0.315247403103863, 0.0055529850631681425], [0.6813526121155147, 0.2885247157201137, 0.024627480538765192, 0.005495191525606439], [0.6927022496890298, 0.2843036120813224, 0.020118345036887423, 0.0028757930927603443]], "ideal": "A", "sampled": "D", "correct": false}}
{"type": "result", "data": {"idx": 17, "options": ["62%", "72%", "82%", "92%"], "probs": [[0.03130579296993048, 0.44948001686876365, 0.4858835826503324, 0.033330607410973476], [0.03838131963219877, 0.435951353699896, 0.3968029036602054, 0.1288644229076998], [0.023958750992230986, 0.20379929935424276, 0.7453005021599614, 0.026941447393564872], [0.0336669534411142, 0.5105642675842891, 0.345355480874812, 0.11041329799978478], [0.03638816069236943, 0.1260332828800484, 0.7599296965398511, 0.07764885978773112], [0.04990618266435087, 0.17017634306681273, 0.7163268932013943, 0.06359058096744202], [0.0607652300551663, 0.2832465039633787, 0.6381625235298198, 0.017825742351635226], [0.055080617062287424, 0.38544057647186813, 0.5104780044498776, 0.04900080191596683], [0.04345496054884035, 0.5953835836115582, 0.3391345775796575, 0.022026878159943936], [0.022453843895263954, 0.6361514076855735, 0.3004103166903761, 0.040984431628786365], [0.04911639284734443, 0.29625578166718225, 0.607753781509149, 0.046874043876324295], [0.019368972915991992, 0.10974446846556642, 0.8107522250013256, 0.060134333517115994], [0.04294056188985084, 0.25301228443165014, 0.676960845107043, 0.027086308471456065], [0.056254782987507156, 0.3528521796923207, 0.5463837736425096, 0.0445092635776626], [0.1409792473917179, 0.4845774245459658, 0.3544432573328112, 0.020000070629505103], [0.06989615917615162, 0.320736371896228, 0.5806779090599409, 0.028689559767679444], [0.030910477960311163, 0.47611229045732983, 0.4542005197011374, 0.03877671178122159], [0.03594394333405577, 0.4772619217666946, 0.455315939006202, 0.03147819579304768], [0.025060578804779687, 0.27586373272962833, 0.6412532233363897, 0.057822465029202325], [0.03673377454830284, 0.27360896928511097, 0.6460283085118618, 0.043628947554724386], [0.05505660384174159, 0.42644177592180144, 0.47561530836787197, 0.04288631176858502], [0.031168027136785563, 0.17799148127511435, 0.7492201993351384, 0.041620292152961695], [0.08666527854035498, 0.41355624020515935, 0.4541001532871633, 0.045678327867322385], [0.1066033001601122, 0.5331030169469559, 0.3335455531652428, 0.026748129627688976]], "ideal": "C", "sampled": "C", "correct": true}}
