{"type": "result", "data": {"idx": 0, "options": ["temporary dipoles created by the position of electrons around the nuclei in a molecule", "the three-dimensional intermolecular bonding present in all covalent substances", "the uneven electron-to-proton ratio found on individual atoms of a molecule", "the electronegativity differences between the different atoms in a molecule"], "probs": [[0.9684024755125289, 0.012977047429282738, 0.002595614097419977, 0.01602486286076838], [0.9720090922327032, 0.013544265490636087, 0.0028613524339496897, 0.011585289742711074], [0.9534809207725646, 0.013923523329338444, 0.0035759069363882606, 0.029019648861708606], [0.9522919194540103, 0.019458185585575744, 0.010253784971962308, 0.01799610988845174], [0.9696966083596964, 0.01592108004420453, 0.003524861613296192, 0.010857449882802907], [0.9700150592532238, 0.01708649198240744, 0.003964436504535873, 0.008934012159832805], [0.004206258963798148, 0.9520532255358587, 0.0053588852464583605, 0.03838163015388477], [0.004497215055004851, 0.9712893157788127, 0.008016939102438827, 0.016196529963743614], [0.003989193282189755, 0.0070013420659172775, 0.8284040424343427, 0.1606054221175502], [0.002534399041652559, 0.0037457337599227252, 0.0026978168168201337, 0.9910220502816046], [0.004273772384507982, 0.0065167932535506855, 0.9671623576801102, 0.022047076581831134], [0.004205677605068167, 0.004205831738935249, 0.0018809043111403764, 0.9897075862448562], [0.006942641629684406, 0.9680586050575769, 0.0062721462148055, 0.018726606997933173], [0.00716367120217074, 0.9681539951216445, 0.012870343301229676, 0.011811990274955084], [0.00800775684658538, 0.006903206016389612, 0.8627217448765455, 0.12236729216047945], [0.007010398333977246, 0.004526390164734917, 0.0033636115949458078, 0.985099599806342], [0.016982950074964167, 0.014079507596932573, 0.949235503093769, 0.019702039134334236], [0.026490560970694986, 0.013425171967832513, 0.004062498633314369, 0.9560217683281581], [0.007005545394793037, 0.976826619909946, 0.007171682168228379, 0.008996152427032614], [0.006441965682856483, 0.9788702217025321, 0.006543555287703907, 0.00814425722690747], [0.012560315620565457, 0.011171424827778024, 0.9446897158294706, 0.031578543622185914], [0.02003958135392213, 0.011154050231284395, 0.0031956273898055866, 0.9656107409249879], [0.021921096546348086, 0.014376369711098558, 0.939436463492713, 0.02426607014984029], [0.025631709863890167, 0.009211248350543978, 0.0032843235966214116, 0.9618727180889445]], "ideal": "A", "sampled": "A", "correct": true}}
{"type": "result", "data": {"idx": 1, "options": ["70 pm, 1402 kJ/mol", "86 pm, 898 kJ/mol", "135 pm, 523 kJ/mol", "40 pm, 995 kJ/mol"], "probs": [[0.15387105023331962, 0.40541227177992467, 0.3413600452409578, 0.09935663264579789], [0.1684922403295408, 0.41057807281814546, 0.15581944254117497, 0.2651102442111387], [0.10177772718643505, 0.20241016599918749, 0.5588431482689736, 0.1369689584454038], [0.18237681413291806, 0.30069797780042995, 0.20664676713893487, 0.3102784408277171], [0.11882357121078696, 0.18118676271434594, 0.44840859694156326, 0.25158106903330385], [0.13335059283984685, 0.18227102000121653, 0.4107241699336275, 0.27365421712530913], [0.15014734043828248, 0.4018326878965111, 0.2804978316964374, 0.16752213986876902], [0.14456378999127148, 0.3991723953661796, 0.2458992485381073, 0.21036456600444164], [0.10176922442548764, 0.2681319235504708, 0.4931400683158679, 0.1369587836081737], [0.11225024860534183, 0.32482189662833516, 0.2529470380801418, 0.3099808165861812], [0.10586693057948461, 0.2172319276619884, 0.5050443968786077, 0.17185674477991933], [0.09824999175169447, 0.18938667488866723, 0.46143892286917837, 0.25092441039045993], [0.07839688730615524, 0.36822540424923167, 0.45111902288803085, 0.10225868545658219], [0.10791289644484091, 0.42020803059595824, 0.26707154111767073, 0.20480753174153013], [0.12341035422576599, 0.34612259121762906, 0.4514004063557526, 0.07906664810085233], [0.14424587784755202, 0.3860398232550819, 0.25314569470735143, 0.21656860409001458], [0.10133513892685198, 0.1953326772603224, 0.530936999866224, 0.17239518384660166], [0.08608245809191212, 0.1633576884474011, 0.5440354792556789, 0.20652437410500787], [0.0469986158265606, 0.25014046575842114, 0.5463175284628354, 0.1565433898521828], [0.06266132369972441, 0.30604343447267884, 0.3929281766574951, 0.23836706507010172], [0.08090125467187083, 0.3654382390372751, 0.4013154058757171, 0.1523451003151369], [0.06667294898937147, 0.30352642224595283, 0.44854454845042185, 0.18125608021425382], [0.051886448034051236, 0.2718770477646452, 0.4922626027255604, 0.18397390137574315], [0.04662596962743297, 0.22950781158882938, 0.5335827648189725, 0.19028345386476517]], "ideal": "A", "sampled": "B", "correct": false}}
{"type": "result", "data": {"idx": 2, "options": ["ionic bonding", "nonpolar covalent bonding", "covalent network bonding", "metallic bonding"], "probs": [[0.3773191598970806, 0.0587765504269873, 0.10155186131737273, 0.4623524282585594], [0.18839211689885993, 0.048384558224367456, 0.6575381134629668, 0.10568521131380582], [0.46124006687678104, 0.21451284628489795, 0.03556709097170078, 0.28867999576662023], [0.24790999106140896, 0.1208260869797484, 0.5946997955241671, 0.03656412633467554], [0.15227059933359405, 0.7265863973297784, 0.02126249472623876, 0.09988050851038877], [0.16394021006180154, 0.7701441128430239, 0.02380411167028175, 0.04211156532489285], [0.0838188485649917, 0.2582007146443282, 0.057604821676395454, 0.6003756150142846], [0.05099278334388121, 0.15954919217253596, 0.6612529778611012, 0.12820504652248163], [0.033418377613804645, 0.07954758045071068, 0.552099671820087, 0.3349343700153976], [0.0348012868428233, 0.06921314676806009, 0.732517843432649, 0.16346772285646755], [0.1035736850491822, 0.5427456376290208, 0.0972973235458294, 0.2563833536759676], [0.05443778423235182, 0.2292142429484465, 0.03200151493829893, 0.6843464577809028], [0.074896740157766, 0.6572623448090833, 0.029791117599342918, 0.2380497973338078], [0.07836935112519385, 0.4581195661706051, 0.43032406925715055, 0.03318701334705044], [0.044509349016060504, 0.031073750104120453, 0.5955054959042518, 0.32891140487556714], [0.05490232850148813, 0.03079837288031528, 0.7578879978339955, 0.156411300684201], [0.16078396619094804, 0.6561604933130378, 0.12919320549844818, 0.05386233489756593], [0.11153186197446037, 0.408010364134814, 0.025277899596391033, 0.4551798741943346], [0.6644745666457701, 0.1680184652642813, 0.038677261428459946, 0.12882970656148868], [0.6545696062813408, 0.23708864337551055, 0.06583252352316914, 0.042509226719979525], [0.3277640190883349, 0.07200338267575117, 0.3713948296262637, 0.22883776850965024], [0.26350949684369906, 0.03622561895255692, 0.047987318480467896, 0.6522775656232761], [0.35034378706990404, 0.184630837559289, 0.4095876140187202, 0.055437761252086784], [0.44058623633476346, 0.12623883068394665, 0.02564510674199408, 0.4075298261392958]], "ideal": "C", "sampled": "D", "correct": false}}
{"type": "result", "data": {"idx": 3, "options": ["Ag+(aq) + Br-(aq) \u2192 AgBr(s)", "NH4+(aq) + Ag+(aq) \u2192 Ag(NH4)3+2(aq)", "Br-(aq) + NO3-(aq) \u2192 NO3Br(aq)", "NH4Br(aq) + NO3-(aq) \u2192 NH4NO3(aq) + Br-(aq)"], "probs": [[0.18140537058500353, 0.3552085571935497, 0.014321014199027995, 0.44906505792241874], [0.1746466042536236, 0.5817206707351374, 0.17194801904380308, 0.07168470586743586], [0.2797019329231935, 0.12030377865218937, 0.124117932223973, 0.4758763561006441], [0.07567183727029221, 0.05712267979592446, 0.8460253300132942, 0.021180152820489205], [0.06835655638186657, 0.8328253346764147, 0.06677595301428407, 0.03204215582743463], [0.07679033350167613, 0.8002493455229023, 0.09860444904813256, 0.02435587182728902], [0.15498018425440618, 0.25554225636895167, 0.031241485031721042, 0.5582360742449212], [0.20978700872868564, 0.3682343284855207, 0.2452841994090486, 0.17669446327674504], [0.16334201272178925, 0.06916683114994189, 0.4106603829847859, 0.35683077304348293], [0.07196324714476629, 0.04263843389062506, 0.8497707431397195, 0.035627575724889136], [0.06785007616087353, 0.7526913936629067, 0.09949895067634805, 0.07995957939987168], [0.05882814000034282, 0.7871814164094603, 0.08626893681958943, 0.0677215066706075], [0.1540593103630058, 0.22417051265890364, 0.04924072471486033, 0.5725294521632303], [0.08704203722312688, 0.10499812937231334, 0.7880754713786379, 0.019884361925921926], [0.16865077613097731, 0.23053257165034, 0.1767482906403223, 0.42406836147836036], [0.08098169475715442, 0.10897719195123408, 0.780478960052159, 0.02956215313945246], [0.013187670710453635, 0.9689873781300471, 0.010191482206025377, 0.00763346885347394], [0.01337880264821188, 0.9677875610000658, 0.009195908877462959, 0.009637727374259358], [0.5111869674005239, 0.2693896032446583, 0.06105286036054326, 0.15837056889427445], [0.5224446537021838, 0.3071424296084815, 0.1202732372102589, 0.050139679379075756], [0.4283435631494443, 0.34962879972134947, 0.04621851008643401, 0.1758091269427722], [0.4555362205896385, 0.29413270158603216, 0.03512785100048059, 0.21520322672384873], [0.4715887166471145, 0.4500256357240633, 0.040569018515518016, 0.037816629013304195], [0.5033103870032927, 0.4044460989544484, 0.020293427818226895, 0.07195008612403206]], "ideal": "A", "sampled": "D", "correct": false}}
{"type": "result", "data": {"idx": 4, "options": ["W", "Sb", "Fe", "An"], "probs": [[0.0012904202493707652, 0.9958250410155696, 0.001709499712230455, 0.0011750389228291948], [0.0007576592099123653, 0.9945628132831641, 0.0037583869740658664, 0.0009211404328577079], [0.000758316486234531, 0.002506028168774907, 0.9952738906764851, 0.0014617645685054523], [9.954515731983309e-05, 0.0001615956654963738, 0.0037059739601102786, 0.9960328851170736], [0.0006733333916296554, 0.004565752413402318, 0.9936154724688433, 0.0011454416261247235], [9.309409170937049e-05, 0.00037694884108668944, 0.00018083869501053982, 0.9993491182721934], [0.997903115258276, 0.0016350352967692114, 0.0001709814878504169, 0.0002908678571043571], [0.9971619792992219, 0.002114300498727833, 0.0004261766967755934, 0.0002975434052746059], [0.9981602073900793, 0.0012249246799495965, 0.0002978199585544114, 0.0003170478714166821], [0.9975817918188414, 0.001523560163986167, 0.0004682617201270446, 0.000426386197045389], [0.9974371967913835, 0.001866384330962136, 0.00036179272800728683, 0.00033462604964701234], [0.9978781429028223, 0.0015846951055501675, 0.00018632029745241648, 0.00035084159417517034], [0.0004727521007834047, 0.006786345759255252, 0.9915049960436126, 0.0012359059963487492], [7.355976107299383e-05, 0.00044365430581981666, 0.0012735501661762419, 0.998209235666931], [0.0008010594716678649, 0.9956089336293495, 0.0026678675263818764, 0.0009221392726006469], [0.0007169206932247985, 0.9940302149958866, 0.004061438518201058, 0.0011914256926875404], [7.246381833231299e-05, 0.0006309412645440746, 0.0004951488985809821, 0.9988014459185426], [0.0005044971302010624, 0.012223497063137984, 0.986244828656284, 0.0010271770503768696], [0.0005727270070435711, 0.002841294993032624, 0.9958272040152828, 0.0007587738846409887], [0.00010469217179335417, 0.0002034050196076249, 0.00011678754227606612, 0.9995751151663229], [0.0009151933993292841, 0.9959342998814306, 0.0023737507688906378, 0.0007767558503494672], [0.0012909582632111096, 0.9962139469670513, 0.0013010699825998088, 0.001194024687137721], [4.754694877160459e-05, 7.840248728501172e-05, 0.0005657807237843267, 0.9993082697401591], [0.0006245045341357226, 0.0016073388116210924, 0.9964356609348494, 0.0013324956193938484]], "ideal": "B", "sampled": "B", "correct": true}}
{"type": "result", "data": {"idx": 5, "options": ["0.33 atm", "0.40 atm", "0.50 atm", "2.0 atm"], "probs": [[0.241724644384173, 0.5890498861006452, 0.15364970537167638, 0.01557576404350538], [0.1983388237271173, 0.6816072539483197, 0.10451710339913406, 0.015536818825428907], [0.11838232852320969, 0.1568359948697911, 0.7139404639067829, 0.010841212600216296], [0.28980917383386023, 0.3085204729543666, 0.32838974133701365, 0.07328061177475959], [0.3197263267242658, 0.2451519883080243, 0.4235658163558027, 0.011555868511907184], [0.3506569940393012, 0.2525783535416798, 0.3561716158966302, 0.040593036422388845], [0.2744211159111297, 0.38102005559981444, 0.32588272130253276, 0.018676107086523064], [0.2715132296897136, 0.5234018084643814, 0.18660676894572165, 0.018478192800183358], [0.26026046588592305, 0.18455781264177973, 0.542424387292261, 0.012757334080036296], [0.28636687564419727, 0.28638305830501104, 0.3853427709947711, 0.041907294956020566], [0.2890943803788417, 0.19869665244386114, 0.49950651913990296, 0.012702447937394163], [0.3625778569014556, 0.315029056022214, 0.295920879721557, 0.026472207254773377], [0.037454266097376475, 0.2946128546897007, 0.6536045669855733, 0.014328312127349441], [0.055134126337231006, 0.4952967208914565, 0.40421383031731306, 0.04535532235399944], [0.10091124201448515, 0.4452703474455973, 0.4383420229340109, 0.015476387505906632], [0.07874698367106935, 0.5509438637304078, 0.34474182896016864, 0.025567323538354128], [0.07972031444868422, 0.4999618287648092, 0.38933963674356586, 0.03097821994294068], [0.0824099898067589, 0.5048605475832734, 0.3931538376591243, 0.019575624850843402], [0.020781099000706883, 0.6414800636753804, 0.32253434019299243, 0.015204497030920397], [0.027888597717392945, 0.6549220474853081, 0.281656639646536, 0.035532715050762956], [0.025509277451129696, 0.6037498734427358, 0.3549009574404886, 0.01583989156564583], [0.03548003413143652, 0.7410720696464005, 0.19943940934689333, 0.024008486775269636], [0.08277608391726698, 0.3595762821703968, 0.5313954909255523, 0.02625214288678398], [0.07822864589313419, 0.40354890078236916, 0.5022039469075609, 0.01601850631693574]], "ideal": "C", "sampled": "B", "correct": false}}
{"type": "result", "data": {"idx": 6, "options": ["very soluble", "very electronegative", "isoelectronic with a noble gas", "highly colored"], "probs": [[0.010495056367840556, 0.02659421592705121, 0.9521656604868034, 0.010745067118304833], [0.05009736418803422, 0.3370903334930414, 0.011899099461980825, 0.6009132027569436], [0.010371439524141293, 0.9785882892529573, 0.006290970492458659, 0.004749300630442762], [0.007491078195614554, 0.9736891943159043, 0.005567198129696618, 0.013252529258784502], [0.04387848750266787, 0.028112256425396404, 0.4098415901687415, 0.5181676658031942], [0.004914969159590609, 0.008970383470256792, 0.9663678316702682, 0.019746815599884414], [0.003830336902744423, 0.009261203409384982, 0.9822515089037279, 0.004656950684142633], [0.10279969211123809, 0.016393797607891177, 0.006469783426759171, 0.8743367267541116], [0.005377165001334302, 0.9855994169322052, 0.004599457038994865, 0.004423960927465613], [0.006927468801497926, 0.9811775603215279, 0.0032724284171023617, 0.008622542359871815], [0.09376834762680454, 0.009069809385121799, 0.021251470998549075, 0.8759103718895246], [0.0022570108614223634, 0.004419239163379355, 0.9845349622635702, 0.008788787611628076], [0.9855825694655029, 0.012215004239385823, 0.0014030097539993597, 0.0007994164411119327], [0.9852195480136141, 0.011292907273606545, 0.0010260996200301402, 0.0024614449927491716], [0.9793354908728941, 0.017938011238442256, 0.0015797242789200162, 0.00114677350974365], [0.9638568659034377, 0.03196803272403522, 0.0015916237262685452, 0.0025834775462585226], [0.978871552850617, 0.01463376315701613, 0.0018174072673544383, 0.004677276625012435], [0.970665314088086, 0.023188283151749943, 0.002726532691113734, 0.0034198699690502904], [0.0212408613294433, 0.04358623403697188, 0.3427922904114809, 0.5923806141221039], [0.004095692103221083, 0.009902815130608865, 0.9713658490457122, 0.014635643620457826], [0.02562424487639808, 0.1271246290815336, 0.031149711218699024, 0.8161014147233693], [0.0034186788544662413, 0.005680962883179397, 0.9779976523416205, 0.012902705820733896], [0.005720444656015254, 0.9774154509974509, 0.006584457709047354, 0.010279646537486488], [0.009150350593284468, 0.9783370034489846, 0.005550281221660097, 0.006962364636070925]], "ideal": "C", "sampled": "C", "correct": true}}
{"type": "result", "data": {"idx": 7, "options": ["no two electrons can have the same four quantum numbers", "no two electrons with the same spin can occupy an orbital", "no two electrons can occupy separate orbitals", "no two electrons can pair up if there is an empty orbital at the same energy level available"], "probs": [[0.23295840603872936, 0.2519331137690699, 0.05890308320437091, 0.4562053968878298], [0.1509447187597439, 0.1908522063810831, 0.4949612315971151, 0.16324184316205792], [0.0957611093327464, 0.05993378779911559, 0.47136952419732336, 0.3729355785708146], [0.06470230966159389, 0.06572908162413388, 0.8006856440697117, 0.06888296454456053], [0.0784892835684394, 0.5535469815638538, 0.10237302935211427, 0.26559070541559254], [0.06868805451147687, 0.6725353452845774, 0.10151770645601162, 0.15725889364793413], [0.5509728521137519, 0.08856131663398358, 0.06086202327966176, 0.2996038078726027], [0.2412078786195057, 0.0795560812672131, 0.5351809501938717, 0.14405508981940943], [0.5826285318915949, 0.05505094341762776, 0.09967949238015002, 0.2626410322106273], [0.23745434603022897, 0.049006623557697436, 0.645501093943343, 0.06803793636873057], [0.20665999783013958, 0.5889013277395957, 0.07906053037760613, 0.12537814395265856], [0.22210531100762237, 0.5853194840966769, 0.08430686834762623, 0.10826833644807454], [0.08886506208935445, 0.11061122765154927, 0.3200248706015206, 0.4804988395575757], [0.07237349234174677, 0.11387481944987417, 0.7424921767418513, 0.07125951136652772], [0.037524591009303845, 0.4466468856291299, 0.055026339584261855, 0.4608021836773044], [0.05421891727175155, 0.36771180674166265, 0.4947337433985793, 0.08333553248800653], [0.019377288485921487, 0.8569924681443343, 0.056510820201167954, 0.06711942306857631], [0.021462472433382736, 0.8376605023046061, 0.07728976856335795, 0.06358725659865323], [0.2995728134554752, 0.237028836407135, 0.24072878005057002, 0.22266956998681978], [0.38895656123431266, 0.3433102496858196, 0.09239001170329765, 0.17534317727657012], [0.239216883193612, 0.5392215606379012, 0.07183073139229056, 0.14973082467619628], [0.21416202743867532, 0.5556251551004542, 0.05809608625290207, 0.17211673110796843], [0.38367233819916685, 0.24775453647742302, 0.20861077928277247, 0.15996234594063763], [0.28801009890462015, 0.1949086341880086, 0.41907846781306374, 0.09800279899430751]], "ideal": "D", "sampled": "D", "correct": true}}
{"type": "result", "data": {"idx": 8, "options": ["Rb+", "Se2-", "As5+", "Sr2+"], "probs": [[0.2456281611032811, 0.21683922048631443, 0.08554491100956658, 0.45198770730083787], [0.24199032600791553, 0.18852598822819933, 0.08041837005691434, 0.4890653156069708], [0.2520628627598692, 0.21907443295630016, 0.07221184086551004, 0.45665086331832055], [0.2519893495790888, 0.24053320342679316, 0.13487563222039248, 0.37260181467372555], [0.2508532256145694, 0.1835837473437634, 0.06646374263478726, 0.4990992843068799], [0.21252697927453873, 0.20606190226032634, 0.15188085126068204, 0.4295302671044529], [0.23200702319198852, 0.2589067777895291, 0.0475010119703444, 0.461585186948138], [0.19227203939726523, 0.2712375551701772, 0.045309383923977195, 0.49118102140858033], [0.2210147082584619, 0.19820107517644606, 0.18037454782112727, 0.40040966864396477], [0.23461391121104191, 0.20076000981945819, 0.08299462001717914, 0.4816314588523208], [0.22088755829574805, 0.20436532945649613, 0.09955247564774979, 0.47519463650000604], [0.22044420662636985, 0.185697010088541, 0.04804465314049207, 0.5458141300445971], [0.21521433784869012, 0.255677635650145, 0.05883328878974267, 0.4702747376114222], [0.20028433199575923, 0.32521570282785595, 0.082196169919782, 0.39230379515660285], [0.17925058725170376, 0.14751808954682447, 0.2690782982391276, 0.40415302486234417], [0.2228774460916703, 0.16060779149524732, 0.10609720837992079, 0.5104175539331616], [0.2226905838808896, 0.2408899819079561, 0.17479312866411312, 0.36162630544704116], [0.2193761773909902, 0.17634242836985278, 0.04387518406919173, 0.5604062100699653], [0.2555361218507972, 0.1899527332773499, 0.05397944534913072, 0.5005316994227221], [0.24076063155987182, 0.22625344173593107, 0.11022405653757471, 0.4227618700666224], [0.2307537954365649, 0.15865228122958805, 0.1585840339153949, 0.4520098893184521], [0.25574334310075203, 0.15760604331082395, 0.06169631800796105, 0.524954295480463], [0.23128032337378832, 0.19181923280497626, 0.23492803817235508, 0.34197240554888036], [0.25457592807434787, 0.1568907621893827, 0.040911659069533, 0.5476216505667364]], "ideal": "C", "sampled": "A", "correct": false}}
{"type": "result", "data": {"idx": 9, "options": ["the O\u2013H bonds in sulfuric acid are much weaker than in sulfurous acid due to the electron withdrawing of the oxygen atoms on sulfuric acid", "sulfuric acid has more oxygen atoms in its formula", "the sulfur in sulfuric acid is more electronegative than the sulfur in sulfurous acid", "sulfuric acid has the hydrogen atoms bound directly to the sulfur atom"], "probs": [[0.8275973076648828, 0.09000377967048012, 0.04742721397063892, 0.03497169859399811], [0.8731281404384345, 0.06733311155137002, 0.015380191113570982, 0.044158556796624525], [0.8730067065123583, 0.09347194594083647, 0.015258727572883348, 0.018262619873921884], [0.8616624524019966, 0.09518572084340313, 0.02123874291170853, 0.021913083742891817], [0.8668559498154631, 0.09137380560928193, 0.009189720887861503, 0.032580523587393426], [0.8168709779398271, 0.12142886221526804, 0.03217455197131793, 0.029525607773586943], [0.025751542920968557, 0.9442671169057071, 0.018550642282073235, 0.01143069779125115], [0.024903815469112366, 0.9495517698987949, 0.012721428764842762, 0.01282298576724995], [0.03787714955866209, 0.10706867186807612, 0.8421643900965282, 0.012889788376733543], [0.02554414224580279, 0.15170308501435378, 0.015254142812610293, 0.8074986298272331], [0.027845403829602797, 0.035200654911514265, 0.9221630332533249, 0.014790907905558036], [0.023904920772161116, 0.021768485476329077, 0.07777201151749578, 0.876554582134014], [0.06607104258819266, 0.8981727766574532, 0.019686417791399093, 0.016069762862955046], [0.05802843244298442, 0.9008920611328171, 0.024960861769842857, 0.01611864455435565], [0.05581273954070011, 0.050032363359584234, 0.8663044103061086, 0.027850486693607037], [0.08971469713332117, 0.02147906978210974, 0.01030499651204632, 0.8785012364725228], [0.06679435210517026, 0.17326221223284005, 0.7409518512165003, 0.018991584345489414], [0.08055807626776017, 0.04484404610530731, 0.008230063109124186, 0.8663678144178083], [0.0355219301362129, 0.9307977462991379, 0.014809765720159025, 0.01887055774449011], [0.02822513468732821, 0.9349609490578584, 0.022505622061439575, 0.014308294093373735], [0.03447485663519913, 0.0313908605398944, 0.9102502537418428, 0.023884028983063667], [0.02195379948053515, 0.015090891024618618, 0.05784091270363111, 0.9051143966912151], [0.05395328051976449, 0.14898138681868814, 0.7806066579110145, 0.01645867465053292], [0.022115073436818143, 0.07140479768382334, 0.008797369634303788, 0.8976827591450547]], "ideal": "A", "sampled": "A", "correct": true}}
{"type": "result", "data": {"idx": 10, "options": ["0.0641 M", "1.64 M", "0.115 M", "0.400 mol/L"], "probs": [[0.2853449902051326, 0.18713444608913934, 0.4488979312991569, 0.07862263230657113], [0.327292208747503, 0.195443469198523, 0.3074549780099345, 0.16980934394403954], [0.3672871050968969, 0.3616176895512373, 0.1555142702132332, 0.11558093503863257], [0.3529057747829842, 0.3584907597169794, 0.21404489553747585, 0.07455856986256057], [0.424647315375983, 0.14675796973884403, 0.31066845687097305, 0.11792625791419992], [0.4412079650262445, 0.1454965537117906, 0.3545096078686379, 0.05878587329332701], [0.3367373259134572, 0.3584795500376086, 0.25023769677288404, 0.05454542717605016], [0.3647951943511354, 0.39448435621174827, 0.12411394251707537, 0.11660650682004094], [0.36180839897379946, 0.1936638991901386, 0.40361554151375745, 0.0409121602223045], [0.43862022272194795, 0.18001652298606896, 0.27879390948588945, 0.10256934470609363], [0.40417564482368595, 0.21299742380650197, 0.30508039560364275, 0.07774653566616936], [0.43828179448300675, 0.26172547944866675, 0.2006545468817891, 0.09933817908653743], [0.11791978993191247, 0.6577911678286215, 0.07978772014530588, 0.14450132199416016], [0.14490493720102676, 0.6806774049821358, 0.11110375903208837, 0.06331389868474903], [0.21501373441551225, 0.23987269995672242, 0.4696316245610907, 0.07548194096667464], [0.2173874280807205, 0.2791531556944127, 0.3314713687205527, 0.17198804740431406], [0.2692981619968207, 0.1970321208483818, 0.4726312387614993, 0.06103847829329818], [0.29735975568421097, 0.2707747438048329, 0.2624128978462991, 0.169452602564657], [0.23545505892499938, 0.2626874964365682, 0.26266565133491127, 0.23919179320352113], [0.22027229426900097, 0.26989669409367656, 0.4180027966678206, 0.0918282148695019], [0.16812643394042728, 0.32921299371887336, 0.3291740718893188, 0.17348650035138055], [0.18331092594220968, 0.39422401781908284, 0.2013221829928301, 0.22114287314587736], [0.1698550432750601, 0.18655751643699459, 0.5483004450249734, 0.09528699516297191], [0.20028582810204568, 0.16094306589374038, 0.40458433041652353, 0.23418677548769043]], "ideal": "C", "sampled": "A", "correct": false}}
{"type": "result", "data": {"idx": 11, "options": ["SF4", "PCl5", "BF3", "CO2"], "probs": [[0.47023142780821303, 0.2517136410137722, 0.13684451986507612, 0.14121041121293865], [0.4432513813267834, 0.20295721873292805, 0.03444707239311356, 0.319344327447175], [0.41079175621183456, 0.3149976443743035, 0.061058875394686456, 0.21315172391917547], [0.26815544007864756, 0.16014385787200694, 0.021333914878784273, 0.5503667870705612], [0.21552610395183605, 0.07107958196882894, 0.26406392452460375, 0.44933038945473125], [0.25003500652636623, 0.12378984135090912, 0.15892864051681052, 0.4672465115059141], [0.3494108151075569, 0.516457219238239, 0.0779664172886732, 0.05616554826553091], [0.3347886739373128, 0.464890989737397, 0.02107155844492456, 0.17924877778036558], [0.27901459776854604, 0.17461792283315905, 0.45289559854864575, 0.09347188074964914], [0.11437870827241464, 0.05237367125574332, 0.01387578188013718, 0.8193718384917048], [0.13213434321846668, 0.06541866564772007, 0.5476873908505746, 0.2547596001832386], [0.18805060788466707, 0.14647848520695642, 0.05825498175118624, 0.6072159250571902], [0.07055986891280318, 0.6908320269167985, 0.08919756939133343, 0.1494105346790649], [0.04419986158167392, 0.5600284337437408, 0.03415497392074451, 0.36161673065384076], [0.1294217585513607, 0.11971039591375338, 0.5534835580961551, 0.1973842873387308], [0.0639699553185058, 0.07962536125299817, 0.039410308293114246, 0.8169943750353817], [0.012900129055432875, 0.01819450421594308, 0.6412987756184594, 0.3276065910101647], [0.04243812908247631, 0.05801619351008725, 0.1814839020326935, 0.7180617752747429], [0.0466115044983619, 0.5211686685595537, 0.06835017607237026, 0.3638696507697141], [0.060086244559328525, 0.535633009541499, 0.09906429464281392, 0.3052164511563586], [0.09654977485094578, 0.15673590494305564, 0.3878744666840675, 0.35883985342193103], [0.14668744035973483, 0.18258254766070534, 0.09036927198024228, 0.5803607398993176], [0.05004517472544374, 0.07513636703071719, 0.5380422787851287, 0.3367761793587104], [0.11718659579038239, 0.1458659175050636, 0.08309656502482747, 0.6538509215797265]], "ideal": "A", "sampled": "A", "correct": true}}
{"type": "result", "data": {"idx": 12, "options": ["Fluorine has a very high electronegativity; therefore the H-F bond is stronger than any other H-X bond.", "HF is smaller than any other H-X molecule; therefore it exhibits stronger London dispersion forces.", "The dipoles in a HF molecule exhibit a particularly strong attraction force to the dipoles in other HF molecules.", "The H-F bond is the most ionic in character compared to all other hydrogen halides."], "probs": [[0.2283597020050297, 0.027490389002576533, 0.0068425187927128, 0.7373073900996809], [0.4396027815743589, 0.08657073764117934, 0.4535827824456101, 0.020243698238851686], [0.23419793936265687, 0.010452824419795233, 0.010953876885478076, 0.7443953592320698], [0.03587746918838784, 0.009732542359120253, 0.9326265858319356, 0.021763402520556297], [0.4829538848710345, 0.37619195718186416, 0.12798134421104093, 0.012872813636060387], [0.539792630703024, 0.4075347583409714, 0.024282227023241027, 0.02839038383276355], [0.06088872580449312, 0.35877680507606097, 0.024602640234434224, 0.5557318287850117], [0.12919802962441693, 0.4237167536788655, 0.41710120435358405, 0.029984012243133497], [0.021124967817663654, 0.012131797939467443, 0.6727884253700727, 0.2939548087727963], [0.011277644862380008, 0.006840739379397838, 0.6254639607448591, 0.356417654913363], [0.08770596163346105, 0.17998672833852586, 0.700784319868611, 0.03152299005940206], [0.08206994949382926, 0.17107716511315701, 0.015182190308307605, 0.731670694984706], [0.008774493158165272, 0.5514877021967253, 0.02991581854746352, 0.40982198599764597], [0.010518127208141395, 0.20160760152416393, 0.7608017984456622, 0.02707247272203245], [0.006914914404638031, 0.012620444079183467, 0.584749206494759, 0.3957154349214194], [0.004582106017973353, 0.006879147430960837, 0.6438673569117793, 0.3446713895392865], [0.006225372530657787, 0.12311255666910866, 0.8545131499454797, 0.01614892075475384], [0.004950640268479502, 0.3964334139120922, 0.0218425989637721, 0.5767733467556562], [0.7065514539779633, 0.24420888890480874, 0.03629687977105717, 0.012942777246170862], [0.7045654148541493, 0.27167225913337006, 0.01013032926141928, 0.013631996651061375], [0.467998892022063, 0.07882982491658601, 0.4261403679421577, 0.02703091501919327], [0.622346105447561, 0.07204870905769864, 0.011579196942107269, 0.29402598845263306], [0.1147321807263829, 0.016146501133644256, 0.8346691524693557, 0.034452165570617116], [0.5174949292372273, 0.021697267770150706, 0.024972809059529824, 0.4358349938330922]], "ideal": "C", "sampled": "D", "correct": false}}
{"type": "result", "data": {"idx": 13, "options": ["3.8 \u00d7 10^-3 mol/L", "5.77 \u00d7 10^-3 mol/L", "1.97 \u00d7 10^-3 M", "9.9 \u00d7 10^-4 M"], "probs": [[0.05163932598183536, 0.350174461816569, 0.533911607568515, 0.06427460453308059], [0.06092431441028865, 0.43978384460420283, 0.34247148288693213, 0.15682035799857638], [0.12077388461313826, 0.23647051166350833, 0.5852544089099229, 0.05750119471343054], [0.11154157913665055, 0.2804333441975416, 0.49990118290397034, 0.10812389366183746], [0.1106703446794696, 0.10396596943241754, 0.7104745612398781, 0.07488912454823482], [0.06527809408976956, 0.08992710917723287, 0.7412796173975897, 0.10351517923540778], [0.21770615032242685, 0.17222430323500676, 0.5388299982852335, 0.07123954805733286], [0.21650965632640287, 0.1881123623147519, 0.3982188401881128, 0.19715914107073237], [0.18494407236318433, 0.2488766283866593, 0.5106452354218085, 0.05553406372834778], [0.13893217157521695, 0.25158426725399563, 0.5161993618433905, 0.09328419922739684], [0.21657402649908636, 0.14654043206194592, 0.5444587427991155, 0.09242679853985213], [0.11586433993207108, 0.11230004912386038, 0.6772613726552982, 0.09457423818877041], [0.08490263908832776, 0.10901662056448935, 0.7334554353543539, 0.07262530489282906], [0.23485170652383033, 0.10100741088881435, 0.5460426888224224, 0.118098193664933], [0.2474985921320516, 0.1810741572781309, 0.49995834747576334, 0.0714689030140541], [0.24530206983768754, 0.1233454066890128, 0.5274786431184231, 0.10387388025487652], [0.2041926532779587, 0.174661025387464, 0.4322736262842873, 0.18887269495028997], [0.23468874476141308, 0.19763336908852855, 0.4667310431176054, 0.10094684293245301], [0.01489906251855623, 0.03987239441915389, 0.8525165620298042, 0.09271198093248569], [0.04323534570421031, 0.06963343016926278, 0.7486362289193518, 0.13849499510717517], [0.051645661283634674, 0.17472046156326923, 0.6194311814284101, 0.15420269562468597], [0.07596112381478555, 0.14642166254345132, 0.6562196905054936, 0.1213975230362696], [0.008688178350299815, 0.3963632060021956, 0.44213018285351385, 0.15281843269399073], [0.011616164764092983, 0.4063285840493344, 0.4824771769743145, 0.09957807411225805]], "ideal": "A", "sampled": "C", "correct": false}}
{"type": "result", "data": {"idx": 14, "options": ["The N-H bonds within the NH3 molecules break apart.", "The overall temperature of the solution rises as the NH3 molecules speed up.", "The amount of energy within the system remains constant.", "The hydrogen bonds holding separate NH3 molecules together break apart."], "probs": [[0.21641074501775878, 0.04328774736991079, 0.008069698840806074, 0.7322318086715244], [0.11862672873891973, 0.07195145483201307, 0.7981251077405527, 0.011296708588514547], [0.3674875784940067, 0.02901066693829468, 0.07702950244975018, 0.5264722520179484], [0.11871956427098972, 0.036207514715114075, 0.81132119970264, 0.033751721211256115], [0.067008467855035, 0.89665048418416, 0.030203559920252303, 0.006137487940552627], [0.0796693756911979, 0.8838086025171149, 0.014737726079934382, 0.021784295611752817], [0.0070606925549109864, 0.2302121785677523, 0.007876323846732192, 0.7548508049306045], [0.013835903403933411, 0.28228697480260384, 0.6986656859141185, 0.005211435779344233], [0.007648158796349828, 0.009225531454508027, 0.6938617805427981, 0.289264529106344], [0.007356420771566365, 0.007830944999609585, 0.9710684016102021, 0.013744232518621929], [0.00699299953847114, 0.7773794692696644, 0.21249953212888084, 0.0031279989629836714], [0.008032333744574821, 0.9432035341055938, 0.01132737990190826, 0.03743675214792316], [0.004190167138575003, 0.5036546855141338, 0.04069347413916828, 0.45146167310812285], [0.006203331521186594, 0.223866924725376, 0.7572995427039781, 0.012630200949459283], [0.0058123241333968515, 0.0242805799081591, 0.3485120525398771, 0.6213950433185669], [0.005132585543533748, 0.015686686408452763, 0.9554469771188207, 0.023733750829192875], [0.0035163152894911362, 0.5259865581866894, 0.4641296021973268, 0.006367524226492703], [0.005293072205529929, 0.9330429813454827, 0.03560842263213271, 0.026055523716854715], [0.6955390223578407, 0.28996620612225726, 0.012156269013576228, 0.002338502406325771], [0.6951256989737613, 0.2897948920436981, 0.008156565948505137, 0.006922842934035384], [0.6032564307964373, 0.06983387830881665, 0.3178914610392139, 0.009018229755532108], [0.85774378042859, 0.06311640746745202, 0.011951908200858978, 0.06718790380309901], [0.6032574749758428, 0.048751823417617024, 0.3279828714699034, 0.020007830036636774], [0.8489719059158722, 0.050196096655438914, 0.04570250651288057, 0.05512949081580823]], "ideal": "D", "sampled": "D", "correct": true}}
{"type": "result", "data": {"idx": 15, "options": ["a strong acid", "a weak acid", "a weak base", "a strong base"], "probs": [[0.043014413963212386, 0.7052230133122849, 0.17012363417051263, 0.0816389384539901], [0.08155653092528302, 0.7157218046145145, 0.03535192179126472, 0.1673697425689377], [0.017429193467885823, 0.09646013657199055, 0.873257908465002, 0.012852761395121686], [0.05702528240862393, 0.6476151983718058, 0.049543681961169046, 0.24581583715840122], [0.08846232030513433, 0.130746479893172, 0.396456229752704, 0.38433496994898964], [0.04882950116967868, 0.10098418886020392, 0.19161813592701651, 0.6585681739431009], [0.7763763196340475, 0.1505129477336384, 0.025748564463194193, 0.04736216806911987], [0.8382165289470322, 0.13057381254318584, 0.006866073096561109, 0.0243435853132208], [0.6611235590568112, 0.31231298182654504, 0.010520469180182204, 0.016042989836461522], [0.7405411429629584, 0.2519689442000479, 0.003221686156389622, 0.004268226580604067], [0.6027495905359062, 0.05185168274608062, 0.30307662709808947, 0.04232209951992379], [0.6805315778132353, 0.05086320688560655, 0.22441300816444612, 0.04419220703671204], [0.8536015342872423, 0.043168411619408716, 0.08451760748340521, 0.018712446509943793], [0.8726058536446261, 0.07051905191342873, 0.019128370885661935, 0.03774672345628328], [0.7501489167797057, 0.243549429344087, 0.003138461717878627, 0.0031631920583286106], [0.7293221324887784, 0.2641574431666799, 0.0029806585395821886, 0.003539765704959553], [0.902577764624498, 0.056806609514068684, 0.008247810635982076, 0.03236781512545124], [0.8535430653091123, 0.05900008012137111, 0.04815349480428492, 0.03930335966523169], [0.31699793937243875, 0.34818335715583243, 0.03698216681963367, 0.29783653655209513], [0.2958705137965392, 0.31009495370749723, 0.058715995614006554, 0.335318536781957], [0.22889936309104034, 0.12840399336132838, 0.42763496078200863, 0.21506168266562264], [0.08525989837684363, 0.14964006644577868, 0.7365393541840498, 0.028560680893327844], [0.2646752381422918, 0.5182520910770858, 0.026411711140686873, 0.1906609595399355], [0.18124499775482228, 0.5327448645256331, 0.1285213625690985, 0.15748877505044617]], "ideal": "C", "sampled": "C", "correct": true}}
{"type": "result", "data": {"idx": 16, "options": ["at equilibrium there are more products than reactants", "the value of \u0394G\u00b0 is greater than zero", "the value of \u0394S\u00b0 is greater than zero", "the value of Keq is less than one"], "probs": [[0.009682763258709723, 0.8994988101622381, 0.0593131289648579, 0.031505297514194223], [0.010064024593075033, 0.8851829645168374, 0.017120302197239763, 0.08763270859284779], [0.02174573407660326, 0.28205198256869873, 0.6660069872220457, 0.03019529603265242], [0.015766163686474037, 0.47180933554185805, 0.018006376499882862, 0.494418124171785], [0.028556376214063737, 0.025600419879372806, 0.7194247124466184, 0.22641849135994507], [0.009571540016919452, 0.010596094484188264, 0.28190394786872314, 0.6979284175301692], [0.9092705760241133, 0.05130678367002228, 0.021553568339115026, 0.017869071866749416], [0.925080336331506, 0.025045731174086382, 0.004525465140220787, 0.04534846725418683], [0.8808203661241232, 0.08588097885939744, 0.016909083543179132, 0.01638957137330027], [0.895379148497336, 0.08074061029714255, 0.008711064452550743, 0.015169176652970715], [0.9335440813655754, 0.01710105204862942, 0.008333923666862295, 0.04102094281893286], [0.9179196036693069, 0.02794044357438121, 0.033699660965937135, 0.02044029169037472], [0.19223803480921323, 0.0467500580744595, 0.7142630335841031, 0.04674887343222414], [0.18005920366255918, 0.019584720323071122, 0.005698573126259584, 0.7946575027881101], [0.2623824902025204, 0.6702337588930406, 0.03158681619830694, 0.035796934606132036], [0.2937655735699412, 0.6418265675788541, 0.016065686879690934, 0.0483421718715137], [0.2944551369603828, 0.015608705375159302, 0.015728240626040682, 0.6742079169384172], [0.1688261378342282, 0.02413626243610642, 0.7449221762316258, 0.06211542339803959], [0.02098355092997618, 0.033014834292822585, 0.7058127600643477, 0.24018885461285353], [0.008931432084804063, 0.01721736075589295, 0.14413284032343016, 0.8297183667358728], [0.0058246519157218795, 0.5495637982274164, 0.036238288800566856, 0.4083732609562948], [0.009774458814917774, 0.7182428910396376, 0.09870933768346238, 0.17327331236198223], [0.004795124090456006, 0.041752396617700034, 0.010472494761669273, 0.9429799844301747], [0.01949531700984295, 0.08945336725135382, 0.7848207821550411, 0.10623053348376203]], "ideal": "A", "sampled": "B", "correct": false}}
