{"type": "result", "data": {"idx": 0, "options": ["a force that works through matter", "essentially a philosophical notion", "merely a property of a certain kind of matter", "a supernatural phenomenon"], "probs": [[0.0002688152360887153, 0.0014761311323538292, 0.9972562502056809, 0.0009988033258766058], [0.00017397873017010781, 8.612834279126658e-05, 6.501103943857582e-05, 0.9996748817876], [0.0004038628918223884, 0.998153862233072, 0.0009317150711161476, 0.0005105597039894508], [0.00036748470719583624, 0.9975223658156233, 0.001659869253067651, 0.0004502801241132397], [0.0002340762401768733, 0.00019711925328034642, 5.3468381701977694e-05, 0.9995153360248408], [0.00044606951845267326, 0.0030723500750626863, 0.9959087880332048, 0.0005727922732798061], [9.96520755651635e-05, 0.0016855144479108483, 0.9970920401268075, 0.0011227932497165005], [5.183671363634107e-05, 0.00011146943305304094, 6.867178966944325e-05, 0.9997680219636412], [0.0002708150786963252, 0.996961918448743, 0.0018219902902703233, 0.0009452760822903069], [0.0002859250352369125, 0.9965792707730855, 0.0014634327400047625, 0.0016713713516727927], [1.9368975251685095e-05, 3.7923770788716446e-05, 0.0002472757362224951, 0.9996954314177371], [6.852347776546018e-05, 0.000587353657818724, 0.9975630254429942, 0.0017810973214215527], [0.9991454920717393, 0.0008232271518319061, 1.7765308886983062e-05, 1.3515367541810941e-05], [0.9992453582190662, 0.0006932994839753491, 4.717660846049426e-05, 1.416558849792008e-05], [0.9996918872318851, 0.0002551538443023345, 4.0055606089841715e-05, 1.2903217722805213e-05], [0.9997518336450504, 0.00018962692124691329, 3.6759658803740326e-05, 2.177967489893382e-05], [0.9993761431776099, 0.0005615190073474648, 4.983510992528328e-05, 1.2502605117372766e-05], [0.9994725877368952, 0.0004879073382595046, 1.24066185881561e-05, 2.7098206257155768e-05], [7.425134811309104e-05, 0.00011590821598022412, 5.6487282127892286e-05, 0.9997533530537788], [0.00020288125808490978, 0.002303850819723508, 0.9971052333221345, 0.0003880345000570502], [2.094145229067468e-05, 3.346541459286763e-05, 0.0003125659754184182, 0.9996330270576981], [0.00010053816200852222, 0.0006158857484092748, 0.998123939853972, 0.001159636135610262], [0.00028373078571358387, 0.9966886789960454, 0.0025486823894349127, 0.0004789077288060489], [0.0003144231648342486, 0.9978291365746966, 0.0010471982999442663, 0.0008092418605248777]], "ideal": "C", "sampled": "C", "correct": true}}
{"type": "result", "data": {"idx": 1, "options": ["In ancient Rome, religious worship was decentralized and tended to vary with one's social position.", "In ancient Rome, religious worship was the source of much social tension and turmoil.", "In ancient Rome, religious worship was homogeneous and highly centralized.", "In ancient Rome, religious worship was revolutionized by the introduction of Christianity."], "probs": [[0.9542427427628672, 0.024650070541442054, 0.017207041753360557, 0.003900144842330138], [0.9417342945047315, 0.03595275274999874, 0.01343347679457465, 0.008879475850695175], [0.6959944266535731, 0.010243252648514665, 0.2901382652711346, 0.003624055326777606], [0.9388336547073229, 0.01026822720576607, 0.009645851336987815, 0.04125226664992314], [0.4361442286444149, 0.00863762191747904, 0.5513549991205788, 0.00386315021752724], [0.853769153714405, 0.010581134068343797, 0.11736663174799386, 0.018283080369257323], [0.0012460763176924627, 0.9921917049209735, 0.004777039449882461, 0.0017851792114515921], [0.0011085121692005907, 0.9923589854674535, 0.0048154075770946445, 0.001717094686251307], [0.00045360508021810336, 0.0014529107025428505, 0.9970551055550924, 0.0010383785621466877], [7.028676711828961e-05, 0.00012145169443643166, 0.00021990480295597703, 0.9995883566354893], [0.0004499300105158051, 0.0020643419714993375, 0.9967380453115362, 0.0007476826064486467], [7.083762722731792e-05, 0.0001895852348188019, 0.00014996188568611085, 0.9995896151522677], [0.00043747842723951036, 0.9923197166011991, 0.005762699723715744, 0.0014801051478456617], [0.00043478951095495536, 0.9939346277336621, 0.0019035307831481829, 0.003727051872234661], [0.00011474647842046942, 0.0017949673217285158, 0.9975298621844154, 0.0005604239154355347], [4.4676623274158275e-05, 0.0002511502763264558, 0.00013442415759377138, 0.9995697488428056], [0.00018632771942800992, 0.001215037809470418, 0.9979482589687997, 0.0006503754023018679], [3.6041424065450896e-05, 0.00017740569104938145, 0.004069065761553142, 0.9957174870233321], [0.0008338817043683012, 0.9889801367440002, 0.008488106640778842, 0.0016978748108526715], [0.0009545954404701093, 0.9913716164468906, 0.0045189075642677, 0.0031548804483715006], [0.0003115995275998633, 0.0026295262394596046, 0.9965410720893675, 0.0005178020435730722], [8.152175589929462e-05, 0.00036538257476987973, 0.00010305403341240607, 0.9994500415359184], [0.00028184060673465893, 0.0011234880084093175, 0.9977264928590467, 0.0008681784258093607], [4.84326041708078e-05, 0.00011801881956223047, 0.0054680899533438585, 0.9943654585229231]], "ideal": "A", "sampled": "A", "correct": true}}
{"type": "result", "data": {"idx": 2, "options": ["Many were accomplished scientists, who added important pieces to human understanding of the universe.", "They utilized new methods of communicating their ideas, such as salons and inexpensive printed pamphlets.", "Most rejected religion altogether and adopted atheism as the only credo of a rational man.", "Many believed that the new scientific discoveries justified a more tolerant and objective approach to social and cultural issues."], "probs": [[0.0003930203001421892, 0.043690747497479185, 0.007075874436133521, 0.9488403576662451], [0.0008602553081196915, 0.06470555355295052, 0.9215924554317101, 0.012841735607219702], [0.00044515748991974866, 0.003998863889476368, 0.8501115458580827, 0.14544443266252124], [0.000409756023440105, 0.004371164292125124, 0.8798070996106041, 0.11541197997383061], [0.001059418251564865, 0.05606561697413752, 0.9335780476617676, 0.009296917012530088], [0.0007481041312090984, 0.2813623869698273, 0.06375499124347485, 0.6541345175554888], [0.0006235474545756573, 0.0015555729187706336, 0.002794557405508323, 0.9950263221211454], [0.0019869633852892133, 0.008767305720910723, 0.9745620758887711, 0.014683654905029011], [0.0007274075029401796, 0.001814670096301503, 0.0045972876286705005, 0.9928606346720878], [0.0019826028439782137, 0.010068994459878734, 0.98004452739552, 0.007903875200623087], [0.006699745211121759, 0.9417925664665326, 0.022847110860757244, 0.028660577361588373], [0.005358280627522862, 0.9521893055407584, 0.029891346852875828, 0.012561066878842854], [0.0008578464334557812, 0.004060799775836802, 0.7212911113418865, 0.27379024234882093], [0.000628714972684681, 0.004609567067811847, 0.9424155617649983, 0.052346156094505145], [0.0006726653433228987, 0.024276533499279777, 0.0053321749891115195, 0.9697186260682857], [0.0014994878001358505, 0.036048606387003954, 0.9592270347931308, 0.0032248709197294683], [0.002222180433041803, 0.779156507355188, 0.012203424255703456, 0.20641788785606674], [0.0027113645562074616, 0.3158795263702035, 0.6792300995813115, 0.002179009392277445], [0.013295810906222987, 0.011109901011597948, 0.9617670867943896, 0.013827201187789486], [0.041754503024380066, 0.008418009841325914, 0.08435178585283651, 0.8654757011814576], [0.15586369870289485, 0.7795871465691271, 0.02751775844342118, 0.03703139618455682], [0.217160860110061, 0.7235655996484492, 0.03601679980582437, 0.023256740335665334], [0.10492927462754958, 0.023417167101502042, 0.05886311390187801, 0.8127904442690703], [0.013029244193168591, 0.022514584480729696, 0.9573157632493557, 0.007140407976745957]], "ideal": "D", "sampled": "D", "correct": true}}
{"type": "result", "data": {"idx": 3, "options": ["The duke, as a member of the French nobility, is sympathetic to King Louis.", "The duke, as a member of the French nobility, is biased against the king because of his suppression of the nobility.", "The duke, as a member of the French nobility, supported the extension of the administrative, financial, military, and religious control of the central state over the French population.", "The duke, as a member of the French nobility, supported King Louis's preservation of the aristocracy's social position and legal privileges, while he removed their power."], "probs": [[0.03405102727240688, 0.19597126614567154, 0.17565132741233788, 0.5943263790695836], [0.015786815815383676, 0.06492874182870204, 0.8963123180045555, 0.022972124251358784], [0.03079700019860566, 0.20083980971048376, 0.21377723673412655, 0.5545859532567841], [0.012426922761692149, 0.11076781660359969, 0.8313436925316511, 0.04546156800305707], [0.011061623238121016, 0.5499688757046284, 0.4086601566291168, 0.03030934432813377], [0.009007992675029095, 0.7213287715560771, 0.20663351857664333, 0.06302971709225043], [0.017308001311642708, 0.023474880697366966, 0.1817711679568358, 0.7774459499341545], [0.01192701067739132, 0.019060316235676618, 0.9328406466166617, 0.03617202637027045], [0.02856918477311094, 0.25466351512771096, 0.06642540234289832, 0.6503418976562798], [0.0063606700718311145, 0.028286043075228983, 0.951458789538742, 0.013894497214197912], [0.013885182870508734, 0.6285787048518152, 0.24999969496686536, 0.10753641721081067], [0.007869019296884909, 0.534773775407796, 0.3973565760184042, 0.06000062917691486], [0.014893992816372553, 0.04922235016146408, 0.7010387784110059, 0.23484487851115746], [0.009975683084685176, 0.03245696168176198, 0.8772311707410575, 0.08033618439249536], [0.020269195333172597, 0.2528198748640799, 0.19996925404049468, 0.5269416756622528], [0.006555918872129632, 0.03008038673578497, 0.9357588077643059, 0.02760488652777947], [0.005811048175595029, 0.5836616128005003, 0.3075085266266806, 0.10301881229722404], [0.007506760998551808, 0.6011097615324692, 0.3478391873103978, 0.043544290058581195], [0.03151299548999978, 0.12759939310166504, 0.7939440306951405, 0.04694358061319468], [0.04660818049751816, 0.2969224198897154, 0.4819117259782206, 0.17455767353454585], [0.04869729179573122, 0.20186370247057378, 0.6828690552141711, 0.06656995041952388], [0.04337390317003662, 0.3776959931273655, 0.4849120278694315, 0.0940180757331664], [0.023243537820750965, 0.17176564630370644, 0.679317677286704, 0.12567313848883863], [0.03281376553009262, 0.21399507752205624, 0.648893290990824, 0.10429786585702709]], "ideal": "B", "sampled": "D", "correct": false}}
{"type": "result", "data": {"idx": 4, "options": ["that the lyrics from the popular song Deutschland \u00fcber alles (which eventually became the German national anthem) were the reason Germany started the war", "that the lyrics from the popular song Deutschland \u00fcber alles (which eventually became the German national anthem) were evidence of Germany's aggressive attitude", "that the reason Germany lost the war was that it was betrayed from within", "that Germany provided the ultimate framework for modern warfare"], "probs": [[0.005459530805592507, 0.9854075178078329, 0.005996796323555327, 0.0031361549630192468], [0.008543133058085055, 0.9802081280028551, 0.007083672309216959, 0.00416506652984294], [0.001985707016044358, 0.0055260679560276, 0.9892394187003967, 0.003248806227531398], [0.002146889226027793, 0.0005600892456128474, 0.000339700251113192, 0.9969533211772462], [0.008567325425127996, 0.017039044993501392, 0.9673456018753664, 0.007048027606004153], [0.005802487863400291, 0.0018402904681652178, 0.001081807405467674, 0.9912754141629668], [0.570750057374445, 0.42427098727068746, 0.002664184894768375, 0.0023147703600992155], [0.3693933701584324, 0.6188366176661491, 0.006661895118330726, 0.005108116957087842], [0.49148550721224415, 0.018761905670152415, 0.4838944091114164, 0.005858177906187041], [0.8920283515019306, 0.006601425033901073, 0.001279806862974512, 0.10009041650119384], [0.3150039008084359, 0.030230600299371604, 0.6463703494439698, 0.008395149348222771], [0.9225554992635709, 0.009628057407160976, 0.0020182132568560447, 0.065798229972412], [0.0022182066493143175, 0.03285315265317022, 0.9600830688858938, 0.004845571711621676], [0.0013481116559053402, 0.005208718100910785, 0.0008305743647866684, 0.9926125957783972], [0.002499885428445175, 0.8902378214040926, 0.09985561816670743, 0.007406674900754832], [0.004378713416158188, 0.9532982756102424, 0.005939182950279241, 0.036383827923320136], [0.001300469343508456, 0.000951496850125624, 0.009837023561306278, 0.9879110101450597], [0.002581842025610888, 0.002663852662186185, 0.8435133743857844, 0.1512409308264185], [0.004095618086275589, 0.03916466477426792, 0.9488445492066171, 0.007895167832839398], [0.002107449295844169, 0.002926104405742852, 0.0009064282443233468, 0.9940600179540896], [0.004689700105622494, 0.915117616588585, 0.06945604341906582, 0.010736639786726662], [0.0038802707509723983, 0.9423977122504397, 0.007538706518600209, 0.04618331037998771], [0.0007828860006834438, 0.0006696879902440107, 0.0025669785830456995, 0.9959804473260269], [0.001650529185138817, 0.002401602008649836, 0.8617119024853498, 0.1342359662208615]], "ideal": "B", "sampled": "B", "correct": true}}
{"type": "result", "data": {"idx": 5, "options": ["the Russian interest in French culture", "the spirit of camaraderie amongst the miners", "the sense of continual class struggle", "the need for noblesse oblige"], "probs": [[0.0014430895848796287, 0.006368226445945982, 0.9904062267369912, 0.0017824571321831378], [0.0003944961236646093, 0.0005607699523575047, 0.000917229434313806, 0.998127504389664], [0.0054350634626687926, 0.9812281898388726, 0.009540574439227434, 0.0037961721592311287], [0.0044081616830997546, 0.9826339332589461, 0.009781418300917747, 0.0031764866570363546], [0.0003650702681166539, 0.0005189347556485911, 0.0003856019127552548, 0.9987303929634795], [0.0016357950397301025, 0.006470607305738497, 0.990760246087908, 0.0011333514666233633], [0.0016582304363800186, 0.006820700125116408, 0.9887650003923688, 0.002756068946134773], [0.0006393480727776269, 0.0008740312388610828, 0.0018645120283398184, 0.9966221085600214], [0.0025454769774616733, 0.9881864237152178, 0.00547473154694981, 0.003793367660370639], [0.002788742509043969, 0.9856732383420134, 0.008591178713763848, 0.002946840335178777], [0.0006814596029717113, 0.0007968472669015837, 0.0005967237435962869, 0.9979249692865304], [0.0032428938909788607, 0.013339489895849974, 0.9799644496051672, 0.0034531665080039606], [0.8402662592008301, 0.10853649287694951, 0.039301994809840396, 0.011895253012380022], [0.8292776024862533, 0.09601301327827445, 0.06807268147140226, 0.006636702664070044], [0.7387543695797557, 0.1839615945643524, 0.04506812482418572, 0.03221591093170614], [0.7252781618442942, 0.1696382804565648, 0.09663808697785267, 0.008445470621288373], [0.8389080478495404, 0.12279231557483589, 0.031039909681550695, 0.0072597267940729526], [0.7759377529390357, 0.1552338782989681, 0.061736611131747665, 0.007091757530248566], [0.00045784577913158555, 0.0005068578816582417, 0.00041364197869854215, 0.9986216542605116], [0.0014804714006428233, 0.0048930265867455055, 0.9925431216456105, 0.0010833802670011615], [0.0005969518406465351, 0.0006257018282224356, 0.00045415196825769545, 0.9983231942628733], [0.001951792766492566, 0.008028700112841116, 0.9877368926392143, 0.0022826143814519916], [0.005282017838759399, 0.9839133294402281, 0.007931149752873786, 0.0028735028681386465], [0.006100646960288495, 0.9796173709901125, 0.01194693485167458, 0.0023350470979244787]], "ideal": "C", "sampled": "C", "correct": true}}
{"type": "result", "data": {"idx": 6, "options": ["the size of landed estates", "the number of estates owned by an individual", "the monetary value of goods", "the amount of gold held"], "probs": [[0.0013663989316832646, 0.014463648754239538, 0.9827489633419298, 0.001420988872147364], [0.0013189457009016488, 0.003189133981965561, 0.0013397336343920422, 0.9941521865827407], [0.0017216242353673224, 0.9873005010341147, 0.009527954355568366, 0.0014499202749495837], [0.0018848531612374383, 0.9842387674935591, 0.004451597020604966, 0.00942478222459853], [0.000380594719385458, 0.0005162152221900481, 0.005636516019534986, 0.9934666739388895], [0.0011194015728188736, 0.0031643931288912125, 0.9864156712689888, 0.009300533929301191], [0.002714560671630969, 0.0051922352898417425, 0.9894204491670493, 0.0026727547714779708], [0.003140990452821628, 0.0010522294535981569, 0.0011376205595406666, 0.9946691594340396], [0.01441900983709094, 0.9800341676451175, 0.003192556307554507, 0.00235426611023705], [0.15112744250833485, 0.8431449285542354, 0.0035545617513280214, 0.002173067086101718], [0.0015470481316189417, 0.0006251284044210991, 0.00043979849716159643, 0.9973880248667983], [0.0357868613881111, 0.00811159657905766, 0.9522997197187875, 0.0038018222140437765], [0.6199499303184701, 0.019620111028611213, 0.35880676002399564, 0.001623198528923071], [0.8693303378909597, 0.011649780922806888, 0.0031847599720042303, 0.11583512111422917], [0.616158930770251, 0.37968073335635655, 0.0030855541869388887, 0.001074781586453602], [0.05038488909171333, 0.9361080997151542, 0.009034280187339597, 0.004472730905792874], [0.49441447769759667, 0.010923796041893044, 0.007867643139154404, 0.4867940830213559], [0.010851849998840158, 0.008518189146176915, 0.9768794002583077, 0.003750560496675244], [0.00020429954542276646, 0.0003316439363825558, 0.003170819688375481, 0.9962932367298192], [0.0006509441198186538, 0.002344344729020642, 0.9911110551523127, 0.005893655898848056], [0.0008945222103052928, 0.002302382074716397, 0.0003530578876643714, 0.9964500377273139], [0.0012120253371352599, 0.6085897900287179, 0.386798693568928, 0.0033994909652187598], [0.0017684661163119306, 0.37603465384271184, 0.01189752037150357, 0.6102993595694727], [0.002194672742507834, 0.008091056422849432, 0.9877468581543093, 0.00196741258033347]], "ideal": "C", "sampled": "C", "correct": true}}
{"type": "result", "data": {"idx": 7, "options": ["De las Casas was exaggerating to support the start of African slavery.", "Columbus was biased in favor of himself in his writings.", "Columbus's men were nicer to the natives than were later expeditions.", "De las Casas wanted the Spanish to leave the Americas."], "probs": [[0.0005001615975973004, 0.0029698281384102454, 0.0031363120568060885, 0.9933936981071864], [0.0008455253130992961, 0.006396160580251319, 0.9870688503224169, 0.0056894636842324915], [0.0008619167259768535, 0.016012503782882537, 0.007621784635671176, 0.9755037947554694], [0.0008857003140021271, 0.008807249674458657, 0.9866351829418399, 0.003671866969699263], [0.004569978210162878, 0.8119489118752347, 0.056991432556294776, 0.12648967725830773], [0.003680415997369768, 0.24815993551641005, 0.7293172637565488, 0.018842384629671326], [0.001990726206304403, 0.035844877158367934, 0.06591677628217413, 0.8962476202531535], [0.0013106898958754316, 0.039521364303285726, 0.8582308059161061, 0.10093713978473266], [0.001839035400594879, 0.04285197279193454, 0.5732850957125578, 0.3820238959949127], [0.0012674777565486995, 0.022468291476836426, 0.9704024513708912, 0.005861779295723652], [0.0030619661501496134, 0.693077231715986, 0.22848645680252302, 0.07537434523134139], [0.004308880527062124, 0.730547048246158, 0.1905119963527692, 0.07463207477401063], [0.0011336525146959247, 0.03934727993536695, 0.006033008576201379, 0.9534860588737357], [0.0010525366394523916, 0.0365310344068405, 0.956943202146673, 0.005473226707034014], [0.004755420264384346, 0.0829981803123188, 0.1245709567052216, 0.7876754426180752], [0.002194456663926898, 0.035419812800646995, 0.9573221996591513, 0.005063530776274784], [0.003716472165539095, 0.8412781045482157, 0.14615617149937785, 0.008849251686867387], [0.004985161319219307, 0.9429695687582992, 0.03380302900345365, 0.018242240819027804], [0.01905707832059629, 0.7496570957999866, 0.07656085504675382, 0.15472497073266328], [0.014170586433635961, 0.18668578963142626, 0.7859311271384611, 0.013212496696476585], [0.012237718449726678, 0.13683221328092796, 0.8123293577110324, 0.03860071045831296], [0.0299971505597782, 0.2759262549173436, 0.5486478065875832, 0.14542878783529498], [0.011542811752128174, 0.1593678709834766, 0.8220311830072189, 0.007058134157176304], [0.035305939085142714, 0.6560911437795446, 0.20638972211219697, 0.10221319492311573]], "ideal": "B", "sampled": "D", "correct": false}}
{"type": "result", "data": {"idx": 8, "options": ["the spread of revolutionary ideas among the British working class in the eighteenth century", "the rise of the Luddite movement in Britain in the eighteenth century", "the replacing of traditional laborers by machines in the industrialization of Britain in the eighteenth century", "an increase in the use of child labor in eighteenth-century Britain"], "probs": [[0.0019320568493246023, 0.31996611743039627, 0.6772898608736568, 0.0008119647466222996], [0.0023384466805807303, 0.9814991967146502, 0.0016075969932988566, 0.014554759511470207], [0.0028327569015050135, 0.44765154445192235, 0.5483972542680852, 0.0011184442784874585], [0.0028370791002873554, 0.9794896594592435, 0.002686699155590982, 0.01498656218487813], [0.0005848475348334705, 0.0016404951218617677, 0.9187317301194523, 0.0790429271238525], [0.0005752855606333991, 0.0032090534332551647, 0.969554869252893, 0.026660791653218413], [0.005222137198629165, 0.013977530398525503, 0.9798564248301069, 0.0009439074727383973], [0.03392544526758944, 0.004181558908515568, 0.0007152958511392499, 0.9611776998727557], [0.008981453860068326, 0.9833714008944557, 0.005891431840451434, 0.0017557133050245485], [0.009976916474090984, 0.9869057990106463, 0.001382755761312263, 0.0017345286539503604], [0.0013969240101368715, 0.0006447075262835781, 0.0009983581487858694, 0.9969600102147936], [0.002322378254400295, 0.0057938000246811165, 0.9896845271988506, 0.002199294422067968], [0.03241001580843486, 0.019056345548484857, 0.9473056499535139, 0.001227988589566398], [0.8529846389349076, 0.017708224596745085, 0.004442107718483789, 0.12486502864986353], [0.025227524172495897, 0.9620077660323738, 0.011373579334951823, 0.0013911303601784604], [0.01583490724071575, 0.9801831908151823, 0.0019519317607926167, 0.002029970083309249], [0.7133093678200102, 0.023296628806782627, 0.004959700303839814, 0.2584343029693673], [0.05045015166872284, 0.023834324334998977, 0.9227780422888692, 0.0029374816074089895], [0.0001797126552487794, 0.0006523169910698989, 0.48395427556064236, 0.5152136946930389], [0.00018439909574127382, 0.0016055956150213806, 0.9953477483799245, 0.0028622568093128937], [0.0008923801792758628, 0.870755896239839, 0.006803139929881502, 0.12154858355100369], [0.0003957601115312622, 0.20665714005188315, 0.7920689504431078, 0.0008781492934777769], [0.0010133451493941242, 0.9510025985574482, 0.0028201983703074252, 0.04516385782285022], [0.0008385048049111593, 0.5491958802647875, 0.44814809716710324, 0.001817517663198062]], "ideal": "C", "sampled": "C", "correct": true}}
{"type": "result", "data": {"idx": 9, "options": ["Pride in the mastery of the military arts", "Chivalry", "Civic pride", "Patronage of the arts"], "probs": [[0.0004144982545625405, 0.0019017675098871093, 0.3099672703098026, 0.6877164638257477], [0.0006373363838433077, 0.003186657471999623, 0.9933638301095425, 0.0028121759346145195], [0.0011423432636971141, 0.0058016129277297665, 0.002036445524034396, 0.9910195981845387], [0.0012526549807423757, 0.016118929315774362, 0.9817470036246341, 0.0008814119788491678], [0.0010580625142413138, 0.9848695659103464, 0.006953539932406084, 0.007118831543006212], [0.0010404868157382543, 0.9684985432796642, 0.028342504382997215, 0.002118465421600239], [0.00042276115508528626, 0.0028001939793435068, 0.5680075554064398, 0.4287694893591314], [0.0004885435880398904, 0.0031364385254676708, 0.9931136886719321, 0.0032613291145603667], [0.0006390668036156988, 0.0024119480570417334, 0.0008599644911779435, 0.9960890205481646], [0.0030418636575301355, 0.27382959880338364, 0.7214087164216955, 0.0017198210173907371], [0.003833392160137883, 0.426156724519633, 0.03135147128620975, 0.5386584119340194], [0.003973359404967956, 0.10908540785469177, 0.8852322464490512, 0.0017089861912890473], [0.03058030075637683, 0.0017662533744733345, 0.0013022968743730808, 0.9663511488947768], [0.0010207646460449037, 0.0025265543802784726, 0.9956324178021033, 0.0008202630715733321], [0.0037026060769435047, 0.0005251736732854634, 0.000701165991364429, 0.9950710541584066], [0.209571818742463, 0.008855426785609464, 0.7786525354365008, 0.0029202189354267352], [0.7905411358118197, 0.19991005058462516, 0.007750476008480621, 0.001798337495074526], [0.8162533776880393, 0.1765455633018759, 0.005047146315040719, 0.002153912595044032], [0.9058248633074283, 0.020013311074374904, 0.0144143741378879, 0.05974745138030896], [0.6615359759407194, 0.018476106160069578, 0.31740811353143134, 0.0025798042677796723], [0.7678936990886075, 0.013421046089901289, 0.015207358241311027, 0.20347789648018014], [0.34392477793436743, 0.011055793205377704, 0.642533219001206, 0.0024862097590488937], [0.925310547091098, 0.06916480919366336, 0.004633389220976385, 0.0008912543942623334], [0.8588799805271039, 0.13379862297823253, 0.00535234192334262, 0.0019690544713208843]], "ideal": "C", "sampled": "D", "correct": false}}
{"type": "result", "data": {"idx": 10, "options": ["Utopian socialism", "Social conservatism", "Romanticism", "Social Darwinism"], "probs": [[2.229781353348702e-05, 4.4001654285212504e-05, 1.670052137460659e-05, 0.9999169999108067], [7.71438834629902e-05, 0.0008038555268684843, 0.9988957622083087, 0.00022323828135980165], [1.1750432802769488e-05, 2.4491225261758733e-05, 2.5070666132735376e-05, 0.9999386875758027], [9.673133905290418e-05, 0.0006558949247847776, 0.9986016159829849, 0.0006457576531774463], [0.00018948334697917472, 0.9991507282988538, 0.0004106696431008322, 0.0002491186110661867], [0.00017657882947406755, 0.9989455744149255, 0.00021135567975078996, 0.0006664909758496418], [2.7533367316048815e-05, 6.657128293683733e-05, 1.736547433760249e-05, 0.9998885297754095], [0.00010373361871070146, 0.001548367319135784, 0.9981821176212953, 0.00016578134085828844], [8.139078615397449e-06, 1.4397184033240637e-05, 8.092495754165966e-05, 0.9998965386798097], [5.467586178274493e-05, 0.0003707359874230981, 0.9983871211946068, 0.001187466856187278], [0.00018937920121385584, 0.9986003510945624, 0.001023793757617132, 0.00018647584660668237], [0.00020311555522781424, 0.9983549479625501, 0.00028202455061325586, 0.0011599118316087819], [1.2123340087901707e-05, 4.366073900806167e-05, 1.53254167980601e-05, 0.9999288904041059], [6.857788325863124e-05, 0.0012839047997613836, 0.9983846155187258, 0.0002629016982541968], [5.6379543647898134e-06, 1.4854723307266231e-05, 5.56205084269827e-05, 0.999923886713901], [2.6656144241413993e-05, 0.000312297240229629, 0.998721371188218, 0.000939675327310912], [0.00014744850589510755, 0.9983272720592866, 0.0009465717171450479, 0.0005787076176731908], [0.0001953267511884695, 0.9982958535832162, 0.0003121489748371287, 0.0011966705907582355], [0.996726488050458, 0.0028439827019723866, 0.00023897682826535773, 0.00019055231930422778], [0.9963415582332951, 0.0029792728385514126, 0.00017341216705169102, 0.0005057566611017732], [0.9966951826028018, 0.0019242103877496713, 0.0010878030030273026, 0.0002928039064212716], [0.9972775108701589, 0.0015714277952967293, 0.00024862979244007606, 0.0009024314421042341], [0.9961476400927756, 0.0018933143174767243, 0.001194058040091684, 0.0007649874496560089], [0.9967720567629129, 0.0015462689426135252, 0.0004097074585559807, 0.0012719667359175704]], "ideal": "D", "sampled": "D", "correct": true}}
{"type": "result", "data": {"idx": 11, "options": ["Establish control of European states by democracy in the tradition of the Enlightenment.", "Suppress all voices in government other than his own and control all aspects of his citizens' lives.", "Suppress all nationalist revolutions across the continent.", "Suppress all speech but that of monarchs and the churches that they approve of."], "probs": [[8.183026665756187e-05, 0.00024815839140176663, 0.004263036119920906, 0.9954069751220198], [0.00022216011783589325, 0.0019494585170111126, 0.994157740257423, 0.0036706410077299734], [6.442681664070754e-05, 0.00035378349565320954, 0.0011155075947228157, 0.9984662819929833], [0.00023753631501177485, 0.008243878936380934, 0.9830791512633261, 0.008439433385281211], [0.0008689296924705172, 0.9309242022726577, 0.06236054517176929, 0.005846322763102429], [0.0009050708950085218, 0.977234992715768, 0.015428201808524836, 0.006431734480698684], [7.822239382011963e-05, 0.00012697316948824655, 0.0026106189436476677, 0.997184185393044], [0.00035017670859357884, 0.0011482210915591633, 0.9960708096494182, 0.002430792450429112], [0.0001243187672574193, 0.00020338017787267657, 0.00012927293748107106, 0.9995430280173888], [0.00086858847853854, 0.007104366770102747, 0.9904905914771532, 0.0015364531742054035], [0.0017328232991552022, 0.9859849081566535, 0.0023872363059103028, 0.009895032138280982], [0.0014863999904075637, 0.9887505951356605, 0.008825456752964925, 0.0009375480209669376], [0.00010301649509516202, 0.0001312514292502679, 0.0006823236705252831, 0.9990834083051293], [0.0006845542097612491, 0.0016294289287229057, 0.9945451674937485, 0.0031408492677673107], [0.00012530322501125703, 0.00014088764057249419, 0.00011771291775634256, 0.9996160961166599], [0.0008073636729800396, 0.0026680739619482177, 0.995479711289587, 0.0010448509754846774], [0.0060902144776552565, 0.9774425779786525, 0.004818127860294847, 0.011649079583397373], [0.003618700494599617, 0.9725694204776012, 0.022167856707022406, 0.00164402222077676], [0.16605131641241752, 0.014284792275002197, 0.8046930457995508, 0.014970845413029442], [0.6692025064752856, 0.020526457575891156, 0.2789705097396353, 0.03130052610918799], [0.12044286273287794, 0.01394321244305594, 0.0029225610901348112, 0.8626913636339313], [0.8369531539295331, 0.05785332968439082, 0.1031349288922852, 0.002058587393790944], [0.9506370891295677, 0.023430873857310717, 0.0032210363257339316, 0.02271100058738767], [0.9010506784120307, 0.02364017732527115, 0.07396493271428609, 0.0013442114484120199]], "ideal": "C", "sampled": "D", "correct": false}}
{"type": "result", "data": {"idx": 12, "options": ["the International Workingman's Association", "Pierre-Joseph Proudhon", "the Congress of Vienna", "the Paris Commune"], "probs": [[0.0014119209711480403, 0.010681445526500723, 0.9843008944837214, 0.0036057389186298326], [0.0009636907602326419, 0.007760185370843014, 0.0061860947654448295, 0.9850900290034795], [0.003972329591512647, 0.9573753895135957, 0.03540960261305633, 0.003242678181835381], [0.00479377238639324, 0.9578888837418651, 0.03327973498727361, 0.004037608784468001], [0.0006158395976671344, 0.00495919293306576, 0.00404699640188774, 0.9903779709673793], [0.0018660899909482868, 0.010824233013863531, 0.9819931979092014, 0.005316478985986823], [0.0018601557486173995, 0.009015153648663085, 0.9865619649454996, 0.0025627255572199035], [0.0010363863847649144, 0.005871915428091656, 0.005602267266967362, 0.987489430820176], [0.0035949997547853117, 0.9741921066007947, 0.02021152389085135, 0.002001369653568657], [0.00354626615569115, 0.9761339529610508, 0.018011683789268484, 0.0023080969939895768], [0.0010940829184867816, 0.007190867868893019, 0.004715224617558439, 0.9869998244950617], [0.0018149254374448423, 0.009218111174186996, 0.9853852298952478, 0.0035817333931203476], [0.9464759887967814, 0.022614902031877535, 0.030436167690611794, 0.0004729413807293091], [0.9590288466261492, 0.02086559081983342, 0.019603331994467694, 0.0005022304595497396], [0.9565905361676401, 0.02433334298386449, 0.018660821077392045, 0.0004152996711032874], [0.9651034323091747, 0.020999792799634074, 0.013560094376511353, 0.00033668041467977084], [0.9318440904416789, 0.022971658500444848, 0.044286743567291606, 0.000897507390584562], [0.9101439001403492, 0.024259216497720518, 0.06493001027935187, 0.0006668729825784244], [0.0005198092613877237, 0.0032093687048696793, 0.003552045319637064, 0.9927187766141056], [0.0017882421709124949, 0.00859911289995913, 0.9861921849611012, 0.003420459868027243], [0.0007380553009225558, 0.004592596948678739, 0.002941813209472116, 0.9917275344409265], [0.001393903710472776, 0.008539713705559926, 0.9870451441878073, 0.003021238296159983], [0.003837180260625965, 0.9541525104468953, 0.037860409229049374, 0.00414989996342937], [0.003395051899440579, 0.9565974988862022, 0.036503933060490545, 0.0035035160538667517]], "ideal": "C", "sampled": "C", "correct": true}}
{"type": "result", "data": {"idx": 13, "options": ["Laissez-faire capitalism", "Mercantilism", "Industrialization", "Bullionism"], "probs": [[0.00799288875533681, 0.008987522632917237, 0.9384341782598117, 0.044585410251934285], [0.011026180762913623, 0.004817428365559627, 0.006846219332840263, 0.9773101714386865], [0.0020587927015373038, 0.9712855573917433, 0.010957290817887648, 0.015698358988831745], [0.001828721416145911, 0.9700373053776974, 0.011831894603725347, 0.01630207850243136], [0.018231644222862442, 0.013444343773033602, 0.03301262673801772, 0.9353113851660863], [0.004913049415517466, 0.018256016695267108, 0.936326857234912, 0.04050407655430335], [0.005818587121079174, 0.05877139002082205, 0.8369861115974336, 0.09842391116066508], [0.02121065881333187, 0.20766080777529547, 0.11112858333351881, 0.6599999499778538], [0.013592709317440398, 0.5182128369533292, 0.34511955379836223, 0.12307489983086813], [0.011569200421172886, 0.7681096398006143, 0.14427825068049546, 0.07604290899771728], [0.006966151655009494, 0.02266440505497506, 0.33827864600539204, 0.6320907971846235], [0.01289269607909578, 0.06861997148486763, 0.8624786764203839, 0.05600865591565266], [0.5211854804677476, 0.45290138315198486, 0.012450166590345094, 0.013462969689922407], [0.4256960913105097, 0.546751503222975, 0.009703531806611572, 0.017848873559903607], [0.12187393144648621, 0.016754714957678277, 0.8328716251114668, 0.028499728384368685], [0.3502342078467088, 0.0191508902653461, 0.01587578642302105, 0.614739115364924], [0.16087009730235802, 0.01891555721491175, 0.698783607656678, 0.12143073772605219], [0.45425931564232064, 0.042917815908171765, 0.18068642104757088, 0.3221364473019367], [0.003615652960135147, 0.09252713154405344, 0.14106651429763187, 0.7627907010981796], [0.0017461563194216387, 0.019521831346954167, 0.9116486062106726, 0.06708340602295158], [0.00488329596962599, 0.2794460122996429, 0.3215856030630973, 0.3940850885676338], [0.003986761782326536, 0.4717875871624349, 0.4866931884427243, 0.03753246251251429], [0.0021972507891022575, 0.5591515468739076, 0.25995705303802435, 0.17869414919896576], [0.0018130416102164974, 0.7258601116107755, 0.20791038662998745, 0.06441646004902055]], "ideal": "B", "sampled": "C", "correct": false}}
{"type": "result", "data": {"idx": 14, "options": ["provoking fear to drive their readers to action", "attacking the extreme communists who threatened to sink the entire movement", "demonstrating the understanding of the others in point of fact", "explaining the reasons for debunking opponents of communism"], "probs": [[0.027992090885330678, 0.034841866141322446, 0.07974223984846471, 0.8574238030248822], [0.03965325502207276, 0.10780553376000047, 0.7028713022328986, 0.14966990888502807], [0.028541105075871216, 0.03086468242493566, 0.0663601282694979, 0.8742340841296952], [0.0194134665545218, 0.05841546222206545, 0.8856150078148837, 0.03655606330852912], [0.06418663067582811, 0.5546746132620672, 0.04999031181795617, 0.33114844414414846], [0.08356814768396481, 0.6372531008287805, 0.12545384371923166, 0.15372490766802305], [0.01165359567001416, 0.6617761224623263, 0.032941593813793316, 0.2936286879538662], [0.008803792887300056, 0.7865029503998927, 0.17273613476981808, 0.03195712184298914], [0.0024458236971531327, 0.012325031437696601, 0.8374050093025228, 0.1478241354626274], [0.0023436916398556166, 0.010504541861331991, 0.2093256402517682, 0.7778261261470442], [0.006574883713480587, 0.530648442196389, 0.3942556771257419, 0.0685209968643885], [0.0024513306798786233, 0.01783442158832724, 0.00602000621009901, 0.9736942414216951], [0.010690338863332097, 0.9184727833098335, 0.03293083135719231, 0.03790604636964202], [0.009205809853460829, 0.9102830945274241, 0.06802460594928651, 0.012486489569828566], [0.0034943727416842083, 0.009649081859108639, 0.9317627925173773, 0.05509375278182989], [0.0018484462304656454, 0.0029541508231838466, 0.05979267216801804, 0.9354047306783324], [0.009231687946560947, 0.48100823496362777, 0.49622133622845616, 0.01353874076135511], [0.005726933181084199, 0.22702705033773113, 0.011213169761012162, 0.7560328466201724], [0.1542702815841562, 0.747868741716233, 0.04284325757786353, 0.05501771902174726], [0.20705101649261026, 0.7006292690530962, 0.06515625633026116, 0.027163458024032357], [0.06625890701908499, 0.06033963243748848, 0.7947041654031282, 0.0786972950402984], [0.011221098687559938, 0.0064446003265931145, 0.025887198400256904, 0.9564471024855901], [0.029214139631415434, 0.05208231397611337, 0.9088403442686355, 0.009863202023835718], [0.021312704426783874, 0.01465006646358162, 0.014197691421640742, 0.9498395375879938]], "ideal": "D", "sampled": "A", "correct": false}}
{"type": "result", "data": {"idx": 15, "options": ["the role of women in army regiments", "the running of a school for domestic servants", "the running of a school for girls", "the role of a woman in running her own domestic household"], "probs": [[1.3523904482679515e-05, 2.7750146250860652e-05, 9.460886360144762e-05, 0.999864116985665], [9.450974727356077e-05, 0.00043703557098350777, 0.99880725014873, 0.0006612044330129815], [1.4969485424453177e-05, 3.1691543309854326e-05, 9.685176783984768e-05, 0.9998564871034259], [5.777741946465096e-05, 0.00031481165465867554, 0.998872228759697, 0.0007551820661797674], [0.00021249300410995984, 0.9967563361249208, 0.0021294432891382224, 0.0009017274818310574], [0.00019354833341371052, 0.9971325543917836, 0.0018652907148107942, 0.0008086064599918239], [1.1211833947247365e-05, 2.487519302993346e-05, 8.887753776326516e-05, 0.9998750353352596], [8.40633334402818e-05, 0.00043366198805798537, 0.9988659251467561, 0.0006163494317456533], [1.7501861472643937e-05, 3.120149663210974e-05, 4.069327811321397e-05, 0.999910603263782], [0.00010791582341083377, 0.0006066538793846234, 0.9986496609586487, 0.0006357692385557751], [0.00025223716345162923, 0.9963040882256148, 0.002230758996880494, 0.001212915514053087], [0.00029736072386072373, 0.9968179145090313, 0.0022145413550035743, 0.0006701833121043798], [1.4060521292457935e-05, 3.2185996058673216e-05, 0.00024155206562721587, 0.9997122013170217], [6.91473624205409e-05, 0.00033773005635673407, 0.9988438478861796, 0.000749274595043062], [1.805744676829545e-05, 3.3213845443762e-05, 3.619349207144842e-05, 0.9999125351157164], [0.00013119083456388913, 0.0006457716587442826, 0.9986441693461018, 0.0005788680605899933], [0.00021212028249727253, 0.9949835328308713, 0.0019659605611797516, 0.0028383862254517415], [0.0002484679205968869, 0.9968524252510431, 0.0023391188299667362, 0.0005599878983932894], [0.9986668897608044, 0.0008293857246728939, 0.0001738271875906925, 0.0003298972269319716], [0.9990279745420276, 0.0007208838411537462, 0.00013972794212364917, 0.00011141357469501068], [0.9987731444010649, 0.0008693300591531763, 0.0001558365692851093, 0.00020168887049684984], [0.9985731381970128, 0.0010986856802267537, 0.00028656336176083547, 4.1612660999603984e-05], [0.9985787710879234, 0.0008490003901758303, 0.00014866964845794962, 0.0004235587734427981], [0.9987398193510407, 0.001024255049483346, 0.00018650242829958673, 4.942307117636456e-05]], "ideal": "D", "sampled": "D", "correct": true}}
