{"type": "result", "data": {"idx": 0, "options": ["True, True", "False, False", "True, False", "False, True"], "probs": [[0.19930565949192347, 0.1327856818538942, 0.5676713158418694, 0.100237342712313], [0.04025320110887827, 0.08589125688867838, 0.7772901219121476, 0.0965654199902957], [0.17447943983717396, 0.609180211959956, 0.06937740742466474, 0.1469629406782053], [0.229925590748219, 0.4229762310872325, 0.31919995363291864, 0.027898224431629846], [0.13523920282082008, 0.534933702145182, 0.28626016632615436, 0.043566928607843586], [0.2893022980788815, 0.38937274778086634, 0.298483410402592, 0.02284154363766015], [0.030674353238853036, 0.13118232785343603, 0.6871426700858573, 0.15100064872185368], [0.04797619336115406, 0.15011018588787212, 0.6831587668884809, 0.11875485376249292], [0.02832227945044536, 0.17622937260295965, 0.624631881651404, 0.170816466195191], [0.050891651939851346, 0.2298613305180683, 0.6054513363612525, 0.11379568108082784], [0.03476873503047164, 0.27348840947105535, 0.4649969758186365, 0.22674587957983647], [0.026642567017260494, 0.24118851355048437, 0.4946919719168287, 0.2374769474154264], [0.03889903696873245, 0.6279309227601724, 0.06311177297131511, 0.2700582671997801], [0.02973660870696678, 0.6716594199411867, 0.2356488590548552, 0.06295511219699126], [0.027836234563280837, 0.0793180967953175, 0.839180210690208, 0.05366545785119367], [0.02384152773108932, 0.10355443294223715, 0.6241531839609258, 0.24845085526574773], [0.018560328655160947, 0.05763059607036835, 0.9012420386505277, 0.022567036523943023], [0.0376399689347648, 0.16095207989734395, 0.4442169169089837, 0.35719103415890757], [0.1296865305268262, 0.42194153596885986, 0.29907574355366007, 0.14929618985065388], [0.05112414050842194, 0.3493571230337298, 0.5581195748943464, 0.04139916146350193], [0.06798651828531381, 0.13106615814740383, 0.6758847395271027, 0.12506258394017963], [0.04522197524669144, 0.15299264515178906, 0.42888264246158614, 0.3729027370399333], [0.015517862780314305, 0.08259375285954498, 0.8740068156725913, 0.02788156858754943], [0.0736134808230321, 0.29804042422831517, 0.4136368395516421, 0.21470925529701063]], "ideal": "D", "sampled": "A", "correct": false}}
{"type": "result", "data": {"idx": 1, "options": ["True, True", "False, False", "True, False", "False, True"], "probs": [[0.11789798341698597, 0.10167292062436828, 0.6678852041257666, 0.1125438917328792], [0.025515114458266902, 0.05575982759737962, 0.7752475607789143, 0.14347749706543914], [0.14566914735767889, 0.6042538284651178, 0.07151733338117681, 0.17855969069602648], [0.171715975618508, 0.46701126438832263, 0.33095398809808596, 0.030318771795083424], [0.16866419705062688, 0.5037546603249019, 0.2453620360438426, 0.0822191064806286], [0.2695966270547134, 0.35732009751897403, 0.3461730446191687, 0.026910230707143858], [0.026931924585699176, 0.09403749404889755, 0.7165469384270284, 0.16248364283837485], [0.04412814656699916, 0.10840563034875839, 0.7347412820292647, 0.11272494095497775], [0.028609033777717747, 0.17667685513173872, 0.5881475231511875, 0.20656658783935608], [0.05497251426077293, 0.2351464777856244, 0.5727224116061147, 0.13715859624748794], [0.03431803911749769, 0.25768838674098304, 0.43795131936506293, 0.27004225467645626], [0.024662423049569747, 0.23405171143729916, 0.5108691878187052, 0.2304166775944259], [0.09519798591371043, 0.5109633359089144, 0.0741138405759679, 0.31972483750140723], [0.057956459346223725, 0.5501891230564829, 0.31323348655908295, 0.0786209309382104], [0.04959584307182378, 0.0824598580058187, 0.7460861066339235, 0.12185819218843405], [0.02700171377620644, 0.09958258007429686, 0.664231809292671, 0.20918389675682567], [0.05138361834858333, 0.09909704370236416, 0.8038042213996606, 0.04571511644939196], [0.07011793069279601, 0.22997360785887677, 0.5179718329228987, 0.1819366284254285], [0.2359254806997885, 0.31271472570153186, 0.26314318177452795, 0.18821661172415166], [0.06288613542361134, 0.2711278866626962, 0.6203283828707296, 0.04565759494296295], [0.11054960970407858, 0.1038966363603051, 0.5929580705408088, 0.19259568329480745], [0.09254976430019425, 0.13263097502925122, 0.4590490494138583, 0.3157702111566962], [0.028668190640290456, 0.09043209796763917, 0.8443675447669957, 0.03653216652507465], [0.13962072790533467, 0.23944099307997774, 0.44017696732786527, 0.18076131158682235]], "ideal": "C", "sampled": "A", "correct": false}}
{"type": "result", "data": {"idx": 2, "options": ["True, True", "False, False", "True, False", "False, True"], "probs": [[0.1885296702196419, 0.12463572620099163, 0.5124098062002849, 0.17442479727908156], [0.045547365975648284, 0.0781052620638679, 0.690448278490006, 0.18589909337047775], [0.19577385410283088, 0.580152092144916, 0.0443553066047059, 0.17971874704754712], [0.23925529468155488, 0.4613318431112874, 0.24300892746366676, 0.05640393464349097], [0.15659426527773196, 0.45319610271643807, 0.2541337315941511, 0.13607590031167882], [0.27129626069264456, 0.3709136815675199, 0.302657482723, 0.055132574916835486], [0.04352114349535867, 0.1372672585899465, 0.6344851798419926, 0.18472641797270217], [0.0825803087040273, 0.1472466642726735, 0.6006770357141125, 0.16949599120918676], [0.04789014867410451, 0.19393719559251718, 0.5787987212542162, 0.1793739343791622], [0.10092901881731509, 0.24595586220082183, 0.48139451494783736, 0.1717206039340257], [0.06524053701408003, 0.2443582746409105, 0.421988608049022, 0.26841258019598746], [0.05881345972778463, 0.24381024897493622, 0.42106324429994646, 0.2763130468973327], [0.12821014797344862, 0.5527872093715062, 0.04534498059348221, 0.27365766196156294], [0.08779222804513631, 0.568213015905637, 0.2294590204261773, 0.11453573552304937], [0.06658256003650861, 0.10235914510687451, 0.727091724150996, 0.10396657060562084], [0.05251558555713688, 0.14055799103491343, 0.5822940533282285, 0.22463236997972125], [0.06015548899284076, 0.09033329106212301, 0.7740411815319372, 0.07547003831309897], [0.05156789796384918, 0.1306705196171046, 0.49681112905557584, 0.3209504532634704], [0.24987547097833798, 0.4186154354025271, 0.1306203227734883, 0.2008887707456466], [0.09149998897889221, 0.3400144773377366, 0.5183385455585181, 0.05014698802485307], [0.11927159272965111, 0.12405246674164878, 0.5689797824782216, 0.18769615795047853], [0.10727661341719327, 0.14897053275191896, 0.35721228321524284, 0.38654057051564494], [0.040012184675552384, 0.11580245238801055, 0.7973970799743836, 0.04678828286205351], [0.1649321690812208, 0.28951992287482764, 0.2939526605035266, 0.251595247440425]], "ideal": "B", "sampled": "A", "correct": false}}
{"type": "result", "data": {"idx": 3, "options": ["12", "24", "48", "72"], "probs": [[0.03799584696082043, 0.23279241087827715, 0.4774844712759722, 0.25172727078493023], [0.025980555873477355, 0.24082249166462702, 0.5597297840609843, 0.17346716830091136], [0.06741654771761638, 0.2544735631915732, 0.5059136672420979, 0.1721962217487125], [0.03597412751168562, 0.1991121239463398, 0.5495976989404341, 0.2153160495015405], [0.0634890454094593, 0.3101264626137867, 0.5192061313999903, 0.10717836047676378], [0.06327844269063594, 0.3164305615906511, 0.4061752466561099, 0.21411574896260308], [0.2825895761389199, 0.26551078956122115, 0.3303389450476355, 0.1215606891522235], [0.18828327618383106, 0.2167491553675519, 0.48074833857878374, 0.1142192297698333], [0.15404888184536755, 0.24621322359125855, 0.45271318189950943, 0.14702471256386446], [0.1377615800028604, 0.21008327914287797, 0.49602729816285546, 0.1561278425914062], [0.11372212997265672, 0.3291300731049707, 0.4712907952368319, 0.08585700158554062], [0.14523996952362708, 0.3595353796545513, 0.3766635796298266, 0.11856107109199505], [0.22553277999441781, 0.308327191106082, 0.3660436488461204, 0.10009637995337985], [0.1998403876891394, 0.2818754487109485, 0.39123396312702574, 0.12705020037288636], [0.232731818100295, 0.28520228175662704, 0.41485529626365214, 0.06721060377942581], [0.19350043946434525, 0.2604220347066143, 0.46413391264310394, 0.08194361308593648], [0.12636224563904808, 0.29848065657736167, 0.4341591090268055, 0.14099798865678476], [0.16030298467590365, 0.35020381579742943, 0.39670059105507777, 0.09279260837158915], [0.2212977210665988, 0.30728264953216744, 0.40067862564762163, 0.07074100365361213], [0.3388304311046792, 0.36073659771838695, 0.17576349746128136, 0.12466947361565248], [0.2425420076359413, 0.34208212573691665, 0.36979870381973806, 0.04557716270740395], [0.32148529053946034, 0.3939570007513493, 0.15666132140563885, 0.12789638720355148], [0.25560489294357097, 0.2516746222721195, 0.40841946001737034, 0.08430102466693916], [0.24670298007806157, 0.24290807138523587, 0.41962053263255317, 0.09076841580414938]], "ideal": "D", "sampled": "D", "correct": true}}
{"type": "result", "data": {"idx": 4, "options": ["convolutional networks", "graph networks", "fully connected networks", "RBF networks"], "probs": [[0.9986916017989317, 0.0010901138189731289, 0.00013019261510440326, 8.80916669908074e-05], [0.9984634411849725, 0.001234973884019598, 0.00012915233535880648, 0.00017243249564903376], [0.9987454937837104, 0.0009545824071873841, 0.00019852800907189786, 0.00010139570003034652], [0.9985970279257794, 0.0011246151341198969, 0.0001607518987055328, 0.00011760494139512141], [0.9984407234379582, 0.001178386761171932, 0.00017930378132255701, 0.00020158591954735523], [0.9986387331379525, 0.0010985985179662258, 0.00014867653148062013, 0.00011399171260070175], [0.0020155213861759104, 0.9968166259649887, 0.0006294933000583669, 0.0005383592487770372], [0.0016326775283310641, 0.9971302874418678, 0.0006547785680116145, 0.000582256361789541], [0.003084354520076542, 0.0038690094950456513, 0.9921559246165169, 0.0008907112683608948], [0.00018805677579610222, 0.00015716933348361922, 0.00019252689105705146, 0.9994622468996632], [0.0021929246843082188, 0.002109095642640149, 0.9947398691545646, 0.0009581104184870042], [0.0001223814273624958, 0.00011321003223919614, 0.00023961819993275152, 0.9995247902404656], [0.0005185207719350528, 0.998452495211611, 0.000714428470524416, 0.00031455544592955733], [0.0005225430643370161, 0.9984418776763926, 0.0006763733305085374, 0.0003592058287618677], [0.002849862352297687, 0.0052014745939896155, 0.991255608688598, 0.0006930542651147734], [0.00016726962698113783, 0.00021483797621058457, 9.238400718512549e-05, 0.9995255082896232], [0.0015925143424473818, 0.0025055860239648455, 0.9951495556188644, 0.0007523439147232961], [0.0001096920287564623, 0.0001014728744030063, 0.00034860631308989803, 0.9994402286837506], [0.0006706586952855153, 0.9980178770091254, 0.0008283005777249108, 0.00048316361786415453], [0.0007308945610569886, 0.9980402943391443, 0.0008155059665598894, 0.0004133050332387618], [0.0011479694893139505, 0.002355698920393087, 0.9959367934793674, 0.000559538010925597], [9.457224689087031e-05, 0.00018520013906062304, 0.00015471344094370566, 0.9995655140731048], [0.0012313330621877, 0.002411020332103553, 0.9957335683859616, 0.0006240781197471144], [8.608755105586766e-05, 0.00010066606832388321, 0.0005151321349662632, 0.999298114145654]], "ideal": "A", "sampled": "A", "correct": true}}
{"type": "result", "data": {"idx": 5, "options": ["True, True", "False, False", "True, False", "False, True"], "probs": [[0.05642396520530241, 0.0901768718922463, 0.660976521668313, 0.1924226411341383], [0.014667362519651284, 0.05080203155672777, 0.7640121266976464, 0.1705184791259746], [0.05765306067703685, 0.5915563944400879, 0.11550555105306388, 0.23528499372981135], [0.06720021917149771, 0.3807719959570566, 0.46639970782501156, 0.08562807694643412], [0.03745536286757721, 0.47080295222325047, 0.4025901720586603, 0.08915151275051197], [0.0825757700698003, 0.35593713121886617, 0.4940817168028183, 0.06740538180851523], [0.027495194940746932, 0.082741650108138, 0.7145913428923385, 0.1751718119587766], [0.06159066178813603, 0.10981013960745524, 0.6831168277207555, 0.14548237078365323], [0.0511720541551487, 0.2240408161645422, 0.5207812073131395, 0.2040059222671696], [0.06954451960573872, 0.2524094098140946, 0.5776445527234249, 0.10040151775674179], [0.05671137219365328, 0.26431745386578975, 0.3499950183205303, 0.3289761555200266], [0.05183423194141386, 0.24346155871709912, 0.5399668095473369, 0.1647373996941502], [0.23143213295314638, 0.31639005787814595, 0.16406693564005337, 0.28811087342865427], [0.0940977823981921, 0.2639471708248584, 0.44883467768865754, 0.19312036898829188], [0.13724620843418187, 0.13409304817308731, 0.564362236269934, 0.16429850702279686], [0.04543657244822716, 0.13886828770913395, 0.65710121631422, 0.15859392342841885], [0.09775293488541814, 0.11979590774209227, 0.6081491164419663, 0.17430204083052328], [0.040224509823693494, 0.17067868433635763, 0.6540813822139415, 0.1350154235260073], [0.14767369406424888, 0.3030528082685685, 0.32750936851341655, 0.22176412905376608], [0.039521869120811015, 0.22391682777580788, 0.6579536174401066, 0.0786076855632745], [0.09571106160452139, 0.1693146276713198, 0.4601032757237434, 0.2748710349004154], [0.06289531894378272, 0.19373882872002718, 0.4945524819918333, 0.2488133702443568], [0.04145839514650064, 0.21387596824630592, 0.6689992670977042, 0.07566636940948923], [0.07049306849021716, 0.3469736756694222, 0.48155816915961963, 0.10097508658074097]], "ideal": "B", "sampled": "C", "correct": false}}
{"type": "result", "data": {"idx": 6, "options": ["O(D)", "O(N)", "O(ND)", "O(ND^2)"], "probs": [[0.02100937844616751, 0.306331698660194, 0.5634071910325621, 0.10925173176107639], [0.01942215033285253, 0.1828335920206427, 0.31588338528510057, 0.4818608722614042], [0.008286916457058199, 0.7696475206652392, 0.161303248209971, 0.06076231456773153], [0.0066782691880860395, 0.7083217441561155, 0.19061274664850755, 0.09438723990729087], [0.012562998463943667, 0.456915881334521, 0.2858993088791221, 0.24462181122241322], [0.011929888441745877, 0.2736522081202031, 0.6462875188670741, 0.06813038447097691], [0.015050761532495292, 0.26059363886544623, 0.5781418373657742, 0.14621376213628423], [0.013568847561382514, 0.1759543909877781, 0.36101365914229516, 0.44946310220854424], [0.009742171058047153, 0.8047344316557098, 0.10888902344996666, 0.07663437373627642], [0.0050435338321425105, 0.7484841645736724, 0.12803131853379257, 0.1184409829603925], [0.009905535099431886, 0.52828618513403, 0.23807942847258903, 0.22372885119394903], [0.009577381825031544, 0.24127938862113776, 0.6766847654973678, 0.07245846395646288], [0.041974187021951985, 0.6935020686344667, 0.1925577207133304, 0.07196602353025092], [0.045249648387675506, 0.6597733496959856, 0.12013850359907395, 0.174838498217265], [0.05956439963478926, 0.7200242326415153, 0.1937704236153693, 0.026640944008326197], [0.06694937443667225, 0.7086508620684956, 0.1508625416768677, 0.07353722171796451], [0.07148867951346825, 0.4589398869255184, 0.36874446818634665, 0.10082696527466666], [0.07010659679228246, 0.3849564847703738, 0.47907153481031267, 0.06586538352703107], [0.0037025282439782244, 0.5987761291917816, 0.10567272933218538, 0.2918486131320548], [0.010168194934059314, 0.3640833222029337, 0.5551577387122564, 0.07059074405075061], [0.008999935023520303, 0.7262472245827113, 0.1498408262991521, 0.11491201399461634], [0.012669562489827505, 0.3191882169441587, 0.6249384483667866, 0.043203772099227204], [0.004130597537509055, 0.8919671849846539, 0.06561888503663606, 0.03828333234120093], [0.004416039331229877, 0.8750834967582329, 0.09078860312571253, 0.029711860684824627]], "ideal": "A", "sampled": "C", "correct": false}}
{"type": "result", "data": {"idx": 7, "options": ["True, True", "False, False", "True, False", "False, True"], "probs": [[0.2437027932349074, 0.14108774590153308, 0.557764729718398, 0.057444731045161526], [0.07610602676107378, 0.10163600741800564, 0.7275351881253361, 0.09472277759558448], [0.3199269544742024, 0.5278978465244786, 0.05303300290098199, 0.09914219600033704], [0.4122469026942885, 0.3473218893002136, 0.21386408285849762, 0.02656712504700024], [0.34222726050254515, 0.3940483150698575, 0.21082232028588407, 0.0529021040417133], [0.5398912094685925, 0.23596557625091946, 0.2049291381931967, 0.019214075987291388], [0.03944998317171075, 0.1661142302493827, 0.6567210120734671, 0.1377147744054394], [0.0687017800744447, 0.17140195581217282, 0.6776613330145324, 0.08223493099885013], [0.035764591895417336, 0.2058246780885537, 0.5680477939550961, 0.19036293596093287], [0.06408871709659558, 0.22023697195234918, 0.5799926518813928, 0.13568165896966242], [0.04539264044285317, 0.25324545495785156, 0.44413119386727085, 0.2572307106320244], [0.03785871931365812, 0.22834539965566622, 0.49071199666334536, 0.24308388426733032], [0.03642643710228519, 0.7671594819036242, 0.03315021928832555, 0.16326386160576511], [0.024656117654168083, 0.737892238906579, 0.20157853269017242, 0.035873110649080525], [0.017456275397596577, 0.050136705009907225, 0.8951589576757173, 0.03724806181677891], [0.028146845850089485, 0.08469891436874934, 0.5649663731733411, 0.32218786650782005], [0.006825671652929603, 0.01612702523359862, 0.9664743778250232, 0.010572925188448578], [0.03561751650267851, 0.07253407157333755, 0.3430920345169547, 0.5487563773070293], [0.19816553885989893, 0.4907009674222459, 0.18610920287460453, 0.12502429074325064], [0.06279758538788624, 0.3877573121256048, 0.5215787436732633, 0.02786635871324561], [0.06989838494697324, 0.079228918808029, 0.7631900054879238, 0.0876826906570739], [0.05754913860759223, 0.11096009775304641, 0.3993264763596026, 0.43216428717975874], [0.010955579088028387, 0.03946056040158128, 0.9335178314623501, 0.016066028948040243], [0.10655544031504748, 0.20545660110338784, 0.34384972109820433, 0.34413823738336036]], "ideal": "B", "sampled": "A", "correct": false}}
{"type": "result", "data": {"idx": 8, "options": ["2", "4", "8", "16"], "probs": [[0.02193848018942644, 0.6669142767092393, 0.2735316722544373, 0.03761557074689698], [0.037491987642832014, 0.6701205169340784, 0.15414055832983722, 0.1382469369932524], [0.020353192423571094, 0.28100690190476674, 0.6634697305055531, 0.035170175066109075], [0.04961987959694279, 0.4287767686432404, 0.2991719022711036, 0.22243144938871326], [0.05348743178980536, 0.24931366743254982, 0.5616502426509538, 0.13554865802669103], [0.038861339637754705, 0.22541897920354353, 0.5239435648520093, 0.21177611620669237], [0.23141167575391638, 0.6098967256793129, 0.13391287580087297, 0.024778722665897788], [0.2127439144858737, 0.6158538643654407, 0.08936479208066861, 0.08203742896801701], [0.23885621906347013, 0.49022860849280525, 0.23883663893824691, 0.03207853340547767], [0.2205640541950405, 0.46707374049083233, 0.23846799201559574, 0.07389421319853144], [0.20593397777555833, 0.3291637970736133, 0.350259520456772, 0.11464270459405634], [0.1640596307823509, 0.2835092064402658, 0.4974726939903412, 0.05495846868704213], [0.02391402676222199, 0.37123514255247375, 0.5839082761244397, 0.020942554460864463], [0.10891266652952282, 0.6220956126170162, 0.13446830812845412, 0.13452341262500683], [0.0171154299665775, 0.6892886533445959, 0.2740464060243834, 0.01954951056444319], [0.05639699368365532, 0.7548828579683675, 0.1053511108101027, 0.08336903743787442], [0.13262969558435325, 0.3387531632960988, 0.32313999621557393, 0.205477144803974], [0.16321373987908977, 0.3678691277175101, 0.43677450900554415, 0.03214262329785597], [0.03356817774401398, 0.3111604188573681, 0.5632951322002878, 0.09197627109833004], [0.051877187683108235, 0.30806638754581256, 0.44114868349514846, 0.1989077411759307], [0.03342838648369979, 0.4073346489883155, 0.4911713942058907, 0.06806557022209404], [0.05264184897978899, 0.43064882612795913, 0.44418301510303754, 0.07252630968921435], [0.10281491125367745, 0.4537667266009464, 0.3588301485592392, 0.08458821348613686], [0.08989811344580419, 0.4190305658322518, 0.4390349285924207, 0.052036392029523336]], "ideal": "C", "sampled": "B", "correct": false}}
{"type": "result", "data": {"idx": 9, "options": ["Lower variance", "Higher variance", "Same variance", "None of the above"], "probs": [[0.6217272590452276, 0.2716550999543665, 0.09992280140807126, 0.006694839492334605], [0.7029639776685991, 0.2753183127434883, 0.011452019654193376, 0.01026568983371928], [0.6296500348110162, 0.2505005749460683, 0.11114348397813041, 0.008705906164785018], [0.6616122672670165, 0.27158075366000944, 0.031187727811885457, 0.03561925116108861], [0.5157032483595818, 0.2675960594916433, 0.19574325800841444, 0.020957434040360552], [0.4514268011253734, 0.2166433165240198, 0.24163177557148843, 0.09029810667911838], [0.8493320977488139, 0.13440842039526651, 0.012998353763456255, 0.0032611279924633294], [0.8416855957876186, 0.15092583048346905, 0.004182036979299119, 0.0032065366496132493], [0.7651102410287666, 0.16293151394303176, 0.06791125120255159, 0.00404699372565008], [0.7992574615872671, 0.17837543722347793, 0.011401782724381478, 0.010965318364873517], [0.8411099667762593, 0.07824690604506, 0.07465652376761266, 0.005986603311068042], [0.83966493720025, 0.0927613436014268, 0.048876277656945126, 0.01869744144137796], [0.05798700748296371, 0.8523337084677399, 0.08436850889698508, 0.00531077505231126], [0.09919854271015685, 0.8439633265112589, 0.01737401823781665, 0.03946411244076751], [0.06639469287523973, 0.48307212260100246, 0.44669800139472554, 0.0038351830290322643], [0.11698922775236875, 0.6036121979559589, 0.015709616593405595, 0.26368895759826677], [0.09951947031694064, 0.08514124281063482, 0.7469350806165111, 0.06840420615591337], [0.07799653591930923, 0.08048815904515526, 0.6737746495262343, 0.16774065540930116], [0.044029324996374956, 0.5240783065550566, 0.42101621388336313, 0.010876154465205274], [0.03843480950079925, 0.6109328041757358, 0.21435316596446313, 0.13627922025900177], [0.0121331068028009, 0.6730710982494805, 0.3080413395722488, 0.006754455275469829], [0.00920009961483009, 0.7426733180185809, 0.11293024274131973, 0.13519633952526924], [0.034073621538951354, 0.21040810956055053, 0.608653733202355, 0.1468645355981431], [0.022833870679028787, 0.1714037206385175, 0.5361263145414937, 0.26963609404095995]], "ideal": "A", "sampled": "B", "correct": false}}
{"type": "result", "data": {"idx": 10, "options": ["True, True", "False, False", "True, False", "False, True"], "probs": [[0.03988141655258067, 0.0757103132167069, 0.7407425806841677, 0.1436656894465448], [0.009852382325925828, 0.04053214180660571, 0.8394599532629212, 0.11015552250454722], [0.05304548612214351, 0.6120629586826587, 0.09524927535635723, 0.23964227973884059], [0.0463234679042319, 0.39099255928571214, 0.5177795386873135, 0.04490443402274242], [0.03635362697864943, 0.5218946570483087, 0.3641867502051031, 0.0775649656679387], [0.08849637209484146, 0.41901475186926185, 0.4529046415829749, 0.039584234352921764], [0.017176597629882304, 0.07944542716297434, 0.7895854062815559, 0.11379256882558736], [0.032047925680706114, 0.09496013675545624, 0.7703228483900809, 0.10266908907375676], [0.011965266884575767, 0.10666723955599919, 0.740067688993468, 0.14129980446595702], [0.02658245669578036, 0.15785121278690287, 0.6338778479926782, 0.18168848242463853], [0.02067447895376136, 0.22758423552717622, 0.5205823357077939, 0.23115894971126846], [0.01362503442160116, 0.1767027713779271, 0.552552592614088, 0.2571196014863838], [0.04535752212574709, 0.5527662696073227, 0.05597987087978763, 0.3458963372871426], [0.023587126221146157, 0.5083892137122598, 0.40825948252663113, 0.05976417743996291], [0.035760855562648866, 0.08189750095841128, 0.735216405830038, 0.14712523754890183], [0.014986879675472757, 0.06985879480561012, 0.716154196305358, 0.19900012911355905], [0.028210565316368102, 0.12068589772312967, 0.8116243979707944, 0.03947913888970774], [0.036617401847242034, 0.26640453832762023, 0.537903426020061, 0.1590746337050767], [0.1200463771700022, 0.5552945732515079, 0.12974160908355295, 0.19491744039493697], [0.02565325925450374, 0.31010229224358277, 0.6360714024800131, 0.028173045921900314], [0.05667515253781323, 0.09420558196533746, 0.6334745877230912, 0.21564467767375808], [0.047475103096021945, 0.11127715640722236, 0.4984033478598596, 0.3428443925368961], [0.011838276858339642, 0.11059112090387777, 0.8561339965573878, 0.021436605580394768], [0.10901395135110951, 0.42791020436240973, 0.31287278606580926, 0.15020305812067147]], "ideal": "A", "sampled": "A", "correct": true}}
{"type": "result", "data": {"idx": 11, "options": ["good fitting", "overfitting", "underfitting", "all of the above"], "probs": [[0.00033277708905123153, 0.8556200648413673, 0.028340396695418876, 0.11570676127416257], [0.0003301533135982189, 0.8554220996966769, 0.015171361387089648, 0.12907638550263523], [0.0004473902412226261, 0.23182533169595462, 0.4606905772078891, 0.30703670075493367], [0.0006539756364524811, 0.45963570000105936, 0.01088582154278374, 0.5288245027197044], [0.000294504451244327, 0.004430649289562794, 0.9055905842360751, 0.08968426192311782], [0.00015114793679206536, 0.0021869512540316992, 0.5104578199357956, 0.48720408077338057], [0.2200928260509033, 0.00846901322821546, 0.026698890225375967, 0.7447392703955052], [0.25865323023360015, 0.011911709171020282, 0.16440351734463665, 0.5650315431507429], [0.2990106547211034, 0.3723416581200074, 0.005266867004256478, 0.3233808200546327], [0.2464623911793443, 0.6008509430481026, 0.14948482893487267, 0.0032018367376804593], [0.30460443295386547, 0.373443295716764, 0.002698119659128544, 0.319254151570242], [0.3524635859150887, 0.4253277572219143, 0.21714082796625944, 0.005067828796737593], [0.184033001622359, 0.010223185272952752, 0.10005529773656205, 0.7056885152681261], [0.3960991622365167, 0.01727013212552228, 0.13061186086070384, 0.4560188446772572], [0.32199865778807235, 0.26706329153292024, 0.0038078662709279273, 0.4071301843080795], [0.15996762177125498, 0.3960857231269453, 0.4416820560727751, 0.0022645989290245813], [0.42440295185533156, 0.374775886236389, 0.0034228570266303894, 0.19739830478164908], [0.2058363498187529, 0.5597265203187624, 0.22963314593912323, 0.004803983823361499], [0.009176380572474292, 0.013255061061926357, 0.7463032310596952, 0.23126532720590415], [0.006929531253918839, 0.00890253800309404, 0.5906122548272369, 0.39355567581575024], [0.009464126901248126, 0.9371975877257476, 0.002162462986463197, 0.05117582228654108], [0.01117181051631136, 0.9682774917286793, 0.019151669050699087, 0.001399028604310224], [0.017601862818506314, 0.7854589939822773, 0.0016252096059186877, 0.19531393349329776], [0.032331244331316004, 0.9022544506470098, 0.06430730461244416, 0.0011070003092300477]], "ideal": "C", "sampled": "B", "correct": false}}
{"type": "result", "data": {"idx": 12, "options": ["True, True", "False, False", "True, False", "False, True"], "probs": [[0.22205601009957177, 0.06827820646047823, 0.6839517759233787, 0.025714007416571264], [0.016344944896410946, 0.03226217801472377, 0.913384367598425, 0.038008509390440225], [0.38782966584924655, 0.5061300662500319, 0.026595454789197538, 0.07944481301152405], [0.4206322042721713, 0.3328756854000213, 0.2359583941106303, 0.01053371611717707], [0.2904252409644572, 0.560004353467254, 0.12296821175776086, 0.026602193710527952], [0.4321859474493269, 0.36980792841919163, 0.18882057051258624, 0.009185553518895204], [0.019821411624364262, 0.12431940828777029, 0.7495175240590395, 0.10634165592882591], [0.027108311650426375, 0.12246340512004736, 0.7737897037685988, 0.07663857936092745], [0.018760523559458175, 0.1646422510010155, 0.6822131542299877, 0.13438407110953854], [0.02796138878811917, 0.20026897449516465, 0.6362515987074963, 0.13551803790921993], [0.022658711170418906, 0.22534462681388115, 0.5402951209807914, 0.21170154093490864], [0.01824262453863182, 0.21710708296509146, 0.5371025464233583, 0.22754774597291838], [0.029987115167111937, 0.7268506084375924, 0.03166193313244027, 0.21150034316285535], [0.01973969734232014, 0.7526653632563304, 0.1993138402296619, 0.028281099071687563], [0.010133758579648712, 0.036506311889011774, 0.9264450772601686, 0.02691485217117096], [0.007346051535278704, 0.040661388561535707, 0.7372600692958476, 0.2147324905073379], [0.009496940207844222, 0.04062625752308616, 0.9388576979662033, 0.011019104202866305], [0.04213049650564628, 0.1859299547260215, 0.29693296659351226, 0.47500658207481994], [0.17935387500954889, 0.5701550030987154, 0.11398740130928679, 0.13650372048244896], [0.04400312171437562, 0.3742755068996125, 0.561729612002711, 0.019991759283300898], [0.06472758875816954, 0.058953221222601174, 0.8135687617117712, 0.06275042820745808], [0.08013230413382891, 0.1029224695849664, 0.5143604065232011, 0.30258481965800355], [0.014763464029544818, 0.06566286416607366, 0.9062337734171354, 0.013339898287246141], [0.16599823532828695, 0.3460768758904564, 0.2779617309292351, 0.20996315775202157]], "ideal": "A", "sampled": "A", "correct": true}}
{"type": "result", "data": {"idx": 13, "options": ["True, True", "False, False", "True, False", "False, True"], "probs": [[0.0612824358462517, 0.09494929368400634, 0.6691427479440917, 0.17462552242565027], [0.014735860227099676, 0.04947983297934149, 0.785772116907209, 0.15001218978634975], [0.0749196302106728, 0.5625021205651574, 0.11689272744264251, 0.2456855216815273], [0.06743621272814682, 0.36178955447270755, 0.4943505119942822, 0.07642372070486345], [0.053593068111698935, 0.5247059346649029, 0.32312878240851084, 0.09857221471488731], [0.10719825937882331, 0.4341315568888639, 0.3951500031951543, 0.06352018043715851], [0.0248558632078652, 0.08476757225750746, 0.7320187063825552, 0.15835785805207214], [0.047357734091145666, 0.09949916596454535, 0.7349901746216183, 0.11815292522269064], [0.04245602957610821, 0.18301738251353838, 0.5998935520080787, 0.17463303580227474], [0.06964633457456693, 0.2031320734908982, 0.5876161324178036, 0.13960545941673122], [0.049257501220881, 0.2601678332401247, 0.4423227839873558, 0.24825188145163846], [0.04923770759647847, 0.25401390542581836, 0.48942424685174446, 0.20732414002595873], [0.11706226230685826, 0.4350859191944782, 0.12953619561139643, 0.3183156227872671], [0.050634269609347526, 0.36843190279703397, 0.4728873757710416, 0.10804645172257688], [0.05802626604614647, 0.11454548088196091, 0.6745016818451525, 0.1529265711267401], [0.026932976133924955, 0.11252782818563682, 0.6889694671772828, 0.1715697284031554], [0.050646915272074926, 0.17821572453660206, 0.6829277770592149, 0.08820958303210813], [0.030075434942447757, 0.24794361235985737, 0.576240570117846, 0.14574038247984888], [0.14353885396798385, 0.3872872167715819, 0.26187856173333895, 0.20729536742709528], [0.041914648544986485, 0.27123766074417, 0.6304417102093592, 0.056405980401484264], [0.09215300608127726, 0.12999316720793597, 0.5733488118089018, 0.20450501480188488], [0.08731504724005773, 0.16316651170931423, 0.47192613340500233, 0.27759230754562575], [0.03572348305280808, 0.15280277171677595, 0.7637710143734979, 0.047702730756918076], [0.09020482002786764, 0.3274527191788331, 0.4404204189336954, 0.14192204175960388]], "ideal": "B", "sampled": "D", "correct": false}}
{"type": "result", "data": {"idx": 14, "options": ["pure", "not pure", "useful", "useless"], "probs": [[0.004583911730729741, 0.9672886819839216, 0.01826954165002703, 0.00985786453532158], [0.006671422520863049, 0.9675772115733339, 0.01757613664262807, 0.008175229163174967], [0.246498990727138, 0.07288223612894314, 0.5058004930973965, 0.17481827994652233], [0.2917936302678661, 0.3928652215086156, 0.2828525167529453, 0.03248863137057305], [0.41725019393507573, 0.04503133603911057, 0.4305453082217618, 0.10717316170405188], [0.2995853073255525, 0.0679143126766824, 0.5958690535020975, 0.03663132639566759], [0.7520439174195441, 0.24422727997602967, 0.0018644510197641524, 0.0018643514846620652], [0.7602074485349757, 0.23559291221496015, 0.0024012621631871447, 0.0017983769868770577], [0.7349793238903486, 0.027625288528535127, 0.22769871118559057, 0.009696676295525756], [0.8571305401828652, 0.03171912627676521, 0.017929718163749483, 0.09322061527662012], [0.8074292120410962, 0.025357515172268138, 0.16151117140256838, 0.0057021012840672595], [0.898154625467269, 0.03171473028646474, 0.015334782346185339, 0.054795861800080926], [0.016689907977968085, 0.09095008315289901, 0.8494052158008281, 0.042954792968304845], [0.3453422928103144, 0.5436506623834317, 0.09010078354318429, 0.02090626116306956], [0.002933580089286974, 0.9369920601252241, 0.04999317023482073, 0.010081189450668217], [0.0037318920598353768, 0.9356070364697886, 0.02866930577033231, 0.03199176560004372], [0.23749769381208952, 0.6986521234514211, 0.02352107046514169, 0.04032911217134765], [0.1861268825858088, 0.46822177820852456, 0.2974670386185999, 0.04818430048706669], [0.006526121320617298, 0.08333642523851861, 0.7661770434927997, 0.14396040984806435], [0.09327594311521181, 0.29661974694656873, 0.5805196241149138, 0.02958468572330565], [0.0056095380436976695, 0.7764302087459007, 0.187161345389197, 0.03079890772120462], [0.005542978387228634, 0.7377190271377644, 0.1203400314420926, 0.13639796293291437], [0.025256085762000433, 0.8707035649337358, 0.05647553791322501, 0.04756481129103879], [0.015105747900450257, 0.3231105665696973, 0.6034232714937418, 0.05836041393611073]], "ideal": "B", "sampled": "B", "correct": true}}
{"type": "result", "data": {"idx": 15, "options": ["True, True", "False, False", "True, False", "False, True"], "probs": [[0.16600169987799052, 0.1273183169542347, 0.6263929920884576, 0.08028699097931728], [0.0437119506010196, 0.0791837897543927, 0.7746586462525026, 0.10244561329208507], [0.19327322078664297, 0.581889761521364, 0.08116417558791607, 0.143672842004077], [0.22258686561061897, 0.39079215318021515, 0.3612499758728888, 0.025371005236277073], [0.1584079886569828, 0.45136618058828243, 0.33009577192041223, 0.060130058734322575], [0.28152054545448346, 0.3092809617210098, 0.3847874700638314, 0.024411022660675352], [0.05925955840793384, 0.16624295276342624, 0.6470386812588588, 0.1274588074697811], [0.08229093681970288, 0.16242160748519946, 0.6729820124942174, 0.08230544310088021], [0.05568104981819288, 0.20693036911802462, 0.5711178779030933, 0.16627070306068922], [0.08196498880278175, 0.24665449353509333, 0.5732752979191594, 0.09810521964296544], [0.059355964563408595, 0.2854811027299776, 0.4558754383731289, 0.19928749423348485], [0.05317750695351586, 0.2679963659223734, 0.5162835601465036, 0.16254256687760707], [0.17444915677838857, 0.4744804693027602, 0.11985910414765749, 0.2312112696711937], [0.08353627162898106, 0.496245410047899, 0.35715102028298035, 0.06306729794013956], [0.05586042958043385, 0.09000820598590169, 0.7893195688730952, 0.06481179546056923], [0.040967652323723264, 0.12920397713285278, 0.6764212535939601, 0.1534071168494638], [0.06918437700938328, 0.12729327237122945, 0.767344823767868, 0.03617752675151932], [0.07551350738762629, 0.259500458244334, 0.5239082262046815, 0.14107780806335823], [0.2592795115664748, 0.3080108967708227, 0.31761791352380325, 0.11509167803889925], [0.09559909784733948, 0.278866791424578, 0.590086864097561, 0.03544724653052163], [0.14043775852481283, 0.11376661873117164, 0.629344604587527, 0.11645101805648861], [0.12855190612067313, 0.1600409072495804, 0.4556390250304242, 0.25576816149932224], [0.051480160692555364, 0.1378041993779482, 0.7804482214996061, 0.030267418329890303], [0.15222205090985835, 0.2756982691934621, 0.42679555055363666, 0.14528412924304293]], "ideal": "B", "sampled": "A", "correct": false}}
{"type": "result", "data": {"idx": 16, "options": ["This feature has a strong effect on the model (should be retained)", "This feature does not have a strong effect on the model (should be ignored)", "It is not possible to comment on the importance of this feature without additional information", "Nothing can be determined."], "probs": [[0.34958591580444853, 0.5250476378689442, 0.11349392004948625, 0.011872526177121059], [0.4191169627687073, 0.5217985147519978, 0.022739269853609932, 0.03634525252568496], [0.5508794449602268, 0.2685512431592475, 0.16801003417975438, 0.01255927760077139], [0.6301845734060032, 0.27537168916053495, 0.041891182783681084, 0.052552554549780806], [0.6960662304836391, 0.0844493842456527, 0.1994256909491202, 0.02005869422158799], [0.6351124596324802, 0.07705664576522349, 0.2229422463034501, 0.06488864819884621], [0.0015924983294028894, 0.988224290536149, 0.007136578869892739, 0.0030466321645553733], [0.0019518073587830344, 0.9884258844832093, 0.005647615506193882, 0.003974692551813694], [0.001484885437864666, 0.008957504145840645, 0.9876653983843414, 0.0018922119319532658], [0.0003167856664644772, 0.0011681163041235036, 0.0009456911025619954, 0.99756940682685], [0.0009265260481222524, 0.005048895816281664, 0.992520530000422, 0.001504048035174132], [0.0003674186971879143, 0.0010146985903218178, 0.001204659746944861, 0.9974132228655455], [0.005472074837481649, 0.9138074699311901, 0.06931268561890382, 0.01140776951242438], [0.008387492467101184, 0.9477524049809372, 0.022097830859020316, 0.021762271592941352], [0.002834663733877751, 0.0367681578375088, 0.9554597571906298, 0.004937421137983628], [0.0006893214004909378, 0.003815448533916335, 0.0016151556709746507, 0.9938800742946181], [0.003500343960239656, 0.018777552784744213, 0.9629835380069388, 0.01473856514807727], [0.0003636437998084895, 0.002485483150625753, 0.0022623431543958867, 0.9948885297951698], [0.0012679253308451686, 0.9713118068430457, 0.021781289406276983, 0.005638978319832107], [0.001819608081169384, 0.9730745856210808, 0.015718032225768647, 0.00938777397198109], [0.0010157892992182205, 0.012184618468882814, 0.9830252122092832, 0.003774379922615753], [0.00022985644715925699, 0.001510821651948984, 0.0011855735867621101, 0.9970737482141296], [0.0019314561678323047, 0.015312736060149022, 0.9621510592081236, 0.02060474846389506], [0.0001543019905082571, 0.0013862891273814, 0.001510183307593998, 0.9969492254745164]], "ideal": "C", "sampled": "A", "correct": false}}
