{"type": "result", "data": {"idx": 0, "options": ["Bargaining", "Satisficing", "Accepting", "Compromising"], "probs": [[0.0008561945820867036, 0.992295311300199, 0.004777231367384801, 0.0020712626503294803], [0.0004980040688597725, 0.9813272032148346, 0.016616141029400056, 0.0015586515869056264], [0.0005123811037769623, 0.0033411890143807904, 0.9938500306020839, 0.002296399179758311], [0.00013916011687279631, 0.0007582450380996464, 0.04953505685804902, 0.9495675378869786], [0.0004976227026174611, 0.018239946895001396, 0.980388991411586, 0.0008734388907951622], [0.0002806394020660356, 0.018337507580975652, 0.010862069494527168, 0.9705197834224312], [0.9591665854325642, 0.028966890556237433, 0.003301688904623994, 0.008564835006574411], [0.8989954092229411, 0.04271190287291883, 0.05570730627382111, 0.0025853815303189956], [0.930442347672854, 0.027662890552132773, 0.01931303087030414, 0.022581730804709068], [0.778034676095414, 0.026623939720710907, 0.19367862965355112, 0.0016627544303239757], [0.7800057603543005, 0.2099674352314747, 0.00929836121451285, 0.0007284430997119623], [0.8017012757510271, 0.1904608226917141, 0.006883963717799841, 0.0009539377394589597], [0.00045054142723911913, 0.007619960511128548, 0.9902024033741824, 0.001727094587449958], [0.00012070137068472137, 0.0015530305974831926, 0.09383590738174842, 0.9044903605500837], [0.0005791064003468253, 0.9914377132132063, 0.005366772913882372, 0.0026164073725645485], [0.0005144120417826426, 0.959622338000672, 0.03897418643579868, 0.0008890634217466858], [0.0001854978538506478, 0.009007120824542856, 0.005051783465269472, 0.985755597756337], [0.0005856515405322586, 0.01954542072019289, 0.9792405224560078, 0.0006284051832670766], [0.0013320621008228828, 0.01674331584992043, 0.9807210241596462, 0.0012035977896104552], [0.0006658127533843883, 0.004768693355724506, 0.004142529332662433, 0.9904229644582286], [0.001697742562565929, 0.9890275221441077, 0.008357969222459188, 0.0009167659708671746], [0.0020180141859524403, 0.9902968328445514, 0.0060745384064256145, 0.0016106144630705615], [0.00040438888718375614, 0.0016120869388495094, 0.00627593479662835, 0.9917075892773384], [0.0011339709756761364, 0.005804091865831373, 0.9914500214896853, 0.0016119155688071349]], "ideal": "B", "sampled": "B", "correct": true}}
{"type": "result", "data": {"idx": 1, "options": ["Framing bias", "Hindsight bias", "Over-confidence bias", "Heuristics"], "probs": [[0.026298606348032116, 0.01353716645132683, 0.24369102562927117, 0.7164732014713698], [0.002404395414615639, 0.007234379423787104, 0.9325674494417407, 0.05779377561985645], [0.05300567380229994, 0.015186206805985812, 0.19999933464309574, 0.7318087846486185], [0.007857967050214097, 0.011082051155620493, 0.9516373133953863, 0.029422668298779122], [0.003536832701120094, 0.9511163098675673, 0.024338284159291408, 0.021008573172021174], [0.004166698637782139, 0.9509469344125171, 0.031002264870326066, 0.013884101979374688], [0.04975102915491396, 0.01948127179370128, 0.17633715532949235, 0.7544305436218924], [0.003319883963013406, 0.009382523354340255, 0.8848415667260761, 0.10245602585657025], [0.07428538413239982, 0.014288310652093923, 0.1726740831141468, 0.7387522220013595], [0.0030698075691650032, 0.006348500533240192, 0.9418137633132586, 0.048767928484336226], [0.001697222382663597, 0.9212327724914896, 0.04989497108654389, 0.027175033939302894], [0.0018817159623246208, 0.9523862019296607, 0.02985035074545913, 0.015881731262555505], [0.004810816157908457, 0.015894791161571702, 0.19512257041593814, 0.7841718221645817], [0.0021034437513668823, 0.017745977505493178, 0.9099669578455518, 0.07018362079758811], [0.003997473598934155, 0.012215474886588784, 0.12726298251842644, 0.8565240688960506], [0.0011190543688622645, 0.008939298646210809, 0.9115128955236994, 0.07842875136122748], [0.0012536262625086516, 0.9306724319915962, 0.05490840021313005, 0.013165541432765037], [0.0013848240532827768, 0.9590599954300091, 0.026511911023928796, 0.013043269392779356], [0.9365465962809167, 0.03155548606455767, 0.016756682301124568, 0.015141235253401032], [0.9327977753881108, 0.040992573793697994, 0.013410329465949854, 0.012799321252241315], [0.9470253704184377, 0.020602000566711576, 0.01875548019742597, 0.013617148717424754], [0.9598935436155313, 0.020883016135043578, 0.010916866324387535, 0.008306573825037652], [0.9558008783647413, 0.014516223031295659, 0.01922752682934523, 0.010455371674617901], [0.9713559872421299, 0.011670667829118875, 0.010059025268765422, 0.006914319559985823]], "ideal": "D", "sampled": "D", "correct": true}}
{"type": "result", "data": {"idx": 2, "options": ["The way things are.", "The way things are going to be.", "The way things should be.", "The way things were."], "probs": [[0.0009110833482570025, 0.005941986472830502, 0.9914968444337149, 0.001650085645197586], [0.0027017349148782954, 0.005948610143388278, 0.006331120127660437, 0.985018534714073], [0.0016005934777122627, 0.9934739674198796, 0.002900426335502883, 0.002025012666905272], [0.0015516802952429982, 0.9936604681593373, 0.002746636563866543, 0.0020412148815531473], [0.00037321814155812696, 0.00047933362356341187, 0.0016989494667503096, 0.9974484986681281], [0.0018761756329615752, 0.009164025421515367, 0.9873421157347504, 0.0016176831107726408], [0.0016581134640939101, 0.030566139298258004, 0.9658817108193287, 0.0018940363183193377], [0.0016272396976286668, 0.12149096774140825, 0.006850996333170188, 0.8700307961277929], [0.0009123186597862088, 0.9935658123382144, 0.0038427126690282355, 0.0016791562329711018], [0.001228183292868397, 0.9941705262943312, 0.002444201651244134, 0.002157088661556247], [0.0005396344820723683, 0.001346235572665333, 0.18913919284375974, 0.8089749370015026], [0.001000985868775086, 0.0047020129814783415, 0.9917997322259331, 0.002497268823813439], [0.9909288045720434, 0.008377502040840777, 0.00037389136442575173, 0.00031980192269015067], [0.9906100270879474, 0.008708308251140677, 0.0003594601013931853, 0.0003222044595186541], [0.993073451961374, 0.0025205109792576586, 0.003783509330087721, 0.0006225276292806129], [0.9960295762264227, 0.0020795838555081156, 0.0007243150327452053, 0.0011665247853238961], [0.9944790692196223, 0.002665848262644381, 0.0023342194247988816, 0.0005208629929345053], [0.9950757638559856, 0.002467172076494279, 0.0008135680799043168, 0.0016434958876157533], [0.0002624910627407791, 0.0011493991091509545, 0.0014870656797665133, 0.9971010440483418], [0.0008370888208456789, 0.012792392049924516, 0.9850114972530006, 0.0013590217762291228], [0.00032790429727793584, 0.0013174946499156504, 0.22501670059998058, 0.7733379003528258], [0.0006323888962705226, 0.003726088507146597, 0.993534937517117, 0.0021065849794659236], [0.0009178527806360723, 0.991939648410866, 0.0048869254378944875, 0.002255573270603437], [0.0012157124557935655, 0.9920785285097956, 0.0037177784207289982, 0.0029879805136818517]], "ideal": "C", "sampled": "C", "correct": true}}
{"type": "result", "data": {"idx": 3, "options": ["The potential for entry into the industry", "The threat of substitute products", "The power of customers", "The level of rivalry"], "probs": [[0.042177111691807864, 0.07010088990860691, 0.059943822391741, 0.8277781759078442], [0.05859103009568583, 0.283977178575183, 0.6010749890719169, 0.056356802157214204], [0.027053763936061917, 0.03612939247800436, 0.061442471691172416, 0.8753743717947613], [0.01664237361153447, 0.07344607509316177, 0.8536006497572816, 0.056310901438022136], [0.008497677869210405, 0.8671429285604303, 0.08994361891359116, 0.03441577455676815], [0.008909125411163472, 0.9092892353393853, 0.04816456798218258, 0.033637071167268606], [0.07255062027738451, 0.3954235973306293, 0.13660608906535648, 0.3954196932266296], [0.09450173764296753, 0.5973994976109197, 0.26093764179687784, 0.04716112284923486], [0.04252516168713242, 0.05011576115756392, 0.4536233313467967, 0.45373574570850694], [0.05994470938646711, 0.15310209417666962, 0.5776868246779762, 0.2092663716588871], [0.07399124983007112, 0.07516540911235346, 0.8080148244577932, 0.04282851649978229], [0.21344855307943447, 0.43130114493989785, 0.13150275025728722, 0.22374755162338048], [0.013591966190750853, 0.08071194904040124, 0.22987916472390466, 0.6758169199449432], [0.009445486255043486, 0.14211190732613985, 0.7444726560545172, 0.10396995026429948], [0.02001305941348136, 0.11791909990051494, 0.23445438850645675, 0.6276134520795469], [0.028455307431764044, 0.37491359417751396, 0.39280226037461197, 0.20382883791611], [0.0053763440529376524, 0.7981554824155229, 0.1149397784429506, 0.08152839498858878], [0.005172192509542831, 0.7922280315639457, 0.09025234597865293, 0.11234742984785849], [0.03831093629514117, 0.5631422211103263, 0.3414704684823733, 0.05707637401215919], [0.03395752456634553, 0.6511929339476096, 0.07534210046333203, 0.23950744092271284], [0.026160180213975016, 0.2925181259445054, 0.6288792257411281, 0.05244246800039154], [0.03767487181794168, 0.4591901922249445, 0.07852375038531474, 0.4246111854717991], [0.024514193123786974, 0.04336910394577975, 0.5801582433102227, 0.35195845952021054], [0.029700098869954644, 0.07070486623135919, 0.5827205472673105, 0.31687448753137565]], "ideal": "D", "sampled": "D", "correct": true}}
{"type": "result", "data": {"idx": 4, "options": ["Margaret Thatcher", "Mikhail Gorbachov", "Nelson Mandela", "Bill Clinton"], "probs": [[0.9331762915043469, 0.035633957901776155, 0.0165674177681252, 0.014622332725751731], [0.947785402587244, 0.031443192409667475, 0.01250531944534722, 0.008266085457741379], [0.8937579129397404, 0.03632567957893642, 0.05367198785870944, 0.0162444195226138], [0.9409086598158505, 0.025475641425286303, 0.01792117746828273, 0.015694521190580502], [0.907474788265864, 0.03033746513497663, 0.050400631418276824, 0.011787115080882555], [0.9416539396230305, 0.022152233227065013, 0.015222535027625883, 0.020971292022278692], [0.007068765184396754, 0.7986563853433685, 0.03703768092215162, 0.15723716845008318], [0.010815890766728495, 0.8204248745394445, 0.03895369638559733, 0.12980553820822968], [0.0017843309517710448, 0.006326779326107655, 0.9687455401557887, 0.023143349466332567], [0.0004856550296956675, 0.0011654082749141725, 0.003166317660903647, 0.9951826189344865], [0.004370689875631412, 0.014333739004063189, 0.9292718806135875, 0.05202369040671792], [0.0005017168790414253, 0.0010298476971839804, 0.001968677701123226, 0.9964997576226513], [0.003602687063939248, 0.924417204714551, 0.03136690729801449, 0.04061320082349525], [0.003160055480045103, 0.9187513034309465, 0.019357546642477366, 0.05873109434653104], [0.0017339077017141445, 0.006858672819525312, 0.9712474292823012, 0.02015999009645925], [0.00039966848266401986, 0.0011569162496878201, 0.00281743208801139, 0.9956259830796368], [0.001847583078164752, 0.008089687149006194, 0.9496168373698767, 0.040445892302952334], [0.00047705729975114114, 0.0013177354126399168, 0.00520851416703779, 0.9929966930205711], [0.014074612748931327, 0.7872827914429275, 0.08163504704614857, 0.11700754866199263], [0.008516962967623316, 0.6931450471715541, 0.039380473087407275, 0.2589575166734153], [0.0067653089719522195, 0.01811266739230838, 0.9073002582548995, 0.06782176528083989], [0.0006139776441016363, 0.0014061165089724564, 0.0025846896906992494, 0.9953952160562266], [0.002040761020503007, 0.007293971223101388, 0.9476993620040426, 0.042965905652353024], [0.0005977549669598641, 0.001326805580342529, 0.006035924503689923, 0.9920395148490077]], "ideal": "D", "sampled": "A", "correct": false}}
{"type": "result", "data": {"idx": 5, "options": ["Work flow design", "Work schedule design", "Work rate design", "Work output design"], "probs": [[0.0018709350010200792, 0.9934561428550418, 0.002172542774413345, 0.002500379269524736], [0.0017162548404103229, 0.9929285603287618, 0.0030618374546817363, 0.0022933472761461422], [0.0012452139162528156, 0.0043464737055334286, 0.9913502091584767, 0.0030581031197370193], [0.00020326720506403824, 0.00016211116425536367, 0.0005656720946655533, 0.9990689494360151], [0.0016372163588798615, 0.012878515225311393, 0.9838972992561079, 0.0015869690597007915], [0.0003510238805381612, 0.0007318231325670476, 0.0003272451203313627, 0.9985899077665634], [0.8248763428617097, 0.17302477841913416, 0.001184157696489403, 0.0009147209226666909], [0.7431683718256992, 0.25298309931807444, 0.003062187068829223, 0.0007863416873971112], [0.9287220057073209, 0.016232961469669648, 0.05158925327573561, 0.0034557794472738824], [0.9657379828556123, 0.01573523205643223, 0.008758266855231173, 0.009768518132724335], [0.9293685739633847, 0.04213472809468864, 0.02720442456405448, 0.001292273277872155], [0.9631530690881648, 0.031953971993472254, 0.0018746685330843422, 0.0030182902852785866], [0.0018787382153568613, 0.03657803026769007, 0.9582197298959549, 0.0033235015209981296], [0.00029275937405195203, 0.002048723297235815, 0.0008605285699624009, 0.9967979886587498], [0.0015079967657217678, 0.988590029801703, 0.00665671496617475, 0.0032452583664004963], [0.0017238170079556788, 0.9896621863657585, 0.003887549104072044, 0.004726447422213723], [0.00022955364870749824, 0.0005772542286259237, 0.0035075227925668853, 0.9956856692300997], [0.0013787201816722076, 0.011635094076673819, 0.9839032208198011, 0.0030829648218529313], [0.001589743237652157, 0.026267702525202035, 0.9704100084211259, 0.0017325457160198583], [0.00032158431015790807, 0.0023220225199207453, 0.00037312498088749174, 0.9969832680890338], [0.001325016698013796, 0.9918700576169156, 0.004964123874556843, 0.0018408017105137435], [0.0015633367815790678, 0.9934028308129801, 0.0023306239212534303, 0.0027032083841873468], [0.0001462746716241729, 0.00015945201148984567, 0.001560366075124347, 0.9981339071417616], [0.000904018805677445, 0.004051698529960573, 0.9914125047785745, 0.003631777785787474]], "ideal": "B", "sampled": "B", "correct": true}}
{"type": "result", "data": {"idx": 6, "options": ["Workers enjoy responsibility.", "Workers view physical and mental effort as a natural part of work.", "Workers like to show initiative.", "Workers like to be directed."], "probs": [[0.001751403493755552, 0.005029758722108587, 0.004168663954377793, 0.989050173729758], [0.007702346571787327, 0.08412793438470874, 0.8903947641677105, 0.01777495477579348], [0.0017285081335792244, 0.0038059104445510015, 0.010671076946375974, 0.9837945043754938], [0.0017816507041575889, 0.010746575902156526, 0.9598091849840494, 0.027662588309636492], [0.007182162649758266, 0.8990029603838354, 0.06400977011865416, 0.02980510674775213], [0.006116962162264171, 0.9166475091141005, 0.04115063393143275, 0.03608489469220258], [0.00248081491751469, 0.0016789798294529034, 0.002519984249299872, 0.9933202209037325], [0.049105607059727, 0.05186980599367072, 0.8842763916343491, 0.014748195212253196], [0.0025195352653538117, 0.0025798791505779978, 0.00169164835938586, 0.9932089371246823], [0.010766552738865317, 0.04568985072389084, 0.9321686395852719, 0.011374956851972009], [0.035595604410794096, 0.9187674812408559, 0.02729900267462701, 0.018337911573722936], [0.04154375757200959, 0.8481120257325693, 0.09888980987945802, 0.011454406715963057], [0.001612078926648199, 0.0019148679727130854, 0.004451096230517453, 0.9920219567701213], [0.003687123193833714, 0.012476003361555089, 0.968185098281327, 0.015651775063284197], [0.0022895724029650512, 0.00398819818489091, 0.002380895115453846, 0.9913413341966901], [0.004300978287648213, 0.03716200838479238, 0.950926641551058, 0.007610371676501406], [0.003330982853256444, 0.9842437793482064, 0.0053671171595229775, 0.007058120539014169], [0.003570652943148598, 0.975959042185392, 0.014802978968843243, 0.0056673258026161384], [0.8410877698151968, 0.04599888684418496, 0.10528583220703489, 0.0076275110335833505], [0.8782330799615932, 0.04044569305920166, 0.07323177944079738, 0.00808944743840777], [0.8345531082040121, 0.15687838297310186, 0.005580884375811314, 0.0029876243470747894], [0.8301759915167614, 0.11415296063194864, 0.05391034097926653, 0.0017607067720234097], [0.7713241586967006, 0.2176526768486356, 0.006779824799593818, 0.004243339555069991], [0.7798908890012025, 0.19419002386334241, 0.023923743335568588, 0.0019953436998864653]], "ideal": "D", "sampled": "D", "correct": true}}
{"type": "result", "data": {"idx": 7, "options": ["Referent", "Expert", "Reward", "Legitimate"], "probs": [[0.02286797279211271, 0.002689485774251181, 0.0019520391002449979, 0.9724905022333911], [0.18373349839001507, 0.026678750760038707, 0.7735325289881984, 0.01605522176174788], [0.026184045089515422, 0.002116563207168134, 0.004274620563770553, 0.9674247710395458], [0.2121364142626545, 0.01741382015574601, 0.7638918576814713, 0.006557907800128177], [0.29534836717750895, 0.6978908676088259, 0.003012160285705508, 0.003748604827959663], [0.3056839470951699, 0.6892099525830924, 0.0030932340957587046, 0.0020128661259790643], [0.0008937925661463311, 0.19299985925931082, 0.006299317032424647, 0.7998070310421181], [0.0008142285322335571, 0.6634508810719734, 0.3283077698899219, 0.007427120405871169], [0.00025654559034358825, 0.0009532979850005629, 0.45656685924660284, 0.542223297078053], [0.00020310217399191894, 0.0007725873213933053, 0.573112075515411, 0.42591223488920377], [0.0006865990301346353, 0.9013423552570481, 0.09345987803561394, 0.004511167577203299], [0.0007719216585422183, 0.8338233867547185, 0.00641005722823681, 0.15899463425850255], [0.0001608277733038029, 0.8475386231037314, 0.005113936226516263, 0.14718661279644854], [0.00013900292444406212, 0.9778852700856409, 0.01903109485052786, 0.002944632039387164], [0.00014150351425129483, 0.0025078296654493957, 0.5414005214887078, 0.45595014523159155], [0.00010281435728326188, 0.001633373167047752, 0.456327606411763, 0.541936205963906], [0.00022309152616107562, 0.9377545678915906, 0.05990662403101959, 0.002115716451228722], [0.00022513154638933457, 0.9101779498936612, 0.0036597235746857666, 0.08593719488526373], [0.14159436578543155, 0.8545315894670827, 0.002185362865266521, 0.0016886817822191647], [0.1289255411250551, 0.8680447351440421, 0.002021232761331589, 0.0010084908695711307], [0.08191915838381272, 0.019457881063187157, 0.8946073692408877, 0.004015591212112469], [0.06920902348943503, 0.003288577271745171, 0.0013815328547822374, 0.9261208662840376], [0.03682206163054344, 0.010716216535315043, 0.9496442583987295, 0.0028174633354120684], [0.04865371800322873, 0.0017865237692044273, 0.002293572410040199, 0.9472661857175266]], "ideal": "D", "sampled": "D", "correct": true}}
{"type": "result", "data": {"idx": 8, "options": ["Henry Fayol", "Max Weber", "Adam Smith", "Mary Parker Follett"], "probs": [[0.002263973015528381, 0.9957175913047155, 0.0012411195862310593, 0.0007773159935250892], [0.002603279462577243, 0.9947711668837596, 0.001817983554043695, 0.0008075699996195469], [0.0008202049473688314, 0.0031688992576653103, 0.9955819147587835, 0.00042898093618229713], [0.0012884887854534555, 0.0008928088802046598, 0.003585477070726831, 0.994233225163615], [0.005814768711171897, 0.01556162346991277, 0.9778546065918028, 0.0007690011271125398], [0.03480432053589079, 0.007413395733630305, 0.0019793588656319516, 0.955802924764847], [0.11735212874984373, 0.8812505024382917, 0.0010081709598922628, 0.000389197751972258], [0.11246843303266192, 0.8850821581092211, 0.001966700029943156, 0.00048270872817382185], [0.007412770698317846, 0.006003298367177932, 0.9861208090932669, 0.00046312174123726003], [0.01994765483028108, 0.0013160050935824615, 0.002345621726240534, 0.9763907182498959], [0.08488431547360693, 0.029338329942121672, 0.8844775530891843, 0.0012998013950870889], [0.0670566512758467, 0.0055060039745832125, 0.0015051364372579727, 0.9259322082123121], [0.0002846758442679818, 0.8620267691140143, 0.13632989763033643, 0.0013586573113812427], [0.00024788252158385553, 0.5407970324738997, 0.0036993960608278638, 0.45525568884368867], [0.0003324627107127194, 0.625041883892057, 0.3731581518045738, 0.0014675014926565522], [0.00028483991834255993, 0.7794762705973132, 0.0038408794054184616, 0.21639800997892586], [8.001340181840064e-05, 0.0007132754680712562, 0.5501374111154358, 0.4490692999146746], [0.00010680929987123751, 0.0011573866464338106, 0.5993953696377599, 0.3993404343159351], [0.0005179948136889563, 0.9664228813613313, 0.030567277984433764, 0.0024918457405459908], [0.00042364882881119594, 0.9765378852529641, 0.001637351569586521, 0.021401114248638164], [0.000816802614269973, 0.7368097338013659, 0.25856492038140144, 0.0038085431029626247], [0.0003642523618025943, 0.9439765857126828, 0.001582792020050043, 0.05407636980546454], [0.00010552825410837744, 0.0008236170869267776, 0.9243607993705858, 0.07471005518837906], [9.645688722090183e-05, 0.00047854586700438016, 0.24782558972222377, 0.7515994074235509]], "ideal": "B", "sampled": "A", "correct": false}}
{"type": "result", "data": {"idx": 9, "options": ["Frederick Taylor", "Seebohm Rowntree", "Henry Ford", "Max Weber"], "probs": [[0.0019354728395593235, 0.030759005066924944, 0.9565909581034104, 0.010714563890105286], [0.0005547608448207879, 0.002796544678425733, 0.0013518405501465251, 0.9952968538266069], [0.002636897971997046, 0.9772064566597456, 0.01027357442142399, 0.00988307084683332], [0.0025237643715553828, 0.9800491421502462, 0.008610431590300527, 0.008816661787897896], [0.00039375023129805905, 0.0007895919220495386, 0.002628260744125109, 0.9961883970025273], [0.0008442284243749946, 0.00628741779347088, 0.9854011462388181, 0.007467207443335984], [0.002001363788841648, 0.026571807217545287, 0.9512103904154099, 0.020216438478203185], [0.0005940655701645575, 0.0037850101136118587, 0.002259353127531624, 0.9933615710886919], [0.001454593601663919, 0.9913346882446148, 0.0037176877132872876, 0.0034930303404339625], [0.0016243458247598044, 0.992434279409313, 0.0033626666683833455, 0.002578707997543901], [0.0005223875452802774, 0.0010473830268009985, 0.008629044251205578, 0.9898011850767131], [0.0008230669103120685, 0.004246322062008367, 0.9912693008472212, 0.0036613100804583506], [0.9179638206760162, 0.0654825953469643, 0.01240020735102975, 0.004153376525989679], [0.9470565577622472, 0.04227738463912793, 0.006794843504550149, 0.003871213994074696], [0.77337684724051, 0.21482115347377398, 0.008329479001217562, 0.0034725201844984037], [0.91929611859218, 0.0743164994471052, 0.004359916656543, 0.0020274652041718504], [0.9627524729719087, 0.023184503202456665, 0.009971189746140223, 0.004091833979494427], [0.9645100925339316, 0.021314174143141355, 0.011057086395949276, 0.003118646826977776], [0.00037346190370137334, 0.00602897736444095, 0.003433495840662151, 0.9901640647911956], [0.000542183497342032, 0.01168281468707783, 0.9799916139272822, 0.007783387788297903], [0.00043718774204142664, 0.004628232197844269, 0.0034921221520399005, 0.9914424578080744], [0.0005467911855016599, 0.006457239881121238, 0.9884870688247246, 0.004508900008652456], [0.0006935092746678827, 0.9926101246014313, 0.0037514484677526024, 0.0029449175561482026], [0.0006828604391149239, 0.9929530883562003, 0.0035530087352248943, 0.002811042369459855]], "ideal": "B", "sampled": "C", "correct": false}}
{"type": "result", "data": {"idx": 10, "options": ["John Kenneth Galbraith", "John Maynard Keynes", "Milton Friedman", "Alfred Marshall"], "probs": [[0.0008913269535860287, 0.006187182168410743, 0.977365459485693, 0.015556031292310224], [0.0006048923555016455, 0.0010618520286100632, 0.0024489046876415895, 0.9958843508282467], [0.0017206376446548995, 0.9789022223295629, 0.0091572610787102, 0.010219878847071977], [0.0021415165228389275, 0.9563114049868736, 0.005598424120902707, 0.03594865426938472], [0.0005410054975392572, 0.0006682054139245996, 0.0051724545714670065, 0.9936183344170691], [0.0009131550066053886, 0.004565500816726622, 0.9406090117395721, 0.05391233233709581], [0.000832674113626331, 0.005779931865179677, 0.9568543737748206, 0.03653302014637333], [0.0007816744735339762, 0.00173442916854015, 0.003043340337723363, 0.9944405559202025], [0.0017774592844234775, 0.9648535843329313, 0.015964644022564468, 0.017404312260080695], [0.0024104694867586787, 0.9135096614604383, 0.0054746296707725225, 0.07860523928203045], [0.0008906938410641075, 0.0010999958959589551, 0.028808362165387198, 0.9692009479975897], [0.0007878772991055661, 0.003067877593797156, 0.8706884340205958, 0.12545581098650144], [0.8165165148091758, 0.17384736380403884, 0.006847471398499574, 0.0027886498882858713], [0.8089589065172508, 0.17770813991858167, 0.004484215988897476, 0.008848737475270109], [0.9333815842196211, 0.052658548950566916, 0.011124697343266012, 0.0028351693865459678], [0.9395538700998879, 0.04001292642755506, 0.0037513028893662393, 0.016681900483190806], [0.8789594848930602, 0.04241386924253039, 0.06569023789322151, 0.012936407871187914], [0.9131370629611342, 0.03223821628799235, 0.018657805729759603, 0.03596691492111382], [0.0019228604154443805, 0.004436379620396772, 0.005226340989669248, 0.9884144188744896], [0.002181422784726618, 0.029414318854970974, 0.9440147392245256, 0.024389519035776748], [0.0021141301198525056, 0.0024336477933871894, 0.013676908383175666, 0.9817753136035846], [0.0013581129381345849, 0.006429051218306659, 0.9392141947051095, 0.05299864103844925], [0.0018534296172320476, 0.9828637333931033, 0.00891138846885113, 0.0063714484208135], [0.002240743972667713, 0.9774832631704841, 0.005996747616178709, 0.01427924514066952]], "ideal": "C", "sampled": "C", "correct": true}}
{"type": "result", "data": {"idx": 11, "options": ["Mary Parker Follett", "Elton Mayo", "Lillian Gilbreth", "Frederick Taylor"], "probs": [[0.0006627415292615492, 0.9941524667236185, 0.0025619831362395915, 0.0026228085108804273], [0.0007627597333653361, 0.9940141771713076, 0.001933784055904101, 0.003289278939423019], [0.0026168287709947176, 0.010112213862171838, 0.9765063192873469, 0.010764637979486588], [0.052108342095438354, 0.10127628263578003, 0.03753551621691544, 0.8090798589518662], [0.0025687850879333083, 0.007038631267868792, 0.9812839879353583, 0.009108595608839554], [0.005829179271959882, 0.004541352452116075, 0.016737409160374913, 0.9728920590155491], [0.9972822878090881, 0.0017533279512887447, 0.0005347303607360985, 0.0004296537788870259], [0.9971670266272568, 0.0018808369726699635, 0.0004537774818428644, 0.0004983588182303498], [0.9971798537513951, 0.00195577063090013, 0.0004792805353764661, 0.0003850949823283764], [0.9972048808891469, 0.0019712218422432443, 0.0003942713244175182, 0.0004296258441922765], [0.9973150081297948, 0.0014422507620688873, 0.0007482020752326659, 0.0004945389329036904], [0.9971887630105943, 0.0015231499735843417, 0.0007779122457064992, 0.0005101746701148506], [0.003963690603786929, 0.012023268856107548, 0.9700658044860073, 0.013947235954098152], [0.15963394280742876, 0.1097642091428953, 0.06866296738176937, 0.6619388805679066], [0.0010495827911583932, 0.9930084925894936, 0.003086879563503323, 0.0028550449558446484], [0.001142745772512112, 0.9921010401075827, 0.0030361478949210855, 0.003720066124984056], [0.033783031460508955, 0.01583994818260558, 0.06512342720262007, 0.8852535930542654], [0.003812881580864045, 0.011209339624838544, 0.977908175752344, 0.007069602941953436], [0.001210369719400261, 0.008807036790021623, 0.9788497424454642, 0.011132850945113935], [0.001730126271192081, 0.0076372565505043385, 0.013716270682295448, 0.9769163463960081], [0.0006228689717246103, 0.994561297081326, 0.0024079169234746756, 0.0024079169234746756], [0.0006223717553520272, 0.99380922858518, 0.003162422613982935, 0.002405976945485038], [0.0024172635363852307, 0.06335250187311792, 0.032090108330382505, 0.9021401261601143], [0.00158871723979047, 0.014386552570451678, 0.9774379259506237, 0.006586804139134153]], "ideal": "B", "sampled": "B", "correct": true}}
{"type": "result", "data": {"idx": 12, "options": ["Strategic", "Operational", "Functional", "Developmental"], "probs": [[0.0003296756793532027, 0.00040406172364369574, 0.0007725832462386651, 0.9984936792507644], [0.0015594222902185592, 0.004766225517914237, 0.9898738019472471, 0.0038005501446201403], [0.0003427431103436141, 0.00034019568125434266, 0.0009918068197775172, 0.9983252542886245], [0.0013327736786609226, 0.0031477060811613213, 0.989059782167099, 0.0064597379730787175], [0.002048680513281247, 0.9901339191738558, 0.004045500795808597, 0.003771899417054266], [0.0019865007737904926, 0.9904816015734501, 0.0033552642141659746, 0.0041766333385934076], [0.0002930772764208811, 0.0011238267781584041, 0.00048705315265258864, 0.9980960426927681], [0.001216106825335308, 0.012672086351260657, 0.9834756932646793, 0.002636113458724665], [0.00012630827625457564, 0.0002914321012727382, 0.015178634993332113, 0.9844036245291405], [0.00041763569515486674, 0.001717640695258011, 0.8358084090752299, 0.16205631443435722], [0.0016021039245793147, 0.715555544597874, 0.28020009239084387, 0.002642258986702874], [0.0007745348068490906, 0.9048836680138527, 0.0033655319635513214, 0.0909762651157469], [0.00031438327407538197, 0.0009994003962923057, 0.0007541952685792615, 0.997932020961053], [0.0009378153655432736, 0.010986445924804824, 0.9813584258209829, 0.006717312788669044], [0.0001388459567311847, 0.0003491078276532633, 0.021931805850886252, 0.9775802402647293], [0.0004802577679194167, 0.002255714862269897, 0.9171173754483203, 0.08014665182149042], [0.0011934317111744444, 0.7815337273222995, 0.21029582753844614, 0.006977013328079882], [0.0008975277977662566, 0.8829085319366573, 0.005717437771673529, 0.11047650239390287], [0.39302429961770985, 0.5997338498051289, 0.0033245710805914442, 0.003917279396569829], [0.4675735950276975, 0.5219856300787454, 0.0026971352185382073, 0.0077436395750188364], [0.5701133689219257, 0.022985443797018355, 0.40426087949571315, 0.0026403076853427957], [0.4941979852160217, 0.014925807434954872, 0.004177678298203143, 0.4866985289508203], [0.47027432955655585, 0.012434596993636375, 0.5084726540651324, 0.008818419284675326], [0.34412767165695785, 0.005830298420350758, 0.006923494129808002, 0.6431185356928834]], "ideal": "A", "sampled": "D", "correct": false}}
{"type": "result", "data": {"idx": 13, "options": ["Guiding, mentoring and motivating", "Guiding, commanding and motivating", "Guiding, demonstrating and motivating", "Guiding, mentoring and demonstrating"], "probs": [[0.004143926001989323, 0.9529027219047419, 0.023481236859689034, 0.0194721151335797], [0.0041485946211596725, 0.9691648604158892, 0.012197836454362664, 0.014488708408588404], [0.004779768688300948, 0.0432753567115819, 0.9252815932185439, 0.026663281281573237], [0.00852024223854555, 0.020926431832767555, 0.07360464690210149, 0.8969486789265854], [0.007153882090186647, 0.03719572043164147, 0.9370915204672682, 0.018558876910903663], [0.009227938055343554, 0.019386021403383663, 0.1273912663921991, 0.8439947740490736], [0.7572052379304751, 0.18269520757966706, 0.037408932551982056, 0.022690621837875718], [0.7910698062083451, 0.16583057000837148, 0.013826987605873803, 0.0292726360774096], [0.658196428840885, 0.22748124462959732, 0.07385176114606014, 0.04047056528345745], [0.6849645818465413, 0.17869442300139618, 0.08310061506616173, 0.05324037998590082], [0.7788968391348543, 0.05642563638921444, 0.14635849942448073, 0.018319024951450536], [0.7410161621229118, 0.046639242045137745, 0.15055503486291683, 0.061789560869033686], [0.006087912021281734, 0.031161585190353374, 0.9323081146208467, 0.030442388067518145], [0.014166529486865571, 0.01982549419184557, 0.17394735160333366, 0.7920606246179552], [0.005372978556202627, 0.9398727679475366, 0.02950788370848823, 0.02524636968777249], [0.005079437008588163, 0.9384759328808123, 0.025799199239923725, 0.03064543077067574], [0.013270719775271757, 0.02205436313613942, 0.22271838488271897, 0.7419565321058699], [0.006562189082255398, 0.025956557601726, 0.9294156862807522, 0.03806556693526634], [0.004029869912761691, 0.04070317250967772, 0.9264013490226913, 0.02886560845486923], [0.010062597750777329, 0.042370863310024307, 0.11606506741930389, 0.8315014714198945], [0.0037384012044433365, 0.9293963858449623, 0.03835422897277859, 0.02851098387781577], [0.00391798941595795, 0.8868602867130703, 0.03865583620246685, 0.07056588756850497], [0.014175714328276431, 0.08417374647375343, 0.2892121632893698, 0.6124383758086004], [0.004333782940669603, 0.036860492076764007, 0.8860641120978254, 0.07274161278474091]], "ideal": "A", "sampled": "B", "correct": false}}
{"type": "result", "data": {"idx": 14, "options": ["Incomplete information", "An agreed goal", "A structured problem", "High level of certainty regarding the environment"], "probs": [[0.021727983554813975, 0.008188033018111099, 0.01577111617851967, 0.9543128671485552], [0.01345625728440264, 0.01598555807585233, 0.9508188525332566, 0.019739332006488444], [0.04341243384916867, 0.012943305604267558, 0.028689679931165078, 0.9149545805153987], [0.012910702060099494, 0.019543194831970385, 0.948608144905237, 0.018937958102693095], [0.06318895824164242, 0.894391222309609, 0.013673835163536678, 0.02874598418521192], [0.061131943385057085, 0.8860886690237011, 0.02001280099039228, 0.03276658650084952], [0.01767679080990137, 0.034905667577560785, 0.011061513801487195, 0.9363560277110506], [0.008931140090084227, 0.027091841158000035, 0.9548307309477378, 0.009146287704177856], [0.013996355161795211, 0.009552288114510612, 0.0750659948325327, 0.9013853617911615], [0.03833057199620998, 0.032284165322676445, 0.9216545437345383, 0.0077307188465752935], [0.2617594540954259, 0.6906433546453735, 0.027385867517253984, 0.020211323641946593], [0.1708198449406606, 0.7433048319824713, 0.03610291623478149, 0.049772406742086606], [0.03187312422918862, 0.03240093829910833, 0.02482032960556569, 0.9109056077661374], [0.010282287669970528, 0.023183486160076004, 0.9551494396357557, 0.01138478643419775], [0.009864950061271305, 0.004485137029369352, 0.11738585459246935, 0.86826405821689], [0.029756342118334188, 0.014392937981455757, 0.9478379800222242, 0.008012739777985807], [0.23181731953422927, 0.7265937314078167, 0.01654246632488336, 0.02504648263307073], [0.15194051522352872, 0.7974962697174546, 0.01470502189164014, 0.03585819306737651], [0.8537151303799494, 0.0845754692126892, 0.03551236328053813, 0.026197037026823262], [0.8721037944778459, 0.09490184962238173, 0.012636602559145255, 0.020357753240627028], [0.8089486985923113, 0.05954428783784027, 0.11471177679163407, 0.016795236678214344], [0.8806415122866983, 0.06899886795755861, 0.022042947067051656, 0.028316672588691458], [0.8025953903426779, 0.1251460781685933, 0.04819959854932258, 0.02405893283940617], [0.8601553868572517, 0.10606744658690342, 0.008978114601443196, 0.024799051854401694]], "ideal": "A", "sampled": "D", "correct": false}}
{"type": "result", "data": {"idx": 15, "options": ["Making people's strengths effective and their weaknesses irrelevant.", "Enhancing the ability of people to contribute.", "To operate the organisation's status system.", "Integrating people in a common venture by thinking through, setting and exemplifying the organisational objectives, values and goals."], "probs": [[0.0007330616326395961, 0.0031350459785378848, 0.9926341138639673, 0.003497778424855253], [0.0005910352639208356, 0.0010958398404186528, 0.0018203094667592387, 0.9964928153289012], [0.0027719725311733108, 0.9797263816468408, 0.007897258316174442, 0.009604387405811488], [0.0032455624923296224, 0.966085715466368, 0.012837391127216822, 0.017831330814085517], [0.0006335171946440262, 0.0010778967350154214, 0.002625371457284254, 0.9956632145130563], [0.0007913067406194058, 0.0029172856047932683, 0.9909669967014024, 0.00532441085318494], [0.0008296730042247115, 0.003897171187277878, 0.9914657945224992, 0.0038073611859981795], [0.0007011663521605454, 0.0014278727129682233, 0.0022630908448474326, 0.9956078699900238], [0.0028435153301179187, 0.9741493741520632, 0.010648806883308482, 0.012358303534510425], [0.003545703119978812, 0.9609616396955835, 0.011810072496628132, 0.02368258458780961], [0.0005299929188598921, 0.0007773380506089509, 0.0018934367720303573, 0.9967992321585007], [0.0008603058777786139, 0.0027990784829593687, 0.9886717420697777, 0.007668873469484291], [0.9411892302716127, 0.03429817255855647, 0.013113254591269923, 0.011399342478560876], [0.9240384572013755, 0.03845887702402776, 0.019478097942837235, 0.018024567731759533], [0.939794706171462, 0.02838944989270044, 0.021927571563592402, 0.009888272272245159], [0.9218315562150681, 0.03660285267969467, 0.02004819996185167, 0.021517391043385608], [0.8282217382556483, 0.05816930904402781, 0.0845877677117637, 0.029021184888560207], [0.8875686922185079, 0.05009143277910561, 0.03467836385670854, 0.027661511045677958], [0.0006185154857959569, 0.0019507722038233802, 0.0022269406404178084, 0.9952037715699629], [0.0009523768689348923, 0.004990337262630883, 0.9887859842999729, 0.005271301468461348], [0.0005422841471705087, 0.0010956369463792038, 0.00206230667496117, 0.9962997721314891], [0.0009094110917013053, 0.0038589140601962596, 0.9894833975643866, 0.005748277183715813], [0.0029798779760958818, 0.951530058277147, 0.019737093797799855, 0.025752969848957308], [0.002925163882849881, 0.9561996025480065, 0.014175004565317001, 0.02670022890382657]], "ideal": "C", "sampled": "C", "correct": true}}
{"type": "result", "data": {"idx": 16, "options": ["A theoretical assumption", "An illustration", "A theoretical model", "An example serving as a model"], "probs": [[0.3253223950237705, 0.03050344301926595, 0.5281552164350484, 0.11601894542191511], [0.07835236629544533, 0.015923911081148236, 0.08879781166180718, 0.8169259108615993], [0.3593219200200276, 0.5662245718220758, 0.00845770346778039, 0.06599580459011618], [0.4440769414191507, 0.544590694548317, 0.00873124944657612, 0.0026011144859561437], [0.33121842913785615, 0.26234627378218583, 0.006563550944797711, 0.39987174603516024], [0.2800421304331339, 0.5932281375187382, 0.12237481281603049, 0.0043549191320975044], [0.002099243037455888, 0.9166969256341455, 0.042494800847785154, 0.0387090303806135], [0.001183539192412707, 0.12559984933110868, 0.01499136387897791, 0.8582252474975007], [0.0023809830456197117, 0.9250563070434434, 0.020412808909482216, 0.05214990090145467], [0.0016869044849691921, 0.7539697463445909, 0.041509737730919066, 0.20283361133952088], [0.0013988000267842848, 0.060903150600445, 0.22974598327518078, 0.7079520659975899], [0.0019434721554969887, 0.38526021735204036, 0.4571968830122792, 0.15559942738018345], [0.6404308571700884, 0.28006422060430464, 0.0064820287617561355, 0.07302289336385075], [0.7308492107515703, 0.2566755042410801, 0.009797157645114565, 0.002678127262235061], [0.493320427885189, 0.0365901136869838, 0.14136025097505892, 0.3287292073527683], [0.2074566583758879, 0.02830305459789915, 0.21744381942202406, 0.5467964675041889], [0.5481891169492374, 0.38887586888389536, 0.05645103648781759, 0.006483977579049596], [0.4781350377175488, 0.19031007125182428, 0.007852652850549532, 0.32370223808007736], [0.0034673885951028455, 0.6563870297921929, 0.010274762265903792, 0.3298708192468005], [0.003205983813433408, 0.9470940069693013, 0.04224074080197226, 0.007459268315292924], [0.0020372896100567476, 0.003989844230247515, 0.2796474178314389, 0.7143254482282568], [0.0029060437372988345, 0.006202107233443819, 0.6275997570386109, 0.3632920918906464], [0.004690692317946952, 0.9599767971567769, 0.02458712284694347, 0.010745387578332662], [0.003986910538062738, 0.6764121799013177, 0.010026656309654767, 0.30957425315096476]], "ideal": "D", "sampled": "C", "correct": false}}
