{"type": "result", "data": {"idx": 0, "options": ["jus in bello.", "jus ad bellum.", "moral nihilism.", "all of the above"], "probs": [[0.05199836495943957, 0.8142492672510098, 0.0029808908951733377, 0.13077147679437734], [0.01106775445906881, 0.550564819070346, 0.4352194317737834, 0.0031479945968017485], [0.009116029385492639, 0.00597972764548606, 0.8270392683703409, 0.15786497449868034], [0.03204131193225189, 0.0055691205195218625, 0.9218793703646397, 0.04051019708358653], [0.010195891886979676, 0.8496386837229778, 0.13752462663310058, 0.0026407976569418974], [0.01454152880870658, 0.9591324179412914, 0.004989134534234631, 0.021336918615767295], [0.004405163906043611, 0.8945895267640727, 0.0037984810268166793, 0.09720682820306704], [0.0016210956661319603, 0.6343645194265608, 0.3610781920960371, 0.0029361927112701697], [0.003191717210954283, 0.004467001989093629, 0.8849687055032017, 0.10737257519675031], [0.011741298774556843, 0.004492451637196639, 0.8831094897300306, 0.10065675975821589], [0.0058077253013569495, 0.6931198859944622, 0.29793786690060875, 0.0031345217035721497], [0.007959005360155078, 0.9579965467803168, 0.006249933654291377, 0.027794514105236805], [0.0008264009934216162, 0.020024161277904785, 0.6129897651534398, 0.36615967247523373], [0.0017968503232922315, 0.09218213557120171, 0.8539151410307139, 0.052105872974792154], [0.0009428955544346823, 0.01271665397610724, 0.46230248414049335, 0.5240379662289647], [0.0030306314863339074, 0.040561001512722517, 0.8874219823547147, 0.06898638454622888], [0.0015444961277907123, 0.6088466376510734, 0.3360080006088926, 0.053600865512243336], [0.0019551075943780825, 0.8467311030275347, 0.11719296470485181, 0.03412082457323533], [0.13002154553692358, 0.6206467305642167, 0.24677560345712124, 0.0025561203417384603], [0.32546521912177384, 0.5899879640722484, 0.004130282186704851, 0.08041653451927286], [0.15011711791112478, 0.28946468952307425, 0.5578343410623927, 0.0025838514034082984], [0.7005622905615445, 0.2422462973069353, 0.0027324107639498853, 0.0544590012675703], [0.6133893796194442, 0.030071717088699042, 0.31822988743389863, 0.03830901575795821], [0.8858371260605419, 0.027177516013939505, 0.06830917954103727, 0.018676178284481322]], "ideal": "A", "sampled": "D", "correct": false}}
{"type": "result", "data": {"idx": 1, "options": ["violates human dignity.", "fails a prima facie duty of honesty.", "is tantamount to asserting that you are infallible.", "is a risk worth taking of the speech is dangerous enough."], "probs": [[0.009170295071468553, 0.4151360542939335, 0.5084586923711875, 0.06723495816341049], [0.012411247955801676, 0.6466951489836396, 0.31017339924629483, 0.03072020371426395], [0.012030202759751895, 0.6318135190293168, 0.2983068492154473, 0.05784942889548402], [0.015569599894781619, 0.7215916769048231, 0.19413355677968844, 0.06870516632070686], [0.03903657773682553, 0.07886604630204888, 0.8216346929998327, 0.06046268286129283], [0.024678110981954042, 0.024110440072575026, 0.677452859671272, 0.27375858917419893], [0.343067701762869, 0.023902460663210567, 0.6021003655252471, 0.030929471948673307], [0.7896605530352152, 0.025785285411064267, 0.11555331780339752, 0.06900084365032301], [0.1056140252708203, 0.8573167645366623, 0.01509805837148388, 0.02197115172103356], [0.10410455577495063, 0.8190039943555922, 0.07043936341846468, 0.006452086350992476], [0.8120622808022778, 0.10007206563922796, 0.011140034771547324, 0.07672561868694693], [0.5306539770264934, 0.0664234935715355, 0.3943450778447714, 0.008577451457199684], [0.6743427464113114, 0.03602634343125015, 0.26408767500793784, 0.025543235049500537], [0.7913269311367616, 0.039099841869067016, 0.057327519455844786, 0.11224570743832664], [0.5273135017269578, 0.4654968653585018, 0.0029693596872974446, 0.0042202731272429775], [0.5819894703379331, 0.40638581141333985, 0.010014908443218198, 0.0016098097055088786], [0.8748822226396081, 0.047849002837704, 0.009796676909270564, 0.06747209751341729], [0.7247936044468133, 0.03933019517376042, 0.23166583206439592, 0.00421036821503035], [0.14322595293011003, 0.09923030890110007, 0.6832359911913118, 0.07430774687747808], [0.07657295407652334, 0.03973563730516314, 0.6771346279515105, 0.20655678056680307], [0.14198661307785518, 0.779906573783183, 0.025858789663983358, 0.05224802337497853], [0.07608934398989053, 0.4962715147949602, 0.4178108521956921, 0.009828288919457178], [0.017716180465401167, 0.8949195708373845, 0.04350319488096619, 0.04386105371624813], [0.014557240723341618, 0.7888401759686261, 0.1872742469642815, 0.009328336243750793]], "ideal": "C", "sampled": "C", "correct": true}}
{"type": "result", "data": {"idx": 2, "options": ["obscures the harms of noncoerced, consensual sex by implying that because what is coerced is bad what is noncoerced is good.", "obscures the harms of rape by equating all sex with nonconsensual sex.", "by not acknowledging a distinction between what is good and what noncoerced, has led to the acknowledgement of the harms of consensual sex.", "All of the above"], "probs": [[0.003696027384550138, 0.003448447404905871, 0.006691450654071016, 0.986164074456473], [0.04018078281669583, 0.06424835925096717, 0.8794538181262814, 0.016117039706055533], [0.005028350327403995, 0.0023235001360506448, 0.003297344114881068, 0.9893508053216643], [0.25474644369031046, 0.3272648240702928, 0.40704948767430993, 0.010939244465086845], [0.7153586388343013, 0.2148863596029912, 0.0514171401462482, 0.018337861316459248], [0.43928179590490857, 0.14949341269990038, 0.39996433663802394, 0.01126045465716712], [0.0018833509575092724, 0.004888503370714688, 0.00948712982229481, 0.9837410157494813], [0.003937701153433247, 0.12064192212548737, 0.8634762002211277, 0.011944176399951696], [0.003905569919526593, 0.002708741780271182, 0.006747196522719162, 0.9866384916774831], [0.38129888824885144, 0.34731381093027586, 0.25003641096128837, 0.021350889759584324], [0.16418894734603776, 0.42270529120172684, 0.3969691959574426, 0.01613656539479276], [0.5763830348740537, 0.3134841515504852, 0.07327667377346356, 0.03685613970199746], [0.0021364733894926467, 0.009588401185080688, 0.003359713482063204, 0.9849154118433634], [0.0041711191565885685, 0.5727391955803753, 0.41209630018274307, 0.01099338498029305], [0.00197567953202384, 0.001552785276959754, 0.003959252022846541, 0.9925122830681699], [0.015050998088416662, 0.2430620362231185, 0.7137564637132385, 0.028130501875226296], [0.03439817519592062, 0.07226831344087664, 0.8802735657063845, 0.013059945556818208], [0.42415248733349725, 0.1293897551945338, 0.4110881617489731, 0.035369595622995825], [0.012512975219625749, 0.8984272370338235, 0.06454958687901907, 0.024510200767531645], [0.00718158402258296, 0.5618060092420339, 0.4173796814641974, 0.013632725171185703], [0.011372401589020704, 0.5312299391434749, 0.4200994701945485, 0.03729818897295584], [0.008925762916368235, 0.5270744537078157, 0.4300415197421024, 0.03395826353371371], [0.006992766593871402, 0.285998323750143, 0.6967524382536047, 0.010256471302380965], [0.010345442315883552, 0.6709960760901804, 0.28847840694134025, 0.030180074552595786]], "ideal": "A", "sampled": "D", "correct": false}}
{"type": "result", "data": {"idx": 3, "options": ["its quantity alone.", "its quality alone.", "both its quantity and its quality.", "neither its quantity nor its quality."], "probs": [[0.0011761564123471673, 0.006664857038778963, 0.9889364497985524, 0.0032225366503213938], [0.00044808658423152854, 0.006383445496804306, 0.02352369546196714, 0.969644772356997], [0.0010104303968057763, 0.8300516026860536, 0.16596791183236345, 0.0029700549847772096], [0.0015183477863178808, 0.9127089605596865, 0.010872996458258297, 0.07489969509573723], [0.0016618001020246344, 0.010422999171723684, 0.9453886271431886, 0.042526573483063025], [0.0024627021613413914, 0.011039783500180816, 0.9116548509016348, 0.07484266333684302], [0.0016668176486202956, 0.006391139532120336, 0.986078045216211, 0.00586399750304839], [0.0012247953703202858, 0.0034360123263904555, 0.02023427962523242, 0.9751049125780569], [0.003660563319344575, 0.7031659815555175, 0.288509084480682, 0.00466437054445592], [0.004017991608185025, 0.923857778100199, 0.021216326141436738, 0.05090790405017929], [0.002751607294839133, 0.006449145451973494, 0.7933068505541034, 0.19749239659908396], [0.004706405959544473, 0.012499712208437496, 0.9325845092962756, 0.0502093724357425], [0.9768316002849001, 0.010278170165499634, 0.009804842180110573, 0.0030853872694896955], [0.9849525523978244, 0.009363048552032351, 0.0022407970013330228, 0.003443601948810193], [0.9785176471313216, 0.013323723278270746, 0.00559636389167641, 0.0025622655987312245], [0.9833414922996542, 0.01163270483803144, 0.0020852072147347256, 0.0029405955475797097], [0.9856549672551422, 0.005862715755865365, 0.006488022972786598, 0.0019942939162057595], [0.9790758763134003, 0.006650536506252362, 0.012229740028808864, 0.0020438470515384854], [0.00339965480054318, 0.017403463794174005, 0.6683420166324842, 0.3108548646727987], [0.009821669525201636, 0.0450702691641849, 0.9050264993413114, 0.040081561869302014], [0.009109407594564021, 0.1002716489015708, 0.3136446750323896, 0.5769742683714756], [0.010596768067255204, 0.0887397384379523, 0.8549884016561463, 0.045675091738646215], [0.011890666713186152, 0.6699683752913214, 0.2502452167464077, 0.06789574114908475], [0.006613772293439288, 0.3668432157691549, 0.5860296243205539, 0.04051338751685191]], "ideal": "C", "sampled": "C", "correct": true}}
{"type": "result", "data": {"idx": 4, "options": ["the animal.", "the wider effects on human beings.", "both A and B", "neither A nor B"], "probs": [[0.052770457527481614, 0.013660857322781522, 0.90661167448311, 0.026957010566626843], [0.2756853059714179, 0.010283470921289934, 0.21470020369351214, 0.49933101931378004], [0.03701508817462832, 0.9257916280132968, 0.019970841852596385, 0.0172224418594784], [0.03415887761140876, 0.9310410505128061, 0.029680650318939808, 0.005119421456845317], [0.34868178092816693, 0.2216918339888699, 0.02817693937452875, 0.40144944560843443], [0.1365644116646553, 0.15476035277504785, 0.7044528957264969, 0.0042223397337998675], [0.0006241997142347527, 0.7941086018526486, 0.19454354837372184, 0.010723649959394722], [0.0011363487783466468, 0.9334647113391573, 0.03973588624127011, 0.025663053541225927], [0.003263940155174515, 0.02587509008404927, 0.963389123058214, 0.007471846602562196], [0.0006869170339670296, 0.03961402850299798, 0.014800049093444735, 0.9448990052695903], [0.005004997112967771, 0.020424748672983127, 0.9612791649882761, 0.013291089125773], [0.0008613187702538797, 0.005794998571136846, 0.10596625333771813, 0.8873774292208911], [0.5902068823245247, 0.3872308569710646, 0.007430622616378406, 0.015131637988032303], [0.2635971350452363, 0.7168902274860102, 0.01452903473069711, 0.004983602638056442], [0.19868683285115424, 0.022645513690202655, 0.7617062698369272, 0.016961383521715858], [0.7652286187982462, 0.011622047852530518, 0.026598013369868275, 0.196551319879355], [0.2235982959858677, 0.0616173352912941, 0.7106238553653205, 0.00416051325751769], [0.8569331627168174, 0.09923147940556999, 0.004978048415578222, 0.038857309362034326], [0.05244178246269057, 0.42574098067584515, 0.031804389774533724, 0.49001284698693054], [0.025686044243389723, 0.4518498181844903, 0.5119206308806622, 0.01054350659145778], [0.019851837785929635, 0.016850641403633498, 0.9199302418338223, 0.0433672788766145], [0.014996882605325806, 0.01409002855140815, 0.8382642161368561, 0.13264887260640992], [0.02377924398377959, 0.24021329354824741, 0.7283458369825991, 0.007661625385373896], [0.0246591031935216, 0.8430087110806623, 0.03166542255000915, 0.10066676307580687]], "ideal": "B", "sampled": "A", "correct": false}}
{"type": "result", "data": {"idx": 5, "options": ["skin cell nuclear transfer", "stem cell nuclear transmission", "somatic cell nuclear transfer", "none of the above"], "probs": [[0.0016939367813043184, 0.003043973617887918, 0.9866584644099983, 0.008603625090809428], [0.0004301186595612886, 0.00024898697601616674, 0.0006456855019583757, 0.9986752087624642], [0.0023121870817678944, 0.9935706156196406, 0.0015166104848906548, 0.0026005867137009124], [0.0021510099848089255, 0.991476462449779, 0.005323903124538736, 0.0010486243408732896], [0.0005698217522226668, 0.0003856644868158408, 0.0003002902701297663, 0.9987442233908317], [0.0017156780667439732, 0.004926394330645983, 0.9915170921350989, 0.001840835367511222], [0.000859697630864114, 0.0025272057111151757, 0.9880639801010505, 0.008549116456970207], [0.00027346462157716827, 0.00026510955227042706, 0.0005567365935777302, 0.9989046891325747], [0.0016351068657056865, 0.9909293561401731, 0.001987991251217379, 0.005447545642903829], [0.001710083910575848, 0.9888455230441171, 0.006710834307521144, 0.002733558637785881], [0.0001557826666631743, 0.00021974131327716275, 0.0009176604813288597, 0.9987068154387309], [0.0015373671154455177, 0.004114668028360304, 0.9911435066140464, 0.003204458142147809], [0.9961473137660581, 0.000821023794898278, 0.00018897545353377903, 0.002842686885509794], [0.9945243060483603, 0.0018909894974413158, 0.0032153469702741033, 0.00036935738392426256], [0.995376574661546, 0.0007828128663694297, 0.00019330270343825818, 0.0036473096686462283], [0.9952850598690736, 0.0016570723638682297, 0.002467188031435744, 0.0005906796356224806], [0.9972292471362411, 0.002434967010144132, 0.000177711388401285, 0.00015807436521350786], [0.9972472660769468, 0.0023786289341268287, 0.00018193132693874843, 0.0001921735619876214], [0.0004836138035601732, 0.0005655325044198875, 0.00017931915593652207, 0.9987715344360834], [0.0010148125161111405, 0.021532896635884098, 0.9745381701278306, 0.0029141206201741313], [0.00019858996427317676, 0.0003076430456246629, 0.00020650137459104, 0.9992872655155112], [0.0013034120586502822, 0.010173938559837427, 0.9824473866215645, 0.006075262659947812], [0.0017041969773562474, 0.9934479896682656, 0.0023478266554864927, 0.002499986598891662], [0.0016253709158830217, 0.9931475532399087, 0.002328400875565966, 0.002898674868642319]], "ideal": "C", "sampled": "C", "correct": true}}
{"type": "result", "data": {"idx": 6, "options": ["we allow the patient to harm him- or herself.", "we force doctors to harm the patient.", "we harm the patient's family.", "we harm the patient."], "probs": [[0.9094326682620423, 0.03064209486460649, 0.00780762752645389, 0.052117609246897297], [0.762796015571544, 0.03624150303435882, 0.19590242998741644, 0.005060051306680695], [0.806498517414839, 0.01560604854330748, 0.033290175901332035, 0.14460525804052143], [0.5332342641468244, 0.02417514961438665, 0.43521835502890316, 0.007372231109885792], [0.6912446225739969, 0.2881891514352164, 0.01827829943818356, 0.002287926452603192], [0.6829383935232121, 0.30309575644899406, 0.010209798761924996, 0.0037560511658689274], [0.35737384027718017, 0.3865702521893171, 0.017934915010605523, 0.2381209924228972], [0.280757451498832, 0.2679376847525491, 0.4416973504022963, 0.00960751324632263], [0.2664745318221276, 0.013694633052418007, 0.4533185734650501, 0.2665122615604043], [0.17427120390004064, 0.023591381618616368, 0.7570278386176107, 0.04510957576373222], [0.37884537422588127, 0.4096832685560612, 0.20598178175682708, 0.005489575361230443], [0.5022211326901015, 0.44328715641974364, 0.0313648075706622, 0.023126903219492678], [0.021367925432008057, 0.494104428365069, 0.32905854668334117, 0.15546909941958176], [0.017782546412446674, 0.3802583777872718, 0.5707474297203516, 0.031211645979929915], [0.05739462237730686, 0.0413610728601423, 0.6777186074730468, 0.22352569718950407], [0.04265496799938436, 0.05653003869888313, 0.762024984394832, 0.13879000880690046], [0.011501559343814355, 0.5456609420494676, 0.4118135936995654, 0.031023904807152735], [0.012358495849266703, 0.638938420956964, 0.2747449252969122, 0.07395815779685716], [0.07165785998305983, 0.8074996605965209, 0.11099018341480366, 0.009852295905615616], [0.0812281321665996, 0.8599246226926245, 0.04416656602974741, 0.014680679011028463], [0.42863503319971114, 0.18727036105304684, 0.3724010049033392, 0.011693600743902808], [0.6011386759444651, 0.30231128378700095, 0.04563853331207769, 0.05091150685645614], [0.3617237935540923, 0.0973690702776346, 0.5181416031320438, 0.022765532936229297], [0.48966163695143616, 0.14030625865513957, 0.30166198842904757, 0.06837011586437668]], "ideal": "D", "sampled": "A", "correct": false}}
{"type": "result", "data": {"idx": 7, "options": ["preventive", "proportional", "equality", "retaliatory"], "probs": [[0.003474280985640117, 0.5663676341774809, 0.28469941421514067, 0.14545867052173822], [0.006736172163452977, 0.37655799087442643, 0.5145601237318989, 0.1021457131302217], [0.007463550965801752, 0.13650606278861252, 0.6510923960758042, 0.20493799006978158], [0.012538159708589123, 0.1337703215600073, 0.6792040110908667, 0.17448750754053688], [0.004166608836943116, 0.7118418291620752, 0.19762826009184253, 0.08636330180913919], [0.0034815855205472365, 0.7119302009351489, 0.10173550148729626, 0.18285271195700759], [0.16865723336015087, 0.07368836025718162, 0.5444161457595047, 0.21323826052316283], [0.07759457536776115, 0.07463071216527195, 0.6970087029457196, 0.1507660094212473], [0.03300309491939323, 0.689477013551097, 0.08901212942805123, 0.18850776200145847], [0.0178016711847597, 0.178417363112523, 0.7510394206934876, 0.05274154490922966], [0.010752500103908078, 0.9384111605546243, 0.018725613493087323, 0.032110725748380385], [0.008444299432958229, 0.9242916764641842, 0.05172831638463782, 0.015535707618219772], [0.02430466925741325, 0.09842754117746023, 0.6672376368748074, 0.21003015259031912], [0.018084222145883573, 0.10010335425603306, 0.7167527554756865, 0.16505966802239683], [0.025910070404707112, 0.6478791892614462, 0.11253799601765004, 0.2136727442161967], [0.01458147345560027, 0.2126506269242333, 0.7305648411896015, 0.042203058330564855], [0.007976740090006674, 0.7410200630860191, 0.07221157486392754, 0.1787916218600467], [0.006232329463705975, 0.7669513599408391, 0.20637595055642172, 0.020440359939033235], [0.11753901970125198, 0.07356065127319192, 0.6555769100946384, 0.15332341883091774], [0.20531124027487338, 0.06771343251172154, 0.377633186970388, 0.34934214014301707], [0.20050114619040563, 0.6081702037587361, 0.03511703687440299, 0.15621161307645526], [0.1406361176929405, 0.547690873933762, 0.29774412814827206, 0.013928880125025361], [0.0833946100046881, 0.5397222081756456, 0.0833970016410773, 0.293486180078589], [0.060974909190920745, 0.514627505500566, 0.4070590226690403, 0.017338562539472864]], "ideal": "B", "sampled": "D", "correct": false}}
{"type": "result", "data": {"idx": 8, "options": ["consequentialism", "Kantianism", "virtue ethics", "contractualism"], "probs": [[0.035921060348160984, 0.09243960884271654, 0.7985121189416864, 0.0731272117674361], [0.17342289505254468, 0.24454375005852647, 0.3728547227223761, 0.2091786320665528], [0.017270959525967498, 0.8584951565637589, 0.05750863870011431, 0.06672524511015931], [0.021149987392154533, 0.8381649270526437, 0.05233443165109446, 0.08835065380410731], [0.0704079036283433, 0.1032337009321676, 0.5668161426392201, 0.25954225270026904], [0.03481105458872407, 0.08750722849822064, 0.792197850005758, 0.08548386680729729], [0.04929860749037277, 0.11825508190299414, 0.771094808301242, 0.06135150220539108], [0.17624570690189215, 0.2772536318807753, 0.39096809012210887, 0.15553257099522366], [0.06738169691430335, 0.6195960824941713, 0.18313715405829692, 0.1298850664332284], [0.08655088813170125, 0.7360818145770749, 0.060890591852155236, 0.11647670533906862], [0.14260167944507918, 0.0673577388575176, 0.6097776747464572, 0.1802629068509461], [0.09602362661593551, 0.08880252390211904, 0.7206411360973695, 0.09453271328457596], [0.6531563923619605, 0.2328941944802765, 0.053195431228674026, 0.060753981829088935], [0.6385311364762629, 0.22414753911363106, 0.062240424331751185, 0.0750808999783548], [0.6306979467626149, 0.07187804364802759, 0.2079736528196485, 0.08945035666970902], [0.7150638955192633, 0.10141975895579837, 0.09677002241478512, 0.08674632301015317], [0.5885065241203288, 0.06919839284024855, 0.2491801697450558, 0.09311491319436689], [0.7017172208321181, 0.11819055803924625, 0.0949640969483311, 0.08512812408030451], [0.19052581487180892, 0.2158799171231874, 0.3970269858440101, 0.1965672820609936], [0.10532618822610208, 0.12904193707661493, 0.6867481315921115, 0.07888374300517151], [0.19580505171568885, 0.0601844665430413, 0.507827841044598, 0.2361826405966718], [0.09747295825698778, 0.06293249129619699, 0.7201701401944014, 0.11942441015241378], [0.19936689430668425, 0.28556840330894584, 0.39030348596862946, 0.12476121631574046], [0.21527853559417576, 0.5412028198209515, 0.10010385438495217, 0.14341479009992056]], "ideal": "D", "sampled": "C", "correct": false}}
{"type": "result", "data": {"idx": 9, "options": ["institutional adequacy", "dispersion of causes and effects", "fragmentation of agency", "all of the above"], "probs": [[0.000997116970425922, 0.0011481419951684224, 0.002061810478426164, 0.9957929304559795], [0.0022903328071732457, 0.04092157885150556, 0.9457744017633551, 0.011013686477966064], [0.0010048423293515735, 0.0007952915853784346, 0.00246745652655485, 0.9957324094587151], [0.0016371923064595285, 0.01339308903149777, 0.9459139068866967, 0.03905581167534599], [0.0023728706173081165, 0.20543159463305216, 0.7630609797256199, 0.02913455492401973], [0.0020687149490298162, 0.530597987826229, 0.06689707228068606, 0.40043622484405517], [0.001948386149174966, 0.0011370219005854589, 0.0030175362890184844, 0.9938970555612211], [0.006870059897236492, 0.015730244551742417, 0.9578248503922394, 0.019574845058781657], [0.002537396731401173, 0.002384705450262893, 0.002638240581664198, 0.9924396571366717], [0.004568833002586308, 0.02888299014120599, 0.9561691443513862, 0.010379032404821499], [0.03240985816660246, 0.9407724202465194, 0.01351145663590116, 0.013306264850976975], [0.013694924684165284, 0.9168416462353653, 0.06089081701834418, 0.008572611962125203], [0.0011203437398173643, 0.0007069569139457323, 0.002997931385930475, 0.9951747678603065], [0.0025728187955677668, 0.008178990767639375, 0.9375629325773727, 0.051685257759420226], [0.0012208860994791894, 0.0015931585761818085, 0.0019969932279156628, 0.9951889619964234], [0.002363705281904721, 0.029950085682697206, 0.9609510787997096, 0.006735130135688444], [0.005306666253212406, 0.8861777189634147, 0.020821439109905655, 0.08769417557346727], [0.0027977824002646395, 0.6333317778450261, 0.34954976846347785, 0.0143206711912314], [0.2641500175297602, 0.042132823713392255, 0.6436788295233563, 0.05003832913349129], [0.3230731276184609, 0.019106854267462333, 0.014991953441087995, 0.6428280645729888], [0.2653950968070626, 0.6784282285988689, 0.017921415693275895, 0.03825525880079265], [0.2410840955660555, 0.6873557303740584, 0.05637799848392827, 0.015182175475957758], [0.474598068380254, 0.11635301724293105, 0.009181091338680883, 0.39986782293813405], [0.4642276430840909, 0.3242379104451108, 0.16296140726544978, 0.04857303910534847]], "ideal": "D", "sampled": "D", "correct": true}}
{"type": "result", "data": {"idx": 10, "options": ["the problem of massive world overpopulation over generations.", "the problem that the bad effects of current carbon dioxide emissions will fall largely on future generations.", "the problem that the compounding effects of greenhouse gas emissions require the current generation to, in effect, cooperate with future generations.", "the problem that countries are possibly biased toward the interests of the current generation, which largely benefits from carbon dioxide emissions."], "probs": [[0.0007012271043879631, 0.2458197607506015, 0.7336159896828408, 0.019863022362169757], [0.0010082278388655979, 0.6975618753628797, 0.08197891146684938, 0.21945098523140527], [0.001250135869061949, 0.06166773659136022, 0.9203538334445005, 0.016728293995077376], [0.0009661016557386123, 0.12557061065006261, 0.028674911818270973, 0.8447883757759278], [0.0009901769997655956, 0.009693540248073361, 0.9215010038924049, 0.06781527875975617], [0.0009764572976861216, 0.08722021242521577, 0.8145054403022038, 0.0972978898748943], [0.09481073112557645, 0.004400447449576666, 0.885668391499722, 0.015120429825124947], [0.3955565387049621, 0.003291593393971378, 0.15982283627903546, 0.441329031522031], [0.012332746712856285, 0.9727288309611412, 0.005102331345671766, 0.009836090880330776], [0.009856938060339323, 0.8603420787540117, 0.1278285313909079, 0.001972451694741039], [0.5977314075005233, 0.09914395147501197, 0.0025011664090894854, 0.3006234745153752], [0.11826386726725606, 0.03183482156976271, 0.8470535519611911, 0.0028477591017900305], [0.1743734300532891, 0.008958170970707243, 0.8063576085483479, 0.010310790327655767], [0.25489682561950733, 0.0024224785729433334, 0.016423175499800175, 0.7262575202077491], [0.02511682603518192, 0.9654661035794023, 0.0036770264504978594, 0.005740043834917917], [0.01762385744568598, 0.9552667564818791, 0.025051969283764807, 0.002057416688670156], [0.3306597467827014, 0.0395016818831273, 0.002193794583501898, 0.6276447766506694], [0.08596458929676475, 0.02747890558941418, 0.8819640939155681, 0.004592411098252969], [0.006551888628830282, 0.0028627684182797064, 0.9206841983788038, 0.06990114447408617], [0.017979992505489165, 0.0027579084833174055, 0.8138931124739294, 0.16536898643726408], [0.005372297644347881, 0.9775117675464812, 0.0032850194715532345, 0.01383091523761776], [0.0022410998868618785, 0.8044509058591395, 0.19097703142017686, 0.0023309627338218225], [0.008059693308186174, 0.7035740446143934, 0.0041821109064921, 0.2841841510709283], [0.006743960235736238, 0.1408729585225334, 0.8495045497283773, 0.002878531413352992]], "ideal": "D", "sampled": "B", "correct": false}}
{"type": "result", "data": {"idx": 11, "options": ["it fails to reconcile prima facie duties.", "it can run counter to a person's being able to integrate her commitments at various levels.", "it can run counter to the idea that persons are atomistic and individually rational actors.", "it fails to recognize that possibility that the persons are best understood in relation to one another."], "probs": [[0.013279386337135771, 0.4719698265999919, 0.4791947139597893, 0.035556073003083], [0.012308636888148492, 0.5486671602121147, 0.42053786428734624, 0.01848633851239059], [0.02119319473752799, 0.2926727776556452, 0.600288916313803, 0.08584511119302383], [0.016565033207823786, 0.16603917413180963, 0.7675402912591471, 0.04985550130121943], [0.017830433455043416, 0.2481361049771732, 0.7177929334950364, 0.016240527972747023], [0.02820901549042206, 0.23077489275789267, 0.6996384666324238, 0.04137762501926148], [0.37292863664638826, 0.11923881219197026, 0.4569461192012536, 0.05088643186038785], [0.3807290337870651, 0.07325157795306089, 0.5286203819215811, 0.017399006238292946], [0.5000703669631591, 0.06310444747725914, 0.3658732718821524, 0.07095191357742936], [0.2244164499144554, 0.03310588531106087, 0.7244780782691616, 0.017999586405322197], [0.2890290209267064, 0.48427225285474146, 0.21148969913480226, 0.015209026983749901], [0.16355018237304889, 0.35736384536433247, 0.4659644215885848, 0.01312155057403387], [0.13637935605848406, 0.06753460065588775, 0.7146233053303656, 0.08146273785526258], [0.08745923218222187, 0.05827546336200205, 0.8106176558301476, 0.04364764852562855], [0.05214205623755924, 0.35649784923153466, 0.3913419463284477, 0.20001814810245838], [0.029154521673609046, 0.119002123571295, 0.80667278487886, 0.045170569776236], [0.009487251865040127, 0.8953296649671628, 0.05459186127766263, 0.04059122179013438], [0.0077867335668367075, 0.7463458779203097, 0.22052478798346942, 0.025342600429384184], [0.22450851042527462, 0.055032842128214035, 0.7024525913557753, 0.018006055990735983], [0.27888232674553415, 0.0964032940202161, 0.5812633676339819, 0.043451011500267846], [0.032195730555009044, 0.7217032586045109, 0.22001226750741482, 0.026088743233065183], [0.02891409285970961, 0.459538352505985, 0.4890188999846775, 0.022528654549627873], [0.26604648629012134, 0.5130347456110654, 0.1446571157830207, 0.07626165221579242], [0.13653470727033556, 0.2632624536108988, 0.5659382405974825, 0.03426459842128311]], "ideal": "B", "sampled": "D", "correct": false}}
{"type": "result", "data": {"idx": 12, "options": ["often have to be made quickly and without immediate authorization.", "should be made with visibility and accountability by the highest-level officials.", "have no objective answer.", "none of the above"], "probs": [[0.417461961466051, 0.5117219089950009, 0.02468658983460562, 0.04612953960434243], [0.37726767196125405, 0.5491204020868798, 0.06256626271891189, 0.011045663132954216], [0.33216825495506896, 0.04861896911469028, 0.5563004078491336, 0.0629123679811072], [0.41924430354052394, 0.04351430223766304, 0.23518819228487012, 0.3020532018369429], [0.2825880279972857, 0.0954197770998256, 0.6076990218223765, 0.014293172980512291], [0.6690724910825211, 0.14931674065877815, 0.03228934853584854, 0.1493214196228522], [0.013553423467609673, 0.9144855541015313, 0.03302913303377365, 0.03893188929708537], [0.011294722424838947, 0.8978316534521049, 0.07194969125590812, 0.01892393276714799], [0.07293532396182928, 0.042555755198309085, 0.8154346740944743, 0.06907424664538729], [0.37383218147649994, 0.04466114003238707, 0.15105702600468837, 0.43044965238642463], [0.05829305241258146, 0.06763897569226052, 0.856697321885274, 0.017370649909883955], [0.4340943153088266, 0.10475687841264449, 0.026900383069262474, 0.4342484231092665], [0.004450531336724138, 0.4873107511649405, 0.48700059838707277, 0.021238119011262623], [0.005492318277829657, 0.790542045403215, 0.11030807057351785, 0.09365756564543747], [0.003715072550378156, 0.5023252997434899, 0.4642704458125961, 0.029689181793535795], [0.005848505201389272, 0.889204987942258, 0.06337136414604479, 0.04157514261030797], [0.006099779340008255, 0.014299940742610637, 0.7743559113668681, 0.20524436845051297], [0.010448466894951724, 0.025272270053343898, 0.933320430946667, 0.030958832005037424], [0.011359275455432616, 0.6710028179015408, 0.3070455872813353, 0.010592319261691267], [0.01716411797881176, 0.909063545389078, 0.028525994078208942, 0.04524634245390138], [0.009811674791254232, 0.43067665199314903, 0.5441909815050165, 0.015320691610580223], [0.015454428527988779, 0.9060215504943436, 0.03272271583368565, 0.04580130504398198], [0.011096653877565253, 0.052547542853516586, 0.8412120716832321, 0.095143731485686], [0.014878906499216162, 0.04767673821812174, 0.8448368351357709, 0.09260752004689114]], "ideal": "B", "sampled": "A", "correct": false}}
{"type": "result", "data": {"idx": 13, "options": ["to minimize damage incurred by all individual living beings.", "to minimize the suffering of all sentient creatures.", "to promote the functional integrity of ecosystems.", "to promote human welfare."], "probs": [[0.016652374029605125, 0.01858051728295108, 0.923542702347069, 0.041224406240374725], [0.008196496846661074, 0.0038726369400838524, 0.0025393081244189514, 0.9853915579888362], [0.007486483318485858, 0.907016246338526, 0.06075146613551929, 0.024745804107468836], [0.007288132434440173, 0.8829975320221751, 0.06968436346004488, 0.04002997198333984], [0.007752158838919277, 0.003182205944517732, 0.004701998830619898, 0.984363636285943], [0.01097754961947352, 0.016227289756874583, 0.9283365322050233, 0.04445862831862854], [0.015154886340022072, 0.022402302331373712, 0.9231236776683397, 0.03931913356026448], [0.005521691873249022, 0.003565824359926852, 0.002179370263033099, 0.988733113403791], [0.0041422343638047275, 0.9376693960845819, 0.043499062725590155, 0.014689306726023187], [0.004287748449826817, 0.9481383397793017, 0.027741802612929183, 0.01983210905794222], [0.004533761100400769, 0.002729046062545634, 0.005821365627426122, 0.9869158271096274], [0.007744779528232299, 0.014359079709699468, 0.9455358041660651, 0.03236033649600317], [0.25466475647122394, 0.5740534833707595, 0.10534170582855457, 0.06594005422946203], [0.26933705402695324, 0.5357884088250395, 0.11584766780398624, 0.07902686924402104], [0.5023034623394973, 0.0653839906469172, 0.22289257409084973, 0.2094199728227358], [0.32897672014910867, 0.06478542668041277, 0.4712154988069939, 0.13502235426348458], [0.042700459904441115, 0.5670228215121005, 0.3332497303320158, 0.05702698815144254], [0.02553963794874555, 0.8728779970695819, 0.05846393733054014, 0.04311842755113243], [0.0063767975212807, 0.0054984378386149285, 0.003748781856728067, 0.9843759826833763], [0.009343808742180227, 0.04156069557752045, 0.9023668983621974, 0.04672859721810192], [0.006433991698642622, 0.003444793890996263, 0.004634268775011371, 0.9854869455353498], [0.011214496671167034, 0.022307206150774698, 0.9263978089806688, 0.04008048809738948], [0.004093963637188598, 0.7160586687353245, 0.24738620126982433, 0.03246116625766255], [0.006275380459381938, 0.9243927364365628, 0.04636939272367081, 0.022962490280384457]], "ideal": "D", "sampled": "C", "correct": false}}
{"type": "result", "data": {"idx": 14, "options": ["consequentialism", "virtue ethics", "both A and B", "neither A nor B"], "probs": [[0.000599519304243886, 0.49240983585205833, 0.49996710892469426, 0.007023535819003497], [0.001101580294760686, 0.9558085889868292, 0.02246680830898563, 0.020623022309424442], [0.004128209570952984, 0.03483883114302802, 0.9563906898480056, 0.004642269338013475], [0.0008305100137988019, 0.00935817442537842, 0.012590395633527532, 0.9772209198272952], [0.004972606039631895, 0.030943254466885294, 0.9550080440729721, 0.009076095320510666], [0.0008306895772331445, 0.004491040102227331, 0.11854189113021148, 0.876136379090328], [0.3261085873253596, 0.011336557895502957, 0.6587280876764735, 0.0038267670026639333], [0.8415773690360745, 0.010513798557863064, 0.05638062329096767, 0.09152820901509472], [0.19116082196774975, 0.805300512054814, 0.0010934753159431525, 0.002445190561493134], [0.19801361848796484, 0.7958160038724359, 0.005444757637598824, 0.0007256199020004165], [0.6589673486114604, 0.1010848482573806, 0.0012331409987286343, 0.23871466203243033], [0.694999466854256, 0.048420523089947536, 0.255672101049888, 0.0009079089059084968], [0.04309871876653787, 0.03924677597355861, 0.907254057894386, 0.010400447265517575], [0.011443127654250053, 0.002553827054384429, 0.002915981173142462, 0.983087064018223], [0.01570743121687879, 0.9723395019912028, 0.0030695728210192847, 0.008883493870899152], [0.00886520379834375, 0.9783202508990433, 0.009889981809750079, 0.00292456339286284], [0.0049592246604319426, 0.0095611371750925, 0.0025929785004969418, 0.9828866595639786], [0.011095239593735286, 0.0229467801605296, 0.9605496959825672, 0.005408284163167863], [0.008626347969209879, 0.0263687147227849, 0.9439821857748494, 0.021022751433155778], [0.0008446090659476367, 0.0020582082591019354, 0.2868983499868827, 0.7101988325880677], [0.005308800475304929, 0.9361387664659491, 0.004505812273949792, 0.0540466206847962], [0.003309494437741495, 0.9470978559783724, 0.046041359967656834, 0.0035512895162292534], [0.0012663330924461067, 0.02750625199010005, 0.0016644878281301954, 0.9695629269893237], [0.007168530420718817, 0.03936672802807457, 0.9462951353528541, 0.007169606098352498]], "ideal": "C", "sampled": "B", "correct": false}}
{"type": "result", "data": {"idx": 15, "options": ["will be seen as curiosities.", "will be scrutinized in relation to the person they are clones of.", "both of the above", "none of the above"], "probs": [[0.0013742798998115844, 0.044463803784543204, 0.9354853194600182, 0.01867659675562694], [0.0026638439978343594, 0.027789463861762547, 0.013518898573390734, 0.9560277934670124], [0.0036726768872749373, 0.5848299309257896, 0.40174579925021686, 0.009751592836718607], [0.00788630210723814, 0.9046610434960919, 0.06601271352318398, 0.021439940773485995], [0.002591378484047211, 0.008053138013181395, 0.08779950270334089, 0.9015559806994305], [0.009583350204449115, 0.08677991517664292, 0.8761193946837529, 0.027517339835155114], [0.005827350722102802, 0.026744505942838052, 0.9423078432936768, 0.025120299941382353], [0.04655820685107238, 0.016113805854006052, 0.023219748377648994, 0.9141082388172725], [0.011710007287788217, 0.9755921817150486, 0.008110381108381049, 0.004587429788782185], [0.020593024155329022, 0.9546851817452167, 0.021410915340428067, 0.003310878659026233], [0.14517370865425702, 0.1088009924065238, 0.01964090713422578, 0.7263843917049934], [0.09533685959037853, 0.06868985128280553, 0.8300176657088271, 0.005955623317988881], [0.42245874198081557, 0.12296419704001284, 0.43586594267921397, 0.01871111819995762], [0.6241115571978043, 0.12100494784463167, 0.19636769244062052, 0.058515802416943444], [0.34653859423446476, 0.5897015774855736, 0.022679555567481784, 0.041080272612479894], [0.2275187253900353, 0.7120191807422053, 0.05320302514741634, 0.007259068620343118], [0.5789922744850114, 0.35680808294759336, 0.043269476069908386, 0.020930166397486776], [0.34537187681608666, 0.1231647820888689, 0.526612288858121, 0.004851052136923538], [0.0029077200584657014, 0.005436459333045699, 0.018808255811013988, 0.9728475646974746], [0.008394901506961584, 0.06400918858588753, 0.8765623429830373, 0.05103356682411365], [0.005564979413548738, 0.05623119736395887, 0.00924397205190287, 0.9289598510705895], [0.004948539285582465, 0.29677370929109276, 0.6898588017070331, 0.008418949616291657], [0.006917829653956976, 0.7454959373460354, 0.18543528580958865, 0.06215094709041901], [0.005827494531108929, 0.43835235392903055, 0.5453488324120613, 0.010471319027799231]], "ideal": "C", "sampled": "C", "correct": true}}
