{"type": "result", "data": {"idx": 0, "options": ["essential to our existence", "unimportant to most people", "not essential to our existence", "rarely viewed"], "probs": [[0.00987450812412103, 0.37349708171495055, 0.6061985104943205, 0.010429899566607906], [0.010163473929821556, 0.741077255001578, 0.07000167587087915, 0.17875759509772132], [0.005519361684889791, 0.9807420344580594, 0.00875182074755879, 0.004986783009492047], [0.004025971540935831, 0.9626352248282793, 0.026048312118758552, 0.007290491412026234], [0.012163986711265144, 0.7766483591678741, 0.035198976104889985, 0.17598867791597075], [0.005067553791510047, 0.29000723102483156, 0.6956043777215001, 0.009320837362158324], [0.010769997030230039, 0.8425443822275569, 0.13328111804024492, 0.013404502601968146], [0.011851571609492566, 0.9200050319556757, 0.046512593012425746, 0.021630803322405967], [0.004480117655698493, 0.01066418689123862, 0.9750698621021411, 0.009785833250921841], [0.0013942597880109069, 0.0004057786848331931, 0.0032417672792371213, 0.9949581941479188], [0.002513751264436307, 0.005799470650875081, 0.9752944230030489, 0.016392354981639653], [0.0017102662905369612, 0.0006051008475346555, 0.0015694460044186032, 0.9961151867575098], [0.05583118176207247, 0.9226708825670313, 0.015749365624963617, 0.005748569945932526], [0.048450350217744326, 0.9144417433879038, 0.02961924224887161, 0.007488664045480227], [0.00534428919579549, 0.005601030141921488, 0.9871490303693622, 0.0019056501929208473], [0.002128204365151049, 0.00023508869723800263, 0.0016445666817021998, 0.9959921401559088], [0.005925848789056219, 0.010730655248785493, 0.9811634114445994, 0.0021800844175588296], [0.0020165769629553877, 0.00043613560215415226, 0.0007476869596198245, 0.9967996003752706], [0.011897969191957902, 0.9236178969967539, 0.04455650298590545, 0.01992763072538271], [0.00759367328538897, 0.7627797948695233, 0.21849053037821517, 0.011136001366872535], [0.003721272828489007, 0.007756197387275512, 0.9395027822434933, 0.04901974744074217], [0.005143187922841494, 0.0030001755703028704, 0.004005616051657353, 0.9878510203551982], [0.00683291216363617, 0.03389786074574256, 0.9526978875025907, 0.006571339488030649], [0.007623490856003305, 0.004660423547272178, 0.004660258703187003, 0.9830558267935375]], "ideal": "C", "sampled": "A", "correct": false}}
{"type": "result", "data": {"idx": 1, "options": ["the state", "the justice system", "the body", "the soul"], "probs": [[1.877498589850796e-05, 6.86827304710472e-05, 0.00013981101231443362, 0.999772731171316], [0.0002444874490543299, 0.0020630200793789358, 0.9960605841784327, 0.0016319081931340533], [3.792658789304045e-05, 0.00011774926789407411, 5.966626905680534e-05, 0.999784657775156], [0.00045431340106688936, 0.007804734431248139, 0.9907409293449699, 0.0010000227227150436], [0.0005817643227715153, 0.9959434427743475, 0.0021115220285379986, 0.0013632707743429845], [0.0005673719641468692, 0.9943082457787235, 0.003969268923304129, 0.0011551132338255537], [1.8624022579469625e-05, 0.00018810842990163635, 0.00030055472443944455, 0.9994927127230794], [0.0001901452012504841, 0.003292093703997833, 0.9946566782674562, 0.0018610827272955294], [1.643480138978284e-05, 0.00012335982519950936, 0.00042714773366425794, 0.9994330575397464], [0.0002088854794798762, 0.006756181751945557, 0.9870731038164243, 0.005961828852150264], [0.00032562614847919983, 0.9937642758185652, 0.004356650816043633, 0.0015534471169119984], [0.0004286808925432839, 0.9952939442641292, 0.0027093407781414057, 0.0015680339651861076], [2.2648751520841466e-05, 6.815389221671165e-05, 5.2658920904302864e-05, 0.9998565383353581], [0.00026978352851631773, 0.0059510132430184715, 0.9929801117891759, 0.0007990913392893266], [1.3629856996008132e-05, 3.591395400612937e-05, 0.0001313464825144415, 0.9998191096064835], [0.00019044345545942893, 0.0018787707374996233, 0.9962335690961329, 0.0016972166109080233], [0.00036092877172914977, 0.98731219090051, 0.010465146270026149, 0.001861733957734625], [0.00043806855524565654, 0.9934806191704489, 0.003873997121057921, 0.002207315053247457], [0.9933504480450678, 0.006288354473262423, 0.00022549547675269582, 0.00013570190491710973], [0.9912762430304155, 0.008184294533744002, 0.0004171216149069735, 0.00012234072093347912], [0.9962350679250959, 0.0030022924092637272, 0.0005382609384687583, 0.00022437862717160855], [0.9962867395984171, 0.003171276415170281, 0.0003530265043575842, 0.00018895738205505593], [0.9955768977981126, 0.003562947177264229, 0.0006961038145124124, 0.0001640511101106468], [0.9958659520341301, 0.0036485637506951264, 0.00031880001443444946, 0.00016668410074028377]], "ideal": "D", "sampled": "D", "correct": true}}
{"type": "result", "data": {"idx": 2, "options": ["right action", "good consequences", "happiness", "a good will"], "probs": [[0.0010236313150926424, 0.0003510790827813698, 0.0002162574639477284, 0.9984090320381782], [0.0020192357647688367, 0.003984701617142149, 0.9902530966341889, 0.0037429658839001133], [0.00179529101025329, 0.00031943192153398883, 0.00016060192504204726, 0.9977246750431706], [0.0030653049259992135, 0.00559426628687162, 0.9858759352201467, 0.005464493466982418], [0.01172319111260322, 0.9838178633273507, 0.0021859299050957363, 0.002273015554950336], [0.009231053449412819, 0.9869521028067335, 0.0017078859695297479, 0.002108957674323918], [0.0007942982648598158, 0.004065933889455704, 0.0003871148889149763, 0.9947526528567695], [0.001528052852576764, 0.018615283152483213, 0.977337424212519, 0.002519239682420983], [0.00031641324791479897, 0.00020916907739665136, 0.0032712550684097686, 0.9962031625062787], [0.0007241600127254269, 0.002015274368198768, 0.9805204902347082, 0.01674007528436759], [0.0011982570152570392, 0.98427432859387, 0.012582346977087459, 0.0019450673137855175], [0.0017684548076513094, 0.9908344772024409, 0.0015979926347286634, 0.005799075255179141], [0.0003768292941833097, 0.0004510573329512311, 0.00010063770572478947, 0.9990714755671407], [0.0011399487412790833, 0.013565198238637034, 0.9811252671777346, 0.004169585742349232], [0.00020289774641920927, 0.00017493407514861245, 0.0024716421523771456, 0.997150525926055], [0.0005269523258547074, 0.0015980361538217595, 0.952617707434638, 0.045257303985685525], [0.0009000925410229105, 0.9717305999059701, 0.025292795101562727, 0.0020765123514442417], [0.001808883188876113, 0.9745251710107277, 0.002472597451258458, 0.021193348249137715], [0.9968202550100467, 0.002889261534613177, 0.00011833369163554634, 0.00017214966370454772], [0.9958389450853309, 0.0038840985114842208, 0.0001076399127405887, 0.0001693163904442464], [0.9963600064444107, 0.002266598075339131, 0.0010874855311389516, 0.0002859098491111726], [0.9940907087855294, 0.0022972371248410712, 0.00016384717845151166, 0.0034482068111780367], [0.9970037532791266, 0.0018082455846731896, 0.0008951218505181981, 0.00029287918568197214], [0.995184187450059, 0.001405759520048682, 0.00024239033627712525, 0.003167662593615205]], "ideal": "D", "sampled": "D", "correct": true}}
{"type": "result", "data": {"idx": 3, "options": ["found in everyday objects", "nonexistent", "everywhere in the natural world", "not of this world"], "probs": [[0.000541412766285663, 0.001361134069468213, 0.00378749749466898, 0.9943099555695771], [0.0006414528584844359, 0.004852006298378241, 0.9538833072966255, 0.040623233446511774], [0.00037925106946037353, 0.0005693425419829379, 0.001355085809095689, 0.997696320479461], [0.0005941132888259544, 0.0031620812240259633, 0.9934314679062133, 0.002812337480934795], [0.0017599353997055295, 0.9860483500556022, 0.0061432843649761575, 0.00604843007971604], [0.0011854817362074545, 0.989290873755535, 0.007376687965225956, 0.002146956443031567], [0.0001864027695235077, 0.000345548434404308, 0.0011329424841959813, 0.9983351062118762], [0.0002913660736575766, 0.00243959623924261, 0.9840816318545218, 0.013187405732578004], [0.00030488378472515485, 0.0007200673147105735, 0.000797000679078859, 0.9981780481214854], [0.0007752929207538992, 0.009154378850792316, 0.98619409990603, 0.0038762282224237806], [0.0023104096083676993, 0.9619732589723138, 0.025031793786680703, 0.010684537532637838], [0.001895221632079619, 0.9518147015891104, 0.04246116280537481, 0.0038289138734351113], [0.0003536782625907124, 0.00033226625514085295, 0.0011152239353736815, 0.9981988314468947], [0.0004426513927132735, 0.0018348529752550847, 0.9960122731917925, 0.0017102223402391393], [0.001172258376576602, 0.003137206668812409, 0.002295129411689086, 0.9933954054429219], [0.0032828641530571316, 0.032896390121634395, 0.953865710685501, 0.009955034939807508], [0.001478292336763518, 0.9912083524142487, 0.005323838178417425, 0.0019895169705703795], [0.0018386242337190299, 0.990565836820338, 0.005575938823520532, 0.0020196000224223824], [0.9827753733490323, 0.014464414377199784, 0.0011872950061475565, 0.0015729171676203623], [0.9912843850945232, 0.007110570662660188, 0.0011975800330123784, 0.00040746410980417824], [0.9887251494984574, 0.008099366616706792, 0.0020963583777462813, 0.0010791254070895999], [0.9860083318903726, 0.008464674855229967, 0.004937305808230378, 0.0005896873461669887], [0.9831095473471488, 0.015645761224121917, 0.0009250078753238674, 0.0003196834534054307], [0.970533258393029, 0.02796764519148483, 0.0009495406475383006, 0.0005495556679479642]], "ideal": "D", "sampled": "D", "correct": true}}
{"type": "result", "data": {"idx": 4, "options": ["one does not know that one\u2019s actions are wrong.", "one knows that one\u2019s actions are wrong, but does them anyway.", "one knows that one\u2019s feelings are inappropriate, and does not act on them.", "one does the right action, but for the wrong reason."], "probs": [[0.0009677165566969523, 0.9892470152079442, 0.005927874653645503, 0.003857393481713326], [0.0008456934096136739, 0.987296940531571, 0.008811941784296408, 0.003045424174518898], [0.0013505333230247908, 0.008469512418515061, 0.9865657268205944, 0.0036142273378656975], [0.002320705210500939, 0.005567479403372023, 0.17867596416560177, 0.8134358511205253], [0.0014416989512064944, 0.030111934810175406, 0.966429049151742, 0.002017316986876145], [0.00293603410539971, 0.39369551791688445, 0.03059222847699021, 0.5727762194007255], [0.7820841669254232, 0.18288205562193244, 0.011600395663412677, 0.023433381689231713], [0.6402423136693608, 0.26689105204195684, 0.08267850857349449, 0.010188125615187836], [0.8032528904439676, 0.10870795833491727, 0.060979403867095855, 0.027059747254019273], [0.6381530901998859, 0.14691001381824478, 0.17445864306217002, 0.040478252819699266], [0.13685695246847085, 0.8253800821733208, 0.03126100658607236, 0.0065019586721359775], [0.1377441381833293, 0.8307405089825369, 0.01938447675888416, 0.012130875975249596], [0.0016986023710044902, 0.01884162144784754, 0.9739336476689276, 0.00552612841222035], [0.0037816798346889044, 0.02951420696210897, 0.4269539472071919, 0.5397501658960102], [0.001607774474070282, 0.9737316067506284, 0.017284236311394034, 0.007376382363907297], [0.0013507843009546462, 0.9639233413570235, 0.024508487245759214, 0.010217386996262576], [0.0028960523071296543, 0.5184618212387454, 0.08731096200433162, 0.39133116434979337], [0.00139944405293152, 0.04491744890616194, 0.9454390908155533, 0.008244016125353177], [0.002881353683165894, 0.02910097836466656, 0.9636583201636667, 0.004359347688500817], [0.15354896165093337, 0.05224438444781089, 0.026474854259534376, 0.7677317995417213], [0.03732442371697236, 0.9257880172462927, 0.025853886427264283, 0.01103367250947072], [0.05671498421840328, 0.9011912731062937, 0.027640688483141152, 0.014453054092161919], [0.1939213282939635, 0.20643676892256466, 0.03848431645874404, 0.5611575862247278], [0.012789466714824931, 0.0880861824310351, 0.8896199671039143, 0.009504383650225648]], "ideal": "B", "sampled": "B", "correct": true}}
{"type": "result", "data": {"idx": 5, "options": ["are the result of applying arbitrarily stringent standards.", "are based on linguistic confusions.", "are logically self-refuting.", "grow from the consistent application of ordinary standards."], "probs": [[0.6715449885921685, 0.18649860103061833, 0.12230037912693231, 0.019656031150280924], [0.7268955175089254, 0.11148143657213395, 0.15476954118692537, 0.006853504632015158], [0.35113393762007034, 0.626018926045131, 0.01832172590352957, 0.004525410331269049], [0.4023432262581479, 0.5330570508415841, 0.06074632150945472, 0.0038534012908133567], [0.5980555759884696, 0.3861660583883816, 0.012806858674297213, 0.0029715068488515555], [0.6038816247353493, 0.36062105135191197, 0.02846646809723893, 0.00703085571549979], [0.17142780756716755, 0.7331673218240314, 0.08486461944680858, 0.010540251061992384], [0.12417734386197185, 0.5742362976149367, 0.29789428048168365, 0.0036920779414077883], [0.1405587669425485, 0.5062196348514759, 0.32680988917230336, 0.026411708933672163], [0.04779477781468497, 0.1518993256579131, 0.7958600482610158, 0.004445848166386236], [0.4206503911331866, 0.5154281007642667, 0.05782622858628576, 0.006095279416260908], [0.4054609265128993, 0.47406402534576686, 0.11436583920221863, 0.006109208839115212], [0.04011975984652662, 0.8645922564910183, 0.08041171751227325, 0.01487626605018179], [0.02512950097089431, 0.40559432250331157, 0.5630693896577201, 0.006206786768073949], [0.118831079550211, 0.18991115408809206, 0.6324301368455213, 0.05882762941617564], [0.025016852769136625, 0.06438819588213711, 0.9027840872559214, 0.007810863992804842], [0.0100873920946211, 0.959135096292176, 0.02345408825664388, 0.007323423256559079], [0.010184822944514489, 0.9533813914464428, 0.029701362425517186, 0.00673242308352547], [0.22220021815164473, 0.5414564093622976, 0.22925567966278151, 0.007087692723276138], [0.09999586845671025, 0.21504205903768106, 0.6727357047870299, 0.012226367618578758], [0.1540503653619063, 0.7123860729376602, 0.12186753026270274, 0.011696031337730783], [0.10349028139147663, 0.64399941808249, 0.2406225429431813, 0.01188775748285215], [0.06076396797408599, 0.8723112051404388, 0.06076499987946396, 0.006159826906011277], [0.05446605679942828, 0.8860089047747454, 0.05237978264574427, 0.007145255680082046]], "ideal": "D", "sampled": "A", "correct": false}}
{"type": "result", "data": {"idx": 6, "options": ["enter a particular society.", "set up a particular form of government.", "establish the principles of justice for the basic structure of society.", "establish the content of morality."], "probs": [[0.0014030370443071552, 0.0035273252413698356, 0.9933772450383436, 0.001692392575979455], [0.0002233119855701998, 0.00014198524689848385, 0.0003326266552615211, 0.9993020760122698], [0.0008803948044436761, 0.9965163186414323, 0.0012711946258796097, 0.0013320918282444388], [0.0011128680004678887, 0.9964893957650479, 0.0011848933401536158, 0.0012128427943305794], [0.0003680441074060592, 0.0003028141035857145, 0.00038271395047189386, 0.9989464277385364], [0.0007877334829207475, 0.00381734101225111, 0.9942397932480592, 0.0011551321567689185], [0.0009419390643519831, 0.004059843265576521, 0.993345079525833, 0.0016531380442385173], [0.00014991874696418492, 0.00015472029637430456, 0.00044756435890716485, 0.9992477964977543], [0.001471754083620029, 0.9946576389183828, 0.001980715328124793, 0.001889891569872391], [0.0015289469621146635, 0.9937692151217442, 0.0019330853560294116, 0.0027687524601117375], [0.0001984697003680744, 0.00019241039885702766, 0.001056250491738776, 0.9985528693090361], [0.0007284635591467294, 0.0024452697361563762, 0.9941616575851157, 0.002664609019581224], [0.9964675180627521, 0.0027774368789820997, 0.0002686338101863227, 0.00048641114807942607], [0.9966007630489329, 0.002777767578223531, 0.00024847653249665855, 0.00037299274034691837], [0.9967555422922428, 0.0022150069590308845, 0.00036442012861877173, 0.0006650305201075211], [0.9971107327323426, 0.0019707775344964193, 0.0003267829233924043, 0.0005917067097685936], [0.9960181997983668, 0.00300166630121831, 0.0004824204801742599, 0.0004977133202406292], [0.9967144244883867, 0.002321186363014099, 0.0003396716910250898, 0.0006247173575742041], [0.00035944108934074883, 0.00035394107621373875, 0.000561080093925269, 0.9987255376405202], [0.0010836472485996546, 0.004818854898428248, 0.9928599455909047, 0.001237552162067379], [0.00026926691931752466, 0.000182236455485163, 0.0006115562797756799, 0.9989369402454217], [0.0012578865274700843, 0.0029708058138779663, 0.9935463338969945, 0.002224973661657397], [0.0012704030965139583, 0.995911167412666, 0.001606126972224899, 0.0012123024185950637], [0.0011032788904217655, 0.9955319101100312, 0.0014732435432906821, 0.001891567356256369]], "ideal": "C", "sampled": "C", "correct": true}}
{"type": "result", "data": {"idx": 7, "options": ["modest changes to our personal habits, but not to our society as a whole.", "modest changes to our personal habits, as well as to society.", "drastic changes to our personal habits, but not to our society.", "drastic changes to both our personal habits and to our society."], "probs": [[0.0014427848304083288, 0.6293407931141449, 0.2243449416493364, 0.1448714803061103], [0.0015013702528720908, 0.1531431588337313, 0.8408381463344238, 0.0045173244789728515], [0.0015050944394314437, 0.01394991274561957, 0.9777996976913323, 0.006745295023616616], [0.001275743482887397, 0.009575584036849218, 0.9842582411628409, 0.004890431217422545], [0.0013771394942210808, 0.916039760942742, 0.07401450955050402, 0.008568589912532903], [0.001191565744616782, 0.919415337511312, 0.058763130398865555, 0.020629966245205654], [0.6390031169908934, 0.08252522594476691, 0.04701855918350193, 0.23145309778083772], [0.33444183158248336, 0.05209829144510956, 0.6055941417559466, 0.007865735116460458], [0.6948940935099165, 0.08171024430708103, 0.11343997784672388, 0.10995568423627858], [0.0033544866918294447, 0.010660856693063088, 0.9823575367879743, 0.003627119727133129], [0.2613529900873655, 0.7217580190221864, 0.010293997981348687, 0.006594992809099378], [0.06042884004317087, 0.9163673055407582, 0.015399271843056409, 0.007804582473014497], [0.001128886700477374, 0.017385192070007046, 0.9715806760572817, 0.009905245072233847], [0.0026355035697202137, 0.021725735868320054, 0.9680127193998805, 0.00762604106207915], [0.0009231869338322322, 0.9075590232243297, 0.07162540295623869, 0.01989238678559937], [0.0026381507637280497, 0.0777053850298614, 0.9174521173539946, 0.002204346752416], [0.0008628081494919484, 0.9840217257281664, 0.008058465549252228, 0.007057000473089498], [0.0010583319847956884, 0.9851251326970348, 0.01111388055404516, 0.002702654664124339], [0.9404158819481326, 0.03762412296211997, 0.017359850247411327, 0.00460014474233611], [0.9297177307182017, 0.03748901605916383, 0.01143275866973985, 0.02136049445289454], [0.9692933840798007, 0.025038044086880543, 0.0027015003430031163, 0.0029670713903155945], [0.9708944353941767, 0.024307872956752036, 0.002483121380188628, 0.0023145701688826225], [0.9382917622287242, 0.04528203854273794, 0.006322433532038093, 0.010103765596499696], [0.9391924147528289, 0.04603817769091548, 0.011106620774707322, 0.0036627866815483294]], "ideal": "D", "sampled": "D", "correct": true}}
{"type": "result", "data": {"idx": 8, "options": ["knowledge", "wealth", "community", "courage"], "probs": [[0.9982765836025655, 0.0011420238891237764, 0.000256793004774289, 0.0003245994035363435], [0.9985088876346245, 0.0010647415893682553, 0.0002777220970355821, 0.00014864857897160544], [0.9973823706003454, 0.002216579586766741, 0.00013841291123247156, 0.00026263680165531424], [0.9969813967144269, 0.0025701901919177694, 0.00030455833697302795, 0.0001438546566823149], [0.9970740212078397, 0.0026521322203397293, 0.00012307136948415103, 0.00015077510233641697], [0.9967866296517924, 0.0028443748975780334, 0.00022628773120160242, 0.00014270761942790857], [0.00041032296428158044, 0.9305237865143546, 0.015757572314516462, 0.05330831810684731], [0.00041135781019936295, 0.9255382840550376, 0.037892165812231274, 0.03615819222253176], [0.0001234114842180508, 0.0017571613543095718, 0.9029492798523332, 0.09517014720913917], [2.9995486145517095e-05, 9.026161153834215e-05, 0.000461845886525456, 0.9994178969157906], [8.973573462474078e-05, 0.001963516843488736, 0.9779641792838496, 0.01998256803803688], [3.2949526786947606e-05, 9.0990014161399e-05, 0.00022690677213978676, 0.9996491535869119], [0.0010850344359907046, 0.9944347563416392, 0.0020915739799821378, 0.0023886351423878537], [0.001131426101590267, 0.9893912289044234, 0.007611906319119047, 0.0018654385748672923], [0.0012528549891268185, 0.0013976658761075025, 0.8395978532110907, 0.1577516258236749], [4.646857556621806e-05, 4.909334449063638e-05, 0.00022339884523504383, 0.9996810391347081], [0.0002701539370182245, 0.003817358531755645, 0.9942187112124627, 0.0016937762187633945], [8.47894580970932e-05, 0.0002632603660420984, 0.0001071772166202343, 0.9995447728592406], [0.002259714111961162, 0.9936385368885517, 0.0019788120834109443, 0.002122936816076126], [0.0022933965591046645, 0.9927862690598417, 0.0034161908168624583, 0.0015041434641911474], [0.0007790028741615673, 0.001304540964535503, 0.975334605842258, 0.022581850219044946], [0.0001014781521791926, 7.904969424191258e-05, 0.0002845765942476725, 0.9995348954593313], [0.00116390564935034, 0.0030904120899633387, 0.9939004977709317, 0.0018451843897546432], [0.0006067757571312873, 0.0003768165235923978, 0.0001969842148655231, 0.9988194234044108]], "ideal": "A", "sampled": "A", "correct": true}}
{"type": "result", "data": {"idx": 9, "options": ["perform the action that leads to the greatest total happiness.", "act only on maxims that we can will to become universal laws.", "behave only in such a way as a perfectly virtuous person would behave.", "place the interests of others above the interests of ourselves."], "probs": [[0.001021224288010194, 0.9730008660617822, 0.020192280038291904, 0.005785629511915697], [0.0010530355226195335, 0.9724499865292069, 0.02114918330557747, 0.005347794542596084], [0.0007171244082012961, 0.02301592477242626, 0.9485045476950645, 0.02776240302430794], [0.0004872922651130745, 0.006124771004436707, 0.07008923899133923, 0.923298697639111], [0.000647820542513756, 0.006697833643428979, 0.9862632906628556, 0.006391055051201676], [0.0005234532587737728, 0.00178476855672053, 0.02123697731335073, 0.976454800771155], [0.9847272390422629, 0.0070633267545580705, 0.004024534608538218, 0.0041848994946408515], [0.9862936721668968, 0.006750599529638831, 0.0038164067051869558, 0.003139321498277475], [0.9896177638419658, 0.008429750706571391, 0.000802693499915747, 0.0011497918515471438], [0.9812390938102424, 0.013149201117957785, 0.004688473016630445, 0.0009232319551692717], [0.9843133599718117, 0.012784929674296477, 0.0010014067454920607, 0.0019003035083998004], [0.9865744264540686, 0.010458523567246891, 0.0021414463735222157, 0.0008256035051623446], [0.001738347860881317, 0.0036515233558846094, 0.9812538244717397, 0.013356304211494318], [0.0013128963080243652, 0.0005872194581907806, 0.00856084890732854, 0.9895390352264564], [0.0037044886944744538, 0.9878710999572947, 0.004719685997810614, 0.003704725250420169], [0.0027480497544036565, 0.9784080239389239, 0.01683329951843223, 0.002010626688240174], [0.003547464492579528, 0.003660341028709009, 0.0014333140327818055, 0.9913588803459297], [0.0037240203530524182, 0.022458772581181667, 0.9699749123737932, 0.0038422945919726714], [0.0025935478589727856, 0.0043434552832946486, 0.9828851430258718, 0.010177853731860717], [0.002131797457708946, 0.0008092209784371357, 0.00715543264917285, 0.989903548814681], [0.0061423302775426725, 0.9857922515309299, 0.004673000942508831, 0.0033924171490186013], [0.005364807806482527, 0.9832612309434011, 0.009415549258047084, 0.001958411892069282], [0.006703354258632763, 0.004396538916516955, 0.001735087446914862, 0.9871650192779354], [0.005239854017985906, 0.022761037372329724, 0.9677887073415313, 0.004210401168153065]], "ideal": "B", "sampled": "B", "correct": true}}
{"type": "result", "data": {"idx": 10, "options": ["maximizing the utility of all sentient beings.", "God\u2019s commands.", "the agreement of rational persons choosing the terms of their interaction.", "the purposive order of nature."], "probs": [[0.0028039049236861626, 0.016778420584924087, 0.9750967579962354, 0.00532091639515436], [0.0016768981502873572, 0.0022745916182972713, 0.0039912856462800865, 0.9920572244851353], [0.0026076952802776584, 0.9883723808005568, 0.004948940570209091, 0.004070983248956469], [0.0030419953592951835, 0.9862093769313364, 0.0067495841749527575, 0.003999043434415656], [0.0026960973625169216, 0.004480697679816642, 0.0024357652289219776, 0.9903874396287444], [0.004344089464420915, 0.025591569269042092, 0.960274705644488, 0.009789635522048938], [0.004650571937521336, 0.04412429863569356, 0.9433756053800748, 0.007849523946710308], [0.003056283619926484, 0.012669474040737103, 0.008843277038638476, 0.9754309652006979], [0.0028188565618107605, 0.9881709606014651, 0.006402789480285479, 0.0026073932564386025], [0.002761898762070792, 0.9834607125774749, 0.009565437098046388, 0.004211951462407935], [0.0029927099581679947, 0.029759251499827707, 0.012116358989447311, 0.955131679452557], [0.0026791388347445623, 0.052978615598016324, 0.9390139535924482, 0.005328291874790881], [0.9871627759428006, 0.009985924167307179, 0.0009003176340695694, 0.001950982155822713], [0.9870506410293882, 0.00998479209408731, 0.0009360961740047646, 0.00202847060251969], [0.9853205001520157, 0.011652730759676372, 0.0011096350809375588, 0.001917133907370435], [0.9856575899226488, 0.011298189819799982, 0.0010186245992783794, 0.002025595558272797], [0.9839526664344375, 0.012387192941211987, 0.0014565903780945912, 0.002203550146255959], [0.9817246741217718, 0.014225155172937863, 0.0012925622974626434, 0.0027576083078277047], [0.005036559848502017, 0.0030080836953489446, 0.0016352455353701172, 0.9903201108207789], [0.009042806092223812, 0.023273270834964048, 0.9591221915618343, 0.008561731410977866], [0.0034857383190112896, 0.0027795580363014567, 0.004270825843883802, 0.9894638777008035], [0.0037579730285629055, 0.013219916247644405, 0.9788296399303268, 0.004192470693465842], [0.004744644120560812, 0.9854308638328241, 0.006485752082132582, 0.0033387398644824746], [0.0048223332364753495, 0.9860453743280415, 0.005133821545312631, 0.003998470790170441]], "ideal": "C", "sampled": "C", "correct": true}}
{"type": "result", "data": {"idx": 11, "options": ["religion.", "physics.", "psychology.", "art."], "probs": [[0.03709643402876843, 0.1586572259255767, 0.7931082991669016, 0.011138040778753234], [0.011396369816086768, 0.027558831302774752, 0.004825192003783732, 0.9562196067773547], [0.1016306557714918, 0.8781261855250901, 0.014641839702601033, 0.005601318900816969], [0.07869887104544138, 0.8596522755586079, 0.017153539848140314, 0.0444953134478104], [0.0014860124095878778, 0.00565299320944776, 0.004505660286236654, 0.9883553339947277], [0.014447559423290223, 0.07872019372869128, 0.8729821897980449, 0.03385005694997363], [0.007158193336557405, 0.1239521285049273, 0.8602558488885684, 0.008633829169946908], [0.0014329309871251865, 0.012975490076719772, 0.002236577117370848, 0.9833550017187842], [0.006481298389709776, 0.9546604368922716, 0.034225662069153916, 0.004632602548864707], [0.004256174873353273, 0.9635759074363153, 0.006696100969765793, 0.025471816620565694], [0.0003292100758332451, 0.0015955972835695923, 0.06175134172098346, 0.9363238508196137], [0.0008867786758077921, 0.005966444826632778, 0.9571744576911531, 0.035972318706406346], [0.7162920974336807, 0.2761947039413303, 0.005469407539342544, 0.0020437909856464366], [0.6713155023861649, 0.2979494382916929, 0.007400231559210992, 0.02333482766293114], [0.8159744670322306, 0.15575051175572147, 0.02483427130973432, 0.0034407498023135627], [0.8471578240410144, 0.10941986585683482, 0.004411312689405538, 0.03901099731274533], [0.5865920431866538, 0.08320559064476571, 0.2643880388241048, 0.06581432724447576], [0.8042592423622508, 0.05827013102536466, 0.02160105087698137, 0.1158695756354032], [0.0007626978440138082, 0.3800266439335945, 0.012116301977768943, 0.6070943561446228], [0.002828781616547143, 0.7662759161858724, 0.2127358708304759, 0.0181594312671045], [0.0005953269386741642, 0.021995674664196933, 0.16503077629475255, 0.8123782220023763], [0.0008648079557352545, 0.019684966055792705, 0.5841635288223264, 0.3952866970661457], [0.003729578239213221, 0.5623116691666336, 0.4243604690582794, 0.009598283435873838], [0.003142060740928381, 0.8122922256921447, 0.022150878067249757, 0.16241483539967722]], "ideal": "C", "sampled": "C", "correct": true}}
{"type": "result", "data": {"idx": 12, "options": ["duty.", "justice.", "virtue.", "supererogation."], "probs": [[0.07110934650850474, 0.8731375270720081, 0.026568837263245597, 0.02918428905624156], [0.09992420802657458, 0.8498475065516433, 0.04100567155487505, 0.009222613766907082], [0.10226507483890221, 0.3682607113946772, 0.48783358926663106, 0.04164062439978949], [0.08128186503734351, 0.46772886406909636, 0.4393709999854657, 0.01161827080809443], [0.24666188726809174, 0.3267649916791667, 0.3820042553686276, 0.04456886558411393], [0.35265538791151474, 0.3813151518500909, 0.038345698537864625, 0.22768376160052972], [0.6504942359821692, 0.2932050309746231, 0.029028984594859718, 0.027271748348347998], [0.48426212370959343, 0.44092040164539287, 0.06351734856605751, 0.011300125978956172], [0.7042712529178261, 0.20177763585715414, 0.06348790192255344, 0.03046320920246633], [0.373955973363286, 0.37983576308495715, 0.23399834855537394, 0.012209914896382883], [0.7391880346628793, 0.2185044196384605, 0.023946576442507, 0.018360969156153168], [0.6828575867795688, 0.2551660664385603, 0.029536085082432686, 0.03244026159943819], [0.05351324684178049, 0.6519083609707085, 0.23979848677930052, 0.054779905308210454], [0.07561336399238332, 0.6330786270658115, 0.2809138297528592, 0.010394179088945982], [0.032032349167015146, 0.8523512735811251, 0.07217473006047463, 0.043441647091385156], [0.03735927227337474, 0.7445182418451863, 0.206728449451164, 0.011394036330274958], [0.10535311580755488, 0.7312925297060981, 0.09742706848762113, 0.06592728589872589], [0.06764908474477642, 0.6368395409741952, 0.2696334556967532, 0.02587791848427521], [0.10052208339291456, 0.4871123603624763, 0.3853114742505422, 0.027054081894066925], [0.24992886648675558, 0.6185876245660076, 0.03954166619720642, 0.09194184265003043], [0.0168140524305706, 0.9325192818409765, 0.034496764295199295, 0.016169901333253568], [0.014198672217654593, 0.9278634924150708, 0.04012883771829531, 0.017808997548979303], [0.1897714967733764, 0.462400606037657, 0.25534455127000905, 0.09248334581895756], [0.18722079318205648, 0.4780857549478805, 0.29452018702185534, 0.04017326474820764]], "ideal": "B", "sampled": "B", "correct": true}}
{"type": "result", "data": {"idx": 13, "options": ["one and the same thing", "both nonexistent", "two distinct things", "imaginary"], "probs": [[0.9976389232612898, 0.0014768246068664035, 0.0007425320087695419, 0.00014172002307428396], [0.9974861449181203, 0.0018376297711039929, 0.00037625273752788673, 0.00029997247324781737], [0.9977379722072046, 0.0020506046186256066, 0.00015325369787107075, 5.816937629871033e-05], [0.996292438582198, 0.003297793765997924, 0.00031399995451845644, 9.576759728566226e-05], [0.9970390847919903, 0.0022859362567629734, 0.00035330019707039177, 0.00032167865417632633], [0.9960817795728256, 0.002886978765910858, 0.00084668748762736, 0.00018455407363612134], [0.002161838337312585, 0.9883913949122775, 0.008960518014128702, 0.0004862486362812188], [0.00445716947265777, 0.9932761926672754, 0.0012872845971045102, 0.000979353162962273], [0.0010499761471741444, 0.00590261267276447, 0.9925957884032931, 0.0004516226767682833], [0.0008312569813128985, 0.004936141961443803, 0.0007870119988652757, 0.993445588958378], [0.0010530907389857107, 0.002467930431713884, 0.9955275178629167, 0.0009514608663837129], [0.0006240981545223985, 0.00041255988945763743, 0.0031202283724606214, 0.9958431134835594], [0.0012431678513768279, 0.9975716112998693, 0.0007719900983194436, 0.00041323065043449066], [0.0016977271617371152, 0.9967215336137516, 0.0010708985854709046, 0.0005098405390404182], [0.001529567665805915, 0.004093747337783556, 0.9938095205423159, 0.0005671643540946936], [0.0016970181100894111, 0.0008337102825810696, 0.001271013278375439, 0.9961982582289541], [0.0015751833175425228, 0.005853027394333497, 0.99196444879435, 0.0006073403937739746], [0.003213984439049299, 0.0016939484242814234, 0.0008718409942471849, 0.9942202260424221], [0.002391318263051668, 0.9955042938981982, 0.0014505458154550396, 0.0006538419232950974], [0.0018301126367960903, 0.9936497114162337, 0.00409216010661476, 0.00042801574035547984], [0.0010264266890648186, 0.004529170241229945, 0.9932992661918035, 0.001145136777901734], [0.0010415438529982279, 0.001730908866798626, 0.004815870272530225, 0.992411676907673], [0.001840105851033453, 0.006373197266729456, 0.991170281033001, 0.0006164157492361129], [0.0015739933833406605, 0.005987656861915058, 0.0011696993788826108, 0.9912686502758616]], "ideal": "A", "sampled": "A", "correct": true}}
{"type": "result", "data": {"idx": 14, "options": ["rational", "artificial", "constitutional", "fair"], "probs": [[0.00017659055655467828, 0.00024520372250451286, 0.0006459330134967773, 0.998932272607444], [0.001332568197112119, 0.008291662936428471, 0.9887808796749119, 0.0015948890915475045], [0.00018650522386019812, 0.00021469560015734943, 0.0007205462556424321, 0.99887825282034], [0.0012313925309771004, 0.008349607002663222, 0.9879508893032818, 0.0024681110630779173], [0.0021979873573191623, 0.9893517158026609, 0.005398110022251135, 0.0030521867177687946], [0.0022878802642407625, 0.9903581053812607, 0.004274763128655731, 0.003079251125842782], [0.0004260178433859556, 0.0014079275456978211, 0.00139682117426485, 0.9967692333366514], [0.0028972483163177444, 0.0989903863608495, 0.8961519431143418, 0.0019604221084910064], [0.00032105913652263234, 0.0007235810073184728, 0.0037907621299131723, 0.9951645976262457], [0.0018975938473126289, 0.011993198873610993, 0.9829561125775834, 0.0031530946014930103], [0.001684686171213293, 0.9890529526186926, 0.006611514379463499, 0.002650846730630507], [0.0018081313214719657, 0.9894819677816286, 0.005657545779706792, 0.003052355017192642], [0.0002468287531809178, 0.0005606535957603692, 0.0013343060290087825, 0.9978582115220499], [0.0017731789083178392, 0.0394217341978995, 0.9550805558062938, 0.0037245309874888565], [0.00022081223566056617, 0.0006145117340381574, 0.003321603935691274, 0.99584307199461], [0.0014653872308244907, 0.012858300013222523, 0.9822957878380868, 0.0033805248178661617], [0.001701631818970467, 0.9834832642455122, 0.011009819646070697, 0.003805284189446556], [0.0017982536289577725, 0.9840352527741549, 0.00995211614722364, 0.004214377349663688], [0.9910234449129116, 0.007053793617548773, 0.0013253567259148213, 0.0005974046436247869], [0.9917500497219576, 0.006528557127311735, 0.0010169611104257985, 0.0007044319403048317], [0.9884192378756931, 0.009247334703218887, 0.0017648913254846034, 0.0005685359956033807], [0.9885454669340693, 0.0091051225518712, 0.0016581696515600632, 0.0006912407624994591], [0.9904958902172203, 0.0069950663231160845, 0.0015246553350943839, 0.0009843880245692467], [0.9897456369326179, 0.007099830765282599, 0.002131714039120683, 0.0010228181629788346]], "ideal": "D", "sampled": "D", "correct": true}}
{"type": "result", "data": {"idx": 15, "options": ["a mind", "absolute existence", "material substance", "a material universe"], "probs": [[0.9924012776340574, 0.004489661624088759, 0.0014575305625674831, 0.0016515300792863828], [0.9916542058662154, 0.00481320464058754, 0.001526349347726253, 0.0020062400454707984], [0.9230177789914695, 0.07459948306618097, 0.0009841204461446677, 0.0013986173962048237], [0.9428931698776047, 0.054038928552579954, 0.002030748793839303, 0.0010371526759759859], [0.9591607125769532, 0.03778262915424116, 0.0012050000126217395, 0.001851658156183824], [0.9626867955103958, 0.03399277170882651, 0.0019175848358723225, 0.0014028478449053198], [0.0014618974298798784, 0.9801545195053917, 0.011408776342824846, 0.006974806621903639], [0.0015235875790546582, 0.98243074522517, 0.010250127451494293, 0.005795539644281042], [0.0020097453573531313, 0.027743582205186298, 0.9404830478402029, 0.02976362449725772], [0.0028364963245759937, 0.06064854039205045, 0.0025426254277435465, 0.93397233775563], [0.0012961314641726225, 0.005674476014735689, 0.984511569621665, 0.008517822799426674], [0.0012718794669577156, 0.0013123101605737905, 0.0006055135983914344, 0.9968102966740771], [0.0038676906505679446, 0.9842963132910161, 0.004022168891842533, 0.007813827066573404], [0.0034849181303914694, 0.9817284011461579, 0.006360252557484744, 0.008426428065965908], [0.0074423767085809245, 0.005319020006913612, 0.9671657248141212, 0.020072878370384246], [0.11225486801768746, 0.014050841650680566, 0.004421203963313972, 0.869273086268318], [0.00829958693806812, 0.014912107319051295, 0.9518164583614491, 0.024971847281431495], [0.038867562148795394, 0.01620302282492609, 0.0032407483146352054, 0.9416886666116433], [0.0027722483099698026, 0.9796241606787962, 0.006808238111608448, 0.010795352799625582], [0.0023673591033019016, 0.9780322472870653, 0.007291999341359457, 0.01230839416827332], [0.0022849416161447303, 0.005835117017954828, 0.9812318793398807, 0.010648061926019742], [0.004913121210773619, 0.004951855849666077, 0.0012229933006217399, 0.9889120295389385], [0.003919471869141528, 0.01125363733015397, 0.9665618801516255, 0.01826501054907899], [0.002601952967841693, 0.002663764613749606, 0.0008922256451576118, 0.9938420566732511]], "ideal": "A", "sampled": "A", "correct": true}}
