{"type": "result", "data": {"idx": 0, "options": ["Media release", "Media tour", "Press room", "Promotional days/weeks"], "probs": [[0.0010327578518790007, 0.9851493165841921, 0.007633087637758946, 0.006184837826169889], [0.0008684036645236192, 0.983669840881972, 0.010096418911840455, 0.0053653364416640075], [0.0015497908809854752, 0.012681606531722293, 0.976047074662647, 0.009721527824645294], [0.0003975763479110315, 0.0007606967258843065, 0.0007544644310392513, 0.9980872623951654], [0.0014298871316046939, 0.010908225493011969, 0.9814476914461465, 0.006214195829236791], [0.00038230158953550216, 0.0009032921713718933, 0.0007031623220002972, 0.9980112438170923], [0.9888566433261973, 0.008361526511980003, 0.0012826545474457882, 0.001499175514376927], [0.9903970093469601, 0.00657314922128273, 0.001755630539334642, 0.001274210792422498], [0.9882354369384935, 0.008225396466210221, 0.0016454947562522118, 0.0018936717390440983], [0.9867045127375703, 0.008472684217411182, 0.002298568012271503, 0.002524234932746961], [0.989431141549086, 0.008045681703993054, 0.0015844747357609272, 0.0009387019111600429], [0.9892959714134881, 0.008107048068757314, 0.0013340677190437071, 0.0012629126987108287], [0.0015418803014958047, 0.012226697000751291, 0.9786403133757857, 0.007591109221967173], [0.00031954794616747385, 0.000578874480136984, 0.0007847092223109438, 0.9983168682513845], [0.0010189619018688525, 0.9792636732261188, 0.011570748059112419, 0.008146616712899922], [0.0010062514002606897, 0.9746300252641797, 0.017152539812917787, 0.007211183422641734], [0.00034817261131482764, 0.0008290524012178138, 0.0005969211840835291, 0.9982258537033838], [0.0014525611797833484, 0.010570524789501087, 0.9814136846941094, 0.0065632292366062175], [0.0020340458456415437, 0.01625988145414598, 0.9747129512896818, 0.006993121310530585], [0.0007304153951613171, 0.0013976839768577315, 0.0007536707525667852, 0.9971182297754142], [0.0008980105969470755, 0.9861201333236117, 0.008792525280167445, 0.004189330699273789], [0.0010111159295575288, 0.987556710399464, 0.0067517444666748035, 0.004680429104303626], [0.0005736753574826758, 0.001141420750943748, 0.000601258805503382, 0.9976836449860702], [0.0015636079485721215, 0.013200032478971481, 0.9771043531013897, 0.008132006371066744]], "ideal": "B", "sampled": "B", "correct": true}}
{"type": "result", "data": {"idx": 1, "options": ["Quickly investigate to make certain your product is definitely the cause of the illness.", "Stop all sales of the product throughout the nation and issue a recall for that product.", "Stop sales of the product in the Albany, New York, market and issue a recall for that product.", "Issue a press release to the Albany, New York, market explaining how to treat the symptoms."], "probs": [[0.002143484953812481, 0.23277716810855698, 0.7631275105071165, 0.00195183633051402], [0.0023791788626840835, 0.10771699369237862, 0.0020349976821829453, 0.8878688296627544], [0.001899529980832703, 0.7970187806124168, 0.19833918269419368, 0.0027425066125567796], [0.002508237915839189, 0.9583757652382496, 0.007089774197738414, 0.03202622254817272], [0.0011927592608563374, 0.002752409093106162, 0.459136010773909, 0.5369188207721285], [0.001591634242929661, 0.00930501405228759, 0.9269903412068257, 0.06211301039795707], [0.1812220483326342, 0.0410780456206267, 0.7750325627341603, 0.0026673432125787996], [0.1404364623200538, 0.010096113540147283, 0.002270119598017794, 0.8471973044417811], [0.4086384375649329, 0.5675693429955802, 0.02200015554870095, 0.0017920637907859979], [0.32264741350517945, 0.6623778157472082, 0.008532961591235299, 0.00644180905637708], [0.028661258328979568, 0.002466221323676074, 0.004499772533791543, 0.9643727477135529], [0.1408302355152571, 0.02372402355967926, 0.8232341515243836, 0.012211589300680012], [0.8240881266602996, 0.035100327221601245, 0.1388004174763456, 0.0020111285417534893], [0.9516230525973753, 0.01757100728701552, 0.0025112379027825756, 0.02829470211282655], [0.8501292528875728, 0.13666743671275386, 0.012126924639238356, 0.0010763856604350172], [0.8445606213147329, 0.14912813869160524, 0.0031925646983775595, 0.0031186751952842953], [0.8939865796781111, 0.010656735602313432, 0.030591286790485294, 0.06476539782909017], [0.7182822635499496, 0.01841112736846465, 0.25214120085628045, 0.011165408125305264], [0.0008742616071208667, 0.006262295480384055, 0.6640548282912487, 0.3288086145212464], [0.0010842212942937743, 0.013952812181776419, 0.9479147197075162, 0.03704824671641368], [0.0015037323773852336, 0.3430952335106969, 0.02445596974011709, 0.6309450642718009], [0.0015226650423572296, 0.26633545055451235, 0.7237797998916603, 0.00836208441147012], [0.0015656934144269766, 0.863714820153994, 0.06708865377018952, 0.06763083256138945], [0.0014247514728611113, 0.5840496998644682, 0.40121602886632796, 0.013309519696342724]], "ideal": "B", "sampled": "C", "correct": false}}
{"type": "result", "data": {"idx": 2, "options": ["community relations", "consumer relations", "employee relations", "public issues"], "probs": [[0.001903864510542677, 0.9340730091071496, 0.03400344694616528, 0.030019679336142427], [0.0018672381689145729, 0.9525881846195461, 0.019152291332544272, 0.026392285778995085], [0.00333140736480888, 0.009640844066681415, 0.9833109847168492, 0.0037167637516605273], [0.0005143772882897366, 0.000472160171544429, 0.001159170478404385, 0.9978542919617615], [0.0012247583586527248, 0.010336837868572278, 0.9749579276732685, 0.013480475999506502], [0.0004233173930790574, 0.0006507254963653002, 0.0005923327938083653, 0.9983336242167473], [0.905986749516139, 0.048023035684463596, 0.03431463848872673, 0.011675576210670701], [0.9463723981834807, 0.03341679094195182, 0.009278109726378141, 0.010932701048189261], [0.727308028050536, 0.024313045436757573, 0.23984499049912852, 0.00853393591357797], [0.9058626073881108, 0.016988353390692455, 0.014528303985208395, 0.06262073513598837], [0.9143982009323324, 0.02325558495410086, 0.048461236461016945, 0.01388497755254983], [0.9271293773751936, 0.016207200402459303, 0.005961160491356694, 0.050702261630990356], [0.001890730813317907, 0.014757556833984154, 0.9794414657025616, 0.003910246550136247], [0.00023931263489477414, 0.0008354690679601846, 0.0006711568351713001, 0.9982540613619737], [0.0012028086237042795, 0.9504004492737078, 0.041739275449686926, 0.006657466552901024], [0.0011050517304386947, 0.9665736642855296, 0.009772034449715234, 0.022549249434316507], [9.737209783611847e-05, 0.0004132447117193477, 0.002065494071128642, 0.9974238890193159], [0.0006017257235353917, 0.006222238427906639, 0.967589100456225, 0.025586935292332885], [0.0010159896109164872, 0.008847136358560676, 0.9755518776163891, 0.014584996314133805], [0.00040090299982817383, 0.0005789396896497851, 0.00039778595044055504, 0.9986223712600815], [0.0008542597431910994, 0.9225164423807684, 0.03546713204917446, 0.041162165726866096], [0.001170299187344509, 0.8486983926683545, 0.011633187853157595, 0.13849812019114346], [0.00019517946422054855, 0.00022471088738560497, 0.0020496155533110175, 0.9975304939950829], [0.0012939153653580202, 0.0043101540284580684, 0.9752312018915655, 0.019164728614618386]], "ideal": "B", "sampled": "B", "correct": true}}
{"type": "result", "data": {"idx": 3, "options": ["1917", "1922", "1925", "1927"], "probs": [[0.005818410594086337, 0.5663028920683992, 0.3488058059292412, 0.07907289130827329], [0.0067630906497004595, 0.4595244710428744, 0.38683874960293035, 0.1468736886044947], [0.0067667008934462584, 0.41862557835144476, 0.5374517632966717, 0.03715595735843737], [0.006845359501464407, 0.42346741480320976, 0.4300370390158485, 0.1396501865794773], [0.008316297238164572, 0.5392275552513562, 0.38227710836054335, 0.07017903904993586], [0.007914361348921747, 0.541990867015804, 0.34983808076590717, 0.10025669076936701], [0.12274405953428852, 0.5902212547400321, 0.24988388732739822, 0.03715079829828113], [0.11966447231707164, 0.4883391442532938, 0.33038760459053246, 0.061608778739102144], [0.10147333219730392, 0.4076595932408279, 0.42056936334762407, 0.0702977111142441], [0.11474200678935637, 0.4573842124894108, 0.34521729779419125, 0.08265648282704155], [0.052843929497936364, 0.5133025397110288, 0.29241226684596816, 0.14144126384506667], [0.05593772607064807, 0.45396608173550446, 0.4399482008340129, 0.05014799125983452], [0.06825441866430569, 0.516332149453982, 0.37771365042724026, 0.03769978135447206], [0.07690710974721267, 0.5015263222452467, 0.34464721685576993, 0.07691935105177063], [0.06462608469752179, 0.745557807178978, 0.13787694684905732, 0.05193916117444283], [0.0738206356690019, 0.7227622269861345, 0.1538459509457284, 0.04957118629913529], [0.05166238944489579, 0.4979039692296201, 0.28363842847531445, 0.16679521275016962], [0.04865282682862077, 0.4073762817389636, 0.5069537067846321, 0.03701718454778345], [0.07983421505304938, 0.49678982447880865, 0.37494706452381393, 0.04842889584432805], [0.10128352865520213, 0.4832291638608528, 0.34800830739242894, 0.06747899999151612], [0.04910386010619551, 0.7388432034653325, 0.14544510541814587, 0.06660783091032613], [0.066914662241244, 0.6759088743750181, 0.20934573507331683, 0.047830728210421065], [0.1004131547852345, 0.6103993426249225, 0.20124626898070852, 0.08794123350913453], [0.10579418354278584, 0.5675370477156049, 0.29439758245368974, 0.03227118618791952]], "ideal": "B", "sampled": "B", "correct": true}}
{"type": "result", "data": {"idx": 4, "options": ["Product-oriented", "Person-oriented", "Idea-oriented", "Message-oriented"], "probs": [[0.0004182229495542954, 0.0007755214035664105, 0.004748551021458732, 0.9940577045254205], [0.0038478639486319455, 0.010710976050827912, 0.9639763688157903, 0.021464791084749812], [0.0005470945602012235, 0.0012237179294041008, 0.0011581622499628758, 0.9970710251604318], [0.0060387604587283025, 0.020919870883095465, 0.9616687694955385, 0.011372599062637772], [0.0014984806746045974, 0.9668159471515725, 0.012547422183118785, 0.019138149890704174], [0.0017474496218322188, 0.9643027799489547, 0.024123508154279206, 0.009826262174933766], [0.0005026199302415418, 0.0012542453552976478, 0.007800123804546526, 0.9904430108099143], [0.004928408690201008, 0.01518495577597683, 0.9615725345057863, 0.01831410092803584], [0.0006048546907421877, 0.0015694102737745296, 0.0019372190279293375, 0.9958885159075539], [0.004436141852182421, 0.015128089254402115, 0.9655432790068522, 0.014892489786563282], [0.000929081983407689, 0.751565214965606, 0.018367091120328433, 0.2291386118306578], [0.001162308588374049, 0.8900968504880995, 0.06546198323278336, 0.043278857590743076], [0.0005054645183319254, 0.0010456539781442111, 0.0023925239625735635, 0.9960563574409503], [0.0069129077972692335, 0.017383715670365892, 0.9639420208582508, 0.011761355574114125], [0.0005294915498252626, 0.0010452292090945422, 0.002795916995822915, 0.9956293621452572], [0.004592274323749782, 0.011457594131757448, 0.9687727110772619, 0.015177420367230826], [0.0011917157044565075, 0.9641301337909018, 0.013218419926310869, 0.021459730478330788], [0.0010544652038838682, 0.9591151614516882, 0.013673541333694847, 0.026156831910733067], [0.4828426693539971, 0.012672261887348206, 0.028997493040716874, 0.4754875756179378], [0.44897384241437055, 0.028706929220211945, 0.5087604612222137, 0.013558767043203778], [0.34488488999879213, 0.004960177290235337, 0.015634245615657374, 0.6345206869953152], [0.5935714718677974, 0.018934735638464536, 0.3489476072468652, 0.03854618514687294], [0.8610494633136431, 0.02501037302236786, 0.052527583438037026, 0.06141258012595199], [0.8011276111024741, 0.026366800119894833, 0.12286311534245561, 0.0496424733351754]], "ideal": "C", "sampled": "D", "correct": false}}
{"type": "result", "data": {"idx": 5, "options": ["to develop a vision statement", "to interpret trends for management", "to interpret the organization's business plan", "to consider the role public relations might play"], "probs": [[0.002969014361282533, 0.5887421773102209, 0.1030075963434519, 0.3052812118850446], [0.002225351525877704, 0.46603602296492813, 0.08027549109627209, 0.45146313431292207], [0.0018328864756656357, 0.013129966186536949, 0.6274311321276057, 0.3576060151101917], [0.0019614210422803945, 0.007759618795219972, 0.020594507436758794, 0.9696844526257409], [0.0012876579159905857, 0.028412088752724267, 0.6215285847623654, 0.34877166846891977], [0.001954958082289603, 0.011793304274751427, 0.019739352233617634, 0.9665123853093414], [0.05558429570046062, 0.007825282802386507, 0.41720738159642434, 0.5193830398007285], [0.3084907889013557, 0.011154862188686332, 0.20233696623175035, 0.47801738257820764], [0.2619466714266131, 0.5916390266887843, 0.006069596235113577, 0.14034470554948897], [0.13131632288611123, 0.5364076649500441, 0.3251451049415265, 0.007130907122318116], [0.0703709814351345, 0.6640050583713172, 0.005963649755662169, 0.2596603103378861], [0.030642802991399234, 0.3220750208620967, 0.6401682724968911, 0.007113903549612907], [0.013330333423700038, 0.0060578204625937986, 0.5848108557034744, 0.39580099031023175], [0.012738783219680699, 0.003098728209952088, 0.018247142874138842, 0.9659153455962284], [0.07280032658036671, 0.7423046558906946, 0.005979181065567854, 0.1789158363633708], [0.06356709934419222, 0.5625546939551733, 0.3687775579599573, 0.0051006486406771296], [0.024043139629148183, 0.18205926165763905, 0.0034644698022463, 0.7904331288109665], [0.0594207045866424, 0.5217886544726085, 0.41257202448242, 0.006218616358329083], [0.006625612981269048, 0.004213662976586178, 0.5022257755382152, 0.48693494840392954], [0.0077019882977526445, 0.003237316444733491, 0.0186200118564154, 0.9704406833010985], [0.013858079347466629, 0.5291234635993048, 0.004981766718214597, 0.45203669023501397], [0.011415928388438799, 0.24043516364458967, 0.740299628222844, 0.00784927964412756], [0.014111063926209382, 0.03959923856833387, 0.0020017120351333716, 0.9442879853703233], [0.01716469881235321, 0.36150608507411897, 0.6147088078672436, 0.006620408146284214]], "ideal": "B", "sampled": "B", "correct": true}}
{"type": "result", "data": {"idx": 6, "options": ["When victims of abuse remain silent about the abuse", "When people hide their opinions if they do not agree with the majority", "When people hide their opinions if they are in disagreement with their close peers or family members", "When public relations uses opinion poll results to generate support for a particular issue"], "probs": [[0.0033408726426397525, 0.8177373831128896, 0.17133165289695387, 0.0075900912475167625], [0.004471387450007889, 0.95103184694697, 0.007910002379478687, 0.0365867631235435], [0.003484734971371277, 0.7295607091750779, 0.2600216993626491, 0.006932856390901822], [0.008408550869168868, 0.8925255679888104, 0.009309869099016032, 0.08975601194300464], [0.0018882390111224605, 0.011936215929647206, 0.904609113737414, 0.0815664312218163], [0.0037516761855049506, 0.019815991976032527, 0.9324704728032828, 0.04396185893517976], [0.7266371913666623, 0.03791673578175095, 0.23225977817438412, 0.003186294577202664], [0.9447885574974422, 0.023842402502184203, 0.0030550070596163034, 0.028314032840757255], [0.6350111581283621, 0.35630918760929775, 0.006838831817487163, 0.0018408223448530413], [0.4905856840419073, 0.49850529357671314, 0.005283864672767792, 0.005625157608611758], [0.3272533866173577, 0.029509587753909845, 0.48369277336710204, 0.1595442521616304], [0.25768163665671145, 0.026535034041114278, 0.7115514837299144, 0.004231845472259874], [0.2983414152523195, 0.07311891553176919, 0.6218438602499413, 0.006695808865970037], [0.7649967537870809, 0.1329694963300478, 0.007739724922910372, 0.09429402485996093], [0.06004428765063897, 0.9179603902968838, 0.015305981720333782, 0.006689340232143443], [0.07431996110195163, 0.9058831628492495, 0.00874233367391208, 0.01105454227488675], [0.11348479874143617, 0.022706014439391742, 0.4419407793031947, 0.42186840741597736], [0.12915901321200104, 0.04570399041270929, 0.8164134889902158, 0.008723507285073873], [0.0012469316009594718, 0.1282094853222443, 0.7974938074508664, 0.07304977552592985], [0.0015675843971717021, 0.128505398053633, 0.8376891886199699, 0.032237828829225365], [0.002092432839394678, 0.9348038477894934, 0.022670104786584634, 0.04043361448452728], [0.0019284987928285555, 0.7197562831088239, 0.2688201881327405, 0.009495029865607034], [0.0021072482421849365, 0.919724451335704, 0.019376444030335022, 0.05879185629177601], [0.0019204099990936753, 0.7872419014669181, 0.19584452253554063, 0.014993165898447633]], "ideal": "A", "sampled": "B", "correct": false}}
{"type": "result", "data": {"idx": 7, "options": ["Research and evaluation", "Strategy and evaluation", "Strategy and implementation", "Objectives and implementation"], "probs": [[0.026742344749669324, 0.06939368440440756, 0.5286897794563841, 0.375174191289539], [0.004036158497225807, 0.01089277412243225, 0.01233167950340615, 0.9727393877769358], [0.02296737433499343, 0.10217363557606435, 0.4611415343834394, 0.4137174556055028], [0.04264897566725905, 0.25743041693919205, 0.13761418133694933, 0.5623064259565995], [0.01472525681948377, 0.050239172202087, 0.06494788128194336, 0.8700876895964859], [0.020334364813175177, 0.06465291374155001, 0.35197984870916377, 0.563032872636111], [0.10582335449923852, 0.10422417675740629, 0.43175659222690943, 0.35819587641644574], [0.02537630471718294, 0.045971963421988386, 0.14484916901962994, 0.7838025627411987], [0.036001169663095724, 0.6288283724346463, 0.03354406121404555, 0.3016263965882124], [0.03446415413225647, 0.6257809949354821, 0.29075166363526833, 0.049003187196993106], [0.017728406273722814, 0.14062472652635674, 0.019615042222004535, 0.8220318248779159], [0.017145311426248786, 0.13074062738984876, 0.8005174978757371, 0.05159656320816533], [0.19106213564020033, 0.02818718119280263, 0.26111314392399754, 0.5196375391429995], [0.18231779331011508, 0.026896124361318635, 0.6167484015784392, 0.17403768065012706], [0.3986953861394034, 0.1444762820238807, 0.018644897577917367, 0.4381834341587985], [0.31229318464861056, 0.12620197752428816, 0.5395755988391022, 0.02192923888799909], [0.24041495968552407, 0.5175895041329225, 0.008758242151438191, 0.23323729393011527], [0.3082991265658278, 0.6329963270832051, 0.03653316207955725, 0.0221713841714099], [0.04777130316230519, 0.0193176594437455, 0.05851586785674731, 0.874395169437202], [0.028830905225753045, 0.018476754214413908, 0.8039204600174389, 0.1487718804423942], [0.042752460755853344, 0.05242084102905812, 0.0180976134769525, 0.886729084638136], [0.017905751474907534, 0.05142125181330015, 0.8899994607683546, 0.04067353584343774], [0.052326675943381126, 0.775857565557229, 0.011767323971766025, 0.16004843442762393], [0.06506786664474165, 0.8120692583273574, 0.07846602256281619, 0.04439685236508473]], "ideal": "A", "sampled": "C", "correct": false}}
{"type": "result", "data": {"idx": 8, "options": ["Defining the program", "Planning the program", "Taking action and implementing ideas", "Evaluation of the program"], "probs": [[0.6520969816191768, 0.3436492058309157, 0.0028819273929618426, 0.001371885056945642], [0.6555646055140999, 0.3401308044959587, 0.0026795402964974054, 0.0016250495934439781], [0.5476183024424305, 0.03726530296385278, 0.41335975598447977, 0.0017566385092368975], [0.9269957230345565, 0.016456781459326626, 0.005058479650306215, 0.05148901575581071], [0.250637255448268, 0.04458901895775383, 0.702961840739716, 0.0018118847542621156], [0.9004360441328728, 0.017556636371064936, 0.005744611932326142, 0.07626270746373616], [0.1156744434969991, 0.8683313054372406, 0.010188332204609999, 0.005805918761150337], [0.12785444644676852, 0.8603628937970456, 0.0069385376495163294, 0.004844122006669577], [0.5652901777140245, 0.05017087827682888, 0.38248415471584196, 0.0020547891933046848], [0.9003134007678412, 0.03383643268028922, 0.008291907823908219, 0.057558258627961364], [0.19744185931278638, 0.0437131483023611, 0.7568787270389521, 0.001966265245900415], [0.8298778843185034, 0.03589935849222268, 0.010863423903367355, 0.12335933318590658], [0.01296891179280182, 0.7479849996869669, 0.2353297045573441, 0.003716383862887235], [0.013633540724718288, 0.9413570593936167, 0.007649150503389864, 0.037360249278275144], [0.00937623070413927, 0.6175605707969837, 0.36870224180050587, 0.00436095659837112], [0.006480884003364278, 0.9182438468928944, 0.011827244863303063, 0.06344802414043829], [0.013732420176888006, 0.027525432200022994, 0.9404059577507684, 0.018336189772320585], [0.007211825501828953, 0.02617531513079009, 0.937184056195613, 0.029428803071768], [0.00849079746965179, 0.8800258616950067, 0.10671932248826317, 0.004764018247078265], [0.010185311651737233, 0.9613826372399752, 0.01163368497669825, 0.016798366031589282], [0.009329488414757055, 0.5956181234202585, 0.3905401101940062, 0.004512277870978217], [0.005304907748211156, 0.9355834429687794, 0.01571427981544688, 0.043397369367562576], [0.02578187469152366, 0.043858969555184535, 0.9231990961775478, 0.007160059475744023], [0.00877399282574267, 0.037231222034078915, 0.9233695327904454, 0.03062525224973299]], "ideal": "B", "sampled": "A", "correct": false}}
{"type": "result", "data": {"idx": 9, "options": ["ingratiation", "downplaying", "distancing", "nonexistence"], "probs": [[0.26150390819783514, 0.06486149955190257, 0.015446598827044683, 0.6581879933232176], [0.026031303610751268, 0.037336714844830546, 0.9251648525794416, 0.011467128864976549], [0.22116073675453918, 0.06511209819599918, 0.00994211235991018, 0.7037850525895515], [0.026195185167316812, 0.04640296872964131, 0.9165595682121996, 0.010842277790842202], [0.014846110530286916, 0.9643661863843221, 0.00866203612351778, 0.012125666861873144], [0.01583099639803166, 0.9661613645646172, 0.007778454074516929, 0.01022918486283416], [0.17609837237156964, 0.1467401822678584, 0.022193731202878195, 0.6549677140576937], [0.01974696276724061, 0.03415971965426081, 0.9370487848910932, 0.009044532587405348], [0.0697541832854135, 0.028698986393323606, 0.010202163829379296, 0.8913446663918836], [0.02810442691229256, 0.04325720010978514, 0.9166396447156079, 0.011998728162314431], [0.03542966942341589, 0.9236773331465021, 0.021162238650017793, 0.01973075868006414], [0.037087700388723596, 0.9299039880027267, 0.01375616078167554, 0.019252150726874143], [0.07609889559866288, 0.044887519804014564, 0.006965157953298175, 0.8720484265440244], [0.021372022654071173, 0.044966337296546914, 0.9234806922740455, 0.010180947675336414], [0.04709911915564724, 0.025681448141098535, 0.009269313540525896, 0.9179501190627283], [0.03165194076471379, 0.04541619786581984, 0.9110985085504419, 0.01183335271902444], [0.03579858337617261, 0.9265745333022969, 0.019469244512473206, 0.018157638709057282], [0.03889784691058222, 0.931089633957266, 0.013136789872785026, 0.016875729159366807], [0.7474650607611103, 0.2253510613871114, 0.013268068196700938, 0.013915809555077385], [0.6727786672053098, 0.28624787977129235, 0.027108583647111807, 0.013864869276286112], [0.8425717917636432, 0.12189013464315944, 0.01790135719484876, 0.017636716298348648], [0.7650317734188228, 0.16636793716596696, 0.02439489460703719, 0.04420539470817311], [0.8447136228853274, 0.1251152089047388, 0.01596132395753406, 0.014209844152399781], [0.8202221622143551, 0.13768715539596277, 0.013786449410738534, 0.028304232878943604]], "ideal": "B", "sampled": "D", "correct": false}}
{"type": "result", "data": {"idx": 10, "options": ["It hasn't", "Doubled", "Tripled", "Quadrupled"], "probs": [[0.0034462557941662914, 0.07783022485905505, 0.6827376452395724, 0.23598587400720625], [0.0024579332782942572, 0.03875390451692944, 0.6107204565556282, 0.34806770554914807], [0.00391200822750543, 0.08235058874034823, 0.7001667605617505, 0.21357064237039586], [0.003360882639861793, 0.07590522103823834, 0.5104547989901317, 0.41027909723176814], [0.00551219460369819, 0.10320928624381559, 0.6728074991709427, 0.21847101988154347], [0.004218485378809646, 0.10796044463167656, 0.6407293939248617, 0.24709167596465206], [0.03824588770024645, 0.08962863949918436, 0.7160407517444526, 0.15608472095611653], [0.025166768109390864, 0.06181189302087309, 0.7240949733558589, 0.18892636541387706], [0.06821576047794953, 0.41147381284246576, 0.4178939777116874, 0.10241644886789732], [0.050799655329580494, 0.3724969825987592, 0.47081963975587504, 0.10588372221578528], [0.0612471270871644, 0.47075457779094537, 0.22756972094792496, 0.24042857407396523], [0.038356231373716736, 0.34730778693545783, 0.5549222478425908, 0.05941373374823455], [0.03209907586971353, 0.06384173090337242, 0.8214405482864892, 0.08261864484042496], [0.06394644700322699, 0.07303482255691615, 0.6308887019238284, 0.23213002841602842], [0.04033483387257945, 0.785472967438637, 0.08538145239527128, 0.08881074619351217], [0.036694194160981616, 0.5831484045919306, 0.32197015634762527, 0.05818724479946246], [0.11674374303027543, 0.35688576685814605, 0.1343655794032392, 0.3920049106083393], [0.04046181972261588, 0.23839370262679385, 0.6790676105176984, 0.04207686703289188], [0.06513569763130536, 0.0557203251276082, 0.7454737464730214, 0.13367023066806497], [0.11249121277399486, 0.07377896457172747, 0.6575325130758788, 0.15619730947839883], [0.06734659572275493, 0.7415175492433091, 0.06527179527577558, 0.12586405965816036], [0.056014044575934376, 0.49160228556672675, 0.4138817401299121, 0.03850192962742683], [0.10740136963980956, 0.5288868708546893, 0.0977811584107195, 0.2659306009947816], [0.06946507297221116, 0.36404976377331677, 0.5295878829972388, 0.036897280157233266]], "ideal": "C", "sampled": "B", "correct": false}}
{"type": "result", "data": {"idx": 11, "options": ["They both require research monitoring.", "They both deal with acute risks.", "New organizational practices are developed as a result of each.", "Both have the potential to damage an organisation's reputation."], "probs": [[0.023071073839439887, 0.08712586417401129, 0.8795588706104731, 0.010244191276075698], [0.120542963388633, 0.750745890525869, 0.061560782209077035, 0.06715036377642096], [0.02818804199982413, 0.8180093014209591, 0.1273012229891513, 0.02650143349006546], [0.019242550567642215, 0.8650875654660551, 0.06874842644204203, 0.04692145742426055], [0.04827167363010094, 0.12631092180040923, 0.7853787383422208, 0.040038666127269015], [0.012786480275347917, 0.03398608703047635, 0.9250666861644677, 0.028160746429707957], [0.03715709663458314, 0.04663031354271148, 0.907450187158526, 0.008762402564179404], [0.2529071493817638, 0.5113094892196309, 0.16327498364976514, 0.07250837764884009], [0.029769414695092793, 0.9265905496319647, 0.028185160408874473, 0.015454875164068006], [0.03184155650236252, 0.9238823855499372, 0.029913437346683575, 0.014362620501016762], [0.16131620540391012, 0.1380855158531286, 0.66882075885054, 0.03177751979242121], [0.040100645755420085, 0.0503344020330744, 0.8987662900122417, 0.010798662099263733], [0.38765815546384297, 0.20763734329042705, 0.3815952901055494, 0.02310921104018061], [0.3785610951640722, 0.22633395243653978, 0.318747985377773, 0.076356966921615], [0.6011055349043594, 0.23920103969559953, 0.1449888262014343, 0.014704599098606747], [0.6161159551771459, 0.2957774532638107, 0.06750552657341298, 0.02060106488563036], [0.24159784292536457, 0.1537868901904724, 0.5531490712467187, 0.05146619553744423], [0.3968684099042761, 0.2193748068927728, 0.361356379584724, 0.02240040351822711], [0.048347157333596326, 0.15384451126440646, 0.7217110560582944, 0.07609727524370281], [0.016367408215201776, 0.032341194790063754, 0.900848784802776, 0.05044261209195845], [0.05644085467939628, 0.4077963980548727, 0.49143959917576613, 0.04432314798996482], [0.027747394359238706, 0.09925298336318218, 0.8566782425790517, 0.016321379598527426], [0.016997581757709407, 0.8793575975754087, 0.05705060202366662, 0.04659421854321534], [0.02275803388733938, 0.8817678984710623, 0.06482808508616891, 0.03064598245542942]], "ideal": "B", "sampled": "C", "correct": false}}
{"type": "result", "data": {"idx": 12, "options": ["1917", "1922", "1925", "1927"], "probs": [[0.005818410594086337, 0.5663028920683992, 0.3488058059292412, 0.07907289130827329], [0.0067630906497004595, 0.4595244710428744, 0.38683874960293035, 0.1468736886044947], [0.0067667008934462584, 0.41862557835144476, 0.5374517632966717, 0.03715595735843737], [0.006845359501464407, 0.42346741480320976, 0.4300370390158485, 0.1396501865794773], [0.008316297238164572, 0.5392275552513562, 0.38227710836054335, 0.07017903904993586], [0.007914361348921747, 0.541990867015804, 0.34983808076590717, 0.10025669076936701], [0.12274405953428852, 0.5902212547400321, 0.24988388732739822, 0.03715079829828113], [0.11966447231707164, 0.4883391442532938, 0.33038760459053246, 0.061608778739102144], [0.10147333219730392, 0.4076595932408279, 0.42056936334762407, 0.0702977111142441], [0.11474200678935637, 0.4573842124894108, 0.34521729779419125, 0.08265648282704155], [0.052843929497936364, 0.5133025397110288, 0.29241226684596816, 0.14144126384506667], [0.05593772607064807, 0.45396608173550446, 0.4399482008340129, 0.05014799125983452], [0.06825441866430569, 0.516332149453982, 0.37771365042724026, 0.03769978135447206], [0.07690710974721267, 0.5015263222452467, 0.34464721685576993, 0.07691935105177063], [0.06462608469752179, 0.745557807178978, 0.13787694684905732, 0.05193916117444283], [0.0738206356690019, 0.7227622269861345, 0.1538459509457284, 0.04957118629913529], [0.05166238944489579, 0.4979039692296201, 0.28363842847531445, 0.16679521275016962], [0.04865282682862077, 0.4073762817389636, 0.5069537067846321, 0.03701718454778345], [0.07983421505304938, 0.49678982447880865, 0.37494706452381393, 0.04842889584432805], [0.10128352865520213, 0.4832291638608528, 0.34800830739242894, 0.06747899999151612], [0.04910386010619551, 0.7388432034653325, 0.14544510541814587, 0.06660783091032613], [0.066914662241244, 0.6759088743750181, 0.20934573507331683, 0.047830728210421065], [0.1004131547852345, 0.6103993426249225, 0.20124626898070852, 0.08794123350913453], [0.10579418354278584, 0.5675370477156049, 0.29439758245368974, 0.03227118618791952]], "ideal": "B", "sampled": "B", "correct": true}}
{"type": "result", "data": {"idx": 13, "options": ["270", "600", "2,800", "5,200"], "probs": [[0.008371607329469769, 0.25440558575376226, 0.6295071190845622, 0.10771568773220566], [0.010051742817473773, 0.2803113374110569, 0.5486763546567099, 0.1609605650147594], [0.008613174450642663, 0.2874675891634101, 0.5989951909150208, 0.1049240453709264], [0.007581829910982985, 0.31004035007773345, 0.570094815285196, 0.1122830046260875], [0.010633569486996322, 0.22035220837798128, 0.6681298191062128, 0.10088440292880954], [0.01009876834072456, 0.1846829344258385, 0.741890068602748, 0.06332822853068897], [0.00570111839360691, 0.38741163898335673, 0.5050506992136748, 0.10183654330936152], [0.004973096670636805, 0.43053936071871335, 0.44401358643921607, 0.12047395607143377], [0.0058526628649572905, 0.33226921625039185, 0.582966258774491, 0.07891186201015976], [0.006385673275756476, 0.3353035137570754, 0.5701661085458765, 0.08814470432129164], [0.008608830633570106, 0.2763048561963425, 0.622537945083244, 0.09254836798684336], [0.008902638359357546, 0.2705390495901135, 0.6488752467196498, 0.07168306523087918], [0.02369181160107257, 0.40075816132605646, 0.4757988564347471, 0.09975117053812382], [0.030060132122569114, 0.35497196513482016, 0.5583631239730422, 0.05660477866956847], [0.019091746441153266, 0.42449171690935167, 0.48090596524920864, 0.07551057130028636], [0.015107460695665044, 0.3866250551441839, 0.5451218361387018, 0.0531456479214493], [0.019330307047246875, 0.3792900585294808, 0.5604551800338492, 0.040924454289423096], [0.015876147717034016, 0.34480291216200415, 0.5864443116818548, 0.05287662833910703], [0.023757307431790112, 0.3864690456601776, 0.5118743900710456, 0.07789925673698662], [0.02656339689015701, 0.34721597761740913, 0.5813847638423503, 0.04483586155008353], [0.02009651462504817, 0.39431896623804163, 0.5305277875788932, 0.055056731458017066], [0.01629562632184396, 0.3403703569977233, 0.5972726867343308, 0.046061329846102006], [0.02640788473287442, 0.5101921976005025, 0.4294892901079184, 0.03391062745870472], [0.027280867300292177, 0.44728070826290106, 0.4835125243441979, 0.04192589999260887]], "ideal": "C", "sampled": "C", "correct": true}}
{"type": "result", "data": {"idx": 14, "options": ["Enabling", "Functional", "Normative", "Diffused"], "probs": [[0.002492283040857087, 0.11456197243951942, 0.07510489289213626, 0.8078408515274872], [0.0025162179304924416, 0.08937447369380107, 0.6349336332532696, 0.27317567502243695], [0.002137900800551471, 0.0050100349001466656, 0.4615230272563658, 0.5313290369429361], [0.0017896475979561296, 0.0051788131638376275, 0.0731649884349773, 0.9198665507032289], [0.0024061628063229514, 0.04433995726436985, 0.8364299990621805, 0.11682388076712671], [0.003837372568725038, 0.2819197593123078, 0.027254783750255696, 0.6869880842687115], [0.09745177717228257, 0.019643081895624234, 0.1848977829027049, 0.6980073579293883], [0.0545922965127678, 0.018865610839826543, 0.741847983391113, 0.18469410915629259], [0.31523515185662887, 0.20675117225687667, 0.019225274175192132, 0.4587884016113023], [0.21247442157486404, 0.09651539447798235, 0.6543736348670236, 0.036636548980129975], [0.12008575787678794, 0.82106887058482, 0.011433564987049644, 0.04741180645134243], [0.131666149300664, 0.8005667969237867, 0.04142348799665659, 0.026343565678892684], [0.004965664893265937, 0.0054539605402897295, 0.4870083544361423, 0.502572020030302], [0.005772218947533975, 0.005380749616724907, 0.1584422861127821, 0.830404745222959], [0.012221013274262539, 0.3103342970265245, 0.020458568018873458, 0.6569861215803395], [0.013008178392169934, 0.30309716287433414, 0.5749737700101633, 0.10892088862333264], [0.061322516601800665, 0.2643370283294595, 0.0097006958114404, 0.6646397591572994], [0.012189189810949602, 0.04028192439725359, 0.8954003473403703, 0.05212853835142644], [0.00886311955475432, 0.023350743371222272, 0.8425308315726975, 0.12525530540132598], [0.019443033442220328, 0.017565414471335777, 0.0477366526352622, 0.9152548993511816], [0.008817506289490634, 0.9070084731335265, 0.020019304864731573, 0.06415471561225124], [0.008350875871368613, 0.8521491590691566, 0.08630144297851255, 0.05319852198096229], [0.11754406351858697, 0.04324270824695372, 0.01026889505012551, 0.8289443330843338], [0.024374830056800856, 0.027193995696455222, 0.8458061971006041, 0.10262497704613979]], "ideal": "C", "sampled": "B", "correct": false}}
{"type": "result", "data": {"idx": 15, "options": ["Audiences are more vulnerable and passive than ever before.", "Television viewing, in particular, creates increased activity in the right hemisphere of the brain.", "Active receivers are not uniformly affected by mass communication messages.", "Technology has led to increasingly passive recipients at the ends of message transmission systems."], "probs": [[0.00401205155788358, 0.026785830394847724, 0.951498938439943, 0.017703179507325625], [0.0010656523512236312, 0.005124469284794786, 0.03998237846020212, 0.9538274998037795], [0.003527754425059818, 0.9337574192257753, 0.034528287279366125, 0.02818653896979877], [0.0033017842219998225, 0.9376904404626745, 0.03661832134546259, 0.022389453869863112], [0.001459169996779183, 0.0044602196993356845, 0.008201381080993013, 0.9858792291228922], [0.004761708061662115, 0.030814022425362693, 0.9435767714993994, 0.020847497913575708], [0.007040405409214504, 0.02255524619071678, 0.9514137782593692, 0.01899057004069945], [0.0025737605098784485, 0.006223762996109847, 0.030863388117899248, 0.9603390882761125], [0.006010072934265001, 0.9574132675275971, 0.01475853119180969, 0.021818128246328207], [0.004756930028501344, 0.9504689993757957, 0.02551091388708837, 0.019263156608614673], [0.004639291611380338, 0.019689101476299604, 0.0984039592193258, 0.8772676475929942], [0.007980229116712216, 0.0488942364014845, 0.9296554074996823, 0.013470126882120945], [0.8783391893181496, 0.03770196514706595, 0.058846225299219033, 0.02511262013556547], [0.8989448616698991, 0.03513402425522754, 0.04839385068977974, 0.017527263285093703], [0.8719459098865406, 0.06620549804535053, 0.02983717052859736, 0.03201142143951149], [0.8380051051470331, 0.07210247788354161, 0.06166160701790578, 0.02823080985151947], [0.9021765714336574, 0.046349265984692044, 0.03185087648493327, 0.019623285996717355], [0.8939763076966326, 0.04889040640176117, 0.03386110205785621, 0.02327218374374998], [0.002219333594586738, 0.0033848596077233127, 0.011008076609585265, 0.9833877300881047], [0.00678935765458971, 0.021581513131691155, 0.9465982021645829, 0.025030926949136213], [0.001863267888222587, 0.00742831839539675, 0.04045687688468766, 0.950251536731693], [0.0063229659801469565, 0.03754664598606065, 0.9457858239129096, 0.010344564020882843], [0.0050278876260557645, 0.9437327509829451, 0.02019579235218149, 0.03104356893881763], [0.005194456793766834, 0.9376220127971644, 0.03059618554376552, 0.026587344765303254]], "ideal": "C", "sampled": "C", "correct": true}}
{"type": "result", "data": {"idx": 16, "options": ["A politician", "A house of worship", "A government institution", "A publicly-traded company"], "probs": [[0.14892143453424386, 0.7339619616120814, 0.05876990954794617, 0.058346694205728626], [0.1250838744300881, 0.7436390865120527, 0.043906497223909643, 0.08737054173394959], [0.20049741115288372, 0.22729287192586783, 0.503993909606829, 0.06821580721441944], [0.3659838953834698, 0.34956266575909833, 0.06927141959400185, 0.21518201916342997], [0.2954147975905462, 0.14177734714650042, 0.48695314573493365, 0.07585470942801974], [0.44876392333895787, 0.19920642078295808, 0.14334781039271338, 0.20868184538537068], [0.9250361138814192, 0.057329377909689776, 0.010115962553228434, 0.007518545555662671], [0.8951232861740711, 0.08328134410589082, 0.011092190423016601, 0.01050317919702143], [0.873624941098335, 0.09354455985926997, 0.023276335168079566, 0.009554163774315476], [0.8588919038799446, 0.116266860875768, 0.011066804797203606, 0.013774430347083793], [0.8617885900571871, 0.07530747521602858, 0.04674713417600075, 0.016156800450783583], [0.8537581292393351, 0.08322850022983684, 0.03578617064967126, 0.027227199781156775], [0.37514727046193286, 0.24226794322239303, 0.3414808396902155, 0.04110394652545864], [0.5754221377098698, 0.323027236271454, 0.031206546583289852, 0.07034407933538632], [0.18645048796232475, 0.7497399113438852, 0.03239684779334136, 0.03141275280044875], [0.23982945991557328, 0.6732935145702905, 0.0223061902612857, 0.06457083515285053], [0.5202531373056012, 0.10083828420936844, 0.3057310672016503, 0.07317751118338013], [0.5492782837770687, 0.10481773039325731, 0.27610169092494524, 0.06980229480472876], [0.23802299263131865, 0.2656878471327607, 0.39859293996446843, 0.09769622017145219], [0.39644570657946515, 0.3340522224102565, 0.1117841634122941, 0.15771790749798423], [0.07385757454703414, 0.695978213837015, 0.1527319825625874, 0.07743222895336348], [0.15281619595440604, 0.5955510931614548, 0.120877235460896, 0.13075547532324308], [0.21386027277910763, 0.207336126739102, 0.45978140929238204, 0.11902219108940833], [0.2799591803258596, 0.2433350158488309, 0.3171821330820872, 0.15952367064322226]], "ideal": "C", "sampled": "B", "correct": false}}
