{"type": "result", "data": {"idx": 0, "options": ["True, True", "False, False", "True, False", "False, True"], "probs": [[0.138597887416294, 0.11850754969207898, 0.4759714404975462, 0.2669231222940666], [0.10042663170352044, 0.12111679455465936, 0.3142603475385605, 0.46419622610325695], [0.11643618520879738, 0.13395482577813447, 0.5216347106259105, 0.2279742782871451], [0.18642939510114853, 0.24697642142675014, 0.2394029919181914, 0.3271911914539154]], "ideal": "D", "sampled": "A", "correct": false}}
{"type": "result", "data": {"idx": 1, "options": ["True, True", "False, False", "True, False", "False, True"], "probs": [[0.15703089902293674, 0.13016682920195308, 0.49131629669622184, 0.22148597497889047], [0.0992085840425681, 0.13992064441934443, 0.3684624353461706, 0.3924083360919209], [0.16289098728130488, 0.1707032679602145, 0.4788584385437998, 0.18754730611468362], [0.2304078916607321, 0.27790146991191605, 0.19107714179056084, 0.3006134965367942]], "ideal": "C", "sampled": "A", "correct": false}}
{"type": "result", "data": {"idx": 2, "options": ["True, True", "False, False", "True, False", "False, True"], "probs": [[0.11855531087417015, 0.1429672998999228, 0.4990727794439785, 0.23940460968193703], [0.09262602632297555, 0.14567566093522577, 0.2764450558548286, 0.485253256786957], [0.1360284985876995, 0.1540951807780758, 0.4673872659581071, 0.24248905457611442], [0.18401280977126622, 0.3032945879372507, 0.15249803533696515, 0.3601945668545139]], "ideal": "B", "sampled": "A", "correct": false}}
{"type": "result", "data": {"idx": 3, "options": ["12", "24", "48", "72"], "probs": [[0.06744974866808497, 0.19202975083474022, 0.3759969620784961, 0.36452353831868023], [0.19619527886834595, 0.2810388084181179, 0.37235596568018187, 0.15040994693335114], [0.17883507278872682, 0.3090814891834228, 0.13928220517387102, 0.37280123275398896], [0.10359793958918552, 0.16043182045262191, 0.2998574491192846, 0.43611279073889936]], "ideal": "D", "sampled": "C", "correct": false}}
{"type": "result", "data": {"idx": 4, "options": ["convolutional networks", "graph networks", "fully connected networks", "RBF networks"], "probs": [[0.9755097391341697, 0.01626623123177124, 0.004623170897024097, 0.003600858637049216], [0.0015544906356833312, 0.0017481166161823017, 0.002191388405333222, 0.9945060042428163], [0.0010213727916708432, 0.0024889555870774667, 0.9807607092995788, 0.015728962221697437], [0.0016856509024831847, 0.9664278898677838, 0.019136369752168456, 0.012750089377562609]], "ideal": "A", "sampled": "A", "correct": true}}
{"type": "result", "data": {"idx": 5, "options": ["True, True", "False, False", "True, False", "False, True"], "probs": [[0.12831927998467588, 0.12245637461152023, 0.5239801077641811, 0.22524423753963366], [0.11231193667035874, 0.1511239327917624, 0.36253908903603543, 0.37402504140186354], [0.15153355165049653, 0.2347984773088853, 0.39315076131834364, 0.22051720962227248], [0.1979526670301774, 0.2350723800278697, 0.2140591397875748, 0.35291581305436487]], "ideal": "B", "sampled": "C", "correct": false}}
{"type": "result", "data": {"idx": 6, "options": ["O(D)", "O(N)", "O(ND)", "O(ND^2)"], "probs": [[0.20069195014559876, 0.13367335054233614, 0.22741411649489368, 0.4382205827171818], [0.12636626242121332, 0.08033727122405374, 0.49956437075718235, 0.2937320954975486], [0.11421139660828197, 0.20363278038808294, 0.3464502202754647, 0.33570560262817606], [0.06343347659828459, 0.4400256527641091, 0.20792096911125363, 0.2886199014263474]], "ideal": "A", "sampled": "A", "correct": true}}
{"type": "result", "data": {"idx": 7, "options": ["True, True", "False, False", "True, False", "False, True"], "probs": [[0.12833829395253601, 0.09682918099966357, 0.5074383850370342, 0.26739413991076744], [0.09212761455965335, 0.11647740055443759, 0.3586965066446153, 0.4326984781412988], [0.13599634836905267, 0.1447784046732778, 0.5053580988917419, 0.21386714796595382], [0.1954885864432305, 0.2549417494442378, 0.15469449955949355, 0.394875164453039]], "ideal": "B", "sampled": "A", "correct": false}}
{"type": "result", "data": {"idx": 8, "options": ["2", "4", "8", "16"], "probs": [[0.08575524469499606, 0.3088164939239107, 0.3285925465276052, 0.2768357147535079], [0.21334415530792716, 0.2613238367553645, 0.31529877994223754, 0.21003322789444706], [0.2032543756438759, 0.2490228028698503, 0.15588346912531956, 0.39183935226096855], [0.12624251823477875, 0.22866472286879472, 0.32767511897760615, 0.317417639818821]], "ideal": "C", "sampled": "B", "correct": false}}
{"type": "result", "data": {"idx": 9, "options": ["Lower variance", "Higher variance", "Same variance", "None of the above"], "probs": [[0.31473806267049176, 0.3049725831928931, 0.21962896242259017, 0.1606603916140234], [0.20789057179378467, 0.1806725050227759, 0.12805162839941497, 0.48338529468403774], [0.1102718709829974, 0.046681358696319425, 0.5866196411289176, 0.25642712909174736], [0.09223282829789704, 0.2588106622571435, 0.32203915512927633, 0.3269173542156922]], "ideal": "A", "sampled": "A", "correct": true}}
{"type": "result", "data": {"idx": 10, "options": ["True, True", "False, False", "True, False", "False, True"], "probs": [[0.14933406651594985, 0.1180738520385275, 0.5049995076279298, 0.22759257371759548], [0.07614880103093202, 0.10905591591322919, 0.3106713268126056, 0.504123956143215], [0.12746371993395741, 0.12745925022233293, 0.5537668762348135, 0.19131015350891045], [0.22256346148618233, 0.233302844658448, 0.16541732323480038, 0.37871637052058593]], "ideal": "A", "sampled": "A", "correct": true}}
{"type": "result", "data": {"idx": 11, "options": ["good fitting", "overfitting", "underfitting", "all of the above"], "probs": [[0.06355652016857771, 0.42732388092667056, 0.15481509215323283, 0.3543045066515212], [0.4528817671815739, 0.16406799234254574, 0.29247596078579147, 0.09057427959010797], [0.34310758090512167, 0.2630099363899567, 0.09597393967475047, 0.29790854293016855], [0.05144376333874828, 0.06405003163504401, 0.37705913823709436, 0.5074470666891029]], "ideal": "C", "sampled": "B", "correct": false}}
{"type": "result", "data": {"idx": 12, "options": ["True, True", "False, False", "True, False", "False, True"], "probs": [[0.1544733455559125, 0.11484756549291826, 0.4759682271781883, 0.2547108616729744], [0.06500518333950611, 0.1252387208245661, 0.25705820844045063, 0.5526978872955034], [0.14178386548038094, 0.1557019726874665, 0.5026125101687754, 0.1999016515633643], [0.1968088222345342, 0.3564826720050777, 0.12708630261399834, 0.31962220304640265]], "ideal": "A", "sampled": "A", "correct": true}}
{"type": "result", "data": {"idx": 13, "options": ["True, True", "False, False", "True, False", "False, True"], "probs": [[0.12386782629100265, 0.13821094308176543, 0.46736905015009134, 0.2705521803771453], [0.09536486021239797, 0.13443247712772996, 0.2935252340308634, 0.4766774285290041], [0.12660683478130721, 0.13478453813628494, 0.4705111701836624, 0.26809745679875485], [0.1717990217391128, 0.2104996655588178, 0.24236336829610017, 0.37533794430596673]], "ideal": "B", "sampled": "A", "correct": false}}
{"type": "result", "data": {"idx": 14, "options": ["pure", "not pure", "useful", "useless"], "probs": [[0.5227233781409806, 0.2887142182420959, 0.08878651837517813, 0.09977588514171286], [0.5700752308751822, 0.16853323051565408, 0.11949283866913821, 0.14189869983999973], [0.19326977469788123, 0.16017994345392345, 0.3608776851223252, 0.28567259662587047], [0.06855674695162084, 0.3374269212884728, 0.37623613553776164, 0.21778019612215535]], "ideal": "B", "sampled": "B", "correct": true}}
{"type": "result", "data": {"idx": 15, "options": ["True, True", "False, False", "True, False", "False, True"], "probs": [[0.11899310512758497, 0.10836818533800578, 0.5167214270427649, 0.25591728239163947], [0.08168544675482847, 0.11885907598031337, 0.34380585245570733, 0.4556496247091489], [0.1236262137962972, 0.15384116542212595, 0.5122884678098577, 0.21024415287172], [0.19580678704513232, 0.28490833079696926, 0.17553176462523393, 0.3437531174326837]], "ideal": "B", "sampled": "A", "correct": false}}
{"type": "result", "data": {"idx": 16, "options": ["This feature has a strong effect on the model (should be retained)", "This feature does not have a strong effect on the model (should be ignored)", "It is not possible to comment on the importance of this feature without additional information", "Nothing can be determined."], "probs": [[0.17509687960210152, 0.4542092007971153, 0.21123119231324988, 0.1594627271875197], [0.1231209089532207, 0.10206092835401025, 0.0770318106628608, 0.6977863519299157], [0.08173203564768354, 0.027161927671479312, 0.36621038410080486, 0.524895652480046], [0.021027197863638734, 0.15185359318798125, 0.32127570162291735, 0.5058435072254747]], "ideal": "C", "sampled": "B", "correct": false}}
{"type": "result", "data": {"idx": 17, "options": ["The number of hidden nodes", "The learning rate", "The initial choice of weights", "The use of a constant-term unit input"], "probs": [[0.23760522491053576, 0.14872549767356608, 0.45787032489831875, 0.15579895241756772], [0.0774739453250632, 0.32113338864559765, 0.10421127730801726, 0.4971813886213156], [0.19460200026924926, 0.15151984916036723, 0.3750417357218873, 0.2788364147485019], [0.08111648944155618, 0.28760893367465507, 0.10247525739763354, 0.5287993193861734]], "ideal": "A", "sampled": "C", "correct": false}}
{"type": "result", "data": {"idx": 18, "options": ["The polynomial degree", "Whether we learn the weights by matrix inversion or gradient descent", "The assumed variance of the Gaussian noise", "The use of a constant-term unit input"], "probs": [[0.430764722403738, 0.18816686785023035, 0.16104829976216983, 0.22002010988385345], [0.026772203549332907, 0.06374113053358603, 0.08314856687864809, 0.8263380989384238], [0.06984572802833783, 0.1304126416971957, 0.5846056004085843, 0.21513602976587456], [0.09057477910381083, 0.5907840665811338, 0.12382998319098451, 0.19481117102409184]], "ideal": "A", "sampled": "A", "correct": true}}
{"type": "result", "data": {"idx": 19, "options": ["True, True", "False, False", "True, False", "False, True"], "probs": [[0.11950048890765937, 0.11583132665705521, 0.5270376955181163, 0.2376304888171604], [0.08939749093606707, 0.15203379121974, 0.3822095151802828, 0.37635920256389693], [0.1428490037991147, 0.17495173358009528, 0.44681935190422917, 0.2353799106165762], [0.19929995038954582, 0.26816252121040085, 0.21894415165559394, 0.3135933766444485]], "ideal": "A", "sampled": "A", "correct": true}}
{"type": "result", "data": {"idx": 20, "options": ["Requires the dimension of the feature space to be no bigger than the number of samples", "Has the smallest value of the objective function when K = 1", "Minimizes the within class variance for a given number of clusters", "Converges to the global optimum if and only if the initial means are chosen as some of the samples themselves"], "probs": [[0.08412655050021181, 0.09834953166573174, 0.34845129594677915, 0.4690726217872731], [0.1405256002463451, 0.27102743463257456, 0.32181424478616927, 0.26663272023491236], [0.21964036588578037, 0.30496410528077716, 0.13526923682359293, 0.3401262919098548], [0.13054689304003272, 0.10654955534601239, 0.10007443908550342, 0.662829112428429]], "ideal": "C", "sampled": "C", "correct": true}}
{"type": "result", "data": {"idx": 21, "options": ["True, True", "False, False", "True, False", "False, True"], "probs": [[0.12794509754030456, 0.10285460064122216, 0.522485604474213, 0.24671469724427436], [0.07680681155413399, 0.12466545106460136, 0.3496870250849816, 0.4488407121962754], [0.12685447470995773, 0.14601847285422234, 0.5425343132411806, 0.1845927390946459], [0.1959765782228778, 0.3133053777062913, 0.16251015489392628, 0.3282078890768996]], "ideal": "A", "sampled": "A", "correct": true}}
{"type": "result", "data": {"idx": 22, "options": ["0", "1", "2", "3"], "probs": [[0.1132867024390584, 0.23986755730208212, 0.4479936323126505, 0.19885210784621712], [0.11137411979792151, 0.18075411141289646, 0.35393648022575513, 0.3539352884634546], [0.10859253893018125, 0.18763395777943462, 0.2093618232403607, 0.4944116799500261], [0.11597162294995826, 0.12939626051308203, 0.4243123321376833, 0.33031978429928566]], "ideal": "B", "sampled": "B", "correct": true}}
{"type": "result", "data": {"idx": 23, "options": ["True, True", "False, False", "True, False", "False, True"], "probs": [[0.12844932332762082, 0.08821494130030541, 0.515713602267145, 0.26762213300493076], [0.08924617453223088, 0.11457183162633876, 0.3213002218076258, 0.47488177193381653], [0.1267321924480711, 0.13490885128496333, 0.542047446189665, 0.19631150997730962], [0.20735646204414238, 0.22774478441151455, 0.20099552532620282, 0.36390322811812265]], "ideal": "C", "sampled": "A", "correct": false}}
{"type": "result", "data": {"idx": 24, "options": ["Decision Trees", "Density-based clustering", "Model-based clustering", "K-means clustering"], "probs": [[0.005991688710800539, 0.6017185651677729, 0.07533409259691647, 0.3169556534245013], [0.7506194115475238, 0.06563202993907116, 0.04041284927988491, 0.14333570913351296], [0.007809773331153829, 0.007222362610966921, 0.008919154737967862, 0.9760487092199204], [0.009431381378541038, 0.004456332022515033, 0.6928921002883026, 0.2932201862106455]], "ideal": "B", "sampled": "B", "correct": true}}
{"type": "result", "data": {"idx": 25, "options": ["True, True", "False, False", "True, False", "False, True"], "probs": [[0.1416331371160229, 0.11556435091914324, 0.48641029299602023, 0.2563922188688123], [0.07070161133766222, 0.11660769127166898, 0.3218481650109823, 0.4908425322796788], [0.12365584729553432, 0.13372857876876018, 0.5627272448127031, 0.17988832902297852], [0.2151976922519519, 0.3492867771504687, 0.13678151995349194, 0.2987340105440574]], "ideal": "A", "sampled": "A", "correct": true}}
{"type": "result", "data": {"idx": 26, "options": ["they are biased", "they have high variance", "they are not consistent estimators", "None of the above"], "probs": [[0.17728874018341576, 0.35263821146508384, 0.12283258180319473, 0.3472404664483133], [0.503591593835632, 0.16108419746560265, 0.11869462010593063, 0.21662958849281563], [0.16226792817213914, 0.05437440959128581, 0.2676366709001154, 0.5157209912364628], [0.05570929283147727, 0.13579243314000827, 0.23271635704666316, 0.5757819168818554]], "ideal": "B", "sampled": "B", "correct": true}}
{"type": "result", "data": {"idx": 27, "options": ["linear in D", "linear in N", "polynomial in D", "dependent on the number of iterations"], "probs": [[0.0501876324097457, 0.04750282637354018, 0.4300343957558201, 0.4722751453608861], [0.1016014339147431, 0.08420374437257497, 0.3409171005266362, 0.47327772108603383], [0.21659058075153667, 0.24552515236328018, 0.29616790875051324, 0.24171635803468092], [0.08210076749286346, 0.07246081863037107, 0.07837047199924507, 0.767067941777538]], "ideal": "C", "sampled": "C", "correct": true}}
{"type": "result", "data": {"idx": 28, "options": ["Increase bias", "Decrease bias", "Increase variance", "Decrease variance"], "probs": [[0.04762203111839116, 0.2593468002715081, 0.2849796283159088, 0.40805154019417744], [0.31054771224569544, 0.33594100737957927, 0.14001316986848514, 0.21349811040625194], [0.06061618731248051, 0.4844086473794583, 0.05969678584971925, 0.3952783793583484], [0.6725013534009296, 0.04759224536468611, 0.08418673460845028, 0.19571966652592326]], "ideal": "D", "sampled": "D", "correct": true}}
{"type": "result", "data": {"idx": 29, "options": ["Best-subset selection", "Forward stepwise selection", "Forward stage wise selection", "All of the above"], "probs": [[0.11810578439740937, 0.03204561133190569, 0.054931076909076317, 0.7949175272616243], [0.14078300973777502, 0.09023616310489244, 0.42050768776267117, 0.34847313929464974], [0.1657944802954532, 0.4168011104760542, 0.1908148644205106, 0.2265895447079852], [0.4012184647938499, 0.12821437664667237, 0.1430989225540528, 0.3274682359054188]], "ideal": "C", "sampled": "D", "correct": false}}
{"type": "result", "data": {"idx": 30, "options": ["Optimize a convex objective function", "Can only be trained with stochastic gradient descent", "Can use a mix of different activation functions", "None of the above"], "probs": [[0.18293119614483222, 0.06729179498578557, 0.17731813186510437, 0.5724588769042666], [0.038516650218218214, 0.26538868989235903, 0.10723844164808322, 0.5888562181413596], [0.21001087942610663, 0.029551053082583816, 0.38608370119304725, 0.374354366198264], [0.020255488208606506, 0.14286986323005735, 0.052531861520816486, 0.7843427869405271]], "ideal": "C", "sampled": "C", "correct": true}}
{"type": "result", "data": {"idx": 31, "options": ["0.0368", "0.473", "0.078", "None of the above"], "probs": [[0.33207655357613386, 0.28396947199059996, 0.16957495912289874, 0.21437901521036457], [0.11849512599150328, 0.19535072500724737, 0.09376775429333703, 0.5923863946079042], [0.15691392846368862, 0.07650243414526116, 0.5651076509738434, 0.20147598631718525], [0.057571481729242785, 0.572365631484393, 0.14931920353157346, 0.22074368315478182]], "ideal": "C", "sampled": "A", "correct": false}}
{"type": "result", "data": {"idx": 32, "options": ["True, True", "False, False", "True, False", "False, True"], "probs": [[0.1432117276548381, 0.11866900272895052, 0.4622104126723345, 0.275908856843885], [0.1039807525520112, 0.12748130872716554, 0.3572800237135837, 0.4112579149072277], [0.14844351824737942, 0.15075935784030572, 0.5102455729810341, 0.19055155083130296], [0.2117512575453839, 0.26352216402542217, 0.1810910157284455, 0.343635562600732]], "ideal": "B", "sampled": "A", "correct": false}}
{"type": "result", "data": {"idx": 33, "options": ["It can not be applied to non-differentiable functions.", "It can not be applied to non-continuous functions.", "It is hard to implement.", "It runs reasonably slow for multiple linear regression."], "probs": [[0.07850932073124617, 0.07490752458426754, 0.3804376541075039, 0.4661455004769772], [0.06245288679941325, 0.1417548765404621, 0.38556436819369727, 0.4102278683664206], [0.06580643583999284, 0.24271210825549772, 0.3215701233728289, 0.36991133243168095], [0.10518488608611766, 0.29058794361749224, 0.11024946984028286, 0.49397770035610533]], "ideal": "D", "sampled": "D", "correct": true}}
{"type": "result", "data": {"idx": 34, "options": ["Supervised learning", "Unsupervised learning", "Clustering", "None of the above"], "probs": [[0.36387258679523965, 0.3365041435358706, 0.06471397204963128, 0.23490929751926343], [0.023148210248000112, 0.02726781961800026, 0.018030713444786323, 0.9315532565891907], [0.0256245987729279, 0.02058311165991835, 0.2508584542570605, 0.7029338352100813], [0.06521317287119985, 0.4524942688153691, 0.22051492227606168, 0.26177763593738235]], "ideal": "A", "sampled": "A", "correct": true}}
{"type": "result", "data": {"idx": 35, "options": ["It relates inputs to outputs.", "It is used for prediction.", "It may be used for interpretation.", "It discovers causal relationships"], "probs": [[0.07226845640701207, 0.16284373376536154, 0.10034085812380078, 0.6645469516038353], [0.11005717966346361, 0.17872470281142983, 0.4707255980120328, 0.24049251941307737], [0.11226853044286876, 0.41706527629113205, 0.15591052917491482, 0.31475566399107724], [0.3296335123517156, 0.1374701986601705, 0.1764110947840441, 0.35648519410406815]], "ideal": "D", "sampled": "D", "correct": true}}
{"type": "result", "data": {"idx": 36, "options": ["To save computing time during testing", "To save space for storing the Decision Tree", "To make the training set error smaller", "To avoid overfitting the training set"], "probs": [[0.005125362384470148, 0.003083599823768626, 0.015416985600475625, 0.9763740520912619], [0.0033122842973249754, 0.02060477488540569, 0.8829848911502605, 0.09309804956699817], [0.012390491077383535, 0.9174064596474194, 0.031141867684174304, 0.03906118149104157], [0.9752220867429834, 0.006677700795443029, 0.0055325825216074155, 0.01256762983996151]], "ideal": "D", "sampled": "D", "correct": true}}
{"type": "result", "data": {"idx": 37, "options": ["True, True", "False, False", "True, False", "False, True"], "probs": [[0.14392596244873918, 0.10046738285863802, 0.48680962931729166, 0.2687970252753505], [0.08367374591332798, 0.11613723108111554, 0.28755537300414036, 0.5126336499014451], [0.12283858971148955, 0.11721997357851649, 0.6046286047041038, 0.15531283190588505], [0.19692568958345472, 0.2734700131627284, 0.14405543464919865, 0.38554886250462606]], "ideal": "B", "sampled": "A", "correct": false}}
{"type": "result", "data": {"idx": 38, "options": ["Increase the amount of training data.", "Improve the optimisation algorithm being used for error minimisation.", "Decrease the model complexity.", "Reduce the noise in the training data."], "probs": [[0.08558849038370762, 0.15981979724848763, 0.08161884408338721, 0.6729728681844076], [0.07946988211530248, 0.14392139871732781, 0.39135511682292445, 0.3852536022444526], [0.06824806883993821, 0.3926226226477989, 0.2236588147104285, 0.31547049370183017], [0.2541843565215039, 0.3640533844399241, 0.17751015494905692, 0.20425210398951385]], "ideal": "B", "sampled": "D", "correct": false}}
{"type": "result", "data": {"idx": 39, "options": ["True, True", "False, False", "True, False", "False, True"], "probs": [[0.1250547772471042, 0.07950084271682688, 0.5348578902534455, 0.26058648968260867], [0.0324244471042333, 0.07595309240462947, 0.17119053190984077, 0.7204319284812855], [0.10949215332821281, 0.11296882051339577, 0.6105992652346209, 0.16693976082375028], [0.18779687847841142, 0.35628602615938754, 0.11037527592715209, 0.3455418193350468]], "ideal": "A", "sampled": "A", "correct": true}}
{"type": "result", "data": {"idx": 40, "options": ["For two dimensional data points, the separating hyperplane learnt by a linear SVM will be a straight line.", "In theory, a Gaussian kernel SVM cannot model any complex separating hyperplane.", "For every kernel function used in a SVM, one can obtain an equivalent closed form basis expansion.", "Overfitting in an SVM is not a function of number of support vectors."], "probs": [[0.21444389148495555, 0.2144558139630939, 0.3427103226142124, 0.22838997183772514], [0.2622251814063445, 0.35282349960148157, 0.14247793288900454, 0.24247338600319052], [0.2952921645710771, 0.1763601993981731, 0.19370204482909412, 0.3346455911016389], [0.21127069552422315, 0.20798536470045945, 0.24316443844695151, 0.33757950122834823]], "ideal": "A", "sampled": "C", "correct": false}}
{"type": "result", "data": {"idx": 41, "options": ["P(H, U, P, W) = P(H) * P(W) * P(P) * P(U)", "P(H, U, P, W) = P(H) * P(W) * P(P | W) * P(W | H, P)", "P(H, U, P, W) = P(H) * P(W) * P(P | W) * P(U | H, P)", "None of the above"], "probs": [[0.163825200974326, 0.4055107968813924, 0.27441302987029076, 0.15625097217400222], [0.3398912363058072, 0.2998386909103095, 0.11927595876309623, 0.24099411392078643], [0.3176550587360625, 0.08417577289688571, 0.15723410896160955, 0.44093505930544724], [0.0203308617987508, 0.24760503593591085, 0.37164584321371014, 0.36041825895161994]], "ideal": "C", "sampled": "B", "correct": false}}
{"type": "result", "data": {"idx": 42, "options": ["True, True", "False, False", "True, False", "False, True"], "probs": [[0.12229592323643772, 0.13016776908920025, 0.47621776328733373, 0.2713185442870195], [0.12315098268771607, 0.1373711548245923, 0.329440167497431, 0.41003769489025016], [0.12130592928753246, 0.12514763407523707, 0.5269450388220989, 0.22660139771513607], [0.1814668916687213, 0.21895302412922354, 0.23298944425588092, 0.3665906398461598]], "ideal": "B", "sampled": "A", "correct": false}}
{"type": "result", "data": {"idx": 43, "options": ["True, True", "False, False", "True, False", "False, True"], "probs": [[0.08937984006872494, 0.10127981616161243, 0.5738267755176222, 0.23551356815204677], [0.10893298241186167, 0.1293209560681607, 0.35705604240548766, 0.40469001901447466], [0.13103594714721944, 0.13726141602843267, 0.4501063538759865, 0.28159628284834887], [0.15155108912073886, 0.1587532961372106, 0.3690199940518654, 0.3206756205901711]], "ideal": "B", "sampled": "C", "correct": false}}
{"type": "result", "data": {"idx": 44, "options": ["Stochastic Gradient Descent", "Mini-Batch Gradient Descent", "Batch Gradient Descent", "All of the above"], "probs": [[0.06823170397088436, 0.023039282083004445, 0.02358795134694079, 0.8851410624991906], [0.10133711683561598, 0.060039356343855106, 0.21793072054680987, 0.6206928061737115], [0.05356831730837334, 0.046913287065485226, 0.13673673375167675, 0.7627816617744613], [0.12550693363633972, 0.3689446391935991, 0.14222967178179743, 0.3633187552882631]], "ideal": "D", "sampled": "D", "correct": true}}
{"type": "result", "data": {"idx": 45, "options": ["Decreases model bias", "Decreases estimation bias", "Decreases variance", "Doesn\u2019t affect bias and variance"], "probs": [[0.14284770872050498, 0.1095191256584296, 0.3533127098637817, 0.39432045565728835], [0.1701124133211638, 0.3436380929837701, 0.30796765635691814, 0.17828183723813026], [0.29277035984621635, 0.2583387852079127, 0.21742756956664958, 0.23146328527922932], [0.13259469258011577, 0.17288374860900363, 0.11878783752546236, 0.5757337211854258]], "ideal": "A", "sampled": "C", "correct": false}}
{"type": "result", "data": {"idx": 46, "options": ["3", "4", "7", "15"], "probs": [[0.047333818900246794, 0.11089890610577295, 0.48924279604513915, 0.35252447884885085], [0.13293966185534514, 0.18444769048686452, 0.422362747517505, 0.2602499000402937], [0.19287705432414232, 0.28490972081675675, 0.1264658513562852, 0.39574737340282573], [0.15710841677269025, 0.13025057676712717, 0.2434090314200877, 0.46923197494010244]], "ideal": "D", "sampled": "C", "correct": false}}
{"type": "result", "data": {"idx": 47, "options": ["anomaly detection", "one-class detection", "train-test mismatch robustness", "background detection"], "probs": [[0.10006915947395585, 0.7628726233190205, 0.06721697395528636, 0.06984124315172834], [0.6205138377361976, 0.04391255339598924, 0.01873568829126692, 0.3168379204765731], [0.022644681386410303, 0.00425361375664252, 0.01763828103220963, 0.955463423724756], [0.011705321838262138, 0.031801668820808274, 0.853036757264367, 0.10345625197657035]], "ideal": "A", "sampled": "B", "correct": false}}
{"type": "result", "data": {"idx": 48, "options": ["True, True", "False, False", "True, False", "False, True"], "probs": [[0.1907027675801596, 0.0943750138848517, 0.4502461694970653, 0.26467604893793084], [0.09216302153733708, 0.10772149302852295, 0.21763208418605867, 0.5824834011481058], [0.12550365739439248, 0.09320992726448463, 0.6177030426550372, 0.16358337258609937], [0.21121237329855824, 0.3074072597013733, 0.1385628426818171, 0.34281752421825934]], "ideal": "D", "sampled": "A", "correct": false}}
{"type": "result", "data": {"idx": 49, "options": ["True, True", "False, False", "True, False", "False, True"], "probs": [[0.13955900556378617, 0.10213355382847708, 0.5352485414359794, 0.22305889907175733], [0.09866400202067989, 0.16263798020449838, 0.3780154644051473, 0.3606825532696658], [0.140650017389347, 0.14516298412215625, 0.5391172655602892, 0.17506973282821414], [0.1861646346477257, 0.4130803995439458, 0.1617398085511084, 0.23901515715723723]], "ideal": "D", "sampled": "A", "correct": false}}
{"type": "result", "data": {"idx": 50, "options": ["O(1)", "O( N )", "O(log N )", "O( N^2 )"], "probs": [[0.05971310962741343, 0.07973930523839651, 0.5196509420935418, 0.340896642940637], [0.2500682697509159, 0.4529928688405419, 0.11098659646054641, 0.18595226484798472], [0.5034832703632423, 0.11409536743176166, 0.12141190721214834, 0.2610094548928476], [0.10752149000329728, 0.02614839451344428, 0.13175258001063284, 0.7345775353726068]], "ideal": "B", "sampled": "C", "correct": false}}
{"type": "result", "data": {"idx": 51, "options": ["True, True", "False, False", "True, False", "False, True"], "probs": [[0.11356902294349877, 0.11899892592956332, 0.5416580678255178, 0.2257739832014106], [0.07851629606842539, 0.14444563857213785, 0.32526589975645426, 0.4517721655029773], [0.14129545176606098, 0.17584938911804562, 0.4706195464561623, 0.21223561255971593], [0.18437773869614285, 0.3040258623463558, 0.19315575200328325, 0.31844064685421564]], "ideal": "A", "sampled": "A", "correct": true}}
{"type": "result", "data": {"idx": 52, "options": ["True, True", "False, False", "True, False", "False, True"], "probs": [[0.1261346731874366, 0.09975831230349438, 0.49865499897374804, 0.2754520154353149], [0.07985333041497221, 0.11434110212522393, 0.3013215663893147, 0.5044840009704864], [0.10689795590812876, 0.12685799957938257, 0.5098526474341495, 0.25639139697833985], [0.1739973403667538, 0.26935069021365354, 0.1766758521332504, 0.37997611718633567]], "ideal": "D", "sampled": "A", "correct": false}}
{"type": "result", "data": {"idx": 53, "options": ["Is unbounded, encompassing all real numbers.", "Is unbounded, encompassing all integers.", "Is bounded between 0 and 1.", "Is bounded between -1 and 1."], "probs": [[0.009995342284403724, 0.009315846390442275, 0.8193157777698229, 0.1613730334553395], [0.02015503903483164, 0.7220200873932834, 0.11783609165206618, 0.1399887818198455], [0.45345428741568894, 0.3164630735150985, 0.16164896715141774, 0.06843367181778526], [0.38429313276669325, 0.14136360470649761, 0.04586952934822154, 0.42847373307859277]], "ideal": "C", "sampled": "C", "correct": true}}
{"type": "result", "data": {"idx": 54, "options": ["Linear hard-margin SVM.", "Linear Logistic Regression.", "Linear Soft margin SVM.", "The centroid method."], "probs": [[0.2866956440328238, 0.1609302333738399, 0.29132767552895866, 0.26104644696436524], [0.24789703595853935, 0.12657542042521702, 0.12461815211077767, 0.5009093914054917], [0.11505877421344207, 0.07367199119798479, 0.5751867151880763, 0.23608251930050925], [0.1954632971144412, 0.3122948934035074, 0.15455824054862177, 0.33768356883343165]], "ideal": "A", "sampled": "A", "correct": true}}
{"type": "result", "data": {"idx": 55, "options": ["Partitioning based clustering", "K-means clustering", "Grid based clustering", "All of the above"], "probs": [[0.045907749266448965, 0.00785310168649252, 0.03156004653586217, 0.914679102411197], [0.08648471547457301, 0.2973512407128373, 0.33688555955517835, 0.27927848415743295], [0.18548990783185954, 0.12651708033269995, 0.40516530580660653, 0.28282770592881823], [0.3745456760108321, 0.2961855711405453, 0.08753571874498497, 0.241733034003642]], "ideal": "D", "sampled": "D", "correct": true}}
{"type": "result", "data": {"idx": 56, "options": ["True, True", "False, False", "True, False", "False, True"], "probs": [[0.13724514284896983, 0.15799963793451674, 0.4097638254258021, 0.29499139369070826], [0.09462050673647293, 0.1443045541430181, 0.24929176255990929, 0.5117831764606081], [0.12920264561431155, 0.14190135826919043, 0.47990473829541563, 0.24899125772106825], [0.18144317199399498, 0.2441983387143804, 0.19022639422183604, 0.38413209496978445]], "ideal": "D", "sampled": "A", "correct": false}}
{"type": "result", "data": {"idx": 57, "options": ["True, True", "False, False", "True, False", "False, True"], "probs": [[0.15809737313019454, 0.10529508622911081, 0.47194596162271885, 0.2646615789179885], [0.05639049738377826, 0.0959196090237311, 0.32944771506566833, 0.5182421784268056], [0.11469309967012824, 0.11468988165496455, 0.601060097564951, 0.16955692100997588], [0.2086494165971003, 0.34403066723096754, 0.13892840032029702, 0.3083915157516431]], "ideal": "D", "sampled": "A", "correct": false}}
{"type": "result", "data": {"idx": 58, "options": ["P(E, F), P(H), P(E|H), P(F|H)", "P(E, F), P(H), P(E, F|H)", "P(H), P(E|H), P(F|H)", "P(E, F), P(E|H), P(F|H)"], "probs": [[0.17397430767866914, 0.1313640788055247, 0.19118449137137758, 0.5034771220444227], [0.07368456505328135, 0.07966579145565826, 0.11409510074920799, 0.7325545426418401], [0.13467952987909085, 0.14786370648122266, 0.4774079097428248, 0.2400488537968432], [0.13086237225925054, 0.3190898158705135, 0.15307579871395496, 0.39697201305628727]], "ideal": "B", "sampled": "A", "correct": false}}
{"type": "result", "data": {"idx": 59, "options": ["The use of sampling with replacement as the sampling technique", "The use of weak classifiers", "The use of classification algorithms which are not prone to overfitting", "The practice of validation performed on every classifier trained"], "probs": [[0.03265940975856599, 0.06299932249766695, 0.021426601832496953, 0.8829146658112658], [0.09949277718909748, 0.007920547430562322, 0.29249156845775176, 0.6000951068225991], [0.008706993261288359, 0.1202589520375248, 0.11121734950917864, 0.7598167050920115], [0.18373858385162536, 0.1262440725046338, 0.5400985661207125, 0.14991877742302917]], "ideal": "B", "sampled": "D", "correct": false}}
{"type": "result", "data": {"idx": 60, "options": ["True, True", "False, False", "True, False", "False, True"], "probs": [[0.1561926520030274, 0.12749141805856368, 0.45890158700285444, 0.25741434283553993], [0.09620491353779222, 0.11786749604858285, 0.34107582314665474, 0.4448517671669837], [0.1270839129695492, 0.13318271845664875, 0.5605347740821491, 0.17919859439167535], [0.20015270612045444, 0.29111986606448104, 0.19391098570184265, 0.3148164420132069]], "ideal": "B", "sampled": "A", "correct": false}}
{"type": "result", "data": {"idx": 61, "options": ["True, True", "False, False", "True, False", "False, True"], "probs": [[0.0881048204590899, 0.11313084664167727, 0.5230679677189736, 0.27569636508025996], [0.09091755546690405, 0.14298978277656768, 0.40098906671993695, 0.36510359493658295], [0.15778288953405709, 0.1873286088068292, 0.4288540562551424, 0.22603444530395944], [0.17854066439364058, 0.20869586001823576, 0.2896451320436781, 0.32311834344443285]], "ideal": "A", "sampled": "C", "correct": false}}
{"type": "result", "data": {"idx": 62, "options": ["0", "1", "2", "3"], "probs": [[0.0834890127619353, 0.30538238855487687, 0.4044898608718902, 0.20663873771131547], [0.1039519327305374, 0.296160470057153, 0.18238386976471288, 0.41750372734759633], [0.1820326272248603, 0.20632411385557126, 0.3508712006927102, 0.2607720581268512], [0.13014665592730354, 0.16444972785891215, 0.38847336474550814, 0.31693025136826974]], "ideal": "C", "sampled": "C", "correct": true}}
{"type": "result", "data": {"idx": 63, "options": ["The examples farthest from the decision boundary.", "The only examples necessary to compute f(x) in an SVM.", "The data centroid.", "All the examples that have a non-zero weight \u03b1k in a SVM."], "probs": [[0.0625115379062037, 0.07197290925749637, 0.0158107177318289, 0.849704835004465], [0.020752273874184508, 0.00838464214244904, 0.14183568183462456, 0.8290274020487561], [0.007404066524369991, 0.6360984278109505, 0.18795108612746914, 0.16854641943723886], [0.3686988797447735, 0.43779676418047275, 0.13563535832857582, 0.057868997646176604]], "ideal": "B", "sampled": "D", "correct": false}}
{"type": "result", "data": {"idx": 64, "options": ["True, True", "False, False", "True, False", "False, True"], "probs": [[0.13483244804208724, 0.11901161685534266, 0.5168146335464535, 0.2293413014560941], [0.09857247599944216, 0.14562086690917517, 0.3778988293822968, 0.3779078276091089], [0.1411558233132409, 0.15018722049389088, 0.500110511848971, 0.2085464442438928], [0.2158113316090295, 0.2857800910185344, 0.18453318643878006, 0.3138753908336274]], "ideal": "A", "sampled": "A", "correct": true}}
{"type": "result", "data": {"idx": 65, "options": ["Regularization is too low and model is overfitting", "Regularization is too high and model is underfitting", "Step size is too large", "Step size is too small"], "probs": [[0.5543703254479466, 0.27034777014995837, 0.10256825125443177, 0.07271365304764327], [0.2526905735936635, 0.31445556747235115, 0.1086413693029108, 0.3242124895310844], [0.07216551508313754, 0.0956089913469386, 0.6329603268292124, 0.1992651666406963], [0.040564733517952915, 0.8081769976145151, 0.10273097068827612, 0.04852729807925614]], "ideal": "C", "sampled": "A", "correct": false}}
{"type": "result", "data": {"idx": 66, "options": ["0.0495", "0.078", "0.635", "0.97"], "probs": [[0.18765072675706906, 0.28616687101956834, 0.28152636840660544, 0.2446560337167537], [0.13540677073928659, 0.41706477830104627, 0.10713651503284281, 0.34039193582681504], [0.30305734061383327, 0.18974490673325664, 0.26739684154532006, 0.23980091100757453], [0.06757563164475475, 0.4839122781312295, 0.12622945463937996, 0.32228263548463904]], "ideal": "C", "sampled": "C", "correct": true}}
{"type": "result", "data": {"idx": 67, "options": ["True, True", "False, False", "True, False", "False, True"], "probs": [[0.13735415829049277, 0.11207907313395564, 0.46440346633201174, 0.28616330214354985], [0.0774186772274271, 0.12967246649070385, 0.3111029064283287, 0.4818059497535354], [0.1765642105603589, 0.16325167231373572, 0.43002571188081, 0.2301584051450943], [0.21712688440114394, 0.3209131667401845, 0.12565199584079378, 0.33630795291786475]], "ideal": "A", "sampled": "A", "correct": true}}
{"type": "result", "data": {"idx": 68, "options": ["True, True", "False, False", "True, False", "False, True"], "probs": [[0.1136692569980434, 0.12477474458681757, 0.5015176354898924, 0.26003836282525566], [0.09830940146966909, 0.11674385618354036, 0.3709772379942266, 0.4139695042525465], [0.1240768664131235, 0.1472751337018563, 0.5304540932584167, 0.19819390652658825], [0.18230312151895245, 0.26935218523863413, 0.2233117603678571, 0.325032932774557]], "ideal": "A", "sampled": "A", "correct": true}}
{"type": "result", "data": {"idx": 69, "options": ["Expectation Maximization", "CART", "Gaussian Na\u00efve Bayes", "Apriori"], "probs": [[0.18787051351402867, 0.050174027295079825, 0.05297924080678932, 0.7089762182841093], [0.01832346605064989, 0.00913899904860943, 0.09672404288395088, 0.8758134919168127], [0.015580233654266687, 0.04474051489086308, 0.6782083839183225, 0.261470867436555], [0.06830557936693496, 0.7461367114563828, 0.09784476226951448, 0.08771294680716966]], "ideal": "A", "sampled": "A", "correct": true}}
{"type": "result", "data": {"idx": 70, "options": ["Your decision trees are too shallow.", "You need to increase the learning rate.", "You are overfitting.", "None of the above."], "probs": [[0.04508158640245219, 0.025881741650956212, 0.8242351551036726, 0.10480151674292644], [0.06471466941969571, 0.729129922590318, 0.1328371278325997, 0.0733182800573792], [0.7688339211143997, 0.09476462806726653, 0.0876166718427224, 0.0487847788755881], [0.005959170254617163, 0.017380635114646152, 0.020156928549566657, 0.9565032659811797]], "ideal": "A", "sampled": "C", "correct": false}}
{"type": "result", "data": {"idx": 71, "options": ["linear in K", "quadratic in K", "cubic in K", "exponential in K"], "probs": [[0.3320759928120871, 0.271027824561859, 0.134168903268541, 0.2627272792575129], [0.16259231202497712, 0.09264895116004111, 0.10173750415315543, 0.6430212325618456], [0.1594104403357304, 0.1863806079135818, 0.32709914258482436, 0.3271098090658892], [0.3208442852167715, 0.31082677685549476, 0.1612717815750702, 0.20705715625266305]], "ideal": "A", "sampled": "A", "correct": true}}
{"type": "result", "data": {"idx": 72, "options": ["True, True", "False, False", "True, False", "False, True"], "probs": [[0.1421342568433871, 0.1294297778747493, 0.4588433069096401, 0.26959265827221984], [0.08972947356257487, 0.17834268919894208, 0.27636057601414, 0.45556726112436063], [0.14577883766821753, 0.143454305766346, 0.47050485302344247, 0.24026200344200382], [0.20330666000209865, 0.35676992350891024, 0.1441962823326443, 0.2957271340563422]], "ideal": "B", "sampled": "A", "correct": false}}
