{"type": "result", "data": {"idx": 0, "options": ["Aging is related to an increase in vaginal lubrication", "Aging is associated with an increase in the frequency and number of orgasmic contractions in both sexes", "There is no significant relationship between aging and sexual responses in either sex", "Aging is related to some loss of erectile rigidity in the male"], "probs": [[0.03043524878270735, 0.2798378612601105, 0.12422632260942833, 0.5655005672477613], [0.1638805040695607, 0.04842044140265573, 0.5455741978668465, 0.2421248565609381], [0.015463444382075942, 0.027992304454407323, 0.05109776757700503, 0.9054464834865135], [0.10139376430127696, 0.035038681041283076, 0.2375656066228942, 0.6260019479345642]], "ideal": "D", "sampled": "B", "correct": false}}
{"type": "result", "data": {"idx": 1, "options": ["\u201cBlank slates\u201d", "Less intelligent than adults", "\u201cLittle scientists\u201d", "Shaped by culture"], "probs": [[0.002290921311181569, 0.001490794969875512, 0.953018615287266, 0.04319966833165538], [0.0165182738476112, 0.7418075828530311, 0.08857833612974977, 0.15309580706961928], [0.4071821103666749, 0.0505970377073442, 0.4613777266458538, 0.08084312518011032], [0.002278777094416835, 0.0032383374897532215, 0.008868839491413948, 0.9856140458243989]], "ideal": "C", "sampled": "C", "correct": true}}
{"type": "result", "data": {"idx": 2, "options": ["about 68% of the observed scores for the test population lie within 15 points of the mean score", "about 68% of the individuals with a given cure score will have observed scores within 15 points of the true score", "about 15% of the scores are in error (i.e., they are not measuring the trait reliably)", "differences of up to 30 points represent the same true score"], "probs": [[0.19628357016868392, 0.15291071546809104, 0.5588442569249291, 0.09196145733827447], [0.36267774366948025, 0.3101544518047979, 0.10385224806811616, 0.22331555635760755], [0.13005602224903717, 0.060932614019642124, 0.4329623469313882, 0.37604901669993485], [0.0351736932181779, 0.27009550032539886, 0.13162663518264378, 0.5631041711737808]], "ideal": "B", "sampled": "C", "correct": false}}
{"type": "result", "data": {"idx": 3, "options": ["An Apgar", "A teratogen", "Only a problem in the first 6 weeks", "A controlled substance"], "probs": [[0.0012806240724341016, 0.9878751615510408, 0.008614430187278227, 0.002229784089264012], [0.9965023274692324, 0.0014194688820669727, 0.0010878362168727947, 0.0009903673318121294], [0.000893293107338063, 0.0006583916503407115, 0.004193417179799965, 0.9942548979625214], [0.0009322537066988029, 0.0010242449754483234, 0.9901816161821854, 0.007861885035644377]], "ideal": "B", "sampled": "B", "correct": true}}
{"type": "result", "data": {"idx": 4, "options": ["needs analysis.", "job evaluation.", "summative evaluation.", "formative evaluation."], "probs": [[0.9169799591557437, 0.014942151970190146, 0.005669124653545872, 0.06240876412053269], [0.0046471789526664605, 0.002546809256104345, 0.028014901817147796, 0.9647911098740946], [0.0076521542165474896, 0.017919618999845673, 0.9708148220028487, 0.0036134046807566747], [0.0460197108904261, 0.9095431085568211, 0.010763114716909628, 0.033674065735822656]], "ideal": "A", "sampled": "A", "correct": true}}
{"type": "result", "data": {"idx": 5, "options": ["a useful strategy for helping the client understand the present.", "a way for the client to avoid coming to terms with the present.", "\"the \"\"second layer\"\" of therapy.\"", "\"a way for achieving \"\"closure\"\" near the end of therapy.\""], "probs": [[0.28736130177880936, 0.17163536853071043, 0.3308048471322989, 0.2101984824581971], [0.04640317204579574, 0.07894251313531046, 0.052169425516079906, 0.8224848892028007], [0.12841894344661303, 0.033507734590659, 0.7055156707164242, 0.1325576511463254], [0.10384886997034377, 0.41072188525636305, 0.13967425860646326, 0.34575498606683003]], "ideal": "B", "sampled": "A", "correct": false}}
{"type": "result", "data": {"idx": 6, "options": ["the efficiency of controlled memory processes", "metamemory skills, or knowledge about memory", "recognition memory", "the amount of factual memory knowledge available"], "probs": [[0.12891736234998966, 0.05249548945653436, 0.7133644591640997, 0.1052226889293904], [0.040715015211764, 0.26344577944855474, 0.044007056438501654, 0.6518321488011936], [0.11080181321992774, 0.005826871663346749, 0.3867605884418666, 0.49661072657486227], [0.0062814089067225855, 0.11667033764051264, 0.11666240950400403, 0.7603858438487516]], "ideal": "A", "sampled": "C", "correct": false}}
{"type": "result", "data": {"idx": 7, "options": ["Parkinson's disease", "Vascular Dementia", "a right frontal lobe tumor", "Alzheimer's disease"], "probs": [[0.053085940477283, 0.038826989809159974, 0.3328147674814426, 0.5752723021321133], [0.03374145766017211, 0.08225230018121325, 0.6516163553139045, 0.23238988674468541], [0.06770168674110905, 0.05032876823997989, 0.6733504180542702, 0.2086191268646542], [0.01470180038737098, 0.2544834448817992, 0.1920778026092956, 0.5387369520215146]], "ideal": "A", "sampled": "D", "correct": false}}
{"type": "result", "data": {"idx": 8, "options": ["unethical, because the client's needs were not addressed more directly", "unethical, because the psychologist should have delayed the trip and given the client an appointment for that afternoon", "unethical, because the psychologist should have called a physician directly", "ethical, because it was not possible to determine whether or not the client was being manipulative"], "probs": [[0.17776340837793028, 0.13624917881969975, 0.4468300611582377, 0.2391573515441367], [0.040303384406674074, 0.03758442604694645, 0.03315737735098631, 0.8889548120953722], [0.20962776411324713, 0.05057761888114126, 0.3098486516870367, 0.42994596521858897], [0.02641055864112063, 0.08004716987923614, 0.08523557133709227, 0.8083067000425384]], "ideal": "A", "sampled": "C", "correct": false}}
{"type": "result", "data": {"idx": 9, "options": ["clarify boundaries between family members in order to reduce enmeshment.", "work initially with the most differentiated family member.", "\"use a multiple-therapist team to prevent any one therapist from becoming \"\"triangulated\"\" into the family system.\"", "\"issue specific \"\"directives\"\" designed to counteract dysfunctional processes.\""], "probs": [[0.0983409117657513, 0.07306707406395582, 0.11860060477751308, 0.7099914092927888], [0.045669615472601725, 0.055952908836442716, 0.359210755380265, 0.5391667202106842], [0.05594428846697305, 0.26073872487368444, 0.27318518342753745, 0.41013180313182857], [0.1763225170655818, 0.19975952715544285, 0.2564083962920749, 0.3675095593868939]], "ideal": "A", "sampled": "D", "correct": false}}
{"type": "result", "data": {"idx": 10, "options": ["A true experiment", "A cross-sequential cohort design", "A natural experiment", "A cross-sectional cohort design"], "probs": [[0.030717165132562452, 0.5840890857755311, 0.19558985762325862, 0.18960389136866096], [0.3227459259196991, 0.11880706840851285, 0.25528787074964976, 0.303159134822111], [0.250603275966978, 0.17500704975085377, 0.1922034181185595, 0.3821862560636083], [0.06638339593413492, 0.047415383097657186, 0.4293167916151066, 0.4568844292531049]], "ideal": "B", "sampled": "B", "correct": true}}
{"type": "result", "data": {"idx": 11, "options": ["recall of words", "verbal comprehension", "verbal learning", "production of speech"], "probs": [[0.015077619910033984, 0.004185221142675718, 0.01832696411936838, 0.9624101947279257], [0.014171419918314443, 0.008798579894603163, 0.9405564896536354, 0.0364735104334411], [0.013314816047368751, 0.8837514342701344, 0.03793333657958098, 0.06500041300292822], [0.9800429204673615, 0.004166531316367346, 0.006108178778057415, 0.009682369338215407]], "ideal": "D", "sampled": "D", "correct": true}}
{"type": "result", "data": {"idx": 12, "options": ["the child\u2019s intelligence.", "the child\u2019s \u201cbasic personality.\u201d", "the strength of the parent-child attachment.", "the parents\u2019 childrearing behaviors"], "probs": [[0.000796533541259957, 0.0006710693760136079, 0.008766994805741325, 0.9897654021769879], [0.004519594417667004, 0.025800320250120842, 0.9456234544363362, 0.024056630795854593], [0.016897011829979543, 0.9293088893134405, 0.016894389338311135, 0.03689970941827309], [0.6158832979508722, 0.008389622894117956, 0.024833810703527918, 0.35089326835147594]], "ideal": "D", "sampled": "D", "correct": true}}
{"type": "result", "data": {"idx": 13, "options": ["is nonresponsive to visual or auditory stimuli and seems to be in a state of deep sleep.", "is confused and incoherent, may exhibit bizarre behavior, and is unable to care for him/herself.", "is alert and oriented and can remember and integrate remote and recent events but may have some impairment in judgment, planning, and abstract reasoning.", "is functioning at an intellectual level that is superior for his/her age, education, and demographic background."], "probs": [[0.011433610080030954, 0.046638793996526415, 0.8594590398984933, 0.08246855592495246], [0.1485018935972499, 0.4295691524606348, 0.35605254553188215, 0.06587640831022355], [0.9083093655022301, 0.050455413382676506, 0.018847735500346754, 0.02238748551475817], [0.04864864638904086, 0.02815206543760409, 0.06100069045937006, 0.8621985976140101]], "ideal": "B", "sampled": "C", "correct": false}}
{"type": "result", "data": {"idx": 14, "options": ["decline the request to testify.", "agree to testify only if she obtains consent from both parents.", "agree to testify only if she can evaluate all of the involved parties.", "agree to testify only if her familiarity with the child won''t bias her testimony."], "probs": [[0.0931250245816415, 0.10544905766403723, 0.23580717350092828, 0.5656187441533765], [0.0204551781426315, 0.024863654596715412, 0.13761106284550584, 0.8170701043151365], [0.0433266989823678, 0.08285533089569831, 0.5661053244983751, 0.3077126455235415], [0.09989190705130338, 0.44761200078688557, 0.1809545773429242, 0.2715415147188814]], "ideal": "A", "sampled": "A", "correct": true}}
{"type": "result", "data": {"idx": 15, "options": ["goals serve 2 purposes: they are a basis for motivation and they direct behaviors", "goal attainment is maximized when goals are specific and highly difficult", "goal attainment is maximized when frequent feedback is given", "worker participation in goal-setting is also good"], "probs": [[0.05774974569206914, 0.24124366715780254, 0.16579052176388062, 0.5352160652862481], [0.12127519729430575, 0.09154799098518848, 0.616165012375435, 0.17101179924508808], [0.06178686405136974, 0.48961507747715505, 0.15164802842270242, 0.29695002994876185], [0.2539101400270024, 0.12963967268917614, 0.2746560133716833, 0.34179417381215216]], "ideal": "B", "sampled": "D", "correct": false}}
{"type": "result", "data": {"idx": 16, "options": ["Ratio Data is scaled and at equal distances but no absolute zero", "Ratio Data orders the amount of variable, but no info about how much", "Ratio Data is an interval data with an absolute zero", "Ratio Data divides variables into unordered categories"], "probs": [[0.2867164592370434, 0.09384134998722835, 0.5616318853574093, 0.05781030531832676], [0.0726081195145098, 0.06509234445937934, 0.031965621320109674, 0.8303339146059855], [0.051328921988014725, 0.009793776084600303, 0.7961355905703911, 0.14274171125698393], [0.01807820493387479, 0.15253318121526885, 0.11332585257583917, 0.7160627611750017]], "ideal": "C", "sampled": "A", "correct": false}}
{"type": "result", "data": {"idx": 17, "options": ["rated the group as less interesting and enjoyable.", "rated the group as more interesting and enjoyable.", "were more likely to drop out of the group.", "were more likely to dislike fellow group members."], "probs": [[0.13564621311886066, 0.32035009385699853, 0.27835295299904017, 0.2656507399251041], [0.08497940115879815, 0.09779371745800346, 0.39579906473842824, 0.4214278165447713], [0.04921704304483184, 0.16388165119479228, 0.2579090408471696, 0.5289922648131832], [0.1749560750150155, 0.09510704649820569, 0.4832088548722716, 0.24672802351450873]], "ideal": "B", "sampled": "B", "correct": true}}
{"type": "result", "data": {"idx": 18, "options": ["Dr. Z should be listed as first author if her contribution was substantial.", "Dr. Z should be listed as second author if her contribution warrants it.", "Dr. X should be listed as second author since she was the student\u2019s official dissertation chair.", "Dr. Y and Dr. Z should be listed as co-authors."], "probs": [[0.14980824690227082, 0.32231027014571073, 0.15700342023207, 0.37087806261995676], [0.04807400719217141, 0.05445361324111511, 0.09711891988087017, 0.8003534595858489], [0.015861091847129777, 0.053670185718033774, 0.5050444754151303, 0.4254242469196881], [0.06447349062871482, 0.300367876614628, 0.3299138302547094, 0.30524480240193896]], "ideal": "B", "sampled": "A", "correct": false}}
{"type": "result", "data": {"idx": 19, "options": ["PRECONTEMPLATION: intend to take action in next 6 months", "PREPARATION: consider change in next 6 months", "ACTION: time and effort into modifying behavior", "MAINTENANCE: behavior change lasted at least 8 months"], "probs": [[0.10220036585823007, 0.216341965101373, 0.2375722283022351, 0.443885440638174], [0.11037895351921354, 0.14858618405557425, 0.3677127088617186, 0.37332215346350434], [0.13505721296554607, 0.1003739454706213, 0.4786250025747271, 0.2859438388891061], [0.09095652517075743, 0.11060468206133824, 0.6074062058197406, 0.191032586848187]], "ideal": "C", "sampled": "B", "correct": false}}
{"type": "result", "data": {"idx": 20, "options": ["Try his or her best", "Refer out", "Read a chapter on the issue", "Charge the client less"], "probs": [[0.0009664821693446135, 0.9871341978462604, 0.005141038911779634, 0.006758280972597589], [0.9869406098807074, 0.003293501810986387, 0.002905841681434376, 0.006860046526874029], [0.0003824197538016914, 0.0003170340820559845, 0.0016866165482117303, 0.9976139295159315], [0.00041815266657865965, 0.0007511128380702214, 0.9852072680553597, 0.013623466339970853]], "ideal": "B", "sampled": "B", "correct": true}}
{"type": "result", "data": {"idx": 21, "options": ["increase the number of true positives.", "decrease the number of false positives.", "increase the number of false negatives.", "decrease the number of true negatives."], "probs": [[0.24393438653632024, 0.3494084908285413, 0.13465977122635875, 0.27199735130878594], [0.31893086458951303, 0.2686279383340198, 0.09352869155425163, 0.3189125054222104], [0.11792038137970301, 0.10406370221800484, 0.3466579051760745, 0.43135801112624067], [0.08243541763649051, 0.3038268165695834, 0.26401025386165083, 0.3497275118322568]], "ideal": "B", "sampled": "B", "correct": true}}
{"type": "result", "data": {"idx": 22, "options": ["recognize that such attraction is normal but proceed with caution.", "confess his attraction to Lisa and make it a topic for mutual examination in therapy.", "recognize that such attraction is inappropriate and refer Lisa to another therapist without explaining the reason to her.", "continue working with Lisa but consult with a colleague if he believes his attraction might be interfering with his objectivity."], "probs": [[0.036877113342451445, 0.07106195968787096, 0.06574937446532084, 0.8263115524043485], [0.16739045251850454, 0.07545148800123244, 0.548885288249309, 0.20827277113095582], [0.018701623643752448, 0.2662120275030726, 0.13383660926982952, 0.581249739483322], [0.35816186348151985, 0.043093030745386424, 0.46703371193931764, 0.13171139373379018]], "ideal": "D", "sampled": "D", "correct": true}}
{"type": "result", "data": {"idx": 23, "options": ["used when there is 1 IV and means of more than 2 groups", "used when there is 2 IV and means of more than 4 groups", "used when there is 3 IV and means of more than 5 groups", "used when there is 4 IV and means of more than 6 groups"], "probs": [[0.5631291457739248, 0.07741312827983819, 0.12466438799719255, 0.2347933378490509], [0.05443554335656834, 0.012142747669879207, 0.04841707448707784, 0.8850046343864636], [0.030509294540578668, 0.011849648477101944, 0.1768850896608306, 0.7807559672215073], [0.04497346439992382, 0.252738473319309, 0.3047437945582063, 0.3975442676225702]], "ideal": "A", "sampled": "A", "correct": true}}
{"type": "result", "data": {"idx": 24, "options": ["Schizophreniform Disorder", "Brief Reactive Psychosis", "Schizophrenia", "Antisocial Personality Disorder"], "probs": [[0.12425430303962452, 0.37091994246668675, 0.41392587537372677, 0.09089987901995918], [0.05558791878806881, 0.6880000628632247, 0.05304554888670255, 0.20336646936202063], [0.03729585532971717, 0.026030979389459436, 0.2756233440237039, 0.6610498211571453], [0.00918110629956446, 0.038365028090303795, 0.30887545480476625, 0.6435784107053737]], "ideal": "A", "sampled": "C", "correct": false}}
{"type": "result", "data": {"idx": 25, "options": ["Investment theory", "The positive manifold", "G theory", "Primary mental ability theory"], "probs": [[0.12638324376383, 0.15984353624336978, 0.1648296929271512, 0.5489435269656481], [0.08318293628716705, 0.1371692526950363, 0.2857722176162797, 0.49387559330149405], [0.12074356376451262, 0.09333731512492201, 0.38991167704514434, 0.3960074439654357], [0.1084907369530655, 0.1760753434588856, 0.29960416552915603, 0.41582975395890187]], "ideal": "A", "sampled": "A", "correct": true}}
{"type": "result", "data": {"idx": 26, "options": ["a mismatch between the child\u2019s basic temperament and his/her parents\u2019 childrearing practices.", "a mismatch between the child\u2019s attachment behaviors and his/her parents\u2019 response to those behaviors.", "inconsistencies in the parenting styles of the child\u2019s caregivers.", "inconsistencies in the child\u2019s sense of self and the feedback the child receives from caregivers about his/her behavior."], "probs": [[0.33678340746853697, 0.03181594210061863, 0.04967226957483708, 0.5817283807559982], [0.04184915610012723, 0.010012611647250626, 0.04666870105516481, 0.9014695310974629], [0.007263570043234822, 0.005396709503513326, 0.6637624824807917, 0.3235772378724483], [0.10398055729456605, 0.25130871856255316, 0.35996278971465046, 0.2847479343282296]], "ideal": "A", "sampled": "A", "correct": true}}
{"type": "result", "data": {"idx": 27, "options": ["Shows how many standard deviations a score is above or below the mean: a score of +1.0 means it\u2019s 1 SD above the mean", "M=50, SD=10- it is used on many psychological tests, MMPI", "standard nine: M=5, SD=approx 2", "M=100, SD=15 or 16"], "probs": [[0.13639692233483408, 0.2162552179886252, 0.1968213558607168, 0.4505265037158254], [0.044994776777590534, 0.06703529006338872, 0.11488897844439114, 0.7730809546146284], [0.02658183088130777, 0.11194268015111754, 0.16535823316989764, 0.6961172556976526], [0.05449237921148252, 0.38730043722180796, 0.24223094122344166, 0.31597624224327175]], "ideal": "B", "sampled": "A", "correct": false}}
{"type": "result", "data": {"idx": 28, "options": ["a study\u2019s independent variable is quantitative.", "a study\u2019s dependent variable is qualitative.", "a cross-sectional research design has been used.", "a factorial research design has been used."], "probs": [[0.1661452559345086, 0.05029571305253144, 0.15613054686135439, 0.6274284840516229], [0.037822421163345145, 0.03782063294811288, 0.14053404688868568, 0.783822898899852], [0.2778710096306694, 0.2451499869497774, 0.3198594474693419, 0.15711955585021806], [0.16973606423879814, 0.23933814008928808, 0.12229193899130517, 0.4686338565805974]], "ideal": "A", "sampled": "A", "correct": true}}
{"type": "result", "data": {"idx": 29, "options": ["compensatory", "disjunctive", "conjunctive", "additive"], "probs": [[0.18000734125236004, 0.21713356889669638, 0.4742743193114215, 0.12858477043951716], [0.28824877775242913, 0.4606999393661618, 0.1803945847411956, 0.07065669804018454], [0.35335002036058316, 0.17485934444749682, 0.145051623946299, 0.32673901114562487], [0.21990688504053335, 0.1823058016238517, 0.2571325357619819, 0.34065477747363754]], "ideal": "B", "sampled": "C", "correct": false}}
{"type": "result", "data": {"idx": 30, "options": ["Luigia Boscolo.", "Milton Erickson.", "Salvador Minuchin.", "Marquis de Sade."], "probs": [[0.47950379524315606, 0.3244556451360608, 0.0628646298638936, 0.13317592965691244], [0.43388701807893715, 0.08411726831891482, 0.041293477687315, 0.4407022358148432], [0.018912739231998685, 0.015079680004061683, 0.2339326686745761, 0.7320749119893587], [0.009243155131447908, 0.020176323034679162, 0.8379921236007705, 0.13258839813310352]], "ideal": "B", "sampled": "B", "correct": true}}
{"type": "result", "data": {"idx": 31, "options": ["Provide the data and test forms to the patient", "Provide the data and test forms to the patient\u2019s attorney", "Provide the data to an appropriately qualified psychologist as indicated on the release form", "Provide all data and test forms, if contacted directly by the attorney"], "probs": [[0.04405534977305319, 0.050307319924827704, 0.678406330839545, 0.22723099936256297], [0.10874913944006678, 0.46839775343205703, 0.14738656264548122, 0.27546654438238544], [0.12710507471883684, 0.06293914638853286, 0.11213891909758472, 0.6978168596950554], [0.014481765815184938, 0.020414984449837068, 0.23374329793280316, 0.7313599517022]], "ideal": "C", "sampled": "C", "correct": true}}
{"type": "result", "data": {"idx": 32, "options": ["differential validity", "differential selection", "adverse impact", "unfairness"], "probs": [[0.09730373818910763, 0.18751707887670283, 0.6245392906796685, 0.09063989215453021], [0.1405223051525391, 0.691442940691629, 0.06689857423196313, 0.10113617982388161], [0.4107337651054642, 0.10066977399343632, 0.18801988666673988, 0.3005765741343574], [0.01080173833605234, 0.044422296465230826, 0.1637581402039892, 0.7810178248947027]], "ideal": "D", "sampled": "C", "correct": false}}
{"type": "result", "data": {"idx": 33, "options": ["a test\u2019s reliability on its validity.", "a test\u2019s validity on its reliability.", "the number of test items on the test\u2019s validity.", "the number of test items on the test\u2019s reliability."], "probs": [[0.11478539021923273, 0.3533618776370431, 0.14969028351482827, 0.3821624485288915], [0.06972281501303698, 0.08882741792012362, 0.252971729406341, 0.5884780375604962], [0.07313769113220032, 0.05970269527209733, 0.22011812056030555, 0.647041492935399], [0.10191596623608132, 0.11106845060612296, 0.6095835871486692, 0.17743199590910286]], "ideal": "A", "sampled": "B", "correct": false}}
{"type": "result", "data": {"idx": 34, "options": ["ADHD", "Rett\u2019s disorder", "Oppositional defiant disorder", "Asperger syndrome"], "probs": [[0.14797228599263376, 0.19009049053921107, 0.3721116207595373, 0.2898256026086205], [0.09534149085689637, 0.20496311443904627, 0.40136108134930215, 0.2983343132547702], [0.19375228456758123, 0.26883573959400814, 0.3000814687952792, 0.23733050694313731], [0.10358814937304207, 0.1905669716274457, 0.21925035332775436, 0.4865945255717667]], "ideal": "C", "sampled": "C", "correct": true}}
{"type": "result", "data": {"idx": 35, "options": ["Depression", "Bipolar I", "Bipolar II", "Dysthymia"], "probs": [[0.02121683340454964, 0.8540772702716871, 0.07343289039649929, 0.051273005827271755], [0.9427091029490631, 0.03202883910294883, 0.007312075003836632, 0.01794998284413493], [0.13601502057874343, 0.010570331217951876, 0.03357444253243522, 0.8198402055708776], [0.008174341614348631, 0.008974355917265716, 0.8735379058346959, 0.10931339653370457]], "ideal": "B", "sampled": "B", "correct": true}}
{"type": "result", "data": {"idx": 36, "options": ["demand characteristics", "evaluation apprehension", "relief from discomfort", "social comparison"], "probs": [[0.03598199237416268, 0.03625521977191286, 0.12169369521050737, 0.8060690925434391], [0.06630934504528634, 0.04347191090306029, 0.7701963441999942, 0.12002239975164708], [0.02579376088684471, 0.6250642718631569, 0.11560882640200057, 0.2335331407480043], [0.6089832219922534, 0.04624731206623572, 0.1977809806266554, 0.14698848521485608]], "ideal": "D", "sampled": "D", "correct": true}}
{"type": "result", "data": {"idx": 37, "options": ["plunge deeper into his work to take his mind off his own problems.", "seek professional consultation and consider temporarily suspending his practice.", "explain the situation to his clients and offer to refer them to other therapists.", "immediately refer his clients to other therapists."], "probs": [[0.003802848327653786, 0.6493986600165684, 0.14257915954255637, 0.20421933201323522], [0.9552720904693994, 0.014851063445271229, 0.023733660617796318, 0.0061431853675228045], [0.010057340242766943, 0.007530950773512484, 0.011216232307506579, 0.9711954765762192], [0.003701280748255891, 0.00403246208821335, 0.9125560875277646, 0.07971016953577867]], "ideal": "B", "sampled": "B", "correct": true}}
{"type": "result", "data": {"idx": 38, "options": ["comply with this request, since a physician must be involved whenever you treat someone for a physical condition", "tell the physician chat psychological reports can be sent only to a psychiatrist or to another psychologist", "tell the physician thar you can send progress reports only with a written release by the patient", "comply with this request, since the physician needs your input for best treatment of the patient's physical condition"], "probs": [[0.10347959113863259, 0.044867011735586236, 0.15529000484788863, 0.6963633921779114], [0.008799965287510121, 0.009149465425987846, 0.8633819215541149, 0.11866864763239326], [0.14572324543722637, 0.5085256104616611, 0.1402057043521954, 0.20554543964890418], [0.06491148722802753, 0.05134659493468724, 0.08077644423932878, 0.8029654734979572]], "ideal": "C", "sampled": "D", "correct": false}}
{"type": "result", "data": {"idx": 39, "options": ["a group covered by law is hired at a rate less than 80% of that of the group with the best selection", "selection interviews are \u201cadverse\u201d for groups covered by law and result in differential selection rates", "adverse conditions exist for selection of groups covered bylaw", "the total selection process results in unequal results for one or more groups covered by law"], "probs": [[0.013904403285127803, 0.007989407371428357, 0.01082774005377212, 0.9672784491896836], [0.04739125553708383, 0.010580591822703652, 0.8802050398634105, 0.061823112676785766], [0.009435105361656818, 0.7374107156860336, 0.08601546389694317, 0.16713871495537286], [0.666410545401742, 0.08215212632535247, 0.18944771122276227, 0.0619896169501199]], "ideal": "A", "sampled": "D", "correct": false}}
{"type": "result", "data": {"idx": 40, "options": ["Agraphia without alexia", "Alexia without agraphia", "Aphasia", "Apraxia"], "probs": [[0.16229945271218252, 0.23971353857669014, 0.5572932038034506, 0.040693804807663714], [0.1305173482852568, 0.6841603970056246, 0.08832596735402362, 0.096996287255104], [0.15690824338944376, 0.39438699501056396, 0.28423630880081285, 0.16446845269917917], [0.07563870481416422, 0.15041922531612362, 0.07807409111635978, 0.6958679786533597]], "ideal": "B", "sampled": "C", "correct": false}}
{"type": "result", "data": {"idx": 41, "options": ["the frequency of contact with the noncustodial parent.", "the quality of the parent-child relationships prior to the divorce.", "the child\u2019s ability to understand the cause(s) of the divorce.", "the degree of post-divorce conflict between the parents."], "probs": [[0.04262316483699425, 0.523139535351283, 0.06301407916912626, 0.371223220542582], [0.4354067875026791, 0.04017511133306753, 0.11539001432675197, 0.4090280867374987], [0.022312975151119307, 0.025089878954357096, 0.11512725378666036, 0.8374698920078703], [0.0628256756292782, 0.030603272069564907, 0.7892337024145574, 0.11733734978659394]], "ideal": "D", "sampled": "B", "correct": false}}
{"type": "result", "data": {"idx": 42, "options": ["tell the teacher that he is ethically prohibited from seeing her because to do so would constitute a multiple (dual) relationship.", "begin therapy with her and discuss the potential for conflicts during the initial session and, if necessary, in subsequent sessions.", "begin therapy with her but seek consultation if any problems arise.", "begin therapy with her but take special precautions to ensure that client confidentiality is maintained."], "probs": [[0.016990054864919363, 0.3987518067437962, 0.11788222600530048, 0.466375912285983], [0.2773736204163632, 0.11738011884047689, 0.37892334532640093, 0.22632291531677254], [0.006334823017908824, 0.040993176452814126, 0.05558241525152025, 0.8970895851777524], [0.026426719743210078, 0.02190464346482686, 0.854285983666009, 0.09738265302593446]], "ideal": "B", "sampled": "B", "correct": true}}
{"type": "result", "data": {"idx": 43, "options": ["A drug that cannot produce 100% of the biological response", "A drug that has no effect", "Another name for antianxiety medication", "A drug that binds to a receptor producing a change in activity"], "probs": [[0.01545076633901663, 0.008140632794800554, 0.020461115398494944, 0.955947485367706], [0.004595049216115672, 0.002989965214336696, 0.9840968757759978, 0.008318109693539267], [0.0069526246614521, 0.9541271236513524, 0.02623187100428444, 0.012688380582922466], [0.9652738852507772, 0.020829626294000047, 0.007030509119472815, 0.006865979235773337]], "ideal": "D", "sampled": "D", "correct": true}}
{"type": "result", "data": {"idx": 44, "options": ["more challenging", "Of about the same level of difficulty", "never accomplished", "less challenging"], "probs": [[0.6090320721874719, 0.22760464190668223, 0.0662392218569106, 0.09712406394893341], [0.02864504329054207, 0.008271581167448737, 0.07202265058742642, 0.8910607248546064], [0.01126380534689322, 0.01651123794194685, 0.8339313316060919, 0.1382936250050938], [0.11497658527025918, 0.7043325364984022, 0.1387164234804619, 0.041974454650865536]], "ideal": "A", "sampled": "A", "correct": true}}
{"type": "result", "data": {"idx": 45, "options": ["at the outset for contact that is rather casual and superficial, thus providing a \u201cwarm-up\u201d phase", "which make explicit the status hierarchy chat is implicit in the interactions between the wo groups", "which provide an open airing and all-out discussion about what each group believes to be the negative crits of the other", "for each group of residents co disconfirm negative traits of the other group"], "probs": [[0.48430686129523276, 0.13873942322167993, 0.1334754773416731, 0.24347823804142063], [0.058642772317979534, 0.035837163665612806, 0.03041892078834439, 0.8751011431280764], [0.16059512996381367, 0.07889251651089993, 0.6501243643224361, 0.11038798910285327], [0.16234737720772163, 0.4343580477490096, 0.07548870406492615, 0.3278058708783256]], "ideal": "D", "sampled": "A", "correct": false}}
{"type": "result", "data": {"idx": 46, "options": ["It is grounded in the situation", "It relies heavily on nonverbal cues", "It is a less unifying form of communication", "It is more typical of culturally diverse groups in the United States"], "probs": [[0.19866369665998665, 0.20818779797803333, 0.27570240386039363, 0.3174461014015808], [0.10377917012889809, 0.0724624205667875, 0.062938069509781, 0.7608203396945364], [0.04817019953098969, 0.03809541577615769, 0.33161346149589954, 0.5821209230969496], [0.04566975140543187, 0.45055518937671607, 0.17924228903775283, 0.32453277008009135]], "ideal": "C", "sampled": "A", "correct": false}}
{"type": "result", "data": {"idx": 47, "options": ["decide not to do so because using a collection agency is prohibited by the ethical guidelines.", "do so only if you had informed the client at the beginning of therapy that you would do so if she did not pay her fees in a timely manner.", "contact the client first to inform her of your intent to use a collection agency if she does not pay her outstanding fees by a specific date.", "use a collection agency only as a \u201clast resort.\u201d"], "probs": [[0.009962345079166537, 0.04225105433472202, 0.5968543244140492, 0.35093227607204885], [0.06907516785075185, 0.5344255247448789, 0.27723703141589934, 0.11926227588844115], [0.09359577575651276, 0.7022665256328648, 0.039927254780871946, 0.1642104437297486], [0.039097853687389675, 0.008065157725216642, 0.123290984811756, 0.8295460036756555]], "ideal": "C", "sampled": "C", "correct": true}}
{"type": "result", "data": {"idx": 48, "options": ["Report it to the APA Ethics Committee", "Report it to his or her state professional standards board", "Wait to see whether he or she commits a second violation", "Discuss your concerns with him or her"], "probs": [[0.09767746123412027, 0.287148214370135, 0.053108907489179985, 0.5620654168065728], [0.6867363185812765, 0.028134816117571796, 0.17645405547217993, 0.10867480972896444], [0.01701051711150846, 0.17305855025616299, 0.5945058371538878, 0.21542509537841753], [0.08702395283135773, 0.47405049873785376, 0.39908341180688156, 0.039842136523895226]], "ideal": "D", "sampled": "B", "correct": false}}
{"type": "result", "data": {"idx": 49, "options": ["remain in counseling for approximately the same length of time as nonminority dents", "rarely seek counseling services", "remain in counseling for a significantly longer time than non- minority clients", "terminate counseling significantly earlier than do non-minority clients"], "probs": [[0.13164244461518806, 0.06514467212353406, 0.44546064384932327, 0.3577522393119579], [0.09538074835011692, 0.1741410839453536, 0.2571772835822776, 0.47330088402225035], [0.21923377073547815, 0.14374999588721268, 0.48631718161382786, 0.15069905166346687], [0.12333319862877841, 0.1851082371022625, 0.10305665523374641, 0.5885019089352233]], "ideal": "D", "sampled": "C", "correct": false}}
{"type": "result", "data": {"idx": 50, "options": ["in the patient\u2019s food, because reduction will occur sooner as the patient's awareness of the medication decreases", "at specific times, because then the medication will not be given in response to pain", "only when requested by the patient, because reduction will occur sooner if less medication is given", "by injection, because as administration becomes more painful, less medication will be requested"], "probs": [[0.1316154995983818, 0.2556514165295971, 0.38358300020313624, 0.22915008356889643], [0.1160497111683215, 0.09401172539604397, 0.06769855049605154, 0.7222400128395903], [0.06411068938450391, 0.034038029684235235, 0.162399610945686, 0.739451669885566], [0.05639229388093526, 0.06047992055921768, 0.2627925820115041, 0.6203352034483269]], "ideal": "B", "sampled": "B", "correct": true}}
{"type": "result", "data": {"idx": 51, "options": ["subsequent problems in sexual adjustment and in relationships with men are common", "most women who have abortions think no more about the event than they would about having a wisdom tooth removed", "the psychological consequences are no worse than they are for women who have chosen to continue their pregnancies and give birth", "the experience frequently has serious psychological consequences, usually in the form of guilt and depression"], "probs": [[0.006917063593324403, 0.0013200616774405336, 0.012329495260222569, 0.9794333793690262], [0.007929022004052017, 0.02348574815778623, 0.8608548594063005, 0.10773037033187566], [0.07645858576964137, 0.6706849036725898, 0.13629067234056896, 0.11656583811717781], [0.8290495788392089, 0.044985290721897137, 0.04192920599297306, 0.08403592434594895]], "ideal": "C", "sampled": "D", "correct": false}}
{"type": "result", "data": {"idx": 52, "options": ["the use of the animals in laboratory experiments", "the use of the humans in laboratory experiments", "the use of the trial-and-error system", "the use of the operant conditioning principle"], "probs": [[0.22295330816138273, 0.37339343702246747, 0.15091312292658624, 0.25274013178955695], [0.17678318917365415, 0.07142799668972544, 0.15358306687306755, 0.5982057471635576], [0.14786579666875058, 0.1389597935583462, 0.20524932234556195, 0.5079250873273319], [0.2705388940693804, 0.22428269049228167, 0.28787205916488845, 0.21730635617345423]], "ideal": "A", "sampled": "B", "correct": false}}
{"type": "result", "data": {"idx": 53, "options": ["More or less fixed and difficult to change", "Not heavily influenced by the environment", "Relatively malleable", "Irrelevant to developmental processes"], "probs": [[0.0011617645847778663, 0.001514759304666497, 0.9911446674032082, 0.006178808607326055], [0.004386221614700362, 0.9689656030522391, 0.007754337735368526, 0.01889383749769799], [0.9853005353249635, 0.003527876267498157, 0.007236754872984694, 0.003934833434530003], [0.0011031360700669763, 0.0007886099709885544, 0.003344633702820855, 0.9947636201561261]], "ideal": "C", "sampled": "C", "correct": true}}
{"type": "result", "data": {"idx": 54, "options": ["negative reinforcement.", "negative punishment.", "stimulus generalization.", "classical conditioning."], "probs": [[0.0028009551498651545, 0.0011495897216492737, 0.03745155402267985, 0.958597901005801], [0.002371254333237373, 0.0077134295747867, 0.9642221984482385, 0.025693117543759875], [0.3205490966603686, 0.5991002052238743, 0.023773980832441442, 0.056576717183339106], [0.9338113017563089, 0.0026030961264575676, 0.0034210979366861324, 0.060164504080534295]], "ideal": "D", "sampled": "D", "correct": true}}
{"type": "result", "data": {"idx": 55, "options": ["there is a statistically different number of participants in the study\u2019s treatment groups.", "there is a statistically significant difference in the number of participants who drop out of the different treatment groups during the course of the study.", "participants are selected for inclusion in the study because of their extremely high or low scores on the pretest.", "the researcher is unable to randomly assign participants to the different treatment groups."], "probs": [[0.030058926431627234, 0.037707635953330855, 0.10087313236998585, 0.8313603051450327], [0.09924882842990126, 0.0682422628331404, 0.512202008650956, 0.3203068999860201], [0.08721345957023734, 0.07879490646985801, 0.14268613580902345, 0.6913054980509103], [0.05544212560629118, 0.04487891324908606, 0.3531353003143227, 0.5465436607302864]], "ideal": "C", "sampled": "D", "correct": false}}
{"type": "result", "data": {"idx": 56, "options": ["people experience discomfort (dissonance) when their behaviors are not consistent with their attitudes, beliefs, or values.", "people enhance their own sense of self-worth by associating or identifying with others who are successful.", "people tend to attribute their successes to dispositional factors and failures to situational factors.", "people infer their own attitudes and emotions by observing their own behaviors and the circumstances in which those behaviors occur."], "probs": [[0.06607781681148292, 0.01407764440524472, 0.028868006222763302, 0.8909765324604888], [0.01529105804316031, 0.008580604872886742, 0.03782653211402003, 0.9383018048699172], [0.06167019385502441, 0.09781405332025543, 0.657854422187381, 0.18266133053733946], [0.13556734417776684, 0.47310079624594115, 0.05065161182978039, 0.34068024764650123]], "ideal": "D", "sampled": "A", "correct": false}}
{"type": "result", "data": {"idx": 57, "options": ["Emotional fitness", "General intelligence", "Motivation", "Functional abilities"], "probs": [[0.003036018097928041, 0.006425726791816489, 0.021732097040991674, 0.9688061579692816], [0.006297614689684862, 0.09108744410409926, 0.7993917809307306, 0.10322316017550656], [0.06278175868465141, 0.7355981360259443, 0.17461781533519619, 0.027002289854222695], [0.8036004060102327, 0.11048563493944619, 0.03166192909883271, 0.05425202985148439]], "ideal": "D", "sampled": "D", "correct": true}}
