{"type": "result", "data": {"idx": 0, "options": ["Offerings", "Prayers", "Apparitions", "Idols"], "probs": [[0.013734481118996852, 0.010948585817496194, 0.042295226828090136, 0.9330217061354327], [0.009776215423822543, 0.007791375256906562, 0.9365323769150126, 0.0459000323042671], [0.022102118214547127, 0.9106798604812322, 0.02903911583846656, 0.038178905365765695], [0.8478129513797245, 0.026008349339589006, 0.040900415698662415, 0.08527828348202074]], "ideal": "D", "sampled": "D", "correct": true}}
{"type": "result", "data": {"idx": 1, "options": ["Daoism", "Yin-Yang School", "Mengzi", "Humanistic Buddhism"], "probs": [[0.08870955723551666, 0.09670533039847942, 0.0776505914643875, 0.7369345208016128], [0.001849477093748661, 0.001166397038050164, 0.008819134440977696, 0.9881649913272393], [0.006254691643958602, 0.03406308311802193, 0.7754613025047848, 0.18422092263323428], [0.02798816428489753, 0.5404832071129413, 0.36006421385776544, 0.07146441464442078]], "ideal": "B", "sampled": "A", "correct": false}}
{"type": "result", "data": {"idx": 2, "options": ["325 CE", "119 CE", "451 CE", "596 CE"], "probs": [[0.1959522429924498, 0.16750511399349205, 0.2761534536578102, 0.3603891892562493], [0.09762130515346142, 0.26543241627494507, 0.50350200062881, 0.1334442778427796], [0.3126206502683316, 0.3380170390376319, 0.13444542056321307, 0.21491689003080236], [0.41772898966955874, 0.1489317093133562, 0.21667122977397468, 0.21666807114312348]], "ideal": "D", "sampled": "D", "correct": true}}
{"type": "result", "data": {"idx": 3, "options": ["Akitu", "Wag and Thoth", "Bast", "Nehebkau"], "probs": [[0.9246053973263513, 0.027282013235305276, 0.021247886321617407, 0.026864703016707462], [0.01631656558296033, 0.009669998701394603, 0.01834438630552363, 0.955669049310118], [0.005502891098973521, 0.004560658908808845, 0.9771474718166668, 0.012788978075550574], [0.020209419194665186, 0.928892854859438, 0.025746476630815206, 0.025151249215079056]], "ideal": "A", "sampled": "A", "correct": true}}
{"type": "result", "data": {"idx": 4, "options": ["Zazen", "Tariki", "Kami", "Ikebana"], "probs": [[0.0006595177885596526, 0.0005174476333300318, 0.0028855616553579953, 0.9959374728227716], [0.003226711860818241, 0.0023604168706188866, 0.9900018074891773, 0.004411063679364823], [0.004449500664649377, 0.9830624621427153, 0.005757693440845657, 0.006730343651781351], [0.9940864702752358, 0.0019803545064419788, 0.0017072206564006417, 0.002225954461934091]], "ideal": "D", "sampled": "D", "correct": true}}
{"type": "result", "data": {"idx": 5, "options": ["Harmony and balance", "Devotion and piety", "Love and passion", "Goodwill and love"], "probs": [[0.6080513146485406, 0.1378700738048721, 0.047252012716660914, 0.2068265987299239], [0.21099292162536654, 0.030634954816393896, 0.07759186602228901, 0.6807802574359454], [0.011638562327666793, 0.053814678972882196, 0.16835577999089396, 0.7661909786085572], [0.24048977773959104, 0.17872318894731154, 0.4155114407217965, 0.16527559249132295]], "ideal": "A", "sampled": "A", "correct": true}}
{"type": "result", "data": {"idx": 6, "options": ["Shabad", "Khalse", "Nam", "Guru"], "probs": [[0.8156121440324565, 0.022608267596344628, 0.07240483860600222, 0.08937474966518724], [0.011821472471062591, 0.09150846796718883, 0.0679996330681222, 0.8286704263936266], [0.1363734835929044, 0.06440315204535549, 0.7368123406092467, 0.062411023652504276], [0.031512040000833026, 0.6228305302776448, 0.04207140309554117, 0.3035860265259507]], "ideal": "A", "sampled": "A", "correct": true}}
{"type": "result", "data": {"idx": 7, "options": ["Muhammad's miraculous ascent to heaven", "Muhammad's migration to Mecca", "Muhammad's first community in Mecca", "Muhammad's revelations of the Qur'an"], "probs": [[0.9551484955473823, 0.004029916976023858, 0.013307493577224007, 0.0275140937993731], [0.00045233864438346195, 0.00035507689634211675, 0.005134430992037997, 0.9940581533672498], [0.0006028302989199599, 0.0007330383063478081, 0.9769224928261047, 0.021741638468649165], [0.0017960085426160818, 0.9672000936816761, 0.014235887070479621, 0.016768010605244684]], "ideal": "A", "sampled": "A", "correct": true}}
{"type": "result", "data": {"idx": 8, "options": ["Laws of Dharma", "Laws of Karma", "Laws of Vishnu", "Laws of Manu"], "probs": [[0.004669111744406328, 0.0034711441954248037, 0.006690156833383516, 0.9851695871268075], [0.004788143609862258, 0.007828041826719886, 0.9559240382040946, 0.03145977625934477], [0.008998010640167779, 0.9395428836563404, 0.016421032653026742, 0.035038072950465335], [0.95981913453005, 0.01717611760846913, 0.009938009062186946, 0.013066738699272246]], "ideal": "D", "sampled": "D", "correct": true}}
{"type": "result", "data": {"idx": 9, "options": ["The Holy Book", "The Narrative", "The Recitation", "The Pillars"], "probs": [[0.09567045957169515, 0.020850399579108853, 0.8263356500279898, 0.057143490721194797], [0.002418824634793293, 0.00817908885969725, 0.006031267467916108, 0.9833708189376004], [0.012243069665213633, 0.0035893554632098106, 0.9421026488788422, 0.042064925892720456], [0.0031760814373257666, 0.8470601505963812, 0.02966037077565515, 0.12010339709065887]], "ideal": "C", "sampled": "A", "correct": false}}
{"type": "result", "data": {"idx": 10, "options": ["Mother of Light", "Father of Goodness", "Ineffable Lover", "Eternal Spirit"], "probs": [[0.1116186592390197, 0.17560895341777494, 0.11881634367411947, 0.5939560435690634], [0.3088637305917769, 0.11543250662956774, 0.2519629810444036, 0.3237407816342635], [0.14698812728532504, 0.27028759250057094, 0.10834223884576026, 0.47438204126835387], [0.2646877214667783, 0.07289254055912832, 0.2951987475807686, 0.3672209902933304]], "ideal": "B", "sampled": "D", "correct": false}}
{"type": "result", "data": {"idx": 11, "options": ["Bushido", "Shinto", "Nichiren", "Soto Zen"], "probs": [[0.006501836495330412, 0.012330762982756304, 0.060703575387118826, 0.9204638250347984], [0.025675709992659067, 0.043684190503480214, 0.8908642226424522, 0.03977587676138916], [0.09053984102356587, 0.7945718809677698, 0.049631109934122, 0.06525716797453669], [0.8278758277952319, 0.02040954048656509, 0.07881927662506864, 0.07289535499311729]], "ideal": "D", "sampled": "D", "correct": true}}
{"type": "result", "data": {"idx": 12, "options": ["Sangat", "Langar", "Gurdwara", "Panth"], "probs": [[0.002224302541632492, 0.9856993286656414, 0.0075830689837281, 0.004493299709017814], [0.9881966608760259, 0.004685054683433114, 0.0020944368429996027, 0.005023847497558956], [0.004020820712804856, 0.0007210195462380276, 0.0037190401539033465, 0.9915391194870727], [0.0004166696963359973, 0.0011684750960759872, 0.98240826611359, 0.016006588994004353]], "ideal": "B", "sampled": "B", "correct": true}}
{"type": "result", "data": {"idx": 13, "options": ["Buddhism", "Daoism", "Confucianism", "Shamanism"], "probs": [[0.041536386492627884, 0.2905241778626756, 0.14159811280644735, 0.5263413227382592], [0.03983468648224686, 0.1009105214158457, 0.3308596829332079, 0.5283951090686916], [0.00841728794155581, 0.06312122480812427, 0.08363079002522682, 0.8448306971250849], [0.020355996019184978, 0.1977405388914188, 0.44551224877948914, 0.3363912162099238]], "ideal": "B", "sampled": "B", "correct": true}}
{"type": "result", "data": {"idx": 14, "options": ["Worship", "Submission", "Obedience", "Faith"], "probs": [[0.003079582857008625, 0.49781059085468554, 0.0386958897735846, 0.46041393641473705], [0.6905714645729196, 0.008235019084636102, 0.2462545850694384, 0.054938931173002505], [0.004263668121823444, 0.11082758861347303, 0.013547154862416241, 0.8713615883022628], [0.005214118907810148, 0.0017060671463496515, 0.9259868261288993, 0.06709298771692679]], "ideal": "B", "sampled": "B", "correct": true}}
{"type": "result", "data": {"idx": 15, "options": ["Suffering", "Soul", "Impermanence", "No-self"], "probs": [[0.0007758504883244179, 0.0011463134346621489, 0.003530304476562982, 0.9945475315004612], [0.00211170283375699, 0.0034564293814556514, 0.935993388259718, 0.05843847942507928], [0.003305111660466548, 0.8948255350758363, 0.019935005510201997, 0.08193434765346891], [0.96382227714153, 0.004429331687187915, 0.007244090920963453, 0.0245043001503296]], "ideal": "D", "sampled": "D", "correct": true}}
{"type": "result", "data": {"idx": 16, "options": ["Spiritual narratives", "Redemption narratives", "Birth narratives", "Theological narratives"], "probs": [[0.0650948595857918, 0.0233872825971221, 0.8772350391632171, 0.03428281855384665], [0.05201275753625193, 0.7822740141043103, 0.03802672312995437, 0.12768650512949462], [0.9083234918552824, 0.030602546814633532, 0.020541532698462005, 0.040532428531620396], [0.024343224194344714, 0.03711572658539345, 0.024920183778208562, 0.9136208653420556]], "ideal": "C", "sampled": "C", "correct": true}}
{"type": "result", "data": {"idx": 17, "options": ["Vajrayana", "Theravada", "Mahayana", "Mahavira"], "probs": [[0.004670350840851155, 0.004669814443648843, 0.9770486364074347, 0.013611198208073612], [0.009159196392846744, 0.9123011221486138, 0.023748612547683356, 0.05479106881084517], [0.8803709820026545, 0.007382786287695263, 0.058961807740928456, 0.05328442386873256], [0.003400967730869117, 0.0022487194822693613, 0.013555900307003422, 0.9807944123798813]], "ideal": "C", "sampled": "C", "correct": true}}
{"type": "result", "data": {"idx": 18, "options": ["Svetambara", "Jina", "Agama", "Digambara"], "probs": [[0.227563219565604, 0.0656815203462574, 0.09784583780823275, 0.6089094221799074], [0.022922655056995204, 0.02346979060566023, 0.3530280078215183, 0.6005795464158327], [0.038547688165314446, 0.34886954356118954, 0.5077891433696265, 0.10479362480387967], [0.14506585934769317, 0.6920556480456157, 0.0893760153512113, 0.07350247715546568]], "ideal": "D", "sampled": "A", "correct": false}}
{"type": "result", "data": {"idx": 19, "options": ["The Shema", "The Sefirot", "Deuteronomy", "The Decalogue"], "probs": [[0.9742645208173502, 0.004407354587736, 0.010248398923221925, 0.011079725571682299], [0.0012207297952145433, 0.0005249918842964856, 0.003728640282566162, 0.9945256379379352], [0.0014612069403365235, 0.0017081983565852817, 0.9946199499050451, 0.0022106446980372676], [0.008678040735315952, 0.9714266772637214, 0.009676897430310138, 0.010218384470634351]], "ideal": "A", "sampled": "A", "correct": true}}
{"type": "result", "data": {"idx": 20, "options": ["Brahminic orthodoxy", "Legalistic asceticism", "Bhakti devotionals", "Unorthodox practices"], "probs": [[0.8054142882626537, 0.07553329377870918, 0.0423709833437276, 0.07668143451489592], [0.23599189436505477, 0.023366391510611657, 0.12830592721546852, 0.6123357868088727], [0.025378457050203067, 0.050875204276386254, 0.7958251373634881, 0.12792120120994366], [0.08193329149216291, 0.7130213247339554, 0.13820122884578512, 0.0668441548281002]], "ideal": "A", "sampled": "A", "correct": true}}
{"type": "result", "data": {"idx": 21, "options": ["The Battle of Uhud", "The Battle of Camel", "The Battle of the Trench", "The Battle of Badr"], "probs": [[0.06218330011273002, 0.034892003917494606, 0.6842444470666228, 0.21868024880313552], [0.03699460127203303, 0.5435224010868572, 0.3000833424629312, 0.1193996550781746], [0.4651423617821517, 0.2489360064598317, 0.14405930668997616, 0.1418623249680371], [0.5116243038760573, 0.045404414936780595, 0.09684572135859822, 0.3461255597285903]], "ideal": "C", "sampled": "C", "correct": true}}
{"type": "result", "data": {"idx": 22, "options": ["Remembering the Divine Name", "Meditating on the sacred hymns", "Remembering that death is inevitable", "Meditating on the goodness of the created world"], "probs": [[0.3223480803509902, 0.2674103910541444, 0.17801778341966534, 0.2322237450751972], [0.24859154784367565, 0.04633869206529485, 0.060436744437787106, 0.6446330155532365], [0.0369926269435273, 0.01733598040163622, 0.7548764353889563, 0.19079495716588957], [0.04334047806567946, 0.49194736164068126, 0.17541284065117818, 0.289299319542476]], "ideal": "A", "sampled": "A", "correct": true}}
{"type": "result", "data": {"idx": 23, "options": ["Confucianism", "Buddhism", "Christianity", "Daoism"], "probs": [[0.21316565598627346, 0.2531894838755084, 0.4514280196620426, 0.08221684037618408], [0.04712005131069932, 0.22129329705734507, 0.12034891522052588, 0.6112377363114518], [0.053699192174301004, 0.024772210973443023, 0.4356202848820446, 0.4859083118702064], [0.00788296952281828, 0.15111807998634003, 0.42379864657030597, 0.4172003038205521]], "ideal": "A", "sampled": "A", "correct": true}}
{"type": "result", "data": {"idx": 24, "options": ["Disciple", "Faithful", "Devotee", "Enlightened"], "probs": [[0.35308359686592594, 0.21073088632220446, 0.23512449837201646, 0.2010610183398602], [0.14738746878931105, 0.06856488652230518, 0.11300425065553803, 0.6710433939328326], [0.12627973772213913, 0.13226397934379905, 0.20173118944628857, 0.5397250933877514], [0.17254157795254377, 0.09024175400633445, 0.3484655339784605, 0.38875113396265265]], "ideal": "A", "sampled": "A", "correct": true}}
{"type": "result", "data": {"idx": 25, "options": ["The sages of the Zhuangzi", "The Songs of the South", "The Duke of Zhou", "The Confucian \"sage kings\""], "probs": [[0.4060806749697397, 0.34723460609617574, 0.09492660916245552, 0.1517581096716206], [0.038117154244327295, 0.04705827030116991, 0.07403365678032998, 0.8407909185741814], [0.03831619562871121, 0.04240603886429368, 0.6428110165171655, 0.2764667488898001], [0.04395843636130357, 0.3247917811918671, 0.362143408618642, 0.2691063737281721]], "ideal": "A", "sampled": "A", "correct": true}}
{"type": "result", "data": {"idx": 26, "options": ["Anointed one", "God", "Prophet", "The line of David"], "probs": [[0.9662260337996476, 0.009041336779177294, 0.013999066282547523, 0.010733563038645765], [0.0012354120124355146, 0.0013461179964673995, 0.006471441402591922, 0.9909470284884869], [0.0031120192814993834, 0.0031120192814993834, 0.9777206219269529, 0.01605533941003871], [0.004326109979137746, 0.9418149172260128, 0.02630433628019194, 0.027554636414673837]], "ideal": "A", "sampled": "A", "correct": true}}
{"type": "result", "data": {"idx": 27, "options": ["Soul", "Sound", "Non-matter", "Non-soul"], "probs": [[0.009379335876119992, 0.006753248176710596, 0.2895507824723554, 0.6943166333748266], [0.010226401518571723, 0.047277238693433705, 0.7748950248152203, 0.16760133487278617], [0.07845994239511793, 0.7858069172282751, 0.09242205280681637, 0.04331108746978874], [0.7485367047668181, 0.08332284503553548, 0.03814674308434375, 0.1299937070133229]], "ideal": "D", "sampled": "D", "correct": true}}
{"type": "result", "data": {"idx": 28, "options": ["A collection of statues", "Veneration of ancestors", "Seated meditation", "Funeral rituals"], "probs": [[0.0008062690367443914, 0.0006683938125842718, 0.9860181526976594, 0.012507184353004948], [0.0017707047607035664, 0.9835360697703872, 0.005200707589935551, 0.009492517778968658], [0.9967833998596687, 0.0008025405178436095, 0.0009382743631329134, 0.0014757851593444433], [0.0004612429839379186, 0.00023196248785196786, 0.001273290490870874, 0.9980335039373474]], "ideal": "C", "sampled": "C", "correct": true}}
{"type": "result", "data": {"idx": 29, "options": ["Asceticism", "Bodily pleasure", "Music", "Sexual union"], "probs": [[0.0047967599138325325, 0.09639910662996508, 0.02655663696580839, 0.87224749639038], [0.06685397514134049, 0.019155465421649583, 0.7472106845917387, 0.1667798747452633], [0.013135245720753716, 0.46300510157387276, 0.04621532915417234, 0.4776443234511872], [0.5155814635476704, 0.045380365068467314, 0.2717003022388639, 0.1673378690450243]], "ideal": "D", "sampled": "D", "correct": true}}
{"type": "result", "data": {"idx": 30, "options": ["Loving and forgiving", "Wrathful and merciful", "Judging and vengeful", "Transcendent and immanent"], "probs": [[0.08284369730080758, 0.14774417346753657, 0.42072789981754494, 0.3486842293141101], [0.25516229715404337, 0.1647106390338713, 0.33279547263974074, 0.24733159107235417], [0.2473909567704784, 0.434229769343108, 0.11325101976789011, 0.2051282540185144], [0.30008776106670626, 0.06386075516816661, 0.4165540374008971, 0.21949744626423776]], "ideal": "B", "sampled": "D", "correct": false}}
{"type": "result", "data": {"idx": 31, "options": ["Palestine and Babylonia", "Babylonia and Europe", "Palestine and Spain", "Spain and France"], "probs": [[0.7453494337934251, 0.052755515269535105, 0.1315040327506399, 0.07039101808639024], [0.1581422511895487, 0.12907770664627355, 0.09737924922762746, 0.6154007928365396], [0.046319242488387966, 0.012761664217880688, 0.7414065286517273, 0.1995125645419942], [0.0177080150277992, 0.5171572172285385, 0.20900496356589543, 0.2561298040777739]], "ideal": "A", "sampled": "A", "correct": true}}
{"type": "result", "data": {"idx": 32, "options": ["Buddhism", "Hinduism", "Judaism", "Islam"], "probs": [[0.5884464210375117, 0.2233001936751727, 0.0827734511612301, 0.10547993402608542], [0.12598875863811812, 0.22804740782432717, 0.12396947591877297, 0.5219943575187878], [0.06396575181408934, 0.08673100565466178, 0.6508290588012953, 0.19847418362996946], [0.0894157228942256, 0.5312184353418787, 0.23191483894439954, 0.14745100271951314]], "ideal": "A", "sampled": "A", "correct": true}}
{"type": "result", "data": {"idx": 33, "options": ["Kali yuga", "Maha yuga", "Krita yuga", "Satya yuga"], "probs": [[0.6839925665181424, 0.048765552196023354, 0.116994860540291, 0.15024702064556564], [0.0006709702363630648, 0.0008483819419899271, 0.008369339108676831, 0.9901113086129878], [0.0008484562808484757, 0.002018107908920809, 0.9085842286217024, 0.08854920708855124], [0.004307916435216285, 0.7246838986175405, 0.056768697923273284, 0.21423948692397982]], "ideal": "A", "sampled": "A", "correct": true}}
{"type": "result", "data": {"idx": 34, "options": ["Hymns", "Laws", "Ethics", "Myths"], "probs": [[0.9719706193581973, 0.0058739030803395455, 0.008609139851234612, 0.013546337610207477], [0.0018859145095103005, 0.0017445990647833895, 0.0041851066629414796, 0.9921843796627698], [0.0080754891799134, 0.004090976341445293, 0.9625754557624513, 0.02525807861618095], [0.005078675391975074, 0.9599993442757327, 0.011803812179200878, 0.02311816805309481]], "ideal": "A", "sampled": "A", "correct": true}}
{"type": "result", "data": {"idx": 35, "options": ["Pure Land", "Tendai", "Shingon", "Soto Zen"], "probs": [[0.975483402578172, 0.0034911844356535944, 0.005622855180807121, 0.015402557705385391], [0.0008375846375696864, 0.0008842561982882365, 0.005547239844536213, 0.9927309192196034], [0.0008593499068640283, 0.0013943504937737603, 0.9798047705722361, 0.01794152892715036], [0.001129033950315936, 0.9563453519425917, 0.013860504390268365, 0.028665109616802607]], "ideal": "A", "sampled": "A", "correct": true}}
{"type": "result", "data": {"idx": 36, "options": ["Sita", "Rama", "Kali", "Durga"], "probs": [[0.8991363311842014, 0.03568573276757305, 0.012828559935426028, 0.05234937601278387], [0.006186071207785946, 0.0018575084347290838, 0.007402432519195562, 0.984553987738274], [0.007652723893998205, 0.005180397084200685, 0.9417332256648376, 0.04543365325698576], [0.02541063810016669, 0.923836270236581, 0.02241647426434596, 0.028336617298910842]], "ideal": "A", "sampled": "A", "correct": true}}
{"type": "result", "data": {"idx": 37, "options": ["Rumi", "Rabi'a", "Fatimah", "Khadija"], "probs": [[0.00738535133953405, 0.9084533582424401, 0.039287911078789234, 0.04487337923921998], [0.8658222694207706, 0.02219446704173492, 0.05533611679270705, 0.05664714664479006], [0.004635588949980265, 0.005905816608644824, 0.011474840813633973, 0.9779837535277509], [0.003834132212342601, 0.0038033093927039526, 0.9749159481003552, 0.01744661019457483]], "ideal": "B", "sampled": "B", "correct": true}}
{"type": "result", "data": {"idx": 38, "options": ["Andal", "Devi", "Ganga", "Kali"], "probs": [[0.955337788986402, 0.020469668301583914, 0.009219431628820248, 0.014973110983175485], [0.006680623199916874, 0.0011608523811959088, 0.008248095777483623, 0.9839104285414042], [0.001543134371903432, 0.0011206109032699519, 0.9720400904074591, 0.025296164217384932], [0.0017230923523914995, 0.9425552424373148, 0.022175998874210255, 0.03354566623607061]], "ideal": "A", "sampled": "A", "correct": true}}
{"type": "result", "data": {"idx": 39, "options": ["Paul of Tarsus", "Clare of Assisi", "Francis of Assisi", "John of the Cross"], "probs": [[0.12721531932369304, 0.10065681782606575, 0.6562758221814773, 0.11585204056876963], [0.3165025415768642, 0.5465304822578064, 0.06181315912945033, 0.07515381693586472], [0.8654153720858051, 0.02916908635820847, 0.023610992053092757, 0.08180454940288368], [0.025333714641762626, 0.009393160052867014, 0.07214913231563642, 0.8931239928897339]], "ideal": "C", "sampled": "C", "correct": true}}
{"type": "result", "data": {"idx": 40, "options": ["Epistemology", "Morality", "Religion", "Aesthetics"], "probs": [[0.019184706158235632, 0.6108677157766227, 0.3025017113520812, 0.06744586661307005], [0.8310863949651364, 0.06263141557737284, 0.0252865634483721, 0.08099562590912836], [0.07467175415962782, 0.00964743736383582, 0.047834330989863345, 0.8678464773866612], [0.0034777617341780575, 0.020172186092263882, 0.7509103662448284, 0.22543968582874815]], "ideal": "B", "sampled": "B", "correct": true}}
{"type": "result", "data": {"idx": 41, "options": ["Greek Orthodox", "Roman Catholic", "Puritans", "Quakers"], "probs": [[0.0006990276959080078, 0.0015267766043617359, 0.1751469611696463, 0.8226272344301032], [0.008333835568298623, 0.06507807545452442, 0.9049619048025441, 0.021626184074619498], [0.03257420162490652, 0.9221249470800265, 0.014225589259293996, 0.03107526193575302], [0.5449208418470329, 0.010537566310202723, 0.05832041064492632, 0.38622118109784653]], "ideal": "D", "sampled": "D", "correct": true}}
{"type": "result", "data": {"idx": 42, "options": ["Peter", "Paul", "Jesus", "Matthew"], "probs": [[0.901240409420355, 0.025358057057517862, 0.05849505846286987, 0.014906474959276427], [0.0034242941707693774, 0.0047194542964935585, 0.004467551374397167, 0.9873887000583345], [0.016890019665421533, 0.0033776940364950415, 0.9437257590643823, 0.03600652713371645], [0.008277302227582457, 0.8782749881740097, 0.03051295388942194, 0.08293475560900666]], "ideal": "A", "sampled": "A", "correct": true}}
{"type": "result", "data": {"idx": 43, "options": ["1935", "2000", "1965", "1975"], "probs": [[0.7732047151514668, 0.03819376342660444, 0.14531440560345077, 0.043287115718461236], [0.01688065579136036, 0.0186805080694237, 0.09864831969091532, 0.8657905163483022], [0.02513486625403557, 0.027392276992131207, 0.886224424728461, 0.06124843192538531], [0.04285409665974896, 0.6601455231684034, 0.19812510643306103, 0.09887527363880166]], "ideal": "A", "sampled": "A", "correct": true}}
{"type": "result", "data": {"idx": 44, "options": ["Householders who supported renouncers", "Orthodox interpreters of the scriptures", "Women ascetics who lived in communities", "Temple-dwelling renouncers"], "probs": [[0.10800367016873991, 0.011837360235354775, 0.7154577253577481, 0.1647012441381517], [0.012670990105350933, 0.7595396079981972, 0.07820965875089929, 0.14957974304553423], [0.7958706440597528, 0.04318850318016381, 0.09356203931286114, 0.06737881334724143], [0.12090520273584691, 0.06078934167169378, 0.029858097120522186, 0.7884473583719626]], "ideal": "D", "sampled": "C", "correct": false}}
{"type": "result", "data": {"idx": 45, "options": ["Thoughtfulness", "Non-action", "Spontaneity", "Meditation"], "probs": [[0.011159718163287494, 0.5211787429807635, 0.2788904794662747, 0.18877105928966043], [0.5285112985729912, 0.216895701370638, 0.03431565449001128, 0.22027734546634264], [0.015099043708638503, 0.0021249958580181706, 0.01122222839236967, 0.9715537319409918], [0.0014331364637188207, 0.002963385211106442, 0.4398137828299947, 0.5557896953951632]], "ideal": "C", "sampled": "B", "correct": false}}
{"type": "result", "data": {"idx": 46, "options": ["hand gestures", "saints", "religious clothing", "temples"], "probs": [[0.9859592751837707, 0.0024261480645846874, 0.007646553527911414, 0.0039680231237356825], [0.0019028603212805058, 0.0010930868779494844, 0.00347330113513531, 0.9935307515656513], [0.0021925161477605445, 0.001128737587349408, 0.9867757127104473, 0.009903033454458207], [0.0031023058247155308, 0.9667909701807216, 0.011979037844751952, 0.018127686049820384]], "ideal": "A", "sampled": "A", "correct": true}}
{"type": "result", "data": {"idx": 47, "options": ["Julius Caesar", "Alexander the Great", "Cyrus of Persia", "Antiochus IV Epiphanes"], "probs": [[0.0005176536713396702, 0.0012127272811691318, 0.0024118022888456017, 0.995857816658625], [0.0007856914635383453, 0.00431555176172431, 0.9536380052722359, 0.04126075140251117], [0.001559032816492328, 0.9660309919473281, 0.01235548261041878, 0.020054492525748462], [0.9509195493437934, 0.009472928205094235, 0.013462514719814118, 0.026145007631286042]], "ideal": "D", "sampled": "D", "correct": true}}
{"type": "result", "data": {"idx": 48, "options": ["30", "40", "33", "52"], "probs": [[0.08355696216104236, 0.095459830558352, 0.5199817834671142, 0.3010014237135104], [0.10751923553689108, 0.23494057998316906, 0.14469536223096355, 0.5128448221489581], [0.23822026572822938, 0.1400574033071542, 0.3206280338863004, 0.3010942969783048], [0.08875977391416863, 0.14748628144562503, 0.18068388372577218, 0.5830700608144346]], "ideal": "A", "sampled": "C", "correct": false}}
{"type": "result", "data": {"idx": 49, "options": ["Serpent", "Eagle", "Cheetah", "Cow"], "probs": [[0.08363929566988525, 0.05112688440539432, 0.20215660021762888, 0.6630772196071089], [0.04535058514420622, 0.0887966920669252, 0.5065760035237352, 0.3592767191651057], [0.11118394516712077, 0.4160911314690026, 0.27299334841046163, 0.19973157485341883], [0.3058049062117576, 0.3057778437673754, 0.16118403795809316, 0.22723321196276672]], "ideal": "D", "sampled": "D", "correct": true}}
{"type": "result", "data": {"idx": 50, "options": ["Community", "Scripture", "Worship", "Apprenticeship"], "probs": [[0.01750410203326798, 0.002707036178036237, 0.016449442025638705, 0.9633394196630669], [0.0037093333173861586, 0.0023030600537294913, 0.8526199512572324, 0.14136765527165465], [0.007281102765503296, 0.6553718441636157, 0.2954414641347685, 0.0419055888361169], [0.028254011473676878, 0.8063369697874286, 0.05277686605899386, 0.11263215257989032]], "ideal": "A", "sampled": "D", "correct": false}}
{"type": "result", "data": {"idx": 51, "options": ["Construction of the Second Temple", "Destruction of the Second Temple", "The Christianization of the Roman Empire", "The emergence of Islam"], "probs": [[0.16357875169289843, 0.7450854097157985, 0.05029128452234166, 0.04104455396897784], [0.9043344848413467, 0.016559368110403375, 0.03647119769806733, 0.04263494925018976], [0.013848600706645255, 0.009664751256719076, 0.31996404692159874, 0.656522601015005], [0.005662198365291437, 0.21411324334996384, 0.6806190443868099, 0.09960551379795178]], "ideal": "B", "sampled": "B", "correct": true}}
{"type": "result", "data": {"idx": 52, "options": ["Genshin", "Dogen", "Honen", "Shinran"], "probs": [[0.029737104824697567, 0.011372764527836855, 0.19842297710907128, 0.7604671534383737], [0.0020009446635522107, 0.011336501360500571, 0.9295417426388685, 0.05712081123709875], [0.008304363605529589, 0.901124501454895, 0.04316395919117247, 0.04740717564838279], [0.581680576590271, 0.14481874339684417, 0.09877797941713028, 0.1747227004957414]], "ideal": "C", "sampled": "D", "correct": false}}
{"type": "result", "data": {"idx": 53, "options": ["Pakistan", "Iraq", "Indonesia", "Turkey"], "probs": [[0.01447489091114821, 0.0034108775901382994, 0.9312076105556536, 0.050906620843058074], [0.01167559207773735, 0.3438101341320363, 0.23624582715216838, 0.4082684465380478], [0.2673271421704779, 0.06155344754845292, 0.6415791931984562, 0.02954021698262184], [0.006107419594646019, 0.012832303470045025, 0.03829720740803071, 0.9427630694272944]], "ideal": "C", "sampled": "C", "correct": true}}
{"type": "result", "data": {"idx": 54, "options": ["Gregory", "Augustine", "Athanasius", "Francis"], "probs": [[0.20502250314728565, 0.031690552899022166, 0.21478421905644687, 0.548502724797228], [0.06316951229091426, 0.05361759742449867, 0.27438473621701376, 0.6088281539675923], [0.027076944130715163, 0.023901397396738404, 0.7550130461275002, 0.19400861224503527], [0.05638437507968316, 0.12699210483347273, 0.28180950308110003, 0.5348140169057285]], "ideal": "A", "sampled": "A", "correct": true}}
{"type": "result", "data": {"idx": 55, "options": ["Enlightened being", "Worthy ones", "Saintly ones", "Sages"], "probs": [[0.3354518186533869, 0.26954169686271334, 0.09911861782723909, 0.2958878665566739], [0.023305490642056063, 0.011355026889196134, 0.16298774229383764, 0.8023517400749024], [0.01761383941368764, 0.019200817868427575, 0.8224126280266774, 0.14077271459119584], [0.026429289149060738, 0.5107180483781412, 0.3095454434896381, 0.15330721888317814]], "ideal": "A", "sampled": "A", "correct": true}}
{"type": "result", "data": {"idx": 56, "options": ["Guru Ram Das", "Guru Tegh Bahadur", "Guru Gobind Singh", "Guru Har Rai"], "probs": [[0.0019076111005314543, 0.8519327649515565, 0.10173149182382799, 0.04442813202410475], [0.9298477021175753, 0.02989965137428863, 0.024983227539918454, 0.015269418868210488], [0.004060529811309485, 0.005296579098636293, 0.012416113302759537, 0.978226777687278], [0.0008568842878076279, 0.002240036454616629, 0.9244999932606323, 0.07240308589692862]], "ideal": "B", "sampled": "B", "correct": true}}
{"type": "result", "data": {"idx": 57, "options": ["Guru Nanak", "Guru Arjan", "Guru Hargobind", "Guru Ram Das"], "probs": [[0.03101603952621071, 0.02913702377251881, 0.8648821241920189, 0.07496481240924309], [0.06527900794928558, 0.7072877895727172, 0.11551661405413388, 0.11191658832384273], [0.8112062303871129, 0.031963624919773156, 0.08485538941306552, 0.07197475518004039], [0.0486258583307905, 0.04752448278860177, 0.16065319632130606, 0.743196462459307]], "ideal": "C", "sampled": "C", "correct": true}}
{"type": "result", "data": {"idx": 58, "options": ["In the community", "In faith in God", "In ascetic renunciation", "In the life of the householder"], "probs": [[0.021103154288458985, 0.14085991822946656, 0.08812482672534351, 0.749912100656751], [0.051348716838782116, 0.01437043248856385, 0.37361896472733097, 0.5606618858453115], [0.012163887140027484, 0.06891895797879559, 0.06629148015212795, 0.8526256746290449], [0.07427740485268584, 0.02548012168526715, 0.6468691272567448, 0.2533733461053285]], "ideal": "D", "sampled": "B", "correct": false}}
{"type": "result", "data": {"idx": 59, "options": ["God is eternal and merciful to those who offer worship", "Humans can align themselves with life energy through worship of kami", "Justice will be the final outcome in the next world", "Power and force are the most divine attributes"], "probs": [[0.039693557361358434, 0.903125432464197, 0.028591130955901347, 0.02858987911853208], [0.9238144175939997, 0.019628827504687807, 0.012673611492636327, 0.043883143308698205], [0.004017888112356586, 0.0028731213676350758, 0.009713174185468423, 0.9833958162345503], [0.011669939310213226, 0.00952556873915998, 0.9269137162315666, 0.05189077561905865]], "ideal": "A", "sampled": "B", "correct": false}}
{"type": "result", "data": {"idx": 60, "options": ["Durga", "Sri Lakshmi", "Kali", "Mahavira"], "probs": [[0.027620367252486042, 0.5373095281463336, 0.41200484989011643, 0.02306525461103894], [0.8759827969196493, 0.02815564507782711, 0.014381855947455545, 0.08147970195508111], [0.01085170996406944, 0.0013794915273667254, 0.43993275734298914, 0.5478360410655833], [0.0030822114824064816, 0.019629909271289665, 0.8473718990960917, 0.129915980050193]], "ideal": "B", "sampled": "B", "correct": true}}
{"type": "result", "data": {"idx": 61, "options": ["China", "Silla", "Goguryeo", "Joseon"], "probs": [[0.26277206355283256, 0.4334548564625421, 0.1984055746271973, 0.10536750525742045], [0.26345434617926544, 0.2324435199821357, 0.096135444577892, 0.40796668916071427], [0.12065519716267058, 0.08165814600313148, 0.5081985449737281, 0.2894881117605017], [0.12942151646586275, 0.3252397848407156, 0.3628267688966369, 0.1825119296967873]], "ideal": "B", "sampled": "A", "correct": false}}
{"type": "result", "data": {"idx": 62, "options": ["Madhva", "Patanjali", "Ramanuja", "Aryabhatta"], "probs": [[0.003094727098644503, 0.9349586464957315, 0.02511489839311277, 0.03683172791253066], [0.9823975142111463, 0.0062685784044591315, 0.004917530028003696, 0.006416377256404851], [0.0007192099382448194, 0.0004983867990058158, 0.0017386916647449964, 0.9970437114980099], [0.000980918082483325, 0.0010513114868348356, 0.9785872918958894, 0.01938047843479192]], "ideal": "B", "sampled": "B", "correct": true}}
{"type": "result", "data": {"idx": 63, "options": ["It was visited by Moses.", "It is a haram.", "It was built by Abraham.", "It is a square building."], "probs": [[0.2706005064439272, 0.045578454558375, 0.2581416777077886, 0.4256793611898836], [0.06077150759474954, 0.09413129987159227, 0.5166777799290305, 0.32841941250461854], [0.18278639384395232, 0.13370032701047221, 0.3257611399772142, 0.35775213906834397], [0.20168648627299382, 0.1894772387047269, 0.17519089427979223, 0.4336453806424816]], "ideal": "A", "sampled": "D", "correct": false}}
{"type": "result", "data": {"idx": 64, "options": ["Parvati", "Ganesha", "Vishnu", "Sita"], "probs": [[0.003485873315384807, 0.9510752488575508, 0.026152750544157312, 0.019286127182925408], [0.9762207433916709, 0.006578832855284904, 0.0061812988655426376, 0.01101912478749385], [0.0032478548917849255, 0.0013023848042676208, 0.014331657463256002, 0.9811181027406805], [0.0028076674465518058, 0.003360747051207624, 0.9387591771106139, 0.05507240829160368]], "ideal": "B", "sampled": "B", "correct": true}}
{"type": "result", "data": {"idx": 65, "options": ["Sri Lakshmi", "Mahavira", "Rsabha", "Nanak"], "probs": [[0.04576543567747064, 0.6828049087528437, 0.11416432588109433, 0.15726532958858067], [0.6508417842031845, 0.08740384727960723, 0.1385365373312951, 0.12321783108593792], [0.05779839210044569, 0.031172524876552553, 0.07534149559835789, 0.8356875873246291], [0.0280196824458431, 0.04239206780304619, 0.8188131531277877, 0.11077509652333972]], "ideal": "C", "sampled": "B", "correct": false}}
{"type": "result", "data": {"idx": 66, "options": ["Ban Zhao", "Laozi", "Menicus", "Liu Xiang"], "probs": [[0.8130863162713229, 0.04480978006460159, 0.0699540912497447, 0.07214981231433332], [0.0029986430804819016, 0.01672337828796609, 0.03799141390197446, 0.9422865646295937], [0.010011633533137887, 0.020386874606104537, 0.9154947111798772, 0.05410678058089144], [0.02894392620745346, 0.8132330301093417, 0.06367933231074561, 0.09414371127243981]], "ideal": "A", "sampled": "A", "correct": true}}
{"type": "result", "data": {"idx": 67, "options": ["36,000", "12,000", "24,000", "7,000"], "probs": [[0.17224764265155698, 0.235476911075138, 0.3168882154815734, 0.2753872306917431], [0.1134223032110861, 0.1411355677232624, 0.4775905124374936, 0.26785161652815603], [0.15454626073371308, 0.23559894236720588, 0.31200616768726175, 0.29784862911182974], [0.1100579955493279, 0.16773927219926218, 0.4856182882694328, 0.2365844438819808]], "ideal": "A", "sampled": "B", "correct": false}}
{"type": "result", "data": {"idx": 68, "options": ["Ultimate Reality", "The gurus", "The community", "Sikh worship"], "probs": [[0.9222912727171483, 0.016373777069187308, 0.018553554540732622, 0.04278139557295197], [0.006323000283240641, 0.003333212916473243, 0.01459048902436272, 0.9757532976759108], [0.006697349414472264, 0.010211045275812352, 0.9190574367471906, 0.06403416846252133], [0.011616748861394703, 0.908381477060318, 0.02875353977334223, 0.05124823420493641]], "ideal": "A", "sampled": "A", "correct": true}}
{"type": "result", "data": {"idx": 69, "options": ["Sansar", "Hukam", "Mantar", "Karam"], "probs": [[0.012038137196988251, 0.9122219211388319, 0.027760001356159057, 0.04797994020802451], [0.908909079113104, 0.022410156936990756, 0.03260089461235537, 0.036079869237542146], [0.009555244244146999, 0.005662413315018268, 0.017991320456155174, 0.9667910218846875], [0.01752144820418901, 0.006295423007409166, 0.941362885027786, 0.03482024366062938]], "ideal": "B", "sampled": "B", "correct": true}}
{"type": "result", "data": {"idx": 70, "options": ["30", "29", "27", "47"], "probs": [[0.017689401271047227, 0.05667935254230091, 0.8008604932148802, 0.12477075287176834], [0.028981293528586208, 0.11372013918447559, 0.11554752574792636, 0.7417510414390136], [0.024269784210120184, 0.0160413726434757, 0.4910754152135902, 0.4686134278327981], [0.0037176548796179544, 0.04598477957570074, 0.6156284761522473, 0.33466908929245665]], "ideal": "C", "sampled": "A", "correct": false}}
{"type": "result", "data": {"idx": 71, "options": ["Zen Buddhism", "Chan Buddhism", "Humanistic Buddhism", "Pure Land Buddhism"], "probs": [[0.029307468672262096, 0.011653928564599464, 0.8493298531183792, 0.10970874954474058], [0.02498805595582779, 0.05046144479535715, 0.01613330921510881, 0.9084171899336874], [0.11862026144291536, 0.007585999989823069, 0.6719798629541792, 0.20181387551307448], [0.0037214512285393604, 0.020918636950096783, 0.13316527226627212, 0.8421946394551084]], "ideal": "C", "sampled": "C", "correct": true}}
{"type": "result", "data": {"idx": 72, "options": ["They worshipped exclusively outside of the temple", "They believed that nakedness was an elemental expression of non-attachment", "They included women within the ranks of the leadership", "They believed that the omniscient Jina must eat and sleep"], "probs": [[0.03834538133935847, 0.9143076417831341, 0.0220104773281438, 0.025336499449348637], [0.9292450164104631, 0.015019149642265943, 0.014901915439690765, 0.04083391840758715], [0.004662540238521368, 0.009492380972377324, 0.025392186152430062, 0.9604528925366771], [0.007998464446627674, 0.014714182161797746, 0.9103189608835113, 0.06696839240805436]], "ideal": "B", "sampled": "B", "correct": true}}
{"type": "result", "data": {"idx": 73, "options": ["Namokar Mantra", "The Liberation Mantra", "Ahimsa", "Archaryas"], "probs": [[0.9214796693713501, 0.04377210859243655, 0.021502360304478395, 0.013245861631737875], [0.002541285381212265, 0.005421981053997317, 0.0065891137391036, 0.9854476197256805], [0.0023626262581747113, 0.0056253290030876275, 0.9382263043404289, 0.05378574029829043], [0.003937936640011632, 0.9048400917879525, 0.052676443933641896, 0.038545527538397496]], "ideal": "A", "sampled": "A", "correct": true}}
{"type": "result", "data": {"idx": 74, "options": ["Second century CE", "Fifth century CE", "Fifth century BCE", "Eighteenth century CE"], "probs": [[0.160910728504148, 0.12928721381994276, 0.6167218004166138, 0.09308025715930521], [0.1147775737972325, 0.40071268696769485, 0.0581772405631228, 0.4263324985719456], [0.4032004023601531, 0.03233045577086532, 0.2406667100396623, 0.32380243172930806], [0.024503498218850416, 0.10893707672280857, 0.2960200260911568, 0.5705393988671537]], "ideal": "B", "sampled": "C", "correct": false}}
{"type": "result", "data": {"idx": 75, "options": ["7", "42", "24", "13"], "probs": [[0.11445956200005011, 0.11714528320643502, 0.3015470240221867, 0.4668481306713283], [0.08314485065058298, 0.09059089481444935, 0.38725253114063785, 0.4390117232943283], [0.11159210576098935, 0.17019001479528276, 0.5161704784487304, 0.20204740089499781], [0.12720317513647994, 0.19092005352782107, 0.26489003773788905, 0.4169867334978224]], "ideal": "C", "sampled": "A", "correct": false}}
