{"type": "result", "data": {"idx": 0, "options": ["0", "4", "2", "6"], "probs": [[0.13487537203870514, 0.23838774857521366, 0.4643104075921188, 0.16242647169396243], [0.14659961182799547, 0.254683360152802, 0.2957968237225361, 0.3029202041966665], [0.14598749359000923, 0.24579384554261952, 0.3753960374308336, 0.23282262333653764], [0.1441649219870187, 0.22098823218800434, 0.3483796469277398, 0.28646719879723714], [0.14074982911058176, 0.2142490329267268, 0.4373438423038852, 0.20765729555880622], [0.14120625606518025, 0.21675156252889566, 0.3962976397894313, 0.2457445415164928], [0.3433987540111202, 0.11644694830453092, 0.26894337912616517, 0.27121091845818374], [0.3282613929680525, 0.11571324184448059, 0.2757322089198093, 0.2802931561676576], [0.38858638163417436, 0.26783664615116, 0.10313396361975383, 0.24044300849491185], [0.3682129547322963, 0.2599467453076804, 0.2190519818020748, 0.15278831805794849], [0.36427753612028646, 0.32498225399009034, 0.11041453155226358, 0.20032567823735964], [0.34710345185956476, 0.295708958711095, 0.21979213086243168, 0.13739545846690854], [0.24815495309732347, 0.10733522473692425, 0.3722596466169031, 0.2722501754488492], [0.24591181779034685, 0.10305949015150741, 0.32539011499265863, 0.3256385769654871], [0.25835092120896413, 0.4116758427723646, 0.09904402574356215, 0.23092921017510912], [0.25033172216499755, 0.3688372859336466, 0.2515251859316479, 0.12930580586970794], [0.25373942602642996, 0.3979196398277388, 0.08718409713171661, 0.2611568369141146], [0.2346863702309751, 0.3276755657915429, 0.32283075103649156, 0.11480731284099042], [0.3060326139488876, 0.10463632442839343, 0.3380865034615085, 0.2512445580612105], [0.32985041770953616, 0.1109595861532439, 0.26627902185783664, 0.2929109741793833], [0.3392023544926697, 0.3297956683841067, 0.09505166395702135, 0.23595031306620226], [0.33277412749815977, 0.32123115176876044, 0.19787098170520556, 0.14812373892787425], [0.39641066495662536, 0.23175858930955545, 0.10029708368899364, 0.2715336619448256], [0.35355504816878264, 0.21187448183750587, 0.28552439380525774, 0.14904607608845372]], "ideal": "B", "sampled": "B", "correct": true}}
{"type": "result", "data": {"idx": 1, "options": ["8", "2", "24", "120"], "probs": [[0.31820310716711364, 0.22955412134225853, 0.19852667157482648, 0.2537160998158014], [0.3192019855419076, 0.21978954133546502, 0.21218521033147678, 0.24882326269115063], [0.31539414430121854, 0.26829506345121934, 0.19077737980500153, 0.2255334123425606], [0.3134802421679645, 0.23185309311752528, 0.253711532941937, 0.2009551316725732], [0.31273926699338916, 0.2768753890509619, 0.19689116760123057, 0.21349417625441838], [0.3247853863627581, 0.25985014823237546, 0.2302256260615678, 0.18513883924329866], [0.2321331764207632, 0.27011227202527277, 0.24276892476680698, 0.2549856266871571], [0.25154855844843216, 0.2709777354923114, 0.26552546021667256, 0.21194824574258386], [0.24015793917632408, 0.2625765580444186, 0.24930822099660876, 0.24795728168264852], [0.2510365433276548, 0.2640294612368903, 0.27996365961775505, 0.20497033571769982], [0.26350277659642196, 0.30926993486172744, 0.19999642668154607, 0.22723086176030455], [0.2709154309470685, 0.3156254730337604, 0.20256809303678375, 0.21089100288238738], [0.298268033456839, 0.3211657250127475, 0.1982869445313536, 0.18227929689905994], [0.3052043661945488, 0.2681350449671689, 0.2013808667664144, 0.2252797219718679], [0.31427233471492355, 0.21142745875904287, 0.26655092038377176, 0.2077492860422618], [0.30878302911983163, 0.2092646987417392, 0.2135003687749444, 0.2684519032634847], [0.2925973192667826, 0.2589563092485944, 0.2239999141469128, 0.22444645723771017], [0.2909707513449912, 0.2940743652906303, 0.17740531792670622, 0.23754956533767227], [0.31011186178731065, 0.22392645631419764, 0.2510554044558641, 0.21490627734262763], [0.3220581816078123, 0.2082766468151762, 0.22633944590573427, 0.24332572557127724], [0.30227482315855425, 0.1851132362895865, 0.2752284407340433, 0.23738349971781592], [0.3084245873914005, 0.19793303013948596, 0.25155022363009527, 0.24209215873901826], [0.3087584582032418, 0.24669506408206118, 0.2291105768120484, 0.21543590080264854], [0.3060774641659609, 0.28604610050050433, 0.1926000502185171, 0.21527638501501767]], "ideal": "C", "sampled": "D", "correct": false}}
{"type": "result", "data": {"idx": 2, "options": ["0", "1", "0,1", "0,4"], "probs": [[0.2151783406519288, 0.18337789176060812, 0.36239475008201616, 0.2390490174054469], [0.25892540809903114, 0.19282698629358352, 0.27819269892771664, 0.2700549065796687], [0.22616310078381216, 0.25178184727621783, 0.26928838683522416, 0.2527666650047458], [0.23517212269338647, 0.2742933034622557, 0.2733084559167304, 0.21722611782762735], [0.24020332395143273, 0.279563239156307, 0.1685325926770562, 0.3117008441152041], [0.28484975864348777, 0.3481025047534916, 0.21984998552016358, 0.14719775098285706], [0.2167785892733869, 0.20011880694526812, 0.41493880237595143, 0.16816380130539352], [0.2528828008851011, 0.2156369174611427, 0.3259725175182134, 0.2055077640355428], [0.27784519970849475, 0.2906072394168754, 0.2377387547592194, 0.1938088060154105], [0.2645937125241297, 0.2918139012815634, 0.21928053438614853, 0.22431185170815834], [0.29023758006527767, 0.28474879686292826, 0.20238359572031234, 0.22263002725148173], [0.313036861854155, 0.26477759855488386, 0.21855255258681158, 0.20363298690414952], [0.35379868742265846, 0.21705184874748273, 0.19332297144387114, 0.23582649228598765], [0.3453460232465025, 0.2076927808407044, 0.29389028862487016, 0.15307090718792296], [0.30858310594180266, 0.26155110801299886, 0.19276417502674767, 0.23710161091845075], [0.29521896211646004, 0.24253660393534274, 0.23574742587518138, 0.22649700797301583], [0.3497421651575205, 0.22278718485912144, 0.22295357123491272, 0.20451707864844537], [0.30629757500055504, 0.17092450216080915, 0.28704256244177, 0.23573536029686581], [0.3832706155502394, 0.18097258832771965, 0.1294919530993557, 0.30626484292268524], [0.40860829906810786, 0.2012992709092988, 0.21633691116478226, 0.17375551875781103], [0.3525015203301358, 0.16408578071826274, 0.18080670052110887, 0.30260599833049256], [0.3553427053530503, 0.18200611523935717, 0.2239450298340182, 0.23870614947357433], [0.398079448784088, 0.19872718741856685, 0.21350106377261094, 0.1896922999247342], [0.3443499412400852, 0.17466780092565756, 0.20104139749432243, 0.27994086023993475]], "ideal": "D", "sampled": "D", "correct": true}}
{"type": "result", "data": {"idx": 3, "options": ["True, True", "False, False", "True, False", "False, True"], "probs": [[0.36211075013730176, 0.1311033724610552, 0.26533032647088733, 0.2414555508307557], [0.33011928689336617, 0.12233726861352141, 0.22719440200432728, 0.32034904238878514], [0.3694329316460149, 0.27226153419069077, 0.14598486043520528, 0.21232067362808904], [0.34851354876420965, 0.254822526173479, 0.17141004160433604, 0.22525388335797533], [0.3204903900302831, 0.22534780202042634, 0.213887616970608, 0.24027419087868254], [0.3419112511842582, 0.19779008330229775, 0.21943549482661334, 0.24086317058683074], [0.23709485992332494, 0.27720896646032606, 0.2889194319370298, 0.1967767415793192], [0.26451960203386604, 0.26239749786614003, 0.2357037961247298, 0.23737910387526417], [0.23598830834703718, 0.26132916233329123, 0.36384640494017384, 0.13883612427949776], [0.24770805989088923, 0.2636547605830598, 0.19173405491180992, 0.29690312451424106], [0.2576774435285575, 0.272193618752965, 0.2333562741450447, 0.23677266347343284], [0.24637104179650182, 0.25614402840604084, 0.1998977303259328, 0.2975871993715245], [0.29905495935831955, 0.37512214105914354, 0.15653944480461435, 0.16928345467792252], [0.27451938797052383, 0.3310934354196713, 0.1802466538404977, 0.21414052266930714], [0.2940824925605423, 0.14000424741298625, 0.38450592752426305, 0.18140733240220838], [0.2680461010103178, 0.15505759081613094, 0.2156425129885288, 0.3612537950850225], [0.28871685693829224, 0.18206115336476805, 0.3381601920111602, 0.19106179758577949], [0.27844726206715176, 0.20196055762057827, 0.12952699869985523, 0.3900651815124147], [0.3295892326020578, 0.3453598772549921, 0.14989631546561433, 0.17515457457733574], [0.3056916962488004, 0.36591291677921733, 0.1526953762098908, 0.17570001066209143], [0.3416577373605404, 0.13589312814944274, 0.28173802601035214, 0.24071110837966475], [0.3386052897026084, 0.13780930842287073, 0.16264356913495193, 0.3609418326395689], [0.33018252250230584, 0.17669081686160337, 0.2988971769510826, 0.1942294835850082], [0.34536979520623506, 0.19508430687119938, 0.127127356687746, 0.33241854113481956]], "ideal": "B", "sampled": "A", "correct": false}}
{"type": "result", "data": {"idx": 4, "options": ["2x^2 + 5", "6x^2 + 4x + 6", "0", "x^2 + 1"], "probs": [[0.2923224568074682, 0.22545184192787138, 0.32110252973206516, 0.16112317143259527], [0.2893277406403177, 0.20279985664247024, 0.2610240578390404, 0.2468483447781716], [0.26750579473681446, 0.3169997036140062, 0.23767378923900423, 0.17782071231017507], [0.2727502367447328, 0.3154412005657779, 0.2188258385089511, 0.1929827240805382], [0.2863297249486733, 0.20050667821865945, 0.21386467555603578, 0.2992989211766315], [0.29561859806827806, 0.20246106685850582, 0.31449035275548465, 0.1874299822177315], [0.3342823981904487, 0.2007404118575581, 0.29057088491395133, 0.17440630493804185], [0.324178069797523, 0.20048964021585192, 0.23498417434726726, 0.24034811553935784], [0.3265988084377618, 0.3309696168433137, 0.1786810377651122, 0.1637505368538123], [0.3154018678021099, 0.2974516318090102, 0.17776144244555736, 0.20938505784332256], [0.3200201749466584, 0.2071629161059137, 0.18903769632492823, 0.28377921252249966], [0.324058169396462, 0.17981731739461204, 0.3189390240990334, 0.17718548900989253], [0.2878716034582217, 0.23079164667789384, 0.2556465603996954, 0.22569018936418903], [0.2971946673398051, 0.23246432596621405, 0.27887223070513256, 0.19146877588884822], [0.27326689519134995, 0.31137941408742537, 0.21584114633779122, 0.1995125442834335], [0.29319408969918637, 0.2703479270418533, 0.26039117960100955, 0.17606680355795085], [0.29030042018668334, 0.26331724929211153, 0.23449706330049322, 0.21188526712071193], [0.2924503429306707, 0.2511889077648998, 0.22184889346897738, 0.23451185573545208], [0.29601987752308795, 0.20078766044772978, 0.1964481592511162, 0.30674430267806607], [0.3037778346300976, 0.182061234632965, 0.32023917671103114, 0.1939217539259062], [0.2821577959005994, 0.21535757709267778, 0.2562466148963647, 0.2462380120103581], [0.29511624131952624, 0.19734856190274735, 0.2854061977964412, 0.22212899888128518], [0.2776297156665624, 0.3283710626201261, 0.19629170876082533, 0.19770751285248617], [0.27746222746802973, 0.31817332990723035, 0.17856444842433752, 0.22579999410040238]], "ideal": "B", "sampled": "C", "correct": false}}
{"type": "result", "data": {"idx": 5, "options": ["True, True", "False, False", "True, False", "False, True"], "probs": [[0.3435894394952937, 0.20035157200099152, 0.25381057317353767, 0.20224841523017717], [0.3260483644264221, 0.18858807715115328, 0.22096606428302815, 0.2643974940393965], [0.3413605347948051, 0.31079220104031735, 0.18890051459126, 0.1589467494736176], [0.3112410763530145, 0.2832656673834031, 0.1861906117227474, 0.219302644440835], [0.30761374645075795, 0.2610492887362877, 0.23090129056195283, 0.20043567415100152], [0.3159223747545109, 0.22747560994323832, 0.21587432597096212, 0.24072768923128865], [0.25579556439053747, 0.27875017701654375, 0.2794561046163514, 0.18599815387656737], [0.28312829134017165, 0.2765311002454792, 0.24081583318686353, 0.19952477512748557], [0.25277469312925704, 0.2755367837730716, 0.30825025758790797, 0.1634382654097634], [0.26701370674722663, 0.26697871881970425, 0.20675829667045267, 0.2592492776626164], [0.27053107037809054, 0.2602031346986176, 0.2548882478915783, 0.2143775469317135], [0.26897599889664253, 0.2566263637192763, 0.22525646944689542, 0.24914116783718576], [0.2886803616884591, 0.3428883100902138, 0.21488495698426754, 0.15354637113705955], [0.263249125107888, 0.30539524097077975, 0.2021536200715564, 0.22920201374977583], [0.2961903854340715, 0.21332313436108152, 0.3062853262458724, 0.1842011538589746], [0.27270545740066454, 0.22776783321702196, 0.2110245015700882, 0.2885022077122253], [0.2815781277371718, 0.19964304861878257, 0.29566759308700863, 0.22311123045703704], [0.2773136239566297, 0.2244775626506078, 0.19080250247600747, 0.307406310816755], [0.32431615362250593, 0.3168284689118078, 0.21478570145562292, 0.14406967591006334], [0.301543201452988, 0.326045985099166, 0.17895178228389164, 0.19345903106395435], [0.3399816655761761, 0.18626610552988068, 0.25732500892241533, 0.21642721987152785], [0.3413963811832095, 0.19744957393073723, 0.173249641840727, 0.28790440294532627], [0.3218992804310013, 0.20138288132101145, 0.2653546214424874, 0.21136321670549982], [0.3385460128825019, 0.21172540203190648, 0.18574834144863195, 0.2639802435369596]], "ideal": "A", "sampled": "A", "correct": true}}
{"type": "result", "data": {"idx": 6, "options": ["True, True", "False, False", "True, False", "False, True"], "probs": [[0.3501063987294327, 0.12675813216962822, 0.2840534234970897, 0.23908204550384937], [0.32257729525188467, 0.11585291387581925, 0.23089097265906677, 0.3306788181132293], [0.36422139126401254, 0.2879401485685524, 0.1417207740057153, 0.20611768606171982], [0.3373724868164721, 0.2667233089347684, 0.17259890096546127, 0.22330530318329822], [0.32567383379925696, 0.22192961473348455, 0.19638549401649233, 0.2560110573507662], [0.343196660245908, 0.18944948909772374, 0.22732004521004082, 0.24003380534632743], [0.22156303619149662, 0.3005993500319237, 0.2966925336135407, 0.181145080063039], [0.24762018774595668, 0.2805488621744446, 0.2424494700651468, 0.22938147991445193], [0.2138748701038207, 0.22253609528294793, 0.4140580172703455, 0.1495310172428858], [0.2222287191066671, 0.22569784374947463, 0.21252187860997473, 0.3395515584338835], [0.24001756725216758, 0.23268412501195235, 0.29052950630280033, 0.23676880133307976], [0.22417480907322138, 0.2155592260210839, 0.21780495018859783, 0.3424610146170969], [0.29527731846964045, 0.376221496537808, 0.15334561008631728, 0.17515557480623425], [0.2714776396479926, 0.3378593921323518, 0.18537917731338652, 0.2052837908062691], [0.2781426323086494, 0.11597319497198878, 0.4288022996953071, 0.17708187292405472], [0.2620267608801772, 0.13168631688956298, 0.20914638352010884, 0.39714053861015103], [0.284335736668521, 0.18790844360958653, 0.34101784734024576, 0.18673797228164665], [0.2787325250068241, 0.20054596365746877, 0.10830377686751326, 0.4124177343681939], [0.3183058892857382, 0.3550367758824071, 0.14367677698119513, 0.1829805577506595], [0.296018881888242, 0.3656534119621869, 0.15993731437234018, 0.17839039167723086], [0.3195133721182638, 0.11393515783464318, 0.3230571963129846, 0.24349427363410844], [0.3046483351783038, 0.11555869703986946, 0.1658388351358211, 0.41395413254600566], [0.3079714041057084, 0.1810193725783688, 0.32107354752160117, 0.18993567569432163], [0.3157859632525541, 0.18981563684327477, 0.11894413046506497, 0.3754542693391062]], "ideal": "A", "sampled": "A", "correct": true}}
{"type": "result", "data": {"idx": 7, "options": ["True, True", "False, False", "True, False", "False, True"], "probs": [[0.36406887116470404, 0.14589812077461206, 0.2527857162220672, 0.2372472917386167], [0.34186262831472286, 0.1402152096956699, 0.20613222083580177, 0.3117899410538055], [0.3647120459629386, 0.254526358274683, 0.17265351886752095, 0.2081080767948574], [0.34689011253763, 0.24587304863098514, 0.1775632755318507, 0.2296735631995341], [0.32029700392586735, 0.2116276581408656, 0.21226501055040137, 0.2558103272828657], [0.3401311933654162, 0.17780639229426923, 0.2514735162006675, 0.2305888980396471], [0.23244171083940066, 0.317883246947571, 0.2581099761846324, 0.19156506592839595], [0.2528235576373305, 0.3026105120086477, 0.20849160537286446, 0.23607432488115737], [0.22021751103583195, 0.22388274965431612, 0.4101084172315569, 0.145791321978295], [0.2333314796056029, 0.24455963833986985, 0.17378515975569828, 0.34832372219882896], [0.24750287105622604, 0.22544110783696836, 0.2904215791154137, 0.2366344418913919], [0.23712829183077488, 0.2044173685517322, 0.2233806152397256, 0.3350737242777673], [0.2833703160002579, 0.3611465096112547, 0.1735986172979325, 0.18188455699055484], [0.26142758128412946, 0.3304972946313332, 0.17863169310690794, 0.2294434308776294], [0.2793532782802799, 0.13725916426332857, 0.38018648113145187, 0.20320107622493971], [0.2640376804819869, 0.1503723479823457, 0.17894703947961665, 0.4066429319560507], [0.27660830474759535, 0.1563801560472127, 0.3674518982669959, 0.199559640838196], [0.27259305116788535, 0.16912612317301354, 0.14836412666744508, 0.40991669889165605], [0.30796413692839464, 0.3601804565969401, 0.15887403013088933, 0.1729813762437759], [0.2838200330450433, 0.3791955709078202, 0.1534299999322049, 0.18355439601493162], [0.3208459817790221, 0.1390965986381969, 0.30485584420327033, 0.2352015752795106], [0.31560195429751187, 0.14218850856159337, 0.16664295393478254, 0.3755665831061122], [0.3118356280112981, 0.166936313079811, 0.32275457243346783, 0.19847348637542309], [0.32580604593223006, 0.17979609813949315, 0.1470601966129851, 0.34733765921529164]], "ideal": "D", "sampled": "A", "correct": false}}
{"type": "result", "data": {"idx": 8, "options": ["0", "4", "2", "6"], "probs": [[0.11562359073443229, 0.12008379875225474, 0.6672609894667656, 0.0970316209465474], [0.1488159707647736, 0.13582539078914294, 0.1316961446046371, 0.5836624937414464], [0.14351311752294205, 0.5076332839110479, 0.1777914368270298, 0.17106216163898028], [0.1438080221270758, 0.41501393910072576, 0.15362487731827856, 0.28755316135391984], [0.13444222208014786, 0.12394690980386498, 0.3707774198255781, 0.37083344819040903], [0.12347101234943253, 0.11315531113870914, 0.5854858072189251, 0.17788786919293323], [0.26157135353388866, 0.10218905884918286, 0.4888264943653238, 0.14741309315160464], [0.2961140064931039, 0.11803547643540546, 0.1207677385319027, 0.46508277843958795], [0.2869349781941902, 0.5099792593948018, 0.07441029863232507, 0.12867546367868288], [0.28447312961574184, 0.5093080552696914, 0.08165102694562232, 0.12456778806894445], [0.3203030776612074, 0.20549356629144236, 0.10086656955564806, 0.3733367863917022], [0.2942453534831799, 0.17221894345293, 0.3984175801350341, 0.135118122828856], [0.4078387970612623, 0.154093494751929, 0.22069612317881646, 0.21737158490799224], [0.3857346234194339, 0.13688414001413474, 0.16366085652355175, 0.31372037994287966], [0.3796703517057311, 0.36063483353823156, 0.10474435984040904, 0.1549504548156283], [0.3597997456578418, 0.32843646937032867, 0.16501529773795773, 0.14674848713387179], [0.35472729989861346, 0.2768888720791796, 0.09115079859335853, 0.27723302932884836], [0.3143522160020042, 0.2272332554321815, 0.33107599632922124, 0.12733853213659305], [0.24921260771643464, 0.10433201490789414, 0.3142608999891733, 0.332194477286498], [0.24277935738833334, 0.10094510687664174, 0.4062727659067089, 0.250002769728316], [0.2728642184332702, 0.31494864348974483, 0.08399037890800791, 0.3281967590689771], [0.2646245360109826, 0.30335947868174595, 0.2898939549633049, 0.1421220302439665], [0.28229873107685644, 0.4189506283452598, 0.07973214626712334, 0.21901849421076042], [0.26950551281434176, 0.3757608998531254, 0.22606986279327362, 0.12866372443925925]], "ideal": "B", "sampled": "C", "correct": false}}
{"type": "result", "data": {"idx": 9, "options": ["1", "2", "2,3", "6"], "probs": [[0.221681104776083, 0.23138758648778257, 0.3782168400972257, 0.1687144685389087], [0.26684489445931225, 0.21107807438828655, 0.17847673327215804, 0.34360029778024315], [0.27193677566375785, 0.40411900234900394, 0.21295576554358778, 0.11098845634365044], [0.2558445968348928, 0.39526737321339217, 0.15722649032132865, 0.19166153953038634], [0.28096762715402374, 0.23326513516455472, 0.1835916516536413, 0.30217558592778027], [0.25571141406456793, 0.21115869910866522, 0.33468724291217977, 0.198442643814587], [0.31176402697181343, 0.22702023046398553, 0.3021486654255338, 0.15906707703866724], [0.3281633457760668, 0.18852197560207395, 0.16943254560228982, 0.3138821329195694], [0.2887802080703053, 0.40957831722010746, 0.19341052778499598, 0.10823094682459128], [0.26695346829605854, 0.352552920544655, 0.1745826750819146, 0.20591093597737187], [0.33236198623546337, 0.21655807741627914, 0.18566463332511127, 0.26541530292314625], [0.2918363039299295, 0.23149092603449206, 0.29415340455490874, 0.1825193653806697], [0.41458813587418225, 0.2085809024536914, 0.21905300671809871, 0.15777795485402762], [0.3854502553986579, 0.21459048133702383, 0.16096714617094487, 0.23899211699337342], [0.42036673897075666, 0.25523595478152217, 0.18679309266170982, 0.13760421348601132], [0.39507185820157614, 0.25514012192409724, 0.16869134947920714, 0.18109667029511944], [0.38097048511447623, 0.20885809009024525, 0.19357981122108792, 0.2165916134741906], [0.4079430048023814, 0.19438098037569898, 0.2563443932482194, 0.14133162147370018], [0.3048341960850758, 0.19842965000164003, 0.1688561191645125, 0.32788003464877163], [0.27994866010574426, 0.1962779967671453, 0.3132331166321659, 0.21054022639494452], [0.3117027626873696, 0.23542182495954536, 0.15714887017152104, 0.295726542081564], [0.26293667756466244, 0.26836764409886854, 0.3177071762108911, 0.1509885020255779], [0.2878770913753252, 0.42433015772421184, 0.15229605590656503, 0.13549669489389787], [0.28216773726195066, 0.38747915137596073, 0.21418745388743116, 0.11616565737465741]], "ideal": "C", "sampled": "C", "correct": true}}
{"type": "result", "data": {"idx": 10, "options": ["True, True", "False, False", "True, False", "False, True"], "probs": [[0.3424462581796484, 0.12796283529687819, 0.28656725800552835, 0.24302364841794505], [0.31924983618010033, 0.12115170715169774, 0.23755974888244105, 0.32203870768576087], [0.3520198201766392, 0.2719387507212355, 0.1504050083006264, 0.22563642070149892], [0.34291221240811637, 0.26079789967303746, 0.1881516659735491, 0.20813822184529712], [0.3198246705186123, 0.21131001725631862, 0.21171886042204557, 0.25714645170302347], [0.34087293388253714, 0.1882229112331346, 0.25573228331227515, 0.2151718714720531], [0.20333352682941336, 0.3200210332550462, 0.294212609500074, 0.18243283031546642], [0.23129709751966576, 0.3162036334020683, 0.22811127386527835, 0.22438799511298757], [0.197053846960582, 0.23051523589136635, 0.44209589577403324, 0.13033502127401841], [0.21448088860630624, 0.25272023298716234, 0.20022156534246757, 0.33257731296406384], [0.22302364303815939, 0.21454883150627752, 0.32287533624779, 0.23955218910777307], [0.2137071064671488, 0.20392899487786703, 0.24838565297112614, 0.333978245583858], [0.25715542901303046, 0.39526250989787115, 0.16364233465031, 0.1839397263387884], [0.24116098931040822, 0.35644499319535444, 0.19099948159933533, 0.21139453579490203], [0.23481816841345765, 0.11812939886671973, 0.46821872980028956, 0.17883370281953306], [0.23311887331778844, 0.13595536147255088, 0.2244386639305227, 0.406487101179138], [0.2459898368473279, 0.1638997148141363, 0.4127692456795493, 0.17734120255898653], [0.24434578382586478, 0.1814849186647199, 0.1278129147051859, 0.4463563827042294], [0.29120968033681816, 0.4012635706700814, 0.14661937076655882, 0.16090737812654163], [0.2713028545731632, 0.4236918308586727, 0.15969760776672723, 0.1453077067014369], [0.29226915718959484, 0.11449534678080074, 0.35626517130156804, 0.23697032462803638], [0.29236056744303035, 0.12089881774545365, 0.180332611922784, 0.406408002788732], [0.2900476373477535, 0.1602107703682586, 0.3791462167082232, 0.17059537547576473], [0.3118170518726873, 0.17757400771028212, 0.13420939734344112, 0.3763995429735894]], "ideal": "C", "sampled": "A", "correct": false}}
{"type": "result", "data": {"idx": 11, "options": ["symmetric only", "anti-symmetric only", "both symmetric and anti-symmetric", "an equivalence relation"], "probs": [[0.259413163381715, 0.07764812724647337, 0.23628717388180545, 0.4266515353900062], [0.2686735609300411, 0.07181530976127738, 0.3485807374194151, 0.31093039178926646], [0.33547373083956683, 0.12853254142917037, 0.12694909954974298, 0.4090446280815198], [0.30927956562048237, 0.10598270751940414, 0.4051112294553604, 0.17962649730475314], [0.30288819152563273, 0.26204449521464396, 0.09590644602799493, 0.3391608671317284], [0.29946021135018436, 0.30777255614816673, 0.16786920032816902, 0.2248980320734799], [0.22473716566150234, 0.081129334254427, 0.22676835782966023, 0.4673651421544104], [0.21628431329101197, 0.0765467114209068, 0.3282625279020073, 0.378906447286074], [0.2683492004603019, 0.1485524177402717, 0.1423328220701936, 0.44076555962923275], [0.25630341812029067, 0.14930837677527783, 0.43094376779014887, 0.16344443721428262], [0.26098486972959334, 0.2899569592331739, 0.10207294747757127, 0.3469852234596615], [0.24530766536364113, 0.3088982654963248, 0.22515849431351562, 0.22063557472651846], [0.28756124206828254, 0.23713180773765508, 0.1409468820691258, 0.33436006802493656], [0.26762806568962105, 0.23188177547872538, 0.2946401448360445, 0.20585001389560903], [0.3023021040672491, 0.13664800602929214, 0.19815057823163154, 0.3628993115718272], [0.2910012049831201, 0.12777479182060525, 0.31534123887456983, 0.2658827642217048], [0.27692705390068256, 0.26131996509799826, 0.2297075986632475, 0.2320453822380717], [0.2837946754975641, 0.27182013198727334, 0.16414200012446137, 0.28024319229070116], [0.4008138894270139, 0.15857359056495218, 0.11541525502472663, 0.32519726488330725], [0.38126991331549237, 0.21095032126434116, 0.16118835391543793, 0.24659141140472854], [0.4340323701379354, 0.12651424674233372, 0.11380816013605485, 0.325645222883676], [0.36815283795945414, 0.16892935837395565, 0.20323344178651284, 0.25968436178007737], [0.4079122482143387, 0.15520949428899455, 0.2182171610045196, 0.21866109639214715], [0.44095543327656334, 0.15500104090519265, 0.1320846775105146, 0.2719588482077294]], "ideal": "C", "sampled": "D", "correct": false}}
{"type": "result", "data": {"idx": 12, "options": ["1", "2", "5", "11"], "probs": [[0.19383727012126417, 0.18586717544127504, 0.3333706855440555, 0.2869248687934053], [0.21871141109463602, 0.1711230499369273, 0.3791253992927005, 0.2310401395757362], [0.2068689557793527, 0.2322622641209976, 0.34011222449025835, 0.22075655550939133], [0.21905079155384277, 0.20522443642315755, 0.31730675221329685, 0.2584180197097028], [0.22311880517400898, 0.2504467889282957, 0.32309108006432075, 0.20334332573337457], [0.235289990878418, 0.2555921673519127, 0.2607226371504414, 0.24839520451922786], [0.2731247977266893, 0.23647403795297292, 0.24134081651295905, 0.24906034770737875], [0.2750728726111951, 0.21511779723400426, 0.27989497778000916, 0.22991435227479146], [0.26010309872103154, 0.21678146071705642, 0.300289651712857, 0.22282578874905504], [0.2535455449105411, 0.18188377670961386, 0.2723653235054246, 0.29220535477442044], [0.28358043527268145, 0.2382022596238913, 0.26903925719913063, 0.20917804780429658], [0.27791090968717863, 0.24994965640341196, 0.21123721563976972, 0.26090221816963965], [0.2939991994504065, 0.23183134541326092, 0.2519999481783629, 0.22216950685796966], [0.2779179297979293, 0.20563480868771114, 0.25938997443078776, 0.25705728698357183], [0.3043349890304754, 0.24956802277548806, 0.244924090929451, 0.20117289716458556], [0.28445829666727995, 0.2205520322451562, 0.2359020008252693, 0.2590876701622945], [0.2872413141327153, 0.2525316514199516, 0.2518142797071395, 0.2084127546401936], [0.27989097175670813, 0.25186761085252335, 0.2433742920792679, 0.22486712521150062], [0.3196260881160041, 0.2478620074760112, 0.21973445681916073, 0.21277744748882393], [0.3104692193695145, 0.2351019750330777, 0.20509575916551268, 0.2493330463318951], [0.29342304345610354, 0.23136084235258156, 0.2783501917582966, 0.1968659223330183], [0.294912517041279, 0.2432326823229744, 0.19778166709352596, 0.2640731334422206], [0.2713038582634248, 0.23117880176409755, 0.2674140294014124, 0.23010331047106522], [0.26980226023171255, 0.2370237452885229, 0.24383806089832555, 0.24933593348143898]], "ideal": "A", "sampled": "D", "correct": false}}
{"type": "result", "data": {"idx": 13, "options": ["(x \u2212 2)(x + 2)(x \u2212 1)", "(x + 1)(x + 4)(x \u2212 2)", "(x + 1)(x \u2212 4)(x \u2212 2)", "(x - 1)(x \u2212 4)(x \u2212 2)"], "probs": [[0.3301195449886073, 0.25991957333465776, 0.1954558786148982, 0.2145050029618367], [0.31090801024582254, 0.23525806557990728, 0.18831443223517208, 0.2655194918390981], [0.3355734049938322, 0.24635164437214677, 0.216544002272886, 0.20153094826113505], [0.3383618941320656, 0.23514308383412758, 0.24000406620492676, 0.1864909557288801], [0.31238372061656516, 0.25155592711901203, 0.1734682373072557, 0.26259211485716705], [0.3423923849717117, 0.26938268539595905, 0.17451502381010128, 0.21370990572222795], [0.34514936287007303, 0.2066942422377863, 0.220667940048146, 0.2274884547439947], [0.3185268985687092, 0.18475936626671952, 0.17395052571271605, 0.32276320935185526], [0.35659665662798146, 0.2763143541308823, 0.12470905015210311, 0.24237993898903318], [0.373982807690063, 0.28306740547163084, 0.16283929137933498, 0.18011049535897122], [0.3294056804414444, 0.24925487116817632, 0.14681989786855898, 0.27451955042182025], [0.356706778869327, 0.25380829730500754, 0.20929259683460974, 0.18019232689105574], [0.3232923005216348, 0.21589914487084286, 0.1929846021495923, 0.26782395235793005], [0.3175822543420046, 0.20258777143401246, 0.27191985055945855, 0.20791012356452437], [0.34690136230846264, 0.25052985919786364, 0.13041727437886683, 0.2721515040148068], [0.34710390923891, 0.2282918644449644, 0.23483345959968027, 0.18977076661644532], [0.32053592797888697, 0.34254342314155745, 0.1431060880279486, 0.193814560751607], [0.33335656917804507, 0.3479217692242365, 0.1263475604630592, 0.19237410103465916], [0.304079060286856, 0.1892302958363353, 0.1598325842434163, 0.3468580595333924], [0.3454838240329925, 0.22178330023827755, 0.17465350739460286, 0.2580793682341271], [0.32814971587206804, 0.20913635815485157, 0.1780657672127568, 0.28464815866032356], [0.3399836420672895, 0.2237178385034003, 0.2446288913243759, 0.19166962800493428], [0.35037478278985457, 0.23397162205663652, 0.1900435359579489, 0.22561005909555998], [0.3754765260802179, 0.25870014390892276, 0.15248878980343095, 0.2133345401074284]], "ideal": "C", "sampled": "C", "correct": true}}
{"type": "result", "data": {"idx": 14, "options": ["6", "12", "30", "105"], "probs": [[0.17933561707740053, 0.19464404259064635, 0.3102887709257603, 0.31573156930619284], [0.22299083732832517, 0.2205161866248243, 0.39572363498241764, 0.16076934096443288], [0.21069720933578023, 0.33030484626991785, 0.15149983084922744, 0.3074981134450745], [0.21346562144414472, 0.31970320699728855, 0.3041736049270318, 0.16265756653153485], [0.26977617918081354, 0.364894636541198, 0.18828614422070766, 0.17704303995728082], [0.25800693801466257, 0.34606773689110654, 0.17996869025721596, 0.2159566347370149], [0.2402177643438374, 0.1722029221391022, 0.26829545487930084, 0.3192838585377596], [0.2747733972624365, 0.19250807737893247, 0.2953766970153325, 0.23734182824329855], [0.23176905510492063, 0.2851684093190173, 0.19820278880998318, 0.28485974666607883], [0.22348417181427643, 0.260486648085691, 0.3390134476688312, 0.17701573233120138], [0.26970672202830476, 0.3166403722947045, 0.18975595845238286, 0.22389694712460795], [0.27660178723248796, 0.30743047133842705, 0.19154767404745326, 0.22442006728163175], [0.3037780387197027, 0.2299342052438009, 0.19137859977155747, 0.27490915616493894], [0.3010166748602671, 0.22806919089349928, 0.25372971947652234, 0.21718441466971122], [0.29352288204612925, 0.21544147819757625, 0.24351315159229064, 0.24752248806400384], [0.29466092144491735, 0.21799821824638277, 0.2482590936135481, 0.23908176659515176], [0.28324223828056316, 0.37706823838761827, 0.19624222200229327, 0.1434473012295253], [0.2863628182612749, 0.36937250582540293, 0.1862397585253514, 0.15802491728797075], [0.3417279574705746, 0.22807476941784804, 0.1742634999993598, 0.25593377301221754], [0.33339368796898344, 0.2296284402732633, 0.23644603434156183, 0.20053183731619142], [0.34033395822417944, 0.23808848145939784, 0.19678858824226556, 0.22478897197415715], [0.32093221424189916, 0.23895918186538748, 0.19593535653681243, 0.24417324725590092], [0.31324492014822614, 0.2279886616247199, 0.2517895548217304, 0.20697686330532356], [0.3275286701379419, 0.2497744224614957, 0.2303087069001875, 0.1923882004003749]], "ideal": "C", "sampled": "D", "correct": false}}
{"type": "result", "data": {"idx": 15, "options": ["True, True", "False, False", "True, False", "False, True"], "probs": [[0.32945188385750657, 0.12801922665717677, 0.29142427007287763, 0.25110461931243905], [0.2978270472093393, 0.12808486054541163, 0.2613363706007707, 0.31275172154447844], [0.33519702164141263, 0.27572555990594444, 0.1688757937307636, 0.2202016246218793], [0.3136714649829793, 0.27250527926781726, 0.20613576162577993, 0.20768749402342349], [0.31093268919850603, 0.22923341608984352, 0.19342578896628151, 0.2664081056453689], [0.32901288056102085, 0.1980295687128631, 0.2650433559463626, 0.2079141946797535], [0.18854458909152877, 0.3418197086382776, 0.29759520732757566, 0.17204049484261796], [0.21180620559757077, 0.3232106460731261, 0.2425537700740595, 0.2224293781552436], [0.17665083793877875, 0.23434807962947776, 0.46051667273058833, 0.12848440960115512], [0.19229933273653435, 0.2671296755481664, 0.21007564423818564, 0.3304953473771136], [0.20473634314684158, 0.23958929594711564, 0.3285207547968156, 0.22715360600922718], [0.195925927021161, 0.2186621343472131, 0.24072443663825688, 0.34468750189336905], [0.27273059430399793, 0.37306993840749175, 0.1791388828153092, 0.17506058437320116], [0.25482466814353916, 0.34583249684690176, 0.20193672178156413, 0.19740611312799497], [0.2567371897935036, 0.11765144808056907, 0.44171068049570605, 0.18390068153022127], [0.24448723327120753, 0.14261717027838905, 0.2507395222752744, 0.362156074075129], [0.2612749869510015, 0.1561074694335043, 0.4287386621468478, 0.1538788813686464], [0.2597328877030091, 0.17982382652295423, 0.13802409993365608, 0.4224191857403805], [0.2685390194546566, 0.41950408870269257, 0.13418089251907636, 0.17777599922357445], [0.2460041343919798, 0.4357009529631743, 0.1734412610357412, 0.14485365150910473], [0.2724463621072242, 0.11365041795987034, 0.36524426661322645, 0.248658953219679], [0.27504222762688646, 0.1220412068828729, 0.19542092990646798, 0.40749563548377266], [0.26881132728800206, 0.14283674102353547, 0.4145447200663715, 0.17380721152209094], [0.29087999893617533, 0.15928226945122098, 0.154620575213178, 0.39521715629942566]], "ideal": "B", "sampled": "A", "correct": false}}
{"type": "result", "data": {"idx": 16, "options": ["1", "-1", "i", "-i"], "probs": [[0.26660927133645373, 0.17233875186051748, 0.2879775380783544, 0.2730744386246744], [0.24687629935656846, 0.14524863658883055, 0.2010001390971409, 0.4068749248574601], [0.2645291089747068, 0.3375495075841955, 0.13153517244930987, 0.2663862108917879], [0.2411632645409014, 0.2784100895130916, 0.28211380309534334, 0.19831284275066366], [0.2824228107646807, 0.2718872725691705, 0.12101554869395313, 0.32467436787219567], [0.2520667687422327, 0.25489864510426957, 0.31158665748063163, 0.18144792857286604], [0.28356333719149773, 0.22626092353403182, 0.22382103727543187, 0.26635470189903854], [0.2827739504610387, 0.2186850593255033, 0.16311572765300736, 0.3354252624604506], [0.25742711847153604, 0.31107859873406873, 0.1618885647525855, 0.26960571794180976], [0.25783777618568327, 0.23702393823017623, 0.25155663862628447, 0.25358164685785606], [0.2722465016496179, 0.2224511884690043, 0.20180360369441674, 0.30349870608696106], [0.24830045553643662, 0.1891832891160821, 0.27460630907035666, 0.2879099461771246], [0.4682380819728772, 0.1735443459758638, 0.09835041240103208, 0.25986715955022693], [0.38150412977409404, 0.18049790501273436, 0.24796240768225145, 0.19003555743092013], [0.4004621027948815, 0.17507270869975444, 0.1743489891892381, 0.250116199216126], [0.3561759537672071, 0.16845316932225765, 0.21728396089759278, 0.25808691591294247], [0.3708440390666325, 0.33293006068811976, 0.11894910870010109, 0.17727679144514666], [0.35325879907826957, 0.29546032233443625, 0.10556030586976124, 0.24572057261753294], [0.3557482659460994, 0.22074446079907728, 0.10295674203796787, 0.32055053111685544], [0.31667796394951625, 0.2248665969693357, 0.24437798226580165, 0.21407745671534636], [0.31596038839277735, 0.2122680120096124, 0.18666498738657478, 0.2851066121110355], [0.2868376331215714, 0.18102754380937816, 0.224635776487838, 0.3074990464812124], [0.29471045635713694, 0.43003956953938405, 0.12051090829990665, 0.15473906570357238], [0.28694481509870257, 0.38697217064123474, 0.10510254218428959, 0.2209804719757731]], "ideal": "C", "sampled": "C", "correct": true}}
{"type": "result", "data": {"idx": 17, "options": ["(1,1)", "(3,1)", "(1,6)", "(3,6)"], "probs": [[0.34918378881203865, 0.2562622282405073, 0.19801504598157596, 0.19653893686587806], [0.32029146907379474, 0.26475784968940824, 0.26905328834505365, 0.14589739279174335], [0.33384001753687503, 0.2079301842170342, 0.27172741145295426, 0.18650238669313654], [0.30706386147634557, 0.19879237704043176, 0.240098174194742, 0.25404558718848064], [0.3072067728210719, 0.26616182325737303, 0.3070314457624015, 0.11959995805915358], [0.33921230846864286, 0.2549227253814741, 0.21473673623848555, 0.1911282298113975], [0.37424335995279573, 0.2423805964460165, 0.19614874409111077, 0.18722729941007699], [0.37526244664835734, 0.23538652147165331, 0.23377715145532105, 0.1555738803246683], [0.3661411677039967, 0.25229399293328597, 0.2010696381926363, 0.18049520107008105], [0.33190517625156446, 0.2554463667779117, 0.2683753887034682, 0.1442730681670556], [0.38188038545543085, 0.2449045965618295, 0.21990469602957602, 0.15331032185316362], [0.36213067170336516, 0.2474179267635883, 0.20059598980328178, 0.18985541162976477], [0.336517174910118, 0.29343967752384253, 0.20945126682060752, 0.16059188064543195], [0.34982545744074484, 0.2774900619776246, 0.19064525620127276, 0.1820392242803578], [0.36120925715488483, 0.30051209176252813, 0.16179188361076388, 0.17648676737182312], [0.32486915585130216, 0.28135105964708157, 0.23361325261640917, 0.1601665317852071], [0.39318896558574523, 0.25427420788215055, 0.17336461661372662, 0.1791722098183776], [0.3366681437354825, 0.2590949314303861, 0.24196744683848437, 0.16226947789564705], [0.3431715845882529, 0.2600895599807505, 0.27504505158680503, 0.12169380374419152], [0.34602474131626465, 0.22718557036078338, 0.1915273013064277, 0.23526238691652426], [0.3438133597030149, 0.3505430519230298, 0.16649040578130933, 0.13915318249264597], [0.32190083494839206, 0.3331051667266225, 0.15228966913221273, 0.19270432909277269], [0.3609872406213018, 0.2818678277170746, 0.1318363378536541, 0.22530859370796957], [0.3496373257911243, 0.29326447046331, 0.18897217428077312, 0.1681260293647926]], "ideal": "C", "sampled": "B", "correct": false}}
