{"type": "result", "data": {"idx": 0, "options": ["This type occurs in binary systems.", "This type occurs in young galaxies.", "This type produces gamma-ray bursts.", "This type produces high amounts of X-rays."], "probs": [[0.8809390411757395, 0.06057150525739361, 0.022352616243446047, 0.03613683722342085], [0.9084236637868975, 0.04467138655907122, 0.016725977912224844, 0.03017897164180642], [0.8940215159842132, 0.04793375011762199, 0.030986784196080197, 0.02705794960208458], [0.8943108522871658, 0.04906687206137106, 0.023217572110140652, 0.03340470344132253], [0.9108076266588843, 0.03571006861577018, 0.02202963912501245, 0.031452665500333085], [0.9059140360709231, 0.04283328202342251, 0.020915898683434374, 0.03033678312221994], [0.06944912210880251, 0.8811303141295195, 0.01616452327883185, 0.0332560403828462], [0.06034876467413875, 0.8873018712411144, 0.012580656574141593, 0.0397687074106053], [0.050194831006290054, 0.032254987302866106, 0.9001383419215884, 0.017411839669255472], [0.05428810654740023, 0.02006490802475831, 0.009751364083278055, 0.9158956212445634], [0.03873956239152327, 0.01864473911416291, 0.9189102138303545, 0.023705484563959284], [0.04659400581111676, 0.016961239545158924, 0.01124904601837129, 0.925195708525353], [0.1044245637453451, 0.8293282212485833, 0.038193270728524735, 0.02805394417754683], [0.1043617184288426, 0.8217062200211412, 0.023153665973283884, 0.05077839547673222], [0.04994474658315142, 0.05894710791149278, 0.8745875839720161, 0.01652056143333973], [0.05341670323925218, 0.023080332352858123, 0.008405006544601698, 0.915097957763288], [0.061324179921818905, 0.04430197336854459, 0.8687460000924087, 0.025627846517227788], [0.048781180885692395, 0.017344686518460085, 0.016871010285886095, 0.9170031222099614], [0.060041799730453475, 0.8766200974211151, 0.02375472429259179, 0.03958337845583954], [0.05662212376012664, 0.8879422926216509, 0.019480425947184268, 0.03595515757103814], [0.04342832756461963, 0.03689781232388401, 0.8937372924110912, 0.025936567600405143], [0.04625905308992791, 0.024304747601687018, 0.010831884117488581, 0.9186043150908965], [0.05377215883465687, 0.044700954666293896, 0.8768483970923079, 0.024678489306741377], [0.04603876447448279, 0.020206635157628897, 0.019813043313014658, 0.9139415569548737]], "ideal": "A", "sampled": "A", "correct": true}}
{"type": "result", "data": {"idx": 1, "options": ["Its speed relative to you", "Its composition", "Its size", "Its distance from you"], "probs": [[0.06826171443562491, 0.024298987005990536, 0.18578504473945373, 0.7216542537189308], [0.06213412537401789, 0.027034318525078656, 0.8339418311802755, 0.0768897248206279], [0.0792032870393009, 0.1507354710264748, 0.021310180899832564, 0.7487510609343917], [0.056532208752995944, 0.1401113797155592, 0.7752689924577535, 0.028087418973691308], [0.050746902771111754, 0.874895750573988, 0.009884730902550654, 0.06447261565234949], [0.04928485888770264, 0.8972543699873156, 0.018598301187716503, 0.03486246983726525], [0.06201535041090173, 0.06380604539652114, 0.17557034810361244, 0.6986082559889647], [0.03978630914806688, 0.04048749819174659, 0.8672653468101653, 0.05246084575002123], [0.04300950575317676, 0.09637336584647171, 0.018650491504990475, 0.8419666367953611], [0.05039026046222077, 0.1209687922449173, 0.7836804722467027, 0.04496047494615923], [0.04489700190120493, 0.8709717521835381, 0.016820941369355587, 0.0673103044459014], [0.04318992937933651, 0.877823322552614, 0.0244609982501431, 0.05452574971790643], [0.242155928700195, 0.05761123177448981, 0.013751113097923467, 0.6864817263273917], [0.0926188653304492, 0.04287845156602498, 0.8195901894601731, 0.04491249354335269], [0.09915620660133473, 0.030793672339898756, 0.023667931058323384, 0.8463821899004431], [0.13416305923444294, 0.03622675111750617, 0.7364616577822934, 0.09314853176575745], [0.1709931162761314, 0.7623756385134791, 0.02143421729003468, 0.04519702782035474], [0.1476117158201197, 0.7693698246487871, 0.013988125931260845, 0.06903033349983233], [0.8537414017432745, 0.036426618454141906, 0.011649570350723476, 0.09818240935186005], [0.8910507708259281, 0.040798214012745, 0.026506079802534884, 0.04164493525879201], [0.821453841787631, 0.027958764854135062, 0.020404660007734585, 0.13018273325049926], [0.8429751332529682, 0.02717931920629655, 0.03215426554839437, 0.09769128189234083], [0.8871744388730657, 0.053341728245523856, 0.019923381238497354, 0.03956045154291304], [0.8532101431554617, 0.04970801549561662, 0.014471527132294508, 0.08261031411662717]], "ideal": "D", "sampled": "D", "correct": true}}
{"type": "result", "data": {"idx": 2, "options": ["Because the molecules that compose the Earth's atmosphere have a blue-ish color.", "Because the sky reflects the color of the Earth's oceans.", "Because the atmosphere preferentially scatters short wavelengths.", "Because the Earth's atmosphere preferentially absorbs all other colors."], "probs": [[0.06063208976721736, 0.05954902123988374, 0.856493574627839, 0.023325314265059818], [0.09084823387764437, 0.06407007115751873, 0.29458908560559605, 0.5504926092592408], [0.09583089709268548, 0.8367796667882906, 0.02375760168954073, 0.04363183432948311], [0.09144143742257606, 0.8496239764704596, 0.025483736718349373, 0.03345084928861497], [0.07062712490417411, 0.11126766206606643, 0.0189312066602367, 0.7991740062695227], [0.09811154788538026, 0.35448959598307994, 0.5168676395080726, 0.030531216523467193], [0.09007796006687263, 0.06631422317866106, 0.8092137597621099, 0.0343940568923565], [0.11889831543421404, 0.07226745675873107, 0.1877496661393399, 0.621084561567715], [0.08676419876581151, 0.864968510808605, 0.01703129840931588, 0.031235991916267514], [0.07688666793434354, 0.875516404770124, 0.017655489767192285, 0.029941437428340142], [0.09144396214742755, 0.16328108096172353, 0.022675102278696232, 0.7225998545121527], [0.09323270237609997, 0.40654362834168606, 0.4763482696893437, 0.02387539949287025], [0.8437953307598515, 0.05932131955219704, 0.02698101385104138, 0.06990233573691007], [0.8673220918783636, 0.05551485365166244, 0.03291798919256981, 0.044245065177404126], [0.8295888078689448, 0.07312656520141589, 0.029123173462958306, 0.06816145336668099], [0.8481855608485824, 0.06149296932083994, 0.03973873154099469, 0.050582738189582976], [0.8430093463828024, 0.07258282315716004, 0.04141234123296345, 0.042995489127074044], [0.8598485607640614, 0.06431389168137139, 0.031647996714288425, 0.04418955074027882], [0.14942408400843993, 0.04391548950179493, 0.02030300067986357, 0.7863574257099016], [0.1401574423352512, 0.05520972082184653, 0.7748726985143662, 0.029760138228536008], [0.1320295450771742, 0.046454499277467844, 0.021464881896607852, 0.80005107364875], [0.12928441671287985, 0.051301354681279936, 0.7917554091370786, 0.027658819368761564], [0.23188267062824722, 0.6992182105779404, 0.03125567454481422, 0.03764344414899817], [0.22186497058237636, 0.7065680092105763, 0.026400974263600035, 0.04516604584344736]], "ideal": "C", "sampled": "C", "correct": true}}
{"type": "result", "data": {"idx": 3, "options": ["The first time you drop a bowling ball and it falls to the ground proving your hypothesis.", "After you\u2019ve repeated your experiment many times.", "You can never prove your theory to be correct only \u201cyet to be proven wrong\u201d.", "When you and many others have tested the hypothesis."], "probs": [[0.06011196888924381, 0.08262236815643649, 0.6645327531586862, 0.19273290969563348], [0.06711233206577528, 0.0699686312614856, 0.09918924869531176, 0.7637297878774273], [0.06274826309775496, 0.661979144136194, 0.04082385115615807, 0.23444874150989298], [0.05717843248775639, 0.7339172171163505, 0.13395958788203796, 0.0749447624138552], [0.05117341244052478, 0.06635917607835559, 0.02850037897376199, 0.8539670324073576], [0.04495496268899487, 0.1191289862936146, 0.7883858025150945, 0.04753024840229609], [0.07162550517948493, 0.09027644038945327, 0.6305917280634505, 0.20750632626761129], [0.08253174957901632, 0.09298253734238053, 0.14256644141316463, 0.6819192715654385], [0.06879927268531817, 0.6402828740454402, 0.05109138079289827, 0.2398264723763434], [0.050847159851382086, 0.7571005566633184, 0.1258716391912714, 0.06618064419402808], [0.06494179500429557, 0.08162237125162783, 0.02883130557014885, 0.8246045280739277], [0.050310892428553564, 0.07839594239990104, 0.7967887727772175, 0.07450439229432786], [0.46681522772789824, 0.12459019475027279, 0.06582815542752711, 0.34276642199430185], [0.28940510924048163, 0.11738737279466246, 0.5167105292963083, 0.07649698856854754], [0.390514745915922, 0.14132418263498017, 0.054209837841403465, 0.41395123350769436], [0.5902129279184305, 0.14127064924159607, 0.16332229605198678, 0.10519412668798661], [0.5858406140221133, 0.2639624944381486, 0.05137216422998478, 0.09882472720975331], [0.6552968561609848, 0.2158296582939433, 0.040107551519906165, 0.08876593392516581], [0.10570755169847178, 0.08052353055040057, 0.037069053558846425, 0.7766998640922812], [0.09047479383803941, 0.08035274028762984, 0.7608108689801483, 0.06836159679418248], [0.08016154333478462, 0.05651682357983819, 0.02583010361109748, 0.8374915293742797], [0.04949906486336266, 0.037949204582462134, 0.8550030024053592, 0.05754872804881601], [0.10796362221881857, 0.7764498098921424, 0.04222817078600653, 0.07335839700303246], [0.08497116633546936, 0.797447147685974, 0.032242542789235315, 0.08533914308932125]], "ideal": "C", "sampled": "C", "correct": true}}
{"type": "result", "data": {"idx": 4, "options": ["Titan is the only outer solar system moon with a thick atmosphere", "Titan is the only outer solar system moon with evidence for recent geologic activity", "Titan's atmosphere is composed mostly of hydrocarbons", "A and D"], "probs": [[0.19533607978643303, 0.12528603707702618, 0.08773374164417391, 0.5916441413923669], [0.3589262770927525, 0.143069182115469, 0.3417512279929072, 0.1562533126988713], [0.18656210838583878, 0.17145239155461847, 0.07579040763429619, 0.5661950923252466], [0.2811099458121253, 0.14980612096517015, 0.40911468317677396, 0.1599692499459306], [0.4313046876330641, 0.39029791728768065, 0.0664280747503012, 0.11196932022895403], [0.3840840997299307, 0.40647214041352375, 0.09094274652670245, 0.11850101322984308], [0.1673167906388934, 0.12547875659078048, 0.07635331727501192, 0.6308511353953142], [0.32719035958384785, 0.16113131756568, 0.3734384067448539, 0.13823991600561822], [0.1854911769039168, 0.19778460426095085, 0.0960116992488955, 0.5207125194862369], [0.28448517823266334, 0.16646234191555168, 0.3920677835589649, 0.15698469619282004], [0.3721530866778383, 0.41269941269058263, 0.10219375331301882, 0.11295374721856026], [0.3384637240843617, 0.39972898953693214, 0.12229188878730901, 0.13951539749139716], [0.2033641037615348, 0.18836599673190585, 0.08457315827260387, 0.5236967411339555], [0.30414786478595485, 0.1620453571806427, 0.37861295966574865, 0.1551938182676538], [0.2061362728727576, 0.17664794753698274, 0.11012854508050103, 0.5070872344097587], [0.3471237615260924, 0.1417415397698538, 0.36088712924426597, 0.1502475693597878], [0.36817244751640665, 0.42148418012226874, 0.10687609203482337, 0.10346728022650126], [0.3801323870865348, 0.4119559907226181, 0.08201510030622415, 0.1258965217846229], [0.6063155969214259, 0.20975404428724628, 0.05357919120605069, 0.13035116748527714], [0.5565033761787982, 0.2234100335393221, 0.07565330995061359, 0.1444332802312661], [0.629904177652421, 0.17926344828866295, 0.06559318706368888, 0.12523918689522714], [0.5670993670060658, 0.19324030606422227, 0.08536053811528595, 0.15429978871442596], [0.5972964941052288, 0.18096958638317445, 0.08705875536103948, 0.1346751640505573], [0.5781864731651652, 0.1879489444638557, 0.0715607282146288, 0.1623038540563502]], "ideal": "D", "sampled": "D", "correct": true}}
{"type": "result", "data": {"idx": 5, "options": ["m*v", "0.5*m/(R^3)", "0.5*m*(2GM/R)", "0.6*G(M^2)/R"], "probs": [[0.2595784211150455, 0.15662484425976175, 0.3469291718297468, 0.23686756269544598], [0.24652468400292052, 0.14474268687537345, 0.12806335471968786, 0.48066927430201817], [0.27883290826225093, 0.3825840296573712, 0.12491844407086436, 0.21366461790951347], [0.24043344732403135, 0.4448980854037131, 0.15953704237722277, 0.15513142479503275], [0.26556973855314125, 0.24765246366013743, 0.1256834230987684, 0.3610943745879529], [0.2109588894322821, 0.2187344198823115, 0.41896377258175505, 0.15134291800365135], [0.23068557677346313, 0.27311831709991596, 0.2965824007691394, 0.19961370525748157], [0.2373809473298461, 0.25903080069056267, 0.12252960155556385, 0.38105865032402736], [0.25054088605731034, 0.20668299802088697, 0.32432678821906846, 0.21844932760273425], [0.25595841381281487, 0.28162700564489573, 0.11452255652867685, 0.34789202391361257], [0.22115602915197557, 0.12520884722463976, 0.3297080891820747, 0.32392703434131], [0.2107833474663713, 0.13648124037808312, 0.38912412520332085, 0.2636112868522247], [0.37120119777775884, 0.3074233371310716, 0.09147426753083154, 0.229901197460338], [0.35805441012540395, 0.29011014965583987, 0.17215748642622894, 0.17967795369252726], [0.34607271903597864, 0.1346171558342586, 0.2954276931926682, 0.22388243183709453], [0.3579437759007479, 0.15227350704543088, 0.09375392714512037, 0.3960287898087008], [0.39163087043880224, 0.1764743100016232, 0.2787355655718258, 0.1531592538877488], [0.37885092273846666, 0.17576970993572705, 0.09254184764659916, 0.3528375195792071], [0.22872275623007418, 0.35200560876199816, 0.10563943770155641, 0.3136321972063712], [0.2048939374676819, 0.2973104284118637, 0.3585313397943961, 0.1392642942260583], [0.2093448340683447, 0.1366069018704183, 0.34912449117983974, 0.30492377278139726], [0.20596504823189807, 0.17806864313695264, 0.3026641697182833, 0.31330213881286595], [0.18815484080355813, 0.4455768630781182, 0.23116224312967376, 0.13510605288864988], [0.17925633488293038, 0.4505491852309766, 0.08913300930562375, 0.2810614704804693]], "ideal": "C", "sampled": "C", "correct": true}}
{"type": "result", "data": {"idx": 6, "options": ["it was stripped away by the magnetic field when it rapidly decreased in strength", "it was broken into hydrogen and oxygen by ultraviolet light and the hydrogen was lost through thermal escape", "it was consumed by a civilization of thirsty Martians", "it was vaporized during a period of intense volcanism and was lost to space through thermal escape"], "probs": [[0.09816702344590343, 0.7780093462954738, 0.03078759054396592, 0.0930360396146568], [0.08201997714593166, 0.8399196421188302, 0.04396764209137545, 0.03409273854386268], [0.08924028077037181, 0.03327385261455065, 0.7976502597059558, 0.0798356068091217], [0.15176692244136514, 0.05874646147099236, 0.2381641147914869, 0.5513225011961556], [0.10715632053167683, 0.14139466855383104, 0.7205247129101914, 0.03092429790430068], [0.13214414509561215, 0.16736417389886746, 0.031630018509817115, 0.6688616623957032], [0.7666356395146078, 0.06845900798234134, 0.03243771748876206, 0.13246763491428876], [0.8567579685383465, 0.05629616817378074, 0.043164399293975884, 0.04378146389389686], [0.7651233076284132, 0.056591399008336984, 0.03189431875625194, 0.14639097450699787], [0.8407380171934504, 0.04852742437221817, 0.04228717555324702, 0.06844738278108435], [0.863639267583227, 0.06261058384338448, 0.02520151902488877, 0.04854862944849982], [0.8368840372635247, 0.06775409108754879, 0.028255757467896873, 0.06710611408102961], [0.07673891461456779, 0.06861611301623814, 0.7783291761172259, 0.07631579615196822], [0.11511636668920791, 0.11766608189611241, 0.20286405516586317, 0.5643534961488165], [0.07000061764612221, 0.7968104958212703, 0.02683474828280757, 0.10635413814979987], [0.06139351198232494, 0.8583640731622194, 0.036951272299495984, 0.04329114245595965], [0.1164916666127665, 0.2704905241029989, 0.041853624855412636, 0.571164184328822], [0.10211125814018918, 0.19952637025973863, 0.6434414889477157, 0.054920882552356505], [0.14739927867666033, 0.06818133693521887, 0.7479981294718147, 0.036421254816306176], [0.23116591225985825, 0.08052430926166923, 0.03718626443392311, 0.6511235139445494], [0.18309666419168946, 0.7167456229440752, 0.03780182865407598, 0.062355884110159424], [0.20175611081955222, 0.6830543482530832, 0.03760951869140035, 0.07758002213596424], [0.2500440561908649, 0.06190145595167372, 0.04689576633573714, 0.6411587214217243], [0.16263840267306803, 0.05018970575459113, 0.7320804895208544, 0.05509140195148651]], "ideal": "B", "sampled": "B", "correct": true}}
{"type": "result", "data": {"idx": 7, "options": ["Lunar rocks are composed of fragments pulverized by many impacts.", "Radioactive dating of lunar samples shows that they are older.", "The Moon's surface is more heavily eroded than the Earth's surface.", "The Moon's surface has more impact craters than the Earth's surface."], "probs": [[0.04507856501849334, 0.6886406033924094, 0.023091910705722193, 0.2431889207833751], [0.03650612809183462, 0.8211765761684894, 0.11830170160805574, 0.024015594031620312], [0.044313824176736336, 0.028430464652786567, 0.8526214074474572, 0.07463430362301997], [0.04994956310808695, 0.02573758868824465, 0.14761713261011658, 0.7766957154935518], [0.035123851800994615, 0.11882954310982641, 0.8276679073129669, 0.018378697676212113], [0.04894853291639456, 0.06787917635881156, 0.012090299052089297, 0.8710819915727046], [0.2710282963856212, 0.10328881312105198, 0.031653905308294226, 0.5940289850850325], [0.1909920835491742, 0.09368744317087487, 0.6806630960792791, 0.03465737710067178], [0.2886027849353599, 0.07547176291165736, 0.023689157675418574, 0.6122362943775642], [0.249175754310921, 0.08375645833680644, 0.6269947593439411, 0.04007302790833138], [0.3335021516636446, 0.5945170665100291, 0.02977955226886161, 0.04220122945746467], [0.35521312019902895, 0.5541507232218332, 0.044245021363748395, 0.04639113511538946], [0.05022007915374516, 0.028641264562708785, 0.8520538114792348, 0.06908484470431128], [0.05884329338358689, 0.02870032253459181, 0.14869697274191765, 0.7637594112399037], [0.04751808244511177, 0.7301966025994703, 0.015017924051344979, 0.20726739080407297], [0.04667170258383696, 0.815929516771622, 0.11666040649103518, 0.02073837405350595], [0.05307887419882937, 0.11034781330538382, 0.011215350432848097, 0.8253579619629388], [0.043491534236320836, 0.1225101556877448, 0.8130052563777381, 0.020993053598196275], [0.05377282690550426, 0.0262749907714102, 0.8975255138036025, 0.022426668419483046], [0.09351123502709664, 0.03230352573076575, 0.020150610386869598, 0.854034628755268], [0.07665544619036015, 0.8752127738224295, 0.016469588225501593, 0.03166219166170885], [0.07921487970032003, 0.8628254676593591, 0.026505796680467483, 0.03145385585985339], [0.08489477123863634, 0.03117237227226333, 0.019004749464381777, 0.8649281069247186], [0.05000871940973157, 0.01898679566154142, 0.913485375357277, 0.017519109471450002]], "ideal": "B", "sampled": "B", "correct": true}}
{"type": "result", "data": {"idx": 8, "options": ["Iron", "Hydrogen", "Methane", "Helium"], "probs": [[0.08541576229349387, 0.3026613176387983, 0.021375143062275698, 0.5905477769054321], [0.10660459726052196, 0.372567560048015, 0.49255465905783363, 0.02827318353362939], [0.08495047750927726, 0.06830170055765637, 0.25899058770771677, 0.5877572341253496], [0.10465281420996213, 0.06874864780597979, 0.5973698647192388, 0.2292286731648193], [0.09472027914055169, 0.5769314470199993, 0.30263789083364084, 0.025710382905808103], [0.11411491439129576, 0.5193706934157007, 0.025357092694236735, 0.3411572993987667], [0.08311099385962782, 0.06374902716892121, 0.02177540921516918, 0.8313645696562818], [0.09708768692596029, 0.08078292605994966, 0.8014086334833659, 0.020720753430724197], [0.09364758617849941, 0.06851958819421858, 0.036257331888785264, 0.8015754936384968], [0.09880799835978314, 0.06555735343619273, 0.8039857178270962, 0.03164893027692795], [0.18589396321557236, 0.7305817415532273, 0.048652063043694765, 0.03487223208750556], [0.1911605333934398, 0.7054469120066533, 0.04379988170349473, 0.05959267279641213], [0.05280321875284989, 0.0756562283235847, 0.15477347487729892, 0.7167670779462665], [0.06316140709089049, 0.09136248647597692, 0.669235492545137, 0.1762406137879956], [0.05402145987465495, 0.1637779385627192, 0.0258575160964277, 0.7563430853661982], [0.05414526586317381, 0.21791288445720186, 0.6982221186522519, 0.029719730927372432], [0.0660302327389316, 0.6626187426515292, 0.0257603576690947, 0.24559066684044453], [0.059365488804027096, 0.7084049012116671, 0.19866344404716274, 0.03356616583714311], [0.39711728148823644, 0.09671220031811001, 0.4817512032984307, 0.024419314795222854], [0.4294614067404735, 0.09720284946176386, 0.0331775685164662, 0.44015817518129646], [0.5400152982981569, 0.39495409855240926, 0.03712182243578106, 0.02790878061365282], [0.5218880830394288, 0.40301952212393316, 0.03396765925359415, 0.04112473548304391], [0.4658328644372299, 0.08740995921151148, 0.044772599388345866, 0.4019845768629128], [0.4599798797361305, 0.09428366771892986, 0.4016045822873243, 0.04413187015761529]], "ideal": "D", "sampled": "D", "correct": true}}
{"type": "result", "data": {"idx": 9, "options": ["Near-Earth asteroids gradually disintegrate and spread out along their orbital path. When the Earth passes through the orbit of an asteroid we are bombarded by sand-sized particles which cause a meteor shower.", "Near-Earth asteroids disintegrate as they enter Earth's atmosphere creating hundreds of bright meteors that appear to radiate from a single location in the sky.", "The nuclei of comets disintigrate as they enter Earth's atmosphere creating hundreds of bright meteors that appear to radiate from a central location in the sky.", "The nuclei of comets gradually disintegrate and spread out along the comet's orbital path. When the Earth passes through the orbit of a comet we are bombarded by sand-sized particles which cause a meteor shower."], "probs": [[0.25180373718919435, 0.07503807879404223, 0.21050381109265634, 0.4626543728241071], [0.1902353479540501, 0.04339048298305352, 0.71724260380578, 0.04913156515711645], [0.3078257578821702, 0.2694315136445525, 0.10604389484852605, 0.3166988335247512], [0.15421137330598708, 0.14688576798460845, 0.634128875056603, 0.06477398355280152], [0.16536218461560917, 0.7502433223690439, 0.026606947507255112, 0.05778754540809178], [0.2181538462386314, 0.6905923737995714, 0.035067130462355836, 0.05618664939944141], [0.11659274950726885, 0.60387086637288, 0.060079741993201916, 0.21945664202664927], [0.10628962555317743, 0.4539946036108128, 0.39104974411633825, 0.0486660266196715], [0.09140954910794737, 0.22826558349234066, 0.20007871089365026, 0.48024615640606166], [0.07785069834673991, 0.20796174023142402, 0.6426206757143313, 0.07156688560750475], [0.05480301221445397, 0.8844257938218478, 0.029865292134820958, 0.03090590172887722], [0.05606541430413879, 0.8765598567315559, 0.02101647861470402, 0.04635825024960127], [0.14841813400461254, 0.4506769347737416, 0.06423222512229543, 0.33667270599935045], [0.10130586323163338, 0.10783799575922363, 0.7443684227859408, 0.04648771812320215], [0.14789875511383613, 0.11262909080283987, 0.22227249540874125, 0.5171996585745827], [0.10153886206009839, 0.04947473233375585, 0.7887662249636456, 0.06022018054250013], [0.08757735489001034, 0.8431953973886107, 0.03254616244751642, 0.03668108517386252], [0.059434449828408176, 0.8869291940875966, 0.013538486951610659, 0.04009786903238452], [0.7829823434837807, 0.07158009653880575, 0.029792241527198955, 0.11564531835021463], [0.7836615442446013, 0.10843099652636545, 0.03768973797182841, 0.07021772115720476], [0.755187880249618, 0.063930110089497, 0.1173131036240731, 0.0635689059368119], [0.6437392665819323, 0.0786403097712047, 0.12055596026320434, 0.15706446328365867], [0.7590298227748931, 0.04739359873467612, 0.13163336374598011, 0.06194321464445071], [0.7193099513830351, 0.050408766546622, 0.04913677006547914, 0.18114451190486372]], "ideal": "D", "sampled": "D", "correct": true}}
{"type": "result", "data": {"idx": 10, "options": ["Radiation pressure from the Sun's light pushes the ions away.", "The conservation of the angular momentum in the tail keeps it always pointing away from the Sun.", "The ions are following Keplerian orbits that lead away from the Sun.", "The solar wind electromagnetically \"blows\" the ions directly away from the Sun."], "probs": [[0.07700471536228749, 0.040971506153952036, 0.02133462007129704, 0.8606891583124634], [0.09366565324040879, 0.05720691542564798, 0.7932720326278604, 0.05585539860608283], [0.09738397343344261, 0.047160050528547555, 0.040475549979450715, 0.8149804259585591], [0.12239189018852188, 0.05912253786724324, 0.7477611497575621, 0.0707244220866727], [0.10048827153600687, 0.8077736195198457, 0.02811487659102876, 0.06362323225311863], [0.10495851383348968, 0.7684373997955002, 0.022011351248122354, 0.10459273502288771], [0.038670199194009096, 0.20305498562535998, 0.01639746990423251, 0.7418773451763985], [0.040961642577158876, 0.514430770867857, 0.39932192111719544, 0.04528566533778868], [0.05595861333079877, 0.05353596021045366, 0.28886788865368807, 0.6016375377050595], [0.042751772913479084, 0.03971607119293999, 0.8215292446528125, 0.09600291114076842], [0.057665112421283596, 0.8394160080323935, 0.0445386528142054, 0.05838022663211753], [0.05628964493086856, 0.7219280245824646, 0.016515922353416514, 0.20526640803325025], [0.04730153696227346, 0.20586728472437396, 0.023432632251181616, 0.723398545962171], [0.061254869227618816, 0.4279437894997646, 0.4546822837332844, 0.056119057439332216], [0.05833523589530088, 0.04595211045091532, 0.3155535388671167, 0.5801591146866671], [0.047206761590659424, 0.0435156435042288, 0.793740782272168, 0.11553681253294375], [0.06856998285386408, 0.7956543830764713, 0.05772846012564936, 0.07804717384401523], [0.058854205090450036, 0.8036674454892617, 0.027991327200801077, 0.10948702211948716], [0.8189945142750518, 0.07925043756190715, 0.03394067129522683, 0.06781437676781425], [0.776377127250815, 0.08186426725336782, 0.029762740210634422, 0.11199586518518281], [0.7863275671595346, 0.0561246108398397, 0.08715178363780152, 0.07039603826282421], [0.6789784013428919, 0.056192793217713005, 0.024242420119603408, 0.24058638521979173], [0.7112914323095472, 0.06128872185332623, 0.13961963354145032, 0.08780021219567631], [0.6816454415506333, 0.06805164102894974, 0.04370730306679569, 0.20659561425362122]], "ideal": "D", "sampled": "D", "correct": true}}
{"type": "result", "data": {"idx": 11, "options": ["By observing the duration of a solar eclipse.", "By measuring the size of Earth's shadow on the Moon in a lunar eclipse.", "By comparing the maximum altitude of the Sun in two cities at different latitudes at the same time on the same day.", "By sending fleets of ships around Earth."], "probs": [[0.016703880652729017, 0.014592340561526376, 0.955968222385943, 0.012735556299801552], [0.01709606716417304, 0.013858803804673253, 0.006974646019510947, 0.9620704829116428], [0.013232687522110556, 0.9636334965900416, 0.008981283178695712, 0.014152532609152054], [0.013319859552762194, 0.9630089598547619, 0.009630986685722683, 0.014040193806753223], [0.01945959003296392, 0.014034987223288699, 0.007516948862634754, 0.9589884737811126], [0.013024131899575698, 0.01761417481290606, 0.9582504727298988, 0.011111220457619397], [0.016706580232251272, 0.014485929105897312, 0.9575483166305262, 0.01125917393132519], [0.020846260526183234, 0.013476848755311549, 0.006681888436214894, 0.9589950021822903], [0.016356179336721056, 0.9646654038222188, 0.007231038927019745, 0.011747377814040385], [0.017413876681403474, 0.9580060691479917, 0.006099272890674968, 0.01848078117992985], [0.025310411410314225, 0.013065271681020774, 0.017852799516224753, 0.9437715172924402], [0.017234631137832575, 0.01707377496300928, 0.9522038243087186, 0.013487769490439514], [0.9268521363920139, 0.026665116868880297, 0.01756672763375017, 0.028916019005355603], [0.9275591640326385, 0.02544421753072152, 0.01664753226839538, 0.030349086068244557], [0.9206979192262664, 0.027759251801832096, 0.020722490959916632, 0.030820337911984852], [0.9206943965716502, 0.02840249012628212, 0.015406709791504476, 0.03549640341056316], [0.9081655997558147, 0.036237495529101424, 0.018908622899674613, 0.03668828171540923], [0.8858254468502763, 0.03822401129981094, 0.020091404949248444, 0.055859136800664295], [0.021269475999453342, 0.01365242709520201, 0.010621232891098679, 0.954456863914246], [0.014385083434301268, 0.018277631747315125, 0.9562513062064988, 0.011085978511884864], [0.01987171690975178, 0.014007555032456051, 0.01587274451655829, 0.9502479834412338], [0.016944805126908193, 0.021206032443149905, 0.9495981913049159, 0.01225097102502605], [0.016037948741647285, 0.9542881436064701, 0.011958980234204325, 0.01771492731767832], [0.01644320103563896, 0.941206193052598, 0.010243825073257933, 0.032106780738505133]], "ideal": "C", "sampled": "C", "correct": true}}
{"type": "result", "data": {"idx": 12, "options": ["a dwarf galaxy orbiting the Milky Way.", "the closest planetary nebula to the Earth.", "a bright star cluster discovered by Magellan.", "the outer arm of the Milky Way named after Magellan."], "probs": [[0.9202531078145917, 0.03373723294550365, 0.013196406171835482, 0.032813252968069195], [0.9098340865137925, 0.03581604594670003, 0.015497307370554195, 0.03885256006895326], [0.8745700888600658, 0.0449114233812165, 0.024907386584339185, 0.05561110107437851], [0.8860259187233432, 0.036574364249839154, 0.02486223019205604, 0.0525374867347615], [0.8742915667891846, 0.04456514260771657, 0.025505854621958347, 0.05563743588114045], [0.8686792172677201, 0.045324556102871665, 0.027611629777512445, 0.058384596751895765], [0.028642193253662598, 0.9341774834234644, 0.0079427242553664, 0.029237598967506558], [0.03294037975042741, 0.9252802582186501, 0.009941068319542728, 0.03183829361137971], [0.03182857554449536, 0.06471558059214162, 0.8822347122048064, 0.02122113155855663], [0.05542952164127083, 0.06594919678650928, 0.02106887507658963, 0.8575524063956302], [0.0324755008117342, 0.04722872678122411, 0.9003991945618142, 0.019896577745227493], [0.0650960140902126, 0.06176884924818902, 0.018256580693304394, 0.854878555868294], [0.03395929154899375, 0.9164530733559311, 0.012717472734672913, 0.036870162260402295], [0.03404679255226038, 0.9111599804505022, 0.014214067537795848, 0.04057915935944156], [0.03416202414257208, 0.047419968000563174, 0.8961657206211701, 0.022252287135694625], [0.05604583978263262, 0.05404508687183301, 0.022489082903739594, 0.8674199903417947], [0.030018099376230886, 0.055544917879815935, 0.8903154349444475, 0.02412154769950566], [0.07087721358079777, 0.07044927460222541, 0.01969072879546391, 0.838982782921513], [0.032306085672568596, 0.9214746651560278, 0.01351095121697355, 0.032708297854429996], [0.03310811097994139, 0.9151144325628464, 0.01290626484320686, 0.038871191514005275], [0.03400053910944912, 0.04717434683951336, 0.8989589431103389, 0.0198661708406986], [0.05598711557879915, 0.049139413657363316, 0.014982200128506774, 0.8798912705353308], [0.03155946205884153, 0.06170474065908044, 0.8817541767415639, 0.02498162044051416], [0.06846632820515068, 0.06443299364479961, 0.017194112793115918, 0.8499065652569338]], "ideal": "A", "sampled": "A", "correct": true}}
{"type": "result", "data": {"idx": 13, "options": ["Actually water-ice is all over Mercury and not just at the poles.", "The pole is the only place fortunate enough to have had comet impacts", "Radar from the earth can only see Mercury's poles.", "These craters contain the only permanently shadowed regions on Mercury"], "probs": [[0.030954572107169436, 0.021408181384610092, 0.016919750910894628, 0.9307174954973259], [0.022387691201346344, 0.022606216715578987, 0.9322043627325364, 0.022801729250538326], [0.037581150305205285, 0.027022603670342236, 0.014663938229268975, 0.9207323076951835], [0.02256116787563465, 0.020820118096994324, 0.943765443771477, 0.012853270155894093], [0.021718409171421982, 0.9437334863382237, 0.006548380187597864, 0.02799972420275639], [0.02960604907781412, 0.9438687307075222, 0.01042761718526431, 0.016097602929399393], [0.04071254739675198, 0.02061256433951841, 0.014154580349784398, 0.9245203078139452], [0.03892576834612638, 0.02397251917345891, 0.9149254610264033, 0.02217625135401148], [0.04264779966716947, 0.02127047172221941, 0.015543816001611505, 0.9205379125089996], [0.028407749907609768, 0.021717126844067677, 0.9269006009653751, 0.022974522182947498], [0.04779813620689446, 0.9153085103532005, 0.012489364958110198, 0.02440398838179481], [0.03750696886208724, 0.9230960277066195, 0.01382545328429393, 0.025571550046999313], [0.04668745615459958, 0.025551746855344386, 0.013128851219110994, 0.9146319456709451], [0.025424678846897444, 0.01665816892049859, 0.9467176559509438, 0.011199496181660152], [0.040818894354049784, 0.022876746174188035, 0.01419608269117393, 0.9221082766805883], [0.02494853855926738, 0.020905902061974617, 0.9327215904217635, 0.02142396885699452], [0.032699605482176486, 0.940891630431148, 0.00997388307051368, 0.016434880916161895], [0.024548156093034464, 0.9419021570414821, 0.007669812039003905, 0.025879874726479565], [0.9455524194943946, 0.018465287728967997, 0.00934666381157633, 0.02663562886506102], [0.9460184758201334, 0.02145182755606715, 0.015037157865395502, 0.01749253865840385], [0.9386097849062514, 0.019508261358796755, 0.012182255353748546, 0.02969969828120331], [0.9261130344644543, 0.0199999392012646, 0.01193878010024026, 0.04194824613404087], [0.9527877330180707, 0.019219352110584488, 0.014916717630091005, 0.013076197141253782], [0.9310890621446947, 0.019657743831715528, 0.011103103599369335, 0.03815009032422042]], "ideal": "D", "sampled": "D", "correct": true}}
{"type": "result", "data": {"idx": 14, "options": ["Virgo", "Laniakea", "Sculptor", "Bo\u00f6tes"], "probs": [[0.05159837607900462, 0.91177085465656, 0.01698914867686233, 0.01964162048757298], [0.05460964555946504, 0.9062668151714139, 0.016124775751742367, 0.022998763417378658], [0.05057824633756821, 0.02059702331188853, 0.910161231269534, 0.018663498981009285], [0.06411625011050313, 0.01946931094301635, 0.014952748683310093, 0.9014616901631703], [0.05262857704434591, 0.019984062870739592, 0.9041663457899485, 0.02322101419496606], [0.06336249807366087, 0.019995369779063573, 0.012245767075740604, 0.904396364971535], [0.9503736368080202, 0.024528074355194586, 0.009752915721253792, 0.015345373015531407], [0.9474991060055357, 0.0258284511802156, 0.010513520906232157, 0.01615892180801657], [0.9432451529490352, 0.024921094770008315, 0.013321113586117917, 0.018512638594838555], [0.9338460981141233, 0.02731043035906574, 0.013400294484361345, 0.025443176942449578], [0.9470433149458782, 0.02174753122609577, 0.013477809861457598, 0.017731343866568376], [0.9373452985483495, 0.024381416756188948, 0.013338675249459924, 0.024934609346001606], [0.05011810305826494, 0.03234901987792767, 0.9000295299133338, 0.017503347050473492], [0.061693838918266755, 0.030411557826188183, 0.014049533569997151, 0.8938450695855479], [0.05021924019877781, 0.9013316319877319, 0.0231194156227826, 0.0253297120907077], [0.05404736181715964, 0.8897901870796036, 0.020642829381795614, 0.03551962162144115], [0.060094092563445195, 0.023432062732354524, 0.032777822099248864, 0.8836960225049514], [0.049891647411100006, 0.025867289170525422, 0.8896626912067646, 0.034578372111610044], [0.04377797985013347, 0.03126704209547165, 0.9062194986850491, 0.018735479269345687], [0.0491477387199049, 0.027212656322050548, 0.009431991479258505, 0.9142076133787861], [0.03458252035661433, 0.9232626579476304, 0.01681475640168133, 0.0253400651940739], [0.035078797944219454, 0.9071740258347153, 0.01732998552279608, 0.040417190598269155], [0.048063530941251896, 0.018881822177504795, 0.024839562934576377, 0.9082150838466669], [0.04177202508615126, 0.020662275340980796, 0.9062449610469715, 0.03132073842589641]], "ideal": "B", "sampled": "B", "correct": true}}
{"type": "result", "data": {"idx": 15, "options": ["Venus", "Mars", "Jupiter", "Saturn"], "probs": [[0.028340875149411537, 0.045701315952321034, 0.9027816945714164, 0.023176114226851025], [0.04166847358330633, 0.04037248994174999, 0.009500908498528594, 0.9084581278764151], [0.02808425914861663, 0.9396474792191264, 0.013122006286568996, 0.01914625524568802], [0.03032331834332193, 0.9381448976986206, 0.010367136177240893, 0.021164647680816547], [0.04326499657842743, 0.028381211891772493, 0.013684867050507603, 0.9146689243792925], [0.026821651810968888, 0.025067695649986302, 0.9245691729049978, 0.02354147953404694], [0.029377437087555688, 0.02661461120098223, 0.9232780020995024, 0.020729949511959674], [0.043872181151219665, 0.0326030429759659, 0.00970228933082651, 0.9138224864419879], [0.03390818480384373, 0.9339920333620771, 0.011695206229496257, 0.020404575504582866], [0.03459280844929324, 0.937959583164968, 0.010449095047121363, 0.016998513238617476], [0.04578959237474375, 0.02433605711719438, 0.012302544146800234, 0.9175718062612617], [0.02920537135734014, 0.024294585854215185, 0.9255619264914596, 0.020938116196985053], [0.902631678091974, 0.03015181535185806, 0.023361045299195173, 0.043855461156972746], [0.9095088770857744, 0.031341265650377266, 0.019829094260221454, 0.03932076290362688], [0.9036457638691374, 0.032135200111355545, 0.02232155973600406, 0.04189747618350294], [0.9146776947807388, 0.03408617583093344, 0.019948749204106168, 0.03128738008422161], [0.9182656013045314, 0.02926981695969179, 0.018232763893283096, 0.034231817742493724], [0.9222580411672774, 0.030571371923738214, 0.021413751929528668, 0.025756834879455758], [0.04551919116839293, 0.032539912199075344, 0.017507672507630224, 0.9044332240249014], [0.030291468466948652, 0.02943294741485648, 0.9149053895996091, 0.025370194418585814], [0.040643599977996506, 0.031180008222230066, 0.012871110226847391, 0.915305281472926], [0.03220051814596377, 0.03714526031348533, 0.9066640352293803, 0.02399018621117058], [0.0280592471800567, 0.9391152000668214, 0.01213284843571307, 0.0206927042174089], [0.027895953571250583, 0.9412031260454985, 0.014102648997188074, 0.01679827128606281]], "ideal": "C", "sampled": "C", "correct": true}}
