{"type": "result", "data": {"idx": 0, "options": ["the matrix, if stored directly, is large and can be clumsy to manage", "it is not capable of expressing complex protection requirements", "deciding whether a process has access to a resource is undecidable", "there is no way to express who has rights to change the access matrix itself"], "probs": [[0.6589234968521378, 0.09833723904196666, 0.03878091962574163, 0.20395834438015392], [0.569795272232554, 0.08077512884095084, 0.1656281389826814, 0.18380145984381377], [0.6226612236076619, 0.08205325778418916, 0.06636977096177382, 0.22891574754637517], [0.6304219411459607, 0.07950947492154178, 0.13091562784581265, 0.15915295598668486], [0.5997604548402752, 0.14670586147313938, 0.08820068572471625, 0.16533299786186922], [0.641529073628272, 0.15084156167724963, 0.04183190998267175, 0.16579745461180653], [0.22947497199304306, 0.5343879103597629, 0.05416633430325238, 0.18197078324394172], [0.2367664865475451, 0.43978449338952647, 0.15087021294934122, 0.17257880701358722], [0.21832095923860304, 0.3225353859776963, 0.17561530541763984, 0.2835283492660608], [0.20584699816205476, 0.3399858227030071, 0.20650856502536996, 0.24765861400956818], [0.2790090954320045, 0.34014131601802583, 0.2148149694342682, 0.16603461901570146], [0.21385502972442444, 0.4717882906306986, 0.08186043114037603, 0.2324962484045009], [0.3587111452151241, 0.24746408502970887, 0.10989408693345462, 0.2839306827217124], [0.3565814739618532, 0.19492715304739344, 0.21631516191710787, 0.23217621097364546], [0.38965129267772736, 0.15326969095620116, 0.1698440287860657, 0.2872349874800058], [0.3588079320670358, 0.12099017562223077, 0.27120853275950274, 0.24899335945123066], [0.40438820735291864, 0.20119729045393556, 0.16570343816277827, 0.2287110639303675], [0.38547901464061624, 0.19796556822363454, 0.1749687842840459, 0.24158663275170333], [0.42346102310551276, 0.3219222152054418, 0.083240770415392, 0.17137599117365346], [0.4075395388579462, 0.373517327466558, 0.042228135420850556, 0.17671499815464523], [0.45766998696727457, 0.1396639239548233, 0.21305180228760598, 0.18961428669029615], [0.47717348175285873, 0.16054484909513955, 0.06785131410071976, 0.29443035495128195], [0.42618183762450224, 0.11207469975606765, 0.2710182651178402, 0.19072519740158986], [0.4334022111711135, 0.11827190171156425, 0.1589915496628143, 0.2893343373545079]], "ideal": "A", "sampled": "A", "correct": true}}
{"type": "result", "data": {"idx": 1, "options": ["{-6,-2, -1, 1, 2, 6}", "{-6, -2, -1, 0, 1, 2, 6}", "{-6, -3, -2, -1, 1, 2, 3, 6}", "{-6, -3, -2, -1, 0, 1, 2, 3, 6}"], "probs": [[0.2567317447296583, 0.2432845049363798, 0.18336778604092677, 0.3166159641930351], [0.2522021381482325, 0.2045114812341574, 0.2507700770383597, 0.2925163034792504], [0.2396120726822613, 0.3229110836659816, 0.11031875013201928, 0.3271580934197378], [0.24716870132830399, 0.2656684319656338, 0.17512062375577786, 0.31204224285028437], [0.2243028298211606, 0.28434307665704933, 0.2374273843869137, 0.2539267090348764], [0.25728755419996774, 0.3088398185409274, 0.20355080949563345, 0.23032181766347143], [0.27224935455881877, 0.18985760568522608, 0.20525649454588546, 0.33263654511006974], [0.2702256859669626, 0.18004106788210525, 0.29252908938563077, 0.25720415666530133], [0.24654375034824716, 0.20261445921931326, 0.15398285363667047, 0.3968589366957691], [0.2479590662488159, 0.22825457623160603, 0.3200099026832393, 0.2037764547363388], [0.25941067931442147, 0.2803852557855601, 0.1147577762489002, 0.3454462885511182], [0.27990677532873753, 0.2800790923541982, 0.1695200626454101, 0.2704940695716541], [0.2424448001324442, 0.12561397346800574, 0.09449311415273584, 0.5374481121468142], [0.2705030142990453, 0.15313062070268926, 0.28621873256682184, 0.2901476323314436], [0.30275465859453204, 0.136227124094878, 0.19049581528760293, 0.370522401922987], [0.23469124815666126, 0.1105263679717023, 0.5178764213169885, 0.13690596245464787], [0.3034991919690855, 0.23632115123292916, 0.17120927570538275, 0.2889703809926026], [0.3212226032889532, 0.21900846061900645, 0.1961257010502193, 0.2636432349418211], [0.2669692694603321, 0.14957721682686959, 0.1802188890796488, 0.40323462453314945], [0.2433554602425961, 0.1337229649208267, 0.4684527655506402, 0.15446880918593697], [0.28263679775682765, 0.1496129814299261, 0.08836191344186489, 0.4793883072713813], [0.3121430370538133, 0.18780683538844167, 0.282549002218274, 0.21750112523947096], [0.30427661081673835, 0.18272570991587697, 0.15852844477307332, 0.3544692343943113], [0.32465332743259206, 0.21260733900328302, 0.17478506265322918, 0.28795427081089575]], "ideal": "C", "sampled": "D", "correct": false}}
{"type": "result", "data": {"idx": 2, "options": ["1:4", "1:3.5", "1:1", "1.1:1"], "probs": [[0.23336588887172302, 0.36617948258043914, 0.18201758779333926, 0.21843704065449857], [0.21707748197944016, 0.3361373593491551, 0.321108763202337, 0.12567639536906772], [0.20916517943540153, 0.1405671345878005, 0.42753826293430197, 0.22272942294249598], [0.2250280145301485, 0.14422722145082886, 0.2110264528006115, 0.4197183111184111], [0.22288339169901084, 0.27026832503757753, 0.37154648257871087, 0.1353018005847008], [0.22601385749127126, 0.26935071151767864, 0.10947379631905452, 0.3951616345719956], [0.39468271712536757, 0.32732597965680527, 0.13476244015426195, 0.14322886296356518], [0.3706378334612341, 0.3052298176167554, 0.21108591314570463, 0.11304643567630591], [0.352921126486433, 0.16379162693248767, 0.2868810635326563, 0.19640618294842307], [0.35635898044656955, 0.14027926533427637, 0.15823368962365092, 0.34512806449550315], [0.34114346667268614, 0.18684521733245146, 0.35735828479586895, 0.11465303109899347], [0.3522622611189952, 0.1838258369368208, 0.10886190166622983, 0.35505000017795413], [0.13484188829344973, 0.3244182507507596, 0.38698409060078304, 0.15375577025500767], [0.14357333311711493, 0.335208843174102, 0.19249426400209546, 0.3287235596066876], [0.13190504808965736, 0.41369446799720094, 0.3326134954610634, 0.12178698835207831], [0.1291408966480561, 0.40465738762359327, 0.1580314910547134, 0.30817022457363724], [0.14209728365005506, 0.23925416882191197, 0.17309374131300853, 0.44555480611502446], [0.14053983147289645, 0.2192369270560297, 0.23157841074663787, 0.40864483062443596], [0.2211969130653403, 0.16593777637199844, 0.4555995030066895, 0.1572658074559717], [0.25220118447397305, 0.16153382290572932, 0.1448672327333522, 0.44139775978694545], [0.22035212155903874, 0.27349360959496194, 0.31413026704834957, 0.19202400169764974], [0.25778030002175295, 0.2566204532996753, 0.12390767135458618, 0.36169157522398554], [0.20168199381890223, 0.11815047567830855, 0.24225013543291313, 0.4379173949698761], [0.1786356975264497, 0.0933596545358597, 0.33257310835880755, 0.39543153947888304]], "ideal": "B", "sampled": "B", "correct": true}}
{"type": "result", "data": {"idx": 3, "options": ["C1: (3,3), C2: (4,4), C3: (6,6)", "C1: (3,3), C2: (6,6), C3: (12,12)", "C1: (6,6), C2: (12,12), C3: (12,12)", "C1: (0,0), C2: (48,48), C3: (35,35)"], "probs": [[0.41836054375638837, 0.17490609509704136, 0.26937598790145256, 0.1373573731451177], [0.39306607252800624, 0.1542845494252453, 0.1893220515460883, 0.2633273264006602], [0.3096926419666197, 0.09130725130840954, 0.4923242958211213, 0.10667581080384939], [0.2828663653483496, 0.08123517114909587, 0.13415375741204685, 0.5017447059905077], [0.3489196170174986, 0.07946214528100752, 0.38668887362901555, 0.18492936397247836], [0.2732799330581141, 0.07608696015843613, 0.18878586447745782, 0.46184724220599194], [0.15056847707472718, 0.6000305681834365, 0.156164459399065, 0.0932364952427713], [0.17087080563771267, 0.5099778022858797, 0.14022691128559606, 0.17892448069081152], [0.24753923143724904, 0.1343115022015185, 0.5059483239274539, 0.11220094233377856], [0.23264659072193888, 0.11713650385100619, 0.12106542582100599, 0.5291514795060489], [0.15711966213919973, 0.060110625097517086, 0.6874788428434151, 0.09529086981986808], [0.2239961989890349, 0.07587283838785105, 0.23254335686521602, 0.46758760565789803], [0.1480192806866428, 0.5129226330991669, 0.25998335493028535, 0.07907473118390503], [0.15342913566485575, 0.35852181907883285, 0.10440160333066244, 0.3836474418256489], [0.1526330686560665, 0.20846509620749828, 0.5573221361478826, 0.08157969888855263], [0.16824992862710464, 0.20845300670666364, 0.10752515838243834, 0.5157719061837933], [0.1596340345931332, 0.0654116242217025, 0.4567192502643412, 0.31823509082082313], [0.1457323404678193, 0.05826322997778601, 0.3422809477128358, 0.4537234817415589], [0.1741692371739849, 0.4147671635103556, 0.2744656719152145, 0.136597927300445], [0.17620262501861936, 0.28512644764909967, 0.1652501821352694, 0.37342074509701156], [0.1566860514969449, 0.22083876860288668, 0.5165349802116469, 0.10594019958852154], [0.19924842116104494, 0.23963551577966435, 0.21369369644313488, 0.3474223665161558], [0.20388684860981837, 0.14190959717539048, 0.3502252049360346, 0.30397834917875655], [0.18968030448925935, 0.12583418939251154, 0.2761395439908659, 0.40834596202736323]], "ideal": "A", "sampled": "A", "correct": true}}
{"type": "result", "data": {"idx": 4, "options": ["{AND, NOT}", "{NOT, OR}", "{AND, OR}", "{NAND}"], "probs": [[0.2571547107783509, 0.36015845414847025, 0.10522383764001027, 0.27746299733316854], [0.2784705376802406, 0.40299244510100296, 0.16992641477296969, 0.1486106023457868], [0.29696061319240785, 0.19789537195684317, 0.2086695966312356, 0.29647441811951336], [0.3362039424915314, 0.21734586550530724, 0.2918400292200055, 0.1546101626831558], [0.3348580250575361, 0.26332941256319603, 0.25248717882958666, 0.14932538344968127], [0.3705601095782699, 0.26501169798108243, 0.17589111624389311, 0.18853707609675452], [0.3127307751731422, 0.16861575086446384, 0.15923596205150334, 0.35941751181089066], [0.3492131388976557, 0.1930399921212272, 0.30799396219722885, 0.14975290668388822], [0.3336214124822781, 0.20385876295912156, 0.14989632366588806, 0.3126235007927123], [0.3227604781024539, 0.2515021151871361, 0.20961757555217375, 0.21611983105823623], [0.35831477700592, 0.26461442908063193, 0.21858736544766605, 0.15848342836578203], [0.3672886082970791, 0.24069830055517108, 0.13456722691599252, 0.25744586413175735], [0.2678587814259528, 0.2294266739087357, 0.23083116799761733, 0.2718833765676942], [0.31298793291859983, 0.2788192116583481, 0.2358467648939906, 0.17234609042906143], [0.2565022802283517, 0.34016980004521696, 0.11992013154917297, 0.28340778807725836], [0.27965841527938956, 0.3625693726942775, 0.16151889148285759, 0.19625332044347535], [0.30607124004112113, 0.3116595632515362, 0.22881653776363417, 0.1534526588437085], [0.26743163460359565, 0.24971470608085505, 0.2936661111866073, 0.18918754802894205], [0.32563306907636785, 0.31136929057794593, 0.2034893869110291, 0.15950825333465712], [0.3183509896884492, 0.3287413017862895, 0.16346466023864817, 0.18944304818661306], [0.28697635437764335, 0.36638225463620555, 0.19232252868625163, 0.15431886219989951], [0.26499278732681897, 0.39839973139353757, 0.12097683433602838, 0.21563064684361505], [0.32704833633979485, 0.2868314725891736, 0.2157348724348411, 0.1703853185361904], [0.26639513571011586, 0.28187031851153266, 0.26025439735108424, 0.19148014832726726]], "ideal": "C", "sampled": "B", "correct": false}}
{"type": "result", "data": {"idx": 5, "options": ["M = 10, m = 10", "M = 10, m = 1", "M = 7, m = 4", "M = 6, m = 4"], "probs": [[0.18420476268490177, 0.19950509663926566, 0.27830112807057217, 0.33798901250526037], [0.2276122501976493, 0.22443515881335024, 0.2474165037796886, 0.30053608710931184], [0.23737227914343806, 0.24348855016180837, 0.3021298348601526, 0.21700933573460093], [0.2054953632076808, 0.21748309353129885, 0.2494152672600806, 0.32760627590093977], [0.2675299425909597, 0.24784710249350864, 0.2671536882596394, 0.21746926655589224], [0.23173884699800582, 0.19238792071224728, 0.19162188182908543, 0.3842513503606615], [0.21266750449799487, 0.17660164130657569, 0.29242236726440024, 0.3183084868310292], [0.2505722902379356, 0.20475010266715055, 0.24593689668793453, 0.29874071030697935], [0.27006186259349035, 0.27681730432203744, 0.19238390886575968, 0.26073692411871247], [0.2580071831679316, 0.26268120031822284, 0.2942247811127658, 0.18508683530107978], [0.2962138696644606, 0.2401703780674729, 0.2228836599199163, 0.2407320922481502], [0.28184648885112246, 0.2376446489136381, 0.24417053853548512, 0.2363383235997543], [0.2628632407264333, 0.23772076551561283, 0.2073353019943534, 0.29208069166360046], [0.2895718938077858, 0.18436928482779233, 0.2631509742979724, 0.2629078469664494], [0.25204308340670023, 0.3399544858565412, 0.1795113491541254, 0.22849108148263317], [0.25493400526674326, 0.3303922017961498, 0.15891700507848733, 0.25575678775861965], [0.28389397683722967, 0.25479960818722364, 0.17838548387867748, 0.2829209309968692], [0.2237641695478933, 0.18004432587081295, 0.3099831686601476, 0.28620833582114613], [0.2307789818363536, 0.27238117428166503, 0.212960904235961, 0.28387893954602034], [0.25974713592254306, 0.21573809312787542, 0.23782022721981008, 0.28669454362977137], [0.22475363161424144, 0.3573767159448348, 0.18144523687009945, 0.2364244154708243], [0.22478449342387163, 0.3597871958849655, 0.13260310886964374, 0.2828252017215191], [0.23092100366013227, 0.24053293822584673, 0.216292041761287, 0.31225401625273397], [0.18105193970777067, 0.15392902491937577, 0.37678438421296245, 0.28823465105989116]], "ideal": "C", "sampled": "B", "correct": false}}
{"type": "result", "data": {"idx": 6, "options": ["I only", "III only", "I and II only", "I and III only"], "probs": [[0.18629924432631018, 0.12329049305154885, 0.2332887472949183, 0.4571215152272226], [0.18986627174704607, 0.1126138402019504, 0.2802364784163667, 0.4172834095346369], [0.17725124028967537, 0.32662068090790064, 0.07839639820287372, 0.41773168049955023], [0.21728359679417378, 0.3430357719747813, 0.2089241947505675, 0.2307564363804774], [0.19349473136234308, 0.19977802930926164, 0.12852356943622759, 0.47820366979216766], [0.2443176544111679, 0.2451242542785295, 0.3532393626998188, 0.1573187285104838], [0.17421377092825663, 0.1162670355084583, 0.27834204458661593, 0.43117714887666914], [0.18634400806339696, 0.12825063022054603, 0.28172239700038154, 0.4036829646156755], [0.1787853959204971, 0.25055685263517036, 0.15867149591838833, 0.4119862554259442], [0.1910183550074658, 0.2702335376732492, 0.2697095532488891, 0.2690385539703959], [0.19113640836137044, 0.28093080035435414, 0.18213124975938705, 0.34580154142488834], [0.19460313310171923, 0.3022180244354885, 0.1974785059117265, 0.30570033645106576], [0.2876802553985811, 0.18866532195714, 0.10955719158937334, 0.4140972309549056], [0.31102863414498205, 0.1773593452001975, 0.22727261820059147, 0.284339402354229], [0.2789974253941343, 0.11724364931072057, 0.1659636373050492, 0.4377952878900959], [0.30155282760297486, 0.14375056110746778, 0.27876987635134653, 0.27592673483821084], [0.31853969458107995, 0.181704200113833, 0.2385645997927371, 0.26119150541235], [0.30207046413276156, 0.20465281298717536, 0.20590461481680844, 0.28737210796325463], [0.26088243720306825, 0.22158101198841623, 0.15050479768201677, 0.3670317530264987], [0.2793019545215043, 0.23583731137317535, 0.3023277638652929, 0.18253297014002742], [0.24058273790729365, 0.181718218035977, 0.1561209284525099, 0.4215781155042194], [0.24898863207277205, 0.2272598330040979, 0.2674363295084476, 0.2563152053146825], [0.2907104708492969, 0.2571769846105432, 0.2264877130228077, 0.22562483141735218], [0.2744887009293308, 0.28364182805313465, 0.15742104305713464, 0.28444842786039987]], "ideal": "C", "sampled": "C", "correct": true}}
{"type": "result", "data": {"idx": 7, "options": ["I only", "II only", "III only", "I and III"], "probs": [[0.20484382486483219, 0.1464386814788166, 0.1107775519329895, 0.5379399416233617], [0.18306183949563523, 0.09519385616418857, 0.4087212413790485, 0.3130230628611277], [0.22629116332003532, 0.209433121030435, 0.07541555615002095, 0.4888601593995087], [0.24070399224449168, 0.1463313295197583, 0.421730024227945, 0.191234653907805], [0.22702403026003296, 0.5054005308629242, 0.06957781210475056, 0.19799762667229226], [0.25380265332004587, 0.46475651163048387, 0.1375081071491404, 0.14393272780032987], [0.16766231500935394, 0.16385183494306957, 0.12890427727136175, 0.5395815726762148], [0.14372733769347976, 0.11051147841717401, 0.4860661508426583, 0.2596950329466879], [0.1656472695128917, 0.18347230688489813, 0.12152012526906364, 0.5293602982331466], [0.15567894510379734, 0.16344863418268782, 0.3906878290782268, 0.29018459153528803], [0.1694538219347797, 0.48113346924440203, 0.15503933331134243, 0.1943733754094758], [0.15604054926265523, 0.46384915704857055, 0.13939246533907285, 0.24071782824970142], [0.22459460274763635, 0.1805763977070121, 0.08220770219269544, 0.5126212972526561], [0.2201527473087584, 0.14935982003268367, 0.4442061715247156, 0.18628126103384235], [0.22451285194633935, 0.13205688093941723, 0.11054082543164229, 0.5328894415826011], [0.19319517908548547, 0.10601235925091151, 0.3462463318955359, 0.3545461296680671], [0.20850768683255805, 0.4945177733403645, 0.17101348934847635, 0.12596105037860109], [0.19256047472159618, 0.4317520461898221, 0.09203762354442344, 0.2836498554441582], [0.4144775569024457, 0.28983089324913885, 0.14041551946189534, 0.15527603028652012], [0.39934418196475846, 0.2972870513095258, 0.19398001123485317, 0.10938875539086253], [0.4433362947456871, 0.13124484921439786, 0.20699707544768922, 0.21842178049222583], [0.38021508421992517, 0.12653178163890005, 0.25646016381292175, 0.236792970228253], [0.43434237390923947, 0.245834823487024, 0.18180880761453994, 0.13801399488919658], [0.3942331075274102, 0.23562242088345833, 0.12841200827268126, 0.24173246321645023]], "ideal": "B", "sampled": "D", "correct": false}}
{"type": "result", "data": {"idx": 8, "options": ["It is inherently nonassociative because some numbers have no exact representation.", "It is inherently nonassociative because there have to be upper and lower bounds on the size of numbers.", "Associativity can be achieved with appropriate roundoff conventions.", "Some rational numbers have no exact representation."], "probs": [[0.26584170454354705, 0.4596444871403104, 0.10272278349815293, 0.17179102471798963], [0.26285594111609595, 0.4725191785104604, 0.10641873388972484, 0.1582061463837188], [0.19500667145398265, 0.19414308954537238, 0.4642624923757744, 0.14658774652487058], [0.2706880053812184, 0.22438270520060663, 0.15101293177921224, 0.3539163575389627], [0.18870082776895877, 0.25068536771838434, 0.40858546504145105, 0.15202833937120577], [0.2638260502499579, 0.23454943995959826, 0.12882119799819428, 0.3728033116922495], [0.3726643621548875, 0.30173417922817314, 0.12598811088732642, 0.19961334762961294], [0.4129002514932987, 0.26432333181608947, 0.15206455145938122, 0.17071186513123068], [0.31333973066833243, 0.21378993348755557, 0.24678892649361453, 0.22608140925049744], [0.24750649358488985, 0.17945402037249142, 0.10917752641754058, 0.46386195952507814], [0.21291502356270076, 0.21521424282957602, 0.4228146482813149, 0.14905608522640834], [0.2560058572037195, 0.18869459908348757, 0.12504188901488106, 0.4302576545979119], [0.19378679411300914, 0.33045988286826844, 0.28579445818801447, 0.18995886473070797], [0.23944061992158205, 0.33010014888323447, 0.1885754912903084, 0.24188373980487504], [0.23739275333891635, 0.3099859058546978, 0.20702502129391848, 0.24559631941246735], [0.16111005120856545, 0.24003094849432013, 0.09580029117995831, 0.5030587090171561], [0.14652952370336353, 0.2334435045584204, 0.4450536767741346, 0.1749732948640815], [0.152455717309965, 0.226145908213889, 0.4052240252089588, 0.2161743491671872], [0.1365715712172312, 0.35849469896546277, 0.34341534968756704, 0.16151838002973898], [0.17700845265121115, 0.33359131710756756, 0.119214283204291, 0.3701859469369303], [0.14495907722454066, 0.2533504962667792, 0.43290090556584077, 0.16878952084283938], [0.1649138629271579, 0.2400868832824946, 0.10033822058627966, 0.49466103310406784], [0.14925697444376876, 0.1781474798739623, 0.4983906149365806, 0.17420493064568834], [0.133334647602378, 0.18888148100628668, 0.485510930802225, 0.1922729404891103]], "ideal": "C", "sampled": "A", "correct": false}}
{"type": "result", "data": {"idx": 9, "options": ["If the owner modifies the file, another user who does not share will see the changes.", "If the owner renames the file, other users will not be able to access it.", "If the owner is allowed to delete a file, dangling links may result.", "If any user who shares the file appends to it, others who share it will not be able to access the new disk blocks."], "probs": [[0.10516256681280879, 0.07482968903583492, 0.6910592809960707, 0.12894846305528548], [0.18484543399784326, 0.14157267018908645, 0.08432763131853793, 0.5892542643945323], [0.10587792842521467, 0.7161231040238467, 0.04056876152348142, 0.13743020592745722], [0.10987195649687037, 0.6867502970633008, 0.054031231810638326, 0.14934651452919048], [0.1774437602796101, 0.1505629740588749, 0.07376504053577798, 0.598228225025737], [0.14831210835474795, 0.09080032191557762, 0.6271927391385219, 0.1336948304911525], [0.10740630407605112, 0.05100531168520994, 0.7341591173731193, 0.10742926676561963], [0.20296675569670536, 0.10357320616321779, 0.09472713155774116, 0.5987329064823357], [0.1015739463519941, 0.6982263482012422, 0.04592383755114029, 0.15427586779562344], [0.11382369629339766, 0.6629611052184606, 0.06344796349653693, 0.15976723489160477], [0.18491510218402368, 0.12900651413373215, 0.053610247951887305, 0.6324681356303569], [0.1467189276048333, 0.08248459923256424, 0.6354286385990648, 0.13536783446353762], [0.5886020085692474, 0.09805735236192176, 0.05730954205904584, 0.2560310969097849], [0.6341611553344414, 0.09933195711179793, 0.09284242710012333, 0.17366446035363728], [0.5426059182807106, 0.11873994368371779, 0.051630364857393404, 0.2870237730781783], [0.5884148232595698, 0.12696027021093764, 0.10897881441092362, 0.17564609201856893], [0.6501141325771068, 0.10414825386698345, 0.05631066832164572, 0.18942694513426406], [0.6582645667628243, 0.10310382418076997, 0.07445240574721079, 0.16417920320919496], [0.20798758290081298, 0.06292588450654567, 0.04952000973683143, 0.6795665227558099], [0.16627753027024358, 0.0516724147100098, 0.6446773505263178, 0.13737270439342875], [0.23016894600620139, 0.10352185625131938, 0.03482283988766025, 0.631486357754819], [0.15606230030697707, 0.07275719723101468, 0.6104022678002584, 0.16077823456174978], [0.16697520573023597, 0.6358096839703148, 0.04055874940205372, 0.15665636079739548], [0.20431337487467288, 0.5778937123922637, 0.06125255445327692, 0.1565403581797865]], "ideal": "C", "sampled": "C", "correct": true}}
{"type": "result", "data": {"idx": 10, "options": ["None", "III only", "I and II only", "I, II, and III"], "probs": [[0.08454841374505467, 0.32779943939745687, 0.07736194132984925, 0.5102902054276391], [0.10040889308375717, 0.3874938035925341, 0.31701095089912346, 0.1950863523245853], [0.10822221958217282, 0.07806241744162093, 0.31023211208555534, 0.5034832507906509], [0.08148325628450152, 0.054429656662510525, 0.46255665272779695, 0.40153043422519097], [0.10924874326424622, 0.22340394720737242, 0.5702967685657917, 0.0970505408625897], [0.12191410906499886, 0.2075175735527291, 0.11233526969331413, 0.5582330475889579], [0.21520361462470294, 0.08360115500151424, 0.07395713085654747, 0.6272380994172353], [0.21626145974424427, 0.07668852003128963, 0.4839486145195062, 0.22310140560495986], [0.20359273328679645, 0.04691321792324595, 0.13185742545246298, 0.6176366232374946], [0.23769560350141877, 0.04807076280353918, 0.4654164597764995, 0.24881717381854257], [0.30325486801132595, 0.2601457497195667, 0.2302666569976218, 0.20633272517148554], [0.31125616560362324, 0.23712426068312564, 0.17119104903429908, 0.28042852457895207], [0.12309263255789481, 0.07022785277509429, 0.24231258708610223, 0.5643669274809087], [0.09038075399773125, 0.04778612936021275, 0.5255223873243647, 0.3363107292176913], [0.13108824387503454, 0.20813979516540457, 0.1008834108741044, 0.5598885499854565], [0.137669350560567, 0.18009775338464792, 0.46258278297975797, 0.21965011297502707], [0.11842557737663628, 0.34935296215962175, 0.10927205544028339, 0.42294940492345856], [0.12169145590450928, 0.3431851420887165, 0.3755028117297363, 0.15962059017703795], [0.2105520296836955, 0.0846472637511805, 0.5870371679015961, 0.11776353856352789], [0.21163043377667326, 0.08682850747432268, 0.10505127160690744, 0.5964897870420967], [0.16881049413138105, 0.5626861200953353, 0.19129025079079748, 0.07721313488248627], [0.16769280037671674, 0.5316845932573245, 0.09237796342575533, 0.20824464284020333], [0.21925116236554018, 0.06849016452611535, 0.13991488931910434, 0.5723437836892401], [0.20731390238291, 0.06437537578686393, 0.5297438304437008, 0.1985668912865253]], "ideal": "D", "sampled": "B", "correct": false}}
{"type": "result", "data": {"idx": 11, "options": ["n", "n + 1", "n + 2", "2n"], "probs": [[0.26942608931324646, 0.48120644437285776, 0.14466532093339002, 0.10470214528050574], [0.2259328218576534, 0.45681122023738746, 0.07646871870154234, 0.2407872391034168], [0.31768856772717896, 0.21172671403788965, 0.35082713916526215, 0.11975757896966925], [0.291383585561475, 0.1861990336530264, 0.08751556015583235, 0.43490182052966625], [0.2615536353641846, 0.12366575285800861, 0.407381340545606, 0.2073992711322008], [0.2911463547439439, 0.13104420313221168, 0.2117750698812841, 0.3660343721425603], [0.5419260262901067, 0.22550062832961515, 0.12596791981391078, 0.10660542546636735], [0.5204019599213291, 0.21135061262737753, 0.07220590850821249, 0.19604151884308094], [0.5328401684448669, 0.17535442818343538, 0.15404123867813543, 0.13776416459356228], [0.4396290745919222, 0.16245847817779363, 0.1052247352403623, 0.2926877118899219], [0.4923539894854391, 0.13971110278626445, 0.17044469272051888, 0.19749021490777752], [0.4457083476845264, 0.13567613468232395, 0.1996909290260338, 0.21892458850711582], [0.32592511173803734, 0.23111550507618503, 0.3435434996738213, 0.0994158834119563], [0.30856355676809843, 0.18075565789968112, 0.050411488292412134, 0.46026929693980834], [0.2735750899140099, 0.45878595888978113, 0.19796046744963647, 0.06967848364657246], [0.2746069923421794, 0.4183416662263195, 0.05681943177448202, 0.25023190955701907], [0.2648251255774494, 0.10515003258614643, 0.22527641706611443, 0.4047484246702897], [0.2346299956394049, 0.10091311039252586, 0.4381487201654475, 0.22630817370262174], [0.2165548567720717, 0.2657873709468703, 0.340427051165246, 0.17723072101581197], [0.23690659942483228, 0.297195906949187, 0.155884382770501, 0.3100131107554797], [0.1909761400184369, 0.48528753983163464, 0.17467267549269075, 0.14906364455723772], [0.21169817445545372, 0.4599747657315904, 0.13199575244060444, 0.19633130727235143], [0.22639117458013244, 0.22260243525059922, 0.19597938070783083, 0.3550270093614375], [0.23393337521995006, 0.22339253283933858, 0.3001633405287903, 0.24251075131192107]], "ideal": "A", "sampled": "B", "correct": false}}
{"type": "result", "data": {"idx": 12, "options": ["3", "8", "10", "13"], "probs": [[0.2602199873035208, 0.2998284354531683, 0.18214876676542838, 0.2578028103778825], [0.24742600687988936, 0.28517929141619036, 0.2370619808952672, 0.2303327207086531], [0.2555155455810616, 0.3013558089431768, 0.16278573869031018, 0.2803429066854514], [0.25799763968980144, 0.2839861298511395, 0.2738868079473912, 0.1841294224116679], [0.27952906967624563, 0.34043151073346045, 0.1726719731511083, 0.20736744633918558], [0.27411951265690426, 0.3392406009835869, 0.20443890715217086, 0.18220097910733798], [0.27869657509808016, 0.2900227692440037, 0.17205641184684892, 0.25922424371106717], [0.28506622571879364, 0.27885658448704637, 0.22632717887826637, 0.20975001081589367], [0.27705860548018363, 0.272931371198591, 0.1924091158973855, 0.2576009073238399], [0.2807535528855904, 0.26193311807874137, 0.2391763180255132, 0.218137010910155], [0.28742003866271965, 0.31120810373305713, 0.19656941585615667, 0.20480244164806657], [0.30284718399840155, 0.3227677402495629, 0.18847905183344899, 0.18590602381858656], [0.2808407800983567, 0.27669900240665823, 0.18318442725518708, 0.2592757901397979], [0.2861732244205404, 0.2778373658379237, 0.2516445517288333, 0.1843448579127026], [0.2944948672953796, 0.24989737567786824, 0.17750556765211792, 0.27810218927463426], [0.2937307953540803, 0.26345595714795556, 0.2368118166686711, 0.20600143072929306], [0.29504964631973574, 0.29549089951811425, 0.2164986793927023, 0.19296077466944772], [0.30998261627331686, 0.3077527765772613, 0.15975771304903533, 0.22250689400038656], [0.27087767947570335, 0.36821171400826486, 0.17672778490860647, 0.18418282150742527], [0.25616168591557803, 0.33489182089061675, 0.2305449361787424, 0.17840155691506282], [0.2597088178775952, 0.2724786955966462, 0.2410950326515288, 0.22671745377422975], [0.26163603042293015, 0.2577234621560698, 0.23169184764505454, 0.24894865967594554], [0.2551240102728592, 0.3156567309676874, 0.22953247215635444, 0.19968678650309887], [0.2647686302397127, 0.3273133635193622, 0.17678353188654222, 0.23113447425438288]], "ideal": "A", "sampled": "D", "correct": false}}
{"type": "result", "data": {"idx": 13, "options": ["Routing packets through the network", "Reliable delivery of packets between directly connected machines", "Reliable delivery of large (multi-packet) messages between machines that are not necessarily directly connected", "Dealing with differences among operating system architectures"], "probs": [[0.09252495110916568, 0.39279826593647266, 0.47358669767441997, 0.04109008517994167], [0.08578015831082016, 0.33880010117629655, 0.03819151580625507, 0.5372282246066282], [0.07863598023179669, 0.8625490939295113, 0.0193529010040741, 0.03946202473461796], [0.07635694812552139, 0.8651812156279702, 0.020980848192754836, 0.03748098795375357], [0.09468422577916645, 0.09825256978310097, 0.29563309301036395, 0.5114301113273686], [0.09274072475521382, 0.092758710457309, 0.7794454329261198, 0.035055131761357376], [0.16241133491476478, 0.08289740361208717, 0.7043696712467774, 0.050321590126370594], [0.19092208216263748, 0.10413049944242563, 0.04190224796823205, 0.6630451703267048], [0.24546682192065958, 0.6511811443576663, 0.0400623109880403, 0.06328972263363385], [0.19342993846415393, 0.6596420031751353, 0.043593709882993915, 0.10333434837771682], [0.19983953012197095, 0.11601801830839965, 0.05763326892835316, 0.6265091825412762], [0.16373823825477674, 0.08361240600125927, 0.6727990607661603, 0.07985029487780375], [0.894781170124297, 0.05222179752772647, 0.01581042709604908, 0.03718660515192741], [0.8905334241746523, 0.05661268398258146, 0.019900413515336043, 0.03295347822743014], [0.8705095051848607, 0.04419556632196022, 0.03303789347079823, 0.05225703492238088], [0.8651123255491534, 0.039385640080829745, 0.020426309228773025, 0.07507572504124387], [0.8646948546187962, 0.06089577551043047, 0.03609749140538692, 0.0383118783653864], [0.8733832566855231, 0.045723697623432084, 0.011857525079910159, 0.06903552051113471], [0.13746074557587692, 0.08131572282402708, 0.23848429073534275, 0.5427392407647532], [0.12395262446148296, 0.07887861230430435, 0.7564867710209796, 0.040681992113233076], [0.1428905395374487, 0.17441109921355394, 0.05389255909322939, 0.628805802055768], [0.15164245550574537, 0.1718241261383123, 0.6101790620508138, 0.06635435620512851], [0.1688956326408754, 0.7404210594316778, 0.03634325055542465, 0.05434005727202213], [0.15140324998701196, 0.7413464866732772, 0.028152127130704665, 0.07909813610900616]], "ideal": "C", "sampled": "C", "correct": true}}
{"type": "result", "data": {"idx": 14, "options": ["I only", "II only", "III only", "I and II only"], "probs": [[0.26127548835307574, 0.21161695366694036, 0.12868005950892364, 0.39842749837106023], [0.27867957531586646, 0.18598673958726414, 0.3131740046251464, 0.22215968037172304], [0.2753461938127633, 0.19388124633699852, 0.12945626867692922, 0.4013162910733089], [0.27969032106448277, 0.16467837742293603, 0.26862412288148957, 0.28700717853109164], [0.3061345264923586, 0.2974888428373997, 0.20346719327720625, 0.19290943729303545], [0.304755648798399, 0.28693302607846816, 0.1515471591932873, 0.25676416582984557], [0.2607825255599621, 0.17526088207762497, 0.1160983810367346, 0.4478582112256783], [0.27199803969530123, 0.14601230184727199, 0.35797475698065995, 0.22401490137676683], [0.26030877229948485, 0.20142281053436212, 0.1313467323648713, 0.4069216847012817], [0.24694969493511526, 0.17262129998332498, 0.22608403042928632, 0.35434497455227343], [0.29506156285228485, 0.3151956247252283, 0.20238142015074584, 0.187361392171741], [0.27005053569844456, 0.3067264968865787, 0.12415659143862542, 0.29906637587635126], [0.24273158969138034, 0.1937227128807107, 0.12636213191619708, 0.4371835654117119], [0.2432119624606357, 0.1756772197405489, 0.29809924068750454, 0.28301157701131086], [0.23975486693734177, 0.16501994183469754, 0.15301008292977636, 0.4422151081981843], [0.23389718823205252, 0.1466036605744689, 0.25052622698487914, 0.36897292410859944], [0.27459027016935256, 0.19664208270979952, 0.25373525937256586, 0.27503238764828203], [0.25329249717306623, 0.21540273402857368, 0.20802986309787738, 0.3232749056004827], [0.34427377578153634, 0.2705444693294824, 0.19548271594476904, 0.18969903884421216], [0.3598990004849696, 0.2719633104512813, 0.1359781981560895, 0.23215949080765957], [0.32356628772360957, 0.3047979771786114, 0.17406688628840233, 0.19756884870937672], [0.30206336217795016, 0.3051872712729887, 0.14443988450931053, 0.24830948193975058], [0.3555504626343173, 0.15419932968565608, 0.24780620262817737, 0.24244400495184928], [0.3394446822413217, 0.17628011893715503, 0.20062115193183883, 0.2836540467896844]], "ideal": "A", "sampled": "D", "correct": false}}
{"type": "result", "data": {"idx": 15, "options": ["a^M = a", "(ax)^M = (xa)^M", "(xy)^M = y^Mx^M", "None of the above"], "probs": [[0.24428523312406383, 0.2535407618489868, 0.1433986169969276, 0.3587753879300218], [0.23636556455020083, 0.2625581841635947, 0.2567509634014226, 0.24432528778478182], [0.2135360506926616, 0.2071226059121999, 0.2842581229483225, 0.295083220346816], [0.24626419334940267, 0.21932721645454273, 0.2247720409061828, 0.3096365491898718], [0.23303434597656844, 0.17961466578259008, 0.3531715028107376, 0.23417948533010383], [0.2154258010257557, 0.1604648506411655, 0.2827031868010703, 0.34140616143200847], [0.24353985848882034, 0.16814792405097936, 0.1497186146484892, 0.4385936027117111], [0.2588321152592698, 0.1756001483205128, 0.2952529059687238, 0.2703148303514936], [0.23613975505284307, 0.1557934502711123, 0.21718029156451527, 0.39088650301152933], [0.24568071201015546, 0.16421096514642133, 0.32310510641398865, 0.2670032163294346], [0.26161460896433153, 0.2903742958147592, 0.1817255683780276, 0.26628552674288164], [0.21512121488441083, 0.23755528458565384, 0.26208551543928127, 0.28523798499065406], [0.20535857667421228, 0.16027989743120197, 0.33868064968357237, 0.29568087611101335], [0.24231355296720866, 0.17079199085351618, 0.24322893125833459, 0.3436655248209406], [0.22573309461800667, 0.29464422775408955, 0.15784126048174835, 0.3217814170461554], [0.21485640106436793, 0.34294700619129126, 0.2549682557327887, 0.18722833691155213], [0.23815346187265804, 0.22985144419823825, 0.2298556165231856, 0.3021394773059181], [0.2012717752689449, 0.19829425521928443, 0.38475120750685254, 0.2156827619049181], [0.207913848854878, 0.218848455211219, 0.3094983742746914, 0.26373932155921154], [0.19481333178757568, 0.21470037740409262, 0.241688541796135, 0.34879774891219667], [0.23214861056424463, 0.3579395008343295, 0.15478792323746368, 0.2551239652639622], [0.2291145209607029, 0.25401237982970076, 0.13694107735189917, 0.3799320217576972], [0.21781667032000837, 0.3176513001885426, 0.13952313119474744, 0.3250088981967016], [0.218385719683215, 0.2176968539229833, 0.24153886013182013, 0.3223785661619816]], "ideal": "D", "sampled": "B", "correct": false}}
{"type": "result", "data": {"idx": 16, "options": ["The wait is expected to be short.", "A busy-wait loop is easier to code than an interrupt handler.", "There is no other work for the processor to do.", "The program executes on a time-sharing system."], "probs": [[0.1339987501293672, 0.14388133423214297, 0.057909543904352455, 0.6642103716341373], [0.13425988157628296, 0.20910397481472345, 0.5419592341530652, 0.11467690935592839], [0.13454220987193127, 0.15273377070190386, 0.14185082699652357, 0.5708731923296413], [0.1394707113364939, 0.21880076823430736, 0.511995911547006, 0.12973260878219275], [0.16092544021750047, 0.40588389657330287, 0.16447494167567867, 0.26871572143351796], [0.15714286351335421, 0.4024161336243544, 0.11650793701664368, 0.3239330657456477], [0.21488814743366155, 0.11408904513734204, 0.05579685956438489, 0.6152259477646115], [0.22184496124053507, 0.19966853260479048, 0.4707875934910449, 0.10769891256362955], [0.290112964043288, 0.12760824914552094, 0.04677237918299454, 0.5355064075281964], [0.2538005747213565, 0.22145273119161407, 0.44331169784570756, 0.08143499614132188], [0.5083634663474524, 0.2594932518828726, 0.06044328732022872, 0.17169999434944622], [0.4946982749496806, 0.2929578059702707, 0.07916483850362116, 0.1331790804764275], [0.15785010392652138, 0.13198749916407088, 0.11513076893028824, 0.5950316278791195], [0.15664502860048798, 0.17558154331193745, 0.548907633451559, 0.1188657945360155], [0.18622749453767545, 0.1906034293499891, 0.046926184031295504, 0.57624289198104], [0.1843002765881267, 0.2571895669401618, 0.46165166791733725, 0.0968584884543742], [0.23780239850360657, 0.41156583560353, 0.048959966196886605, 0.30167179959597684], [0.23262928874121583, 0.4462788501108963, 0.14762460524045665, 0.17346725580743125], [0.4329155151547531, 0.19365242410231895, 0.15359974134816157, 0.21983231929476632], [0.441200401810419, 0.17955208893125357, 0.08705851953699943, 0.292188989621328], [0.4505545727375419, 0.2909932688929723, 0.07612693195584698, 0.18232522631363884], [0.42181534665410525, 0.285599904377515, 0.12712157693180695, 0.16546317193657278], [0.40535343857436484, 0.1811948337435651, 0.05764572064095712, 0.355806006941113], [0.33247508101454437, 0.2740697684939214, 0.2544855588935145, 0.13896959149801977]], "ideal": "D", "sampled": "D", "correct": true}}
