{"type": "result", "data": {"idx": 0, "options": ["k = 0 and n = 1", "k = 1 and n = 0", "k = n = 1", "k > 1"], "probs": [[0.24224776568630266, 0.3169636796909334, 0.34340406228306214, 0.09738449223970178], [0.2548031229628862, 0.3571952905684791, 0.11602636511973355, 0.2719752212489011], [0.2762417114624791, 0.373041618636449, 0.22289124954822218, 0.1278254202528497], [0.2993905797392166, 0.36198239975554314, 0.13860316366652678, 0.20002385673871348], [0.28847707174745507, 0.15345113435197585, 0.23263489400906268, 0.32543689979150636], [0.298495863325785, 0.1665094966499816, 0.33234313622285155, 0.20265150370138188], [0.24380368900109953, 0.2974165192476715, 0.3376986807879872, 0.12108111086324179], [0.2564144951917267, 0.31977363464693376, 0.1499775901293507, 0.27383427993198883], [0.23865033260508542, 0.40741579561700325, 0.21650582027531437, 0.13742805140259698], [0.2511824704631688, 0.37516204077965576, 0.16148571909073006, 0.21216976956644537], [0.25824851564711265, 0.19382584670709, 0.2655086894219455, 0.2824169481238518], [0.2598661288458917, 0.19812236738292258, 0.34065983138106337, 0.20135167229012235], [0.3053160723550136, 0.3037410793155031, 0.2405801122794307, 0.15036273595005256], [0.3052199184589342, 0.2985518872439333, 0.1758141368451734, 0.22041405735195915], [0.29753298771189657, 0.34880293313335614, 0.2117103807887094, 0.14195369826603788], [0.29846745281710574, 0.30600288051282715, 0.18007577685588233, 0.21545388971418475], [0.30623794753839195, 0.18606545410289643, 0.29330648220786043, 0.21439011605085118], [0.3101622395028134, 0.17163929130203434, 0.3188971220306386, 0.19930134706451366], [0.20175226030716395, 0.24393726882879382, 0.28596898910523794, 0.2683414816588043], [0.2036163657700055, 0.25813513991635567, 0.34318393465424973, 0.19506455955938912], [0.2070435645088208, 0.26632199482406277, 0.24699494976300515, 0.27963949080411127], [0.1971047908733438, 0.28302436220723287, 0.34801768215938106, 0.17185316466004227], [0.2142183035397888, 0.3379374742169997, 0.23623922464869357, 0.21160499749451792], [0.2016279339103554, 0.29905070960360297, 0.3091258314203296, 0.19019552496571196]], "ideal": "B", "sampled": "C", "correct": false}}
{"type": "result", "data": {"idx": 1, "options": ["0", "1", "2", "3"], "probs": [[0.19034733727223593, 0.26540459386159004, 0.2787021224831943, 0.2655459462829797], [0.1869773659823907, 0.2128394927515488, 0.31328575866410224, 0.2868973825019583], [0.2042095870829932, 0.24200189832418784, 0.33166740329726074, 0.2221211111955582], [0.1979818373419822, 0.24385168019257814, 0.2706510166650222, 0.28751546570041747], [0.19891665569442088, 0.26922328882048174, 0.3155330607297232, 0.21632699465537417], [0.2035772560224242, 0.26698537464815625, 0.2938734161318481, 0.2355639530975714], [0.26048301483397013, 0.1783540168962037, 0.3190327143782506, 0.24213025379157557], [0.2487403974063685, 0.1663840661364091, 0.32465883118664607, 0.2602167051705763], [0.2850120790768199, 0.2504576258315457, 0.19366335242525345, 0.27086694256638094], [0.28451663676809186, 0.24046126363944345, 0.27742377334180496, 0.19759832615065973], [0.26558975965643966, 0.3141854592358079, 0.14725575727276224, 0.2729690237349902], [0.26685154435350283, 0.2788995206077149, 0.3217587470686542, 0.13249018787012806], [0.26585960385525, 0.18219903109635835, 0.3233125805531485, 0.2286287843952432], [0.26390605148314256, 0.1836044477938129, 0.2742540444348713, 0.2782354561881732], [0.28960141752447527, 0.34833845752226666, 0.12496564629143764, 0.23709447856182048], [0.28496535760398084, 0.34825672658010476, 0.21973817883504934, 0.14703973688086508], [0.2898569063573762, 0.2567749282941503, 0.18215979362454643, 0.271208371623927], [0.278347176807725, 0.22289125125375325, 0.3517334618097535, 0.1470281100287682], [0.27531240316615097, 0.19751565174901836, 0.2905265770169709, 0.23664536796785982], [0.2760652981739931, 0.19960192438757932, 0.2715634188250364, 0.25276935851339116], [0.29210807782068104, 0.3484162558111724, 0.11839177017250747, 0.24108389609563907], [0.28789243957181077, 0.351833890397946, 0.2185535495823683, 0.14172012034787496], [0.2982687607367276, 0.2661353607785498, 0.13376490571107585, 0.3018309726736467], [0.30255599003651173, 0.2743899658411553, 0.2502966075708547, 0.17275743645147829]], "ideal": "D", "sampled": "B", "correct": false}}
{"type": "result", "data": {"idx": 2, "options": ["n = 1 and r = 6", "n = 1 and r = 7", "n = 2 and r = 5", "n = 2 and r = 6"], "probs": [[0.2813357366044284, 0.3197705733251198, 0.18552602994309567, 0.21336766002735605], [0.29062988052010497, 0.32016362305522783, 0.1946967007905738, 0.1945097955340934], [0.28872273229819356, 0.26577446654089315, 0.22455090951315884, 0.2209518915477544], [0.2816112595274877, 0.30316933534735635, 0.23680081608310402, 0.1784185889420519], [0.3029467165167177, 0.26814347502888025, 0.21949900684545884, 0.20941080150894326], [0.27896090923498595, 0.3196847688879052, 0.2101605950061834, 0.19119372677092542], [0.27606837704691595, 0.29480089416532135, 0.2147411160817079, 0.2143896126060548], [0.276457433024081, 0.29517409642328646, 0.2235722276877144, 0.20479624276491817], [0.292192122543676, 0.27749948863891893, 0.20845159264948845, 0.22185679606791664], [0.28743275568840376, 0.3242371033666578, 0.20189597899837972, 0.18643416184655875], [0.29253128168041787, 0.2631036042904011, 0.2499258815992292, 0.19443923232995183], [0.2859424309751189, 0.32784372076326845, 0.2172871497460404, 0.16892669841557226], [0.2505895830528126, 0.33354786532088315, 0.22100410192491066, 0.1948584496013936], [0.2634901882374463, 0.3316477090542201, 0.2080642934800807, 0.19679780912825293], [0.2497031986463706, 0.3400280475276427, 0.198761150221022, 0.21150760350496464], [0.2725098728861096, 0.3402565121310439, 0.16881150005559808, 0.21842211482724835], [0.2773162855040106, 0.25118289878342664, 0.2405626332183939, 0.23093818239416883], [0.2747548572663517, 0.23570060110411992, 0.2745112233026392, 0.21503331822688918], [0.2590898755340524, 0.3586597877981322, 0.20464090086078607, 0.17760943570702933], [0.2859022404236469, 0.3515116974810427, 0.1490909650501817, 0.21349509694512864], [0.2571930105962312, 0.3672479852926641, 0.20471642334424617, 0.1708425806668585], [0.2694349724121684, 0.363908358542985, 0.14385291075144674, 0.22280375819339984], [0.289482866041961, 0.2444042599613084, 0.23962714132694946, 0.22648573256978113], [0.2866269093500826, 0.23834908855417275, 0.2507430984654829, 0.22428090353026173]], "ideal": "D", "sampled": "B", "correct": false}}
{"type": "result", "data": {"idx": 3, "options": ["4", "8", "16", "2sqrt(2)"], "probs": [[0.30030089613772504, 0.2498022913682998, 0.15510576961873626, 0.29479104277523893], [0.2598436695124042, 0.19879887403649293, 0.4301608970283187, 0.11119655932278415], [0.3050933616345024, 0.1637893690208932, 0.19941675062346442, 0.33170051862114], [0.28496190902721363, 0.16296449301997368, 0.325789362159575, 0.22628423569323766], [0.26736733115497324, 0.4951668344303008, 0.08856102012284349, 0.14890481419188245], [0.2580031415859674, 0.5206131857021605, 0.05065201146912677, 0.1707316611427453], [0.275235704298042, 0.2963872165268145, 0.09455761030689201, 0.3338194687682515], [0.22497040683126796, 0.26692669586676276, 0.40630541714295426, 0.10179748005901498], [0.27010390159766917, 0.173721671087059, 0.25746703145313515, 0.29870739576213673], [0.254950631163078, 0.17044404875522887, 0.3224910949224608, 0.2521142250592323], [0.2508748805849588, 0.4233220671699146, 0.17916622377386793, 0.14663682837125866], [0.24014003810134998, 0.48435757013407404, 0.05293283334940459, 0.2225695583151714], [0.2687649766648013, 0.2477915025670618, 0.1771280940762074, 0.30631542659192945], [0.24742624913881797, 0.24505182367938516, 0.3285988172977742, 0.17892310978402268], [0.28016755399536164, 0.2388263827148623, 0.20134502947321276, 0.2796610337165633], [0.24893648542670715, 0.20906626620584395, 0.33308063443014974, 0.20891661383729915], [0.24713150786176355, 0.33994325485490895, 0.23588442448575173, 0.1770408126975758], [0.27047282454646954, 0.4146016537728556, 0.1387880742411108, 0.176137447339564], [0.3950600027642965, 0.2705023586479528, 0.15649504958018332, 0.17794258890756737], [0.41137635618981, 0.275091806392295, 0.08638062428708655, 0.2271512130308084], [0.39054163052147645, 0.18521180084932545, 0.26391575917566074, 0.16033080935353736], [0.41338917300896655, 0.19256560359038283, 0.09370904345090103, 0.30033617984974964], [0.35712719492212763, 0.17346526939125603, 0.27796584779173805, 0.19144168779487825], [0.4142771250017167, 0.18875230200574117, 0.18028935104099142, 0.21668122185155067]], "ideal": "A", "sampled": "D", "correct": false}}
{"type": "result", "data": {"idx": 4, "options": ["2/69", "1/30", "2/23", "12/125"], "probs": [[0.1775979425967649, 0.3575925283907766, 0.23154372319564015, 0.23326580571681835], [0.16649397708264865, 0.3654513278507115, 0.2992686807374115, 0.1687860142292284], [0.1890199325059529, 0.23235854745258994, 0.3453183431070197, 0.23330317683443744], [0.17800247667439945, 0.225670963503205, 0.37157428260902176, 0.22475227711337378], [0.17069065314775497, 0.3279093156738597, 0.32430815210216424, 0.17709187897622106], [0.1776966978892325, 0.36328785251715145, 0.2467902114795812, 0.21222523801403484], [0.1761477685946577, 0.31260391135058296, 0.272649667454823, 0.2385986524999363], [0.1739720384581787, 0.29237981825973036, 0.3743779937830204, 0.1592701493990705], [0.18479732891861375, 0.2511554620736698, 0.2501584551954681, 0.31388875371224845], [0.17618596289503088, 0.221564408793281, 0.42645584897223493, 0.17579377923945322], [0.17006322993221812, 0.3669363314580003, 0.2631889024588864, 0.19981153605089522], [0.16695262241254713, 0.3805901351102556, 0.2667037804649234, 0.18575346191227388], [0.19109583183844997, 0.22763173619067856, 0.35456088710101646, 0.22671154476985497], [0.1814067945751037, 0.2264395822685704, 0.3786557300498714, 0.21349789300645447], [0.2028884619701937, 0.27807468587470885, 0.2122491480532999, 0.30678770400179756], [0.18980032562501684, 0.2623915217619096, 0.3779224229719358, 0.1698857295411378], [0.19008085770132863, 0.39141933356397196, 0.18981056555054346, 0.22868924308415597], [0.18491077972323663, 0.38111622273437407, 0.27121118516627407, 0.16276181227611525], [0.20666596857629987, 0.23133016086305808, 0.3573534030547981, 0.20465046740584392], [0.19971641001243212, 0.2473128064418722, 0.3536439046996019, 0.19932687874609378], [0.22274304924167987, 0.28674969074242795, 0.23670376834886533, 0.25380349156702686], [0.22193868786766055, 0.2925192757033737, 0.27596563509276006, 0.20957640123620566], [0.23992454645731073, 0.2441609018176878, 0.2550351879485443, 0.2608793636764572], [0.24154449586588905, 0.2365144596689367, 0.3328325896898533, 0.18910845467532097]], "ideal": "C", "sampled": "D", "correct": false}}
{"type": "result", "data": {"idx": 5, "options": ["(S, +, x) is closed under addition modulo 10.", "(S, +, x) is closed under multiplication modulo 10.", "(S, +, x) has an identity under addition modulo 10.", "(S, +, x) has no identity under multiplication modulo 10."], "probs": [[0.2504045143593638, 0.20803762100158818, 0.13836819344472606, 0.4031896710943219], [0.2646213550488184, 0.24616495505985506, 0.3159802947914612, 0.1732333949998653], [0.2368136565690947, 0.15819029979883137, 0.15913945909158814, 0.44585658444048576], [0.21689812962763114, 0.15618461042456203, 0.46699578064449054, 0.15992147920331629], [0.23620110830084157, 0.43766692647926747, 0.1615362666960192, 0.16459569842387176], [0.22896831884227842, 0.4482057921407573, 0.1391785719973954, 0.18364731691956887], [0.2873907813466146, 0.17886049353154254, 0.13477965300432546, 0.39896907201751736], [0.3217542911038342, 0.19301796820400033, 0.3107163746664515, 0.17451136592571395], [0.29639152019712073, 0.19931089584227013, 0.12958819004299058, 0.3747093938176186], [0.2826449614874745, 0.2000679254341914, 0.37186399652612895, 0.14542311645220515], [0.27539077398407286, 0.4322494267985109, 0.13224127887357093, 0.16011852024384532], [0.27456843031973455, 0.4279012254078083, 0.1415485995404852, 0.15598174463197195], [0.2506308033999749, 0.15468663436673857, 0.14744732221819673, 0.44723523991508984], [0.23854729107083394, 0.14693047761627137, 0.4530846976669653, 0.16143753354592938], [0.2789033907536405, 0.20299391143983334, 0.17633807394621584, 0.3417646237603103], [0.257840476670693, 0.2006544261775103, 0.38759015831677035, 0.15391493873502637], [0.202546975072245, 0.529053584554147, 0.0981310039103547, 0.1702684363632533], [0.20068882702800672, 0.537036367258912, 0.12885269713383884, 0.13342210847924243], [0.399079441984323, 0.19511617718175944, 0.205789014676496, 0.20001536605742157], [0.45063803938406555, 0.1754387222185745, 0.14282685942493714, 0.23109637887242282], [0.40450129478097346, 0.22399176809981083, 0.1609229945425404, 0.21058394247667528], [0.41642256946538186, 0.21827780872966876, 0.16953167064980598, 0.19576795105514336], [0.4532767337094726, 0.18051027163198624, 0.12278986995459759, 0.24342312460394355], [0.4187597916035472, 0.2126963724954539, 0.17462760397330038, 0.19391623182769852]], "ideal": "D", "sampled": "D", "correct": true}}
{"type": "result", "data": {"idx": 6, "options": ["12*sqrt(2)", "6*sqrt(2)", "4*sqrt(2)", "1/(2*sqrt(2))"], "probs": [[0.27934476730414254, 0.328030765023807, 0.22369754312185633, 0.1689269244501941], [0.2750691812220696, 0.32560649996133734, 0.1767551031048435, 0.22256921561174958], [0.2802909272585522, 0.3266824136842081, 0.2207319852379964, 0.17229467371924334], [0.2639351149543173, 0.3301508973186239, 0.1907853157510511, 0.21512867187600768], [0.2977934390666286, 0.24367689357714242, 0.2557524068173596, 0.20277726043886934], [0.2848722721313357, 0.24822475753402273, 0.25043425707799016, 0.2164687131566514], [0.3122977772505712, 0.2519669121862701, 0.25817321574312124, 0.17756209472003753], [0.2828981451601843, 0.25225673975850516, 0.13912800821188545, 0.3257171067694251], [0.3310894766443528, 0.32733313221439075, 0.1592283296195879, 0.1823490614216685], [0.29803267118334675, 0.3164905905407081, 0.2406098395345404, 0.14486689864140473], [0.2863146449730972, 0.32304603820926175, 0.13438001674202418, 0.2562592999756168], [0.31045915543665237, 0.3068680647822157, 0.1903279984002519, 0.19234478128087998], [0.31670886274985377, 0.21333570776236546, 0.2854937314701689, 0.18446169791761188], [0.30329823490924535, 0.21384027598149988, 0.1600230336029247, 0.32283845540633005], [0.33695461872982724, 0.2694974742185891, 0.20663090097558243, 0.1869170059760012], [0.32926090076577164, 0.24931723252497856, 0.23426369273121364, 0.18715817387803615], [0.3032007144982938, 0.32142474658737613, 0.11429753259898164, 0.26107700621534846], [0.32398825397845354, 0.3357464322745861, 0.16322274261239003, 0.17704257103457027], [0.3747950493914603, 0.16914825139738418, 0.24634328482071785, 0.20971341429043766], [0.36216025461627654, 0.16606045762843893, 0.2593187016192427, 0.21246058603604182], [0.37651514442202605, 0.1984791725902089, 0.15690062704751537, 0.2681050558402497], [0.3962344110738053, 0.2041821418742161, 0.23514225375857173, 0.16444119319340686], [0.35029119249655655, 0.22636124489427978, 0.15544077752466284, 0.2679067849845008], [0.3734382334955881, 0.2286582852871301, 0.19245093772199073, 0.2054525433952911]], "ideal": "C", "sampled": "C", "correct": true}}
{"type": "result", "data": {"idx": 7, "options": ["0", "10%", "25%", "50%"], "probs": [[0.1460441946837293, 0.16825282572017422, 0.3578318655133043, 0.3278711139827921], [0.15864051876865895, 0.17583258448272954, 0.41111400719346197, 0.2544128894551495], [0.1647522275767049, 0.3204275321576314, 0.19640797081997927, 0.3184122693456844], [0.14357941485522382, 0.2565057124533619, 0.44896465839636945, 0.15095021419504484], [0.1650012233689068, 0.36363115090257403, 0.19668738224252436, 0.27468024338599484], [0.15912332350465822, 0.33740325286903206, 0.3256528820808713, 0.17782054144543843], [0.1701202294096172, 0.15750824382840795, 0.3654583801100285, 0.3069131465519463], [0.18064402849554723, 0.172586120912435, 0.41028382223990706, 0.23648602825211068], [0.1809997761366499, 0.34127236426255836, 0.20109831394027292, 0.27662954556051883], [0.16757886859196428, 0.26410670266371544, 0.39229192099337484, 0.17602250765094543], [0.17729672090262688, 0.4066265704803301, 0.1879798853796444, 0.22809682313739862], [0.1877766614468376, 0.3830269105486396, 0.25390003974133707, 0.17529638816318574], [0.2625492019279607, 0.19054435262083286, 0.17266112767958122, 0.3742453176716252], [0.20732375668413813, 0.1604843264585537, 0.48591228590647595, 0.1462796308508322], [0.24005491969896403, 0.203731951319584, 0.21420338534379074, 0.3420097435376612], [0.23766992629669753, 0.1987450391042412, 0.35337563819070006, 0.21020939630836116], [0.2077282641756388, 0.48033162829433473, 0.16095801655578457, 0.1509820908742419], [0.22219495638801232, 0.4675801117202889, 0.14497611551169484, 0.16524881628000393], [0.29412748091882024, 0.20195285071113953, 0.18023504999407103, 0.3236846182759692], [0.25728625056554943, 0.17968045173278727, 0.3886108696072113, 0.17442242799445198], [0.27322587775278523, 0.22472250794193777, 0.23268936918866362, 0.2693622450166134], [0.2697941104767256, 0.22364232275100773, 0.29294228987360577, 0.2136212767986609], [0.26144544709419726, 0.37772870788798146, 0.20096740416857173, 0.15985844074924954], [0.26123101295097073, 0.3408222299718446, 0.2155581627736947, 0.18238859420349002]], "ideal": "C", "sampled": "D", "correct": false}}
{"type": "result", "data": {"idx": 8, "options": ["None", "I only", "II only", "III only"], "probs": [[0.1852219485405511, 0.19880523674311565, 0.22476969171763467, 0.3912031228986986], [0.18002171663791652, 0.2076110845306839, 0.35285448673225145, 0.2595127119991481], [0.19342966326848018, 0.2604469552708707, 0.17703890627632204, 0.369084475084327], [0.1847129463964762, 0.29822316762802986, 0.339929610456806, 0.17713427541868793], [0.19780721668985643, 0.3561102641431936, 0.16758027171663709, 0.27850224735031287], [0.19798218611936258, 0.3825775270503389, 0.20081178243501202, 0.21862850429528655], [0.21081528065480654, 0.19507420061068056, 0.17176821826170807, 0.42234230037280485], [0.21220323666577012, 0.1907390987241801, 0.4009026347651936, 0.19615502974485616], [0.2047557505614893, 0.15840380836355988, 0.26925106458659986, 0.36758937638835093], [0.21682608125425734, 0.19312018154120433, 0.29193490740717737, 0.298118829697361], [0.2097685305598935, 0.3212026011443413, 0.24932549519838854, 0.21970337299737666], [0.20989246112508803, 0.33645735691657874, 0.14621200319610234, 0.3074381786622309], [0.2812996762515985, 0.22787823931265616, 0.1304009686220277, 0.3604211157137176], [0.28996690672765907, 0.2503992281544264, 0.31875550268747455, 0.14087836233043996], [0.25978476851184323, 0.13488027937253472, 0.2307883030848159, 0.37454664893080614], [0.27041035081989473, 0.15183850668823742, 0.2598067742383915, 0.3179443681534763], [0.2970288903109564, 0.2647982756588819, 0.27467610610730153, 0.16349672782286012], [0.26801600051166674, 0.24800237086906668, 0.12418094558588075, 0.35980068293338585], [0.3564172578569294, 0.25480755401663346, 0.1306915840169754, 0.25808360400946173], [0.36993679176571004, 0.2646111446809761, 0.1649808410375869, 0.20047122241572696], [0.33448588844769156, 0.1407055556633434, 0.2707154154506811, 0.2540931403382839], [0.3364900550797891, 0.14470366504555301, 0.15840888965982935, 0.3603973901148286], [0.3303825111185805, 0.17430420929070764, 0.32035832161866346, 0.17495495787204837], [0.31373728896204645, 0.15889131310969232, 0.12525139187880271, 0.40212000594945846]], "ideal": "C", "sampled": "D", "correct": false}}
{"type": "result", "data": {"idx": 9, "options": ["Every compact space is complete", "Every complete space is compact", "Neither (a) nor (b).", " Both (a) and (b)."], "probs": [[0.2394968008680577, 0.13311729032134942, 0.3781875427909131, 0.24919836591967975], [0.18500388355952752, 0.08797524451237498, 0.1340799828514481, 0.5929408889766494], [0.29909998175491054, 0.19914689658080859, 0.1977580189507137, 0.30399510261356716], [0.2760848916467643, 0.22540164809948293, 0.25832953276645115, 0.2401839273873016], [0.3035431115459909, 0.2032003639971557, 0.20208656183586562, 0.29116996252098776], [0.311763763396558, 0.22366476056723314, 0.20183396337398163, 0.2627375125622272], [0.22406533512823257, 0.14224279567709927, 0.3650932392057321, 0.26859862988893607], [0.18075517500223887, 0.09437952512842497, 0.15925640644374534, 0.5656088933255908], [0.2798005300510192, 0.23203716824063148, 0.18509730419010711, 0.3030649974182422], [0.2732052166009148, 0.2392361426228042, 0.24216137463172538, 0.2453972660445556], [0.2928367256825388, 0.20732508597684898, 0.19812513885900981, 0.30171304938160237], [0.2948552790075562, 0.22391425226390851, 0.2165000309429611, 0.2647304376855742], [0.3204615914363598, 0.21210502943942738, 0.14758553659675266, 0.3198478424274601], [0.3014444916708478, 0.22861839147253313, 0.2546720130584672, 0.2152651036981519], [0.3281049327584782, 0.2090398346596434, 0.14762871845847597, 0.3152265140234024], [0.3080766888571666, 0.22134465636616787, 0.2503678575017381, 0.22021079717492736], [0.2718718809733245, 0.34917902044017285, 0.18681713560245683, 0.19213196288404577], [0.2781921583405275, 0.35443826978181503, 0.17533869778341984, 0.1920308739942376], [0.32607354738808664, 0.2056023566039728, 0.1510654195674565, 0.31725867634048405], [0.329819510242725, 0.21967466828040966, 0.22465357851683396, 0.2258522428600314], [0.3313056279582124, 0.20578110522628026, 0.1453204325488985, 0.31759283416660883], [0.3449445222693486, 0.21758038776041577, 0.21896980189442522, 0.21850528797581045], [0.31329617367973445, 0.27624956182235005, 0.19264246808513502, 0.21781179631278047], [0.31900605556159, 0.28794652220707573, 0.18140403924558487, 0.2116433828857494]], "ideal": "A", "sampled": "C", "correct": false}}
{"type": "result", "data": {"idx": 10, "options": ["10", "20", "25", "45"], "probs": [[0.07633952795695803, 0.11692373453401533, 0.42415317888786724, 0.3825835585211594], [0.08234445741048664, 0.09759873278345797, 0.6637753841012386, 0.15628142560481678], [0.09254294908739408, 0.3887755092224775, 0.07608682143186081, 0.44259472015826756], [0.0880293276230678, 0.4135917548001996, 0.4125614586823324, 0.08581745879440018], [0.082348098378646, 0.6480164334121103, 0.09701197304315891, 0.17262349506608476], [0.08542372794630591, 0.6272182241777138, 0.15844366897212533, 0.12891437880385495], [0.14395275281561082, 0.10101037915500063, 0.3867349508991057, 0.3683019170302828], [0.13174714244886385, 0.09692198854402545, 0.4808920955243533, 0.29043877338275736], [0.13864002456709296, 0.20394082090846688, 0.08598837768102366, 0.5714307767434165], [0.15369104192425886, 0.2211177333135521, 0.4754288139889446, 0.14976241067324442], [0.1297951201204437, 0.550327066652035, 0.09417054871400157, 0.22570726441351974], [0.1469674371151701, 0.6043824979468111, 0.1563687573345928, 0.09228130750342603], [0.2266287010664526, 0.1315217672837179, 0.14254527429758337, 0.4993042572522461], [0.19022588644485067, 0.11876749939842846, 0.4771847106436859, 0.21382190341303497], [0.209618083753408, 0.13673868264609063, 0.10931551793184283, 0.5443277155686586], [0.2286392530975807, 0.1505671843566774, 0.47818072200461537, 0.14261284044112654], [0.23207902560179708, 0.41887086001512625, 0.12999100788141246, 0.2190591064016642], [0.276806052347069, 0.44773971362792786, 0.13146485191066418, 0.143989382014339], [0.280781456227282, 0.1816804313978795, 0.20204686228540258, 0.3354912499894359], [0.22350548538573928, 0.15664762490386339, 0.4000721633044977, 0.21977472630589967], [0.2734919271640253, 0.20355722912771118, 0.14380631277930078, 0.3791445308289627], [0.36174549570800923, 0.20656467356509597, 0.20095881218811518, 0.2307310184387796], [0.2549753004791556, 0.34430627570462563, 0.13211314969439586, 0.2686052740218228], [0.26249024660481074, 0.3103378461041332, 0.18883228581495662, 0.23833962137609946]], "ideal": "D", "sampled": "D", "correct": true}}
{"type": "result", "data": {"idx": 11, "options": ["1/64", "15/64", "1/4", "3/8"], "probs": [[0.2658761520679003, 0.23787098339417043, 0.27535096628746514, 0.22090189815046413], [0.2298974990614829, 0.22229942677182218, 0.2943733930293395, 0.2534296810373554], [0.25307407595556336, 0.18204442883631425, 0.3205687653613081, 0.2443127297468143], [0.284441441269087, 0.21589104829059808, 0.25170153376923293, 0.247965976571082], [0.25793898103041946, 0.18231698868835705, 0.27773073312843116, 0.2820132970527923], [0.26913243930528047, 0.17377810437399, 0.3086556241897385, 0.24843383203099104], [0.33608342691502424, 0.2045877931246706, 0.24423064687354945, 0.2150981329867557], [0.316047012774334, 0.18350033460212573, 0.24845875797171327, 0.25199389455182697], [0.34045139902695526, 0.2705294328341898, 0.1968711348055941, 0.19214803323326085], [0.3228975476670386, 0.2649085122758864, 0.24219659282799974, 0.16999734712907527], [0.3111345376915177, 0.28047143574319655, 0.15400570170514408, 0.25438832476014167], [0.29749089919767485, 0.25003680956898394, 0.2676628867665921, 0.18480940436674906], [0.2305064751203734, 0.22031381218825186, 0.34970171819267193, 0.1994779943987028], [0.2611578560304466, 0.2470152376056203, 0.21490651157772292, 0.2769203946862101], [0.26046282050389147, 0.37911185618424154, 0.1937469392821161, 0.16667838392975093], [0.2286298789937116, 0.34110362350818724, 0.28600896254328717, 0.14425753485481402], [0.24700720219856453, 0.20472019333819635, 0.29410473824054767, 0.25416786612269143], [0.22337124082255694, 0.20142995119211343, 0.4166929187461218, 0.15850588913920782], [0.29010278848199145, 0.20357259222535837, 0.2412190657976171, 0.26510555339503306], [0.3011952458798547, 0.19301405886781914, 0.28599108538205037, 0.21979960977027582], [0.2907331542270745, 0.30430095931376383, 0.17649382088067753, 0.2284720654784841], [0.26718058781365145, 0.2866817371755, 0.27062004398649714, 0.17551763092435135], [0.2862387129186872, 0.22823857789015844, 0.23378638475820782, 0.2517363243329465], [0.28501278583854583, 0.21984641579346434, 0.31934419746996634, 0.17579660079802348]], "ideal": "B", "sampled": "B", "correct": true}}
{"type": "result", "data": {"idx": 12, "options": ["0", "1", "2", "3"], "probs": [[0.3629438388862014, 0.2329426029968553, 0.19191063020428076, 0.2122029278126625], [0.3147989353877936, 0.20221445866355803, 0.21901267253709208, 0.2639739333115563], [0.34572431956833904, 0.24800810584938157, 0.2424922472367422, 0.16377532724553717], [0.33123462895367284, 0.24299235277439585, 0.1545270360177152, 0.27124598215421614], [0.34685639973138405, 0.27976624904310365, 0.22144867977750068, 0.15192867134801163], [0.3776648583978515, 0.2974863603788203, 0.17078102868903994, 0.15406775243428822], [0.2594737564944286, 0.44372814553878864, 0.13522719651462572, 0.16157090135215701], [0.26225649135515916, 0.421283315618677, 0.14664378105229955, 0.16981641187386431], [0.249690636949046, 0.15709775130952508, 0.4287935452505439, 0.16441806639088502], [0.266216103202545, 0.1542395823181346, 0.15579164258757447, 0.42375267179174597], [0.26871173593037406, 0.21694956843989965, 0.36184215257737756, 0.1524965429523487], [0.30234025554284844, 0.2474901565293767, 0.21379274662117692, 0.23637684120659797], [0.24980985742439518, 0.4344160154511441, 0.1487667328909314, 0.16700739413352927], [0.24870267507927096, 0.43912839885135085, 0.12961266933575546, 0.18255625663362274], [0.2785495477852395, 0.2628785332345563, 0.2678317685480541, 0.19074015033215008], [0.28154078962195206, 0.28684068578118704, 0.14217156594081273, 0.28944695855604813], [0.2565665061470528, 0.1704395042385863, 0.4105204526902199, 0.16247353682414098], [0.2819033990874079, 0.18545426811186022, 0.2707342343814104, 0.26190809831932144], [0.2445766816232894, 0.4596901628053871, 0.14451117166126798, 0.15122198381005547], [0.24694989049013663, 0.46766878911902754, 0.11903963680267678, 0.166341683488159], [0.26602368149622485, 0.3029672087704488, 0.25983248707035544, 0.17117662256297086], [0.27766856548393665, 0.3181239366213248, 0.14023691414384373, 0.2639705836508948], [0.2673414865661104, 0.22093363935723992, 0.3328365584029742, 0.1788883155736755], [0.29161863647111813, 0.22943127959367265, 0.19071782555109953, 0.2882322582841097]], "ideal": "A", "sampled": "A", "correct": true}}
{"type": "result", "data": {"idx": 13, "options": ["4", "7", "10", "13"], "probs": [[0.17626314914032393, 0.3135590441842663, 0.24420002065839297, 0.2659777859170168], [0.17555115592061854, 0.32272942889296025, 0.357742239268344, 0.14397717581807723], [0.2019755602269722, 0.2797859990253208, 0.2844684804533113, 0.23376996019439572], [0.16935243239526382, 0.2788043354237625, 0.4367638452526881, 0.1150793868282856], [0.1915338429159962, 0.362986464375125, 0.2783663487642887, 0.1671133438445901], [0.19523966601385823, 0.38787997343058817, 0.26663840211702916, 0.1502419583385244], [0.22101868514107925, 0.3061579648044298, 0.21701876620380098, 0.25580458375068993], [0.21864565366244318, 0.3031279534730561, 0.29168675216162243, 0.18653964060287825], [0.2147853608278614, 0.2861694309970839, 0.24655067183441046, 0.2524945362406442], [0.19980346261335544, 0.2792036408262755, 0.3764308522370645, 0.14456204422330451], [0.20925078105697814, 0.37851802074876173, 0.24605767793068906, 0.16617352016357106], [0.21881002185540782, 0.39603498574111246, 0.26577499506199975, 0.11937999724147996], [0.20677168973362547, 0.2978906377537776, 0.2651456335688572, 0.23019203884373973], [0.19604850105543198, 0.30092585532227717, 0.3207770335469296, 0.18224860997536124], [0.19049151239874412, 0.28784483668309907, 0.3239403664741825, 0.19772328434397432], [0.2018851458543543, 0.3146446896082724, 0.31262146957636716, 0.17084869486100612], [0.1913828694169223, 0.3741405586628911, 0.2511383481920716, 0.183338223628115], [0.208250230775817, 0.4169298832276731, 0.23562017783014677, 0.1391997080663631], [0.23478328738770274, 0.27811692405468763, 0.3034721152242985, 0.1836276732333111], [0.24824384602675395, 0.30336534069826404, 0.24011553105946704, 0.20827528211551494], [0.2189348837990478, 0.29405041211657856, 0.31831134919717613, 0.1687033547871975], [0.24350147672547165, 0.3268634774019332, 0.2391825091356023, 0.1904525366369928], [0.22279298303283546, 0.2722958028044202, 0.32377371188740717, 0.18113750217533717], [0.22250154612223533, 0.27185341713094147, 0.298932611912398, 0.2067124247344252]], "ideal": "B", "sampled": "D", "correct": false}}
{"type": "result", "data": {"idx": 14, "options": ["0.64", "0.72", "0.81", "0.95"], "probs": [[0.21992332396463704, 0.23480943542783098, 0.26821491918906387, 0.2770523213184681], [0.22058304309376744, 0.23928012664548265, 0.2909861889484465, 0.24915064121230335], [0.23552096238643538, 0.2656201759552602, 0.2307993356771837, 0.2680595258811207], [0.21797120759863242, 0.2680472571553608, 0.28091110102043204, 0.23307043412557474], [0.24050975975209782, 0.2609024306736392, 0.23939153192940263, 0.25919627754486035], [0.23959998427021634, 0.2724118787908553, 0.2619474788948092, 0.2260406579441191], [0.2239557355418363, 0.28413209316273363, 0.24295370278313108, 0.248958468412299], [0.21969346699901912, 0.2898449003406597, 0.2517936527477241, 0.23866797981259713], [0.2270634654989789, 0.25413033742345714, 0.26436725650121445, 0.25443894047634946], [0.20992775884936327, 0.25414655367415484, 0.3042781741397734, 0.23164751323670843], [0.23038976009033382, 0.274594379958208, 0.25995136735513846, 0.2350644924963197], [0.22903856507863415, 0.2906229072889878, 0.24847120035018533, 0.2318673271821927], [0.2341700300714165, 0.2857338019502741, 0.22770827534193847, 0.2523878925363709], [0.2257946066095755, 0.29555117200187214, 0.258821569094359, 0.21983265219419335], [0.2258317768347929, 0.23748895523557423, 0.2629619836544289, 0.27371728417520397], [0.2237067685078331, 0.2645176789187511, 0.2816707919750597, 0.2301047604983561], [0.23305867262746835, 0.2755825776244405, 0.2608871420824837, 0.23047160756560747], [0.2350064927848638, 0.2735775966135629, 0.2590180894619773, 0.23239782103959594], [0.205895358127766, 0.3380904990665632, 0.23411097422550559, 0.22190316848016525], [0.20239245002607506, 0.34295476501595973, 0.24493718874798168, 0.20971559610998355], [0.19133094806535308, 0.3021978870714552, 0.2953323555590976, 0.21113880920409409], [0.20447679742685235, 0.3254906735842574, 0.25141086422638714, 0.21862166466250307], [0.20095248817807315, 0.298000250697142, 0.284478847422745, 0.21656841360203993], [0.19924901132537118, 0.2886453012554515, 0.27988663790824836, 0.2322190494109289]], "ideal": "D", "sampled": "A", "correct": false}}
{"type": "result", "data": {"idx": 15, "options": ["I only", "II only", "III only", "I and II only"], "probs": [[0.334740564130722, 0.22493000810892128, 0.15513513287236552, 0.2851942947879912], [0.35671150149248015, 0.18966901017812107, 0.2261129434759861, 0.22750654475341267], [0.34873851870433087, 0.22543762454045269, 0.12386121507343908, 0.3019626415817774], [0.3499651409320063, 0.19361464052713806, 0.22030735998516712, 0.2361128584556885], [0.3791563978034961, 0.23020204438360442, 0.15630403858219352, 0.23433751913070597], [0.39043193398576365, 0.2193576824062861, 0.2037171097621518, 0.18649327374579847], [0.27574517909294854, 0.31555202129975474, 0.13815067501250225, 0.2705521244947945], [0.28224042055168624, 0.28285950419458394, 0.24466444549498087, 0.19023562965874896], [0.268940844179345, 0.19406340102589822, 0.2424323630815415, 0.2945633916132152], [0.24851587412256357, 0.17506803570427207, 0.17708154020922817, 0.3993345498639362], [0.2860262478907854, 0.21636272119393135, 0.328865686886376, 0.16874534392890717], [0.27726104852764805, 0.21962527928540287, 0.12546367942032258, 0.37764999266662647], [0.28094705308517837, 0.30922585031518407, 0.10214476803090224, 0.30768232846873533], [0.27813510011818954, 0.29471734947615025, 0.23203982171779422, 0.195107728587866], [0.2845880814172984, 0.1649612857964161, 0.20278915177295448, 0.347661480913331], [0.2663981318207418, 0.14615386723010507, 0.1854263841920439, 0.4020216166571092], [0.30508208978984025, 0.17284319005346474, 0.33484706764694366, 0.18722765240975134], [0.27353767373024923, 0.19126447113223952, 0.19044389396324368, 0.3447539610742676], [0.3108550515205232, 0.3642369995874412, 0.14864044937076556, 0.17626749942127004], [0.3325294454799524, 0.38989256646630677, 0.1667673090896938, 0.110810678864047], [0.335581968060435, 0.19452217549988451, 0.2608365856841685, 0.20905927065551197], [0.31671995393327596, 0.23017250342112544, 0.18133959442559847, 0.2717679481200001], [0.3575920249109289, 0.16789824258208697, 0.31779168138951974, 0.1567180510174644], [0.3257008887710577, 0.1800888681258139, 0.18943681385520605, 0.3047734291479224]], "ideal": "D", "sampled": "A", "correct": false}}
{"type": "result", "data": {"idx": 16, "options": ["I only", "II only", "III only", "I and II only"], "probs": [[0.20988419962638155, 0.24984497201693492, 0.18650783874476262, 0.3537629895119209], [0.22160046960282914, 0.22038180795519405, 0.251003768254992, 0.30701395408698484], [0.21485777948144927, 0.2788771681527594, 0.16323071929096597, 0.3430343329748253], [0.2268252223503262, 0.25000908968332736, 0.22506056723728246, 0.298105120629064], [0.22451308032840844, 0.2983496740407964, 0.20270867341653961, 0.27442857211425553], [0.24941256268193807, 0.2836321549782816, 0.25565155957092034, 0.21130372266886], [0.26136078649050687, 0.15157323622459676, 0.21304240185745796, 0.3740235753274384], [0.2537904083475, 0.14155957101359978, 0.29433336851037684, 0.3103166520285234], [0.2648475090939942, 0.2341750045132409, 0.14242530933310957, 0.35855217695965536], [0.26475435492729044, 0.22520156202448455, 0.20113967357054613, 0.3089044093776789], [0.26675579346665185, 0.2286662195195506, 0.21242980973428813, 0.29214817717950947], [0.2764550364797513, 0.2408900486916798, 0.22562404792365084, 0.25703086680491805], [0.2396730786517153, 0.17306142012168355, 0.2015295951445278, 0.38573590598207336], [0.23020556105780304, 0.15862242094878504, 0.25480772201289503, 0.3563642958805169], [0.23752500188806636, 0.24563372158731064, 0.12579981231624668, 0.3910414641083763], [0.24587437117059646, 0.2389746861952592, 0.21678924037386288, 0.29836170216028146], [0.2557930350047857, 0.18461167810501294, 0.22908532617185465, 0.3305099606183467], [0.2505214474767049, 0.20341944389366257, 0.2466828935095913, 0.29937621502004125], [0.26707440214057704, 0.257408525658608, 0.2092920361355458, 0.2662250359652692], [0.2730842489761578, 0.26745637850089, 0.2371768319790289, 0.22228254044392326], [0.25483917048234184, 0.32569737763288836, 0.16944191590751925, 0.2500215358772505], [0.24543298805685304, 0.33667607085460904, 0.20023605522084262, 0.2176548857676953], [0.265425872720724, 0.2221966186925578, 0.243416245708096, 0.2689612627786222], [0.2632556039801915, 0.23650965797054957, 0.20490614188368889, 0.29532859606557005]], "ideal": "B", "sampled": "D", "correct": false}}
{"type": "result", "data": {"idx": 17, "options": ["-1/4", "-1/(4sqrt(2))", "0", "sqrt(2)"], "probs": [[0.3039999260598416, 0.24140300984646323, 0.2802906590376547, 0.17430640495604044], [0.3007482408730499, 0.27901764038290056, 0.20406206223938336, 0.21617205640466614], [0.30988507326633763, 0.26428096078858204, 0.24807371185168703, 0.1777602539933933], [0.2817213749090828, 0.2896068903631374, 0.1988374531416702, 0.22983428148610957], [0.2898427886947645, 0.20609613067974214, 0.2299546633424083, 0.2741064171830851], [0.2803225516992627, 0.170764178020567, 0.33722352978195147, 0.21168974039821883], [0.33735850450003185, 0.24043171105364694, 0.26185712215666035, 0.16035266218966085], [0.3291501504360215, 0.2592612052144901, 0.15952937842625234, 0.25205926582323607], [0.28092049293746496, 0.2419341098155689, 0.32309325081932555, 0.15405214632764064], [0.31690342175483915, 0.2682244559325112, 0.21196547780198574, 0.20290664441066392], [0.3269628031037064, 0.21025889322759553, 0.23998939511649645, 0.22278890845220162], [0.3316063235129163, 0.21687173518051003, 0.27835064708860774, 0.1731712941179659], [0.24527207745459917, 0.3532072112566842, 0.2540915087830698, 0.1474292024056468], [0.25705364726973456, 0.34183925896205325, 0.16891679417763966, 0.23219029949057246], [0.21675213648083524, 0.33835394699560384, 0.3102131624304903, 0.13468075399307064], [0.24515175451640875, 0.379208082232581, 0.1976949840929852, 0.17794517905802504], [0.23942885576986533, 0.22760091041431987, 0.2969617158783032, 0.23600851783751156], [0.2404243421440605, 0.2233168251087516, 0.2758730433865597, 0.2603857892606282], [0.2141415987438875, 0.3009221643183362, 0.21654640781342382, 0.2683898290243525], [0.2024268239895755, 0.2679452041707494, 0.3203947591520045, 0.20923321258767058], [0.20002044735338814, 0.32917469736622196, 0.24428904054106182, 0.2265158146393281], [0.2148801067185162, 0.27349771696560765, 0.3048272612283138, 0.20679491498756233], [0.18913681521406633, 0.29493209277225513, 0.2854885416119632, 0.23044255030171537], [0.20008814332868502, 0.281901180715981, 0.2645242809984804, 0.2534863948568535]], "ideal": "C", "sampled": "B", "correct": false}}
