{"type": "result", "data": {"idx": 0, "options": ["p = 4", "p = 8", "p = 12", "p = 24"], "probs": [[0.3478224627001325, 0.23348103809228798, 0.18520356988848283, 0.23349292921909667], [0.38499311756197496, 0.2505068555374829, 0.20024693607017455, 0.16425309073036756], [0.3591450780907933, 0.25266305707378867, 0.18832951869202477, 0.19986234604339326], [0.35934603210670457, 0.25480103490188805, 0.21349918840180682, 0.17235374448960056], [0.41386128597913335, 0.15464080177306858, 0.2617004396489626, 0.16979747249883548], [0.40986009817405605, 0.15313765176884322, 0.23413824683860657, 0.20286400311849415], [0.34351264403267856, 0.3713859804680304, 0.11904202045674743, 0.16605935494254356], [0.34903297344879286, 0.380434101490394, 0.13706274533484775, 0.1334701796259653], [0.3382460676240078, 0.16881314924537705, 0.31882660497973575, 0.17411417805087942], [0.3450568811233431, 0.19814949635224416, 0.22335407960106338, 0.23343954282334936], [0.3393727641771441, 0.1258813478189397, 0.38880593739453917, 0.14593995050937705], [0.370070414360281, 0.14043187231351725, 0.18505168786515597, 0.3044460253610458], [0.4433343508397183, 0.22458771386771054, 0.1585028760128254, 0.1735750591797458], [0.4655153016126957, 0.24333494174029116, 0.15034029928312428, 0.14080945726388885], [0.439105507754172, 0.16534239310292065, 0.2096330367092489, 0.18591906233365843], [0.4595991441088144, 0.17993288008459465, 0.1762680884463366, 0.18419988726025435], [0.4763862504252497, 0.13435708674296734, 0.23824016817570515, 0.15101649455607782], [0.4755341935347699, 0.1372750678927257, 0.1794893714682176, 0.20770136700428685], [0.19703637377220715, 0.42723954153321203, 0.21868637388627118, 0.15703771070830963], [0.1945878416105232, 0.4319224655196282, 0.19358946381063524, 0.17990022895921334], [0.1589447212374791, 0.38158674887218647, 0.36232637275629825, 0.09714215703403616], [0.17953147679866485, 0.3860740488646471, 0.15636024668618953, 0.27803422755049856], [0.14609040318458683, 0.46842831368530435, 0.2717221677031592, 0.11375911532694959], [0.16128833590325134, 0.44562166924788776, 0.17086289821346637, 0.22222709653539446]], "ideal": "C", "sampled": "A", "correct": false}}
{"type": "result", "data": {"idx": 1, "options": ["5", "7", "8", "9"], "probs": [[0.17852399603441324, 0.1984171779652092, 0.41288439473739297, 0.21017443116298457], [0.19297642141246338, 0.20950057163972186, 0.34194712298905644, 0.25557588385875835], [0.20302533216309823, 0.27222532842492736, 0.3298217156146472, 0.19492762369732722], [0.18334353638796497, 0.23460855028927202, 0.3275737913709926, 0.2544741218517704], [0.18391845844458468, 0.24095381434901314, 0.3635248785322241, 0.21160284857417805], [0.192076706512885, 0.2597046908344511, 0.33240781716991513, 0.21581078538274875], [0.2622339803383967, 0.3924152967661193, 0.13680907000154302, 0.208541652793941], [0.24931301912970846, 0.36163136612417296, 0.13425068266098433, 0.25480493198513426], [0.2239834517016541, 0.35953208800535236, 0.19132752714628015, 0.22515693304671344], [0.19771360170571148, 0.2935373607856134, 0.3113568537307248, 0.19739218367795033], [0.21751118028240632, 0.32801220306472406, 0.20259310604979883, 0.2518835105030708], [0.20392698351380903, 0.26943990986990524, 0.38783166386528267, 0.13880144265100303], [0.3188899267062583, 0.2980194509911868, 0.16115741959644575, 0.2219332026061091], [0.3197299635010102, 0.3156795297449912, 0.1163486276852556, 0.248241878968743], [0.26092939530157905, 0.28090461198446065, 0.28889142636237164, 0.1692745662515886], [0.30778561415212347, 0.3063105481397514, 0.16830720758128362, 0.21759663002684151], [0.26435413166161903, 0.3224096797856239, 0.18420622692035674, 0.2290299615324003], [0.2820692826268702, 0.31088061990493826, 0.24303305105121786, 0.16401704631697364], [0.2662211258607961, 0.3513864540245258, 0.17707875198431916, 0.2053136680303589], [0.2782612310525409, 0.3587613319253582, 0.13638696886051593, 0.22659046806158498], [0.2251476280122072, 0.2770279563082007, 0.3280990323662773, 0.1697253832133148], [0.2555321156723075, 0.2840044796182823, 0.29194465276659715, 0.16851875184281304], [0.24377359410313426, 0.31426515065061456, 0.22896489373330797, 0.21299636141294317], [0.2535404487135652, 0.30947708158148785, 0.24000514326064387, 0.19697732634430312]], "ideal": "C", "sampled": "C", "correct": true}}
{"type": "result", "data": {"idx": 2, "options": ["1 over 5", "\u22125", "\u22121 over 5", "5"], "probs": [[0.13067129253034412, 0.43920391793627367, 0.1525617837753322, 0.27756300565805], [0.1314453086538813, 0.42243105001762304, 0.3131600980773259, 0.13296354315116973], [0.1467275492212605, 0.396116053960588, 0.206777605494707, 0.2503787912234445], [0.15000544114441478, 0.43450320019722133, 0.14512010998467603, 0.27037124857368783], [0.14309058444801082, 0.3107196873544685, 0.36872624564812334, 0.17746348244939733], [0.14897476959341674, 0.341088845945067, 0.15101087906888047, 0.3589255052926358], [0.23015038205544103, 0.16051977098706488, 0.22249073782532072, 0.38683910903217333], [0.20374887324683036, 0.12968316535520358, 0.5008715317061458, 0.1656964295918202], [0.23186010357356862, 0.16672660160830802, 0.1423194514310683, 0.45909384328705505], [0.2243912450926251, 0.14956183284331323, 0.422503995182464, 0.20354292678159763], [0.18824044464071035, 0.5330656687224578, 0.10286607779485012, 0.17582780874198176], [0.189163489701581, 0.5314706523820465, 0.09124822100644608, 0.1881176368099264], [0.1890391558219698, 0.35049849745106465, 0.19309027491069128, 0.26737207171627425], [0.19086308138532018, 0.3768336940999656, 0.17063295112183324, 0.26167027329288095], [0.15758231831510677, 0.34680987314035155, 0.1252487376058775, 0.37035907083866415], [0.15998585043779986, 0.3337282438621506, 0.26346506880673437, 0.24282083679331515], [0.17171970474673495, 0.3065804656091438, 0.2896638935715038, 0.2320359359726174], [0.16105383683139332, 0.3158946350591221, 0.3202769767670154, 0.20277455124246918], [0.15563431380622916, 0.13443255423155187, 0.5406914948876422, 0.1692416369745767], [0.1714792528189046, 0.16218328192573808, 0.17122140310642076, 0.49511606204893654], [0.14244120246062425, 0.6013226687701035, 0.07852900261478135, 0.1777071260544908], [0.1500120974932548, 0.6140086924717655, 0.07590689103620157, 0.1600723188987781], [0.18643791693912326, 0.1618024235533437, 0.18035800484466005, 0.471401654562873], [0.1488495104380333, 0.1306238413937669, 0.5730962496528814, 0.14743039841531838]], "ideal": "D", "sampled": "B", "correct": false}}
{"type": "result", "data": {"idx": 3, "options": ["4", "5", "6", "7"], "probs": [[0.15216631375965134, 0.3784378935810033, 0.27758176372770177, 0.19181402883164353], [0.15145226272773962, 0.35657195315884044, 0.23077284485097227, 0.2612029391624477], [0.164574027045005, 0.34222811457072716, 0.3224846720373011, 0.17071318624696677], [0.13958451774443414, 0.2973648442342721, 0.4050918104135529, 0.15795882750774085], [0.15238767179570092, 0.3705293668199378, 0.2674896299203637, 0.2095933313639976], [0.14860290287439143, 0.33667263385267, 0.3273711800247885, 0.18735328314815006], [0.19767577355089594, 0.4142171318648155, 0.17005447534844031, 0.21805261913584822], [0.18342665109329961, 0.38118371931650696, 0.1774230774675669, 0.2579665520226265], [0.20218702546163045, 0.43027676845429724, 0.16597687701780192, 0.20155932896627038], [0.1803247915003816, 0.42207678833796225, 0.3171646869076669, 0.08043373315398919], [0.1945092677875559, 0.41389590497646317, 0.16475740073463815, 0.22683742640134275], [0.16759951161259035, 0.35706397355407193, 0.38446500320665383, 0.09087151152668387], [0.19476070707935506, 0.33036198716492937, 0.31133627424499966, 0.16354103141071594], [0.21005639431760215, 0.3242863118324243, 0.26109647748243525, 0.2045608162675383], [0.18235462498955038, 0.43300821973572684, 0.21792648539309892, 0.16671066978162383], [0.2106493028981233, 0.4660476882601944, 0.18998963205075659, 0.1333133766909257], [0.21171257125927412, 0.5104731612605099, 0.097443604611928, 0.18037066276828798], [0.21987196637076856, 0.5222967227600003, 0.13408648866499837, 0.12374482210423278], [0.21523594212656755, 0.26484369439684263, 0.296576610279925, 0.22334375309666482], [0.2360001916053301, 0.2769271987857576, 0.258993144918513, 0.22807946459039927], [0.20486961303092752, 0.3341502248906725, 0.2567181884985744, 0.20426197347982558], [0.22153365779487313, 0.32911701025550505, 0.33021597082793824, 0.11913336102168359], [0.21914393544556915, 0.414238947164151, 0.13246763846540074, 0.2341494788248791], [0.2025014727732474, 0.4143150088623847, 0.22731029646343365, 0.15587322180093424]], "ideal": "B", "sampled": "C", "correct": false}}
{"type": "result", "data": {"idx": 4, "options": ["4t = 112; $448", "4t = 112; $28", "t over 4 = 112; $448", "t over 4 = 112; $28"], "probs": [[0.12587610354789375, 0.320207637524161, 0.07106360312077564, 0.4828526557071696], [0.06757807126757598, 0.3514521403451056, 0.4134812580993418, 0.1674885301879767], [0.11659008610841258, 0.08504647269133044, 0.5135848674732912, 0.28477857362696574], [0.07977391330747946, 0.1054966339920999, 0.4771770416161466, 0.337552410984274], [0.08734021045423457, 0.16697012757174565, 0.6562597497180855, 0.08942991215593425], [0.11128660041575532, 0.2603737951471205, 0.22923451147392193, 0.3991050928632023], [0.28840712999233487, 0.09520861186067613, 0.08625587460679963, 0.5301283834401893], [0.4564036070458554, 0.07825509866129882, 0.32108397963105395, 0.1442573145617918], [0.31795485857064315, 0.09644721160021917, 0.22532824498163698, 0.36026968474750076], [0.09553392904388783, 0.06270067346437105, 0.7654888572114477, 0.07627654018029342], [0.45535254473901066, 0.23473000524080923, 0.08520950376135362, 0.2247079461588265], [0.3609839758135891, 0.2075870381293813, 0.09307760952400834, 0.3383513764330212], [0.056171327405234825, 0.10486159394481016, 0.47549590109379664, 0.36347117745615837], [0.0740087062637286, 0.07736061796603158, 0.5307828467086939, 0.3178478289615459], [0.08322901525943711, 0.4161198262787926, 0.12041857451243748, 0.3802325838493328], [0.05199695692439879, 0.35844352437200966, 0.47123383944350816, 0.1183256791600834], [0.09932416829521616, 0.26484297124819134, 0.0970241294987852, 0.5388087308578072], [0.04267266614836395, 0.10909983338590354, 0.7663557928368799, 0.08187170752885259], [0.07349559329621873, 0.057827785111458876, 0.7943825568795737, 0.07429406461274866], [0.2826863611262388, 0.14677298504950095, 0.1429620129609797, 0.42757864076328056], [0.21369297641097668, 0.507539924127221, 0.07037346756966409, 0.20839363179213818], [0.20869071326080774, 0.5313626628431297, 0.053510023880053326, 0.20643659991600927], [0.2303104967555575, 0.0849115371200524, 0.13606824689098784, 0.5487097191334023], [0.21462147015653651, 0.048575338152316974, 0.6346691273809685, 0.10213406421017805]], "ideal": "B", "sampled": "B", "correct": true}}
{"type": "result", "data": {"idx": 5, "options": ["9", "11", "26", "32"], "probs": [[0.217619455364026, 0.3278773524396771, 0.2007610857512785, 0.2537421063450184], [0.22969407988733753, 0.335489506457136, 0.18126797404163417, 0.25354843951389233], [0.2106654228158544, 0.25487095494807577, 0.28094426213292595, 0.25351936000314385], [0.21065247684555186, 0.2510327473339564, 0.2619044560499683, 0.27641031967052343], [0.22122733622405982, 0.2362799679442394, 0.2883095783945138, 0.25418311733718696], [0.22022788224402182, 0.24079401788687793, 0.26530402896135413, 0.27367407080774614], [0.2601019999109579, 0.35394954150431074, 0.15358371802248955, 0.23236474046224187], [0.2663194834919685, 0.36251151558111944, 0.1387711167196739, 0.2323978841072381], [0.24869921793234168, 0.255164042397496, 0.25399832448793563, 0.24213841508222664], [0.24053392528673492, 0.23729639460146904, 0.24176763716210126, 0.2804020428496948], [0.25297671553943013, 0.22724488375298657, 0.27722239491551504, 0.24255600569206826], [0.25840815899172204, 0.23766712841995125, 0.24022822079640413, 0.2636964916919226], [0.2280375910190111, 0.3033151761876049, 0.249987941209766, 0.21865929148361798], [0.23539660430863638, 0.32795523079730304, 0.16636811938863816, 0.2702800454054224], [0.21334415453590289, 0.3242110206882408, 0.26106856826726005, 0.20137625640859622], [0.2304816348835553, 0.3390760572992663, 0.1553929666450035, 0.2750493410721749], [0.2275635565952851, 0.23908914266983206, 0.2551980874402718, 0.27814921319461106], [0.23379536319116337, 0.23992357013096616, 0.2621806004706194, 0.264100466107251], [0.22017693517390516, 0.2905399203009936, 0.27803915736279056, 0.21124398706231065], [0.22542477659525767, 0.2949306798400401, 0.20627626206643118, 0.273368281398271], [0.21187749730152078, 0.32192761764122707, 0.2532677201215844, 0.21292716483566776], [0.22176517045210706, 0.3263893273022416, 0.1892046863786031, 0.26264081576704823], [0.204146784152825, 0.2865750235114498, 0.2656380296407514, 0.24364016259497379], [0.20391797438838263, 0.29076932177479037, 0.2675895214225769, 0.23772318231425008]], "ideal": "C", "sampled": "B", "correct": false}}
{"type": "result", "data": {"idx": 6, "options": ["1.1 over 11", "11 over 11", "12 over 11", "11 over 12"], "probs": [[0.2470521330586383, 0.2867487072657892, 0.23853290078638842, 0.22766625878918406], [0.22768285735254698, 0.2602926051530782, 0.29381673296235744, 0.21820780443201734], [0.234316983707631, 0.21209060737539887, 0.3487702295934866, 0.20482217922348359], [0.2703512608734623, 0.23485770819222773, 0.21649828551034786, 0.2782927453239621], [0.2308854265675967, 0.3364939541701032, 0.30261401691751544, 0.13000660224478464], [0.24037408525521234, 0.3288364761115735, 0.18939910906156032, 0.24139032947165384], [0.21737533287208105, 0.16301066410449216, 0.33628566572964524, 0.28332833719378153], [0.20571935481337897, 0.13191685275780518, 0.45563501794006384, 0.206728774388752], [0.23554898007984784, 0.3050531239518385, 0.2170054977022811, 0.24239239816603256], [0.2067160636980655, 0.267723325877289, 0.3194152462075902, 0.20614536411705534], [0.24704995748910422, 0.2866440415095741, 0.21206828949714948, 0.2542377114041722], [0.23562625399298956, 0.2713857929343664, 0.27047124905371883, 0.22251670391892522], [0.21320725975288735, 0.14926153419909363, 0.4177003502428064, 0.21983085570521266], [0.2389179616927601, 0.17337433992082632, 0.261652350399555, 0.3260553478868586], [0.2265386763962865, 0.32718509919925626, 0.1561648868786824, 0.29011133742577483], [0.21340080239429318, 0.2964760749185463, 0.24881655716841422, 0.24130656541874632], [0.2378078443554128, 0.20808441004679112, 0.19479612133360477, 0.3593116241641913], [0.22356457515349104, 0.18557383947783937, 0.4375909762060092, 0.1532706090626604], [0.26066293660146506, 0.14187679961783706, 0.46056066096236103, 0.13689960271833687], [0.2671321630210773, 0.16830034552321665, 0.18852601943514977, 0.37604147192055626], [0.2909707892706239, 0.37963311163415, 0.12539614175215447, 0.2039999572430716], [0.2822586381826262, 0.3569398628396443, 0.17043574660610733, 0.19036575227162214], [0.25703752720430323, 0.20154930337297328, 0.13788824039317973, 0.4035249289295437], [0.25023999434829763, 0.17217465976878846, 0.44921305101770653, 0.12837229476520737]], "ideal": "C", "sampled": "B", "correct": false}}
{"type": "result", "data": {"idx": 7, "options": ["3.6", "36", "0.01272", "12.72"], "probs": [[0.19779082688668978, 0.40656604450080563, 0.11322089030457813, 0.28242223820792645], [0.1910518933405432, 0.41475572161767477, 0.13810898518480433, 0.25608339975697775], [0.16834900017269294, 0.10648629764994821, 0.5802815719648888, 0.14488313011247], [0.20893339499331232, 0.16157030816890913, 0.2575571498381259, 0.37193914689965263], [0.18310285557159045, 0.12418567762963845, 0.5559422207532032, 0.13676924594556786], [0.20252744851471277, 0.1627687364653897, 0.20664262769540018, 0.4280611872244973], [0.19407208261933334, 0.5499207376883856, 0.08002667128239498, 0.17598050830988607], [0.17466555924454596, 0.569820953174046, 0.08157608839596338, 0.1739373990854446], [0.20487890866608494, 0.1573999021730321, 0.458608654608681, 0.17911253445220193], [0.2306872686308227, 0.1716602244306737, 0.3199403488333854, 0.2777121580051182], [0.20886102316675123, 0.16556026039852118, 0.48573642964274105, 0.13984228669198653], [0.2271575961356337, 0.19300796377230747, 0.2933352931047492, 0.2864991468873096], [0.12804081653146593, 0.259643070086411, 0.43058024549409646, 0.18173586778802656], [0.13389277855883566, 0.3373186390455599, 0.1625115323652695, 0.36627704993033494], [0.1303102373946533, 0.4532260298275717, 0.24153296647040695, 0.17493076620736805], [0.1379270383886598, 0.4722507525172834, 0.21180314997994099, 0.17801905901411585], [0.15030163077098252, 0.3449779049713773, 0.2475759611008558, 0.2571445030567844], [0.154649090352768, 0.3523594105159105, 0.2933700899017107, 0.1996214091296108], [0.13101076883241583, 0.36310684136236293, 0.3141422522626754, 0.19174013744254584], [0.13482276893068032, 0.3503401524917596, 0.14308655047346966, 0.3717505280040904], [0.11848557700436063, 0.3061538520836956, 0.43383636671951475, 0.14152420409242902], [0.13702813667053, 0.3048067552377911, 0.22199996311232886, 0.33616514487935006], [0.11589874984730544, 0.43212708504552394, 0.2489665876902032, 0.2030075773169674], [0.12197562033262856, 0.37405901307465456, 0.29023515526502625, 0.21373021122769065]], "ideal": "B", "sampled": "B", "correct": true}}
{"type": "result", "data": {"idx": 8, "options": ["159.26", "2.224", "14,111", "126.26"], "probs": [[0.11876016101944938, 0.10486418833767575, 0.0464553691782493, 0.7299202813646256], [0.09341172281463896, 0.06708150676568478, 0.7990543931522439, 0.04045237716743239], [0.13351089803434169, 0.10812041544919433, 0.05726108880010661, 0.7011075976163573], [0.08146259066448693, 0.06329214477960927, 0.808868336464516, 0.046376927991387866], [0.14388940755291374, 0.734194211400977, 0.06083481071229421, 0.06108157023381512], [0.13693904813609056, 0.7213267839617542, 0.05840512228673556, 0.08332904551541964], [0.05530856518280683, 0.7624351338888736, 0.022560095286198945, 0.15969620554212063], [0.06262587731962287, 0.7933669059922409, 0.11164768742529785, 0.03235952916283841], [0.04774773457356845, 0.046856317315360815, 0.7345235888333455, 0.17087235917772525], [0.059277364411792814, 0.059505191981217107, 0.5838158486871197, 0.2974015948198704], [0.06981500159457665, 0.553005212270244, 0.33931469534690495, 0.03786509068827441], [0.056556431499166386, 0.534776287269753, 0.024571898237621553, 0.384095382893459], [0.04914496770890273, 0.6609710173241229, 0.032486297939423384, 0.2573977169275509], [0.0477716333664949, 0.6965794717499998, 0.2126347883772132, 0.043014106406292094], [0.048387810462926735, 0.045678652496438, 0.7752636055814522, 0.13066993135918298], [0.05427565607064945, 0.05448356825444692, 0.6252957195448738, 0.26594505603002977], [0.04893573445986706, 0.7300548065476937, 0.17485212048409443, 0.04615733840834471], [0.051448507367008824, 0.5732883022167392, 0.036776560053317794, 0.33848663026293424], [0.5631038201679667, 0.3232860113335922, 0.05468514805567948, 0.058925020342761605], [0.5431430168130378, 0.3118164484939544, 0.052765660385275075, 0.09227487420773273], [0.31989713308379614, 0.0962447860649548, 0.5280700128716401, 0.05578806787960891], [0.3003031122937273, 0.09361836465438736, 0.03631972663696743, 0.5697587963149179], [0.44589398967836247, 0.08860367865733187, 0.39641390723548053, 0.06908842432882512], [0.30896900469861965, 0.08835865840541915, 0.047547129292278945, 0.5551252075036822]], "ideal": "D", "sampled": "D", "correct": true}}
{"type": "result", "data": {"idx": 9, "options": ["0.72", "0.702", "10.0571", "7.2"], "probs": [[0.21434092147282968, 0.12339192526107534, 0.30762790254701977, 0.3546392506190752], [0.20550378124231933, 0.11583607901598149, 0.5406056762826528, 0.1380544633590464], [0.23055567016796175, 0.3060336731517774, 0.11051277152470868, 0.3528978850555522], [0.19955285040195656, 0.2498193848614869, 0.4792887603704323, 0.07133900426612429], [0.2353142052653556, 0.43454304333156096, 0.12879893182420202, 0.20134381947888141], [0.2153944372915404, 0.3858655392737761, 0.2729864120210412, 0.1257536113136423], [0.2312525774120616, 0.16694612550636406, 0.29727774412523594, 0.30452355285633836], [0.23212483522954935, 0.18422789869850378, 0.3636541664236718, 0.21999309954827503], [0.2422201222269924, 0.30685544468158743, 0.14128223270675694, 0.3096422002846632], [0.22917414516380052, 0.2815983211236236, 0.23875529350172212, 0.2504722401108537], [0.24544012178350624, 0.32147663349458533, 0.2681946714223251, 0.16488857319958328], [0.24167600222054345, 0.3109049087991295, 0.1595411544605189, 0.28787793441980813], [0.2712979276013586, 0.2761007207937002, 0.1373675593988684, 0.3152337921060728], [0.24164966286499517, 0.25262141789848824, 0.41389430490231305, 0.09183461423420354], [0.25789428523269103, 0.3095642122186866, 0.20106448830335819, 0.2314770141452642], [0.24920572709341848, 0.2705478708257117, 0.2947314425223102, 0.1855149594585596], [0.25469287334533913, 0.35860627844822357, 0.2762954461242373, 0.11040540198220004], [0.26255849001166226, 0.368944406472505, 0.1748568266455316, 0.19364027677030118], [0.252338006927886, 0.4660660048217813, 0.12879335111323414, 0.15280263703709857], [0.25177512320668416, 0.45434386887608, 0.16244403010305639, 0.13143697771417942], [0.2552814001460528, 0.2816692418324571, 0.30433909462354924, 0.15871026329794083], [0.26525817322625245, 0.2680116691908696, 0.17251387441564958, 0.29421628306722836], [0.24354297866003427, 0.2507859412154271, 0.42344682458025307, 0.08222425544428556], [0.2641887248405946, 0.3054031592866927, 0.22274065509860586, 0.20766746067410685]], "ideal": "D", "sampled": "D", "correct": true}}
{"type": "result", "data": {"idx": 10, "options": ["150 + 400 + 200", "200 + 400 + 200", "200 + 450 + 200", "200 + 500 + 200"], "probs": [[0.16974671914608316, 0.3626897172554862, 0.2475811281143893, 0.21998243538404133], [0.1587055647021608, 0.32346636535667805, 0.22967429799039632, 0.2881537718507648], [0.17630299924041107, 0.2889170646378563, 0.40883651371682206, 0.12594342230491054], [0.15459229619195108, 0.25673071997395497, 0.17662139672531377, 0.41205558700878014], [0.1800762957131704, 0.29253398497356276, 0.34021069582246977, 0.187179023390797], [0.15541873870725934, 0.24060979483105682, 0.21780286727157755, 0.38616859909010626], [0.2047390521074097, 0.35929874117504845, 0.18513125455213875, 0.25083095206540307], [0.18648233073522447, 0.3194175755484637, 0.16865931952277996, 0.32544077409353184], [0.21005611745569963, 0.346464107790636, 0.19587304279851322, 0.2476067318551511], [0.18731732011876845, 0.3792636265642298, 0.2587711032416929, 0.17464794997530889], [0.19139510106027824, 0.3252986918765048, 0.16748849796336152, 0.31581770899985545], [0.1656278644988034, 0.35180857249841807, 0.35836159645368876, 0.12420196644908976], [0.18326080662835503, 0.3485164201738001, 0.3184417330203678, 0.14978104007747706], [0.16826448580737915, 0.2662158787185821, 0.13097145566652266, 0.4345481797075161], [0.22542637101957652, 0.34909813173043186, 0.25565246887865295, 0.16982302827133866], [0.21699826093830896, 0.3991827308854222, 0.17701227697431762, 0.2068067311019512], [0.18574270327405332, 0.2988592937459811, 0.14801807479543377, 0.36737992808453185], [0.187434902393996, 0.37349329508066353, 0.25877786451308576, 0.18029393791225468], [0.190809121434953, 0.38631461218054164, 0.2517060414213376, 0.1711702248631678], [0.17849870822278022, 0.29630537162613335, 0.1800554773056224, 0.345140442745464], [0.2070808857472286, 0.39004445072088323, 0.20548954604001318, 0.19738511739187495], [0.18961911184112132, 0.40222722887289414, 0.27890074665887765, 0.12925291252710686], [0.18297178223515675, 0.29893075080516424, 0.14462020345283835, 0.3734772634068407], [0.1837585446614826, 0.38986477832866373, 0.28330204310120394, 0.1430746338086497]], "ideal": "C", "sampled": "B", "correct": false}}
{"type": "result", "data": {"idx": 11, "options": ["21", "7", "1", "None of these"], "probs": [[0.1153119303776378, 0.10136283479975552, 0.669469743774802, 0.11385549094780469], [0.1616938810874094, 0.13430782750968664, 0.12738571680148983, 0.5766125745014141], [0.16757132119392418, 0.5302636500898504, 0.1289620812670445, 0.17320294734918085], [0.18904345098968664, 0.527994839615782, 0.14442599447558516, 0.13853571481894617], [0.13884451983970747, 0.09636884926785945, 0.14844080804294096, 0.6163458227494921], [0.12957524341130502, 0.09820840200731368, 0.6337482615857091, 0.13846809289567225], [0.14126978270360793, 0.07834864187304824, 0.6591188752891372, 0.12126270003420665], [0.19372709335479854, 0.12931896410950927, 0.13052467677402682, 0.5464292656616654], [0.16292992232600742, 0.6270389556257726, 0.0868553668173719, 0.12317575513084801], [0.1716573348844353, 0.6208966831041606, 0.09899995998793368, 0.10844602192347047], [0.18113521144520103, 0.1162773620133954, 0.15440516517417954, 0.548182261267224], [0.1324259519241785, 0.09509304377438735, 0.6689182072712224, 0.10356279693021174], [0.37718600030941885, 0.20529910919997485, 0.20240443942906985, 0.21511045096153644], [0.3894863666281079, 0.2222815718684602, 0.2191829946539714, 0.16904906674946046], [0.41018076580449375, 0.23581110992805404, 0.16607018555843947, 0.18793793860901276], [0.40859974644269687, 0.2425441813984614, 0.19359902122466, 0.15525705083418173], [0.37767099601253085, 0.20095225874275666, 0.24680381991802167, 0.1745729252266908], [0.40869982199606, 0.18595909239165145, 0.23199058029758032, 0.17335050521470827], [0.13673720539364448, 0.10590003622530685, 0.15085799203790184, 0.6065047662431469], [0.13223118980224455, 0.12182439026639245, 0.5883803323188614, 0.1575640875125015], [0.15021028518428053, 0.11183688710029459, 0.13626714861622632, 0.6016856789991986], [0.11498140944936207, 0.10932606876811665, 0.6837308202378439, 0.0919617014446773], [0.16687138625609177, 0.42753345407045373, 0.2085672498817381, 0.1970279096917164], [0.1667862857232541, 0.4656182596459023, 0.18113246828193827, 0.18646298624890528]], "ideal": "D", "sampled": "C", "correct": false}}
{"type": "result", "data": {"idx": 12, "options": ["8", "9", "49", "63"], "probs": [[0.29449170824920684, 0.5462719201495354, 0.053644023830294624, 0.10559234767096314], [0.33717377840125956, 0.5225986066556876, 0.045308800753222946, 0.09491881408982991], [0.1767797443573759, 0.05282587478786136, 0.6995189681021369, 0.0708754126526259], [0.3425034233212184, 0.06447282336793105, 0.06767336922693971, 0.5253503839839108], [0.1953296272359553, 0.05110164883524716, 0.6753530702914882, 0.07821565353730933], [0.3882166117919447, 0.06399940651015645, 0.08161608813172935, 0.46616789346616944], [0.3390206770040972, 0.513090979549187, 0.04146411362168058, 0.10642422972503518], [0.3754195454358179, 0.4780833356166255, 0.04412261982414741, 0.10237449902340916], [0.18680033990513548, 0.05163024242895548, 0.6713812675697142, 0.09018814999619491], [0.3029439342838332, 0.05569525042669549, 0.05797024437762062, 0.5833905708118506], [0.18293645167519842, 0.042280340275423406, 0.6891551273802367, 0.08562808056914152], [0.4134100119915712, 0.05962455760739644, 0.07432173055813839, 0.452643699742894], [0.04777492422142339, 0.46760390616585573, 0.43462340562314733, 0.04999776388957354], [0.07626605855561931, 0.47909207913456714, 0.025813381719189163, 0.41882848049062443], [0.050241677076498285, 0.3271949467035661, 0.5749710583495168, 0.04759231777041881], [0.08060239489225907, 0.47948950467931933, 0.02665505761708507, 0.4132530427113365], [0.036346661565592756, 0.022573537815378963, 0.6505571455428151, 0.2905226549762132], [0.03847306966285197, 0.022461117861449716, 0.608543336993224, 0.33052247538247426], [0.045878049016317535, 0.7642722755427446, 0.12241185713475529, 0.06743781820618261], [0.053408068120985364, 0.6181979066340678, 0.02671257242652387, 0.30168145271842295], [0.04413006279012615, 0.6153769171536122, 0.29060397848280856, 0.04988904147345311], [0.05512364043865786, 0.6237587146207183, 0.028239741076991023, 0.2928779037636328], [0.05844429246000811, 0.05035246310539098, 0.5216049914313047, 0.3695982529032962], [0.05215039220266957, 0.04489202897305456, 0.31378341419353123, 0.5891741645307447]], "ideal": "A", "sampled": "A", "correct": true}}
{"type": "result", "data": {"idx": 13, "options": ["6", "11", "8", "5"], "probs": [[0.23624961861841856, 0.29954766331455773, 0.2230571590719934, 0.24114555889503034], [0.23726080986816628, 0.3057046209599998, 0.22942732833362087, 0.22760724073821303], [0.21618855319526398, 0.30134699194617104, 0.2750805359070674, 0.2073839188514976], [0.223062521884264, 0.3206302916870843, 0.21391253808721206, 0.24239464824143966], [0.23896041866178486, 0.3303138960614383, 0.21372917610846257, 0.21699650906831427], [0.22856419126734617, 0.3062724218400875, 0.2372102474513405, 0.2279531393412258], [0.21269700785247384, 0.3280582329881485, 0.2662114719419262, 0.19303328711745144], [0.19455898096044835, 0.3097603664946795, 0.3230906474727753, 0.17259000497209687], [0.2046407965526624, 0.26772587291934646, 0.2927803266002864, 0.23485300382770474], [0.2036285968593934, 0.2838046123581211, 0.32772000593961376, 0.18484678474287172], [0.21179708520742607, 0.30446484228211534, 0.286878015267801, 0.19686005714265759], [0.21742767093391518, 0.31012114879367964, 0.25569304821318495, 0.21675813195922017], [0.2217273397061433, 0.30644332205827207, 0.22129532521510442, 0.25053401292048016], [0.19563517588051538, 0.26834832419684784, 0.3249881717988033, 0.21102832802383345], [0.22755257649247684, 0.29305602863814606, 0.23600344274088708, 0.24338795202849], [0.22222686473969205, 0.30010772642793454, 0.24354971178568882, 0.23411569694668458], [0.20776844893498408, 0.29873230160073394, 0.27286165136762786, 0.22063759799665406], [0.2119637578513851, 0.32193303104996, 0.21495170889135426, 0.25115150210730064], [0.21703542443376891, 0.3071060730641033, 0.28491389324030403, 0.19094460916182374], [0.20023542045596993, 0.2788509254855132, 0.28193886345512464, 0.2389747905033922], [0.2114855529377803, 0.3064647958339474, 0.277640674647353, 0.2044089764809193], [0.21543554111458835, 0.3048992843591038, 0.23428527216610734, 0.24537990226020048], [0.20241660480908774, 0.31233037445790673, 0.27202446076606807, 0.2132285598669375], [0.19636189643025906, 0.3053275002930087, 0.2638709505551791, 0.23443965262155309]], "ideal": "A", "sampled": "A", "correct": true}}
{"type": "result", "data": {"idx": 14, "options": ["10 bars of soap for $23.20", "16 bars of soap for $36.48", "13 bars of soap for $29.51", "12 bars of soap for $27.60"], "probs": [[0.2492834999694539, 0.282973715127236, 0.21589855000895602, 0.251844234794354], [0.2596375605258352, 0.27887537657101635, 0.22830742255092312, 0.23317964025222537], [0.2187125882863176, 0.2834964863599543, 0.18356183838967416, 0.31422908686405393], [0.24438177410873407, 0.30451253507240095, 0.2082212300125343, 0.24288446070633068], [0.2416733647148552, 0.29665591097821026, 0.19969470497129396, 0.26197601923564057], [0.23727992174636783, 0.30288180705856377, 0.23291915652806916, 0.22691911456699926], [0.2752685844622955, 0.31012856957195345, 0.18418550489491153, 0.2304173409708395], [0.24204573080230854, 0.3063211258152099, 0.2015120713800101, 0.25012107190247146], [0.24460446832118163, 0.27542060610877994, 0.23098391292169532, 0.24899101254834308], [0.2539775853807156, 0.27088325002092695, 0.21846929703840592, 0.2566698674599516], [0.27156177969725637, 0.30118946135577074, 0.18898825908762573, 0.23826049975934716], [0.27134724894557166, 0.30570101487866885, 0.19033554406070627, 0.2326161920150532], [0.2508710585153904, 0.33571660015032356, 0.1844735117895679, 0.2289388294447182], [0.2511654497331091, 0.3035568360450499, 0.20122524512486997, 0.244052468996971], [0.24211651037396825, 0.2950266775209728, 0.25704447964508714, 0.2058123323599718], [0.2411307209320527, 0.27373036331583056, 0.26843308999785015, 0.21670582565426658], [0.26360847757777567, 0.2899855288577509, 0.2095706102170404, 0.23683538324743297], [0.24504338567553352, 0.30318767281104647, 0.17999327449180721, 0.2717756669216128], [0.2614069619723065, 0.3061010882861447, 0.20135084092616437, 0.2311411087153844], [0.26193335259420936, 0.2882684724002628, 0.20503781428316534, 0.2447603606223625], [0.2566145849429192, 0.29604106363979904, 0.24234898701486823, 0.20499536430241347], [0.24343337478935304, 0.28056821642347207, 0.19949919280648792, 0.27649921588068693], [0.252192865868557, 0.31692153831221886, 0.23258237295638473, 0.19830322276283943], [0.1976416410575128, 0.2461203451118855, 0.14958222584553124, 0.40665578788507045]], "ideal": "C", "sampled": "A", "correct": false}}
{"type": "result", "data": {"idx": 15, "options": ["5 minutes", "14 minutes", "34 minutes", "70 minutes"], "probs": [[0.17696099245210628, 0.38277415007658894, 0.24012674746685153, 0.20013810990445324], [0.19131096340392892, 0.37969188181126545, 0.1303926796905236, 0.29860447499428205], [0.1835832758331244, 0.2757244726421219, 0.4231079847919131, 0.1175842666328406], [0.21099386245864285, 0.29907099300824036, 0.18041629135045156, 0.3095188530826652], [0.19049671219595013, 0.13303578889796372, 0.4565559667306533, 0.21991153207543282], [0.21529644725553945, 0.15132281182683244, 0.32179707285524095, 0.3115836679623872], [0.31420369528651726, 0.29218302848175326, 0.2077215369856565, 0.18589173914607293], [0.31452455879192026, 0.2920799829363807, 0.08381507482424362, 0.3095803833474554], [0.30034440457896666, 0.37598309298419025, 0.1474116427224963, 0.1762608596143468], [0.27062838460396343, 0.3497539356074478, 0.23165210388811233, 0.1479655758004765], [0.2949738336047823, 0.17570816764154054, 0.22458104300850618, 0.304736955645171], [0.26041091843978503, 0.16156945473564888, 0.45975955733765744, 0.1182600693869086], [0.2298624446799238, 0.24263443817351507, 0.34688859140716327, 0.18061452563939787], [0.22615582901725867, 0.23620441201642822, 0.11731868806323409, 0.42032107080307907], [0.2252077825204167, 0.47323332642452176, 0.14209039931337902, 0.1594684916416825], [0.2163682285680018, 0.5107454910608789, 0.09521941946258554, 0.17766686080853378], [0.23757243582141951, 0.26635475753468646, 0.14975150748700666, 0.3463212990568873], [0.2116349840711771, 0.20350847226543517, 0.4651931911900426, 0.11966335237334513], [0.17580405580115366, 0.25549759316135356, 0.2978850171617549, 0.2708133337757379], [0.172398547655899, 0.23174692579258196, 0.2876090876535511, 0.30824543879796795], [0.1735116139767934, 0.4611957691926046, 0.167073627272014, 0.198218989458588], [0.16338512299811156, 0.47322696442640166, 0.2402030825374726, 0.12318482993801416], [0.18043183875294602, 0.41933812749652083, 0.12030758438603957, 0.27992244926449356], [0.16087104857955142, 0.36860017083178026, 0.34225551310500785, 0.1282732673836605]], "ideal": "B", "sampled": "B", "correct": true}}
{"type": "result", "data": {"idx": 16, "options": ["18", "24", "25", "29"], "probs": [[0.335938975064883, 0.22044046725629637, 0.26146601459156404, 0.18215454298725653], [0.35846965967304545, 0.23514595275038494, 0.21362949587310642, 0.19275489160346318], [0.31568122847741775, 0.16523483886362322, 0.3607337581969302, 0.1583501743620288], [0.3292582287338791, 0.15906661578217463, 0.13901843169239225, 0.372656723691554], [0.29364328698430686, 0.17969019173702205, 0.3543668283356462, 0.17229969284302488], [0.4041062147550825, 0.18183302064779835, 0.0927246917961458, 0.3213360727009733], [0.18095057392021924, 0.5092202196854654, 0.16590971501406213, 0.14391949128025322], [0.17861419382055033, 0.5479132965281073, 0.1347044517053233, 0.1387680578460191], [0.2394017839281502, 0.41771101324984095, 0.17756183179090276, 0.16532537093110605], [0.2298385099909015, 0.36225400732169943, 0.22079451883039947, 0.1871129637569996], [0.22368914553339986, 0.4059564889846541, 0.21819851450521832, 0.15215585087672773], [0.2515315936133498, 0.41224343285998816, 0.17803141574552275, 0.1581935576811392], [0.15209289233563333, 0.5634158379039577, 0.16060011446211342, 0.12389115519829562], [0.16330089920167934, 0.5371577659135673, 0.09664046619401859, 0.2029008685907347], [0.2605372485498087, 0.2864892908564996, 0.2582736130518853, 0.1946998474418064], [0.2577031369712948, 0.2899173925490167, 0.23069987730013478, 0.22167959307955373], [0.23131834657615932, 0.21561240300205134, 0.2220275169993197, 0.3310417333224696], [0.22907336053941718, 0.21218922732138668, 0.3900845348444907, 0.16865287719470545], [0.2771191381272459, 0.37061269192007545, 0.18725798090188644, 0.16501018895079214], [0.3326406850923406, 0.34052903217834674, 0.09883056055877507, 0.22799972207053754], [0.37771707040568386, 0.30125855211932207, 0.14867328992032156, 0.17235108745467248], [0.3240525520731572, 0.2753312371494585, 0.2836331511342953, 0.11698305954308896], [0.3674876987566625, 0.1817819028911007, 0.15386046467672973, 0.2968699335755071], [0.36451130558613687, 0.19825669825692213, 0.2949760213947956, 0.1422559746621454]], "ideal": "B", "sampled": "A", "correct": false}}
{"type": "result", "data": {"idx": 17, "options": ["(60/6)\u201412=a", "(60\u201412)/6=a", "(60-6)-12=a", "(60+12)/6=a"], "probs": [[0.05474224782586926, 0.813195953822426, 0.02434589177110039, 0.1077159064806043], [0.05785540792503456, 0.8617741914157033, 0.021809351834451724, 0.05856104872481039], [0.06587715151796418, 0.06566583816054179, 0.7812298186282486, 0.08722719159324546], [0.1203412812904168, 0.11113344380191507, 0.07026268698159613, 0.698262587826072], [0.06027477934149076, 0.05291671265939661, 0.8306746420128363, 0.05613386588627635], [0.10408606309964745, 0.056228238410121305, 0.0488365515065248, 0.7908491468837064], [0.40328985148144725, 0.3473374519348194, 0.07924594670303488, 0.17012674978069847], [0.4121175438656374, 0.34116494906385175, 0.05458661208938034, 0.19213089488113044], [0.2686385690015776, 0.09310911178660125, 0.40334815960002984, 0.23490415951179125], [0.3920925498794937, 0.12376390211888451, 0.20079761442325794, 0.2833459334783638], [0.40854551534604433, 0.07053514937161906, 0.318737821481278, 0.20218151370105863], [0.42404949344887594, 0.10805741615960197, 0.13690331474884748, 0.3309897755426746], [0.027831955034288855, 0.2536671175572699, 0.664350870917338, 0.054150056391103214], [0.05875838064969809, 0.44421063854770165, 0.06606282588459757, 0.43096815481800266], [0.026069115893299768, 0.8785547629583398, 0.02659145188548385, 0.06878466916287657], [0.034527205248889255, 0.8949009262518213, 0.021864766456466126, 0.04870710194282339], [0.08503447598910062, 0.14923399907697002, 0.2584175505739948, 0.5073139742599345], [0.05706356465245862, 0.09061457215833509, 0.7712743877593289, 0.08104747532987742], [0.04497603803566126, 0.13486782401239308, 0.7713979618136791, 0.0487581760382665], [0.07974076686140229, 0.2579764262018538, 0.07363356288110202, 0.5886492439556419], [0.038184137855413025, 0.8030507922733306, 0.06804631208900042, 0.09071875768225594], [0.04985069968086494, 0.7267586805145059, 0.05179197070569593, 0.1715986489989333], [0.06628606418389275, 0.05326867063355721, 0.30345377096886444, 0.5769914941136857], [0.04927219706955596, 0.04888449118685217, 0.8160931296773143, 0.08575018196627762]], "ideal": "B", "sampled": "B", "correct": true}}
