{"type": "result", "data": {"idx": 0, "options": ["total revenue is greater than total cost at its greatest distance", "total revenue is equal to total cost", "marginal product is at its highest point", "total product is at its highest point"], "probs": [[0.15950654326642003, 0.6212329221548812, 0.05983460649372866, 0.15942592798497002], [0.15992740033349612, 0.6377250646568144, 0.05906997708489843, 0.14327755782479104], [0.12696378168244193, 0.05608962207638646, 0.7264855638627945, 0.09046103227837707], [0.202313154743262, 0.07765012400192438, 0.11298026791722272, 0.6070564532375909], [0.14686783422606894, 0.07063206652906878, 0.6971355443491937, 0.08536455479566857], [0.1882019610782718, 0.07225041728116152, 0.11371197380907712, 0.6258356477314896], [0.3273715972573019, 0.2989903390108572, 0.14202001689444363, 0.23161804673739728], [0.315475182265729, 0.30899508415772264, 0.12073774519222752, 0.2547919882843208], [0.34503901258414965, 0.09932208879283823, 0.40863940420117034, 0.14699949432184176], [0.33888460464682124, 0.10202340415677194, 0.22283961706762898, 0.33625237402877783], [0.34398713096650874, 0.09447594490698528, 0.4206401266559399, 0.14089679737056607], [0.3186588788113558, 0.09156298363595551, 0.2530955596582649, 0.3366825777944238], [0.08694061312176316, 0.10521883869538891, 0.7255315509632552, 0.08230899711959273], [0.14296469836558437, 0.10574874087290355, 0.08644654306743693, 0.6648400175940752], [0.1825242705822332, 0.2474319823986823, 0.43513173895604407, 0.13491200796304043], [0.2352211422561071, 0.11238211886096951, 0.23824206949827195, 0.41415466928465144], [0.15207966463652606, 0.10824040141873086, 0.1109063906584395, 0.6287735431863035], [0.2245883527857239, 0.15240815507449748, 0.13449973067040918, 0.48850376136936946], [0.08572984102718761, 0.1271343919298595, 0.7102281133018344, 0.07690765364111841], [0.122806915053417, 0.12145856857171937, 0.0917695841978332, 0.6639649320770304], [0.12445367407844395, 0.3722659508412613, 0.37837006228470277, 0.12491031269559204], [0.1747859586014932, 0.17162576527475434, 0.24819187458418368, 0.40539640143956873], [0.12933733190766034, 0.11115786431794826, 0.12813591096592686, 0.6313688927084645], [0.17457865626385505, 0.15583144688052603, 0.1333717624190138, 0.5362181343366051]], "ideal": "A", "sampled": "B", "correct": false}}
{"type": "result", "data": {"idx": 1, "options": ["Increase capital and decrease labor so that the marginal product of capital falls and the marginal product of labor rises.", "Increase capital and decrease labor so that the marginal product of capital rises and the marginal product of labor falls.", "Decrease capital and increase labor so that the marginal product of capital rises and the marginal product of labor falls.", "Decrease capital and increase labor so that the marginal product of capital falls and the marginal product of labor rises."], "probs": [[0.2711769382559821, 0.20820673118247807, 0.16872257243976435, 0.35189375802177547], [0.25495275472605655, 0.18560062070420139, 0.4160556730799708, 0.14339095138977123], [0.19477930188805484, 0.2175934726017253, 0.08452316813564097, 0.5031040572745789], [0.2286393838010352, 0.31355039860672657, 0.24425080814374142, 0.21355940934849676], [0.2162145081994492, 0.5285550597005361, 0.07843084851704302, 0.17679958348297167], [0.21514987622806844, 0.4904918597074822, 0.14034446863403463, 0.1540137953304147], [0.28695377704611846, 0.2577455341558203, 0.22059710321604606, 0.23470358548201517], [0.2447557485567513, 0.24924169849707284, 0.3334111620660674, 0.1725913907801084], [0.28520855729720823, 0.27062312169085445, 0.19962938425376556, 0.24453893665817175], [0.20562753692083255, 0.264832087276681, 0.32008660790361687, 0.20945376779886954], [0.15615753384919384, 0.6008809611191136, 0.07385164248700114, 0.16910986244469142], [0.16131812740841267, 0.539248787906194, 0.0750818276647912, 0.22435125692060215], [0.21585517755217168, 0.33260129633355867, 0.12409871717561331, 0.32744480883865634], [0.23313358771158837, 0.348280911832208, 0.1496242455932518, 0.26896125476295185], [0.24045273659208938, 0.3427446186199766, 0.19221973417267255, 0.22458291051526144], [0.2532011455103361, 0.22404477486553992, 0.31392137789918745, 0.2088327016249365], [0.24293091166776262, 0.4016778348974692, 0.20193677536802404, 0.15345447796674413], [0.2543496267049363, 0.37692977117493764, 0.17935596939188692, 0.1893646326282391], [0.27473438192741084, 0.35935122306555, 0.20157775581218287, 0.1643366390948563], [0.35872067928539675, 0.30979796317704106, 0.16448471948395257, 0.16699663795360967], [0.25776869440136607, 0.3759143110125004, 0.1257168371211464, 0.24060015736498708], [0.26018383514848625, 0.30961256524180436, 0.09803779948182971, 0.33216580002787965], [0.3269661317890828, 0.23048813295312356, 0.2739795405295761, 0.16856619462821748], [0.296992821827313, 0.2428482879238596, 0.22295878331929592, 0.23720010682953147]], "ideal": "C", "sampled": "D", "correct": false}}
{"type": "result", "data": {"idx": 2, "options": ["the supply curve intersects the demand curve", "neither party has an incentive to deviate from his or her strategy", "the marginal revenue curve intersects the marginal cost curve", "the equilibrium is unstable and each party would like to switch strategies"], "probs": [[0.05995716839205807, 0.8626408429958502, 0.026176718494934526, 0.05122527001715717], [0.07213107449364543, 0.860911393018761, 0.03098963500894099, 0.03596789737865264], [0.05599203639724929, 0.07278672035606586, 0.8179247930706417, 0.05329645007604317], [0.07372126700095755, 0.10118011346498076, 0.054230976642345156, 0.7708676427917165], [0.0651710286002715, 0.14862025446986243, 0.7488072252481657, 0.037401491581700405], [0.08009701072188041, 0.10902284626647535, 0.035469147643827435, 0.7754109952678168], [0.79419220373503, 0.05856506591336095, 0.05609534370444802, 0.09114738654716105], [0.8425295383479933, 0.05701335540221227, 0.04492801444128896, 0.0555290917085055], [0.8096601788457795, 0.06012943327500663, 0.03868842698856981, 0.09152196079064413], [0.8432227906292392, 0.05609366652401752, 0.04600544564745436, 0.05467809709928891], [0.8459287783759055, 0.05172970466523576, 0.034572151446657734, 0.06776936541220095], [0.8606658692170256, 0.05378733274246069, 0.02656240612585425, 0.058984391814659434], [0.057287153695097695, 0.023302879872864446, 0.8660813133591919, 0.05332865297284594], [0.08942750162055511, 0.032319933413610925, 0.06431996124578024, 0.8139326036200537], [0.06095608143691128, 0.8707053340137844, 0.017382273999164727, 0.050956310450139604], [0.07174667397894281, 0.8699447434237729, 0.021926259064046914, 0.036382323433237315], [0.08881164655583584, 0.0678286278342873, 0.02750020012450851, 0.8158595253853683], [0.06969989856435364, 0.05902128569611753, 0.8421927423107567, 0.02908607332877215], [0.06748221219734032, 0.03755721160894297, 0.8607643438185755, 0.0341962322751412], [0.10794225374253355, 0.04415406302723591, 0.05450619404406493, 0.7933974890861656], [0.07270089414303908, 0.833808527236727, 0.027383991986650796, 0.06610658653358305], [0.07277499815373314, 0.8544208643750786, 0.02400562643701885, 0.04879851093416939], [0.11583951416524893, 0.04313382618419423, 0.04736629624028725, 0.7936603633102696], [0.07661458734976144, 0.0328795867696369, 0.8526863923905987, 0.03781943339000292]], "ideal": "B", "sampled": "B", "correct": true}}
{"type": "result", "data": {"idx": 3, "options": ["goods X and Y are normal goods.", "goods X and Y are inferior goods.", "goods X and Y are complementary goods.", "goods X and Y are substitute goods."], "probs": [[0.1244747778315436, 0.06513299743825796, 0.08543834025721941, 0.724953884372979], [0.1029802872455949, 0.06175810254655239, 0.648345049077765, 0.1869165610300876], [0.10916639077627359, 0.16383306619438928, 0.021895658141063843, 0.7051048847882733], [0.10655119458371053, 0.23045167612839637, 0.6263011366686669, 0.036695992519226124], [0.10232538080856855, 0.7395938165748559, 0.02377791179395175, 0.1343028907226238], [0.12421265849481418, 0.769697955512422, 0.07194591232475259, 0.03414347356801125], [0.08801016013911565, 0.08602320954781613, 0.08466284532006933, 0.7413037848929989], [0.07545284462162488, 0.09575812874365895, 0.6817072287156166, 0.1470817978190995], [0.06945090041667737, 0.14934441433732165, 0.02947920636560806, 0.7517254787803929], [0.07154482442442528, 0.24144507402497647, 0.6466769430882455, 0.04033315836235272], [0.06124170260804247, 0.7896242913475239, 0.026576720769505617, 0.122557285174928], [0.0649992419528404, 0.8404463121728502, 0.05396091676153086, 0.04059352901277858], [0.1401800413725803, 0.05162102166195964, 0.02235738453192637, 0.7858415523335337], [0.10308468778638295, 0.06064948258242046, 0.803445493991929, 0.03282033553926759], [0.13654784246444873, 0.0510666533776721, 0.03531537419284701, 0.7770701298650321], [0.11158325477288242, 0.05974249490830636, 0.7801561398658573, 0.04851811035295391], [0.12178387968041608, 0.8339002457766523, 0.018271076274498702, 0.026044798168432883], [0.12159629257867983, 0.8196240035483332, 0.017553619385774273, 0.04122608438721265], [0.7355222427287458, 0.07305058564071806, 0.027068397881796245, 0.16435877364873994], [0.8140281488211525, 0.08413557143249072, 0.07356261713019836, 0.028273662516158482], [0.7022617981820731, 0.07601602941110748, 0.039674165816673344, 0.18204800649014605], [0.782297452744404, 0.08212927197180786, 0.08935290062081723, 0.046220374562970935], [0.823677701680594, 0.13466268500588988, 0.018860758825240794, 0.022798854388275364], [0.7811299300269258, 0.1552757389154391, 0.0212414776671931, 0.04235285329044205]], "ideal": "D", "sampled": "D", "correct": true}}
{"type": "result", "data": {"idx": 4, "options": ["causes the equilibrium price to be artificially high", "causes the equilibrium price to be artificially low", "exists when markets cannot reach equilibrium", "results in an equilibrium that does not maximize the total benefit to society"], "probs": [[0.07576286944354324, 0.09035816080888022, 0.019412676214474046, 0.8144662934331025], [0.04749066843158947, 0.05165558031533391, 0.8666761678089059, 0.03417758334417071], [0.06452568523647323, 0.03244209240883875, 0.06967382773546277, 0.8333583945192252], [0.03857597886841286, 0.02399095958276854, 0.8927043822576385, 0.04472867919118015], [0.0439316729803874, 0.9034920677526167, 0.017781005673725724, 0.034795253493270166], [0.04018757433764742, 0.8933804733194726, 0.013197806763647743, 0.0532341454792323], [0.12060991692219299, 0.08851854317798868, 0.025548806166812345, 0.765322733633006], [0.08028463659595414, 0.04937323334141019, 0.8190346589296993, 0.0513074710329364], [0.1140479230323225, 0.04933143443367868, 0.07497901524583, 0.7616416271881689], [0.07746076011167928, 0.03805483962337491, 0.8047839582230915, 0.0797004419418544], [0.10907907403552382, 0.7975020675216273, 0.03172496812296324, 0.06169389021988559], [0.0982265959600203, 0.7814218125293546, 0.021426920723620627, 0.09892467068700452], [0.05788453446193753, 0.0343112097652906, 0.053042632974217005, 0.8547616226985548], [0.03680262947327192, 0.026333616848903146, 0.8910894361309722, 0.04577431744685267], [0.08217987019365909, 0.08796810676922365, 0.05496128009270133, 0.774890742844416], [0.061212321319556354, 0.07429451217897441, 0.7963543832863837, 0.06813878311508552], [0.04469557414080327, 0.8905172364811011, 0.015445920770372863, 0.04934126850772266], [0.04676577394076876, 0.8602105189180046, 0.026185500836939803, 0.06683820620428686], [0.8743338079167744, 0.03872503116250969, 0.022281926699101964, 0.06465923412161391], [0.8535272955149328, 0.03632194378917719, 0.014508941088783162, 0.09564181950710686], [0.8394907931011194, 0.05900062028847842, 0.03164788045244523, 0.06986070605795694], [0.7802543334155705, 0.06020671638180806, 0.01947307696569698, 0.14006587313692445], [0.8508276897171339, 0.03652505814361593, 0.018132913175371395, 0.0945143388638788], [0.7851019278022315, 0.0443887328949717, 0.0362622290241874, 0.13424711017860935]], "ideal": "D", "sampled": "D", "correct": true}}
{"type": "result", "data": {"idx": 5, "options": ["Collusive output levels tend to increase, driving the price above competitive levels.", "Consumer surplus falls as the price is driven downward.", "Collusive output levels tend to decrease, driving the price down to competitive levels.", "Joint profit maximization costs society consumer surplus as the price rises above competitive levels."], "probs": [[0.6675052629721506, 0.07854781284413334, 0.02720967861140056, 0.2267372454723155], [0.7077620413858623, 0.08340354759444583, 0.1265670619311407, 0.08226734898855113], [0.6774087358312697, 0.046158692436556306, 0.019739960698114352, 0.2566926109340596], [0.44064614993111134, 0.039477296904946765, 0.47859934859033465, 0.04127720447360723], [0.6063375483710041, 0.30567982846734815, 0.017600735680490365, 0.07038188738115744], [0.5998371700963386, 0.33757346462903304, 0.02166096845071165, 0.04092839672391664], [0.11648373167084682, 0.16634323568768822, 0.1022215091748429, 0.6149515233666221], [0.08602388074098263, 0.15022195650294307, 0.6908069149338776, 0.07294724772219675], [0.09397807041344582, 0.07531320359038089, 0.11914954422079284, 0.7115591816753805], [0.06526189053665561, 0.05021064540947122, 0.8117154533455377, 0.07281201060833543], [0.04931383676442761, 0.8539209483871739, 0.029155200577860186, 0.06761001417053825], [0.05234875939011097, 0.7506468882539669, 0.025502761955832752, 0.17150159030008943], [0.11676467116302136, 0.18160841881949927, 0.035096680840507495, 0.6665302290769719], [0.07274885962727158, 0.08676314189809384, 0.8044905605138641, 0.035997437860770455], [0.07750924046321339, 0.05449730238514509, 0.2327624891877241, 0.6352309678639174], [0.06783753089934307, 0.0518165320647557, 0.751391611959647, 0.12895432497625428], [0.05107853607221195, 0.8842329510651118, 0.02922864125015403, 0.035459871512522195], [0.04663066977138547, 0.852410323526865, 0.0120887859794321, 0.0888702206223175], [0.9027141886597576, 0.03237158631258535, 0.01062878100234856, 0.05428544392530848], [0.9160327809225237, 0.030177782985447998, 0.015671779315248557, 0.03811765667677972], [0.8893036973973465, 0.027525917103010323, 0.018637173153640347, 0.06453321224600281], [0.8483053460768653, 0.03430416068520857, 0.020187133958755703, 0.09720335917917042], [0.9055601784880857, 0.04047933145059918, 0.01797375049311209, 0.03598673946820308], [0.8741704627048241, 0.04288002088296578, 0.011421251940459213, 0.07152826437175094]], "ideal": "D", "sampled": "D", "correct": true}}
{"type": "result", "data": {"idx": 6, "options": ["Perfectly horizontal demand curve.", "Highly inelastic demand curve.", "Highly elastic demand curve.", "A demand curve consisting of two discontinuous segments."], "probs": [[0.1443862180594228, 0.0751384204188729, 0.07340750897245295, 0.7070678524492513], [0.12273247630212597, 0.07060470483941633, 0.7411987836007072, 0.06546403515775048], [0.15037267356717904, 0.08803012483521536, 0.06384232084834879, 0.6977548806492568], [0.12160283688291328, 0.07623234617640236, 0.7458154780659955, 0.056349338774688895], [0.17461880200170216, 0.6275603408320154, 0.0610998966148452, 0.13672096045143728], [0.17633273054876572, 0.6545496072985924, 0.0632034606039535, 0.10591420144868839], [0.20704683813652322, 0.12583834025375074, 0.102813326578091, 0.5643014949316351], [0.1585833465577779, 0.0862308685297909, 0.678243950200294, 0.07694183461213713], [0.18766147176030423, 0.16073939442128973, 0.08547015614653491, 0.5661289775718711], [0.14869025458912974, 0.10869345148827578, 0.687276070401457, 0.05534022342113748], [0.21367794193545797, 0.6073183990135007, 0.05737899594411533, 0.12162466300692595], [0.2014987266961484, 0.6705219570113239, 0.04460767167266037, 0.08337164451986737], [0.21214026052514048, 0.14386431764218782, 0.07634880336095735, 0.5676466183717144], [0.16720185554153355, 0.10458794035547843, 0.6641548621667169, 0.06405534183627111], [0.19505339713639497, 0.1014317713469776, 0.10550387869089896, 0.5980109527257285], [0.14237732171108566, 0.07161779941110953, 0.7346014029968281, 0.051403475780976676], [0.25225637676126444, 0.5624824459092886, 0.08285658492806564, 0.10240459230138134], [0.2513654445520172, 0.5965539016388404, 0.044219116124663345, 0.10786153758447906], [0.5961179625190544, 0.16165590119395556, 0.09952521393777093, 0.14270092224921915], [0.6592433297957611, 0.16159857401414385, 0.08117032594564172, 0.09798777014445335], [0.5487431614293172, 0.14789836988748536, 0.1444723096030906, 0.15888615898010686], [0.674790451251258, 0.12577020183660031, 0.07053274880145369, 0.12890659801068802], [0.6300941564236622, 0.1533692891734365, 0.11665944493156588, 0.09987710937133538], [0.6606117885461916, 0.14968028217010124, 0.06044205842480456, 0.12926587075890258]], "ideal": "D", "sampled": "D", "correct": true}}
{"type": "result", "data": {"idx": 7, "options": ["Higher risk job.", "Investment in human capital.", "Increase in production of SUVs.", "Racial discrimination."], "probs": [[0.09299496075352369, 0.11665018783422584, 0.6279588013578956, 0.1623960499543548], [0.1388023017475763, 0.10764145609461435, 0.12088448282870701, 0.6326717592291023], [0.12324013284314797, 0.611620829678539, 0.07741811697711468, 0.18772092040119834], [0.12305371175421, 0.6766796959513146, 0.1125498679372573, 0.08771672425721815], [0.09013628173784292, 0.6857795059046181, 0.045439049426467315, 0.17864516283107157], [0.11353712358625147, 0.7001359357709517, 0.08727001267886651, 0.09905692786393035], [0.09681567164345771, 0.15467803754891554, 0.5946021300929042, 0.15390416061472248], [0.14661515810766468, 0.13390148775724212, 0.1994715273338305, 0.5200118267012627], [0.13141333761808416, 0.6079149705774769, 0.07991898625470986, 0.18075270544972913], [0.1365065682838974, 0.7009687810146558, 0.0971888945247231, 0.06533575607672373], [0.14915671453184248, 0.3646302169321326, 0.05850116555188075, 0.4277119028841441], [0.14766564303654586, 0.29622887237854933, 0.4520399665958659, 0.10406551788903884], [0.5894529222852625, 0.1199167147158869, 0.0815341845073228, 0.20909617839152783], [0.48562069275229675, 0.14619859615894684, 0.27306049245665276, 0.09512021853210363], [0.6100855059999378, 0.11836355874791236, 0.07621398056336677, 0.19533695458878308], [0.5867466111361367, 0.15577171161063544, 0.16949113570354468, 0.08799054144968319], [0.4019910782618657, 0.45689735833227413, 0.054022879610535174, 0.087088683695325], [0.3887657994581526, 0.4670849352794923, 0.059233407338004015, 0.08491585782435108], [0.5815434931902072, 0.09265610589067307, 0.05920358486804975, 0.26659681595107], [0.5880620277275549, 0.11496574456355466, 0.18634015079260127, 0.11063207681628923], [0.5894261111740331, 0.10069091059547533, 0.0501228617477001, 0.25976011638279145], [0.5183216680432723, 0.13014463461603926, 0.2668091535396973, 0.08472454370099113], [0.7066278964605417, 0.12467026991854008, 0.06927210911015293, 0.09942972441076532], [0.7037877930922682, 0.12612367977246522, 0.08130825934031741, 0.08878026769494918]], "ideal": "C", "sampled": "C", "correct": true}}
{"type": "result", "data": {"idx": 8, "options": ["all requirements for price discrimination", "required in order for a firm to earn short-run profits", "all sources of elastic demand", "all barriers to entry"], "probs": [[0.09228032620191913, 0.07259613857595038, 0.029767348694044526, 0.8053561864280859], [0.11532461526726173, 0.09405178206835815, 0.7507195770847592, 0.03990402547962088], [0.11629672000745096, 0.05856726515997099, 0.04983952864984386, 0.7752964860827342], [0.07905672215962928, 0.04972261486287082, 0.8282819287116707, 0.04293873416582912], [0.10815738321768081, 0.8109757439331017, 0.023753753327780423, 0.05711311942143708], [0.13308138100117464, 0.6937380068936186, 0.02339240614288941, 0.14978820586231725], [0.11078883479419144, 0.040897606961299945, 0.014579837841613283, 0.8337337203028954], [0.08971198379954674, 0.02967546977773177, 0.8579611521708967, 0.022651394151824725], [0.1046564567638509, 0.03891746380467383, 0.025804487733574903, 0.8306215915979004], [0.07507800747501313, 0.031386932931472364, 0.8568117862644437, 0.0367232732290708], [0.14542296283577755, 0.8062255842623969, 0.015285154546821477, 0.033066298255004144], [0.19208681331030972, 0.7093133833198348, 0.022214879921270886, 0.0763849233485845], [0.1118909915525032, 0.10114622567236269, 0.027175070067388434, 0.7597877126077457], [0.09262403672335096, 0.09367784682324573, 0.7529165007740503, 0.06078161557935301], [0.09054309837138119, 0.06639299315389481, 0.027826799391269003, 0.815237108983455], [0.08119451435278184, 0.07499725538481153, 0.7983039199128531, 0.04550431024955349], [0.08801751861641632, 0.7832558402294266, 0.023690550404540225, 0.10503609064961683], [0.07229785252447875, 0.8631934376863277, 0.017227859201757505, 0.04728085048743606], [0.8885972796884269, 0.040437580506700044, 0.0310644406033534, 0.039900699101519645], [0.625671795561851, 0.07177615008186018, 0.023457484377305857, 0.27909456987898296], [0.9015669318106316, 0.058178365820753544, 0.013277380861924534, 0.02697732140669028], [0.8439579957599592, 0.08059794222266381, 0.012345506451990186, 0.06309855546538683], [0.5038999036996624, 0.06057573143295184, 0.038229210024832344, 0.39729515474255334], [0.8421387546093724, 0.051992028171704105, 0.03056453867599884, 0.07530467844292463]], "ideal": "D", "sampled": "D", "correct": true}}
{"type": "result", "data": {"idx": 9, "options": ["increasing-cost industry", "constant-cost industry", "decreasing-cost industry", "profit-making industry"], "probs": [[0.1868903040699035, 0.2006779759921621, 0.43793144817741353, 0.17450027166052084], [0.2315919593523433, 0.2176713100899056, 0.08005633591553186, 0.4706803945422192], [0.28394286552467785, 0.3394900706298874, 0.2203993996578861, 0.15616766408754862], [0.25568585632844987, 0.3290183719284246, 0.10159969695387681, 0.3136960746892487], [0.2079530364032035, 0.1350948911095835, 0.30781858469586354, 0.34913348769134944], [0.1927774875087109, 0.12609826214987085, 0.37546811063510754, 0.30565613960631066], [0.19760702842892572, 0.29002163243406015, 0.3397049954149913, 0.17266634362202285], [0.22025456352767803, 0.30935240941204123, 0.08567024340630598, 0.38472278355397477], [0.19770681561479564, 0.39748408794177237, 0.26197018826412793, 0.14283890807930405], [0.19114619349158024, 0.33182307827266505, 0.07666895480678984, 0.4003617733289649], [0.20099977555350124, 0.11193423472421656, 0.37603970059149777, 0.31102628903078444], [0.16215545420680497, 0.09235167777662864, 0.36421672591550996, 0.3812761420010564], [0.28401859322247214, 0.24248356030765233, 0.31625817789290983, 0.1572396684769657], [0.2793766849303533, 0.2372985729500283, 0.1491880721347827, 0.3341366698848357], [0.25939628865801556, 0.23756237679672423, 0.3713727946412646, 0.1316685398039956], [0.2529442178159618, 0.21964732154846708, 0.11278361237794875, 0.4146248481576224], [0.24916013696504125, 0.15764287817285524, 0.3014168277714805, 0.291780156990623], [0.23081733742354807, 0.15671476019626893, 0.23889562907382714, 0.37357227320635583], [0.1734074846685878, 0.2603487514981303, 0.2467809470179691, 0.3194628167153128], [0.16203965245057003, 0.312236458031902, 0.2394690364359759, 0.2862548529815521], [0.17163997419786514, 0.20847677934926828, 0.2574992631117851, 0.36238398324108145], [0.14911015774636946, 0.18534203424215703, 0.28139687420286724, 0.38415093370860626], [0.17438550482544593, 0.35208338852554955, 0.18490100017568692, 0.2886301063733176], [0.1734276187204315, 0.29458041659417533, 0.1825988210883459, 0.3493931434970473]], "ideal": "B", "sampled": "C", "correct": false}}
{"type": "result", "data": {"idx": 10, "options": ["Amount of wood used to make a desk.", "Number of pickles put on a sandwich.", "The size of a McDonald\u2019s kitchen.", "Number of teacher\u2019s assistants in local high schools."], "probs": [[0.13776783335840265, 0.06306182451522443, 0.6442463253335214, 0.15492401669285144], [0.14350360951263275, 0.06984133428772248, 0.4527891975066837, 0.33386585859296103], [0.13404978710525503, 0.5696503476999993, 0.06659273007894663, 0.229707135015799], [0.1160574288528797, 0.6968085505560401, 0.11850257520300604, 0.06863144528807415], [0.15448095478364351, 0.2968669644024248, 0.034280189655280464, 0.5143718910586511], [0.13862767917489296, 0.3597743537645455, 0.4345896275993933, 0.0670083393611682], [0.11649171175021501, 0.09497755694201347, 0.6365010690313276, 0.15202966217644387], [0.13713410699686132, 0.1399054995025189, 0.25548786303063203, 0.4674725303699877], [0.13275983038082462, 0.5422631137993473, 0.05909222712648536, 0.2658848285933427], [0.09846937288590894, 0.7412939390806915, 0.08134425127645552, 0.07889243665694401], [0.14242053030497182, 0.2737045585835457, 0.04220053553159232, 0.5416743754798902], [0.11542881422079385, 0.3393898130932159, 0.47185290374380773, 0.07332846884218246], [0.5436261579251787, 0.09604222082351513, 0.06630025404104524, 0.29403136711026095], [0.45826917291979063, 0.0898240925935138, 0.38202070198221144, 0.0698860324044841], [0.5375270327019654, 0.11100404128818371, 0.07846224424147148, 0.2730066816683794], [0.5889449715025373, 0.09932263194521453, 0.22208519277735966, 0.08964720367488843], [0.7334311871943543, 0.16990814341806376, 0.03213430797131995, 0.064526361316262], [0.666299025129149, 0.15199311982024416, 0.03867526582541343, 0.14303258912519337], [0.2975063301511154, 0.08091824440654881, 0.04489816691353336, 0.5766772584288025], [0.22245151960932663, 0.07392226048680627, 0.6353828811698129, 0.06824333863405418], [0.29903123893695077, 0.07186124740795591, 0.1009784527386498, 0.5281290608164435], [0.20916497159835126, 0.05587328451643576, 0.6414839457437124, 0.09347779804150066], [0.4925526531277482, 0.39403899325844144, 0.03169128949053204, 0.08171706402327833], [0.34520010465060263, 0.4054758351964121, 0.03237715578909165, 0.2169469042638936]], "ideal": "C", "sampled": "C", "correct": true}}
{"type": "result", "data": {"idx": 11, "options": ["Price rises, but quantity is ambiguous.", "Price falls, but quantity is ambiguous.", "Price is ambiguous, but quantity rises.", "Price is ambiguous, but quantity falls."], "probs": [[0.3905879251706367, 0.2001256048572809, 0.25923063299676025, 0.15005583687532212], [0.3870671871791491, 0.20441556855733772, 0.18183740429736525, 0.2266798398661479], [0.4037073079234648, 0.3102253104671133, 0.11051204462114987, 0.17555533688827196], [0.38844167603480123, 0.31055846344467125, 0.15981401263346515, 0.14118584778706236], [0.3708981032432474, 0.2475889957834401, 0.15735242003644176, 0.22416048083687073], [0.35210261007679083, 0.25443560072049964, 0.28220588176264, 0.11125590734006953], [0.2961599660887182, 0.30441896485111075, 0.22982358467472247, 0.16959748428544855], [0.3089065505418243, 0.3099828017940661, 0.15572945539989266, 0.22538119216421693], [0.3009328380343167, 0.29758076206960166, 0.2506296448440401, 0.15085675495204154], [0.3058882653407338, 0.2905000447936429, 0.14262464641098474, 0.2609870433546386], [0.2770603340149077, 0.19130459710986575, 0.32107133148486405, 0.21056373729036254], [0.28994833123995656, 0.2195094874500995, 0.22503288572119434, 0.26550929548874963], [0.30278331489490523, 0.3933991251999001, 0.1090708838155705, 0.19474667598962417], [0.31278850043216966, 0.390623914737259, 0.11353266745561506, 0.18305491727495626], [0.29116853200955595, 0.26195516399043384, 0.26231478860393254, 0.1845615152960777], [0.339388067399477, 0.26472308834642744, 0.14860676006072696, 0.24728208409336855], [0.3188401555350514, 0.2231850541364005, 0.2826916957421046, 0.17528309448644347], [0.3029085469756198, 0.21860833325224038, 0.1993943155063735, 0.2790888041657663], [0.21012730969825993, 0.36752480022844053, 0.11463668305298837, 0.3077112069203111], [0.21597967396067436, 0.402828353518843, 0.21062370504944203, 0.17056826737104058], [0.2252684797826375, 0.2522773704831246, 0.23359338588772707, 0.2888607637465108], [0.2622448088453066, 0.25502200772199857, 0.25553150820271125, 0.22720167512998357], [0.2046741094478355, 0.2813606946365289, 0.3562122317634276, 0.15775296405220804], [0.2355021763952854, 0.28274892915196187, 0.20073699350921645, 0.2810119008435362]], "ideal": "C", "sampled": "A", "correct": false}}
{"type": "result", "data": {"idx": 12, "options": ["A bumper crop of oranges in Florida", "A decrease in the price of Tang", "Expectations of lower future prices for orange juice", "Expectations of higher future income among juice drinkers"], "probs": [[0.2104803739206063, 0.30088439132416855, 0.2998231306398629, 0.18881210401536225], [0.19542330535608543, 0.32133088098748297, 0.2198411956327959, 0.26340461792363573], [0.16256258495622164, 0.5283405381039636, 0.10996891221678691, 0.19912796462302784], [0.1751861728719083, 0.47594503838533486, 0.18671433804978443, 0.1621544505929724], [0.15559976364011666, 0.4603275381863213, 0.08859499760010031, 0.2954777004734618], [0.14718179622581715, 0.385045236087758, 0.33344999449271334, 0.13432297309371155], [0.2580342071404573, 0.21638318048885818, 0.30667463855879334, 0.2189079737118912], [0.27647465876667604, 0.2335220460885004, 0.24981172752581937, 0.2401915675190042], [0.26192496785435265, 0.31212540338049793, 0.207109582827217, 0.21884004583793243], [0.23427057263892645, 0.30459839102560093, 0.2440597861761174, 0.21707125005935518], [0.22388169167187147, 0.3887394964306237, 0.14327426253316555, 0.24410454926433925], [0.22387130222657803, 0.2981673136328417, 0.24647204208186138, 0.2314893419587189], [0.49923148750847224, 0.14400351677864107, 0.10074586564809744, 0.2560191299647892], [0.4433271654010945, 0.13971705557891623, 0.2580863227483247, 0.15886945617166454], [0.43429634617838014, 0.18857178371111005, 0.1921908287838259, 0.1849410412266839], [0.3640701146891129, 0.19699488307101565, 0.2501511945935204, 0.18878380754635107], [0.4343194131762496, 0.25566578289791997, 0.14158031553969064, 0.16843448828613972], [0.39140931998409834, 0.24155739357630543, 0.16411546627509954, 0.2029178200644967], [0.41720347166372646, 0.21150610636690068, 0.10249510043188807, 0.26879532143748475], [0.29987193491463954, 0.1786751975838322, 0.4020365357907353, 0.11941633161079296], [0.29516530033974614, 0.2007357030906213, 0.3175788819472308, 0.18652011452240175], [0.2614445427013936, 0.19378485072380874, 0.29473951895179684, 0.2500310875230008], [0.2651931244758657, 0.40015959736872553, 0.16988399398743953, 0.16476328406796922], [0.2512919269058359, 0.3645277862701701, 0.15854082763783967, 0.2256394590861544]], "ideal": "D", "sampled": "C", "correct": false}}
{"type": "result", "data": {"idx": 13, "options": ["Demand is downward-sloping.", "The demand curve lies above the marginal revenue curve.", "Price is determined by the equilibrium in the entire market.", "Average revenue differs from price."], "probs": [[0.20222078713736086, 0.10332296273546003, 0.49878264583389004, 0.19567360419328902], [0.2274687835167394, 0.12676909281306903, 0.12411569525291817, 0.5216464283172734], [0.20546116963668792, 0.46894897957786125, 0.10636541753617029, 0.21922443314928056], [0.236142449470317, 0.43281872766402285, 0.14723947203953489, 0.18379935072612527], [0.2521227001891737, 0.1471152454467524, 0.09586428104872503, 0.5048977732153488], [0.21103647034685744, 0.13816959948693455, 0.5040019674988945, 0.1467919625673135], [0.15320159493344845, 0.13324652610876855, 0.5465860962321151, 0.1669657826256679], [0.16532148665505697, 0.16693035015180854, 0.10639459052205963, 0.5613535725710749], [0.13125766812442458, 0.641686081822123, 0.0952700674438574, 0.13178618250959512], [0.13369931080048456, 0.6126523522024782, 0.10309810781791824, 0.15055022907911905], [0.18743948263675042, 0.24314609126676082, 0.14224382591278437, 0.4271706000837044], [0.1848012467915536, 0.321130950486194, 0.31721051434745334, 0.17685728827479905], [0.47564960793712163, 0.18505257530620076, 0.12533740328525445, 0.21396041337142313], [0.46994133020183826, 0.20879038052769175, 0.1100766459065849, 0.21119164326388504], [0.5276975153089308, 0.15254886787831132, 0.1180595558329977, 0.20169406087976016], [0.4581321775455106, 0.1489447057098217, 0.1702841818162388, 0.22263893482842886], [0.5094960331407313, 0.1450342237804337, 0.16847197709783024, 0.17699776588100474], [0.5696898314416625, 0.13219313814633657, 0.08602919749164077, 0.21208783282036014], [0.2228236993065507, 0.2777456404977223, 0.1055640527253993, 0.39386660737032764], [0.19494925437408264, 0.3156100511235293, 0.3290145098834041, 0.16042618451898394], [0.21863565498298512, 0.16146956863784095, 0.13002999513130448, 0.48986478114786947], [0.20964795036532172, 0.15793314339230932, 0.4483019642336597, 0.18411694190870925], [0.2869254393130528, 0.24615359670671355, 0.25062129272430245, 0.21629967115593118], [0.31034751130580646, 0.2809688574227843, 0.16930034021682835, 0.23938329095458089]], "ideal": "C", "sampled": "C", "correct": true}}
{"type": "result", "data": {"idx": 14, "options": ["money.", "plant and equipment.", "where the central government is located.", "the center of the economy."], "probs": [[0.09727568386764808, 0.8735251612936004, 0.007534436110856968, 0.021664718627894573], [0.08618968404717622, 0.8917457304585475, 0.00733085664710799, 0.014733728747168185], [0.06081351501303337, 0.042711107964019605, 0.8790493410159169, 0.017426035907030134], [0.06805908057539374, 0.036832236724031714, 0.01011954656363586, 0.8849891360369386], [0.056479747228194814, 0.0422391734164599, 0.8899385158119115, 0.011342563443433745], [0.07338342247539154, 0.03587918070052396, 0.007401367827915444, 0.883336028896169], [0.932401199590781, 0.03285454491734119, 0.014426427251897616, 0.02031782813998009], [0.9474714397436623, 0.02876649796675073, 0.010003729722393544, 0.013758332467193445], [0.9249189884426369, 0.04280104764567607, 0.01476163570222978, 0.01751832810945726], [0.9272724104118024, 0.03840468705494111, 0.009000160453867465, 0.025322741979388993], [0.9286843476812289, 0.047163448915622866, 0.013384927906904657, 0.010767275396243618], [0.9194370139991977, 0.04349756529727335, 0.007468014637982921, 0.02959740596554599], [0.03446505706673002, 0.06572562710837702, 0.8818169770389399, 0.01799233868595305], [0.0407474005209416, 0.04636050405024001, 0.01082013923872146, 0.9020719560900969], [0.051086155366666164, 0.8922730897177298, 0.02375177378288291, 0.032888981032721185], [0.048550571517998145, 0.87339280725637, 0.010299097592112219, 0.06775752353351956], [0.04464476116084506, 0.04178741139072415, 0.032649337755613864, 0.8809184895928169], [0.0309033843003855, 0.04006605139713704, 0.9020725654906478, 0.0269579987118296], [0.03955048816867182, 0.07489493759265399, 0.87316865150889, 0.012385922629784172], [0.03797373448746096, 0.041223305129745175, 0.010728511678473752, 0.9100744486043201], [0.051366755114887065, 0.9054945925675637, 0.026612409100928484, 0.016526243116620768], [0.052040263624107845, 0.8863767358146801, 0.00853303781511577, 0.053049962646096224], [0.04474154575985931, 0.04776318813392397, 0.0314627307068147, 0.8760325352994021], [0.03198772066456819, 0.03924757044731565, 0.9035835073096554, 0.025181201478460674]], "ideal": "B", "sampled": "B", "correct": true}}
{"type": "result", "data": {"idx": 15, "options": ["Ray pulls weeds, since he has absolute advantage in cooking.", "Dorothy pulls weeds, since she has absolute advantage in cooking.", "Dorothy cooks, since she has comparative advantage in cooking.", "Ray cooks, since he has comparative advantage in cooking."], "probs": [[0.13221561513366528, 0.18670948781561908, 0.3463226751242655, 0.3347522218264501], [0.14159716031340178, 0.12734913255420294, 0.4447785118621529, 0.2862751951702424], [0.17973139076828465, 0.34746541016209076, 0.1498964808777663, 0.3229067180918583], [0.14310885111397814, 0.22144667972217766, 0.5321257392753066, 0.10331872978853764], [0.126280102904331, 0.5696391036429319, 0.06970975010025034, 0.23437104325248673], [0.11202398018765895, 0.46928823172595696, 0.35216493292118506, 0.06652285506519902], [0.14623048063680688, 0.18398455605982197, 0.36894221759365087, 0.3008427456097203], [0.12394528188347415, 0.1326608886539432, 0.4421671397901725, 0.3012266895724101], [0.14961410388579435, 0.37427545897158837, 0.13607930527402268, 0.3400311317685946], [0.11346517671203203, 0.33632320663431553, 0.4276228312366173, 0.12258878531703511], [0.12329534817609016, 0.5398510533075782, 0.09676131316763191, 0.24009228524869974], [0.10335972673098406, 0.3971859425538125, 0.4148251619186761, 0.08462916869652734], [0.18025731622903912, 0.1919944549603666, 0.19478524890294394, 0.43296297980765036], [0.140992466822844, 0.08969300506687299, 0.6921656337333653, 0.07714889427691775], [0.18918824113416052, 0.23713693297048308, 0.14697616895876087, 0.4266986568365955], [0.1694418689272796, 0.19414783100773034, 0.48962752485229394, 0.1467827751126961], [0.17998393027294424, 0.5321411689478608, 0.10903701862816768, 0.17883788205102724], [0.19295852224336546, 0.5109115533966588, 0.12158595789730875, 0.17454396636266692], [0.2745113886763902, 0.21016480890303835, 0.18511977238235083, 0.3302040299382207], [0.26910419873313407, 0.13559406312504851, 0.4520403117705532, 0.14326142627126418], [0.29049950835183996, 0.18282803891261015, 0.10881233214243907, 0.41786012049311083], [0.20237397107784222, 0.11799501890243108, 0.5904562604683922, 0.08917474945133451], [0.3703306311472696, 0.36169216049113634, 0.10557983694378081, 0.1623973713178132], [0.3469552500781733, 0.3843192274281283, 0.1311130413613647, 0.13761248103233367]], "ideal": "D", "sampled": "D", "correct": true}}
