{"type": "result", "data": {"idx": 0, "options": ["P(t > 1.54) with df = 6", "2P(t > 1.54) with df = 6", "P(t > 1.54) with df = 7", "2P(t > 1.54) with df = 7"], "probs": [[0.23106927591612436, 0.27722609541986876, 0.20970783740797116, 0.2819967911560357], [0.21054673192779785, 0.29783436653019885, 0.21150484679014406, 0.2801140546518592], [0.21553306806019512, 0.31936724543206435, 0.18948293373405337, 0.2756167526736872], [0.20523970744523082, 0.32155542019767075, 0.22655049976901925, 0.2466543724880792], [0.20937691626839183, 0.3060558139971807, 0.2725686132635299, 0.2119986563708976], [0.21454535422563867, 0.23292236027772553, 0.3452743291509584, 0.2072579562456774], [0.21508506787399131, 0.3526011599962624, 0.19353587346716905, 0.23877789856257725], [0.22905787481971002, 0.3639270310644909, 0.1507367320098235, 0.2562783620059756], [0.22293904260188419, 0.3256756857114609, 0.25993041750754875, 0.19145485407910623], [0.21620115111995566, 0.30607835823567237, 0.26876182562830814, 0.2089586649160638], [0.22440199886107537, 0.29325378375181244, 0.21677983128018746, 0.2655643860069247], [0.2114184200552284, 0.29903709885467883, 0.25446838137942984, 0.23507609961066292], [0.1930024892941459, 0.3534797377012387, 0.19864837527302678, 0.2548693976315886], [0.20550764523660833, 0.36178116623931567, 0.1697838829191364, 0.2629273055049396], [0.22361387976597416, 0.22783055088120932, 0.3076056929401618, 0.2409498763126547], [0.21014086349326908, 0.28883211112853907, 0.32034249542471327, 0.1806845298534786], [0.23666305484993347, 0.27949943719245307, 0.20825996682558096, 0.2755775410320325], [0.21764509377687288, 0.3176713585535905, 0.21702490744804695, 0.24765864012148964], [0.2084766570334272, 0.33940039598827826, 0.212959492764612, 0.23916345411368256], [0.20410872993812337, 0.34067055579593475, 0.2742919623577484, 0.18092875180819343], [0.20131690198205682, 0.33557461688814705, 0.21722965783004286, 0.2458788231997533], [0.21140990604178564, 0.3232278670000204, 0.20918377676826003, 0.25617845008993395], [0.22328686711939494, 0.3779112100223285, 0.19485296307045763, 0.2039489596878189], [0.22829473696734628, 0.3656286407828866, 0.152616743806143, 0.2534598783436241]], "ideal": "B", "sampled": "C", "correct": false}}
{"type": "result", "data": {"idx": 1, "options": ["0 to 31.7 minutes", "31.7 to 39.3 minutes", "25.3 to 44.7 minutes", "25.3 to 35 minutes"], "probs": [[0.22658755220572574, 0.21423435528273363, 0.2773489695115047, 0.281829122900036], [0.21156852890976927, 0.19247464204031603, 0.34086747497789416, 0.25508935397202054], [0.22404717729094759, 0.27469470275591534, 0.34500740926965884, 0.15625071058347817], [0.20872223997181308, 0.294451752110235, 0.29934466774285534, 0.19748134007509657], [0.21382469470934515, 0.2617649616740412, 0.2877831330108541, 0.23662721050575958], [0.19967674907098693, 0.2408280962958368, 0.34555669695001534, 0.2139384575831609], [0.2588377710398478, 0.13945232953758746, 0.3488651073612888, 0.25284479196127596], [0.2443906959283755, 0.1296963917898415, 0.3616965926343063, 0.26421631954747665], [0.28602823612213873, 0.4191596805630187, 0.12447649239249009, 0.17033559082235242], [0.23022984137490204, 0.37700176516131856, 0.27992251721147793, 0.11284587615230146], [0.27316995638350955, 0.34729133997986744, 0.12545495850217595, 0.25408374503444703], [0.2358752708162011, 0.34859077177706643, 0.28451151500811733, 0.1310224422986151], [0.2833562537723915, 0.261844671177488, 0.22557211883445827, 0.22922695611566227], [0.276673465939511, 0.23084458706454677, 0.23084458706454677, 0.26163735983139547], [0.2555335759861044, 0.3608471750852226, 0.20670153198559357, 0.17691771684307941], [0.24157173929182946, 0.28703138229360825, 0.3104897439169338, 0.16090713439762847], [0.28762195368578597, 0.2474186642941375, 0.19103529126627097, 0.2739240906538056], [0.24186233404430088, 0.20511939240786808, 0.32578186168339013, 0.22723641176444093], [0.2270338717924099, 0.2412342017831699, 0.23574088862775056, 0.2959910376966696], [0.24302925167037634, 0.224477678514921, 0.2954463958444788, 0.23704667387022385], [0.18153782592845646, 0.45351899679355295, 0.11873392279899231, 0.24620925437899827], [0.16991964711399, 0.43828309598877196, 0.23594209984824538, 0.15585515694899266], [0.2356944715099447, 0.30490819071027614, 0.21089834286992293, 0.2484989948098562], [0.180971541132035, 0.2342214837833139, 0.3780221213628277, 0.20678485362182336]], "ideal": "C", "sampled": "C", "correct": true}}
{"type": "result", "data": {"idx": 2, "options": ["The possible outcomes must all be numerical.", "The possible outcomes must be mutually exclusive.", "The mean (expected value) always equals the sum of the products obtained by multiplying each value by its corresponding probability.", "Approximately 95% of the outcomes will be within two standard deviations of the mean."], "probs": [[0.18041178862655502, 0.18492682526392137, 0.11065338553960893, 0.5240080004699147], [0.09522723689400277, 0.1241543851416645, 0.664235611617768, 0.1163827662465647], [0.18454341588559076, 0.17222405968374346, 0.13549274204806572, 0.5077397822826001], [0.15837197712142936, 0.16458839912206924, 0.5251404877289728, 0.1518991359275286], [0.12032561182257712, 0.5688536847388174, 0.1392432322846172, 0.17157747105398824], [0.10290076582594879, 0.6540659069360888, 0.09639569370974749, 0.14663763342821495], [0.16191564016166513, 0.15603090356128047, 0.1275775096414808, 0.5544759465355736], [0.08924314777747605, 0.09136721154285192, 0.7051133827955754, 0.11427625778409657], [0.14515849946477796, 0.11710762976429022, 0.3218116759932095, 0.41592219467772235], [0.1585306376060265, 0.126310259091144, 0.5507505535528656, 0.16440854964996388], [0.10317746832631801, 0.5572380769930215, 0.16330514116568348, 0.17627931341497705], [0.08070196534695535, 0.6696683414528778, 0.08987275786462756, 0.15975693523553933], [0.15301620958705434, 0.16455893216871714, 0.20870403943358973, 0.47372081871063876], [0.15878501532874126, 0.15739853678559834, 0.5303505658573043, 0.1534658819283561], [0.1563112484153138, 0.16546679034565615, 0.21307811773905594, 0.4651438433999741], [0.16063168349981957, 0.16289254744901632, 0.5073889871469126, 0.16908678180425146], [0.19256029447297993, 0.2972929388794157, 0.2978070587275525, 0.21233970782005185], [0.16647271314170053, 0.3981956422468494, 0.2306011101193762, 0.20473053439207387], [0.23553597136573923, 0.27856237523638233, 0.3212038970031177, 0.16469775629476077], [0.29734956329025913, 0.34509282272306796, 0.08665892222673591, 0.270898691659937], [0.25801686123262807, 0.19550583996851656, 0.33045986317132625, 0.21601743552752908], [0.3039858069128565, 0.20571030325230483, 0.09655191630185475, 0.39375197343298396], [0.25765497934298204, 0.12813816199581968, 0.4015865682208348, 0.2126202903403635], [0.2604259433891547, 0.1355713098105232, 0.32591481536728706, 0.27808793133303505]], "ideal": "D", "sampled": "D", "correct": true}}
{"type": "result", "data": {"idx": 3, "options": ["If there is sufficient evidence to reject a null hypothesis at the 10% level, then there is sufficient evidence to reject it at the 5% level.", "Whether to use a one- or a two-sided test is typically decided after the data are gathered.", "If a hypothesis test is conducted at the 1% level, there is a 1% chance of rejecting the null hypothesis.", "The power of a test concerns its ability to detect an alternative hypothesis."], "probs": [[0.3029226114137882, 0.07611353815890477, 0.17064167649039064, 0.4503221738369164], [0.21454975486375114, 0.0604215054247793, 0.45998368690742003, 0.26504505270404954], [0.32522936561780197, 0.16991966391415067, 0.06178540156138258, 0.44306556880666476], [0.21306131619273888, 0.10450850348240738, 0.5602473574298108, 0.12218282279504289], [0.35430808983526585, 0.2735543115791895, 0.0727762623223164, 0.29936133616322824], [0.30375017807574883, 0.2727436341745016, 0.2219895654101837, 0.20151662223956585], [0.08069577692095463, 0.3284155379143432, 0.1139317286804868, 0.47695695638421537], [0.08646883069604214, 0.17886279521584023, 0.5232290625048975, 0.2114393114832201], [0.09754862417314092, 0.14247528888778285, 0.1783962358714409, 0.5815798509676353], [0.08395318811222595, 0.09027850761521844, 0.7070446715101566, 0.11872363266239899], [0.11223941713341053, 0.339512867428418, 0.2101630050539543, 0.3380847102842171], [0.11235537454224374, 0.312263291312028, 0.30944408118943917, 0.26593725285628905], [0.20910864511016952, 0.2688196421363191, 0.04377937512165795, 0.4782923375318534], [0.19630391281238743, 0.13378102184005494, 0.5640625013172946, 0.10585256393026303], [0.1802675284800786, 0.05927209464346967, 0.29540304015802776, 0.46505733661842397], [0.18203693353441808, 0.056858616024813416, 0.5788643394931718, 0.18224011084759661], [0.21454587256929777, 0.521444670484304, 0.12706894981977798, 0.13694050702662022], [0.2152072340034808, 0.5348936318816303, 0.05921345948580839, 0.19068567452908053], [0.5969607722651677, 0.11912185928778071, 0.058732089737539725, 0.22518527860951185], [0.5555351872665135, 0.11739542638636724, 0.17137463431205943, 0.15569475193505974], [0.6452035566785583, 0.06188729827074911, 0.08953025469248416, 0.20337889025820838], [0.616968260264504, 0.06454371516035917, 0.14819909299473186, 0.17028893148040491], [0.5051349921744333, 0.1948338717797193, 0.1584661132167345, 0.14156502272911295], [0.5261268117148837, 0.1977519876638486, 0.06153698007029679, 0.2145842204509709]], "ideal": "D", "sampled": "D", "correct": true}}
{"type": "result", "data": {"idx": 4, "options": ["is seen more frequently than the other observations in the data set", "is seen less frequently than the other observations in the data set", "is always smaller than the other observations in the data set", "is significantly different from the other observations in the data set"], "probs": [[0.0362222402972261, 0.040503667828613796, 0.009964913642507895, 0.9133091781316522], [0.05255998680826034, 0.06550857717667832, 0.8588730100087603, 0.023058425906301108], [0.05091827283749879, 0.02456532374062798, 0.07658186996341965, 0.8479345333584536], [0.04638519831865094, 0.02779686196979402, 0.8957326785866347, 0.030085261024920307], [0.03776887856328548, 0.9263943839805575, 0.011672843188529748, 0.024163894167627258], [0.03830759575939143, 0.9183604363011041, 0.008489226975277328, 0.03484274086422711], [0.03968274486520954, 0.022177494684605233, 0.011699578576826885, 0.9264401817733583], [0.06034756144567395, 0.026676826251603704, 0.8854572819271989, 0.02751833027552348], [0.05134649106073835, 0.02718467400724775, 0.018208263100944123, 0.9032605717310698], [0.051878791727130905, 0.025186438265563285, 0.8965343954094623, 0.02640037449784343], [0.05227723259361786, 0.9094270370514562, 0.01120069032501249, 0.0270950399299134], [0.04817901865333144, 0.913503050661764, 0.009344608199893687, 0.02897332238501085], [0.04894286467800433, 0.02512002779083837, 0.03876557927100393, 0.8871715281601533], [0.04641544775186265, 0.028253534542798022, 0.8950194036156908, 0.030311613989648573], [0.050969028306808356, 0.03383492766296955, 0.017810661808388424, 0.8973853821218337], [0.04540959508361934, 0.03518635223227196, 0.8957632908048796, 0.023640761779229094], [0.04000244643160811, 0.9217412690319581, 0.011829849446719025, 0.026426434989714816], [0.03875050291962472, 0.9210483362271604, 0.014593139180622957, 0.02560802157259191], [0.9145784717271642, 0.028494562164754468, 0.021746663656767595, 0.03518030235131378], [0.8778728058555904, 0.030274755796871205, 0.020243787216037232, 0.07160865103150124], [0.9091283082052908, 0.035787362601754594, 0.0195446535925394, 0.03553967550041522], [0.9110253295370094, 0.033670660205376506, 0.018270876470101168, 0.03703313368751286], [0.9062423407699737, 0.027371193187690823, 0.01789778833765891, 0.04848867760467659], [0.9027790217016822, 0.028569870918194202, 0.022189035097428676, 0.04646207218269491]], "ideal": "D", "sampled": "D", "correct": true}}
{"type": "result", "data": {"idx": 5, "options": ["95 percent of the students in her school are from families whose income is between $35,095 and $45,005.", "There is a 95% probability that the families of all the students in this school have an income of between $35,095 and $45,005.", "If we were to take another sample of the same size and compute a 95 percent confidence interval, we would have a 95% chance of getting the interval ($35,095, $45,005).", "There is a 95% probability that the mean income per family in the school is between $35,095 and $45,005."], "probs": [[0.04727521517960455, 0.04605152428073547, 0.057039265108310304, 0.8496339953313496], [0.033973928664110406, 0.027675800125795912, 0.8556619913603849, 0.08268827974970874], [0.034776968732563585, 0.03781113927406205, 0.023373455319866596, 0.9040384365735078], [0.07480953764983274, 0.11223522397805855, 0.7499779443455977, 0.06297729392651095], [0.05080595542315943, 0.6107474928929107, 0.03493157609540049, 0.3035149754885293], [0.05626702061329677, 0.7344216867790209, 0.1558567171206942, 0.053454575386988154], [0.05099967703084437, 0.03874401161500849, 0.06297035027661735, 0.8472859609775297], [0.0452135392330329, 0.025987306655556194, 0.8675100222619919, 0.061289131749418926], [0.049225741722528325, 0.04721362653347771, 0.02345635250063453, 0.8801042791433594], [0.053098964309878684, 0.04521326680131733, 0.8753316794741036, 0.02635608931470037], [0.0350463087722553, 0.8279064784947908, 0.01906063196352174, 0.11798658066943209], [0.03982603364104594, 0.8728602121242012, 0.06031138540986445, 0.027002368724888384], [0.03465625303130722, 0.02632298903577354, 0.023823794196993, 0.9151969636359262], [0.07555343223207682, 0.06269686806275854, 0.7945405666553117, 0.06720913294985299], [0.03873512922387745, 0.032297332077204026, 0.018176254018636765, 0.9107912845802818], [0.03872515068585002, 0.040343808022195955, 0.8948648391730679, 0.02606620201888612], [0.09269784597195214, 0.7548020053973439, 0.05207839724075949, 0.10042175128994447], [0.08193015476951505, 0.7881556437295393, 0.05216768221419342, 0.07774651918675222], [0.11735747183218448, 0.08109550298081757, 0.04582639851449225, 0.7557206265725057], [0.12958023819687178, 0.09043926606133237, 0.7127696752947602, 0.06721082034703564], [0.1005256738628594, 0.07288378775032314, 0.04385152265872664, 0.7827390156280908], [0.09906941725119747, 0.06457804190897412, 0.7811971960269819, 0.055155344712846444], [0.1777903357958177, 0.6673425137027204, 0.05331647902269307, 0.10155067137876884], [0.15424684263142904, 0.7165454892300824, 0.052050137963534034, 0.07715753007495448]], "ideal": "D", "sampled": "D", "correct": true}}
{"type": "result", "data": {"idx": 6, "options": ["The probability of a Type I error and the probability of a Type II error would both decrease.", "The probability of a Type I error and the power would both increase.", "The probability of a Type II error and the power would both increase.", "The probability of a Type I error would stay the same and the power would increase."], "probs": [[0.25476918381197217, 0.20661701875697752, 0.24857538186732833, 0.290038415463722], [0.2179837858020348, 0.1554169722646119, 0.520614060377434, 0.1059851814559193], [0.10857250621255689, 0.6004091545369521, 0.06694038261504415, 0.22407795653544688], [0.08817588799834307, 0.706209501738544, 0.12861030185755365, 0.0770043083055593], [0.16786597553098703, 0.6529565391969538, 0.0687709581520968, 0.11040652701996226], [0.15687614444004114, 0.6810187595249861, 0.05897036106338941, 0.10313473487158328], [0.21286475752138012, 0.13576606926201634, 0.3742033521608341, 0.27716582095576936], [0.19691495301967224, 0.11739078733058894, 0.5913347513183485, 0.09435950823139036], [0.25768171586432426, 0.18586776317878623, 0.17935153038415017, 0.3770989904727393], [0.20597498314798077, 0.1295119481004264, 0.5455400794269052, 0.11897298922468762], [0.21741128613596483, 0.4107787731111177, 0.15017766206484287, 0.22163227858807458], [0.23786501229612086, 0.5015068575013815, 0.14169747914897807, 0.11893065095351962], [0.305506139963117, 0.1335891783103868, 0.22120985386543698, 0.3396948277610592], [0.29486800899233145, 0.11869102929726824, 0.4961119071891148, 0.09032905442128553], [0.33616063997246837, 0.18140051307653887, 0.12596053259187576, 0.35647831425911697], [0.2822826546488447, 0.13485767146874453, 0.48176694629391825, 0.10109272748849252], [0.2602905967614623, 0.4616670974875823, 0.1000825926573716, 0.17795971299358376], [0.30270409806550497, 0.4249070019960701, 0.12093287050209743, 0.15145602933632746], [0.3599436932433866, 0.2782709937751822, 0.1819193539127486, 0.17986595896868257], [0.3015830240960065, 0.23363611273840296, 0.35868034030397394, 0.1061005227616166], [0.332726528232009, 0.22187649540242585, 0.15535595548518766, 0.29004102078037747], [0.516305008203688, 0.24175852845862847, 0.114538663207362, 0.12739780003032158], [0.3884543353729864, 0.330034956155569, 0.14932232271082524, 0.13218838566061938], [0.4150036553253443, 0.27464683702688875, 0.1923009732971172, 0.11804853425064972]], "ideal": "D", "sampled": "D", "correct": true}}
{"type": "result", "data": {"idx": 7, "options": ["It cannot be determined, because the mean heights for the two groups are different.", "It cannot be determined, because the standard deviations of the heights for the two groups are different.", "The man, because he is 74 inches tall and the woman is only 70 inches tall.", "The woman, because her height is 1.33 standard deviations above the mean height of all women, whereas the man\u2019s height is only one standard deviation above the mean height of all men."], "probs": [[0.05286343454260849, 0.05650219383832016, 0.033099774637858605, 0.8575345968812127], [0.06610235774507264, 0.07733783981387132, 0.8115363051161795, 0.04502349722487655], [0.06545520573199894, 0.05892358347184316, 0.04324544593259371, 0.8323757647635642], [0.05305563463299166, 0.04889966338420037, 0.8653574279136493, 0.03268727396915862], [0.0663152520998412, 0.8347696163552923, 0.044173711136113264, 0.05474142030875318], [0.05922656944427586, 0.859748373017335, 0.024736602133310543, 0.05628845530507857], [0.06696288336861225, 0.04445298793804906, 0.03640912499964572, 0.8521750035936929], [0.08813174856005682, 0.06015402988374967, 0.7917177192120729, 0.05999650224412059], [0.07751218430885892, 0.06253665103047286, 0.029425863940980856, 0.8305253006196873], [0.06920634518794119, 0.053307319575015, 0.846522845832819, 0.03096348930422478], [0.08727515972948055, 0.7972540020963805, 0.03815247004388307, 0.07731836803025587], [0.08702988160457041, 0.8278452141726579, 0.029187941866451954, 0.055936962256319715], [0.034537826115959736, 0.04700309090222248, 0.046403602279592934, 0.8720554806022248], [0.025891815969794747, 0.04512379967917283, 0.9043192226327659, 0.024665161618266502], [0.039265849569965386, 0.07832098181479975, 0.03382372931403826, 0.8485894392011966], [0.024575809151694224, 0.08990637262331751, 0.8657830405065189, 0.019734777618469354], [0.021635929462954086, 0.928204610645597, 0.014419039006880885, 0.035740420784567996], [0.022631363140026273, 0.926487353345379, 0.017625346154295223, 0.033255937260299503], [0.5482204204944107, 0.18822253589934806, 0.1788253267895565, 0.08473171671668478], [0.6390419458918056, 0.18751872654949864, 0.0707987233002006, 0.10264060415849513], [0.5193426322025847, 0.2963383970165982, 0.10344319661078738, 0.08087577407002967], [0.4989968929351841, 0.38343341563619565, 0.05320440386728705, 0.06436528746133315], [0.5618545789208272, 0.10088796844063416, 0.16168054530735962, 0.17557690723117897], [0.5190249526272264, 0.09334569890323534, 0.2796353316136112, 0.10799401675592707]], "ideal": "D", "sampled": "D", "correct": true}}
{"type": "result", "data": {"idx": 8, "options": ["There are different t-distributions for different values of df (degrees of freedom).", "t-distributions are bell-shaped and symmetric.", "t-distributions always have mean 0 and standard deviation 1.", "t-distributions are more spread out than the normal distribution."], "probs": [[0.16776620099902662, 0.19203588650743894, 0.3578867667240654, 0.2823111456694691], [0.15103982162395965, 0.2739943224812587, 0.3455760725156189, 0.22938978327916276], [0.22224466169273674, 0.2771098572169317, 0.21167331616440666, 0.28897216482592486], [0.23991889116628204, 0.34415373715526104, 0.23570126643954964, 0.18022610513890724], [0.18770753964141718, 0.3461656180372744, 0.26867272068393006, 0.19745412153737835], [0.1774981793210955, 0.22515230214061335, 0.48669353847842506, 0.1106559799598661], [0.19150223692091645, 0.1192517184757422, 0.520878993856034, 0.16836705064730734], [0.2252640113166619, 0.18394206068715196, 0.3427002335861491, 0.24809369431003703], [0.2633256394398828, 0.25510144991414163, 0.13178047929222278, 0.3497924312537528], [0.23828634262255646, 0.28987282079729254, 0.2692316432142492, 0.2026091932659018], [0.2516326195510248, 0.20680834916512794, 0.09878535126121356, 0.4427736799226337], [0.2344221577300622, 0.17861924372105356, 0.40104343295751427, 0.18591516549136997], [0.2995353981483765, 0.20272140504957684, 0.2019432216970325, 0.29579997500501415], [0.37078397909891203, 0.2394233608092352, 0.2443481647076017, 0.14544449528425102], [0.3328977574506956, 0.2002036452123538, 0.13069620921938302, 0.3362023880175676], [0.33899326139258706, 0.21545635803739446, 0.24129138113503878, 0.20425899933497965], [0.42684140043080476, 0.273331894797494, 0.11887287967290486, 0.1809538249987964], [0.3547817275998377, 0.26574746563600793, 0.18471618545342627, 0.1947546212107281], [0.2613461471144963, 0.15378097614782896, 0.23724950771638567, 0.3476233689212891], [0.1990225717444796, 0.13106597665729322, 0.581227766338852, 0.08868368515937516], [0.22848336865032565, 0.24887980895773126, 0.11081547538652872, 0.41182134690541433], [0.21555853851480822, 0.2142513191896102, 0.37179608811278914, 0.19839405408279243], [0.3089256446234867, 0.4096481318519488, 0.13977689414816039, 0.14164932927640408], [0.24764353034404057, 0.3443129658354723, 0.21616630254014332, 0.19187720118034382]], "ideal": "C", "sampled": "C", "correct": true}}
{"type": "result", "data": {"idx": 9, "options": ["This study was an observational study.", "Lack of blocking makes this a poorly designed study.", "The placebo effect is irrelevant in this type of study.", "This study was an experiment in which the subjects were used as their own controls."], "probs": [[0.0765786394400312, 0.050955131644875494, 0.022227607665223376, 0.8502386211498699], [0.06503693346912529, 0.056957736723831025, 0.8422669830130483, 0.035738346693995456], [0.06769596052181266, 0.04132288701665472, 0.019471241195548116, 0.8715099111659845], [0.06283238642602758, 0.04708503457695297, 0.8454075200531752, 0.04467505884384429], [0.1498576551525939, 0.6925218700670088, 0.03856290876479758, 0.11905756591559974], [0.18714384636973339, 0.647514689463795, 0.054915797326124505, 0.11042566674034714], [0.05752930076699578, 0.04881076914036982, 0.023954069373339756, 0.8697058606192947], [0.05117021519614989, 0.05986839182027173, 0.8467202217280538, 0.04224117115552451], [0.051991635421461645, 0.0430896889435915, 0.020333152792551577, 0.8845855227423953], [0.05733593488653412, 0.054803024359493774, 0.8506607317372525, 0.03720030891671958], [0.13741807279879117, 0.663299125951159, 0.04954307769189978, 0.14973972345814998], [0.12944136703330814, 0.7045657116725448, 0.05953034451973821, 0.10646257667440882], [0.04661537992086924, 0.043095867273821746, 0.02048625386140796, 0.8898024988439011], [0.04035428926077126, 0.05746061375706705, 0.8641297848557438, 0.038055312026417897], [0.044856999281044654, 0.04381022631678442, 0.020354746177807213, 0.8909780281243637], [0.045679618519439885, 0.059199334287671566, 0.8636006276861616, 0.03152041940672687], [0.09092202036663641, 0.8107093571805868, 0.029904797670234923, 0.06846382468254189], [0.07511964733429186, 0.8268911565101164, 0.025913841170816545, 0.07207535488477523], [0.7906417331231245, 0.076971604556891, 0.0354525588991388, 0.09693410332084566], [0.7769074074715536, 0.087868976222698, 0.06111665251587567, 0.07410696368987268], [0.7754972662988108, 0.08974985132679474, 0.03424188160079148, 0.10051100067360301], [0.7854748396738988, 0.08407238901337828, 0.034131314729210396, 0.09632145648351255], [0.7976935029606932, 0.08874102897108127, 0.04209149377571871, 0.07147397419250681], [0.7943154642387319, 0.0749957624278646, 0.030934237670861047, 0.09975453556254239]], "ideal": "D", "sampled": "D", "correct": true}}
{"type": "result", "data": {"idx": 10, "options": ["It describes a process that creates estimates that are too high on average or too low on average.", "It describes a process that results in a sample that does not represent the population.", "It describes a lack of randomization in the sampling process.", "It describes a sample that is not representative of the population."], "probs": [[0.5097149146881769, 0.14931881815650866, 0.05871192145871898, 0.2822543455965955], [0.6367312740277562, 0.11140848819626445, 0.04150546015576358, 0.21035477752021575], [0.6012136146638779, 0.11287651966790611, 0.07432085773267003, 0.2115890078355459], [0.49763258146155215, 0.11267990964149283, 0.06198501441607802, 0.327702494380877], [0.5828069491310763, 0.13205880023752403, 0.09699503403673461, 0.18813921649466495], [0.4408099470259908, 0.14185414625628487, 0.05891429763421885, 0.3584216089835055], [0.48161302556905, 0.1514953329562048, 0.07353257913055082, 0.2933590622441944], [0.48316582312571565, 0.1683051113868566, 0.06774282353822235, 0.2807862418492054], [0.4111470732854086, 0.10812158539262968, 0.19222053109498854, 0.2885108101269731], [0.3968539387762831, 0.0987611301606059, 0.129404048258386, 0.37498088270472496], [0.47352618679923425, 0.1421929767912438, 0.10043430477023574, 0.28384653153928624], [0.4657851630648535, 0.12535033095679604, 0.10435557008070658, 0.3045089357976439], [0.325148885294301, 0.3524929933268942, 0.12712317893311484, 0.19523494234568986], [0.30662645734024185, 0.317085374388301, 0.10827094960744983, 0.2680172185640073], [0.29972272215102835, 0.3024811654241048, 0.12762146806568817, 0.27017464425917864], [0.33288598305298434, 0.28740576120874484, 0.12314926923436215, 0.2565589864039087], [0.27428184710910597, 0.13284773529418212, 0.28961630358111123, 0.3032541139156007], [0.24202672593795801, 0.12391603459856453, 0.3183226513919204, 0.31573458797155707], [0.47990949625061613, 0.24157092822477041, 0.10421596730805048, 0.17430360811656298], [0.4563153972667181, 0.19019718180688666, 0.048295795245960685, 0.30519162558043456], [0.3600390958437623, 0.4058010996711092, 0.07130001697125357, 0.16285978741387488], [0.3596226599424771, 0.38671446130815196, 0.07066872022837564, 0.18299415842099526], [0.36887280755255397, 0.09776549421146767, 0.17103881495081097, 0.36232288318516737], [0.265852685754943, 0.09872902781677861, 0.2806211667879763, 0.35479711954030213]], "ideal": "A", "sampled": "A", "correct": true}}
{"type": "result", "data": {"idx": 11, "options": ["Halting the production process when sufficient customer complaints are received.", "Halting the production process when the tissue strength is below specifications.", "Halting the production process when the tissue strength is within specifications.", "Allowing the production process to continue when the tissue strength is below specifications."], "probs": [[0.07902884953595764, 0.34071289540179217, 0.3286212282222446, 0.2516370267400056], [0.1013529194869011, 0.22132570220879902, 0.5060677000005533, 0.1712536782037465], [0.0671078003629356, 0.5892610220062241, 0.058683172308568475, 0.28494800522227176], [0.07740014271706244, 0.6387576627925617, 0.08620678054527885, 0.19763541384509695], [0.08317662215540922, 0.3698463224215431, 0.25116971694035833, 0.2958073383826893], [0.09668869884420753, 0.23538117985238632, 0.38466106294201674, 0.28326905826138943], [0.19098293494783938, 0.03882446826867737, 0.5416576185033825, 0.22853497818010077], [0.2783218095803598, 0.0446365960568066, 0.4080007635542416, 0.2690408307085921], [0.23490953136798307, 0.3316658095652855, 0.019082082184778457, 0.41434257678195296], [0.30439788440250803, 0.515528386580745, 0.13887205873760713, 0.041201670179139865], [0.3553663816347475, 0.31389537684382757, 0.019039087137457347, 0.3116991542839676], [0.2888875571101254, 0.15421394829905966, 0.5200099290386263, 0.03688856545218856], [0.6747356929033261, 0.029888660937446923, 0.04270141373786812, 0.25267423232135877], [0.7033979603787539, 0.03671346081482772, 0.10291227275581087, 0.1569763059506075], [0.6831256727476352, 0.0648134199889381, 0.008177521614906732, 0.24388338554851996], [0.7739809966984431, 0.07647673253537188, 0.13065907722873885, 0.018883193437446127], [0.6503421496479392, 0.17468009327682862, 0.011851978027613994, 0.16312577894761818], [0.7346962216735301, 0.1538550879367362, 0.09278681283835295, 0.018661877451380704], [0.19363255941147856, 0.06888914903971952, 0.4446166786450828, 0.29286161280371914], [0.18833938800416666, 0.06546996728331704, 0.5345541397559784, 0.2116365048565379], [0.25307499228532115, 0.38363881180448844, 0.02436773369808897, 0.33891846211210147], [0.23615041202275852, 0.3677060809199537, 0.3543485004667771, 0.04179500649051059], [0.19672432539879986, 0.5411942004616277, 0.0182618945818759, 0.24381957945769658], [0.2284216229310237, 0.5959982338549333, 0.13583675301176157, 0.03974339010228136]], "ideal": "C", "sampled": "C", "correct": true}}
{"type": "result", "data": {"idx": 12, "options": ["75 - 0.30(14)", "75 + 0.30(14)", "75 - 0.4756(14)", "75 - 0.5244(14)"], "probs": [[0.19576014899679542, 0.42661908702046664, 0.16545294727501086, 0.2121678166077271], [0.19543697811662225, 0.4258271943721757, 0.16524522743562967, 0.21349059997557235], [0.20721427530426137, 0.20840730702613774, 0.4224956820108254, 0.16188273555877553], [0.22648393430579042, 0.27637951739707906, 0.1814464872462952, 0.3156900609508353], [0.20260672873040717, 0.20382823655439325, 0.41961432749647903, 0.17395070711872057], [0.22914793153628413, 0.2688866497802054, 0.19237016369298113, 0.30959525489052936], [0.22562692575702994, 0.329482957515683, 0.19835031917273777, 0.24653979745454924], [0.22517523167265766, 0.323743641344121, 0.20114976165667336, 0.249931365226548], [0.21123886337320427, 0.2523518948092895, 0.37399668248747914, 0.16241255923002706], [0.22223877242253776, 0.2715223946442165, 0.24538680177300623, 0.2608520310602395], [0.21205156813238887, 0.2674389044636617, 0.349682679718495, 0.17082684758545444], [0.20560665120204608, 0.2736293036421299, 0.25156882027898625, 0.26919522477683777], [0.2120700360930988, 0.29371926623207556, 0.28962788414484597, 0.2045828134299797], [0.23531783326054329, 0.2940690306747645, 0.19005627004559478, 0.28055686591909745], [0.21865240249895215, 0.31984527466174556, 0.2740122553128655, 0.18749006742643673], [0.23037267189228505, 0.2791149789211445, 0.21590878592170332, 0.2746035631648671], [0.2245076861081372, 0.27205994317105847, 0.24415816000406923, 0.25927421061673506], [0.22130078246163942, 0.24782441566942953, 0.22249892515705727, 0.30837587661187377], [0.2163296925559606, 0.2857530499892994, 0.2774944694439384, 0.22042278791080158], [0.23394666514123486, 0.27477137889327935, 0.23724643807699708, 0.25403551778848865], [0.22905513641927894, 0.3121145069287037, 0.25929337737351527, 0.1995369791785021], [0.2367091845248616, 0.2611445564111561, 0.23077810496102996, 0.2713681540029524], [0.22535683884026608, 0.30451504300514637, 0.21790598980113324, 0.2522221282534543], [0.22234367990738446, 0.2842573182856301, 0.1955435693732524, 0.2978554323337331]], "ideal": "D", "sampled": "B", "correct": false}}
{"type": "result", "data": {"idx": 13, "options": ["increases the interval size by 9%.", "decreases the interval size by 9%.", "increases the interval size by 57%.", "decreases the interval size by 57%."], "probs": [[0.12913797266517926, 0.08116539426568567, 0.5935708129982752, 0.1961258199708599], [0.14300211623361678, 0.10120147013241705, 0.2179958275638457, 0.5378005859701205], [0.15677003005188783, 0.6306373256194169, 0.0476465402583243, 0.1649461039703709], [0.20720186055607856, 0.5677490618350691, 0.0833092077250466, 0.14173986978380568], [0.27584118059262697, 0.14929276925758841, 0.14116762787431877, 0.43369842217546584], [0.17345607020526954, 0.11687634709983034, 0.5599858080782919, 0.14968177451660825], [0.10389597509710012, 0.27856273909062423, 0.4136397159839141, 0.20390156972836157], [0.15071779038836017, 0.3338889975843029, 0.19636910566604104, 0.31902410626129585], [0.15584140317782694, 0.3685258461825449, 0.23787692613561237, 0.23775582440401574], [0.14142133294121828, 0.4003332554893704, 0.24258521196800528, 0.21566019950140608], [0.15549741320278002, 0.3209309195041494, 0.19461453619268052, 0.32895713100039004], [0.13641859589643046, 0.28449743983284786, 0.37448298927376994, 0.2046009748969517], [0.4073345569709627, 0.28070589269783164, 0.09530276591191121, 0.21665678431929447], [0.38049903079408637, 0.3240804293183545, 0.09933374742173025, 0.1960867923658289], [0.39173317535376995, 0.1189875769345323, 0.2330245708146806, 0.2562546767970172], [0.3320018772449593, 0.10486009361515239, 0.20193663989732305, 0.3612013891425653], [0.22736985979190688, 0.14549235998129273, 0.3907486795988341, 0.2363891005279663], [0.3075788685685624, 0.19590598373346593, 0.12640740524403257, 0.37010774235393906], [0.280906366135781, 0.2111080414506114, 0.14497641591627514, 0.36300917639733243], [0.17407262582934566, 0.14446892058103392, 0.5350367506063906, 0.1464217028832299], [0.2277190251290158, 0.20025860067638285, 0.2001461565207275, 0.37187621757387385], [0.20349483189932063, 0.1558902412497079, 0.3713759481535515, 0.26923897859741996], [0.1899189054776054, 0.4771032034873696, 0.14077326653980146, 0.1922046243952235], [0.19846125548011634, 0.43595395519156005, 0.1074531775253916, 0.25813161170293203]], "ideal": "C", "sampled": "C", "correct": true}}
{"type": "result", "data": {"idx": 14, "options": ["The number of tosses before a \"5\" appears when tossing a fair die.", "The number of points a hockey team receives in 10 games, where two points are awarded for wins, one point for ties, and no points for losses.", "The number of hearts out of five cards randomly drawn from a deck of 52 cards, without replacement.", "The number of motorists not wearing seat belts in a random sample of five drivers."], "probs": [[0.28061650036796654, 0.16556609168680145, 0.3961340008617877, 0.15768340698344438], [0.2874824914798998, 0.16804792974556074, 0.24949135630343824, 0.2949782223711012], [0.2998700670627133, 0.3483950417499154, 0.11977734147802258, 0.2319575496093487], [0.31979282734197756, 0.34906064420247385, 0.1370641101144546, 0.19408241824109404], [0.281482992431067, 0.24283873851524246, 0.08092290846996726, 0.3947553604837233], [0.319170887450683, 0.2530947885693121, 0.2540442905463404, 0.17369003333366442], [0.15444017599975027, 0.600161360140597, 0.12201979482399593, 0.12337866893565679], [0.15230052640476166, 0.5472183456099797, 0.10128079419667635, 0.19920033368858228], [0.09465850637360707, 0.6518519264028555, 0.16362611311068118, 0.08986345401285627], [0.09390998060639585, 0.6558222892191516, 0.04758712364978422, 0.2026806064246683], [0.11800066644264923, 0.5758584865916253, 0.1772055963370083, 0.12893525052871713], [0.12574476377138002, 0.49259255799471413, 0.14934143867612873, 0.2323212394577771], [0.3501621342917756, 0.31655825596377823, 0.10545479231561246, 0.22782481732883372], [0.34729304254782273, 0.34237512258276953, 0.11858831394987672, 0.191743520819531], [0.2611302396225534, 0.2057112424508967, 0.36554517793657915, 0.16761333988997082], [0.2771173674020608, 0.2604003211535835, 0.08287362630024878, 0.3796086850441069], [0.3013327345943669, 0.18489439671086041, 0.39002719443319056, 0.12374567416158211], [0.2819949367211773, 0.19528016300573073, 0.08166310874552152, 0.4410617914275704], [0.25976112288797215, 0.3018034375767844, 0.07711524458117583, 0.36132019485406763], [0.2613684793841467, 0.369722420391387, 0.20649398553550627, 0.16241511458896005], [0.2142005839253196, 0.1435185607241259, 0.42048823355333637, 0.22179262169721814], [0.21181979457674482, 0.15330432125429616, 0.33942850915035044, 0.2954473749186085], [0.21457130565371252, 0.36964907136889075, 0.2933563800352597, 0.122423242842137], [0.19438621544671958, 0.4063125282590024, 0.07536064888797087, 0.3239406073063072]], "ideal": "D", "sampled": "A", "correct": false}}
{"type": "result", "data": {"idx": 15, "options": ["I only", "II only", "III only", "I and II"], "probs": [[0.30499772623868515, 0.1585079944753392, 0.09351651626921616, 0.4429777629167595], [0.2982539610077239, 0.12109823366546862, 0.491652332819088, 0.08899547240771949], [0.3448038553014044, 0.11227384710413343, 0.08624343958722873, 0.45667885790723345], [0.3345788095960807, 0.09490034657587053, 0.387709912710535, 0.18281093101751375], [0.5464330315043472, 0.2408254593369938, 0.09110301732105938, 0.12163849173759964], [0.5104070229257299, 0.20988133234843875, 0.18479856571497427, 0.094913078910857], [0.21617227790578145, 0.2765834033212644, 0.08783680199698414, 0.41940751667597004], [0.21432715652229897, 0.26440688965060705, 0.4330760240121734, 0.08818992971492064], [0.1789536246946184, 0.11894678536596008, 0.3255479189928104, 0.3765516708466111], [0.18325213142148372, 0.12458613884949973, 0.4126656476044944, 0.2794960820245221], [0.217000749432191, 0.5021431966794577, 0.21090846937412244, 0.06994758441422888], [0.20365079780157097, 0.52506016506085, 0.09393916068167751, 0.17734987635590152], [0.21723739962519473, 0.24700321438676115, 0.07260697388375148, 0.46315241200429264], [0.2101964676052857, 0.26355190491711666, 0.38977426943610893, 0.1364773579414887], [0.20848274292073563, 0.10694270631664769, 0.22204643649968586, 0.4625281141629308], [0.19964206216723063, 0.10324615239064584, 0.3575448989510619, 0.33956688639106164], [0.25773547825336485, 0.20830067896776158, 0.42800456170958634, 0.10595928096928721], [0.2508874908103243, 0.2900156762910648, 0.15072155446457317, 0.3083752783340377], [0.3504757452228462, 0.4935805613210236, 0.09276565562879027, 0.06317803772733994], [0.3450384889960282, 0.4902877430256153, 0.10757446768882101, 0.057099300189535525], [0.4810017382692236, 0.10939396998230896, 0.3165373825452394, 0.09306690910322805], [0.4501141115674973, 0.13521708265535637, 0.1639055458058912, 0.2507632598712551], [0.382364478800472, 0.08327215102024517, 0.4509655203147361, 0.08339784976454677], [0.4322085122505642, 0.11842932590079204, 0.1514246373368093, 0.29793752441183446]], "ideal": "D", "sampled": "D", "correct": true}}
