{"type": "result", "data": {"idx": 0, "options": ["a currency.", "a well-connected transportation infrastructure.", "government activity.", "a banking service."], "probs": [[0.3073762013101731, 0.2022203325692205, 0.21337291278235862, 0.2770305532382477], [0.33982489015973155, 0.24525247877250042, 0.14502448058204706, 0.26989815038572096], [0.2309993436403737, 0.18079080637104988, 0.28243180264891726, 0.3057780472396592], [0.21427855665140225, 0.13117257809611282, 0.04813540192503206, 0.6064134632274528], [0.19377250967472218, 0.15067385135574407, 0.5153442620715735, 0.14020937679796025], [0.1902147850396067, 0.09886063773185587, 0.05077226168353622, 0.6601523154450012], [0.42216553021722786, 0.22316446233054166, 0.09340360481390311, 0.26126640253832734], [0.3895212833407837, 0.22941856548495146, 0.10389162134569781, 0.2771685297285671], [0.3144794859655366, 0.1844485319467871, 0.2751537140114953, 0.22591826797618098], [0.2815172949038762, 0.17524488137962685, 0.11382745865467768, 0.4294103649618192], [0.3053679142915934, 0.2246632180582228, 0.2796187054490409, 0.19035016210114292], [0.27375541075148885, 0.16124949146316075, 0.06062027359741652, 0.5043748240879339], [0.25937455503470913, 0.24347486726777554, 0.22302247249306514, 0.2741281051044502], [0.22343314274413237, 0.14230655503394407, 0.049416234137814985, 0.5848440679841086], [0.22028139887876086, 0.17012447624068358, 0.3500007792957536, 0.25959334548480195], [0.22989419442938866, 0.17546507975887587, 0.12520794755768316, 0.4694327781540523], [0.21807096706063178, 0.16939307267122736, 0.24999879298087146, 0.36253716718726936], [0.19559912997320245, 0.15554370779283405, 0.16666815428252588, 0.48218900785143765], [0.18308039280551316, 0.2026790559488371, 0.49533299344791276, 0.11890755769773696], [0.16361602319547616, 0.09871087626803625, 0.03486606248688235, 0.7028070379496052], [0.24099526578772332, 0.24065273280560287, 0.3703872450700385, 0.14796475623663533], [0.2529946863398281, 0.19919684527312537, 0.10642990468868258, 0.44137856359836397], [0.1607616305474225, 0.11606969370536958, 0.06443856150901264, 0.6587301141381953], [0.15525297485624237, 0.18864695641351928, 0.4503890015024319, 0.20571106712780643]], "ideal": "B", "sampled": "B", "correct": true}}
{"type": "result", "data": {"idx": 1, "options": ["zero population growth.", "rapid growth rate.", "homeostatic plateau.", "demographic momentum."], "probs": [[0.0947369027984186, 0.07991763739426509, 0.035627315343675435, 0.7897181443636409], [0.023987177131495844, 0.030364937285446883, 0.9235797282686448, 0.02206815721441251], [0.06666248502197532, 0.05715344015384777, 0.018976964397303224, 0.8572071103268737], [0.02723030782616069, 0.02704319579237838, 0.9237898748315105, 0.021936621449950393], [0.055740038919930436, 0.8655702914236356, 0.009784416795794228, 0.06890525276063965], [0.06344195312874494, 0.803042572588429, 0.012915476866664147, 0.12059999731616186], [0.07815800096890682, 0.07076239868908565, 0.025364589152629728, 0.8257150110893778], [0.02474891594223315, 0.03440577555703033, 0.9173045208727311, 0.023540787528005477], [0.12308199862973956, 0.1166160490365199, 0.015304753750033873, 0.7449971984837066], [0.02848472860327748, 0.03496308159369126, 0.9110586179915974, 0.02549357171143388], [0.12943926476405943, 0.7743855728447643, 0.018633214789690173, 0.07754194750148606], [0.10630215841980288, 0.6874350994362297, 0.02012756679172139, 0.18613517525224604], [0.07139187757576074, 0.05196679712102032, 0.021141407485441927, 0.855499917717777], [0.028766222068244526, 0.030860868831666718, 0.9173691797505154, 0.023003729249573418], [0.10526582087844097, 0.06860318447022531, 0.03282647048076505, 0.7933045240705687], [0.029233257647528304, 0.023192177235896064, 0.9130027087501076, 0.03457185626646802], [0.08701611390413516, 0.7635898064392695, 0.027141509827692808, 0.12225256972890247], [0.07798544742191833, 0.8131875061732106, 0.0221481127879628, 0.0866789335169083], [0.889921624629758, 0.04999470034998692, 0.014731062946719345, 0.04535261197353568], [0.8948786724518228, 0.04687289020032521, 0.011915695542469167, 0.0463327417053828], [0.9146528362361058, 0.024893846684918643, 0.014899937628767693, 0.0455533793502078], [0.8878170491461999, 0.029110199534460656, 0.014567377392238576, 0.06850537382710094], [0.8989035806056697, 0.04356668382661556, 0.010997083630334062, 0.04653265183738068], [0.8809184726499739, 0.05067273398747433, 0.012480441898066394, 0.055928351364485346]], "ideal": "D", "sampled": "D", "correct": true}}
{"type": "result", "data": {"idx": 2, "options": ["push factors.", "pull factors.", "distance decay.", "migration selectivity."], "probs": [[0.02222528573302433, 0.03752272394000495, 0.9160419854032411, 0.0242100048237296], [0.05563003361547646, 0.049949938804138005, 0.01844719232240106, 0.8759728351579845], [0.0929449003916705, 0.821746605183652, 0.010974875088039276, 0.07433361923663824], [0.09879551477279733, 0.7293194273557064, 0.02296534657930112, 0.14891971119219516], [0.050226483605963344, 0.04652295644517245, 0.007471425009776209, 0.895779134839088], [0.016462246721000145, 0.02929785611270645, 0.9202270935406406, 0.03401280352565281], [0.022068118784734848, 0.01995462916186246, 0.9315876600634184, 0.026389591889984215], [0.059964498870206356, 0.035293431401203994, 0.025492404603361114, 0.8792496650252285], [0.047539578926182796, 0.8897668999557568, 0.011528754197684536, 0.051164766820375886], [0.06321521432442993, 0.8127415007224833, 0.020255238872131785, 0.10378804598095494], [0.04430150872677398, 0.04541786653590285, 0.007584260289551731, 0.9026963643477715], [0.016589847983086502, 0.029295909546636384, 0.9208740998449658, 0.03324014252531131], [0.9501394322282132, 0.02144844708976674, 0.0038637270928567253, 0.02454839348916339], [0.9352662863507905, 0.025886869676008815, 0.006561884354026533, 0.03228495951917419], [0.9399034532353504, 0.024795353521909886, 0.005339373793400031, 0.02996181934933963], [0.9221870168252704, 0.028463864305536494, 0.011876031746400634, 0.03747308702279251], [0.9223757029766965, 0.033803996576817916, 0.005418595067354706, 0.03840170527913086], [0.9256908356961241, 0.03364169246692173, 0.00560600034765905, 0.03506147138929516], [0.06589725260655256, 0.04431494961622962, 0.008250307782677773, 0.8815374898945401], [0.020506205599174075, 0.028430806532178467, 0.9142287389694538, 0.03683424879919368], [0.0656240019911393, 0.050396871397270164, 0.00759909533899712, 0.8763800311725934], [0.02325082535395514, 0.03625535083374164, 0.9082261915116695, 0.03226763220063368], [0.08313284666421786, 0.8073158716543704, 0.010410758481433375, 0.09914052309997838], [0.11778110790227651, 0.779050454809648, 0.00974091496703753, 0.09342752222103798]], "ideal": "C", "sampled": "C", "correct": true}}
{"type": "result", "data": {"idx": 3, "options": ["First", "Second", "Third", "Fourth"], "probs": [[0.14329445574183497, 0.13484971424854925, 0.30228633135941213, 0.41956949855020365], [0.13383949593698355, 0.07932253512499932, 0.15457434144545307, 0.632263627392564], [0.1429600715494247, 0.4888325929152891, 0.1784547716200711, 0.1897525638152151], [0.14276110486326563, 0.3460167193357313, 0.31562431232644533, 0.1955978633745577], [0.13548223269173992, 0.4596710067625819, 0.20412305877184922, 0.200723701673829], [0.12081035905394912, 0.35604844086457216, 0.3982645899822807, 0.12487660999919806], [0.2715536017212873, 0.22523952682687218, 0.2724444229264145, 0.23076244842542604], [0.25924618484490347, 0.18383309637656706, 0.1901439761839518, 0.36677674249457765], [0.17711886365909993, 0.6151120524585839, 0.09504794116005648, 0.11272114262225967], [0.16765188428507088, 0.48218449120696766, 0.16286473702641197, 0.18729888738154948], [0.18182751534551048, 0.5656927227408245, 0.0867420732888264, 0.16573768852483858], [0.13195068543050345, 0.36810348768858964, 0.4055089470856165, 0.09443687969529041], [0.3155215884274154, 0.16359222936209578, 0.24429101511506082, 0.276595166995428], [0.3102350049760644, 0.17684609132154047, 0.37845680838276424, 0.13446209521963087], [0.2718974528086628, 0.3745968173994969, 0.12075137551032789, 0.23275435418151244], [0.2095181581312065, 0.340570171424361, 0.3155954981847268, 0.13431617215970568], [0.24721823261861076, 0.5801303299661946, 0.06210818048529355, 0.11054325682990104], [0.2122751347642378, 0.5387310660103019, 0.09358874894703836, 0.15540505017842193], [0.29713007362002014, 0.2581510803120806, 0.17365197576854624, 0.27106687019935294], [0.3019135802112033, 0.32402356490162587, 0.23027827647176496, 0.14378457831540586], [0.2028513163975078, 0.43364913559538276, 0.17543308957947593, 0.1880664583276335], [0.17342168090993443, 0.47970458860368664, 0.2217495292203406, 0.1251242011660383], [0.1903640989606111, 0.6061837401595823, 0.09821017391548158, 0.105241986864325], [0.17900905701177597, 0.5653754219424659, 0.09983822256051494, 0.15577729838524312]], "ideal": "A", "sampled": "C", "correct": false}}
{"type": "result", "data": {"idx": 4, "options": ["Most women work in agriculture", "The percentage of women economically active in the labor force declined worldwide", "The percentage of women in the total labor force declined", "Women spend more hours per day working than men in all regions except Anglo America and Australia"], "probs": [[0.22048519221000606, 0.25275024392535655, 0.14415395043609514, 0.38261061332854224], [0.13012523753943303, 0.16072261092362997, 0.6280002499786811, 0.0811519014582559], [0.2020937771650982, 0.21587286683980778, 0.1877850852888843, 0.39424827060620976], [0.15659533906191267, 0.22195657256876855, 0.39978696103231603, 0.22166112723700274], [0.1447619237357659, 0.6844157158305416, 0.062149850403445325, 0.10867250993024712], [0.15666501105749805, 0.5669869737729658, 0.08830843054135377, 0.18803958452818237], [0.21714482032787183, 0.3596101158439638, 0.09092368320097781, 0.3323213805271865], [0.17147972922577692, 0.3743492606749911, 0.35767858683945347, 0.09649242315977852], [0.23972127972051469, 0.25003856045430095, 0.14603009600922334, 0.36421006371596104], [0.30692248618744766, 0.26745646392244404, 0.18984098164802843, 0.23578006814207986], [0.28842074965427356, 0.3900883669800648, 0.17039085194511833, 0.15110003132054328], [0.2784149957633623, 0.3789869075992475, 0.12017277479900934, 0.2224253217383808], [0.2123826647017409, 0.13870860014771436, 0.27432941161350566, 0.3745793234370391], [0.2061872245518975, 0.16377184281415688, 0.3643229413956546, 0.26571799113829103], [0.2214648243345164, 0.18564404268726886, 0.21744198770968293, 0.3754491451685318], [0.25851423599860013, 0.2554089832490841, 0.25373361601872957, 0.23234316463358623], [0.265869255845942, 0.23165601144417183, 0.22311697565593885, 0.2793577569539473], [0.2900333702274206, 0.30254715678050575, 0.14071533082508558, 0.266704142066988], [0.40040879847097527, 0.277957774695078, 0.12938249354920045, 0.19225093318474626], [0.3058949961074021, 0.27481025045134916, 0.15311778852126978, 0.26617696481997893], [0.3939163865078047, 0.15852501514384337, 0.3058622387978869, 0.14169635945046505], [0.39941688777235496, 0.19052192353591155, 0.16177003127774883, 0.24829115731398466], [0.30326133059624116, 0.2172402972588171, 0.1918973865347717, 0.28760098551017005], [0.3598223787106932, 0.19151584168169325, 0.187160992029711, 0.26150078747790245]], "ideal": "D", "sampled": "D", "correct": true}}
{"type": "result", "data": {"idx": 5, "options": ["safety.", "better climate.", "better schools.", "overcrowding."], "probs": [[0.18340634068013204, 0.07777262701841078, 0.05571578813947813, 0.683105244061979], [0.11379723843226812, 0.08713809109328009, 0.7342875982087682, 0.06477707216568353], [0.1726831521320983, 0.07435054442065338, 0.040858396002414824, 0.7121079073448335], [0.10656916944562214, 0.09550610717396395, 0.7503283442362535, 0.04759637904416036], [0.19901710072102316, 0.6051889905364568, 0.040316795715698996, 0.15547711292682098], [0.2061311659250137, 0.5989412397020586, 0.07796592661111056, 0.11696166766181708], [0.15885213855043917, 0.10108441444247207, 0.053906367739971414, 0.6861570791671173], [0.09382099087009753, 0.11940178496317475, 0.7257512346255572, 0.06102598944117052], [0.16008856890984868, 0.10590815543069336, 0.0640452206070751, 0.6699580549523828], [0.09780952114804581, 0.10895561182253649, 0.6998923263768049, 0.0933425405526128], [0.13414773834289698, 0.7233300265445661, 0.05632701840977227, 0.08619521660276458], [0.13178934695625724, 0.7221919593391022, 0.046976974291673634, 0.09904171931296692], [0.15589664352217833, 0.08293058444335531, 0.03900089356282739, 0.722171878371639], [0.10641050575527027, 0.1441898974078477, 0.7149088541800619, 0.03449074255682007], [0.17940464727914213, 0.1097535365489822, 0.06948642308193777, 0.6413553929899378], [0.1233734217916755, 0.1230655116404949, 0.6702101379754767, 0.08335092849235287], [0.2559885978442742, 0.47607311601646435, 0.15579673646322587, 0.1121415495760356], [0.29348842618608045, 0.40409954204539594, 0.04656289725566228, 0.2558491344128613], [0.6251020794071229, 0.12770765542796, 0.07070139531451528, 0.17648886975040182], [0.6237284532424701, 0.13566707249363635, 0.1034243081070174, 0.1371801660568762], [0.5983401820330914, 0.12223602192630785, 0.11696007981680058, 0.16246371612380026], [0.5859140491236128, 0.1206331348015523, 0.08248230445384319, 0.21097051152099172], [0.6016988888160943, 0.1427439482980666, 0.12430625685490936, 0.1312509059309296], [0.6387602614856237, 0.12438570567780707, 0.062226700826173695, 0.17462733191039556]], "ideal": "D", "sampled": "D", "correct": true}}
{"type": "result", "data": {"idx": 6, "options": ["Vietnam", "United Kingdom", "Germany", "Bolivia"], "probs": [[0.33490827177232796, 0.2398266160274138, 0.2086562781027474, 0.2166088339975108], [0.3224204278391172, 0.24772834023526613, 0.22769703647294676, 0.2021541953526699], [0.31958105680755183, 0.2417962961879527, 0.1930412919173126, 0.24558135498718286], [0.3249286912077972, 0.22906310171390443, 0.2039816616575089, 0.24202654532078946], [0.3071071757500151, 0.21996201244833838, 0.26786872342726054, 0.205062088274386], [0.32424580564466443, 0.2163145062660252, 0.22179092134119072, 0.23764876664811968], [0.3648650591475721, 0.23425800746932496, 0.17563372586947107, 0.22524320741363185], [0.343505451435938, 0.25581864975405677, 0.209084990058197, 0.19159090865180822], [0.3272271752030256, 0.22372792658952753, 0.24225910005531054, 0.20678579805213637], [0.32839942997989696, 0.22454764098379795, 0.24116504242601094, 0.20588788651029413], [0.3546885496814724, 0.23675320687380388, 0.2044459401694245, 0.20411230317529921], [0.3474957489249222, 0.2300429688144818, 0.18513520722615653, 0.23732607493443947], [0.3232928965680559, 0.24656969694251132, 0.18930279360445185, 0.24083461278498094], [0.333781336717924, 0.23347977149356774, 0.18210675091869613, 0.2506321407698121], [0.31002383959137836, 0.23650404456121926, 0.23317195125316467, 0.2203001644942377], [0.3214877987251569, 0.24333573473057457, 0.22886991031577902, 0.2063065561284895], [0.33626034852479986, 0.21753732857912975, 0.1877992898037985, 0.25840303299227185], [0.31229984291798396, 0.21853783398860072, 0.2347871923988637, 0.23437513059455162], [0.29205118301341726, 0.24662667898036358, 0.2568801824396187, 0.20444195546660046], [0.29671536988881286, 0.24276428688827548, 0.241219394146538, 0.21930094897637364], [0.286746868067524, 0.259678639734009, 0.23322743870153598, 0.22034705339693103], [0.2848739794413195, 0.2480021902073788, 0.21919984133436457, 0.24792398891693718], [0.28935942913259566, 0.2423041832891448, 0.23162429722687886, 0.23671209025138068], [0.28374852881727725, 0.2414110379749215, 0.22191024653152067, 0.25293018657628064]], "ideal": "D", "sampled": "B", "correct": false}}
{"type": "result", "data": {"idx": 7, "options": ["Chain migration", "Cluster migration", "Circular migration", "International migration"], "probs": [[0.07555014344593235, 0.05148309030513263, 0.808950949167833, 0.06401581698110201], [0.06986033483016758, 0.04423437837371652, 0.04804722806541986, 0.8378580586306961], [0.06107840467482682, 0.8364853472404996, 0.013983228594107305, 0.08845301939056623], [0.057529755441506826, 0.886221836071026, 0.015038746498581428, 0.04120966188888572], [0.055681235771564634, 0.039324756488044746, 0.019909920057656866, 0.8850840875827337], [0.05082387400917787, 0.05319377327634766, 0.8561565151527213, 0.039825837461753125], [0.08585623650884373, 0.16910244522787887, 0.666984379224836, 0.0780569389384414], [0.08083434846060959, 0.10167152799872867, 0.03882270906392772, 0.778671414376734], [0.08628201515959912, 0.787255766861599, 0.039211619787510636, 0.0872505980912912], [0.07041435205285754, 0.7930424508047716, 0.02184801629891129, 0.11469518074345954], [0.06807836245926464, 0.06122479305884124, 0.054293145297896715, 0.8164036990839973], [0.060765291687335854, 0.07375856683719427, 0.785108567315167, 0.08036757406030286], [0.790354877271998, 0.046793220440581845, 0.021020528710041276, 0.14183137347737879], [0.865427352262994, 0.05242073748713347, 0.04326585790818307, 0.038886052241689444], [0.7665111193334131, 0.03483675316114289, 0.05445132986801749, 0.14420079753742648], [0.7953687694610785, 0.034764161150905866, 0.05519412724689412, 0.1146729420411215], [0.8720818269825087, 0.04345687980569998, 0.03643420879732387, 0.04802708431446745], [0.8463271038718218, 0.03693865142925783, 0.01795365241856312, 0.09878059218035726], [0.054154783078419894, 0.033517695710304655, 0.022858619517345555, 0.8894689015939299], [0.06515139122265795, 0.06363533968319648, 0.8239433488338899, 0.04726992016025568], [0.06622246306802285, 0.03268266298459992, 0.07397503019259805, 0.8271198436547792], [0.07638643681239157, 0.04287626593876276, 0.7819226979427428, 0.09881459920610289], [0.051505902593188164, 0.9068697389616318, 0.01503771312973024, 0.026586645215449727], [0.053213350965101054, 0.8801166496301672, 0.008944066323787254, 0.05772593298094445]], "ideal": "C", "sampled": "C", "correct": true}}
{"type": "result", "data": {"idx": 8, "options": ["Religious differences", "A national holiday", "An attack by another country", "A charismatic national leader"], "probs": [[0.7962954191867325, 0.02181685383803631, 0.03201063781676408, 0.14987708905846706], [0.7799807727661239, 0.021546650298068827, 0.04817486513384365, 0.15029771170196363], [0.82355925542448, 0.039806482096100874, 0.019642699803905057, 0.11699156257551398], [0.8466523071270456, 0.042581984809937946, 0.053992173248740796, 0.056773534714275646], [0.8375945468036613, 0.058405639937492856, 0.010562844297947533, 0.0934369688608983], [0.7822501383116586, 0.10429928878133153, 0.03403514390242457, 0.07941542890458526], [0.11597965483728079, 0.4575866094133642, 0.07433166988446561, 0.3521020657648894], [0.09527530875129833, 0.4724941727230635, 0.13356948395114154, 0.29866103447449666], [0.10734592722229355, 0.19243065294074993, 0.3911731097019033, 0.30905031003505323], [0.09706242670824347, 0.21510433299489506, 0.5003003030604593, 0.18753293713640215], [0.0471231983779515, 0.08795626681424183, 0.7491741329174615, 0.11574640179034519], [0.10147233090508266, 0.16825739425080602, 0.27694456230770687, 0.45332571243640446], [0.13722654196836714, 0.5714785668978287, 0.03723717619244823, 0.2540577148413559], [0.10378511916713343, 0.7481907549632132, 0.08280458983841557, 0.0652195359312378], [0.1193591600823628, 0.1481559210201797, 0.5416968818198754, 0.19078803697758215], [0.130357276475588, 0.22986019460465082, 0.3239336214953493, 0.31584890732441184], [0.08838155996484222, 0.15845602985311522, 0.6891244751885509, 0.06403793489349162], [0.16120393212306916, 0.20907751746446832, 0.04306592695582061, 0.5866526233566419], [0.18192548304296066, 0.5246729303155937, 0.016318751640918668, 0.27708283490052693], [0.15472489997342578, 0.6756966885616583, 0.03562842774556056, 0.1339499836193554], [0.08148482700457955, 0.0966467501635017, 0.7033559856095302, 0.1185124371223886], [0.1827254471406221, 0.1936096577690596, 0.1914730994431398, 0.43219179554717846], [0.17351891227953123, 0.21535284975515628, 0.5001568234968471, 0.1109714143684654], [0.23607174351181345, 0.2991535763604635, 0.04031771183675951, 0.4244569681909635]], "ideal": "A", "sampled": "A", "correct": true}}
{"type": "result", "data": {"idx": 9, "options": ["Mediterranean climate", "Limited forest cover", "Growth of manufacturing", "Access to trade routes"], "probs": [[0.07127345659611647, 0.02414244264737378, 0.025792464888587475, 0.8787916357679223], [0.08157698535776628, 0.03410715495094675, 0.8499161911306512, 0.034399668460635746], [0.08034943548980225, 0.038335899607404064, 0.027763540957668423, 0.8535511238451252], [0.06457726080085092, 0.033892017738276506, 0.8773250211690539, 0.02420570019181868], [0.08643373995518544, 0.8634355664374841, 0.01763368835040709, 0.032497005156923345], [0.08972725907704908, 0.8619610562007445, 0.010372773617543444, 0.03793891100466298], [0.06539094581415832, 0.02183182023275259, 0.026021153265304277, 0.8867560805877848], [0.07613532315304342, 0.030195188055475893, 0.8663768252085352, 0.02729266348294551], [0.08610125325518411, 0.05274282953712089, 0.015962620630586934, 0.8451932964771081], [0.06646922752258436, 0.04477735085711576, 0.869166523792482, 0.019586897727817812], [0.11693279661806334, 0.8294961010113876, 0.01846968789343777, 0.03510141437711129], [0.11983572347203156, 0.8103959235243849, 0.018203769487683742, 0.0515645834158997], [0.11204500781184892, 0.033738857611890494, 0.04385299427971204, 0.8103631401965485], [0.09287714784264978, 0.031739957036257545, 0.840281172752522, 0.035101722268570716], [0.10677848317686607, 0.039081821475367505, 0.019154413747740077, 0.8349852815000264], [0.09564606630636797, 0.03760476325959703, 0.8392246177126635, 0.027524552621371403], [0.11357082631037876, 0.831220766080999, 0.013451481529073883, 0.04175692597954828], [0.11132340545365378, 0.8351283419748972, 0.0165367345037394, 0.03701151796770966], [0.76218054685767, 0.06451015510190461, 0.09580042711881681, 0.07750887082160852], [0.7690372666814073, 0.05835960957017052, 0.034986396297684366, 0.1376167273507378], [0.8106100490123751, 0.07187084263902975, 0.03631619066025671, 0.0812029175883384], [0.7320078910605502, 0.07540946762070018, 0.059426246777525185, 0.13315639444122446], [0.7190694593941493, 0.1307884266606784, 0.03223974161303281, 0.1179023722321395], [0.7248910828764886, 0.11550779696097452, 0.06985084295463365, 0.08975027710790318]], "ideal": "D", "sampled": "D", "correct": true}}
{"type": "result", "data": {"idx": 10, "options": ["high birth rates with high but fluctuating death rates.", "declining birth rates with continuing high death rates.", "low birth rates with continuing high death rates.", "high birth rates with declining death rates."], "probs": [[0.8232244016632008, 0.04083142980438933, 0.015318190416610028, 0.12062597801579987], [0.8148272864527989, 0.04181419125611806, 0.10375676584293549, 0.03960175634814751], [0.7956253233361449, 0.03623517677878376, 0.019597763450157384, 0.14854173633491402], [0.8059202187232678, 0.037360399786032436, 0.11537230300336522, 0.04134707838733458], [0.8724733037670461, 0.0654710713223901, 0.01900111763354742, 0.043054507177016296], [0.8727053581791109, 0.07242357133472538, 0.016902571888679344, 0.037968498497484376], [0.08315610683431142, 0.8299464977646956, 0.010555082675474236, 0.0763423126255187], [0.0927370249257983, 0.8428633149938692, 0.031121282012113886, 0.03327837796821861], [0.12382518637236824, 0.03313224426845963, 0.770630546998997, 0.07241202226017517], [0.28629253484879724, 0.05555575195559099, 0.11872202643288438, 0.5394296866627274], [0.18018372287966128, 0.11633878901801357, 0.6647785280547159, 0.03869895994760924], [0.3015534765138122, 0.22058736454026776, 0.03638062490231233, 0.4414785339436077], [0.060049016749662815, 0.7614006491531187, 0.01375919503848269, 0.16479113895873584], [0.06870156049550397, 0.8587355352702425, 0.04167954786314229, 0.0308833562711113], [0.1095230685348056, 0.04862469905218823, 0.7536870374367809, 0.08816519487622529], [0.21762636301725408, 0.10626816748510072, 0.3114820122407329, 0.3646234571569123], [0.09703940658251498, 0.5013779066720304, 0.3648027073496778, 0.0367799792957768], [0.13061254923350588, 0.6623552292886699, 0.0422997390667576, 0.16473248231106663], [0.5414275233997669, 0.3837188870674959, 0.022427317404008912, 0.052426272028728384], [0.589057570162533, 0.3540076646041734, 0.019300392075378037, 0.037634373057915615], [0.43060440555207197, 0.1368232893973631, 0.37682605800896823, 0.0557462469415967], [0.5687509901718745, 0.15635772397350203, 0.05168479050964616, 0.22320649524497732], [0.34103324624801323, 0.12884898338464754, 0.488935167044661, 0.04118260322267824], [0.5615217789729523, 0.16431200808714824, 0.06059743203729581, 0.21356878080260366]], "ideal": "A", "sampled": "A", "correct": true}}
{"type": "result", "data": {"idx": 11, "options": ["Crude birth rate", "Replacement level", "Mortality rate", "Total fertility rate"], "probs": [[0.032479748005600204, 0.21374057151571613, 0.01988980538985238, 0.7338898749888313], [0.019570227856245345, 0.49145841959761216, 0.46386579020053065, 0.025105562245611855], [0.034025368472809285, 0.01702480074217386, 0.2698376270424025, 0.6791122036426144], [0.033377966932217555, 0.015116083054098003, 0.7105196535025518, 0.2409862964111327], [0.023531754444114376, 0.6706419836298281, 0.2655615607220195, 0.04026470110403807], [0.027662998294454712, 0.7108393370371575, 0.013533444255914405, 0.2479642203124734], [0.4591542414808904, 0.046502223709716406, 0.02621548568161331, 0.4681280490277799], [0.37834327120320194, 0.04460798775441355, 0.5164894692004071, 0.06055927174197746], [0.4090195732943588, 0.03834491723803782, 0.06097176874842204, 0.49166374061918133], [0.3095061457629482, 0.033768333239692715, 0.5690848784392848, 0.08764064245807428], [0.37331864174332574, 0.5567434269065671, 0.02593172171663514, 0.04400620953347205], [0.330526093525202, 0.5899999912983263, 0.01474026634367723, 0.06473364873279448], [0.02571247632749193, 0.03803751042272547, 0.10902786741185082, 0.8272221457379317], [0.025192235943912174, 0.04232296130315626, 0.7995224996005807, 0.13296230305235077], [0.02924599679034924, 0.17508675123660516, 0.046020768492498455, 0.7496464833805471], [0.017457833219211998, 0.5200710804973527, 0.427038483570753, 0.03543260261268225], [0.03304108364437494, 0.3942775141485209, 0.022049382587690486, 0.5506320195194137], [0.02282785472613365, 0.5385807081633843, 0.38727945856329044, 0.051311978447191584], [0.41473136165227026, 0.03929728809290785, 0.49222150853159247, 0.05374984162322946], [0.7404331980917914, 0.038288517855468523, 0.016703301634565605, 0.20457498231817445], [0.2919403627578685, 0.6342890243659124, 0.02817094052880756, 0.04559967224741155], [0.3874664234081913, 0.5431161421158914, 0.015614397531408319, 0.05380303684450891], [0.6699693189823291, 0.026186602138741903, 0.03647314004892246, 0.26737093873000645], [0.5738230389812686, 0.029779665390997898, 0.3215617859158356, 0.0748355096118978]], "ideal": "B", "sampled": "D", "correct": false}}
{"type": "result", "data": {"idx": 12, "options": ["Islam", "Christianity", "Hinduism", "Buddhism"], "probs": [[0.6362957621916342, 0.12847165092061555, 0.12276556446398286, 0.11246702232376737], [0.6772614969105827, 0.13560735193056367, 0.08236423440810813, 0.10476691665074546], [0.5612268614573388, 0.2100563856766091, 0.07739325097601302, 0.15132350179003906], [0.599737735018988, 0.2091783543038438, 0.07827541639564424, 0.11280849418152399], [0.6454378250667104, 0.1767065060488384, 0.0682067698326129, 0.10964889895183821], [0.5943506202702389, 0.1719047358282821, 0.1350973673278951, 0.09864727647358387], [0.12396652065517834, 0.6080758480406318, 0.14662001807087707, 0.12133761313331282], [0.11888090910673715, 0.6400367426221266, 0.09289438744765253, 0.14818796072348364], [0.11864848522138605, 0.40024030502787505, 0.3621065643224601, 0.11900464532827879], [0.14153132382272546, 0.23953820646510357, 0.0698239085871552, 0.5491065610250158], [0.10423753843941386, 0.42749764237010224, 0.28482603175098453, 0.18343878733949942], [0.11980661779596687, 0.2390753782107544, 0.11039815929035088, 0.5307198446029279], [0.29302300908380796, 0.520016412384349, 0.06460921970074424, 0.12235135873109873], [0.2830517740163097, 0.5646533074963703, 0.08009115188037583, 0.07220376650694409], [0.3231962669048806, 0.12603919394602417, 0.43788609556775526, 0.11287844348133995], [0.2658455987444332, 0.11460987562739557, 0.08871115809321774, 0.5308333674349535], [0.22323659968134515, 0.11534044589668785, 0.6016491494041143, 0.05977380491785267], [0.322460342760047, 0.12653560199280445, 0.07278106049650634, 0.4782229946506423], [0.31696037782000885, 0.537089081355689, 0.04917022328934435, 0.09678031743495773], [0.30521793307358847, 0.5172414971833318, 0.11092789138220703, 0.06661267826087275], [0.34154879969977003, 0.17388924890007906, 0.37432822214839745, 0.11023372915175347], [0.2622039835726084, 0.1408206778379323, 0.13136764968012432, 0.46560768880933495], [0.24996775851819206, 0.1851238344633944, 0.5044391844744048, 0.06046922244400868], [0.363933331556236, 0.22318557318276455, 0.0591730300123868, 0.35370806514861264]], "ideal": "A", "sampled": "A", "correct": true}}
{"type": "result", "data": {"idx": 13, "options": ["redline area.", "threshold.", "range.", "hinterland."], "probs": [[0.044035218439894525, 0.04614061076710658, 0.06674396394324758, 0.8430802067497514], [0.02544466645677255, 0.04088363210309926, 0.9068555954086722, 0.02681610593145593], [0.041700343363464024, 0.06111404500903243, 0.028283191051769428, 0.8689024204757341], [0.03099950531188524, 0.0771902487128105, 0.8608656364402292, 0.03094460943507511], [0.03192294162738019, 0.9059435083074667, 0.024161292390103898, 0.03797225757504924], [0.03334909521878176, 0.9102698139741736, 0.022455074707823965, 0.0339260159992207], [0.07431227242461057, 0.05575498957435979, 0.07106776829786683, 0.7988649696031628], [0.045000838428001545, 0.04849715392724114, 0.8689633431777262, 0.037538664367031176], [0.08565134171353546, 0.06668451874701577, 0.021418510907899292, 0.8262456285315495], [0.04965021048624441, 0.03793689862581273, 0.8791012160488356, 0.033311674739107275], [0.037117141396927816, 0.9138268623221981, 0.010960098109935236, 0.03809589807093882], [0.0411447922079784, 0.9216628957840758, 0.013316061692428358, 0.023876250215517432], [0.07371519642545732, 0.037062228412614244, 0.029127475413886803, 0.8600950996480416], [0.04413726569321925, 0.03282987710814404, 0.8879534634356113, 0.03507939366302542], [0.08970094604937692, 0.055183273625566735, 0.02008586779163888, 0.8350299124334175], [0.04381733697411861, 0.029671726982915095, 0.8952686227339195, 0.031242313209046784], [0.034149566007793626, 0.927828642686702, 0.010312810904141035, 0.027708980301363415], [0.04092745295740688, 0.9212379630286457, 0.01464356694453664, 0.02319101696941075], [0.9398195970192526, 0.022074277113714253, 0.014239443809442772, 0.023866681957590456], [0.9368897931284274, 0.02397194976221769, 0.015352145209552638, 0.023786111799802282], [0.9290049500044743, 0.032429549678419496, 0.01032095143270126, 0.02824454878440501], [0.9376618284859123, 0.031490595935135514, 0.012441740536605198, 0.01840583494234698], [0.9416616172211046, 0.030656118549256685, 0.009759561689134092, 0.017922702440504597], [0.9429789973835334, 0.030694507688268435, 0.014075444366921146, 0.012251050461277052]], "ideal": "D", "sampled": "D", "correct": true}}
{"type": "result", "data": {"idx": 14, "options": ["the central city and its developed areas.", "the central city and its surrounding suburbs.", "the central city and its hinterlands.", "the central city and the adjacent counties."], "probs": [[0.5054531096906656, 0.35011714693382984, 0.0680494755438466, 0.07638026773165793], [0.5689755847175842, 0.24052596806642104, 0.036737800735668215, 0.1537606463803265], [0.5615851240670487, 0.0917446606384513, 0.27999326375312156, 0.06667695144137833], [0.49223162068688187, 0.08094039287181101, 0.033554586384847755, 0.3932733999564594], [0.4155831367522871, 0.09901972932883135, 0.3618601289168248, 0.12353700490205674], [0.375793361986946, 0.11450541592726336, 0.04939887598558685, 0.46030234600020375], [0.7307353236759717, 0.13165349159275697, 0.046770365435285274, 0.09084081919598604], [0.7321568890410947, 0.12295326864130464, 0.03484600114874772, 0.11004384106885298], [0.7175157443656018, 0.12526086624819666, 0.05287163234793987, 0.10435175693826164], [0.6888496798089139, 0.12316670874950901, 0.04077003477735625, 0.14721357656422085], [0.6546194249311864, 0.12675552635514642, 0.09025122627836485, 0.1283738223353023], [0.6788186480828203, 0.1272877613125692, 0.0935603089057249, 0.10033328159888559], [0.44287296805773807, 0.2930935104573597, 0.18864500605328371, 0.07538851533161849], [0.36871528072372545, 0.26163905466504567, 0.03869427682527975, 0.3309513876859491], [0.36993293296871516, 0.4269171165881106, 0.09924486579894098, 0.10390508454423325], [0.3743066926785529, 0.39010985154891975, 0.07998360245558984, 0.15559985321693748], [0.27419899665658015, 0.17204824809284, 0.24767299376903346, 0.3060797613815464], [0.32802082571180413, 0.18052964717712144, 0.3671423658574111, 0.12430716115366328], [0.17689939013594236, 0.42452832869454316, 0.2861315692577058, 0.1124407118118087], [0.18481503012086722, 0.3957900614091576, 0.051614499423382754, 0.3677804089465924], [0.23682938356765706, 0.38938455451225223, 0.17597462842786435, 0.19781143339222634], [0.24447994113861463, 0.49643603332171576, 0.10999702743083739, 0.14908699800883224], [0.23282312895218935, 0.17739354865238335, 0.09600799213915583, 0.49377533015627145], [0.1827149322924985, 0.18410687950994492, 0.563299098431647, 0.06987908966590949]], "ideal": "B", "sampled": "B", "correct": true}}
{"type": "result", "data": {"idx": 15, "options": ["Buddhism", "Christianity", "Islam", "Hinduism"], "probs": [[0.3521489553121585, 0.16296731176784124, 0.1319623907070876, 0.35292134211291265], [0.36814119859618316, 0.18444546780462176, 0.31176447400664253, 0.13564885949255254], [0.3488205022936851, 0.19175438295243347, 0.162755457105522, 0.29666965754835944], [0.37751647826234297, 0.22452153263231012, 0.23539379236728397, 0.16256819663806293], [0.5130830368401891, 0.2934878446353453, 0.06857202895363877, 0.12485708947082688], [0.44680929813574444, 0.29392793248003757, 0.08686028874717326, 0.17240248053704474], [0.20911302225675582, 0.13122142263435005, 0.14431088516263502, 0.5153546698462591], [0.22661911286560144, 0.16006556390213045, 0.4755354594043522, 0.13777986372791587], [0.1831662370317267, 0.11680945094854878, 0.16364997745643187, 0.5363743344632926], [0.26966698180424037, 0.23523531413268006, 0.33497412506750823, 0.1601235788955713], [0.26228784730529964, 0.4208115511469972, 0.17838315132314844, 0.13851745012455471], [0.2693581563785592, 0.42885954676775334, 0.12883375437515515, 0.17294854237853227], [0.24342078330795786, 0.15039451642908508, 0.18742075839881597, 0.4187639417641411], [0.23632872183768655, 0.16302355150597933, 0.4512712984068152, 0.14937642814951896], [0.21936593293839685, 0.11326630074839712, 0.19755416517802932, 0.4698136010351767], [0.3026139049640504, 0.19013443020664408, 0.34494530123166006, 0.16230636349764546], [0.30372663159472124, 0.2839429547468768, 0.20480236139647723, 0.20752805216192471], [0.3414754518305204, 0.3024196579389399, 0.14858633056903664, 0.20751855956150303], [0.6224595354058223, 0.14705589521737505, 0.08585225853845455, 0.14463231073834812], [0.5557439425856889, 0.16588939731643126, 0.09914552278014285, 0.1792211372177369], [0.5808737104289889, 0.11835755053893647, 0.16583376626997554, 0.13493497266209903], [0.6120031748995548, 0.11901651853696778, 0.14255923668624476, 0.12642106977723258], [0.5377561289203007, 0.15685337312878114, 0.13859423580589053, 0.16679626204502768], [0.5773912329718306, 0.14297092598607117, 0.13233481937820277, 0.1473030215638955]], "ideal": "D", "sampled": "D", "correct": true}}
{"type": "result", "data": {"idx": 16, "options": ["World cities contain the headquarters of many transnational corporations.", "World cities are well connected to secondary-level world cities.", "World cities contain many offices of multinational organizations.", "World cities are found only in the northern and western hemispheres."], "probs": [[0.10585440304073736, 0.06139309909526215, 0.0331711817445241, 0.7995813160194764], [0.07504894443877301, 0.11231241164886609, 0.7778791043524572, 0.03475953945990366], [0.08721373129673995, 0.0614983864105907, 0.043999492581308225, 0.8072883896113611], [0.06570148663166252, 0.07138721111856923, 0.833194876623128, 0.02971642552664023], [0.08764338590419851, 0.7835554567338264, 0.05016698371303935, 0.07863417354893573], [0.0829308644400096, 0.8082923442861597, 0.047098805137834425, 0.06167798603599621], [0.10527149194768039, 0.0639907337353483, 0.035933714379293526, 0.7948040598376778], [0.07957474319380667, 0.11365194871597316, 0.7745108776773313, 0.03226243031288886], [0.11285401711446989, 0.07954648017763633, 0.043665795863288163, 0.7639337067446056], [0.06752424532550266, 0.11447390424856493, 0.7926812865090812, 0.025320563816851212], [0.10103412829484891, 0.7722366537749037, 0.057807680859682256, 0.06892153697056515], [0.09726763769336959, 0.7609558303142491, 0.057878745360663335, 0.08389778653171805], [0.09149207811892805, 0.06867823109478002, 0.04994901176517418, 0.7898806789211177], [0.0683933148082367, 0.08555915508611225, 0.8158235241786536, 0.030224005826997517], [0.10363518854764396, 0.07596944969451472, 0.037099931240849315, 0.783295430416992], [0.06452287973276069, 0.13407274088683882, 0.7756400396510194, 0.025764339629381114], [0.09676124334785641, 0.7757865334231697, 0.04776789709015647, 0.0796843260388174], [0.09617497097614507, 0.8075692713017036, 0.043544456682801345, 0.05271130093934999], [0.7253487352604705, 0.124014761719122, 0.05916955147287861, 0.09146695144752884], [0.7782970562955651, 0.10204964776376127, 0.050608433257732004, 0.06904486258294155], [0.7363426033688663, 0.11110709523708857, 0.08082557408578399, 0.07172472720826119], [0.7237980257175065, 0.10423961125404907, 0.07705112431096724, 0.09491123861747716], [0.7433777463970912, 0.11395694503185817, 0.06555818557933073, 0.07710712289171992], [0.7385118758826915, 0.12331341960905164, 0.06566459293515922, 0.0725101114730976]], "ideal": "D", "sampled": "D", "correct": true}}
