{"type": "result", "data": {"idx": 0, "options": ["It demonstrates the difference between the internal and the external aspect of a rule.", "It refutes the natural lawyer' view of the role of morality in law.", "It explains the nature of power-conferring rules.", "It illuminates the concept of a rule."], "probs": [[0.6738049983304466, 0.12443293629832483, 0.033964395519674846, 0.16779766975155366], [0.5692871297220395, 0.11857742991718158, 0.25662771247186533, 0.05550772778891357], [0.6648328501761568, 0.07936910775610176, 0.06660702277372857, 0.18919101919401285], [0.6698763173074991, 0.08130014426492126, 0.1468941358713918, 0.1019294024561878], [0.6871473499660296, 0.1778100361263282, 0.0716677191037268, 0.06337489470391545], [0.688069185190213, 0.16591397420636592, 0.05720950087957196, 0.08880733962384914], [0.1898532907140651, 0.5824437584998415, 0.03429780438167861, 0.19340514630441477], [0.2176711011684818, 0.5457307221730612, 0.16688561810863728, 0.06971255844981976], [0.24745050284952844, 0.11729029744171571, 0.4712116191201003, 0.1640475804886556], [0.2730004204387215, 0.10945795823722679, 0.15049898543204546, 0.4670426357920062], [0.20540164143187015, 0.27337516980865734, 0.4578586195165193, 0.06336456914295321], [0.2532197795075311, 0.26323890291146235, 0.06393669449738017, 0.4196046229836264], [0.09947231336826527, 0.7223465388116113, 0.037495843783027644, 0.14068530393709577], [0.11081716167491382, 0.7561536768583442, 0.06023993611805953, 0.07278922524868243], [0.1749365154488311, 0.21192052642490414, 0.4697693813901849, 0.14337357663607983], [0.19684135911880463, 0.22320453820380717, 0.13721866904317054, 0.4427354335342177], [0.15150525825806524, 0.26931580296485047, 0.49908756089239326, 0.080091377784691], [0.15343649455210284, 0.23602871242742726, 0.06251074279948704, 0.5480240501209829], [0.29403349206574125, 0.6200286629915719, 0.03401901136708167, 0.0519188334756052], [0.3134220207159243, 0.5875276856930763, 0.031259696578166594, 0.06779059691283282], [0.2781093130657221, 0.1330534820611844, 0.5343030710516888, 0.054534133721404685], [0.5164255258843982, 0.12930774085291535, 0.027539685946012523, 0.32672704721667395], [0.34400922312879567, 0.14620402562798343, 0.4429415496960021, 0.06684520144721881], [0.4463243501938199, 0.12670745851114554, 0.034637338136060666, 0.3923308530589739]], "ideal": "D", "sampled": "A", "correct": false}}
{"type": "result", "data": {"idx": 1, "options": ["It is misinterpreted as a prediction.", "His concept of status is misrepresented.", "It is taken literally.", "His idea is considered inapplicable to Western legal systems."], "probs": [[0.6041339264255843, 0.19284937502189348, 0.07352093880338902, 0.1294957596491332], [0.5839733915917275, 0.17252747508107966, 0.049268815607032786, 0.19423031762016013], [0.6439258215705176, 0.16247747231596635, 0.08954652809400473, 0.1040501779195113], [0.5834043436698706, 0.11722947284729267, 0.02307145410505429, 0.2762947292777824], [0.463297227129328, 0.17467723004216062, 0.22389008591811718, 0.13813545681039419], [0.48054547661072256, 0.14738228476414628, 0.07272836348496678, 0.2993438750401644], [0.09988573118130584, 0.81248437744834, 0.03540341901869628, 0.052226472251657816], [0.09988918210250286, 0.8136547848531633, 0.02592391721229995, 0.060532115732033834], [0.13489129233485378, 0.24416337757745754, 0.5611613015980759, 0.05978402838961286], [0.15931323169068795, 0.1577579378923968, 0.035496741529729745, 0.6474320887871855], [0.07019438044739419, 0.0794804853527854, 0.8164505319022477, 0.03387460219757273], [0.1374688590774092, 0.09535981393100987, 0.2618216281321754, 0.5053496987594055], [0.3973498107185094, 0.3273898167646476, 0.1577621455176576, 0.1174982268991854], [0.3914651223248383, 0.21413477973930586, 0.030794037101396356, 0.36360606073445945], [0.12935435147920996, 0.19374361441353072, 0.6178701337616018, 0.059031900245657486], [0.21600126532545094, 0.15748100567826148, 0.04404025688476999, 0.5824774720115176], [0.12991916125902578, 0.11700755047401266, 0.6708234797799122, 0.08224980838704932], [0.19165457863828556, 0.11715610539275942, 0.21568514682085616, 0.47550416904809883], [0.05436571387419975, 0.8609599579796487, 0.038124627760493794, 0.04654970028565767], [0.058714698775519394, 0.845664021118117, 0.03775029242499305, 0.05787098758137058], [0.05871595222292662, 0.18500005189342167, 0.715753931518883, 0.040530064264768656], [0.11894549250984605, 0.2585737368418426, 0.2126651374385907, 0.40981563310972063], [0.08581954857117721, 0.46491055983259494, 0.3700474445144714, 0.07922244698175639], [0.10061320961343073, 0.3699179103576145, 0.12361538777353177, 0.405853492155423]], "ideal": "A", "sampled": "A", "correct": true}}
{"type": "result", "data": {"idx": 2, "options": ["Depression of the 1930", "The rise of Fascism", "The international recognition of human rights after World War II", "The Bolshevik Revolution"], "probs": [[0.15584182737699395, 0.15069422124309403, 0.6064072846759926, 0.08705666660391946], [0.09962739272076637, 0.08579303515127011, 0.04658521070428473, 0.7679943613236788], [0.11036092658509097, 0.7277885485339605, 0.05360773132248576, 0.10824279345846281], [0.08560166773824815, 0.8170082707812806, 0.02167655778776764, 0.0757135035927036], [0.06351367017073106, 0.033481137956676836, 0.04820086348772024, 0.8548043282848719], [0.07382399835599321, 0.04219227052702697, 0.7834310793498518, 0.10055265166712804], [0.10056027619190328, 0.0630383556565434, 0.7619326000355804, 0.07446876801597298], [0.05925602835065453, 0.040065490893316104, 0.024845322880754524, 0.8758331577752748], [0.13518856111932967, 0.7514217299218366, 0.04247927927041333, 0.07091042958842034], [0.11063153666523877, 0.8173777734281817, 0.023472660074471872, 0.048518029732107636], [0.05215153074759104, 0.029038248665291765, 0.03086105195682688, 0.8879491685302903], [0.13165814467890613, 0.08741939588026586, 0.7168003747223486, 0.06412208461847935], [0.8217207757987877, 0.05685767882174276, 0.033011294775093215, 0.08841025050437638], [0.8895493670796002, 0.039991328972540506, 0.012091493010954694, 0.05836781083690458], [0.8892772660628347, 0.04191640610137768, 0.018556495231735748, 0.050249832504051815], [0.8982202928450075, 0.045757802978223724, 0.02058127454838634, 0.03544062952838244], [0.9023638534828895, 0.02541075507689886, 0.01752447183114268, 0.05470091950906899], [0.9200565492203638, 0.02779275447724752, 0.02208055993933886, 0.03007013626304977], [0.03683215916528256, 0.039813147770945155, 0.037980822677725304, 0.885373870286047], [0.04651717347328029, 0.06522797622402465, 0.8159147883455993, 0.07234006185709574], [0.030531807934708007, 0.03598096500026952, 0.02492369646156238, 0.9085635305034601], [0.07585105733425267, 0.14810014652804604, 0.7332038578207634, 0.04284493821693797], [0.04304337753362667, 0.8576676605063294, 0.02867746459003244, 0.07061149727001155], [0.048241408471461814, 0.8697409952955806, 0.03212494149948309, 0.04989265463347454]], "ideal": "C", "sampled": "C", "correct": true}}
{"type": "result", "data": {"idx": 3, "options": ["There is no distinction between the two forms of legal reasoning.", "Judges are appointed to interpret the law, not to make it.", "It is misleading to pigeon-hole judges in this way.", "Judicial reasoning is always formal."], "probs": [[0.2624289095139335, 0.29429414865411857, 0.31507670876213245, 0.12820023296981548], [0.3018653791721362, 0.21232634002431283, 0.0616936816036219, 0.4241145990999291], [0.2903057721058031, 0.3954592166582428, 0.16803160808884465, 0.1462034030471094], [0.32515760768443785, 0.3635502403081956, 0.08210469659185869, 0.22918745531550785], [0.25810140753342686, 0.20289141240015374, 0.1528228692978217, 0.3861843106685977], [0.21044899599004807, 0.19248528720639183, 0.38904371772122026, 0.20802199898233983], [0.22404136596023885, 0.3775268039298575, 0.27535373995507484, 0.12307809005482885], [0.25518822097040905, 0.2941106491813106, 0.07193978714358121, 0.3787613426046992], [0.15743057780100952, 0.6380989097485863, 0.12187350067484932, 0.08259701167555479], [0.16150881950092585, 0.6184059611240752, 0.05808603234328735, 0.16199918693171156], [0.23673605563752703, 0.19981497226423162, 0.2280110235580626, 0.3354379484401787], [0.1568457390601109, 0.17883235638544634, 0.5065311487090011, 0.15779075574544163], [0.40425251103236637, 0.2597261848908432, 0.1894275461203774, 0.14659375785641302], [0.4215384203461801, 0.25204502219186686, 0.0968634212065933, 0.22955313615535972], [0.41774700955208505, 0.23681200606892705, 0.20201847858279515, 0.14342250569619275], [0.4188827542625002, 0.23334459784271944, 0.1178733623068375, 0.22989928548794283], [0.384591502601572, 0.1669150665124454, 0.17724441687877895, 0.27124901390720363], [0.4210502630364136, 0.16772701344383403, 0.18364643105954576, 0.22757629236020663], [0.22235870523859494, 0.21774411391559673, 0.22452305406929604, 0.3353741266765123], [0.2034513025758171, 0.21244263330298196, 0.3506620473710403, 0.23344401665016065], [0.2330524335239273, 0.2627395234596534, 0.19651910979456816, 0.30768893312185114], [0.16436017068410388, 0.20899406317802088, 0.4640471360191299, 0.16259863001874533], [0.1916452468494869, 0.44100120002089876, 0.17339506485225709, 0.19395848817735728], [0.19546834539996896, 0.5139455045559996, 0.10628743151891014, 0.18429871842512124]], "ideal": "C", "sampled": "C", "correct": true}}
{"type": "result", "data": {"idx": 4, "options": ["The POP will choose wealth over a compassionate society.", "The POP will choose equality over power.", "The POP will be unselfish.", "The POP will choose to protect the disabled."], "probs": [[0.11658560830934084, 0.3692979326265685, 0.4251112766171944, 0.08900518234689625], [0.13429302465369777, 0.3986831606016856, 0.09453385363066683, 0.37248996101394977], [0.09395530028858748, 0.6024904699386523, 0.23877044308557888, 0.06478378658718133], [0.10690841743094237, 0.5539468485014006, 0.06909131951616222, 0.2700534144514947], [0.16614430645996944, 0.24030681725999256, 0.3637300919011066, 0.22981878427893138], [0.1482452198191819, 0.18195516411497067, 0.37099809556464053, 0.2988015204012069], [0.2291353642711386, 0.15901833771069118, 0.4788848459241727, 0.13296145199399756], [0.2725154357684045, 0.16504413763108944, 0.11505662220100034, 0.44738380429950575], [0.38040677705442033, 0.3202861976153985, 0.07008746645187613, 0.22921955877830502], [0.3269460699545408, 0.3712545820325522, 0.20130437010586752, 0.10049497780703953], [0.30546750477375506, 0.2284657124773042, 0.06327789040477012, 0.4027888922441706], [0.3346824472317115, 0.2845171795693574, 0.25850142008839216, 0.12229895301053893], [0.2248945832027608, 0.15860059855782463, 0.44203704591145426, 0.17446777222796034], [0.24647964555661858, 0.14941152038203528, 0.18291674952366155, 0.4211920844376846], [0.3325638174678117, 0.35992491241670527, 0.08720284699521648, 0.22030842302026651], [0.2939083343578892, 0.4058094412981096, 0.18685234008766063, 0.11342988415634053], [0.25759175225310704, 0.21852418615328395, 0.10056484414700714, 0.42331921734660183], [0.2522044366850581, 0.2910773325683864, 0.34276555432979877, 0.11395267631675672], [0.20179808137783045, 0.2133196592117613, 0.30351844426934604, 0.2813638150410622], [0.17121484149240734, 0.20221767731451948, 0.4391672807120478, 0.18740020038102537], [0.1926947284381881, 0.36919457771392694, 0.05601099585869358, 0.38209969788919135], [0.19398650814122984, 0.44974843333259557, 0.26367777976257006, 0.0925872786636045], [0.19247680813202062, 0.3604579868176889, 0.06536880344201473, 0.3816964015082757], [0.15757371871966555, 0.44124060164337897, 0.32941929449355095, 0.07176638504340446]], "ideal": "A", "sampled": "C", "correct": false}}
{"type": "result", "data": {"idx": 5, "options": ["Law and Economics", "Critical Legal Studies", "Historical", "Natural Law"], "probs": [[0.9545762875782345, 0.013141826258952083, 0.008851962476432418, 0.023429923586380973], [0.965163174790348, 0.013612582397636668, 0.006275647342604349, 0.014948595369410969], [0.9612575722278608, 0.01849347386991506, 0.007112478753210589, 0.01313647504901354], [0.9565647837869903, 0.0191278210234066, 0.010924710458997419, 0.013382684630605676], [0.9658695208674921, 0.01426504417105811, 0.006561275340527845, 0.013304159520921873], [0.9608233749059027, 0.014279339727064187, 0.00931708531951652, 0.015580199947516516], [0.021534242443245685, 0.9537466848801429, 0.007005487658486004, 0.017713584918125427], [0.02666350799016798, 0.9583942268363421, 0.005038919227150996, 0.009903345846338915], [0.022969930613027933, 0.043387631398415366, 0.9198051390313141, 0.013837298857242587], [0.02211232298039561, 0.019382368551301186, 0.014816895450229323, 0.9436884129180738], [0.022675819608254287, 0.019342476428070302, 0.9447447621445915, 0.013236941719083978], [0.027884607768264975, 0.01331621204702483, 0.017155596761013917, 0.9416435833236962], [0.03724397563833432, 0.9483180490823757, 0.005287707965542214, 0.009150267213747726], [0.032614285690375534, 0.9482278337296206, 0.006368495997782673, 0.01278938448222122], [0.026851749969386326, 0.011449775394420833, 0.9490869842472954, 0.01261149028889736], [0.049081635890675976, 0.01869427315063162, 0.008622630980058403, 0.923601459878634], [0.02238321385396827, 0.012418308745120312, 0.9510747538784468, 0.014123723422464625], [0.0444044317768783, 0.018276022252866456, 0.006502468160121226, 0.930817077710134], [0.028596137696688707, 0.9567194826759421, 0.005302037188949309, 0.00938234233841985], [0.02196292705900675, 0.957083854956368, 0.0075275495470434415, 0.013425668337581725], [0.01920243211453136, 0.008866889752826746, 0.95816691271269, 0.013763765319951878], [0.03648962141284267, 0.00956530884946556, 0.016646219694842194, 0.9372988499428496], [0.022248863842363444, 0.01809637373051473, 0.9332543657725823, 0.02640039655453956], [0.04041138672892873, 0.021693710286081705, 0.007536610139563948, 0.9303582927454256]], "ideal": "A", "sampled": "A", "correct": true}}
{"type": "result", "data": {"idx": 6, "options": ["All commands include some sanction.", "The concept of a command contains the likelihood that a sanction will follow failure to obey the command.", "Without a sanction the mere expression of a wish is not a command.", "A command confers power to change one's legal status."], "probs": [[0.2790015845467981, 0.2298973522773973, 0.24613038046658262, 0.24497068260922197], [0.23956631835587225, 0.1851718182727839, 0.10427381407987861, 0.47098804919146525], [0.30973490608016396, 0.2434135489903827, 0.18748631792151157, 0.2593652269079417], [0.2729694504320425, 0.26897775723363704, 0.15027461720581214, 0.3077781750285083], [0.2501655556036044, 0.1918325154564552, 0.13444556494866783, 0.4235563638912726], [0.22626785594543347, 0.17795335979539775, 0.2926104322884365, 0.3031683518707323], [0.22062112060037725, 0.3915584028633519, 0.17025309545702272, 0.21756738097924813], [0.20065697726602014, 0.3088705195345981, 0.08339570337600466, 0.4070767997233771], [0.26200371978047077, 0.2247151732220048, 0.30205753442604727, 0.21122357247147713], [0.25642078348156244, 0.2335934569127182, 0.14119103128716975, 0.36879472821854953], [0.19385935029590776, 0.1535991223657981, 0.28004129407235756, 0.37250023316593656], [0.18139729442562538, 0.16962725427919864, 0.33152187855271925, 0.3174535726424567], [0.27005574909298397, 0.27270931815487914, 0.19887230390921232, 0.25836262874292454], [0.24797411445264417, 0.2789200862882769, 0.11667970653708024, 0.35642609262199865], [0.24754376706985776, 0.2835078537180634, 0.2678752541274178, 0.20107312498466107], [0.22660174992959464, 0.26929815426520204, 0.09864123081003977, 0.40545886489516353], [0.21076743850534033, 0.1545045455612168, 0.3292317242934613, 0.3054962915399816], [0.21965555517182292, 0.18652730900378417, 0.17198678593127475, 0.4218303497931182], [0.18754315886408632, 0.3194534611667554, 0.1246077725743736, 0.3683956072947847], [0.17088171838005234, 0.3544225096348153, 0.2028301656043355, 0.2718656062807968], [0.1901270505633679, 0.21744907548187487, 0.24406708011770625, 0.348356793737051], [0.1712703453566021, 0.23102137557214705, 0.26334686495133114, 0.33436141401991964], [0.19081288289884618, 0.24173284704454112, 0.2911010936937535, 0.2763531762628592], [0.1994638889828536, 0.2604804932810656, 0.1689169555733564, 0.3711386620627244]], "ideal": "D", "sampled": "A", "correct": false}}
{"type": "result", "data": {"idx": 7, "options": ["By denying its existence.", "By explaining the difference between the common law and civil law.", "By distinguishing certain features of the English legal system that facilitated the development of capitalism.", "By recognizing the importance of legitimate domination."], "probs": [[0.07621381544623305, 0.11879820552469737, 0.7116925225692456, 0.09329545635982396], [0.10321842310753243, 0.11281197780541775, 0.10333176134969474, 0.6806378376373551], [0.17741704646277415, 0.5158137870739833, 0.0739541006742262, 0.23281506568901641], [0.1447133698212426, 0.4487202696244183, 0.277968015077212, 0.12859834537712703], [0.11561244023035837, 0.16476650595792974, 0.05685745572794676, 0.6627635979837652], [0.11113659953602963, 0.34516301490518664, 0.4642642105333845, 0.0794361749253992], [0.09544009678810073, 0.057015277227216325, 0.7878683775327445, 0.05967624835193839], [0.16771840297757465, 0.08529188846874163, 0.14131362103090878, 0.6056760874227749], [0.3041202172946826, 0.4411023622474398, 0.054133073296692855, 0.20064434706118472], [0.26947161552595505, 0.46144387121354496, 0.18580681083728479, 0.0832777023232152], [0.12301694531802972, 0.08823534051060096, 0.03023373132138633, 0.758513982749983], [0.1306007748837981, 0.1327636783422369, 0.6846701817596295, 0.0519653649143355], [0.6840054356670322, 0.0818234972578306, 0.06343994063874983, 0.17073112633638737], [0.5579260254584509, 0.10118600122000199, 0.1959237935392559, 0.1449641796822912], [0.6293041869559756, 0.13417493155458118, 0.052736838786833835, 0.18378404260260942], [0.6055419959779278, 0.1620907453184074, 0.12769813897322102, 0.10466911963044376], [0.5483824140298513, 0.26635114053925113, 0.056467450036603445, 0.1287989952942941], [0.5508598684713727, 0.2718006670203205, 0.08055669813542654, 0.09678276627288017], [0.23277933719826005, 0.0812944763721109, 0.061158768370899355, 0.6247674179587297], [0.27122977171189966, 0.11657377989487047, 0.5301893313429846, 0.08200711695024522], [0.17560606702506767, 0.08993474141908911, 0.03058033164526011, 0.7038788598105831], [0.175918408134202, 0.11095442372737331, 0.6532810025730567, 0.059846165465367966], [0.5930545969687011, 0.2295031266392975, 0.06392193632620566, 0.11352033996579569], [0.6191323306666723, 0.22669699448021752, 0.06618627061500491, 0.08798440413810525]], "ideal": "C", "sampled": "C", "correct": true}}
{"type": "result", "data": {"idx": 8, "options": ["It is a sin for humans not to apply reason.", "The principles of natural law are discoverable by reason.", "Natural law does not apply without good reason.", "The law of nature is the basis of all positive law."], "probs": [[0.04354103529018161, 0.8878700044609009, 0.008949331515420503, 0.0596396286334969], [0.04396549067341595, 0.9043548944592383, 0.013096821912124025, 0.03858279285522169], [0.03173009187671294, 0.06594719491436256, 0.8737442167069891, 0.028578496401935397], [0.03148404124256527, 0.03130964550320019, 0.013215947845687305, 0.9239903653085473], [0.02968721720385294, 0.07861427654489804, 0.8696852581387734, 0.022013248012475603], [0.028981102438945687, 0.03289383416672857, 0.01118170763271823, 0.9269433556616075], [0.8670082663240665, 0.03253002827886215, 0.012692204639837678, 0.08776950065723371], [0.9011005842259627, 0.03545494410278508, 0.01797636428646133, 0.04546810728479081], [0.8863668333571947, 0.030749806758901828, 0.01306043083668877, 0.06982292894721473], [0.9213443380392927, 0.029347300471881645, 0.016612237286746316, 0.03269612410207934], [0.8960335778269012, 0.05010827629450482, 0.011687296502069911, 0.042170849276524036], [0.9125881867801139, 0.043291841963817565, 0.011706047025205758, 0.032413924130862776], [0.03456174466020069, 0.04829216213551986, 0.8900649248269319, 0.027081168277347575], [0.035238009730287435, 0.032674007844801845, 0.018290941079164492, 0.9137970412457462], [0.03949585512448931, 0.9067596690929693, 0.00854152058864442, 0.045202955093896866], [0.04142092334331382, 0.9145180496611603, 0.010185704073915917, 0.0338753228216099], [0.027123140843864583, 0.039240313834968815, 0.008509437180257177, 0.9251271080409095], [0.031538491930808994, 0.07090411630543583, 0.8754017989883964, 0.022155592675358764], [0.035755822034009656, 0.025755769694678823, 0.9123804942209046, 0.02610791395040685], [0.04521593916220184, 0.016432443968718263, 0.018102970343382617, 0.9202486464256973], [0.0725600333334955, 0.858128471994111, 0.013925127424301815, 0.055386367148091635], [0.08478605698997138, 0.8564738582532794, 0.013243688195120396, 0.04549639646162883], [0.04230796298879388, 0.042400409795586395, 0.012812190138375746, 0.902479436977244], [0.04090001943335784, 0.06833874662672827, 0.8627240350147998, 0.028037198825114115]], "ideal": "B", "sampled": "B", "correct": true}}
{"type": "result", "data": {"idx": 9, "options": ["Women can achieve equality through political pressure.", "Equality is impossible because men define women as different.", "The idea of 'woman' needs to be redefined.", "The world is phallocentric and oppressive."], "probs": [[0.13095059111481228, 0.6187226952850177, 0.08925680961825497, 0.16106990388191508], [0.14515853143013102, 0.591193684745226, 0.10366949592491659, 0.1599782877997263], [0.18195038489815862, 0.16497086985336482, 0.44097866289441756, 0.21210008225405896], [0.24776409563924795, 0.15266208349131796, 0.148686766609582, 0.4508870541598521], [0.20337220443415352, 0.2724313559452565, 0.2871606776051958, 0.23703576191539416], [0.21610520253874882, 0.19993773994552286, 0.10179387487021829, 0.48216318254551], [0.2951203970351856, 0.29332996285991997, 0.2278165586904327, 0.1837330813144617], [0.31509887699464756, 0.2782499748450923, 0.1320313344461116, 0.27461981361414856], [0.3178257989241616, 0.33101901901956776, 0.1593702459082116, 0.191784936048059], [0.274341395048289, 0.242076787483087, 0.0982265843521615, 0.38535523301646246], [0.25289380547855583, 0.213347911813382, 0.3098712861228062, 0.22388699648525595], [0.23807263443040524, 0.21508071032514836, 0.17378516947765751, 0.3730614856667889], [0.16074860865884139, 0.1931221845647309, 0.44188220309299187, 0.20424700358343587], [0.22882402963841672, 0.17549114712023348, 0.14173123872641585, 0.45395358441493394], [0.17431722839396305, 0.487314499676886, 0.16617691762837355, 0.17219135420077739], [0.15994677541842392, 0.4262159327071837, 0.0991660616882095, 0.31467123008618286], [0.17783160108416066, 0.14746394422373876, 0.06374070650281285, 0.6109637480892877], [0.1809122481353458, 0.23277079016157287, 0.24918806926553724, 0.3371288923375441], [0.19655986421169003, 0.20192928911111005, 0.3829218801908513, 0.21858896638634862], [0.2072571767527365, 0.17591832183214948, 0.10076147836717343, 0.5160630229479406], [0.18186666882603644, 0.3229007864972265, 0.2931108903492337, 0.20212165422750333], [0.1744343120177437, 0.33445732297193204, 0.18119039449625068, 0.3099179704140736], [0.18367430908024712, 0.12530081206239962, 0.0599482331355361, 0.6310766456218172], [0.1735352206146879, 0.17527053541891852, 0.23541421748195313, 0.41578002638444045]], "ideal": "A", "sampled": "B", "correct": false}}
{"type": "result", "data": {"idx": 10, "options": ["John Rawls", "Stammler", "Jerome Hall", "John Finns"], "probs": [[0.11953294365054816, 0.6201969430735171, 0.13888591630028055, 0.1213841968756542], [0.1205429053145587, 0.6460744689796423, 0.08424292441179146, 0.14913970119400755], [0.11504458034890767, 0.227553519636923, 0.564979344886255, 0.09242255502791434], [0.14304877603040994, 0.3023115351149393, 0.13645762000421627, 0.4181820687504345], [0.11598753927978309, 0.16241240499779686, 0.5920296906832897, 0.12957036493913038], [0.11678179265298537, 0.16179366287614985, 0.3346266721254739, 0.3867978722453908], [0.5283333658643725, 0.1423386782265422, 0.17876981196999991, 0.15055814383908542], [0.569098710956884, 0.13733558355388575, 0.1363469362122564, 0.15721876917697375], [0.48965827052161115, 0.24649062954826095, 0.10445445975226773, 0.15939664007786017], [0.38576597546304975, 0.23596920422294201, 0.14108795136423596, 0.23717686884977224], [0.5093435785251913, 0.1920041419071947, 0.13520868402481862, 0.16344359544279538], [0.3859592963338845, 0.19123868577048253, 0.17581686195588742, 0.24698515583974553], [0.23186111210492918, 0.13068931319827426, 0.504558465984786, 0.13289110861201048], [0.29329813834914753, 0.14997916592554755, 0.22590063029804672, 0.3308220653272582], [0.29120982717873906, 0.4126332125124545, 0.10999597615420724, 0.18616098405459922], [0.24521381391260066, 0.3526565835318942, 0.15887199814137554, 0.24325760431412957], [0.2875007049824284, 0.21225541511655097, 0.17357797660316768, 0.32666590319785294], [0.2395575380019828, 0.20075208245821086, 0.35656673243900916, 0.2031236470007972], [0.2688427389371998, 0.14725395203789549, 0.435374487984206, 0.14852882094069872], [0.27879249631369946, 0.1532516009467832, 0.23257717141303463, 0.3353787312264827], [0.3124452163165121, 0.39785980285019135, 0.11452748369336417, 0.1751674970399324], [0.23332300779870443, 0.32331010696039053, 0.21876257655817136, 0.22460430858273367], [0.2862138960607567, 0.25345038609800263, 0.14217277936190867, 0.31816293837933196], [0.2286811138657366, 0.21773311169155993, 0.35765641391192965, 0.1959293604307738]], "ideal": "B", "sampled": "B", "correct": true}}
{"type": "result", "data": {"idx": 11, "options": ["Historical", "Analytical", "Command", "Sociological"], "probs": [[0.02190709206268332, 0.012702524116560787, 0.03090814740853988, 0.934482236312216], [0.023812310723636907, 0.014351652167080418, 0.9318684454198497, 0.02996759158943292], [0.027033082634616356, 0.021905244849196676, 0.00982710141912363, 0.9412345709970633], [0.022352856441408792, 0.028040570265176555, 0.9257074325135772, 0.023899140679837387], [0.04201460425007781, 0.9101499086606497, 0.010666494683841211, 0.03716899230543121], [0.034198721533516954, 0.9154143145695284, 0.014767289820354699, 0.03561967397659991], [0.01879053336177032, 0.01149746098958316, 0.027552671137573308, 0.9421593344110732], [0.02192804835136877, 0.014273242477692155, 0.9339875830201001, 0.02981112605083893], [0.02270551903218553, 0.02083867195301987, 0.005950533620990348, 0.9505052752938042], [0.02142593684785244, 0.029260846505983228, 0.9342795222274876, 0.015033694318676771], [0.033294226594456966, 0.9326312883049609, 0.007076442952729772, 0.026998042047852323], [0.025885757098156353, 0.9458584288333124, 0.01058149322383272, 0.01767432074469847], [0.030509874051124587, 0.019114907722229235, 0.014214957052081766, 0.9361602610745644], [0.021738071883319356, 0.018746408725305926, 0.9334182321053928, 0.026097287185981907], [0.027436088962163062, 0.020735958280990025, 0.006547389576548561, 0.9452805630802983], [0.025258100720599766, 0.02178465505780896, 0.9348292053820849, 0.01812803873950634], [0.040653030974564734, 0.9159000438252051, 0.00727310118615734, 0.036173823914072895], [0.03825205648082881, 0.9318536412155237, 0.009705357451759225, 0.020188944751888236], [0.8821084341508775, 0.022275564078548228, 0.017528133659309494, 0.07808786801126483], [0.8920994815502182, 0.02084680184731417, 0.026595701767997255, 0.060458014734470385], [0.9039394492595866, 0.02625088847092644, 0.008509476327503863, 0.061300185841983136], [0.9118233030246233, 0.02286744529520518, 0.03302980167568888, 0.03227944990448254], [0.9073253683200279, 0.04109397445946944, 0.006982700755475854, 0.0445979563650268], [0.9263992049810965, 0.0388172146224562, 0.014578466826193634, 0.020205113470253618]], "ideal": "D", "sampled": "D", "correct": true}}
{"type": "result", "data": {"idx": 12, "options": ["Conflict.", "Love.", "War.", "Reciprocity."], "probs": [[0.05666130836516389, 0.03466345920830079, 0.010575502518875816, 0.8980997298076595], [0.05710961051920971, 0.023877789172397777, 0.8908716057653069, 0.02814099444308564], [0.08100701545150467, 0.03217153791166072, 0.02560318767188991, 0.8612182588649447], [0.041920802702273, 0.023204642844773422, 0.9186689681634114, 0.016205586189542164], [0.0429511318978427, 0.9295581914609705, 0.008188567826024932, 0.01930210871516186], [0.03932845135333273, 0.9282549419910328, 0.007115191626908821, 0.025301414928725677], [0.06121158202166099, 0.045092174697401635, 0.011784718751718843, 0.8819115244292185], [0.05658519372868173, 0.03881950375830928, 0.8796035810351603, 0.02499172137784861], [0.07135770694405141, 0.024175973168663874, 0.038597991346532766, 0.8658683284407519], [0.05846590437003009, 0.02462562655972868, 0.8821868097877529, 0.03472165918248839], [0.04583046931782381, 0.9240510411155173, 0.008217196864834525, 0.021901292601824374], [0.05132286519841072, 0.9140045458923669, 0.00752321941539923, 0.027149369393823126], [0.08509180741516331, 0.07512106787661123, 0.027066880985624157, 0.8127202436226013], [0.04072919472373086, 0.0568405387611451, 0.8882187570927229, 0.014211509322401148], [0.06691985548916501, 0.040349419221598216, 0.037309519359482006, 0.8554212058297548], [0.05906799325002148, 0.036430302325153985, 0.8688958720572159, 0.03560583226760869], [0.03496350629000705, 0.9381651036726706, 0.01029997850814336, 0.01657141142917903], [0.04015283981190782, 0.922231457837691, 0.01053848844768409, 0.02707721380271711], [0.9469298137360779, 0.02263406524781266, 0.007943687471434176, 0.022492433444675324], [0.9488390661521428, 0.019652617420358537, 0.006520933865719029, 0.02498738246177962], [0.9382931973637568, 0.03124622197028131, 0.009015739332627946, 0.021444841233333938], [0.9378220785142601, 0.03296273486411451, 0.007080942669355146, 0.02213424385227021], [0.9437402730333206, 0.03220844893548981, 0.012291008147448242, 0.011760269783741291], [0.9223971764425033, 0.04003807071114454, 0.008935118833121718, 0.028629633913230465]], "ideal": "D", "sampled": "D", "correct": true}}
{"type": "result", "data": {"idx": 13, "options": ["That there is no distinction between law and morality.", "That there is a distinction between right and wrong.", "That facts about the world or human nature cannot normally ordain what ought to be", "That human rights are fundamentally unsound."], "probs": [[0.10231007194420029, 0.2712591371044201, 0.5936297950636716, 0.03280099578770798], [0.18252021004475766, 0.12950721333554518, 0.023262534201566192, 0.6647100423181309], [0.16172678706769605, 0.7518253297656514, 0.05171203593499895, 0.03473584713165358], [0.13850271216439078, 0.7704917155351703, 0.02015551512126438, 0.07085005707917454], [0.14237121912965578, 0.08730696111324994, 0.26385974063661455, 0.5064620790204797], [0.06440266533011889, 0.07401004791313384, 0.8058672340759698, 0.055720052580777404], [0.1527521506619334, 0.14094390393707082, 0.6744582257328963, 0.03184571956809947], [0.25631307148294646, 0.07571243214317687, 0.0165276965955769, 0.6514467996782998], [0.260478965114566, 0.6733653331485359, 0.030623392160531605, 0.03553230947636648], [0.326392175558309, 0.6071536574305308, 0.02365114739105791, 0.04280301952010224], [0.23971999732764468, 0.07246804846716842, 0.03967052251317534, 0.6481414315920115], [0.10032234636485143, 0.10334360136502488, 0.7604227917437034, 0.03591126042642031], [0.890393182621921, 0.0353670100737559, 0.04526167962632213, 0.028978127578000897], [0.8591539718821493, 0.029861594782701614, 0.015462469845816963, 0.09552196338933219], [0.8682146120034753, 0.06437572127146836, 0.030563092026949734, 0.03684657459810663], [0.8747038752128872, 0.05900899976203961, 0.022881669993961993, 0.043405454931111226], [0.8521672978465181, 0.027198495048458015, 0.02667481792250138, 0.09395938908252242], [0.858218307840065, 0.031790015709945295, 0.07031165283873501, 0.0396800235112547], [0.07745738211308137, 0.09173334997372386, 0.1908650816657252, 0.6399441861474696], [0.03671776988125122, 0.10217574259608288, 0.8048107649646382, 0.056295722458027664], [0.0677070747702548, 0.18214043464160504, 0.01956413445153766, 0.7305883560366025], [0.033131525040574955, 0.5278871674601615, 0.4054232850467424, 0.033558022352521144], [0.045394119890315617, 0.8770675731576056, 0.02089040974226844, 0.05664789710981032], [0.0594430423013931, 0.8675396585135048, 0.03483776193609895, 0.03817953714900317]], "ideal": "C", "sampled": "C", "correct": true}}
{"type": "result", "data": {"idx": 14, "options": ["Individual stories are suspect.", "The law is static.", "Universal values are meaningless.", "Literature reproduces repression."], "probs": [[0.08493378012523084, 0.07261408864725671, 0.8100571035528749, 0.03239502757463754], [0.352602551510545, 0.0926697574834006, 0.03003929759787088, 0.5246883933081835], [0.45469894127321747, 0.5025605728971081, 0.0139398162532411, 0.02880066947643331], [0.29609073420837567, 0.6268336398669903, 0.020153543639936704, 0.05692208218469729], [0.6788248941038483, 0.10482737876199381, 0.017213963133722147, 0.19913376390043572], [0.18812843734837822, 0.12414319534528398, 0.623508558579577, 0.06421980862676077], [0.037347395525824445, 0.48933563360648985, 0.43782327227123213, 0.03549369849645353], [0.028721092533438488, 0.6502355397050612, 0.019523702741731597, 0.30151966491976867], [0.05170279021546949, 0.8712146889222753, 0.04064817081109354, 0.03643434995116172], [0.03640244840189495, 0.8502512705808709, 0.011779838318452494, 0.10156644259878164], [0.01962398408806744, 0.037368689563904066, 0.7699329428334903, 0.1730743834145381], [0.029907475906817534, 0.05483493877066168, 0.8112459620136385, 0.10401162320888227], [0.9167753064352068, 0.049339307216083726, 0.012377228056377278, 0.021508158192332184], [0.8906724354933261, 0.05140192693056084, 0.017341504140958672, 0.04058413333515442], [0.8522683984422, 0.0831494241118693, 0.03889708868414368, 0.025685088661786936], [0.8079695110682452, 0.0751633103983423, 0.021811635925051632, 0.09505554250836083], [0.8084298040180319, 0.091528210754442, 0.05040433795824368, 0.0496376471692824], [0.8760621089478856, 0.05818373056396468, 0.010262030338265596, 0.055492130049884125], [0.1127726295989424, 0.5866120506231873, 0.012653119035548952, 0.28796220064232136], [0.058155347089281675, 0.28412884682651857, 0.600155655980859, 0.05756015000334077], [0.02916045537110991, 0.05516108613090852, 0.5539601186686317, 0.36171833972934986], [0.048664037033820245, 0.07227998019627986, 0.5541052038491887, 0.32495077882071116], [0.03752109061309652, 0.8981005906006643, 0.021480843840641632, 0.04289747484559757], [0.037038376620199646, 0.8926593529927314, 0.009135142444248403, 0.061167127842820614]], "ideal": "C", "sampled": "C", "correct": true}}
{"type": "result", "data": {"idx": 15, "options": ["Law as medium' describes law as a body of formal, general rules that control the state and the economy; 'law as institution' inhabits the 'lifeworld' and expresses its shared values and norms in institutional form.", "Law as medium' consists of the manner in which law is presented by the media; 'law as institution' describes the courts.", "Law as medium' concerns the manner in which the law expresses its rules in simplified terms; 'law as institution' refers to the formal declaration of laws by legislative bodies.", "Law as medium' is defined as the intermediate stage of legal development; 'law as institution' is the advanced stage."], "probs": [[0.5752775286783754, 0.10429924368930114, 0.2022811100534393, 0.11814211747888409], [0.6326067807411804, 0.09643008944805928, 0.09467760119841435, 0.17628552851234594], [0.6560105876269752, 0.14543605282747896, 0.07885673131323254, 0.11969662813231327], [0.6650067121238561, 0.12129595061174361, 0.08249768805811958, 0.1311996491062807], [0.594142240401034, 0.15996908663195808, 0.06255468539105105, 0.18333398747595686], [0.6087617873536746, 0.12691482900304032, 0.12263558803762505, 0.14168779550566002], [0.03442526158885782, 0.9122614655716079, 0.019885818958846033, 0.03342745378068822], [0.03075123918919361, 0.9159879548149147, 0.015817456741299737, 0.03744334915459194], [0.0342241345088553, 0.03100003540019694, 0.90274144723305, 0.032034382757897696], [0.03164087596353058, 0.03568467856704227, 0.021504443056577078, 0.9111700023128501], [0.023871057795434057, 0.022848866111587214, 0.9289517090264643, 0.024328366966514428], [0.03368422288306807, 0.03276440775768915, 0.04440637917651587, 0.8891449900827268], [0.05079338553606403, 0.8910187880259282, 0.016250260899092688, 0.041937565438915164], [0.0498040300667487, 0.8807342992129479, 0.02285402171073014, 0.04660764890957325], [0.0348438550310881, 0.020733470704087997, 0.9120598925703527, 0.03236278159447118], [0.03621292737540443, 0.027232100271359427, 0.023648237014305087, 0.9129067352389311], [0.03223589308804943, 0.02744233314364721, 0.9115164518528018, 0.028805321815501467], [0.04135978766237392, 0.04023019774231131, 0.020096833773708682, 0.898313180721606], [0.04674473385136088, 0.8860497923198899, 0.01994406078280234, 0.047261412945946844], [0.04872379687899204, 0.8743741267126901, 0.029504851542121166, 0.0473972247661967], [0.027696302163314424, 0.021471336904688065, 0.9219554043563238, 0.028876956475673704], [0.048871683820200594, 0.03375218624389457, 0.08352885861207049, 0.8338472712238343], [0.03468041186210183, 0.03189964651555543, 0.8999552893475385, 0.033464652174804176], [0.0425060077484328, 0.04871351888896846, 0.020356628202900427, 0.8884238450596983]], "ideal": "A", "sampled": "A", "correct": true}}
