{"type": "result", "data": {"idx": 0, "options": ["includes two or more alternatives", "classifies subjects", "affirms the antecedent or denies the consequent", "leads to a valid conclusion"], "probs": [[0.8039334652245715, 0.09143072702131029, 0.03624109761466827, 0.06839471003944994], [0.7648717646300087, 0.09262963245434673, 0.03586273586595943, 0.10663586694968509], [0.8061836746896559, 0.08616719169362122, 0.03960119456696734, 0.0680479389497555], [0.8240717298181833, 0.08879529948524689, 0.041158524633062465, 0.04597444596350733], [0.7511398287837201, 0.08751966961583722, 0.036904965842962094, 0.12443553565748061], [0.8260511539707622, 0.0811536439871268, 0.05013844612123439, 0.04265675582087655], [0.17562312656429135, 0.718251020014131, 0.04083875771491754, 0.06528709560666014], [0.18284214894997913, 0.6857504792887384, 0.0369471308779491, 0.0944602407833333], [0.163390383400935, 0.07716257179538519, 0.722755725065102, 0.036691319638577864], [0.20049980878314505, 0.10587478743551762, 0.04162096355799755, 0.6520044401233398], [0.15992112396577754, 0.05661520712772399, 0.7238191934553941, 0.05964447535110435], [0.20644655206384444, 0.09398426579536126, 0.05899552079458603, 0.6405736612462083], [0.2093804141412579, 0.6826633087111948, 0.04241494382465896, 0.06554133322288831], [0.21960944852545397, 0.6839045107152686, 0.04248772450329887, 0.05399831615597859], [0.13937129790220154, 0.06291006898380903, 0.7656235266294146, 0.032095106384574836], [0.17584004603415562, 0.07350911780063826, 0.049201934425039735, 0.7014489016401664], [0.1825840235557649, 0.057480723601608004, 0.7321494462430616, 0.027785806499565562], [0.24868708398901765, 0.09161455410645246, 0.050026912792255455, 0.6096714490122744], [0.14380952339423067, 0.726020615169282, 0.033990497742422264, 0.09617936359406508], [0.14752839229404127, 0.769760475048924, 0.03684844007629401, 0.04586269248074077], [0.11682683005476711, 0.0822639576530428, 0.7530066706831257, 0.047902541509064374], [0.15236147484410276, 0.11093326449079288, 0.04792325057728524, 0.6887820099878191], [0.15397717085799312, 0.1109160782861734, 0.7087836874103753, 0.026323063345458086], [0.1791516135264211, 0.15603678275656743, 0.049676218244149625, 0.6151353853728618]], "ideal": "A", "sampled": "A", "correct": true}}
{"type": "result", "data": {"idx": 1, "options": ["Changing the meaning of a word or phrase from one part of the argument to another.", "Confusing figurative language with literal language.", "Reasoning that ideas presented in an appealing manner are correct, regardless of the content of the message.", "Using emotionally charged language to create an impression about the subject of a claim, without making an argument that the language fits the subject."], "probs": [[0.017411748385614434, 0.02185793696109212, 0.9279760752552766, 0.03275423929801678], [0.03105033660787707, 0.03347283507904115, 0.1863323546853122, 0.7491444735277696], [0.01467372470074873, 0.9349783614508022, 0.008141648916916504, 0.04220626483153255], [0.014642086977577719, 0.9557509518929977, 0.012180068825006784, 0.017426892204417697], [0.03606280230974828, 0.09532478982766124, 0.01173241782669184, 0.8568799899358986], [0.03165940591122568, 0.16620935621841648, 0.7696327623673002, 0.0324984754030577], [0.023565696092019046, 0.027797516226820928, 0.9190940807790814, 0.029542706802078628], [0.03584354570765427, 0.0365585816927156, 0.11497051165056027, 0.8126273608490698], [0.019216959945117938, 0.9469552463225035, 0.0066851706885931615, 0.027142622943785447], [0.018016463966150517, 0.9453975011444126, 0.017937156265573878, 0.018648878523863037], [0.04657368214505786, 0.1250471235150691, 0.013368905236709487, 0.8150102890031635], [0.03330124591406829, 0.2752029638492481, 0.6502856708455336, 0.04121011929115002], [0.9018226492049053, 0.031457687802124455, 0.011101904406020952, 0.0556177584869493], [0.9328168155246181, 0.026157578791861844, 0.01450517419866748, 0.026520431384852557], [0.9076051093821359, 0.027731260175582088, 0.014108070133099265, 0.050555560209182775], [0.9047984856908092, 0.026200748342990184, 0.028169931158942233, 0.04083083470725838], [0.9200347570546555, 0.042842569316841106, 0.010324088491511233, 0.026798585036992135], [0.9066894722058416, 0.04565713290530756, 0.011257727910589502, 0.036395666878261325], [0.21585426538975705, 0.03418083380365885, 0.015208215900964746, 0.7347566848056194], [0.12689532409212242, 0.031141800976830517, 0.8020807548671605, 0.039882119963886596], [0.2519185631963013, 0.03108100143982168, 0.01733295680656214, 0.6996674784573148], [0.14084442792707638, 0.02378026098798361, 0.7856312623564903, 0.04974404862844976], [0.32491692625066265, 0.629021520047696, 0.013416052682152938, 0.03264550091948845], [0.3207838257147561, 0.6211333332284412, 0.01536020596497837, 0.04272263499182429]], "ideal": "C", "sampled": "C", "correct": true}}
{"type": "result", "data": {"idx": 2, "options": ["significance", "snob appeal", "poisoning the well", "appeal to anonymous authority"], "probs": [[0.03624356200150417, 0.02651624879383292, 0.888931787583393, 0.04830840152126995], [0.040697445818151226, 0.024366832357636273, 0.04224037916358597, 0.8926953425606265], [0.028380251864514237, 0.9229634838705096, 0.013960992613639742, 0.03469527155133636], [0.02640016957630108, 0.9430841285609587, 0.014148413320832463, 0.016367288441907775], [0.04011354729512757, 0.03690646712171847, 0.014412764941632728, 0.9085672205415213], [0.03133417601444167, 0.04086241041928474, 0.9074030331705711, 0.020400380295702406], [0.025576114366148053, 0.03598102886636203, 0.9041260974979094, 0.03431675916958056], [0.03104630734742171, 0.03208799353101331, 0.03457795899082191, 0.9022877400307431], [0.04242940840450213, 0.8422319731438127, 0.04308972359485719, 0.07224889475682791], [0.04775723423085687, 0.864409733413838, 0.03607489990213448, 0.05175813235317065], [0.02751749512776806, 0.028430315968112664, 0.03132705860947517, 0.9127251301946441], [0.034601312127229486, 0.06020886450403847, 0.8721334933362486, 0.033056329932483475], [0.341730370708042, 0.08734792079582893, 0.08468012132333752, 0.4862415870727915], [0.568338872003977, 0.11990667155658682, 0.2858176236422228, 0.025936832697213367], [0.3294595022059329, 0.05357499533178999, 0.12548422204455983, 0.49148128031771726], [0.40638606875574634, 0.09004896602879572, 0.40843450168937145, 0.09513046342608648], [0.6846046284582521, 0.1388860134681092, 0.1394712715121646, 0.037038086461474135], [0.6126590393342566, 0.1723417944003475, 0.057972263754964184, 0.15702690241043174], [0.0360550677025995, 0.030911708112231796, 0.0219973375252246, 0.911035886559944], [0.025978604183847964, 0.040532115616328274, 0.915202016393206, 0.01828726370661784], [0.03203686710885496, 0.018740311332930828, 0.03218789410339243, 0.9170349273548217], [0.03258440513466828, 0.03391660257213417, 0.903311617828847, 0.030187374364350553], [0.039032154127406155, 0.9005550488508018, 0.03290295198708558, 0.027509844934706377], [0.05075550432459279, 0.8717747297317674, 0.02241348839173039, 0.05505627745190939]], "ideal": "C", "sampled": "C", "correct": true}}
{"type": "result", "data": {"idx": 3, "options": ["a specific type of false cause fallacy that argues that since two event happened at the same time one event must have caused the other", "arguing that an event that preceded another event necessarily is the cause of the second event", "arguing that since something is new it is necessarily good", "drawing a conclusion based on a comparison when the items being compared are not similar enough to support the conclusion."], "probs": [[0.046252320392688326, 0.021208375052215553, 0.02074518546832167, 0.9117941189867744], [0.04908666759238519, 0.037076357748377094, 0.899445235639273, 0.014391738919964711], [0.0470250407097378, 0.023473849981234515, 0.017793047110861607, 0.9117080620981661], [0.0417783560561594, 0.029431979495996248, 0.9114996622010683, 0.01729000214677612], [0.062308664430278375, 0.9127802711888278, 0.010735729548219207, 0.014175334732674601], [0.05541860280701691, 0.9129306026030249, 0.013451309798143634, 0.018199484691814462], [0.040962004603707663, 0.02371451312171564, 0.015008506456276481, 0.9203149757183002], [0.04579387634586548, 0.03619159781323293, 0.9055924473720695, 0.012422078368832114], [0.042307288811560685, 0.02586697083451255, 0.02587488707595363, 0.9059508531779731], [0.040134820335539195, 0.02441912284958694, 0.9109066554196729, 0.02453940129520099], [0.048850344901226445, 0.9254674149435008, 0.01184208187352173, 0.013840158181750991], [0.047304227703754094, 0.9106309841810103, 0.015413845527077889, 0.026650942488157706], [0.05089965210934461, 0.030155102162195097, 0.014644183425499006, 0.9043010622029612], [0.04334895830220351, 0.03147673339562734, 0.907245368290151, 0.017928939912018115], [0.043732932495648066, 0.017703634775918388, 0.023768398418173742, 0.9147950342102598], [0.0435440781631171, 0.02064447189321749, 0.9128611460960215, 0.022950303747643806], [0.040186336568084124, 0.925815572587675, 0.014760247296196849, 0.019237843448044054], [0.040338287335619394, 0.91532488877645, 0.013714843797566604, 0.03062197999036393], [0.9238725103427986, 0.04237093585032365, 0.016535392737810118, 0.01722116096906764], [0.9103521451978359, 0.0414951553996922, 0.017888248161649748, 0.030264451140822157], [0.9267081305614904, 0.04146325609162453, 0.015776177502680712, 0.0160524357442044], [0.8572055648683802, 0.05499885945031548, 0.019927402844928107, 0.06786817273637621], [0.8863679866518339, 0.04681985190676678, 0.02563806107171203, 0.04117410026968731], [0.8655051733238251, 0.04829953691382477, 0.0227877333832275, 0.06340755627912253]], "ideal": "D", "sampled": "D", "correct": true}}
{"type": "result", "data": {"idx": 4, "options": ["arguing that something should be done because that's the way it's been done in the past.", "arguing that an act should be carried out because it will not have any significant consequences, when there is no evidence of the effects", "reasoning that a conclusion is true because it's been claimed so often", "reasoning that a claim is true because so many people believe it is true"], "probs": [[0.08506047360018774, 0.06988123370967413, 0.7392018171048872, 0.10585647548525089], [0.143323578969649, 0.10550492529239047, 0.11144744850560641, 0.6397240471323541], [0.05840505504042935, 0.7078539396060187, 0.03877062867084721, 0.19497037658270475], [0.054410159100227, 0.8655273237273222, 0.03609255916070973, 0.043969957911741055], [0.11098173217367494, 0.12766336711812878, 0.04998176488410054, 0.7113731357240958], [0.08619416664785548, 0.16396358912965872, 0.6980065236661421, 0.051835720456343694], [0.1788545386399695, 0.07560064586538567, 0.581813748258183, 0.16373106713646182], [0.1850823652205092, 0.08386252262042451, 0.12665172203075345, 0.6044033900283128], [0.14323875786849777, 0.6498246410152994, 0.05355587408157154, 0.1533807269346314], [0.1204119494252813, 0.7268617423554791, 0.08365729821423726, 0.06906900990500235], [0.13161732304127607, 0.2560651609643976, 0.0407407397018638, 0.5715767761924625], [0.12325774774812084, 0.27473492860389553, 0.5297442354343798, 0.07226308811360388], [0.5159769442144343, 0.07775516641518512, 0.0515731089937604, 0.35469478027662016], [0.620852575668017, 0.07973841398741698, 0.216494167950837, 0.08291484229372896], [0.5109105490315569, 0.1450866121718198, 0.06257945764776057, 0.2814233810488627], [0.3631685483653386, 0.1356056484003712, 0.39439164035455265, 0.10683416277973755], [0.6839614015723976, 0.18380825493596104, 0.05950815318686963, 0.07272219020477176], [0.5528852609507532, 0.23957653403410453, 0.07687124150990188, 0.1306669634052404], [0.13403524257339927, 0.04310701350277216, 0.05176921483700526, 0.7710885289868233], [0.11164856530999585, 0.036104519682867056, 0.812297933204623, 0.039948981702514104], [0.16370152057338025, 0.08464662792914003, 0.040817462207895665, 0.7108343891895841], [0.09608398770669337, 0.06466135646976226, 0.7982324688104159, 0.04102218691312848], [0.11897068992984651, 0.8041890709007805, 0.028689179032236285, 0.04815106003713665], [0.13664102807468625, 0.7537373444007849, 0.04438481934641544, 0.0652368080781134]], "ideal": "C", "sampled": "C", "correct": true}}
{"type": "result", "data": {"idx": 5, "options": ["false criteria", "hasty generalization", "ad crumenam", "division"], "probs": [[0.06425477189654163, 0.032140327607513654, 0.02753560217493281, 0.8760692982210119], [0.04360272459851912, 0.026722962631361324, 0.9078847371896266, 0.021789575480492946], [0.061646883931196945, 0.032836903678470905, 0.022801502226284485, 0.8827147100640477], [0.03937820928462836, 0.02570949016699744, 0.8720246195209062, 0.06288768092746802], [0.04399964028900399, 0.9179472719570722, 0.022006540568487654, 0.01604654708543623], [0.03841401607135392, 0.9070448493388596, 0.013528128431409372, 0.041013006058377065], [0.05431374977767524, 0.031761158668665114, 0.027232496420229676, 0.88669259503343], [0.03818860118018053, 0.028195742227804882, 0.9155294809802106, 0.018086175511803984], [0.04796066861879787, 0.02849338565298077, 0.02858739335330285, 0.8949585522749185], [0.03594395698710738, 0.030781026611915185, 0.909356520518298, 0.023918495782679454], [0.0408313403580208, 0.9264197496014642, 0.016662397544613308, 0.01608651239590168], [0.03673142013073966, 0.9290676849518482, 0.011860812427572344, 0.022340082389839817], [0.05581941995697665, 0.02973927286424781, 0.03006177500188047, 0.884379532076895], [0.03583031272954271, 0.02838444327609934, 0.8563110833438431, 0.07947416055051484], [0.05976744184799077, 0.02992452216727718, 0.028411750647191734, 0.8818962852375403], [0.038758478693900214, 0.03398531643347599, 0.9046400104243912, 0.022616194348232505], [0.0325894917570014, 0.8736803612140872, 0.02706071200566506, 0.06666943492324628], [0.036444230837649215, 0.9102553729587326, 0.027962051408654452, 0.02533834469496371], [0.7403984885786212, 0.08470079554368815, 0.12098750086371703, 0.05391321491397358], [0.7075517746562325, 0.07634207577112552, 0.05225593204178413, 0.1638502174308578], [0.8013558059584015, 0.07414603481189895, 0.07266594712452185, 0.05183221200517769], [0.793758773538332, 0.06893579121543411, 0.04866551752395103, 0.08863991762228285], [0.7057918835315544, 0.06177499604911231, 0.07132303500378928, 0.16111008531554394], [0.7859561618217793, 0.06616825757635145, 0.06854523125824105, 0.07933034924362818]], "ideal": "D", "sampled": "D", "correct": true}}
{"type": "result", "data": {"idx": 6, "options": ["responding to an argument with an expression of derision instead of a counter argument", "attempts to gain agreement based solely the feelings aroused by the message", "characterizing an opponent's position in such way to make it or its consequences appear to be ridiculous", "arguing actions should be taken to avoid negative results, when those results are exaggerated, unlikely, or irrelevant"], "probs": [[0.6778316661257685, 0.06676015418823407, 0.2310659643103411, 0.02434221527565631], [0.5609306817893934, 0.07314007892041331, 0.03512094993063408, 0.3308082892595592], [0.7727731070990406, 0.18549243097554052, 0.021257764280713038, 0.020476697544705925], [0.7650327624730702, 0.18066088718857112, 0.028712181157637018, 0.025594169080721676], [0.561420594334164, 0.08163085959195503, 0.04077613916096, 0.3161724068129209], [0.7041379887368993, 0.05981838396880557, 0.21894416455535312, 0.01709946263894207], [0.0703232061498175, 0.8751765447949487, 0.039542238971258505, 0.014958009983975297], [0.0826857729663055, 0.7521354871185688, 0.023058711621142574, 0.14212002819398312], [0.0956547462325685, 0.3973931282944001, 0.47798596739490834, 0.028966157978123044], [0.09113517132940147, 0.40476035198487237, 0.03598843702253722, 0.4681160395631889], [0.09122313524159831, 0.05169719065321637, 0.740232345610474, 0.11684732839471129], [0.08820114776734109, 0.04906207224210383, 0.48903393492989844, 0.37370284496065664], [0.33161144024717365, 0.612329635552213, 0.024737392421275182, 0.03132153167933823], [0.35839595962793536, 0.5802344724105499, 0.030783829145826436, 0.030585738715688263], [0.11671994206408556, 0.04542517788510569, 0.810982726740095, 0.026872153210713734], [0.4164789681942601, 0.06782796599253925, 0.042823964195292406, 0.47286910151790823], [0.18798865130913794, 0.06759210587148821, 0.715638985768159, 0.028780256951214882], [0.45492145823768326, 0.08393745003825359, 0.0526211077385009, 0.40851998388556227], [0.1463888523664029, 0.571956728160211, 0.03710541349906689, 0.24454900587431913], [0.10762874944692104, 0.7700464904817012, 0.10165800349127534, 0.020666756480102473], [0.12130603847701713, 0.0688829565807619, 0.6218035174150077, 0.18800748742721318], [0.11125507370395143, 0.06551771707949094, 0.5459157905318173, 0.27731141858474034], [0.09052250041249696, 0.5082416079870203, 0.37624211166693333, 0.024993779833549362], [0.07786481110667677, 0.6231666229905136, 0.026554476566022858, 0.27241408923678667]], "ideal": "A", "sampled": "A", "correct": true}}
{"type": "result", "data": {"idx": 7, "options": ["Appeal to ignorance", "Double negative", "Equivocation", "Burden of proof"], "probs": [[0.7907880197726682, 0.048661557685287474, 0.013523144985512037, 0.14702727745653227], [0.9054020867357881, 0.041979974273940145, 0.03142031898175574, 0.021197619908515965], [0.7433762327418636, 0.03401874921597514, 0.02126862401722185, 0.20133639392493938], [0.9099091660528855, 0.02858130750730649, 0.03754365842411839, 0.0239658679156896], [0.8988223865255854, 0.0655510321692675, 0.016462505988806546, 0.019164075216340518], [0.9066349072847962, 0.06457851688168947, 0.010910705428460843, 0.017875870305053495], [0.05885885069201398, 0.8901708365598441, 0.009742672817307898, 0.041227639830834016], [0.04538434722293649, 0.9229755357708955, 0.016352485787572094, 0.015287631118595924], [0.051846636474553336, 0.01275416975472416, 0.8874320113235723, 0.047967182347150215], [0.03442060937457, 0.007008562775535298, 0.0352411790662375, 0.9233296486836572], [0.041906900192341376, 0.04618986639620004, 0.8990619072836443, 0.012841326027814237], [0.0331552616640955, 0.021774490765785075, 0.005865994698232302, 0.9392042527718871], [0.037665842830415845, 0.8880777970165018, 0.013379811298725558, 0.060876548754356836], [0.032375240869364, 0.9351022946963699, 0.018199703636451084, 0.014322760697815106], [0.03578772315499556, 0.02223082209385303, 0.9039013182831115, 0.038080136368039905], [0.02586985742090532, 0.011008977847902113, 0.031231574594713967, 0.9318895900364786], [0.03224424542880939, 0.06131399600649308, 0.8944417550162789, 0.012000003448418707], [0.02740120791811561, 0.022895258674699184, 0.007434296201094299, 0.9422692371060909], [0.07767682796658852, 0.8925058560626492, 0.010398859525136736, 0.0194184563456255], [0.08942703935141302, 0.8854603799495528, 0.008631920473278348, 0.016480660125755744], [0.05339719001935355, 0.019115692073861358, 0.9123997125324147, 0.015087405274370334], [0.04713674572764364, 0.014865654325377804, 0.006271335213936797, 0.9317262646330418], [0.05329825564793749, 0.011411889104342383, 0.9175620988215583, 0.017727756326161827], [0.047938006318933336, 0.010895371001868786, 0.009334087796852051, 0.9318325347823458]], "ideal": "A", "sampled": "A", "correct": true}}
{"type": "result", "data": {"idx": 8, "options": ["ignoring another person's arguments and attacking her character instead", "asserting an opposing arguer has taken an easily defeated position, which she has not really taken", "causing confusion during an argument by a lack of ability to engage in refutation", "using threats of harm instead of reasoning to gain agreement"], "probs": [[0.8939752061642217, 0.05586903219122543, 0.018727821146011542, 0.03142794039854142], [0.8906190394464606, 0.05882320179947084, 0.022689767179604345, 0.027867991474464254], [0.9028352245856096, 0.04675158727209314, 0.017653310176455588, 0.032759877865841704], [0.8765825579374864, 0.05652302098906856, 0.021311337007064085, 0.045583083966380965], [0.8858863198942755, 0.05669356182116246, 0.02346246740110941, 0.03395765078345265], [0.8838572514341522, 0.053982723493990664, 0.019295740337868145, 0.042864284633989023], [0.05079834345971405, 0.9028138777152691, 0.01665474971013304, 0.029733029014883824], [0.05306614206502199, 0.8937712903623461, 0.017414050869940332, 0.03574851660269158], [0.06173780789867348, 0.04134489376969298, 0.8772324649571501, 0.01968483327448339], [0.1095644880526988, 0.07620781999993381, 0.04022993326812716, 0.7739977585792402], [0.057769832299375344, 0.03998752496794809, 0.8781403489398705, 0.024102293692806132], [0.10472673297509937, 0.07458839865246193, 0.03295720171853932, 0.7877276665538994], [0.058859893063000386, 0.8929822546566148, 0.015533880612978742, 0.032623971567405985], [0.06414792066460336, 0.8803981117846708, 0.015438474083831777, 0.04001549336689406], [0.056495308765157355, 0.039603337567803404, 0.8809179646368849, 0.022983388930154405], [0.09370584214483878, 0.08697100144818573, 0.03995992689850542, 0.77936322940847], [0.0685475897275169, 0.05085979818385207, 0.8501390914627882, 0.030453520525842798], [0.10508897350215878, 0.0923948379587158, 0.04840512290867511, 0.7541110655304503], [0.04867331410347172, 0.9056074207891938, 0.017258530834535657, 0.028460734172798884], [0.05128301044360544, 0.9047090542911176, 0.01535670101058905, 0.028651234154687934], [0.04975786217155364, 0.03955580046460958, 0.887930957688309, 0.022755379575527798], [0.09740522374687381, 0.09478680643748974, 0.028991995349845562, 0.7788159743657909], [0.057146946334978, 0.03857881474834943, 0.8803063400619666, 0.023967898754705955], [0.09517330959004047, 0.072666647208417, 0.045972430581396, 0.7861876125201465]], "ideal": "A", "sampled": "A", "correct": true}}
{"type": "result", "data": {"idx": 9, "options": ["Laudatory personality", "Guilt by association", "Reprehensible personality", "Circular reasoning"], "probs": [[0.328137965199834, 0.4457773582406756, 0.17341813507960355, 0.05266654137988681], [0.3013286156996198, 0.45243578608398854, 0.029025904536606587, 0.21720969357978506], [0.28876902359359014, 0.1954941512972952, 0.4511252141534821, 0.06461161085563252], [0.27279689397175866, 0.22543423945746327, 0.0350985408707154, 0.4666703256000626], [0.25763800065822184, 0.05407931886610794, 0.3989095881466744, 0.2893730922289958], [0.22748622839735055, 0.05397715156526379, 0.10862351433950851, 0.6099131055978771], [0.34558628937049796, 0.4045222031212383, 0.20703252814684225, 0.04285897926142142], [0.36325448477171357, 0.3984304636435352, 0.031573928654210964, 0.20674112283054027], [0.1409238474984904, 0.19030467311901453, 0.635889134205627, 0.03288234507686804], [0.16667106404466595, 0.21540155563320704, 0.030809183902004586, 0.5871181963201224], [0.3057421959969942, 0.0438526788056781, 0.4037594782583108, 0.24664564683901685], [0.1277211897261058, 0.027256345221340007, 0.20399710419970876, 0.6410253607528454], [0.12717286814760573, 0.7484334455579832, 0.07169904318743928, 0.05269464300697186], [0.1334996486526685, 0.6659596388057091, 0.03243326683378409, 0.16810744560783833], [0.11724221967274741, 0.6332861922037508, 0.20415020443283435, 0.045321383590667376], [0.08878093742035595, 0.6452298603530439, 0.023180240201600637, 0.24280896192499957], [0.1121555677395757, 0.026593797668895747, 0.5143793136523814, 0.34687132083914707], [0.10660509853867521, 0.023729898437185887, 0.42141876010327817, 0.44824624282086073], [0.1112709392956922, 0.3391958398957541, 0.47426899202784517, 0.07526422868070852], [0.09671720140822135, 0.18655985692067048, 0.13018312079028416, 0.586539820780824], [0.11306134202128562, 0.4090935709393287, 0.2842512215166519, 0.1935938654227338], [0.06988305061008221, 0.11099964709959012, 0.17738214662036153, 0.6417351555699661], [0.05548296081850201, 0.1490532744597358, 0.7153645699846295, 0.08009919463713268], [0.056087472792786544, 0.1735420861713366, 0.5723394878904272, 0.19803095304544965]], "ideal": "B", "sampled": "A", "correct": false}}
{"type": "result", "data": {"idx": 10, "options": ["Appeal to ignorance", "Extension", "a priori", "Complex question"], "probs": [[0.039415737270213226, 0.028465453804485796, 0.016138521050993237, 0.9159802877743077], [0.05874595878052296, 0.04589042507979959, 0.8739091287261906, 0.021454487313486766], [0.036558586147086826, 0.02600891074999963, 0.03217214261714886, 0.9052603603857646], [0.04673960691294781, 0.04405262214122499, 0.8878226660390212, 0.021385104806806023], [0.08554093367398002, 0.8667823656604255, 0.030693616910506705, 0.016983083655087723], [0.07006735158195349, 0.8917711127094118, 0.019749387544950283, 0.01841214806368441], [0.023369584308177975, 0.07690072216641496, 0.016592832876002474, 0.8831368605494045], [0.028971772448289274, 0.16077066394548728, 0.7926789979087046, 0.01757856559751889], [0.015436914230336957, 0.013575902683483252, 0.11614758875799883, 0.854839594228181], [0.0190309394312443, 0.019023846478648857, 0.9142871327848048, 0.04765808120530204], [0.020341777603665824, 0.9245969989922012, 0.04128622520433754, 0.013774998099795523], [0.016925077171729242, 0.9427698894599199, 0.015128957203393259, 0.025176076064957576], [0.023840112920107105, 0.05515616458492722, 0.027659189313891126, 0.8933445330810745], [0.026470597989621363, 0.1587021918935135, 0.7918424018156281, 0.02298480820123693], [0.020338584834201336, 0.016411039000449833, 0.10525958807557258, 0.8579907879897762], [0.021572035983423235, 0.019950199238537893, 0.9232660238722528, 0.03521174080578608], [0.0193378522726127, 0.9285836564783383, 0.03605742886515848, 0.01602106228389055], [0.018074864665440313, 0.9300886700219364, 0.01889855048648886, 0.0329379147261344], [0.5503662228033923, 0.38273310657488585, 0.04496074839976837, 0.021939922121953424], [0.5699404785366271, 0.3782117570710105, 0.030043706055087067, 0.02180405823727528], [0.4208431070873437, 0.07240918493766248, 0.4716160735497949, 0.03513163432519889], [0.34505442167036526, 0.04154336125967992, 0.0326150882876283, 0.5807871286823265], [0.5803678272979966, 0.05379494126998002, 0.33136351271012304, 0.03447371862190034], [0.26226827206520353, 0.035287610788605824, 0.042532849577291754, 0.6599112674688988]], "ideal": "D", "sampled": "D", "correct": true}}
{"type": "result", "data": {"idx": 11, "options": ["Attacking the Person (ad hominem)", "Equivocation", "Begging the Question", "Appeal to Pity"], "probs": [[0.13912394550670665, 0.4930616218575398, 0.33284876114868267, 0.03496567138707088], [0.12063978540285819, 0.4163894587556441, 0.037430851014174475, 0.4255399047273232], [0.16492359154225175, 0.4015441193602561, 0.39459946306649285, 0.038932825930999324], [0.11076033820428094, 0.23317251936891287, 0.031530672312046704, 0.6245364700147595], [0.07723316575250642, 0.05307225015673451, 0.6230259552882124, 0.24666862870254674], [0.08598872313626055, 0.046277049856866384, 0.23860361704347827, 0.6291306098633949], [0.2371806643475736, 0.1289888399107714, 0.5996460079336148, 0.034184487708040216], [0.2539273126489117, 0.14275399913689488, 0.031005158093297656, 0.5723135300208957], [0.4036553010894044, 0.4859528369777842, 0.07574446696109331, 0.034647394871718085], [0.33596965041433696, 0.4838279097075492, 0.03376660060234585, 0.146435839175768], [0.29916526221466244, 0.07956031319718092, 0.09614663254908723, 0.5251277919390693], [0.1098386297229056, 0.10145452844352935, 0.7056666173601788, 0.08304022437338625], [0.2895231652537727, 0.08968016093371166, 0.583417020062019, 0.037379653650496655], [0.21180480707445395, 0.08456992503591354, 0.03505825375375186, 0.6685670140358807], [0.4589997282798514, 0.4067911848778048, 0.09164792400778687, 0.04256116273455693], [0.4277227893486595, 0.3819003799674776, 0.034767111809280375, 0.15560971877458252], [0.20839114485087262, 0.06533198803009933, 0.08813702314210717, 0.6381398438769209], [0.1605692994582461, 0.0542613468258562, 0.69213851104077, 0.09303084257512771], [0.05706554693206866, 0.07229637407754383, 0.6542830515317724, 0.2163550273586151], [0.06799032183852192, 0.08522483261139917, 0.28323577354511664, 0.5635490719049623], [0.0453950115826413, 0.7145216836933914, 0.06026505247538167, 0.17981825214858566], [0.04222264560138632, 0.6606824471217106, 0.22899715856032216, 0.0680977486165809], [0.04776196448187294, 0.45636629623638075, 0.05864705845017575, 0.43722468073157056], [0.041859578337059694, 0.5749961137196611, 0.32309904691326197, 0.06004526093001728]], "ideal": "C", "sampled": "B", "correct": false}}
{"type": "result", "data": {"idx": 12, "options": ["Equivocation", "Affirming the Consequent", "Gambler's Fallacy", "Inconsistency"], "probs": [[0.3957854898586082, 0.157224453220655, 0.06303006826299092, 0.38395998855774593], [0.4455964035184094, 0.1550955944367463, 0.2626469174159217, 0.13666108452892256], [0.3173920119268595, 0.07638954142791443, 0.0900664377102658, 0.5161520088349603], [0.3315363873438758, 0.08214280130850599, 0.4231880965880771, 0.1631327146595411], [0.437391741154316, 0.23961582001482853, 0.1262398697679126, 0.19675256896294285], [0.40285303305509856, 0.2582386270478693, 0.10932217362365065, 0.22958616617338143], [0.29620762553055763, 0.2873340141733989, 0.06088865320935473, 0.3555697069866887], [0.34990638490992515, 0.27953621742314194, 0.24176491794552718, 0.12879247962140572], [0.2662087976666317, 0.08456140755761442, 0.2808905839639153, 0.36833921071183856], [0.22216643059390148, 0.0788862224753556, 0.4537978110499226, 0.24514953578082033], [0.26981160408875193, 0.32912823346939296, 0.2985776671356178, 0.10248249520623733], [0.29909574091138424, 0.2970017701983946, 0.06687176027607486, 0.33703072851414634], [0.19862057868846272, 0.30336718392167367, 0.06883190263870909, 0.4291803346511545], [0.24188151592754192, 0.3320864687217017, 0.245733376631402, 0.18029863861935433], [0.21413980103169578, 0.15327074893863005, 0.28857880397863056, 0.34401064595104364], [0.17932846184750603, 0.12240346139647793, 0.32521603477373096, 0.3730520418822851], [0.1999053582313933, 0.4465269612270715, 0.233896517502839, 0.11967116293869626], [0.17374348509255474, 0.3278294180912564, 0.0726687381145054, 0.42575835860168343], [0.4702552801778562, 0.20077366681934095, 0.1235789497449547, 0.2053921031578481], [0.4473853440203707, 0.2285940808667184, 0.08612450443094985, 0.23789607058196105], [0.36320463634645983, 0.15171278107361122, 0.333404938342315, 0.15167764413761395], [0.39085282997932713, 0.15280259802595766, 0.07989469736250922, 0.376449874532206], [0.38006861281341314, 0.0913088796169137, 0.3747244597661304, 0.1538980477035428], [0.3317191625182845, 0.07396192903048715, 0.1136629962335336, 0.48065591211769476]], "ideal": "D", "sampled": "D", "correct": true}}
{"type": "result", "data": {"idx": 13, "options": ["arguing that something is necessarily bad because it doesn't cost very much", "substituting individual stories for a larger sample when supporting a generalization", "arguing that what is true in nature must be true about humans", "the same thing as the  post hoc  fallacy"], "probs": [[0.06728578977944277, 0.052094339348859736, 0.8465031226901756, 0.03411674808152186], [0.0725075177033014, 0.03810873740854459, 0.01824341768569359, 0.8711403271024604], [0.05963822386966805, 0.888922383298617, 0.01766355688324264, 0.03377583584847237], [0.07901711236874477, 0.8731265907176272, 0.017188080133681043, 0.03066821667994701], [0.07386420693949397, 0.03511632619117826, 0.018587350912721456, 0.8724321158566063], [0.05524931682840875, 0.027730980058788365, 0.8962501615507162, 0.020769541462086663], [0.07657944406945215, 0.044716854249827014, 0.8419707040065408, 0.036732997574179964], [0.08024590803133755, 0.040239928125145985, 0.019395996770387093, 0.8601181669731294], [0.10539437868656673, 0.8284173041812317, 0.023268070156289164, 0.04292024687591238], [0.09212730985642488, 0.875149850170912, 0.013957749166874546, 0.018765090705788644], [0.0765929886875972, 0.03783893184105458, 0.01753938557375375, 0.8680286937975945], [0.07408607743490393, 0.03675545748257819, 0.8746082177678881, 0.014550247214629717], [0.8827285683508329, 0.05586086533534651, 0.021126022363520586, 0.04028454385029994], [0.8719381819082306, 0.06692528078669538, 0.02479359171729095, 0.036342945487783135], [0.8361724778408647, 0.07677676329130624, 0.02868938093066329, 0.058361377837165836], [0.8990817675066536, 0.06498661958049866, 0.018497259079670286, 0.01743435373317752], [0.9026437727906542, 0.04331724961213475, 0.022334507929997142, 0.031704469567213886], [0.8967732117244229, 0.048355846176381424, 0.03202925649330137, 0.022841685505894247], [0.06369745801904242, 0.036497015910265364, 0.018927723378967802, 0.8808778025917244], [0.06805784647565226, 0.04865072575502206, 0.8546034590282031, 0.02868796864112253], [0.0681073708341629, 0.04456211046046545, 0.022781160528302067, 0.8645493580770696], [0.05120331191513822, 0.05298915280400302, 0.879099035895037, 0.016708499285821726], [0.06802589610346507, 0.8935204959805979, 0.014984898630528126, 0.023468709185408897], [0.06237563141692856, 0.9000700208350592, 0.018864105330899508, 0.01869024231711273]], "ideal": "C", "sampled": "C", "correct": true}}
{"type": "result", "data": {"idx": 14, "options": ["Style over substance", "Question begging epithets", "Hypostatization", "Amphiboly"], "probs": [[0.703207089933613, 0.21500616213963317, 0.03072361151931857, 0.05106313630743524], [0.7000179355265717, 0.22471906451793539, 0.02746632906767923, 0.04779667078781368], [0.3905902911418728, 0.07295507583627717, 0.48943940410073644, 0.04701522882111359], [0.2389474415304901, 0.044558388241209924, 0.025439989387828994, 0.691054180740471], [0.3800372878091762, 0.07345457565862779, 0.494619471762549, 0.051888664669646985], [0.23087562848372403, 0.03955500494703018, 0.02918773734186308, 0.7003816291273827], [0.235402051988454, 0.6846862724624028, 0.026068496281200178, 0.0538431791679431], [0.23390649901490787, 0.6923169528811466, 0.021874141079668986, 0.05190240692427652], [0.07195370448052678, 0.05639315081591084, 0.8411513016410999, 0.030501842962462465], [0.07559542385327137, 0.04423084126056555, 0.017116356703105916, 0.8630573780830572], [0.054856364959882206, 0.049906880488168055, 0.8690787154030032, 0.026158039048946584], [0.0667597620327432, 0.03906483393401257, 0.017255519642840344, 0.8769198842904039], [0.06884482952369907, 0.8442061180955476, 0.056675845186063646, 0.03027320709468975], [0.04970540163544529, 0.4990844409993563, 0.0165007252955613, 0.4347094319696371], [0.05859360481695809, 0.11646877249743026, 0.8020585193466364, 0.02287910323897524], [0.06638751824448948, 0.07552582657288504, 0.016959868117068948, 0.8411267869655565], [0.033994641658164675, 0.02888019425699685, 0.8858763110627427, 0.05124885292209577], [0.048139536817790554, 0.03327044347823586, 0.22053453992580874, 0.6980554796781648], [0.052324828242538445, 0.8749533972289288, 0.0468873572199038, 0.025834417208628935], [0.052923800724525544, 0.7106806926370055, 0.018809501850603545, 0.21758600468786535], [0.05198257706442199, 0.08759929728373134, 0.8416871301930885, 0.018730995358758138], [0.07065451251242852, 0.0625583919930447, 0.015160478211758444, 0.8516266171827683], [0.03358422879701757, 0.02186155878837783, 0.8992768699647048, 0.04527734234989982], [0.050045980786374636, 0.026483693447504477, 0.2165239698692483, 0.7069463557968726]], "ideal": "B", "sampled": "A", "correct": false}}
{"type": "result", "data": {"idx": 15, "options": ["Tu quoque", "Composition", "Appeal to the masses", "Appeal to reason"], "probs": [[0.027570832363902228, 0.022310128308593944, 0.9355774468612656, 0.014541592366238174], [0.031054742573346977, 0.02246061335566182, 0.012519320448503929, 0.9339653235224873], [0.02660580987289858, 0.9488830243362936, 0.010995353888417924, 0.013515811802389954], [0.030249396065103705, 0.9507477782807906, 0.0071306488496400535, 0.011872176704465614], [0.029142303389376838, 0.016692470757484118, 0.01329839788244301, 0.940866827870696], [0.029401310881233173, 0.023630419127467057, 0.9312096590419688, 0.015758610849330973], [0.03276165928683457, 0.013376265688153114, 0.9369694537274325, 0.016892621197579838], [0.03723531780742608, 0.018121250957017016, 0.015005984546688896, 0.929637446588868], [0.04141928216569109, 0.9332097680938427, 0.011334650111791165, 0.014036299528675031], [0.03810233402467254, 0.941045321863056, 0.008247268715637746, 0.01260507529663367], [0.04161420021809275, 0.021417988103047455, 0.011636353832945402, 0.9253314577459144], [0.0345903459678941, 0.017172344570994237, 0.9289521868197517, 0.01928512254136004], [0.9171922088268035, 0.03672589180311796, 0.01861525982660777, 0.027466639443470723], [0.923759711437512, 0.039680845410498156, 0.013621169275339374, 0.022938273776650447], [0.9146359221459082, 0.04344361396380113, 0.013906790330736413, 0.02801367345955433], [0.9179077698461318, 0.04464130163854831, 0.012035984635361282, 0.025414943779958697], [0.9263264148489806, 0.035650100495722745, 0.016085555930174376, 0.021937928625122245], [0.9174155967941316, 0.028171732310700515, 0.01996689930222895, 0.03444577149293884], [0.0346410783752049, 0.017934673760604744, 0.012520420852005144, 0.9349038269121852], [0.03380191995308219, 0.01914856912417177, 0.9304162054975595, 0.016633305325186518], [0.03908522186444943, 0.026388673349762425, 0.010683969868077715, 0.9238421348177104], [0.02988503367351742, 0.025985568977863298, 0.9234079861211931, 0.020721411127426113], [0.05507757945042361, 0.9137378452866032, 0.013108660559840458, 0.0180759146031327], [0.03874379598115803, 0.9203001143764611, 0.01589268528696514, 0.025063404255415755]], "ideal": "C", "sampled": "C", "correct": true}}
{"type": "result", "data": {"idx": 16, "options": ["poisoning the well", "suppressed evidence", "appeal to pride", "appeal to the people"], "probs": [[0.049892573234677905, 0.030377875618997713, 0.023429489895531678, 0.8963000611507927], [0.051892470756543775, 0.032990951210652875, 0.8970339926814825, 0.01808258525132084], [0.05215529719576665, 0.03921191762814087, 0.01441004963968199, 0.8942227354364105], [0.04918811533912279, 0.04727983535904536, 0.8845667357453654, 0.018965313456466425], [0.06350762893060269, 0.9075172187637844, 0.012275706495253585, 0.01669944571035932], [0.06359425441150046, 0.9087062245018743, 0.013500053974848951, 0.014199467011776217], [0.052292736838361206, 0.027659337295114373, 0.024169096135542134, 0.8958788296309823], [0.05307869052263953, 0.024871994789870074, 0.9034087933352805, 0.018640521252209954], [0.053554783469259654, 0.035225527266409394, 0.0154952880321832, 0.8957244011321477], [0.040125968459764016, 0.033497957643375244, 0.9048987569439761, 0.021477316852884523], [0.06303619123095297, 0.901717178305429, 0.014595874427596876, 0.020650755936021142], [0.05525412191794327, 0.9095735207102642, 0.015294654720646693, 0.019877702551145782], [0.05811816012349876, 0.028884917132103023, 0.012597252217404459, 0.9003996704269938], [0.05271672113858155, 0.028456436626318034, 0.8991438199750316, 0.019683022160068793], [0.05711543681979342, 0.029957885470951608, 0.015519781288601323, 0.8974068963206536], [0.04527917731573224, 0.02970408238547947, 0.9015468811492703, 0.02346985904951797], [0.057801445638794025, 0.9074702507063731, 0.014592026752980396, 0.020136276801852426], [0.053752078057242206, 0.9050077597552363, 0.01546797698695252, 0.025772185100568994], [0.887268672279971, 0.05479650260105198, 0.024522640082648567, 0.03341218493632843], [0.8924705335398656, 0.05055732623788294, 0.026855049502091635, 0.030117090620159784], [0.888068379592018, 0.0552760587304278, 0.024737250307329314, 0.03191831127022487], [0.8904512853337962, 0.051665006784062655, 0.023832888825629395, 0.0340508189565117], [0.9007348635442469, 0.04755691926122971, 0.021802459437887115, 0.029905757656636268], [0.8948904946340114, 0.04799733083993568, 0.023194785126865163, 0.03391738929918779]], "ideal": "D", "sampled": "D", "correct": true}}
