{"type": "result", "data": {"idx": 0, "options": ["Media release", "Media tour", "Press room", "Promotional days/weeks"], "probs": [[0.016715824610146753, 0.9708091024133979, 0.0048120426962984094, 0.007663030180156886], [0.017909361492638727, 0.9689622349423994, 0.005109249209207684, 0.008019154255754163], [0.008669346739654818, 0.009201798767084012, 0.9726273010678014, 0.009501553325459731], [0.013941533164540899, 0.010702515199311171, 0.00929845605639163, 0.9660574954797563], [0.010108876539306946, 0.008103415022020052, 0.9701773107682091, 0.011610397570463879], [0.011135164969817151, 0.008149805282129755, 0.005966672313686921, 0.9747483573343662], [0.9733698913269597, 0.011853824828107965, 0.004867585015290472, 0.00990869872964183], [0.9717923418627537, 0.01250219177316624, 0.005895226841859973, 0.009810239422220094], [0.971510076449287, 0.01299060926351331, 0.005051846895282724, 0.010447467291916956], [0.9659369841006848, 0.012223116265397556, 0.006042869827153487, 0.01579702970676414], [0.9695687415018067, 0.015760614695842792, 0.004879277426110606, 0.009791366276239912], [0.9642998920958535, 0.014715252970305459, 0.005082543655421768, 0.015902311178419257], [0.008740440177023901, 0.006804843096778373, 0.9731679743579127, 0.011286742268285074], [0.014640784294553863, 0.008961102810898689, 0.008211884464959551, 0.9681862283295879], [0.015183085019518709, 0.9681496261152309, 0.005563542259885257, 0.011103746505365051], [0.015266159583373188, 0.9650527260350157, 0.006328830043918008, 0.013352284237693083], [0.013754567651429166, 0.011492371215494478, 0.004589267869154605, 0.9701637931639218], [0.011359208251741814, 0.00984711292115558, 0.9640165557455951, 0.014777122981507513], [0.008445952892264236, 0.010232684980312655, 0.9679754231203884, 0.013345938907034666], [0.011838511022075664, 0.010530568280293069, 0.005056449979935768, 0.9725744706176955], [0.0156753980918956, 0.9681805086306017, 0.004943297868606629, 0.011200795308896118], [0.014808911731791743, 0.9659600801177934, 0.0048952901695290835, 0.014335717880885718], [0.013271150797702788, 0.011810971871957905, 0.004061335706395608, 0.9708565415239436], [0.008717524193054623, 0.010808699919441278, 0.9633422994233714, 0.0171314763641328]], "ideal": "B", "sampled": "B", "correct": true}}
{"type": "result", "data": {"idx": 1, "options": ["Quickly investigate to make certain your product is definitely the cause of the illness.", "Stop all sales of the product throughout the nation and issue a recall for that product.", "Stop sales of the product in the Albany, New York, market and issue a recall for that product.", "Issue a press release to the Albany, New York, market explaining how to treat the symptoms."], "probs": [[0.21667752512083727, 0.6096453484388894, 0.12054675457026832, 0.05313037177000499], [0.13443055622396996, 0.45579674410921683, 0.01831672509654053, 0.39145597447027264], [0.15393652937003413, 0.37379007135356007, 0.43104310213773794, 0.04123029703866788], [0.11123052714826628, 0.14347187297819275, 0.016762393311849092, 0.7285352064616919], [0.07972533047118252, 0.0413448464478412, 0.7961131721952457, 0.0828166507857306], [0.0928947014102074, 0.045988786104401824, 0.2535075497838006, 0.6076089626015901], [0.328683529380049, 0.43557425901758745, 0.19937954771398544, 0.03636266378837808], [0.37210249827863245, 0.29549034758420767, 0.018128348068180235, 0.3142788059689796], [0.2533977575581902, 0.11185303845184205, 0.6068258756628943, 0.02792332822707345], [0.14169670270502358, 0.07917707206172907, 0.021581906260353778, 0.7575443188728935], [0.12975003766507948, 0.030113403075944668, 0.7142714184117283, 0.12586514074724756], [0.15646970095630994, 0.03861149729463845, 0.09554521631747327, 0.7093735853315783], [0.12741001376237715, 0.43668268590577713, 0.40120853334705137, 0.03469876688479433], [0.1090858927393161, 0.48206882928654526, 0.021914049138640476, 0.3869312287354982], [0.11387472855815224, 0.2327919055396472, 0.6261188715056544, 0.027214494296546213], [0.08806770809427647, 0.13604554177831585, 0.01713454305975976, 0.7587522069676479], [0.07694429101067021, 0.037114716786050335, 0.76765185014937, 0.11828914195390945], [0.08301928700435922, 0.033876113842587444, 0.36012688543866084, 0.5229777136143925], [0.050716750696569994, 0.20626296254615895, 0.7014175108969454, 0.041602775760325734], [0.04933065529668754, 0.25841396948192, 0.3362026499762106, 0.3560527251451818], [0.04690724273232866, 0.5807747287525215, 0.31035071839530215, 0.06196731001984774], [0.053197667155466886, 0.2597932045040598, 0.035784618388549544, 0.6512245098519237], [0.05624212743093375, 0.23897235383477886, 0.3780789060571385, 0.32670661257714884], [0.062094708655015075, 0.13982093697411294, 0.1919201811339313, 0.6061641731369407]], "ideal": "B", "sampled": "A", "correct": false}}
{"type": "result", "data": {"idx": 2, "options": ["community relations", "consumer relations", "employee relations", "public issues"], "probs": [[0.024873612066023412, 0.945975896381665, 0.013706114958710665, 0.015444376493600913], [0.021380588120567368, 0.9438711502258419, 0.00836477397002185, 0.02638348758356889], [0.029866047756852688, 0.03951431139003803, 0.9112435748121026, 0.01937606594100672], [0.02193157553127542, 0.02545864840847887, 0.012361846700587514, 0.9402479292596582], [0.023357861777668094, 0.02561877949511221, 0.9144650969208556, 0.036558261706364004], [0.02419692789913286, 0.021059955752879344, 0.02448890126839504, 0.9302542149795927], [0.9314486192614928, 0.0256235445230554, 0.020586384036474958, 0.022341452078976816], [0.9232711309545498, 0.025392557098800592, 0.01277371056685284, 0.03856260127979675], [0.9469169707266684, 0.025034936727937544, 0.011300485753768704, 0.01674760669162538], [0.9353293536678638, 0.026958665905902755, 0.010650805603283837, 0.027061174722949503], [0.9282712607900181, 0.026751343786960445, 0.010484746701408997, 0.03449264862161246], [0.9397522526113529, 0.024872285501487762, 0.013001177071189828, 0.022374284715969552], [0.026358920099298334, 0.023997778875141682, 0.9329318716054545, 0.016711429320105425], [0.020283433279853266, 0.016972162333584225, 0.01400353614856446, 0.9487408681379981], [0.029739408795857496, 0.9385525899618312, 0.014352500009517103, 0.017355501132794125], [0.024605342749201262, 0.9369107344270016, 0.010819392116487029, 0.027664530607310174], [0.024287415914753203, 0.020978864495190718, 0.013579766403808551, 0.9411539530862475], [0.027968335529267998, 0.027329854308113008, 0.9154962777018095, 0.029205532360809507], [0.02417951611646349, 0.017291696037301265, 0.9248474263490271, 0.03368136139720819], [0.02224666958202101, 0.013428591884127697, 0.024347228496138375, 0.9399775099377129], [0.035710373391145016, 0.9195094095692973, 0.011478385127896605, 0.033301831811661076], [0.03893168201308491, 0.9276648594762761, 0.01271255012331209, 0.020690908287326875], [0.018959157626053668, 0.018552326113328747, 0.011643668917459587, 0.950844847243158], [0.024959347445323868, 0.024388115214825302, 0.9253872876130377, 0.02526524962681318]], "ideal": "B", "sampled": "B", "correct": true}}
{"type": "result", "data": {"idx": 3, "options": ["1917", "1922", "1925", "1927"], "probs": [[0.18954804820233603, 0.4530988700696554, 0.24110316096969164, 0.11624992065831692], [0.19049871320615308, 0.3954748573220757, 0.2639877936583345, 0.15003863571343667], [0.19647988089504367, 0.4309813847414399, 0.2877596828721391, 0.08477905139137737], [0.17421497080919493, 0.39745774546105506, 0.35433858025291093, 0.07398870337683909], [0.17394932843570884, 0.6967457428362739, 0.07180026810940934, 0.057504660518607975], [0.17569783328206706, 0.6818768381390572, 0.08744754641373678, 0.05497778206513897], [0.6677849242333488, 0.1136403149726572, 0.14748525508146906, 0.07108950561252494], [0.6269985928133552, 0.11357102017782907, 0.17099661702480665, 0.08843376988400901], [0.6094727697201884, 0.23919758911117836, 0.06404043924288616, 0.08728920182574713], [0.5488488077568522, 0.23112910983635365, 0.1426767706728356, 0.07734531163395858], [0.5349543608620452, 0.31277885048509757, 0.06269819984800429, 0.08956858870485293], [0.45200664305644656, 0.2685287326513899, 0.22144255287343023, 0.058022071318733305], [0.7026419763773047, 0.09989067986341693, 0.11529951513377458, 0.08216782852550376], [0.6652973641796687, 0.10553607695477556, 0.15889562072894897, 0.07027093803660683], [0.6783195798735332, 0.16527582900513338, 0.061494669716660684, 0.09490992130467271], [0.6483488847353988, 0.17626809041628605, 0.11776591398268992, 0.057617110765625264], [0.6078478391681057, 0.29460193150459585, 0.042249756113114566, 0.05530047311418388], [0.574861596744048, 0.2989608402802759, 0.07005971799946553, 0.05611784487621047], [0.8116429045572757, 0.07167237860295014, 0.05777800862407218, 0.058906708115702], [0.7932337881357837, 0.07633102456965599, 0.07420400308212667, 0.05623118411243365], [0.7837709175585924, 0.09025107250585701, 0.051205609078473005, 0.07477240075707756], [0.7786231259144781, 0.09179254175809369, 0.07815669842759117, 0.05142763379983701], [0.7853089705543361, 0.11976837735993574, 0.042223170602492414, 0.05269948138323573], [0.7704744618538717, 0.12216007207691669, 0.05527085956386059, 0.05209460640535103]], "ideal": "B", "sampled": "D", "correct": false}}
{"type": "result", "data": {"idx": 4, "options": ["Product-oriented", "Person-oriented", "Idea-oriented", "Message-oriented"], "probs": [[0.030161387448250834, 0.01406202050569365, 0.7340305117409435, 0.22174608020511205], [0.0257463347175743, 0.010334051547738903, 0.34531773119533665, 0.6186018824393502], [0.031843246082485385, 0.57088364340288, 0.01083545854654655, 0.3864376518680881], [0.031320827891199984, 0.9062458568046258, 0.029338321593282972, 0.033094993610891216], [0.05140620336382694, 0.16339642568703436, 0.018306928606127145, 0.7668904422430115], [0.04792953496377103, 0.29973237063267294, 0.5955922273215611, 0.056745866981994894], [0.041183788435493376, 0.016564441523203216, 0.8783511740535546, 0.06390059588774882], [0.047732488427485315, 0.014378867445446334, 0.3824525564166236, 0.5554360876104447], [0.03562299885993161, 0.8464867115362553, 0.010609413612129786, 0.1072808758916833], [0.04191487360167959, 0.8932253883859128, 0.023271050735304416, 0.04158868717710319], [0.04936521867654933, 0.11474219818325294, 0.014118217982297303, 0.8217743650579004], [0.056392405176483945, 0.17430564759418748, 0.7071006893404532, 0.062201257788875315], [0.8609124942374158, 0.02170557473649433, 0.013866806309533746, 0.1035151246165561], [0.8881154556267465, 0.021888836971468907, 0.04263093274445398, 0.0473647745573306], [0.8248211517852005, 0.0233664580805821, 0.015158195568979465, 0.13665419446523788], [0.8763317954594384, 0.02242966866434715, 0.033259248353525735, 0.0679792874226887], [0.9072828634493941, 0.02779079895773159, 0.016171263077413414, 0.04875507441546091], [0.8696571863023244, 0.031131354211944472, 0.02513025966634088, 0.07408119971939026], [0.638688809793151, 0.022562671702661935, 0.019790292005388566, 0.3189582263987985], [0.8131456111474857, 0.026617002830179544, 0.10367928124103312, 0.0565581046813016], [0.6364419015110656, 0.031186474168361924, 0.014555836009559574, 0.31781578821101286], [0.8489056445298516, 0.03449160823663631, 0.04870049064713276, 0.06790225648637929], [0.9007793714366441, 0.03986830286209377, 0.012788904900998092, 0.046563420700263994], [0.879500523593776, 0.03860386266489174, 0.021219522554303847, 0.060676091087028414]], "ideal": "C", "sampled": "C", "correct": true}}
{"type": "result", "data": {"idx": 5, "options": ["to develop a vision statement", "to interpret trends for management", "to interpret the organization's business plan", "to consider the role public relations might play"], "probs": [[0.03542634583778195, 0.8868602456923711, 0.010511359356785158, 0.06720204901306179], [0.04317880922657028, 0.8691189547241531, 0.03519376099335165, 0.05250847495592492], [0.045570850282875046, 0.030348518803756976, 0.8046402319374698, 0.11944039887589811], [0.07870383718539241, 0.05344899345034872, 0.4320847963791541, 0.4357623728851048], [0.06999370089996348, 0.14237967879646465, 0.7134129628280848, 0.07421365737548709], [0.08467825059678936, 0.4626576658724744, 0.05248090350575215, 0.4001831799249841], [0.7171224034401813, 0.03009693189721148, 0.022024257984450814, 0.23075640657815635], [0.7451365796777821, 0.031351125092218345, 0.08580679743141487, 0.13770549769858467], [0.7354443401306501, 0.04024259553041642, 0.016988192511358434, 0.20732487172757508], [0.7660421813933672, 0.03447476812637925, 0.05350821897047872, 0.14597483140977477], [0.7675094040654756, 0.09031292045287762, 0.029205838746370612, 0.11297183663527609], [0.7921538248889051, 0.06967439410935831, 0.027007830905719125, 0.11116394999601745], [0.0738035256992086, 0.019632072203129913, 0.7767362232131766, 0.12982817878448485], [0.10646099128711652, 0.030271087628174684, 0.4919516572000678, 0.37131626378464105], [0.06786249375074499, 0.798084235168631, 0.015577137004452788, 0.1184761339761712], [0.07644029331085042, 0.8110264931677788, 0.039413711098284426, 0.07311950232308635], [0.21732593018162663, 0.29238812696600563, 0.04573911579014247, 0.44454682696222525], [0.23473644079352154, 0.11921708940850799, 0.4612626994590933, 0.18478377023887713], [0.18570043836541297, 0.0352490929944244, 0.661634112144189, 0.11741635639597361], [0.45926199727418926, 0.05349364290577614, 0.07787925981336655, 0.40936509990666803], [0.31353606602632594, 0.5496733579356642, 0.034098996438438806, 0.10269157949957101], [0.34301347728298465, 0.5205039109996448, 0.03501607294691735, 0.10146653867045319], [0.5148293567242984, 0.08706380750351017, 0.03822840147188987, 0.3598784342003015], [0.2623910097572043, 0.053503168672667085, 0.5400978507339304, 0.1440079707361983]], "ideal": "B", "sampled": "B", "correct": true}}
{"type": "result", "data": {"idx": 6, "options": ["When victims of abuse remain silent about the abuse", "When people hide their opinions if they do not agree with the majority", "When people hide their opinions if they are in disagreement with their close peers or family members", "When public relations uses opinion poll results to generate support for a particular issue"], "probs": [[0.02145825159948175, 0.9500545946867528, 0.013920570851965805, 0.014566582761799686], [0.01631481409215848, 0.9055889811564685, 0.007532499297438057, 0.07056370535393502], [0.018930554605808846, 0.46549903496997763, 0.49187185800454103, 0.02369855231967248], [0.025732115891067112, 0.3679014882486853, 0.013041771513700747, 0.5933246242465469], [0.023778371997709387, 0.025926275707403433, 0.8900892319962294, 0.06020612019865779], [0.023686249071445033, 0.025412798209325318, 0.8121981114700141, 0.13870284114921558], [0.872605789697405, 0.027875482728272543, 0.08094965373006399, 0.01856907374425846], [0.6409667085888265, 0.033465087161107, 0.013619847492853925, 0.31194835665721254], [0.9503713727397765, 0.02841982971021314, 0.007840093075134233, 0.013368704374876151], [0.9434328955491561, 0.03429018062875038, 0.008360989640144551, 0.013915934081948994], [0.5310985465230121, 0.05220784265848398, 0.019047062913089143, 0.39764654780541475], [0.5078857956880759, 0.04975037845237526, 0.41225169626080466, 0.03011212949874421], [0.025047852933379473, 0.016156071374095284, 0.94006792230267, 0.01872815328985526], [0.046009596858472376, 0.021431230332231245, 0.009300219158534446, 0.9232589535507619], [0.03197708252091926, 0.9506542466058387, 0.0049985239326003775, 0.012370146840641664], [0.036116800727776045, 0.9475141639197834, 0.005223165197591161, 0.01114587005484946], [0.045889316054455884, 0.02329959066219724, 0.01067061205117028, 0.9201404811321766], [0.030126074965015976, 0.021672386316312898, 0.930366599522323, 0.01783493909634807], [0.026936077444250632, 0.028685773468335823, 0.8813050048766659, 0.06307314411074774], [0.024813681376224406, 0.025607186821388746, 0.8173303451069006, 0.13224878659548625], [0.03006660601835465, 0.8795752630941893, 0.010137028182570739, 0.08022110260488527], [0.027355710605086257, 0.9357555659264234, 0.021735596367298386, 0.015153127001191926], [0.028691638338374136, 0.6118448393138481, 0.014632412271877837, 0.3448311099758999], [0.02683047623803134, 0.7540779315779612, 0.19603249896423075, 0.023059093119776653]], "ideal": "A", "sampled": "B", "correct": false}}
{"type": "result", "data": {"idx": 7, "options": ["Research and evaluation", "Strategy and evaluation", "Strategy and implementation", "Objectives and implementation"], "probs": [[0.590425881894451, 0.3286214952189515, 0.016850982801289865, 0.06410163998530762], [0.5087848597980464, 0.3755543603787162, 0.01939791325149193, 0.09626286647174545], [0.7446411875063642, 0.05975715465155639, 0.1109007600990079, 0.08470089764307151], [0.6139798735567012, 0.07983515409281773, 0.035816013419773085, 0.27036895883070794], [0.654205217613541, 0.07013247318160622, 0.13317136762832632, 0.14249094147652644], [0.5412811596054874, 0.07614057453600678, 0.05408574599913007, 0.3284925197593758], [0.29724479272307774, 0.6264521595665984, 0.01869636808700846, 0.05760667952331539], [0.36355823274791543, 0.5180075168091611, 0.036750152703424896, 0.08168409763949852], [0.628538265976685, 0.057227588858975546, 0.17515671501800636, 0.139077430046333], [0.6670266960377542, 0.055590297814151125, 0.03199756878295355, 0.24538543726514112], [0.43805192264810916, 0.07702745954564852, 0.3223434566256128, 0.16257716108062953], [0.5726538682657825, 0.10097413877974491, 0.04062054154539177, 0.2857514513090808], [0.15044376364666626, 0.7501878793546485, 0.03856103150578941, 0.06080732539289581], [0.14353971602526516, 0.6312025314532431, 0.04911529651424155, 0.17614245590725017], [0.3195386814339116, 0.4081730015024365, 0.0971526888350271, 0.17513562812862477], [0.2843260710383479, 0.36012178761189495, 0.05944464491915378, 0.29610749633060335], [0.2120874085875414, 0.43005779605214167, 0.1188277690610499, 0.23902702619926702], [0.20163972373317324, 0.5132772249471877, 0.054271041532825706, 0.2308120096868133], [0.10863505383712782, 0.7077891878656253, 0.0988142348638771, 0.08476152333336974], [0.09752183660877878, 0.48231701315668224, 0.05333922569432395, 0.36682192444021505], [0.15085940764814126, 0.49806741257640097, 0.22666085072108993, 0.12441232895436781], [0.14482273375765747, 0.5080742315152973, 0.046626717542317675, 0.3004763170847275], [0.14040404425451788, 0.49276790287706024, 0.05413419500137419, 0.3126938577670477], [0.15563237085751655, 0.5780102990730895, 0.11396064183613089, 0.15239668813326304]], "ideal": "A", "sampled": "A", "correct": true}}
{"type": "result", "data": {"idx": 8, "options": ["Defining the program", "Planning the program", "Taking action and implementing ideas", "Evaluation of the program"], "probs": [[0.3502316629068935, 0.45329637453545557, 0.020460392439314922, 0.176011570018336], [0.3593600371901447, 0.48024427617617743, 0.015377348201428335, 0.14501833833224953], [0.10933967890794348, 0.02513097632640354, 0.8020776019517073, 0.06345174271394567], [0.17634392221928966, 0.035752398621298004, 0.027994631049537762, 0.7599090480098746], [0.15599128689542252, 0.023714544381705054, 0.7192976514236553, 0.10099651719921705], [0.2127738399816614, 0.03059177993562798, 0.04297958894662906, 0.7136547910360815], [0.21768593045976534, 0.5885443293610082, 0.014567683951407777, 0.17920205612781867], [0.25821295281818396, 0.5786848046100931, 0.016100916949908724, 0.14700132552181422], [0.10647238053425079, 0.027992000919195313, 0.7353920860316944, 0.13014353241485954], [0.24194800809170722, 0.05383281440808285, 0.10118811680781009, 0.6030310605923999], [0.15399651027053, 0.026972492802412203, 0.7005032208913369, 0.11852777593572095], [0.2860463750804132, 0.050310684351409375, 0.08666547064117672, 0.5769774698270007], [0.06016205869677545, 0.5934186820375772, 0.23543314108045657, 0.1109861180851908], [0.08999486693230638, 0.35743157787175955, 0.01321227615374592, 0.5393612789421882], [0.05434146753754843, 0.5032216178772614, 0.3511615601645509, 0.09127535432063924], [0.10252411051125182, 0.5747877433759263, 0.017279008626985178, 0.3054091373858367], [0.07803411181299331, 0.03506109555946407, 0.5421543817826306, 0.3447504107449119], [0.0915788090647155, 0.04115567958440792, 0.602358196002258, 0.26490731524861855], [0.06700687808690177, 0.35879118009106, 0.47937773693244323, 0.094824204789595], [0.08171485302737645, 0.20880359253580788, 0.017954788966508404, 0.6915267653703072], [0.06856996105574087, 0.5101152315893491, 0.3337157442575637, 0.08759906299734636], [0.09966440532459753, 0.5851431946169576, 0.0208739393867269, 0.2943184605717179], [0.06743175008193829, 0.035066911066522995, 0.40948796044945984, 0.48801337830207886], [0.07392518772378318, 0.04100223190689084, 0.6447464707405199, 0.240326109528806]], "ideal": "B", "sampled": "B", "correct": true}}
{"type": "result", "data": {"idx": 9, "options": ["ingratiation", "downplaying", "distancing", "nonexistence"], "probs": [[0.16252078356489724, 0.201214942334065, 0.11627561026059535, 0.5199886637404424], [0.09316124904954515, 0.11990389405338812, 0.7411890139611808, 0.045745842835885994], [0.1509481325312069, 0.17029825833828197, 0.12633837381713703, 0.5524152352133741], [0.08923976055951777, 0.1303028901513533, 0.7291790191906251, 0.051278329998503805], [0.11241102711303654, 0.7746532981518126, 0.06252886214535061, 0.05040681248980026], [0.10513511691600735, 0.7780663109440995, 0.060366557743700325, 0.05643201429619281], [0.14242951782753602, 0.13435904880549582, 0.0982282921309634, 0.6249831411360047], [0.0919776548504756, 0.1195459203353271, 0.7509860907751419, 0.037490333939055445], [0.14343217649025822, 0.1617666386343218, 0.15786630462818382, 0.5369348801472361], [0.0825331438314997, 0.1323122566687553, 0.7342993583209945, 0.050855241078750495], [0.11458670626210063, 0.7591527782354069, 0.07803396087408197, 0.0482265545284105], [0.10656329799080504, 0.7516260538346635, 0.05397530926095486, 0.0878353388135766], [0.12352658237224726, 0.14281339515907424, 0.12388359931985479, 0.6097764230488237], [0.08709067527145503, 0.12628044798320534, 0.7460623744084831, 0.04056650223685645], [0.13870994288651417, 0.2106426961988193, 0.21696172778833855, 0.43368563302632795], [0.08229417392993321, 0.09959898034688033, 0.7658033310099188, 0.0523035146132676], [0.11105960440235625, 0.7535223666298707, 0.09044146124906462, 0.044976567618708434], [0.10879996514424674, 0.7436533126294043, 0.07015256164847265, 0.07739416047787628], [0.5834488694248617, 0.2522960229771558, 0.08703940101470183, 0.07721570648328067], [0.5710253714944111, 0.2449243366473368, 0.09070888160752152, 0.09334141015073055], [0.6032890125750885, 0.13245003022754429, 0.18365115062286128, 0.08060980647450595], [0.6123968270941592, 0.11562785332793267, 0.07076807213957624, 0.20120724733833184], [0.6688149570749947, 0.12261946498121493, 0.10317490993898518, 0.10539066790480517], [0.5994825228564912, 0.12540535347238763, 0.08093390432083615, 0.19417821925028508]], "ideal": "B", "sampled": "D", "correct": false}}
{"type": "result", "data": {"idx": 10, "options": ["It hasn't", "Doubled", "Tripled", "Quadrupled"], "probs": [[0.10917099333169171, 0.35856136450507564, 0.26738739600600625, 0.2648802460572264], [0.09669074271113241, 0.3924863279592952, 0.3558775431176156, 0.15494538611195674], [0.10709815178092442, 0.6131130545472112, 0.13073228269241438, 0.14905651087945], [0.09743506387812782, 0.5408421714000312, 0.23127302352803114, 0.13044974109380986], [0.095321649233728, 0.7233162033328728, 0.07392976542463349, 0.10743238190876567], [0.08880104339420636, 0.6954294027926838, 0.11005300371422518, 0.10571654999888462], [0.23490903479220898, 0.14265773124036346, 0.3005095213502997, 0.32192371251712787], [0.21229210810165763, 0.1461449436122802, 0.39854512208507253, 0.2430178261009896], [0.27448351415408423, 0.3063307243129078, 0.07949941214866527, 0.3396863492843427], [0.21557486697588912, 0.2817385876415142, 0.4377961884834524, 0.06489035679914418], [0.23211647221931547, 0.4374933177168774, 0.07499360925708885, 0.25539660070671827], [0.24261825101767587, 0.47226888475082934, 0.21493901421506165, 0.0701738499164331], [0.34079796513502475, 0.1479034313483578, 0.30903408605986354, 0.20226451735675394], [0.2749638639104735, 0.1352447311517872, 0.32275373702260124, 0.26703766781513805], [0.39232532120091507, 0.19728604418299914, 0.0897922245431636, 0.3205964099729222], [0.2976590350321443, 0.1970480352882981, 0.43501293006640296, 0.07027999951315461], [0.31677119504750667, 0.3591750103244869, 0.07310272425713008, 0.2509510702708764], [0.3588674045262822, 0.44014408225091917, 0.11498760147843841, 0.08600091164436025], [0.37417724532448005, 0.14555695245873848, 0.25810452235922965, 0.22216127975755184], [0.35768614281672084, 0.12670593340041575, 0.2731162986814938, 0.24249162500136967], [0.4100791070229675, 0.23187025752841814, 0.10308394964066281, 0.2549666857079515], [0.41614094562192366, 0.2212367803297906, 0.27390239783527076, 0.08871987611301495], [0.3566762341454174, 0.23952939506197024, 0.0785167022908455, 0.32527766840176686], [0.426591369665159, 0.2650853116924122, 0.20528304727768737, 0.10304027126474148]], "ideal": "C", "sampled": "D", "correct": false}}
{"type": "result", "data": {"idx": 11, "options": ["They both require research monitoring.", "They both deal with acute risks.", "New organizational practices are developed as a result of each.", "Both have the potential to damage an organisation's reputation."], "probs": [[0.2269444384033364, 0.39646653518486663, 0.19063601464022237, 0.18595301167157463], [0.18481409960956696, 0.24734847797994003, 0.10026597454735768, 0.4675714477631353], [0.18785852842276868, 0.43843833627913414, 0.23896587314454776, 0.1347372620535494], [0.15638900592600513, 0.31177683267857437, 0.13037019383928952, 0.40146396745613094], [0.16690083839115905, 0.2204021447556707, 0.32695316290705695, 0.28574385384611334], [0.14699916321060572, 0.22154289151683984, 0.2901145474305529, 0.3413433977420015], [0.2352318237555777, 0.32762924809843025, 0.2723433158227647, 0.1647956122232273], [0.19576567523773689, 0.188675463742746, 0.10054148811554108, 0.5150173728039761], [0.25504682225558245, 0.4522176221221754, 0.1339606682512513, 0.15877488727099082], [0.227254753063778, 0.3088480691817872, 0.13427441710644436, 0.32962276054799045], [0.2296482725054573, 0.2160501874491673, 0.1197355293989637, 0.4345660105464117], [0.20134593544377075, 0.23981855807290384, 0.26435253021457733, 0.29448297616874813], [0.2627563139122778, 0.3034146084569277, 0.2949157312975097, 0.1389133462332848], [0.25563926263992426, 0.2349642733983953, 0.12413411211125812, 0.3852623517504223], [0.41742283723684487, 0.29418465930537013, 0.13926197794567655, 0.14913052541210842], [0.30212106397346217, 0.26919927388124, 0.13467195227373133, 0.2940077097715665], [0.27783465589661616, 0.23974856910504935, 0.11006652644715635, 0.37235024845117815], [0.20549312538078554, 0.24884064863876562, 0.2964708550942134, 0.24919537078623546], [0.1364405344719504, 0.205919882810978, 0.3713673463499917, 0.28627223626707987], [0.13496881923173457, 0.23413928199660777, 0.29721174083973745, 0.33368015783192023], [0.14795018731068257, 0.36457866426636804, 0.13878546653790216, 0.3486856817850472], [0.1452884630627641, 0.39055697942175055, 0.19543423664301618, 0.26872032077246916], [0.1313999871569604, 0.48993983129817603, 0.1261424552352878, 0.25251772620957574], [0.13180651162160165, 0.4410146009783388, 0.1962978153121218, 0.2308810719879378]], "ideal": "B", "sampled": "C", "correct": false}}
{"type": "result", "data": {"idx": 12, "options": ["1917", "1922", "1925", "1927"], "probs": [[0.18954804820233603, 0.4530988700696554, 0.24110316096969164, 0.11624992065831692], [0.19049871320615308, 0.3954748573220757, 0.2639877936583345, 0.15003863571343667], [0.19647988089504367, 0.4309813847414399, 0.2877596828721391, 0.08477905139137737], [0.17421497080919493, 0.39745774546105506, 0.35433858025291093, 0.07398870337683909], [0.17394932843570884, 0.6967457428362739, 0.07180026810940934, 0.057504660518607975], [0.17569783328206706, 0.6818768381390572, 0.08744754641373678, 0.05497778206513897], [0.6677849242333488, 0.1136403149726572, 0.14748525508146906, 0.07108950561252494], [0.6269985928133552, 0.11357102017782907, 0.17099661702480665, 0.08843376988400901], [0.6094727697201884, 0.23919758911117836, 0.06404043924288616, 0.08728920182574713], [0.5488488077568522, 0.23112910983635365, 0.1426767706728356, 0.07734531163395858], [0.5349543608620452, 0.31277885048509757, 0.06269819984800429, 0.08956858870485293], [0.45200664305644656, 0.2685287326513899, 0.22144255287343023, 0.058022071318733305], [0.7026419763773047, 0.09989067986341693, 0.11529951513377458, 0.08216782852550376], [0.6652973641796687, 0.10553607695477556, 0.15889562072894897, 0.07027093803660683], [0.6783195798735332, 0.16527582900513338, 0.061494669716660684, 0.09490992130467271], [0.6483488847353988, 0.17626809041628605, 0.11776591398268992, 0.057617110765625264], [0.6078478391681057, 0.29460193150459585, 0.042249756113114566, 0.05530047311418388], [0.574861596744048, 0.2989608402802759, 0.07005971799946553, 0.05611784487621047], [0.8116429045572757, 0.07167237860295014, 0.05777800862407218, 0.058906708115702], [0.7932337881357837, 0.07633102456965599, 0.07420400308212667, 0.05623118411243365], [0.7837709175585924, 0.09025107250585701, 0.051205609078473005, 0.07477240075707756], [0.7786231259144781, 0.09179254175809369, 0.07815669842759117, 0.05142763379983701], [0.7853089705543361, 0.11976837735993574, 0.042223170602492414, 0.05269948138323573], [0.7704744618538717, 0.12216007207691669, 0.05527085956386059, 0.05209460640535103]], "ideal": "B", "sampled": "D", "correct": false}}
{"type": "result", "data": {"idx": 13, "options": ["270", "600", "2,800", "5,200"], "probs": [[0.23186342415875183, 0.4105708896703229, 0.18608158824967186, 0.17148409782125337], [0.28248200659555656, 0.48488403806856384, 0.06605738597618742, 0.16657656925969216], [0.2512632756421074, 0.1444058332056936, 0.4776132119646958, 0.1267176790875032], [0.29610039898473184, 0.14417212770414684, 0.21465065433469704, 0.3450768188764243], [0.24328659472416836, 0.07972091435588899, 0.5129462480032098, 0.16404624281673288], [0.327362100072612, 0.0923042324779782, 0.32017217037373336, 0.2601614969756764], [0.16318456309502033, 0.657033720966065, 0.07821123022317968, 0.10157048561573497], [0.15872032524905022, 0.7136364392391905, 0.035508508795824886, 0.09213472661593441], [0.19162082036698633, 0.29715923800294863, 0.36947806337408223, 0.1417418781559828], [0.193605253271613, 0.2954251975889063, 0.23889318884328659, 0.27207636019619413], [0.18974318880693622, 0.08113412357209733, 0.5735294010793182, 0.1555932864416483], [0.2198946806552856, 0.083462612076141, 0.2961468740427414, 0.4004958331258319], [0.09025897359084896, 0.6644104371980531, 0.1702667236763809, 0.07506386543471703], [0.07941306736627624, 0.6520110659548286, 0.05141275605400269, 0.21716311052489243], [0.08041559185038193, 0.4227141955625719, 0.4294470164244761, 0.06742319606257013], [0.10368578212182325, 0.5153655447695287, 0.059554048320313746, 0.3213946246883343], [0.09382407576004373, 0.1048838296029252, 0.6355784080788839, 0.1657136864581472], [0.12165538311021441, 0.17180787153170932, 0.40063840445325616, 0.3058983408048201], [0.08427450365533949, 0.5914764095226412, 0.1504983972347622, 0.17375068948725708], [0.08754345773775139, 0.5773202180285106, 0.17714029548780966, 0.1579960286459283], [0.07810723152135406, 0.3978042363395485, 0.4044650852941091, 0.11962344674498837], [0.09448491147434444, 0.41804191643008504, 0.2716968175104409, 0.21577635448512963], [0.07907520154033489, 0.3934939986899691, 0.40631856252317583, 0.12111223714652015], [0.09125969490047871, 0.36764660200043714, 0.2732008078927722, 0.2678928951063119]], "ideal": "C", "sampled": "A", "correct": false}}
{"type": "result", "data": {"idx": 14, "options": ["Enabling", "Functional", "Normative", "Diffused"], "probs": [[0.3864851410743091, 0.3846895510971173, 0.08468599869018315, 0.14413930903839045], [0.4010708853799742, 0.4217529532126075, 0.046311518897971575, 0.1308646424094467], [0.34675400929032213, 0.12597352077336738, 0.3673147504064477, 0.15995771942986284], [0.39822980164137073, 0.15341259308990646, 0.07063853634726132, 0.3777190688214615], [0.3115043821804013, 0.09323953488879566, 0.4741357089799472, 0.12112037385085583], [0.3988228172454367, 0.12059424007708766, 0.08401026012584635, 0.39657268245162924], [0.46153740350990247, 0.246936222627793, 0.10420902429190433, 0.1873173494704002], [0.49046601264930684, 0.274996901275753, 0.06709115806366067, 0.16744592791127946], [0.5261000951144003, 0.1084371722497598, 0.1273969253219156, 0.23806580721392429], [0.6443697405519364, 0.11904502268569392, 0.07838912541050003, 0.15819611125186958], [0.5680145193966799, 0.12652236599021635, 0.10546484902831815, 0.19999826548478553], [0.6445338341227065, 0.1328220437142323, 0.06925521377495499, 0.1533889082881062], [0.13191959457150546, 0.33210018768715116, 0.4505479104448011, 0.08543230719654234], [0.13901247859543409, 0.35412087031568285, 0.050896904476312226, 0.4559697465125708], [0.16102459254850685, 0.705538006303895, 0.04988922401268588, 0.08354817703491224], [0.13785525898271495, 0.7646131372318021, 0.022572207773227406, 0.0749593959122555], [0.14522268742198016, 0.09342089851285006, 0.23349711198242717, 0.5278593019827426], [0.12749462653567203, 0.08698992721664124, 0.7211870770306203, 0.06432836911706638], [0.1213536969109327, 0.359625379992088, 0.42046077308207574, 0.09856014991490356], [0.15149907314755262, 0.38562967220176364, 0.0739117391657905, 0.3889595153848932], [0.14257139178536254, 0.7131905065239126, 0.04774726252893859, 0.09649083906178624], [0.1498542107513567, 0.7325968632472569, 0.03479156590960848, 0.08275735999177791], [0.15522480458686774, 0.12137068738069239, 0.24908207174329633, 0.47432243618914355], [0.1451650795293768, 0.12413723760419905, 0.6521993071499526, 0.0784983756164716]], "ideal": "C", "sampled": "B", "correct": false}}
{"type": "result", "data": {"idx": 15, "options": ["Audiences are more vulnerable and passive than ever before.", "Television viewing, in particular, creates increased activity in the right hemisphere of the brain.", "Active receivers are not uniformly affected by mass communication messages.", "Technology has led to increasingly passive recipients at the ends of message transmission systems."], "probs": [[0.015510582702607544, 0.019907771778892518, 0.9490198725725384, 0.015561772845961507], [0.01693787214995863, 0.02518685034928011, 0.006379331133956386, 0.9514959462668049], [0.022217577797394892, 0.9563570020919598, 0.004430277927495243, 0.01699514208315], [0.019636943370210453, 0.9561313425960591, 0.004027995546865446, 0.020203718386864893], [0.0215957492175018, 0.03158970434647949, 0.01117102667980872, 0.93564351965621], [0.014150206806570373, 0.0234333520036337, 0.9458474407257933, 0.01656900036400267], [0.020017273069588563, 0.014371509193865628, 0.9491608428558848, 0.016450374780660994], [0.02533972121657233, 0.018413441579675546, 0.006599751417233268, 0.9496470856865189], [0.01636903130887372, 0.9649646120790518, 0.003647505259754891, 0.015018851252319524], [0.016374528928724503, 0.9655283996515673, 0.003858791554113176, 0.014238279765594991], [0.02587927701699921, 0.033774425770007464, 0.006810188761097362, 0.9335361083518959], [0.02079144756630666, 0.02918539788805317, 0.9346675980447375, 0.015355556400902616], [0.9546843605833363, 0.01670105272583507, 0.006218849964491934, 0.022395736626336697], [0.9584808337692052, 0.015035627387429494, 0.006632142279578563, 0.019851396463786728], [0.9587683920015412, 0.01799120911326433, 0.004999286000985736, 0.01824111278420871], [0.958204059897685, 0.018268257930648367, 0.0059730426347651844, 0.01755463943690142], [0.9542954555411327, 0.02812578547745848, 0.004388103640763871, 0.013190655240644894], [0.9477880198727012, 0.033944864533948384, 0.005265568027188903, 0.013001547466161462], [0.025072269162517185, 0.028615238168782274, 0.00851846207641419, 0.9377940304922864], [0.0192258754509612, 0.02177550890569309, 0.9433651829135254, 0.015633432629820285], [0.025246322217851523, 0.03535922886399561, 0.005752645871694457, 0.9336418029464584], [0.021454851004473387, 0.028952559314278543, 0.935380574600008, 0.014212014981240024], [0.024674645759837337, 0.9536102826152788, 0.003931380512553328, 0.017783691012330467], [0.028045383231050127, 0.9527777099688837, 0.004587691582244789, 0.014589215117821403]], "ideal": "C", "sampled": "C", "correct": true}}
{"type": "result", "data": {"idx": 16, "options": ["A politician", "A house of worship", "A government institution", "A publicly-traded company"], "probs": [[0.20627363331451049, 0.3831752893418646, 0.1269339043808291, 0.28361717286279575], [0.20151553595623892, 0.4111877289482798, 0.1078113367789907, 0.27948539821649054], [0.21313054320158564, 0.4019872129449837, 0.13643417370895933, 0.24844807004447136], [0.19926320311316803, 0.44985944698513286, 0.10738514522708201, 0.2434922045746171], [0.2059005139293849, 0.3272352716823432, 0.1921992542492101, 0.2746649600390618], [0.2015619784857526, 0.3462591572134883, 0.16842081152962698, 0.283758052671132], [0.34195467061956486, 0.11903827370172347, 0.13361662326273888, 0.40539043231597277], [0.37389157527411176, 0.12620821029735207, 0.21130163020904494, 0.2885985841194912], [0.35571414228696885, 0.24825374779602882, 0.0829951912081693, 0.31303691860883304], [0.3551496002356504, 0.2832719770333038, 0.15017484498199773, 0.21140357764904807], [0.42917183037280854, 0.23510007557902143, 0.09191051124607323, 0.24381758270209683], [0.41449552770284365, 0.2253369539750783, 0.1407599449016955, 0.21940757332038255], [0.3387156078072088, 0.14676515537872792, 0.16867488369633493, 0.3458443530177284], [0.35438480969699865, 0.15602096913684846, 0.20332941410892427, 0.2862648069572286], [0.368995826036309, 0.24187623190596677, 0.08883278352751003, 0.3002951584302142], [0.37089128620679873, 0.2609546365646251, 0.1473346137554558, 0.22081946337312036], [0.39870221012870316, 0.21834104086273579, 0.10545125759755948, 0.27750549131100155], [0.389063059429889, 0.2115109720250284, 0.18363138909525598, 0.21579457934982663], [0.3106442782164195, 0.12367177376916409, 0.287644454439857, 0.2780394934745594], [0.2985823109658649, 0.1274505089475838, 0.19116469930935526, 0.382802480677196], [0.317259506077951, 0.3250868174814869, 0.07824970431217197, 0.2794039720283901], [0.3091052334101488, 0.33204917612111756, 0.1436203802850103, 0.21522521008372333], [0.3045822977715132, 0.29769155380133133, 0.08184924720899342, 0.3158769011181621], [0.3045299305532337, 0.31454908375948687, 0.17069592815873846, 0.21022505742854097]], "ideal": "C", "sampled": "B", "correct": false}}
