{"type": "result", "data": {"idx": 0, "options": ["5 permanent members with veto power, 10 rotating members with no veto power", "5 permanent members and 10 rotating members, all with veto power", "10 permanent members with veto power, and 5 rotating members without veto power", "15 permanent members with veto power"], "probs": [[0.7488659368459297, 0.1542841889236151, 0.05928052762480062, 0.037569346505654556], [0.5962238577704189, 0.23307482447714112, 0.043653788129514585, 0.12704752952292542], [0.8445950714228041, 0.07663021952402872, 0.055006321309198115, 0.023768387643969], [0.7852477156245934, 0.09508417935436062, 0.03149016702751267, 0.08817793789353337], [0.6820926360658504, 0.09368990686985161, 0.12271607862454996, 0.1015013783397481], [0.679246946820188, 0.08762528550586146, 0.13208451570550833, 0.10104325186844218], [0.16299093284103153, 0.7912703406235478, 0.02983277198962027, 0.015905954445800338], [0.16433874168913956, 0.7608949725530751, 0.02219261841347922, 0.05257366724430611], [0.14772402876756024, 0.11898961080645366, 0.7103925293087118, 0.022893831017274352], [0.36902803591332617, 0.27391025727383067, 0.059937794425355045, 0.29712391228748813], [0.10077177249900005, 0.061314986748840644, 0.7998383849017254, 0.038074855750433824], [0.2541408931262303, 0.09501814450186052, 0.3384638852460432, 0.312377077025866], [0.330712169375727, 0.5713049172783797, 0.05723118036413086, 0.040751732881762384], [0.30562289635394824, 0.5617714952332828, 0.03334698726359364, 0.09925862104917534], [0.26106148663836615, 0.16362304801023989, 0.5396341620631956, 0.03568130318819835], [0.42550186111065497, 0.3207441329773916, 0.05552784828897073, 0.1982261575229827], [0.3741773478067463, 0.13555710420317202, 0.37041227129606524, 0.11985327659401643], [0.43334371890218143, 0.12217875767713486, 0.14110968374794688, 0.30336783957273683], [0.20911111870303803, 0.5778891701964939, 0.11701997146419595, 0.09597973953627213], [0.22409682962821226, 0.6286652543065431, 0.06971277140025807, 0.07752514456498653], [0.14601954544329118, 0.18217612461831095, 0.6203773501569783, 0.051426979681419654], [0.31319126016955, 0.3228970121582756, 0.1877706022705032, 0.1761411253016712], [0.38509072303984326, 0.22980625291129095, 0.2618050970547765, 0.12329792689408926], [0.38927062761957976, 0.2433176898218607, 0.16803762064627853, 0.19937406181228104]], "ideal": "A", "sampled": "A", "correct": true}}
{"type": "result", "data": {"idx": 1, "options": ["It allowed the US to intensify its involvement in Vietnam", "It illustrated the influence of public opinion on US foreign policy", "It enhanced Congressional control over the Vietnam War", "It curtailed US involvement in Vietnam"], "probs": [[0.8337912651858921, 0.05540926443316196, 0.03125526045608066, 0.07954420982486524], [0.8609589340133538, 0.04857915677123354, 0.01855585409782303, 0.07190605501758966], [0.8610142837410851, 0.04422164897382966, 0.023435677472059407, 0.07132838971302574], [0.8990549163272136, 0.0401294373152683, 0.02161023010268904, 0.039205416154829094], [0.8362957347355259, 0.04576436116899098, 0.024631342237995957, 0.09330856175748718], [0.8442646921606256, 0.05032908969765329, 0.04224223375599122, 0.06316398428572984], [0.17501158381784557, 0.7463568140691842, 0.028695250178255464, 0.04993635183471477], [0.19687378917944331, 0.7464423969576494, 0.01688784032226187, 0.03979597344064544], [0.19484250826205984, 0.11089911641260984, 0.6295390912123534, 0.06471928401297695], [0.13610613091221369, 0.0770288318872009, 0.041969414014467306, 0.7448956230861181], [0.14772609094880101, 0.08284612122610435, 0.7054403528676364, 0.06398743485745821], [0.15786589680523544, 0.05818157642497942, 0.10696577279690153, 0.6769867538728835], [0.09436821514758557, 0.8276763783606353, 0.02436298767846137, 0.05359241871331768], [0.1017281504535896, 0.8508550666496449, 0.018631449279715818, 0.028785333517049625], [0.12098846087559749, 0.14808162438544295, 0.6755689701088021, 0.05536094453015747], [0.08774196764237914, 0.0898876827999321, 0.030441782920454147, 0.7919285665372346], [0.1050925948758964, 0.061292381458390444, 0.7976129232505962, 0.03600210031511701], [0.11157774303755942, 0.05748016078359452, 0.07104193497903194, 0.7599001610998142], [0.08264696366313559, 0.8274674183569185, 0.02271125960743391, 0.06717435827251193], [0.08744448556994569, 0.8477852004298674, 0.022042354921072305, 0.0427279589791146], [0.08203748368284834, 0.06740068442741502, 0.7924674512408217, 0.05809438054891488], [0.08758562149828844, 0.065732697708836, 0.2126016160184916, 0.6340800646743839], [0.09871657385156113, 0.0598242510148523, 0.790305033788867, 0.051154141244719634], [0.12062565352023702, 0.07796532998380257, 0.11620156604818557, 0.6852074503477749]], "ideal": "A", "sampled": "A", "correct": true}}
{"type": "result", "data": {"idx": 2, "options": ["Terrorists", "Organized crime", "Drug traffickers", "China"], "probs": [[0.12172222498994449, 0.07791063420919209, 0.03498840435954936, 0.765378736341314], [0.09721376311341405, 0.20820399186001406, 0.6094009603218361, 0.08518128460473573], [0.129286871310708, 0.05181041397985091, 0.05530951212769121, 0.7635932024817499], [0.11946118743843069, 0.06525239007441302, 0.732398888940943, 0.08288753344621337], [0.13503464451417124, 0.626334758353121, 0.10084047461750875, 0.13779012241519897], [0.15770795822274178, 0.6159368706926418, 0.08753701233333414, 0.1388181586512823], [0.14665521078875637, 0.06351144350941944, 0.048860857118736854, 0.7409724884830873], [0.13446367286528366, 0.09872814634677489, 0.6772079719375859, 0.08960020875035561], [0.11987373917942815, 0.04881932258584242, 0.0764693566467571, 0.7548375814879723], [0.11041145354631467, 0.05894861545416166, 0.7624833810307059, 0.06815654986881776], [0.12784546421910195, 0.6773730414819894, 0.10240305061503849, 0.09237844358387017], [0.13714807713343832, 0.7159840197151164, 0.06406691431109263, 0.08280098874035269], [0.09165394851566426, 0.0479223756695971, 0.03806531655797085, 0.8223583591567678], [0.10117237816741585, 0.08772886471608068, 0.7513969436098124, 0.059701813406691166], [0.0808410737025603, 0.053399105813209766, 0.03746969708730415, 0.8282901232969258], [0.07872401980807933, 0.09850692076373684, 0.7631189283197859, 0.05965013100839794], [0.09590044825866434, 0.7775974434434059, 0.06802063054540987, 0.05848147765251988], [0.09379999513358642, 0.8038091808463216, 0.04292609622135085, 0.05946472769874109], [0.5909336032594309, 0.17113495851429725, 0.10504217131749885, 0.132889266808773], [0.6262128165866722, 0.16640084484341164, 0.0915677967108772, 0.11581854175903904], [0.6131938880162303, 0.18749064438095497, 0.0868259386524647, 0.11248952885035002], [0.6221323429855776, 0.1962160152443541, 0.0777580864636535, 0.10389355520641477], [0.6364285945255905, 0.15639393030033197, 0.08278785645133883, 0.12438961862273865], [0.6681327720907345, 0.14830532283382644, 0.0692787668992417, 0.11428313807619735]], "ideal": "D", "sampled": "D", "correct": true}}
{"type": "result", "data": {"idx": 3, "options": ["Richard Nixon", "George H. W. Bush", "Jimmy Carter", "Ronald Reagan"], "probs": [[0.8669495822499789, 0.03698467311328574, 0.029267738302309918, 0.06679800623442544], [0.8697910997826221, 0.03624783619189828, 0.031011946568199833, 0.06294911735727975], [0.8619655321684238, 0.04430915762613285, 0.023026259485045462, 0.07069905062039797], [0.8531283727573601, 0.04780421812249951, 0.03583959608556931, 0.06322781293457111], [0.8716759648357524, 0.03464977057434658, 0.021037347534291206, 0.07263691695560981], [0.8721081316233273, 0.036323849112239064, 0.02989455937257834, 0.06167345979185522], [0.0804371169161611, 0.8249869407259982, 0.043786969357723526, 0.05078897290011715], [0.09555834922409324, 0.7994652717287001, 0.03660349324962444, 0.06837288569758226], [0.07271847819019489, 0.10247407031171431, 0.7750601709972109, 0.04974728040087985], [0.06855699700223898, 0.06358317545692672, 0.05727054040297344, 0.8105892870378608], [0.06184370208308886, 0.05899967757021749, 0.8276715462796823, 0.05148507396701128], [0.06947152393516044, 0.05019870083499175, 0.0972218300739516, 0.7831079450558962], [0.12394698193821212, 0.7687929415081723, 0.035491672070717954, 0.07176840438289755], [0.13866170420825474, 0.7585032352811886, 0.04223662073888737, 0.0605984396716693], [0.10094518401479793, 0.04798483937470657, 0.7973439245124015, 0.05372605199809396], [0.08992811249970038, 0.037905766796334006, 0.11433144807030017, 0.7578346725336654], [0.10739892384911362, 0.07835916385873831, 0.7529095249296429, 0.061332387262505166], [0.11660372775358209, 0.05783228360162951, 0.03690241884434677, 0.7886615697004417], [0.07254669625396175, 0.8156620646583672, 0.030731293499678406, 0.08105994548799263], [0.07303984891431498, 0.8141362675533863, 0.05172676958615875, 0.06109711384613997], [0.0752465830210318, 0.046624800233622, 0.8130969737553608, 0.0650316428899854], [0.07660249448690098, 0.043766557187683165, 0.13635997168041686, 0.743270976544999], [0.08621088196098557, 0.15678743754389934, 0.6902274313369725, 0.06677424905814257], [0.08094960429004404, 0.0970275488721453, 0.0370037961270578, 0.7850190506107528]], "ideal": "A", "sampled": "A", "correct": true}}
{"type": "result", "data": {"idx": 4, "options": ["on nuclear weapons signed between the United States and the Soviet Union.", "cutting conventional arms in Europe.", "to be rejected by the U.S. Senate.", "mandating the elimination of many long-range nuclear missiles."], "probs": [[0.24946619292142158, 0.09349150293004438, 0.019617164979678657, 0.6374251390688553], [0.2589425184906242, 0.1316479613000823, 0.5348112662318678, 0.07459825387742569], [0.31057292914055545, 0.06946075117178237, 0.02146903473227435, 0.5984972848553878], [0.33278750998044115, 0.06695714517433642, 0.5466780600893909, 0.05357728465583154], [0.5244519876083871, 0.36054102724388437, 0.026755421335633363, 0.08825156371209512], [0.6269534755584222, 0.3109738791686696, 0.017826966740342082, 0.044245678432566125], [0.0621447325122626, 0.44024141593528354, 0.014991060480115781, 0.48262279097233807], [0.07840175955108247, 0.7383734610622856, 0.1297695641453791, 0.05345521514125275], [0.0688103650451154, 0.03203935846732524, 0.578840428797426, 0.3203098475901333], [0.06629106549906323, 0.0325451575010915, 0.5194468613815955, 0.38171691551824977], [0.06339916397297692, 0.6989302426196496, 0.20245020976276637, 0.035220383544607055], [0.04735315085791141, 0.561637624251252, 0.011828267615178526, 0.37918095717565814], [0.0605930184711167, 0.5091000965544389, 0.022899766286772438, 0.40740711858767203], [0.062750435424275, 0.7473831660688107, 0.15688776734559798, 0.03297863106131633], [0.06499439622544384, 0.0475040163239424, 0.5963956250338419, 0.2911059623167718], [0.05982889568741402, 0.042344352729725164, 0.5844292370630443, 0.3133975144198165], [0.060413552841880144, 0.7260751547702441, 0.1869518413387037, 0.026559450949172], [0.06606460934793326, 0.6039173444970224, 0.01826907273987712, 0.3117489733151672], [0.47222051635420226, 0.41777980868151277, 0.030961493430786247, 0.07903818143349875], [0.5269843964887055, 0.4083952032090352, 0.023171940945595108, 0.04144845925666416], [0.42701123433048793, 0.14300671644588905, 0.36226160410183833, 0.06772044502178469], [0.37412091544670345, 0.09626917422609904, 0.017846125408366848, 0.5117637848188307], [0.5972866922423986, 0.05696252648018605, 0.3018631591813426, 0.043887621996072726], [0.37412860444637996, 0.06930371825007614, 0.020313415135962815, 0.5362542620675811]], "ideal": "D", "sampled": "D", "correct": true}}
{"type": "result", "data": {"idx": 5, "options": ["It ended the influence of American exceptionalism entirely", "Exceptionalism was enhanced by America's status as the 'leader of the free world'", "The extension of American power globally challenged core assumptions of exceptionalism", "Both b and c"], "probs": [[0.05495647086754469, 0.3234586706546147, 0.03734222387973583, 0.5842426344981048], [0.08289641639070003, 0.683988848737361, 0.10875147255908305, 0.12436326221285593], [0.06641288697622687, 0.07773513917439609, 0.20745090674506814, 0.6484010670043089], [0.10932090050884946, 0.21078638573277358, 0.3393686388140651, 0.34052407484431185], [0.08286115217642558, 0.2461219636059313, 0.572625258037359, 0.09839162608028411], [0.07808117800412122, 0.2254120774464524, 0.13977633831820865, 0.5567304061312177], [0.4952795876854036, 0.04979141502763734, 0.03777974527368262, 0.41714925191327645], [0.5959840349705874, 0.06221150909250787, 0.09956784434103859, 0.24223661149586617], [0.6756720399259004, 0.07324433072072199, 0.012748003859526917, 0.23833562539385067], [0.4859628479113344, 0.08455561793578349, 0.35695064009477295, 0.07253089395810917], [0.7062183604684972, 0.11545418925275544, 0.017568776349514734, 0.16075867382923265], [0.7563224518621898, 0.12575262924239874, 0.04689503140533814, 0.07102988739007327], [0.08960356195254453, 0.03456907204841171, 0.6152832255339925, 0.2605441403650512], [0.13793520371102286, 0.03824836316604712, 0.13111802690062743, 0.6926984061223026], [0.09520229057614246, 0.6989438611197079, 0.01799754445817141, 0.18785630374597825], [0.12446308323406417, 0.5902904007608805, 0.21497399141841173, 0.0702725244866436], [0.11305050516698874, 0.12676261980641176, 0.019426599666798217, 0.7407602752598013], [0.15326769933933113, 0.23067190180408753, 0.557162473987252, 0.05889792476932926], [0.341097414459451, 0.13088282941463084, 0.3875060677140875, 0.1405136883118306], [0.3010851048359636, 0.11272481093563387, 0.30626552367418325, 0.27992456045421926], [0.36308900194502775, 0.31193221193286663, 0.03217433080080145, 0.29280445522130416], [0.400079297977038, 0.3613748442355568, 0.1602494668725975, 0.07829639081480771], [0.2502172682265042, 0.16620763263707877, 0.02514303569032039, 0.5584320633460966], [0.4741243845457511, 0.31120386518738774, 0.147879524324607, 0.06679222584225417]], "ideal": "D", "sampled": "B", "correct": false}}
{"type": "result", "data": {"idx": 6, "options": ["He believed that internal reform rather than international negotiation was the key to economic regeneration of the US", "He believed that German domination of Europe would be in US interests", "He always favoured isolationism", "All of the above"], "probs": [[0.6087924332128003, 0.08379361902521983, 0.07594075166331413, 0.23147319599866578], [0.6315909764639724, 0.07536095548474334, 0.1786627511202565, 0.11438531683102769], [0.603566423836213, 0.13461713842565703, 0.033966590601408296, 0.22784984703672168], [0.5785883413325328, 0.1404000604250734, 0.20729207735921734, 0.07371952078317642], [0.709616272847095, 0.1344756986037749, 0.033603263529888794, 0.12230476491924122], [0.667252222612764, 0.16256083061974363, 0.08338282753042538, 0.08680411913706704], [0.042345895315496276, 0.8551211301762787, 0.02096876634622422, 0.0815642080620008], [0.051911579266677534, 0.872824581025759, 0.04073835216306261, 0.03452548744450085], [0.054839940916476065, 0.08555378337666865, 0.7704414415498564, 0.08916483405699893], [0.10894905774695955, 0.09844268112390284, 0.12950593231813462, 0.6631023287110029], [0.0984075903556822, 0.19140132054860665, 0.6778137188146262, 0.03237737018108501], [0.14410238275632023, 0.16561572384837406, 0.09352608002690847, 0.5967558132683972], [0.08117035408485877, 0.7594845647855468, 0.0224936894348536, 0.13685139159474083], [0.1559323011283765, 0.6593638399950416, 0.15454474975590257, 0.03015910902067936], [0.059579507620253463, 0.039993670578654036, 0.8043639808901695, 0.09606284081092305], [0.1257878183819054, 0.05713466586181877, 0.1469774946146719, 0.6701000210416039], [0.1526608779190266, 0.26347917561093426, 0.5561696342211012, 0.02769031214893786], [0.20531950163723348, 0.2627124585959034, 0.07874655271080021, 0.4532214869560629], [0.38018287144967616, 0.5138895039502053, 0.025097130471682744, 0.08083049402843577], [0.4165779289696584, 0.47780161379265657, 0.04935209006543031, 0.05626836707225475], [0.20895251240442847, 0.2032139710280119, 0.5451406138377765, 0.04269290262978322], [0.31001743902159073, 0.16644983115953044, 0.10321331845095763, 0.42031941126792116], [0.22357439326272652, 0.2008623122711094, 0.5388789611850041, 0.036684333181159934], [0.2664572735251828, 0.15463770240834657, 0.07760090784851323, 0.5013041161179574]], "ideal": "A", "sampled": "A", "correct": true}}
{"type": "result", "data": {"idx": 7, "options": ["A strand of neo-isolationist sentiment", "A strand of internationalist sentiment", "An expression of American cultural superiority", "Increased incorporation of public opinion in foreign policy making"], "probs": [[0.2614609657293083, 0.36613486031808257, 0.023392268045714783, 0.3490119058068943], [0.23633829630646022, 0.1969441570941516, 0.526669846099516, 0.040047700399872196], [0.23033478682170594, 0.0905288823564057, 0.4093427925196521, 0.2697935382022362], [0.16886885104740515, 0.0827900897264452, 0.6373783180702486, 0.110962741055901], [0.23408652308832123, 0.6391827129343596, 0.08150971269018512, 0.04522105118713405], [0.17874231075217528, 0.6931247359740699, 0.02405189248862617, 0.10408106068512861], [0.38811665135124807, 0.16022360321174917, 0.021854536432958902, 0.4298052089040439], [0.2847484270361928, 0.08739954733162106, 0.5966824125828774, 0.031169612949308752], [0.38558563011626523, 0.15195487211682462, 0.11711540642527707, 0.34534409124163307], [0.17543455642876302, 0.1046828921194449, 0.6581795656292301, 0.061702985722561984], [0.3243325436920731, 0.5801698716194007, 0.05812488274765723, 0.03737270184086895], [0.33176669845876955, 0.5698424044781574, 0.02462333840582161, 0.07376755855725144], [0.08959106955764558, 0.20772686501408907, 0.3930541540102057, 0.3096279113180596], [0.07163539156680009, 0.09801973167674634, 0.7759761022136937, 0.05436877444275987], [0.0818884185718851, 0.572575713900993, 0.069272916128544, 0.27626295129857786], [0.06451161709857027, 0.2556843364100648, 0.6348871351558194, 0.04491691123554542], [0.04273367640892239, 0.8795849614486803, 0.022820230401109767, 0.054861131641287614], [0.0653656917781485, 0.8221652766097789, 0.0650498020749763, 0.047419229437096325], [0.7953791765702706, 0.0972307416928697, 0.0784281804786459, 0.02896190115821386], [0.8143162377681737, 0.08101834008885275, 0.01669478158489564, 0.0879706404580779], [0.7328080129250323, 0.15480964287933655, 0.0722683686909774, 0.0401139754046538], [0.7988233774671437, 0.11759592767095658, 0.026571265063659425, 0.057009429698240306], [0.774849545503402, 0.053528063791526005, 0.034360461445597894, 0.13726192915947408], [0.6172432392987599, 0.0689107719142482, 0.23571730706055372, 0.07812868162643817]], "ideal": "A", "sampled": "D", "correct": false}}
{"type": "result", "data": {"idx": 8, "options": ["The war reduced European population levels below that of the United States", "The United States seized German resources after the war", "European countries paid the United States for assistance", "The United States became a creditor country and financial centre, with European war spending boosting the US economy"], "probs": [[0.04999905134981499, 0.019233372275471033, 0.21790579202722019, 0.7128617842474938], [0.03580654805649814, 0.01992547172034735, 0.9297864265879274, 0.014481553535227079], [0.07680589061158045, 0.11166249768658125, 0.013759926669419872, 0.7977716849324185], [0.03662483734875095, 0.13500003282493703, 0.8111207047709982, 0.017254424955313853], [0.03730531953518064, 0.9469311076881494, 0.004033485147379732, 0.011730087529290304], [0.048260063827055874, 0.9223227075742748, 0.00967865268935805, 0.019738575809311217], [0.04532874671669251, 0.03025524825989911, 0.20032114942810497, 0.7240948554953034], [0.027694650584834883, 0.025609039316194276, 0.9340737661192204, 0.012622543879750347], [0.06672775099098606, 0.14106382638390605, 0.018945671898402714, 0.7732627506267051], [0.02832722181309743, 0.22266136708974052, 0.7334201533258279, 0.015591257671334197], [0.029704871423047074, 0.9515958077365428, 0.006160772643972163, 0.01253854809643797], [0.03337514645704342, 0.9424107767168999, 0.00814024139401039, 0.016073835332046333], [0.09772127956777817, 0.046454471032653655, 0.015771219652163587, 0.8400530296474046], [0.04626826196446268, 0.022021008653226787, 0.9160596727408831, 0.015651056541427486], [0.10478986561095462, 0.03167539243001424, 0.03718288049988198, 0.8263518613591492], [0.04084190588938633, 0.01458093102417967, 0.9312923237434398, 0.01328483924299417], [0.047582401089462385, 0.9320871623641255, 0.005628966961707089, 0.014701469484705076], [0.0602930344622538, 0.9190485618931652, 0.005106298000382186, 0.01555210554419878], [0.9398671878694336, 0.028165546859604478, 0.006757739855145584, 0.02520952531581637], [0.901298423795389, 0.0399830760017975, 0.018858597102185157, 0.03985990300062834], [0.9390592316487197, 0.024491364400236894, 0.01147121657266392, 0.024978187278379464], [0.9125367180012471, 0.032036972610453934, 0.019549795294266054, 0.035876513994032896], [0.9059875778365786, 0.04343196744811308, 0.015240239338227893, 0.03534021527708039], [0.9115172156772388, 0.043337085854082365, 0.013020640502187136, 0.032125057866491766]], "ideal": "D", "sampled": "D", "correct": true}}
{"type": "result", "data": {"idx": 9, "options": ["the president of the United States.", "the secretary of defense.", "the chairman of the Joint Chiefs of Staff.", "Congress."], "probs": [[0.07596834335695496, 0.027092823079278332, 0.012122386664571745, 0.8848164467991949], [0.07700799662994147, 0.03404490763504164, 0.8366555255183612, 0.052291570116655674], [0.09031043466423472, 0.03216740690451474, 0.011645470126492698, 0.8658766882047578], [0.07248859106769469, 0.03410460799591434, 0.8516318797213553, 0.04177492111503561], [0.07457107582579928, 0.8900522920363797, 0.012722531806244702, 0.022654100231576286], [0.06559840411935254, 0.8949845786666022, 0.014015609949866678, 0.025401407164178543], [0.05900437766627923, 0.09064197727283173, 0.013339855818205662, 0.8370137891426833], [0.04776415388507853, 0.2607198444734512, 0.6404958581450192, 0.051020143396451056], [0.06669521654116914, 0.0575903942701563, 0.1096454166712133, 0.7660689724174613], [0.052527503739334666, 0.06684099336316324, 0.6452211333231965, 0.2354103694743056], [0.044413792749600334, 0.7366714915892817, 0.17416661524024082, 0.044748100320877164], [0.060637839473237753, 0.5029466488940224, 0.028034856557379896, 0.4083806549753599], [0.06461508830218651, 0.09480963281042325, 0.01085570218565834, 0.8297195766017319], [0.055346343248418056, 0.3170611536404738, 0.5702186779836415, 0.057373825027466685], [0.06494336066561235, 0.05835253660764673, 0.11840683784439394, 0.7582972647823469], [0.05416922744137065, 0.0818564981486096, 0.665950966298127, 0.19802330801189277], [0.03883756479767706, 0.814995600853818, 0.11137963207928722, 0.03478720216921775], [0.06844546504956715, 0.5541586761819262, 0.027970788424498693, 0.34942507024400793], [0.8644870277238689, 0.07680282526432407, 0.018395469939485848, 0.040314676972321176], [0.860745366811523, 0.06695329833733088, 0.021974931970132235, 0.05032640278101381], [0.4804732167205064, 0.054533011799566884, 0.401686933583928, 0.06330683779599869], [0.43568697058049866, 0.048255801056343764, 0.020857200216540375, 0.49520002804661717], [0.5541414145751795, 0.05206708725916169, 0.3155241678829313, 0.07826733018272745], [0.47566723021391355, 0.04796358862100668, 0.018408195736516184, 0.45796098532856355]], "ideal": "D", "sampled": "D", "correct": true}}
{"type": "result", "data": {"idx": 10, "options": ["The US ignored the Third World", "Local developments were viewed through a geopolitical lens", "The US unreservedly supported decolonization", "None of the above"], "probs": [[0.03909985888227373, 0.8971127655085739, 0.01037029407538476, 0.053417081433767576], [0.06444498054865802, 0.8907248244180921, 0.017593759779455816, 0.027236435153794054], [0.04445133150860699, 0.037478720299084264, 0.8833809823173908, 0.03468896577491791], [0.10289695266196762, 0.07330352921503183, 0.1327803899629312, 0.6910191280600694], [0.08935789609304862, 0.06709799239990509, 0.8065020822092682, 0.037042029197778076], [0.11312058158937131, 0.0805889168476613, 0.10349086234401478, 0.7027996391189526], [0.8845186463292201, 0.030328051043608206, 0.009317871425207612, 0.07583543110196414], [0.9069286393329445, 0.03315447418750713, 0.022347946716753626, 0.03756893966279474], [0.892583658167306, 0.02601004362580056, 0.010649401574454933, 0.07075689653243848], [0.920563031783699, 0.02687551795934145, 0.025727227040110934, 0.026834223116848636], [0.9140319516851625, 0.03420205671810875, 0.012385423810030211, 0.0393805676866985], [0.9306814972999703, 0.031963394130847186, 0.011057741368034512, 0.026297367101147946], [0.05663469932335585, 0.03233526346513475, 0.8766146497285234, 0.034415387382985996], [0.14688013328394597, 0.06106991624515846, 0.13439966586676702, 0.6576502845041285], [0.05205002601091946, 0.8947297037711353, 0.00942454518589347, 0.04379572493205179], [0.07189317818717401, 0.8914759191406725, 0.016687925965487817, 0.019942976606665688], [0.16671207886692657, 0.10644201199697516, 0.03124532819212486, 0.6956005808439734], [0.1376295996471477, 0.10037817153428094, 0.7374304600945893, 0.024561768623981985], [0.05742260281996653, 0.0848681511223441, 0.8129805628507671, 0.04472868310692219], [0.08274370682939722, 0.07500934152989469, 0.08976935059309253, 0.7524776009476155], [0.09462458035334297, 0.8498259312528795, 0.013700507784017402, 0.041848980509760034], [0.08429596478063353, 0.8787197967628116, 0.010955054189416636, 0.026029184167138234], [0.10437330479611132, 0.13974086281695464, 0.03399080985389845, 0.7218950224330356], [0.06590719168166027, 0.20017292796594463, 0.7112743681717544, 0.022645512080640747]], "ideal": "B", "sampled": "B", "correct": true}}
{"type": "result", "data": {"idx": 11, "options": ["It was the first time the US became involved in the Balkans", "It was the first time NATO used military force", "It was the first war won by airpower alone", "It was the first war to employ 'smart weapons'"], "probs": [[0.08895490715306632, 0.1844475351587653, 0.6399379658031367, 0.08665959178503174], [0.10241952882954788, 0.46570626652356534, 0.03642475942626389, 0.3954494451206229], [0.07241870758929032, 0.39080672073507045, 0.49486138459366336, 0.041913186981975874], [0.10118729620160079, 0.27432000634311243, 0.03686004131663794, 0.5876326560386489], [0.08712059224682733, 0.052709999432955276, 0.7346802888361799, 0.12548911938403756], [0.07117084147923107, 0.033671228820025385, 0.28836711164037915, 0.6067908179603644], [0.13201049362324296, 0.031328083015172585, 0.7635584700404523, 0.07310295322113217], [0.325199135644974, 0.054948521342741835, 0.06054242857609624, 0.5593099143361879], [0.17852920957095825, 0.6900037783440784, 0.033521169179349636, 0.09794584280561364], [0.2323514818912851, 0.5976805686353003, 0.07521820812665253, 0.09474974124676205], [0.3183254169226097, 0.0865783810979622, 0.05190861495333611, 0.5431875869260919], [0.15715491945760757, 0.04316146347048053, 0.7292135438623502, 0.07047007310956177], [0.1761313224962395, 0.05039631242813936, 0.7232496138366942, 0.05022275113892692], [0.2372058726955099, 0.0630260806217605, 0.04189534284071681, 0.6578727037420128], [0.5170479724514788, 0.35858144509672196, 0.0408615494247076, 0.0835090329270916], [0.4058838531626619, 0.433074777154621, 0.05852611800285915, 0.10251525157985793], [0.25384731705706653, 0.07463431085191606, 0.03604108695585656, 0.6354772850351609], [0.11497178313009365, 0.036190127300991394, 0.7989973096904451, 0.04984077977846978], [0.076295769844445, 0.039184491639564466, 0.7813922674762005, 0.10312747093979001], [0.06769842337465261, 0.02965280228593071, 0.4060851890316138, 0.49656358520780286], [0.09856938422872316, 0.6592920919698995, 0.040120995932962845, 0.20201752776841456], [0.07177231116092966, 0.31551914186893953, 0.5668472367804213, 0.0458613100897095], [0.06673491050183185, 0.5461173097698945, 0.02053200468612037, 0.36661577494215325], [0.06400427918983005, 0.4039233892459813, 0.49526857955816417, 0.03680375190602449]], "ideal": "C", "sampled": "B", "correct": false}}
{"type": "result", "data": {"idx": 12, "options": ["The character of a state's leader", "The distribution of power in the international system", "The distribution of power within a state's governmental system", "A state's political ideology"], "probs": [[0.06733404894493748, 0.8759417002214864, 0.019564505810304847, 0.037159744923271204], [0.07272656437303837, 0.8680396592165004, 0.018479874772677436, 0.04075390153778377], [0.07236572951095527, 0.07422536458733686, 0.8235583731842105, 0.029850532617497358], [0.07679451113181564, 0.06642865265188201, 0.019524771354541292, 0.8372520647617611], [0.0712645588606961, 0.03822899680628919, 0.8494121589670314, 0.041094285265983306], [0.07513211257595025, 0.04229121098801228, 0.033188158263888254, 0.8493885180721492], [0.8837327310840726, 0.04674971822135335, 0.0172680857540456, 0.052249464840528524], [0.8730597950495821, 0.050715199517650224, 0.019039687760340183, 0.0571853175724275], [0.8963992995497921, 0.035212592861078244, 0.02093822974971198, 0.04744987773941759], [0.8860621053449347, 0.040348456207691286, 0.017849296728583583, 0.05574014161879043], [0.8696595526696514, 0.030894158750225484, 0.026280118443574398, 0.07316617003654864], [0.8616747130832476, 0.034415438254976324, 0.02177349445343593, 0.08213635410834011], [0.08778284580255553, 0.07009157760548197, 0.8073385351581777, 0.03478704133378478], [0.09258627666422671, 0.06584453422666724, 0.027449035349653813, 0.8141201536594522], [0.08515060438405507, 0.8357255208930447, 0.034620228119599986, 0.044503646503300194], [0.10356435692248428, 0.8098941859561744, 0.028022210415879347, 0.058519246605462046], [0.08613739065556077, 0.027461915898610193, 0.06029117411936838, 0.8261095192264607], [0.08729493132239634, 0.032484778236620944, 0.8298734672990106, 0.05034682304197213], [0.060765353782030414, 0.055861646293646317, 0.8477443171573604, 0.0356286826669628], [0.06193676971008665, 0.05316501064522392, 0.02473549137812711, 0.8601627281665623], [0.054460223961615255, 0.8744820388071531, 0.02448393040830901, 0.04657380672292263], [0.06333852120377326, 0.8638523638505186, 0.02308236546609975, 0.04972674937960841], [0.06229853490194856, 0.045403617346135905, 0.04133707564647463, 0.8509607720054408], [0.0716866911665159, 0.06000808260635452, 0.828517752277381, 0.039787473849748546]], "ideal": "B", "sampled": "B", "correct": true}}
{"type": "result", "data": {"idx": 13, "options": ["Leaders have incentives to lie", "If leaders revealed their programs, they would be more likely to be attacked", "Leaders will not always grant foreign monitors access to their nuclear programs", "ALL of the above"], "probs": [[0.08388970593295231, 0.030713826554520044, 0.022030343804283602, 0.863366123608244], [0.26727013781713005, 0.07893840673750992, 0.5807755968595071, 0.07301585848585297], [0.09638380150594306, 0.029263801542755406, 0.02512408392113942, 0.8492283129301621], [0.3219467877294493, 0.09072034467146284, 0.4734593452986226, 0.11387352220046523], [0.5924914191625092, 0.1662639615060104, 0.10200971150918922, 0.13923490772229116], [0.6097706833736674, 0.1497648876133239, 0.08432734317017179, 0.1561370857428369], [0.07566558218481771, 0.05680736450023276, 0.02571910753614125, 0.8418079456788082], [0.18367089603004308, 0.189193966804807, 0.5417223056865762, 0.08541283137857371], [0.07328086462830377, 0.03613206434247124, 0.047312192285618004, 0.843274878643607], [0.23518951411404546, 0.14476641775514404, 0.4593102980022913, 0.16073377002851924], [0.3507144696553338, 0.28971930903697635, 0.20985011441620596, 0.14971610679148384], [0.35783103952220796, 0.290970069679127, 0.1319313119558897, 0.2192675787427754], [0.08049513818610891, 0.04493397335659504, 0.02571666002028776, 0.8488542283370083], [0.206894531825357, 0.15974484382462456, 0.5348030328215807, 0.0985575914284377], [0.07840429683759735, 0.03491931603421413, 0.04642507320318328, 0.8402513138250052], [0.29070541640842873, 0.11729041182205686, 0.4312789352153558, 0.16072523645415862], [0.4605536850578818, 0.20997402621312156, 0.18470511502988815, 0.1447671735991085], [0.4767014249467875, 0.19786619074348186, 0.12350281032829663, 0.20192957388143395], [0.45257269657239524, 0.32918524248310377, 0.08288906390301402, 0.13535299694148695], [0.4229644568062389, 0.34328580154983923, 0.07993976085533819, 0.15380998068858368], [0.4914379454019813, 0.2290657179503981, 0.12406972886923323, 0.15542660767838737], [0.4892071485030202, 0.19963541624933884, 0.07674932479090905, 0.23440811035673192], [0.43966544980377487, 0.2590474265270891, 0.14252284592523035, 0.15876427764390566], [0.46319265768686313, 0.21583248029480295, 0.08297154059261241, 0.2380033213257215]], "ideal": "D", "sampled": "D", "correct": true}}
{"type": "result", "data": {"idx": 14, "options": ["the Senate.", "the president.", "the Secretary of State.", "the chairman of the Joint Chiefs."], "probs": [[0.0860100936425469, 0.2816941282414884, 0.5968928599006845, 0.03540291811528015], [0.13026805997189916, 0.163163224630921, 0.015035168231126272, 0.6915335470660535], [0.07070671100252164, 0.10617290554817266, 0.7873680082744668, 0.03575237507483887], [0.09198299914636306, 0.050492190843717866, 0.009773232029794755, 0.8477515778801243], [0.0677367577563511, 0.0345608283675672, 0.8186788910202407, 0.07902352275584097], [0.08151169211546709, 0.03157899936247358, 0.07225196888601931, 0.81465733953604], [0.6759063256566209, 0.13162053120386658, 0.14976555665446567, 0.04270758638504684], [0.48737549806783076, 0.0929118785548504, 0.013678327304720902, 0.40603429597259794], [0.7337159054312259, 0.14244689311240125, 0.07301458106604566, 0.050822620290327226], [0.787212064193298, 0.08812834959930624, 0.01411489100660276, 0.11054469510079298], [0.5112847818630516, 0.07027576301263232, 0.05084180591452072, 0.36759764910979537], [0.3224180590423678, 0.06791230934309868, 0.5320092359843926, 0.07766039553014091], [0.16390532253533677, 0.10625877975354954, 0.6739500164311707, 0.05588588117994303], [0.16147967945827735, 0.057959701050427845, 0.011599439033086351, 0.7689611803582085], [0.3957155629756377, 0.5050994734516064, 0.04093756883577824, 0.05824739463697761], [0.42297145720066853, 0.4602540134923352, 0.013887591658633977, 0.10288693754836227], [0.14089674091521476, 0.05389780481458264, 0.01926725572199811, 0.7859381984482045], [0.14151890890789995, 0.07377108350636893, 0.7200685303698554, 0.06464147711587569], [0.03644372753264416, 0.05133500647290459, 0.8453264770949578, 0.06689478879949345], [0.050821529916199294, 0.04436677503155009, 0.04804776060296444, 0.8567639343492862], [0.05046681479927275, 0.7118441170104083, 0.03415544190769376, 0.20353362618262524], [0.04734018605443459, 0.7258189591418539, 0.18787870459412118, 0.038962150109590275], [0.060567497416066, 0.051180571803954474, 0.02275404210711518, 0.8654978885728644], [0.04326025702351192, 0.09159652791125794, 0.8284753550544103, 0.03666785991081984]], "ideal": "B", "sampled": "B", "correct": true}}
{"type": "result", "data": {"idx": 15, "options": ["Required the United States and Russia to demobilize their armies", "Required the United States and Russia to dismantle a significant number of their nuclear weapons", "Prohibited the acquisition of new military bases", "Prohibited short-range nuclear weapons"], "probs": [[0.030182597263590093, 0.9419162008828249, 0.009468550860011334, 0.018432650893573668], [0.0320695363219355, 0.947314695902041, 0.008540059980582519, 0.012075707695441045], [0.035256168503019214, 0.02499181953882315, 0.9231334385080455, 0.01661857335011211], [0.07219126370611054, 0.05447412504908851, 0.03243439404632032, 0.8409002170984806], [0.04327393825996406, 0.032583953851334835, 0.9083968488486955, 0.015745258940005516], [0.0605183082279741, 0.045373386700557135, 0.019453970314863882, 0.8746543346566049], [0.9380369770785388, 0.02415183709522691, 0.01049046935675204, 0.027320716369482183], [0.9431323450816741, 0.02814789137212605, 0.011400545277205782, 0.017319218168994056], [0.9391968293070222, 0.027364969378231612, 0.007935565932491565, 0.02550263528225464], [0.9376224961835411, 0.032674771103299485, 0.011242099209887797, 0.018460633403271566], [0.9483802750124268, 0.0261678376670519, 0.009084926189594772, 0.01636696103092652], [0.9521466647243166, 0.02180703119024247, 0.00933912760235303, 0.016707176383087826], [0.04235969911188581, 0.019822810101686867, 0.9167798280124357, 0.021037662673991524], [0.07636838115693666, 0.046266089152602406, 0.036717662909988215, 0.8406478666804728], [0.04250527089305297, 0.935630861856593, 0.006831900680433195, 0.015031966469920712], [0.039567118633888586, 0.9409814353212346, 0.007842818668736231, 0.011608627276140643], [0.0668501323619114, 0.05494021552143415, 0.016181481789538432, 0.862028170227116], [0.059145800453320976, 0.033185118859553844, 0.8889793073956516, 0.018689773191473576], [0.03928638000442443, 0.025501143432393746, 0.9183970703281342, 0.016815406135047638], [0.06094061459865756, 0.0445765647632838, 0.024322443704657182, 0.8701603768334014], [0.04011618141170658, 0.9389006291979128, 0.008268407891681923, 0.012714781398698617], [0.0371628145624997, 0.9400280783132555, 0.009670648794925596, 0.013138458229319132], [0.054013038150727805, 0.05111925881853053, 0.014590098045561434, 0.8802776048851803], [0.04302498485555837, 0.03429680072533846, 0.904805395840726, 0.01787281847837722]], "ideal": "B", "sampled": "B", "correct": true}}
