{"type": "result", "data": {"idx": 0, "options": ["This type occurs in binary systems.", "This type occurs in young galaxies.", "This type produces gamma-ray bursts.", "This type produces high amounts of X-rays."], "probs": [[0.3165805050082318, 0.05529659776474232, 0.4524932643498419, 0.175629632777184], [0.32982608949755254, 0.056601199333571786, 0.4386584696834479, 0.17491424138542774], [0.3422230051447175, 0.05545718863403344, 0.4318926543109528, 0.17042715181029627], [0.30852201807782875, 0.05391702840621297, 0.4679004584373564, 0.16966049497860186], [0.33652289695584536, 0.05483245685647595, 0.4391200113119646, 0.16952463477571414], [0.32022857185635584, 0.054465546386971195, 0.45821943191745146, 0.16708644973922152], [0.26989236270252764, 0.058171025969447315, 0.5028147659483296, 0.1691218452796954], [0.2756472486630516, 0.059479384722135306, 0.4928993210761679, 0.17197404543864514], [0.2590158918094287, 0.052617729488978054, 0.5299793560269881, 0.15838702257460513], [0.2657006680699723, 0.05253729223679644, 0.5004768371081555, 0.18128520248507582], [0.2508139814627448, 0.051643302597778606, 0.5388011731115168, 0.15874154272795984], [0.26598056256411623, 0.05157788296943352, 0.5022784898654024, 0.18016306450104788], [0.2946527643900422, 0.06372949575337492, 0.4704682300584163, 0.1711495096981666], [0.2661360015581248, 0.06056597027041301, 0.5029782892387762, 0.170319738832686], [0.28196037377172184, 0.05553395197253069, 0.5048988624430183, 0.1576068117127292], [0.2639939824077837, 0.05509479425437837, 0.4981260373411055, 0.18278518589673243], [0.2425080447212226, 0.053047751888999684, 0.5379338063531439, 0.1665103969366338], [0.2543402053808176, 0.052387774766031, 0.5111293868377694, 0.182142632915382], [0.2773703367436879, 0.061855409979469374, 0.48875421826967136, 0.1720200349071714], [0.26368221441491474, 0.06044857903376292, 0.5059573612157389, 0.16991184523558345], [0.2768353840196115, 0.0554033596415799, 0.5056456960652697, 0.16211556017353893], [0.2670349498350238, 0.05438729415578634, 0.500632766588877, 0.17794498932031283], [0.2534813199634246, 0.05379112256480736, 0.5283518851945184, 0.16437567217724966], [0.26613840656404464, 0.05333163628440969, 0.5008003748512174, 0.1797295822003282]], "ideal": "A", "sampled": "A", "correct": true}}
{"type": "result", "data": {"idx": 1, "options": ["Its speed relative to you", "Its composition", "Its size", "Its distance from you"], "probs": [[0.2528079879750519, 0.04961122085610535, 0.49902554963887513, 0.19855524142996764], [0.23344040088584436, 0.049548320836449375, 0.5571153800907575, 0.1598958980869488], [0.2754340171538531, 0.06248547136158745, 0.44657891984288484, 0.21550159154167464], [0.23760768768795493, 0.057896628970078565, 0.550456523840218, 0.15403915940174848], [0.28649121306585945, 0.0782173195535903, 0.44419467113795463, 0.19109679614259562], [0.2826197529337239, 0.07689368953215113, 0.4555425481204391, 0.1849440093136859], [0.25317388770432736, 0.04954233765106689, 0.5102317332711204, 0.18705204127348535], [0.22002318745167315, 0.04828729161458341, 0.5805420939849409, 0.15114742684880253], [0.2747875472240106, 0.058120631108735124, 0.4431995782051314, 0.22389224336212288], [0.22587125951127462, 0.04893608546939813, 0.577965023910519, 0.14722763100880826], [0.3093800040585368, 0.08426463854258935, 0.4243689901514364, 0.1819863671474374], [0.3072528953264698, 0.08078383954491418, 0.4257604637972106, 0.1862028012314054], [0.2801879837758799, 0.05730110937897392, 0.4464265537401691, 0.2160843530049771], [0.2330334860497934, 0.04973260852045744, 0.5725722504324481, 0.14466165489730112], [0.2899868120724861, 0.05285067931435333, 0.4148974488763117, 0.24226505963684886], [0.22207794087568777, 0.04257602339354623, 0.5907834899754905, 0.14456254565527552], [0.3087019920040419, 0.07935288547676014, 0.4341768025917752, 0.17776831982742275], [0.31056181518792336, 0.0802330994595254, 0.4174980943231941, 0.19170699092935709], [0.3910613960335948, 0.06088773451973076, 0.37004819731825084, 0.1780026720284236], [0.3578191016446817, 0.058387670415026675, 0.4214935553542618, 0.16229967248602978], [0.41176148850543093, 0.05768914792422267, 0.3687344188911641, 0.1618149445791823], [0.3802139077652628, 0.05579539263147823, 0.39769109190694246, 0.16629960759631648], [0.37580189385084783, 0.06032796993492739, 0.40789264740361275, 0.155977488710612], [0.39653330889650557, 0.061528686198665444, 0.36784618952229436, 0.1740918152825346]], "ideal": "D", "sampled": "D", "correct": true}}
{"type": "result", "data": {"idx": 2, "options": ["Because the molecules that compose the Earth's atmosphere have a blue-ish color.", "Because the sky reflects the color of the Earth's oceans.", "Because the atmosphere preferentially scatters short wavelengths.", "Because the Earth's atmosphere preferentially absorbs all other colors."], "probs": [[0.47423968574551306, 0.08221037317540014, 0.35164950702624914, 0.09190043395283766], [0.6382633662620667, 0.07119294575975015, 0.20827935882635154, 0.08226432905183162], [0.4487143292191235, 0.15252632355733306, 0.24922851468301543, 0.14953083244052798], [0.4449128971574969, 0.17779154543912068, 0.23029118087697298, 0.14700437642640946], [0.6292587437734039, 0.08594862330169434, 0.1946819882012076, 0.09011064462369417], [0.6959227659631196, 0.1054255550463291, 0.14806426508494758, 0.05058741380560367], [0.46204798032050265, 0.08275791755212525, 0.3633298765257296, 0.0918642255016425], [0.5238189735769361, 0.07700076010798866, 0.3049301527502943, 0.09425011346478097], [0.4592892766658996, 0.10209906632693942, 0.32015039203134, 0.11846126487582098], [0.5625626057778481, 0.11538068633790924, 0.23086451851743445, 0.09119218926680822], [0.4966327695538505, 0.07897252078972855, 0.31595380052607164, 0.10844090903034931], [0.6649364480060161, 0.09620953708705592, 0.18247014962063487, 0.05638386518629308], [0.7240685169861704, 0.06717461296859223, 0.13159760733422726, 0.0771592626110101], [0.7692566604968543, 0.060677369887486406, 0.10950555885282864, 0.06056041066283062], [0.7627229860270908, 0.05338173850945188, 0.12592776399920225, 0.05796751136425515], [0.8441342834954194, 0.044527293484268066, 0.07427715094331232, 0.037061271977000175], [0.8863714120145063, 0.04231701599623913, 0.04800633546257092, 0.023305236426683605], [0.8970143186810298, 0.042085542289045694, 0.039577024771033024, 0.02132311415889155], [0.6804031386441252, 0.060042122747039364, 0.17610875426366984, 0.08344598424516565], [0.6546183726338827, 0.0672710155289998, 0.1916418195824637, 0.08646879215465375], [0.6451852128699394, 0.056057146005474255, 0.2061465618956603, 0.09261107912892609], [0.7954061567330217, 0.051321282595320754, 0.1057508132817583, 0.04752174728989919], [0.7599433999468431, 0.07154912820707598, 0.1117790465740413, 0.05672842517203953], [0.8257363972304818, 0.06796343573275487, 0.06954581983030403, 0.03675434710645932]], "ideal": "C", "sampled": "C", "correct": true}}
{"type": "result", "data": {"idx": 3, "options": ["The first time you drop a bowling ball and it falls to the ground proving your hypothesis.", "After you\u2019ve repeated your experiment many times.", "You can never prove your theory to be correct only \u201cyet to be proven wrong\u201d.", "When you and many others have tested the hypothesis."], "probs": [[0.3318077226602708, 0.06486880585293563, 0.4672794202313617, 0.1360440511554319], [0.4015106022181527, 0.0712226192764141, 0.4342756335640141, 0.09299114484141904], [0.3443795442236797, 0.05486723780083347, 0.5110474824394348, 0.08970573543605201], [0.3568605727068272, 0.05656251971509897, 0.5021689458856143, 0.08440796159245947], [0.34662530597465924, 0.07354097977009333, 0.47092808340835246, 0.10890563074689497], [0.3298002007944472, 0.06830554709293658, 0.47779400931713883, 0.12410024269547737], [0.31131966426521057, 0.06079615573852524, 0.48249169535726405, 0.14539248453900014], [0.3367748184886234, 0.0627468586781416, 0.4806340228888912, 0.11984429984434379], [0.2669823030199148, 0.05454038543615694, 0.5394973472973522, 0.13897996414657604], [0.2680485288239969, 0.0540317304979135, 0.5467144927836292, 0.1312052477944604], [0.2769257651794179, 0.05819144320151893, 0.5270109038679929, 0.13787188765107028], [0.2775141451781709, 0.055612583532672344, 0.5236195052238968, 0.14325376596525996], [0.27856311821900714, 0.05740264930902051, 0.533453059145803, 0.1305811732261694], [0.32179296373106847, 0.05995026669741244, 0.5082638916043493, 0.10999287786716981], [0.2746801396533358, 0.05711294007559406, 0.5400064031240237, 0.1282005170470464], [0.29578538068191945, 0.05781552453426391, 0.5246384377836365, 0.1217606569001801], [0.2659229665645606, 0.06030150197180286, 0.5400906861043502, 0.1336848452592863], [0.2749612567680013, 0.058394125283016796, 0.5376171945030439, 0.12902742334593797], [0.3393816078813859, 0.061435901080156285, 0.477654520207968, 0.12152797073048986], [0.33204615112798924, 0.059406951063891156, 0.47972208256692644, 0.12882481514119315], [0.28818366787483346, 0.0590037423016357, 0.5180804883343607, 0.13473210138917016], [0.29299115913418217, 0.056610442270560155, 0.5158162674103719, 0.13458213108488573], [0.2812754171615388, 0.05476544715265971, 0.5320961395551714, 0.13186299603062998], [0.3023414369806322, 0.05433428015639214, 0.5211519695511844, 0.12217231321179133]], "ideal": "C", "sampled": "A", "correct": false}}
{"type": "result", "data": {"idx": 4, "options": ["Titan is the only outer solar system moon with a thick atmosphere", "Titan is the only outer solar system moon with evidence for recent geologic activity", "Titan's atmosphere is composed mostly of hydrocarbons", "A and D"], "probs": [[0.21956327228193379, 0.057681410639457344, 0.5089716834964255, 0.21378363348218335], [0.2592156827190583, 0.05939322709443299, 0.46139198537027315, 0.21999910471623557], [0.21708626038093193, 0.05949055535847841, 0.5071485155421399, 0.21627466861844968], [0.2598579949556977, 0.05844847767897414, 0.4619178697188675, 0.21977565754646058], [0.2841795714382467, 0.05880898674893498, 0.44643307226641243, 0.2105783694464059], [0.2743557291071043, 0.05789755813580097, 0.4590678639598129, 0.20867884869728176], [0.21641326593420218, 0.05734351447674935, 0.5158962164570438, 0.2103470030320047], [0.24616287669087233, 0.057466011788700595, 0.4812899540604696, 0.21508115735995748], [0.21372189797228333, 0.05832548352007718, 0.5176735442705811, 0.21027907413705835], [0.253155887101607, 0.05771534144301234, 0.47413915390995304, 0.2149896174454276], [0.265038422765501, 0.057508645722221946, 0.4665358523100231, 0.21091707910225393], [0.26146458602821643, 0.0580182724381233, 0.47061155468691723, 0.20990558674674303], [0.2179895127200793, 0.060005350106755055, 0.5075558868271421, 0.21444925024602346], [0.2606428129375131, 0.05913462180840936, 0.46462753967472237, 0.2155950254793551], [0.2146392368471901, 0.05842490232487336, 0.5175879961812874, 0.2093478645466491], [0.25496692222688777, 0.058948608003580844, 0.4719262561304192, 0.21415821353911213], [0.2678153812617469, 0.05681854485897268, 0.4756999611378853, 0.19966611264139508], [0.26847043010539495, 0.05814888292953108, 0.46796935476564344, 0.20541133209943055], [0.25262266394949967, 0.06326219438873909, 0.4576750397224515, 0.2264401018393097], [0.2481507379175731, 0.06206046835502615, 0.4712283645935628, 0.2185604290338379], [0.25005415452087026, 0.0632985541652704, 0.46313465327064113, 0.2235126379432182], [0.24297275774771987, 0.0616525402357238, 0.48007195467809344, 0.21530274723846288], [0.24208203677146864, 0.06025144636777866, 0.4853381658705962, 0.21232835089015648], [0.2344300834015306, 0.060018832231228066, 0.4913733784129604, 0.21417770585428092]], "ideal": "D", "sampled": "A", "correct": false}}
{"type": "result", "data": {"idx": 5, "options": ["m*v", "0.5*m/(R^3)", "0.5*m*(2GM/R)", "0.6*G(M^2)/R"], "probs": [[0.29406813003213117, 0.06014861210689926, 0.5312425533243442, 0.11454070443662528], [0.31281817655456035, 0.06125072526134612, 0.5107230061688588, 0.11520809191523476], [0.3145051072485306, 0.0667022257984535, 0.4899959673241622, 0.12879669952885373], [0.3198185705737687, 0.06753645393485028, 0.49207081605360237, 0.12057415933777867], [0.34419078144253723, 0.0640691677278162, 0.48293162107006793, 0.10880842965957863], [0.3142041657313666, 0.06092553766730742, 0.5237319028965994, 0.10113839360472647], [0.27715862709800726, 0.051525037616923945, 0.5381748274790381, 0.13314150770603067], [0.30528122865964674, 0.05265668896781892, 0.5050590150683989, 0.1370030672041355], [0.29570286141197366, 0.05819762982452739, 0.5116810569394081, 0.13441845172409084], [0.3037747510317494, 0.05903185290324127, 0.5211353417963643, 0.11605805416864498], [0.32180730327528007, 0.05643938102787773, 0.49928399547742874, 0.12246932011941346], [0.2995144217762178, 0.054360599940365434, 0.5474381013393761, 0.0986868768440407], [0.295676459859963, 0.054406033861954674, 0.49381629952191386, 0.1561012066561685], [0.3065084539532257, 0.054294787746414955, 0.4889742171944031, 0.1502225410059563], [0.2962487361749452, 0.055982672089571396, 0.5035671628773838, 0.1442014287580996], [0.30097286544832, 0.056485054346409026, 0.5145277150416958, 0.12801436506357514], [0.31675080317997495, 0.055534485723407995, 0.4885782569366552, 0.13913645405996186], [0.3142653977983937, 0.05550319659525046, 0.5031785330926472, 0.12705287241370866], [0.32286529286559534, 0.05438817793831934, 0.4855336329361907, 0.13721289615989463], [0.30319068171617886, 0.053460632111679104, 0.5114724692727911, 0.1318762167993509], [0.3280663089463654, 0.05659444966909289, 0.49534848299726403, 0.11999075828727765], [0.30343767997568344, 0.05630522965821835, 0.5420099496299421, 0.09824714063615612], [0.3289488627197706, 0.058875018178186175, 0.4881449152371509, 0.12403120376489231], [0.31785052537942554, 0.0594538888357151, 0.5107511205348564, 0.11194446515000296]], "ideal": "C", "sampled": "C", "correct": true}}
{"type": "result", "data": {"idx": 6, "options": ["it was stripped away by the magnetic field when it rapidly decreased in strength", "it was broken into hydrogen and oxygen by ultraviolet light and the hydrogen was lost through thermal escape", "it was consumed by a civilization of thirsty Martians", "it was vaporized during a period of intense volcanism and was lost to space through thermal escape"], "probs": [[0.2342330874926652, 0.06140149155384619, 0.5029792597767176, 0.201386161076771], [0.22589979414989794, 0.05661156238837529, 0.5527396407446225, 0.16474900261710426], [0.17683917504948213, 0.03973736998477924, 0.6197466853886009, 0.16367676947713772], [0.18403548206078366, 0.04005122601642669, 0.6083432503368693, 0.16757004148592036], [0.25846374032296954, 0.06448112427543512, 0.515292942472427, 0.16176219282916832], [0.2342545022058329, 0.06241743079939875, 0.49247662740561055, 0.2108514394891578], [0.30182614694627236, 0.055837638254559945, 0.4607096279643985, 0.18162658673476922], [0.3015102546866934, 0.05036344920068647, 0.5147891216698413, 0.1333371743427788], [0.25192658799855405, 0.04688830242578237, 0.5281135197425891, 0.17307158973307446], [0.2037993760411509, 0.04244220446112437, 0.609269407744996, 0.1444890116527287], [0.32987620071510504, 0.061127179585248805, 0.45514665164488954, 0.15384996795475658], [0.30205744051807354, 0.06025135426736333, 0.4568476906431683, 0.1808435144713948], [0.18725525284612407, 0.04284279926198705, 0.5963314437829729, 0.173570504008916], [0.19474225726565952, 0.043563226960182264, 0.5887900436768848, 0.17290447199727343], [0.21965330526877572, 0.0626774751373122, 0.5341540732766382, 0.18351514621727386], [0.20132684255627772, 0.057501888474245054, 0.5805450547529227, 0.16062621411655448], [0.2259254950390362, 0.06344419433536605, 0.5215430622081577, 0.18908724831744003], [0.21690244126840344, 0.06180282120691077, 0.5564974711725168, 0.16479726625216895], [0.41922539949841836, 0.048980337437241506, 0.4264761550908289, 0.10531810787351117], [0.3451726163963958, 0.05373268613972886, 0.4123539358885543, 0.1887407614753211], [0.3958333447024516, 0.05740439540096916, 0.41518199594332666, 0.1315802638532526], [0.35110884639753887, 0.057556606394580614, 0.4275773731372042, 0.16375717397067632], [0.2938743949857716, 0.04586853646979715, 0.47694488329287926, 0.18331218515155198], [0.22824045758378447, 0.0407876628508498, 0.5922087960223728, 0.13876308344299293]], "ideal": "B", "sampled": "D", "correct": false}}
{"type": "result", "data": {"idx": 7, "options": ["Lunar rocks are composed of fragments pulverized by many impacts.", "Radioactive dating of lunar samples shows that they are older.", "The Moon's surface is more heavily eroded than the Earth's surface.", "The Moon's surface has more impact craters than the Earth's surface."], "probs": [[0.2308405156077495, 0.06190448906540985, 0.5566632068097753, 0.15059178841706525], [0.2291332478428289, 0.06166389915494076, 0.5648565509074156, 0.1443463019948147], [0.20095436347857132, 0.047901537443010844, 0.6132552049934613, 0.13788889398495655], [0.23220097670317813, 0.05268399338368252, 0.5178669613399758, 0.19724806847316356], [0.20793169270019315, 0.04917915800066631, 0.6048508746723026, 0.1380382745268379], [0.24061513213584734, 0.056316096959399306, 0.4990379865606055, 0.20403078424414783], [0.2790907610707635, 0.05294007415189902, 0.5276153067433149, 0.1403538579340225], [0.280670826866552, 0.05194869361202784, 0.5344963768800128, 0.1328841025414073], [0.29154985922975113, 0.05377324629951284, 0.5113459190859714, 0.14333097528476468], [0.30025101711675284, 0.05277868909236578, 0.5113506488070986, 0.13561964488378275], [0.28041108395294073, 0.054749375026809356, 0.5234322948441889, 0.1414072460760611], [0.3016924812835886, 0.05619987761114495, 0.5014395638584395, 0.14066807714682691], [0.21587379799678774, 0.048435000395327166, 0.6023136107477115, 0.13337759076017358], [0.24402733362118442, 0.05236022645812964, 0.5172839490478448, 0.18632849077284117], [0.24594020841046457, 0.06255701183647196, 0.5484348534989285, 0.14306792615413497], [0.25183777519555456, 0.06373493752646495, 0.538717182744346, 0.1457101044336345], [0.24262552593598422, 0.05452912069946561, 0.5064351094195666, 0.19641024384498357], [0.23031979110560966, 0.05073067394194311, 0.5806920950817891, 0.13825743977065816], [0.2320111022370333, 0.0487467023212676, 0.592905459551611, 0.12633673579008806], [0.26598578490647834, 0.05578709351617206, 0.4890458546905986, 0.18918126678675104], [0.25445003073204275, 0.06024660349024682, 0.547305838628691, 0.13799752704901946], [0.27835420186052023, 0.06324954424537843, 0.5125025586644294, 0.14589369512967199], [0.2514051766657675, 0.05179591045983837, 0.49694466030532963, 0.19985425246906446], [0.23804367561672068, 0.04686935810113251, 0.58613094103227, 0.12895602514987678]], "ideal": "B", "sampled": "B", "correct": true}}
{"type": "result", "data": {"idx": 8, "options": ["Iron", "Hydrogen", "Methane", "Helium"], "probs": [[0.2187864037453075, 0.061343419902666535, 0.5360589859506061, 0.1838111903014199], [0.19764743007056468, 0.05521949174375383, 0.5918073433117582, 0.1553257347739233], [0.19911964525851014, 0.05143081111073077, 0.5699912818688533, 0.17945826166190573], [0.19681333296734901, 0.05036644712132877, 0.585343607983223, 0.16747661182809911], [0.21089258313933132, 0.060259772434413814, 0.5664652057854977, 0.16238243854075712], [0.22555743301297096, 0.06349341192245864, 0.5299703758442689, 0.18097877912030153], [0.22354498994149036, 0.06509020632941377, 0.5319252371885568, 0.1794395664405391], [0.21518383229547003, 0.06242559337087054, 0.5583965985811377, 0.16399397565252177], [0.20195768033771047, 0.05175107164726233, 0.5750186656964984, 0.17127258221852876], [0.19362098889736315, 0.0514342322466726, 0.5961941302360706, 0.15875064851989368], [0.2290336923986338, 0.070202861433332, 0.52633717807854, 0.17442626798949415], [0.22924843599030015, 0.07017765245762277, 0.5234933534001346, 0.17708055805194245], [0.20688042042570784, 0.05885873734362432, 0.5547593831461232, 0.17950145898454467], [0.20610448485670227, 0.05767096141516798, 0.5643964942234013, 0.17182805940472837], [0.2077103673055129, 0.060019626313114, 0.5635634576179762, 0.16870654866339685], [0.1920233219669961, 0.05602771043217189, 0.5937283038499289, 0.1582206636509031], [0.2287888905538148, 0.06817644630655025, 0.5256910762949287, 0.17734358674470624], [0.21460145549862245, 0.06506424348102867, 0.5488097626255768, 0.17152453829477204], [0.23049229724623993, 0.06078426629865691, 0.5439764341760557, 0.16474700217904753], [0.24117719480444869, 0.06263856450811489, 0.5163139604415866, 0.17987028014584977], [0.2340742769493032, 0.06651945013361679, 0.5293559111534542, 0.1700503616636258], [0.22853403301935468, 0.06588428614116143, 0.5296901582327567, 0.1758915225067272], [0.23739451167593706, 0.05318261682455387, 0.5345054864348917, 0.17491738496461734], [0.2148711287072992, 0.05132496127010405, 0.5682207687426273, 0.16558314117996942]], "ideal": "D", "sampled": "D", "correct": true}}
{"type": "result", "data": {"idx": 9, "options": ["Near-Earth asteroids gradually disintegrate and spread out along their orbital path. When the Earth passes through the orbit of an asteroid we are bombarded by sand-sized particles which cause a meteor shower.", "Near-Earth asteroids disintegrate as they enter Earth's atmosphere creating hundreds of bright meteors that appear to radiate from a single location in the sky.", "The nuclei of comets disintigrate as they enter Earth's atmosphere creating hundreds of bright meteors that appear to radiate from a central location in the sky.", "The nuclei of comets gradually disintegrate and spread out along the comet's orbital path. When the Earth passes through the orbit of a comet we are bombarded by sand-sized particles which cause a meteor shower."], "probs": [[0.4549742391433924, 0.03844269035121848, 0.3356059826828878, 0.17097708772250128], [0.41620162125240145, 0.03948353230558381, 0.3907158970442109, 0.15359894929780385], [0.4190946002357662, 0.04056032535086074, 0.3669868515891315, 0.1733582227242415], [0.40454304632510557, 0.03979157031504496, 0.3918910075997305, 0.16377437566011893], [0.35094086743626407, 0.04602472277904995, 0.43184531780430646, 0.17118909188037953], [0.3593144416449768, 0.04565568267842546, 0.41800963874451497, 0.17702023683208282], [0.3137466030629704, 0.04683552263189191, 0.4537692855945094, 0.18564858861062827], [0.38402932878468665, 0.04628564416899357, 0.3988696336347346, 0.17081539331158516], [0.3319376482915711, 0.039814808360562025, 0.455317149757149, 0.17293039349071793], [0.3782152617690672, 0.04157831612361143, 0.4111906977597861, 0.1690157242475352], [0.40626702162584444, 0.048501197785890286, 0.3898813171654126, 0.15535046332285268], [0.3274553369037382, 0.05094389541021326, 0.4412878089510017, 0.1803129586350468], [0.34953339206409156, 0.05086121897118872, 0.4361809952188332, 0.1634243936458865], [0.3949622688030639, 0.048879953418848404, 0.39772852049047425, 0.15842925718761341], [0.40260426986351056, 0.04003587245433895, 0.398633289338026, 0.15872656824412446], [0.3914565835487088, 0.0406549775218181, 0.41077006696981394, 0.15711837185965918], [0.4869540856745544, 0.04956538900884961, 0.3463802285685428, 0.11710029664805317], [0.3552642596628742, 0.050662050043272046, 0.43144346886446033, 0.1626302213293934], [0.41058362443924035, 0.04351701684271526, 0.39297754446907474, 0.15292181414896966], [0.40321347840493227, 0.04335022847571559, 0.39543990067313045, 0.1579963923462217], [0.4243321197031429, 0.04055469271222379, 0.3855390645269448, 0.1495741229576885], [0.40484429909875813, 0.04218953259573433, 0.38212747801474156, 0.17083869019076595], [0.4878940436383741, 0.03719347604160676, 0.3452677325479311, 0.12964474767208806], [0.5027363746040082, 0.03713743277603253, 0.31522696267710065, 0.14489922984285858]], "ideal": "D", "sampled": "D", "correct": true}}
{"type": "result", "data": {"idx": 10, "options": ["Radiation pressure from the Sun's light pushes the ions away.", "The conservation of the angular momentum in the tail keeps it always pointing away from the Sun.", "The ions are following Keplerian orbits that lead away from the Sun.", "The solar wind electromagnetically \"blows\" the ions directly away from the Sun."], "probs": [[0.26137745085675773, 0.057180683415096314, 0.5269782483760986, 0.15446361725204735], [0.2555715825158499, 0.05639657194187963, 0.5339967786954218, 0.15403506674684864], [0.26442648061213325, 0.054328581676468354, 0.5244611716083977, 0.1567837660030007], [0.2823730675328557, 0.054116602376839185, 0.5084380450138359, 0.1550722849764692], [0.2619669153388931, 0.05689651451692417, 0.5229286578285687, 0.15820791221561406], [0.2774241061660306, 0.05805396600575114, 0.5063021997375975, 0.1582197279906208], [0.2655748784032475, 0.05701809503353388, 0.524341654524113, 0.1530653719391056], [0.26514229570870035, 0.056228474614786084, 0.5269395787030957, 0.15168965087341785], [0.2665741781113331, 0.054973230579559676, 0.5277074653531026, 0.15074512585600455], [0.2858440300971828, 0.0563993234607752, 0.5084588565054121, 0.14929778983662984], [0.27411949427575866, 0.0549599598668693, 0.5157247742813326, 0.1551957714760395], [0.28654663684532683, 0.05589423119856897, 0.5093256640921208, 0.1482334677639835], [0.2615122076131397, 0.056768115685515944, 0.524305259523617, 0.1574144170777274], [0.282352502878795, 0.055905937309844556, 0.5123646182447219, 0.14937694146663855], [0.2599850432306963, 0.055039594952303435, 0.5350059549351108, 0.14996940678188944], [0.2710885016356651, 0.05745904326932954, 0.5215373459911494, 0.1499151090038559], [0.28462435095895106, 0.05403789555260205, 0.5025272069352682, 0.15881054645317874], [0.264663465731603, 0.054405720657800596, 0.529358164297996, 0.15157264921260047], [0.2452584687567717, 0.05081601819007204, 0.5447423863419328, 0.1591831266112234], [0.2742794751846692, 0.05219608544781384, 0.5132810472928796, 0.16024339197463727], [0.24795164153192328, 0.055426615794517124, 0.5399092757107888, 0.15671246686277074], [0.25652462241468565, 0.05635097622307889, 0.5354937314451689, 0.15163066981706655], [0.2752362304188692, 0.05296613865049826, 0.5130563588062216, 0.15874127202441102], [0.25411258894844, 0.052916811073798614, 0.5380086637714703, 0.15496193610629105]], "ideal": "D", "sampled": "B", "correct": false}}
{"type": "result", "data": {"idx": 11, "options": ["By observing the duration of a solar eclipse.", "By measuring the size of Earth's shadow on the Moon in a lunar eclipse.", "By comparing the maximum altitude of the Sun in two cities at different latitudes at the same time on the same day.", "By sending fleets of ships around Earth."], "probs": [[0.24465328999367497, 0.0542557177099507, 0.5784527788132018, 0.12263821338317259], [0.2823781412911882, 0.06017251401795005, 0.48554242375916246, 0.17190692083169926], [0.2669964611115878, 0.0669583946269075, 0.5018428339228583, 0.16420231023864637], [0.25594383856991276, 0.06664790311754698, 0.5084732250133294, 0.1689350331992109], [0.18736670326716287, 0.04331974522022095, 0.6311754889351814, 0.1381380624774348], [0.1781626005703281, 0.045957482319405094, 0.6399694537483314, 0.13591046326193548], [0.25190716979368744, 0.04893166571366228, 0.5826552509678881, 0.11650591342476221], [0.31383335587224215, 0.0528516769356328, 0.4639301001561674, 0.16938486693595764], [0.2919437754483442, 0.06313694730647583, 0.4883493264269049, 0.1565699507182751], [0.2825484338689819, 0.06324342778981808, 0.4941933563049668, 0.16001478193623322], [0.28662614409965936, 0.04713509340475621, 0.5120636534143224, 0.154175108981262], [0.2082781288539865, 0.04470502039514558, 0.6322299524016236, 0.11478689824924429], [0.33471029245389045, 0.05335791289217847, 0.48753391601782053, 0.12439787853611055], [0.3332660495961784, 0.05356546756994311, 0.45762582497557963, 0.15554265775829887], [0.34264256098312507, 0.05593924473885197, 0.4587942864493123, 0.1426239077287106], [0.3259046697730605, 0.05653173518011703, 0.4640758667725857, 0.15348772817423678], [0.3133589718433474, 0.04856521035439529, 0.5049696118615632, 0.1331062058406942], [0.28924043670799776, 0.04734891440921282, 0.5440598482514818, 0.11935080053130759], [0.18951696296761414, 0.05026800222391871, 0.6192823693973608, 0.1409326653111063], [0.17784941724695724, 0.04898259189183216, 0.638292450790128, 0.1348755399710826], [0.23583886552118674, 0.06179831314508242, 0.5337371348891237, 0.1686256863446072], [0.21238993805050596, 0.057275106853661925, 0.5864100237196626, 0.14392493127616954], [0.23139320484017953, 0.06431648927519655, 0.5340159574661293, 0.17027434831849458], [0.230758657798221, 0.0634084996584873, 0.5396677737591414, 0.16616506868415024]], "ideal": "C", "sampled": "C", "correct": true}}
{"type": "result", "data": {"idx": 12, "options": ["a dwarf galaxy orbiting the Milky Way.", "the closest planetary nebula to the Earth.", "a bright star cluster discovered by Magellan.", "the outer arm of the Milky Way named after Magellan."], "probs": [[0.4469221929816014, 0.05081050956062646, 0.3628259083897468, 0.13944138896802527], [0.4463366932174769, 0.050376535207606314, 0.3631379658088235, 0.14014880566609328], [0.46968878710606016, 0.05004979818707284, 0.3448839290060607, 0.13537748560080629], [0.4833284353974559, 0.046880044387659664, 0.34235653532863786, 0.12743498478624657], [0.4541900922719719, 0.052109995930273614, 0.35473032123513887, 0.1389695904626156], [0.5148074914078903, 0.0471467737329603, 0.31701727489661147, 0.12102845986253792], [0.2964760230270373, 0.07583838361465792, 0.44964776408730706, 0.17803782917099775], [0.3002092309042689, 0.07477801459528796, 0.44778416557120115, 0.17722858882924203], [0.20270115286097334, 0.044378452329209554, 0.6070706888953055, 0.14584970581451165], [0.2772197445742709, 0.05065777190013122, 0.4233675034171727, 0.24875498000842516], [0.19615851048417526, 0.044546216058058134, 0.6147104409510539, 0.1445848324067127], [0.2717538950281531, 0.05070762109066313, 0.43017468909306944, 0.2473637946881143], [0.29030878815011696, 0.07826863565347378, 0.445311463451705, 0.1861111126447042], [0.29771785054052885, 0.07718760806994174, 0.4382727308979724, 0.186821810391557], [0.2022269635858523, 0.04279461438831979, 0.615279069253681, 0.13969935267214686], [0.26701475977561645, 0.04954266134812684, 0.4411208924961642, 0.2423216862800925], [0.19955469966593403, 0.04193332540967001, 0.6181336868303571, 0.14037828799403884], [0.28032279847211217, 0.05078303964771748, 0.4290554650907455, 0.23983869668942487], [0.28250134198896343, 0.07493814136037483, 0.4612199698018251, 0.1813405467488366], [0.2917226742019593, 0.07522121535900475, 0.45120553477046155, 0.1818505755685744], [0.1986457728508469, 0.0429979274715521, 0.6226350866201885, 0.13572121295741252], [0.2634731016923458, 0.050601694306002545, 0.45016082407674923, 0.23576437982490245], [0.2007696777381399, 0.04167924820960008, 0.620536565718586, 0.13701450823367403], [0.2865527867984321, 0.050886303181327995, 0.42340832944450607, 0.2391525804757338]], "ideal": "A", "sampled": "A", "correct": true}}
{"type": "result", "data": {"idx": 13, "options": ["Actually water-ice is all over Mercury and not just at the poles.", "The pole is the only place fortunate enough to have had comet impacts", "Radar from the earth can only see Mercury's poles.", "These craters contain the only permanently shadowed regions on Mercury"], "probs": [[0.42703875258707163, 0.06237743701344661, 0.31059368978920504, 0.19999012051027668], [0.22594566616010975, 0.044961695333877776, 0.5915082295871291, 0.1375844088188834], [0.45372511304028823, 0.06103742303945468, 0.2778627954998744, 0.20737466832038268], [0.23428849779936237, 0.04437551166421544, 0.6111531621293913, 0.11018282830703093], [0.3086411080670669, 0.07611646566972728, 0.42200615205065983, 0.19323627411254599], [0.45251844960341303, 0.0946660609548179, 0.322279860873185, 0.13053562846858402], [0.43586353275037387, 0.05352504278044556, 0.27319565921517, 0.23741576515401058], [0.22507652302701792, 0.042674555734381975, 0.5882940204107464, 0.1439549007278537], [0.34206479352754965, 0.054616261612099176, 0.34449573934326805, 0.2588232054170831], [0.2219257023620504, 0.04370391755305471, 0.5928556432621982, 0.1415147367226967], [0.3517170652907162, 0.07330695012393512, 0.3919917759500882, 0.18298420853526043], [0.3189533948579362, 0.06472313403436021, 0.44974747295650536, 0.16657599805119824], [0.46636363164345407, 0.06308159137509875, 0.23135919521880416, 0.23919558166264301], [0.23914677501511836, 0.04672758851747878, 0.6104746828931044, 0.10365095347429851], [0.3304952133935287, 0.056328714727620764, 0.3681740815297262, 0.2450019902491243], [0.2103516757277899, 0.04334884881539778, 0.6103647946701036, 0.13593468068670866], [0.49689457185734337, 0.0908927104597745, 0.2835602185111816, 0.12865249907170054], [0.3313097904096071, 0.07279692481032823, 0.41532882425016093, 0.18056446042990373], [0.5152463123438564, 0.04463736689160198, 0.31773671010114896, 0.12237961056339264], [0.8616117494917113, 0.028814495465690197, 0.08728119990194835, 0.022292555040650176], [0.5313989022475849, 0.04410898394644588, 0.29612899375221063, 0.12836311995375857], [0.4356520820232548, 0.04528290456024244, 0.39566171607510814, 0.12340329724139464], [0.7576369984482577, 0.04057673228427837, 0.1583939439438382, 0.04339232522362571], [0.4418993193318311, 0.048527004499068174, 0.3824590615154884, 0.12711461455361234]], "ideal": "D", "sampled": "D", "correct": true}}
{"type": "result", "data": {"idx": 14, "options": ["Virgo", "Laniakea", "Sculptor", "Bo\u00f6tes"], "probs": [[0.23766349430735131, 0.06363131897730584, 0.5371849576381965, 0.1615202289771463], [0.23867504897282504, 0.06367444009164852, 0.5369871058155384, 0.16066340501998802], [0.21077859242552804, 0.04221550343348004, 0.6318472576116937, 0.11515864642929823], [0.30130911543878347, 0.04911666472770841, 0.49008549350260694, 0.15948872623090116], [0.21387896258300013, 0.04174523117341226, 0.6370772217631618, 0.10729858438042575], [0.3158556257899411, 0.049755115613079604, 0.4734180622083916, 0.16097119628858772], [0.2831331981758316, 0.05200547530706687, 0.5170270011419473, 0.14783432527515422], [0.2868992536355147, 0.051894475788192104, 0.5149836271122293, 0.14622264336406388], [0.2746219418555636, 0.05078986437974697, 0.5244573510497083, 0.15013084261498114], [0.28111540221162085, 0.050710251523316804, 0.5160097883122063, 0.152164557852856], [0.28501978089015906, 0.05026508792337162, 0.5176803988046275, 0.14703473228184186], [0.2841287276172281, 0.050741397217365786, 0.5142048039086407, 0.15092507115676543], [0.19133575750948215, 0.04574409633261978, 0.6421990059017204, 0.12072114015617763], [0.2611171564032214, 0.05519808746027178, 0.5136032623492182, 0.1700814936872886], [0.2241196715652218, 0.0618252553663885, 0.549980899263343, 0.16407417370504665], [0.22605069795819527, 0.06230404786726518, 0.543698294594209, 0.16794695948033048], [0.28444224593179135, 0.042328678067266, 0.564683377686299, 0.10854569821464363], [0.1892897833881798, 0.04155585650270987, 0.647925274513976, 0.12122908549513436], [0.19841070039568745, 0.04501336376534486, 0.6543960532849145, 0.10217988245405325], [0.2838061578499359, 0.05862413608251495, 0.48620387100202966, 0.17136583496551944], [0.2305159058383524, 0.06348564711642374, 0.5442992651029741, 0.16169918184224977], [0.2284139675536775, 0.06328298848768801, 0.541826124868554, 0.16647691899008055], [0.31469991682787396, 0.044447686353173775, 0.5427519062261236, 0.09810049049282873], [0.1900801402903289, 0.03991086124775491, 0.6577621248696598, 0.11224687349225632]], "ideal": "B", "sampled": "B", "correct": true}}
{"type": "result", "data": {"idx": 15, "options": ["Venus", "Mars", "Jupiter", "Saturn"], "probs": [[0.27367008137454857, 0.07685437912253466, 0.47612852562864544, 0.17334701377427134], [0.27110875256126743, 0.08569950801095579, 0.35968182291252837, 0.28350991641524836], [0.30272251364541747, 0.10777762531156415, 0.3924866318310211, 0.19701322911199728], [0.30157620610488306, 0.10336651215015863, 0.4023713887042181, 0.19268589294074018], [0.2975693554112961, 0.12248611083933394, 0.3112467434319522, 0.26869779021741774], [0.2731115160658941, 0.09852901624955622, 0.4381685158581544, 0.19019095172639522], [0.247175903945106, 0.0618971367259798, 0.5239850321185009, 0.16694192711041325], [0.2551800703441753, 0.06251134955672721, 0.4180171943044323, 0.26429138569466526], [0.2984711349623271, 0.10421442363326154, 0.4030673561249023, 0.19424708517950906], [0.29257308997904485, 0.09755520376250318, 0.421359622118066, 0.18851208404038597], [0.28767010995357617, 0.08571273215319997, 0.3799541946858818, 0.24666296310734206], [0.2644424837233564, 0.08653550694498026, 0.46591048937024, 0.18311151986142338], [0.5076910408135508, 0.07690188517105118, 0.26628816918714804, 0.14911890472825004], [0.5086671633708362, 0.06996558501668101, 0.2810027259157821, 0.14036452559670068], [0.49617189163968334, 0.07673501967616439, 0.27583831545932413, 0.15125477312482813], [0.48654766698336605, 0.07145617422701271, 0.2962301781563085, 0.14576598053331274], [0.4888092424621901, 0.08290955670569415, 0.2768248103826028, 0.15145639034951291], [0.4884160843165175, 0.0822170439947984, 0.28053823164626535, 0.14882863994241877], [0.3067700587410678, 0.0831283560545193, 0.31400192014714673, 0.2960996649572662], [0.28347198040392624, 0.0751294288612704, 0.4667258808499344, 0.17467270978486898], [0.3148711102732393, 0.07473892863705553, 0.3433602265205616, 0.2670297344691436], [0.28709795640372276, 0.08284292990864993, 0.4526498547838995, 0.17740925880372774], [0.3126436499715959, 0.11979518589023305, 0.36785460371544354, 0.19970656032272746], [0.3093518706653672, 0.11496244712402515, 0.37764395404984924, 0.19804172806075843]], "ideal": "C", "sampled": "C", "correct": true}}
