{"type": "result", "data": {"idx": 0, "options": ["Cryptocurrencies, Expensive, Secure, Financial Crime", "Traditional currency, Cheap, Unsecure, Charitable giving", "Cryptocurrencies, Cheap, Secure, Financial crime", "Traditional currency, Expensive, Unsecure, Charitable giving"], "probs": [[0.36462914940048774, 0.1913062184857751, 0.3591010272143798, 0.08496360479935734], [0.367289172104041, 0.26280457953587305, 0.2365881161120032, 0.13331813214808275], [0.447961777403858, 0.23827350137235184, 0.23193275926177986, 0.08183196186201029], [0.467951714945728, 0.2392790913342569, 0.22570477423795046, 0.06706441938206462], [0.36709890011015445, 0.2799112587953397, 0.21541826309953685, 0.13757157789496904], [0.40506952996971646, 0.21703930196975876, 0.312564372985101, 0.0653267949754238], [0.1786317215783203, 0.31191754105609637, 0.39296212495687327, 0.11648861230871009], [0.2511967010009906, 0.4415624241880991, 0.19248046608666908, 0.11476040862424121], [0.180189014805634, 0.2530373949530809, 0.4426498147600045, 0.12412377538128058], [0.28973061059297556, 0.40217197236995483, 0.1958936616276534, 0.11220375530941622], [0.20186925533985778, 0.17865042919072444, 0.5126850161243894, 0.10679529924502831], [0.227731595660247, 0.18786133173589825, 0.4684658259489187, 0.11594124655493604], [0.4621403377148204, 0.26502548855797153, 0.21578905831238251, 0.05704511531482557], [0.447527514633767, 0.2609202660702118, 0.22436054884486964, 0.06719167035115153], [0.36254670672148887, 0.19616217616977397, 0.37124215999642723, 0.07004895701230991], [0.35956183373597045, 0.25306893487210586, 0.23342044400172415, 0.15394878729019956], [0.3077814716291268, 0.18754934611006702, 0.4245906363565107, 0.08007854580429553], [0.34850124040488134, 0.24911824237475452, 0.23337005424207352, 0.1690104628782906], [0.2539554611773291, 0.4743721328014256, 0.18140321018679506, 0.0902691957344503], [0.19229560085646694, 0.34549261314358254, 0.3499456461197405, 0.11226613978021004], [0.20858205788865597, 0.17344056265999744, 0.5135336731208171, 0.10444370623052954], [0.19930222925491237, 0.16464804356609447, 0.5026478841792743, 0.13340184289971885], [0.15482138557141695, 0.22953548219100503, 0.5074644239473837, 0.10817870819019439], [0.2639734885444425, 0.4022479413197755, 0.19734029783777118, 0.13643827219801083]], "ideal": "C", "sampled": "A", "correct": false}}
{"type": "result", "data": {"idx": 1, "options": ["Unsafe practices, Wants, Fear, Trivial", "Unsafe practices, Distress, Fear, Serious", "Safe practices, Wants, Jealousy, Trivial", "Safe practices, Distress, Jealousy, Serious"], "probs": [[0.30700007992893336, 0.26706550318507494, 0.26473353099361757, 0.16120088579237418], [0.3129405677005632, 0.2482931613673826, 0.28767290708526166, 0.15109336374679253], [0.2989179193674623, 0.22182118890451466, 0.31527146693891656, 0.16398942468910643], [0.26358016930000444, 0.22128908004203252, 0.32216596120107205, 0.19296478935689101], [0.2918852312851909, 0.23105298324677964, 0.3308111776201597, 0.14625060774786974], [0.28403995284697037, 0.26174262943459653, 0.2921641257758077, 0.16205329184262549], [0.31141990420088317, 0.18286089597303928, 0.32273992892852615, 0.18297927079755139], [0.30411095783549574, 0.19095107274609457, 0.3649269505192618, 0.14001101879914787], [0.3105761203030944, 0.20101619363849446, 0.31604153856578704, 0.1723661473926241], [0.2770699005605357, 0.22184650928315106, 0.35495132733239665, 0.14613226272391655], [0.3701414708401941, 0.23137254665903356, 0.22763426260408923, 0.1708517197966831], [0.3138334265732794, 0.22706538573227297, 0.24360558426295004, 0.21549560333149761], [0.20743890413711674, 0.1830371943385728, 0.38110581604463245, 0.22841808537967798], [0.24891734120740808, 0.2313719838626279, 0.35875719782102733, 0.1609534770089367], [0.25005844605535765, 0.2330780808853197, 0.3388117005905207, 0.17805177236880193], [0.2379827123041205, 0.26631025270869324, 0.34788952311045523, 0.14781751177673097], [0.2981374903937686, 0.336914663533176, 0.20486745541531762, 0.1600803905577378], [0.271014187771014, 0.3237477290865048, 0.23376833248435766, 0.17146975055812352], [0.22743808881991506, 0.18564215023982564, 0.44517373370883995, 0.14174602713141934], [0.2437851090687411, 0.20516079089202824, 0.3956206617386195, 0.15543343820061115], [0.2660770634719768, 0.19349930601869278, 0.2992542296571028, 0.24116940075222756], [0.3058632955522937, 0.2549110092699577, 0.27789983564667226, 0.16132585943107636], [0.2786038476158153, 0.22981802774428858, 0.28636142181928215, 0.20521670272061393], [0.30648337878251775, 0.26242106368238916, 0.2888541731290994, 0.1422413843059937]], "ideal": "B", "sampled": "B", "correct": true}}
{"type": "result", "data": {"idx": 2, "options": ["Employee rights", "Employee rights", "Employer duties", "Employee duties"], "probs": [[0.3414955335068285, 0.14088978942148278, 0.2560843152718666, 0.2615303616998222], [0.3292630959608175, 0.13806210662626606, 0.2843478662139124, 0.2483269310990041], [0.3593937456248425, 0.29678693410766566, 0.1660082638097694, 0.17781105635772243], [0.2838253463170822, 0.2169654731821256, 0.24298844463149044, 0.2562207357693017], [0.24116957956615656, 0.37366019562143116, 0.1920457275900207, 0.1931244971223916], [0.2866060861631465, 0.3669103845695981, 0.15250544930238874, 0.19397807986486665], [0.3414955335068285, 0.14088978942148278, 0.2560843152718666, 0.2615303616998222], [0.3292630959608175, 0.13806210662626606, 0.2843478662139124, 0.2483269310990041], [0.3593937456248425, 0.29678693410766566, 0.1660082638097694, 0.17781105635772243], [0.2838253463170822, 0.2169654731821256, 0.24298844463149044, 0.2562207357693017], [0.24116957956615656, 0.37366019562143116, 0.1920457275900207, 0.1931244971223916], [0.2866060861631465, 0.3669103845695981, 0.15250544930238874, 0.19397807986486665], [0.2528822199116256, 0.304568299756835, 0.20076549649512287, 0.24178398373641644], [0.19115160688562408, 0.19782823617012252, 0.40491316321784016, 0.20610699362641324], [0.2528822199116256, 0.304568299756835, 0.20076549649512287, 0.24178398373641644], [0.19115160688562408, 0.19782823617012252, 0.40491316321784016, 0.20610699362641324], [0.24232353582965543, 0.39967235916375576, 0.207026333119606, 0.15097777178698277], [0.24232353582965543, 0.39967235916375576, 0.207026333119606, 0.15097777178698277], [0.29759076678147417, 0.3017007157158261, 0.17563869319051506, 0.22506982421218463], [0.3130831858090832, 0.261132698977674, 0.18746971430109524, 0.23831440081214758], [0.29759076678147417, 0.3017007157158261, 0.17563869319051506, 0.22506982421218463], [0.3130831858090832, 0.261132698977674, 0.18746971430109524, 0.23831440081214758], [0.3825356547886362, 0.28301142799970336, 0.15955607115949832, 0.17489684595216207], [0.3825356547886362, 0.28301142799970336, 0.15955607115949832, 0.17489684595216207]], "ideal": "D", "sampled": "D", "correct": true}}
{"type": "result", "data": {"idx": 3, "options": ["Presenteeism", "Absenteeism", "Work-play balance", "Work-life balance"], "probs": [[0.23264523991634703, 0.15943212568011794, 0.29662546070492146, 0.31129717359861353], [0.09226099595929478, 0.11169757027119591, 0.7282343072023343, 0.06780712646717502], [0.21052872975651624, 0.44011082912968175, 0.10264234912380582, 0.2467180918899962], [0.07762766057134479, 0.17318715540496252, 0.6796379836633206, 0.06954720026037212], [0.06689165706353631, 0.8495968800946025, 0.04599803805631219, 0.03751342468554891], [0.07219637795195022, 0.8360120497550749, 0.055449134563155006, 0.036342437629819854], [0.020670920170311413, 0.7262735270580817, 0.11556205203680645, 0.13749350063480045], [0.014354884738857565, 0.5111487812968345, 0.43061122827835246, 0.043885105585955486], [0.01830447323056951, 0.7233258064173204, 0.14225037738982196, 0.11611934286228819], [0.019472519260285887, 0.2829832779833245, 0.6482601273796297, 0.04928407527675994], [0.015102059575835578, 0.9075272640207358, 0.05109337658311869, 0.026277299720309934], [0.018655051829731803, 0.8950988670263492, 0.056650415236175, 0.029595665807743983], [0.2934716597878767, 0.1722434584289884, 0.12843951390234445, 0.4058453677807905], [0.08449314103522641, 0.13919289927256318, 0.701157774749235, 0.0751561848429754], [0.17720323535215218, 0.12014148949164531, 0.34035223211890014, 0.3623030429373023], [0.06085223431937284, 0.09433409894056079, 0.788200581522416, 0.05661308511765034], [0.050486221716398556, 0.8529945579324217, 0.058853111936029275, 0.03766610831515044], [0.0360995464207267, 0.8866057860511283, 0.04405421774694561, 0.0332404496811994], [0.7906753560366458, 0.12912185201264997, 0.039798386372220995, 0.040404405478483216], [0.7905083975213508, 0.13117822637251733, 0.043729200976333676, 0.03458417502979809], [0.7227936305560796, 0.0893177380027219, 0.14297354060128875, 0.044915090739909735], [0.8035183460944988, 0.0984209316615532, 0.05037070011701351, 0.047690022026934495], [0.7809636272059242, 0.1319563334619185, 0.04574913716141664, 0.041330902070740645], [0.7839205872287789, 0.12251078168487453, 0.0377555163349069, 0.055813114651439656]], "ideal": "D", "sampled": "D", "correct": true}}
{"type": "result", "data": {"idx": 4, "options": ["Industrial supply loops", "Industrial ecosystems", "Ecological ecosystems", "Corporate ecosystems"], "probs": [[0.11861663487286288, 0.6652413109060668, 0.14374390457241618, 0.07239814954865416], [0.10394634653898638, 0.5485983674327246, 0.29562411700442975, 0.05183116892385925], [0.15246563807544652, 0.17152902098827597, 0.5793036092394135, 0.09670173159686399], [0.17315793422721115, 0.226976071878387, 0.5074401014708695, 0.09242589232353239], [0.0943499867410114, 0.47874497827482915, 0.3669664818393062, 0.05993855304485327], [0.1182587505565975, 0.6419535396385823, 0.16231127362481323, 0.07747643608000701], [0.46613797742605045, 0.260289266066196, 0.14723821595399136, 0.12633454045376213], [0.3636777779918323, 0.2387886696544367, 0.32989931840650827, 0.0676342338472227], [0.4726455300506733, 0.26169317122632635, 0.1480105193415966, 0.1176507792814038], [0.30710948082545214, 0.23988689926637366, 0.4055545107159243, 0.047449109092249885], [0.3480951150744056, 0.47257360283134, 0.12066227061589876, 0.058669011378355625], [0.3086401613832872, 0.5174994026351858, 0.1271645166497774, 0.04669591923174959], [0.11745151963736945, 0.2091928437827908, 0.5814343733610995, 0.0919212631187403], [0.11849955076283014, 0.25036323814163086, 0.5466711683522715, 0.08446604264326756], [0.12578684277747126, 0.6323358510150361, 0.15865738924730804, 0.08321991686018464], [0.0908764285685861, 0.5394053800233152, 0.3221391345103008, 0.047579056797797885], [0.12514048442249154, 0.4759793706637916, 0.27065079841149575, 0.1282293464022211], [0.11220320898232235, 0.5344420353615364, 0.2927696857263022, 0.060585069829838946], [0.2236631579075059, 0.18764725884847697, 0.5104149135560466, 0.07827466958797048], [0.33223344882284883, 0.24372313187894432, 0.27193584225033796, 0.15210757694786892], [0.33921347149719383, 0.42947504500428474, 0.16991735043629466, 0.061394132962226754], [0.30450868861234703, 0.4615428034610423, 0.17703030909046702, 0.05691819873614365], [0.34994944926577104, 0.21151088176042698, 0.28209140893976264, 0.15644825993403932], [0.31105773048230584, 0.23549547351756747, 0.3861264162628054, 0.06732037963732122]], "ideal": "B", "sampled": "B", "correct": true}}
{"type": "result", "data": {"idx": 5, "options": ["Power imbalance, Benefits, Hoodwinked", "Power imbalance, Resources, Co-opted", "Informational asymmetries, Benefits, Hoodwinked", "Informational asymmetries, Resources, Co-opted"], "probs": [[0.2786092952133275, 0.28491099604681885, 0.3217812358347695, 0.11469847280508413], [0.2691367308397678, 0.26696005858732047, 0.3334307719944888, 0.13047243847842294], [0.30701220032482857, 0.3065159022501559, 0.26956602928326984, 0.11690586804174569], [0.2791169285495114, 0.28090247509054683, 0.3003352284131122, 0.13964536784682952], [0.22114536995031206, 0.25844832481993635, 0.4413864480594547, 0.07901985707029689], [0.21738307985661726, 0.3033560031109187, 0.3913176503131991, 0.08794326661926492], [0.3333903352103133, 0.2362756501282108, 0.30230779353658604, 0.12802622102488984], [0.3298715626128091, 0.2774983027486293, 0.2738229015655958, 0.11880723297296586], [0.28736418071771586, 0.2801189076726675, 0.3446287224510248, 0.08788818905859182], [0.27561836815957436, 0.2584992589133434, 0.3688730514677608, 0.09700932135932147], [0.3171628775009091, 0.32112318861825817, 0.23033575485312147, 0.13137817892771125], [0.2881134748170749, 0.29181420800151925, 0.2544024288399925, 0.16566988824141335], [0.27214727208496514, 0.31061035854407976, 0.27103171153683736, 0.14621065773411773], [0.2995390571388647, 0.3469297859699562, 0.25895935101482986, 0.09457180577634926], [0.23238217135781297, 0.3297476669891442, 0.34153561762924134, 0.09633454392380152], [0.2239725770740647, 0.24617773498186254, 0.458046024944857, 0.07180366289921572], [0.24303008111869703, 0.26858557046915466, 0.37424582152271957, 0.11413852678942876], [0.23409648680894887, 0.24324021143685293, 0.39614955796141643, 0.12651374369278176], [0.25840690536890043, 0.27909439591437324, 0.3570129844411855, 0.10548571417554081], [0.2647056500436707, 0.27243911405345, 0.3800136333319918, 0.08284160247088752], [0.2721626500835448, 0.3180324482306565, 0.2467277831594947, 0.16307711842630396], [0.31004772488332605, 0.37315652248697634, 0.19887803649476452, 0.11791771603493312], [0.2560822183866518, 0.21861341080625568, 0.37915288112929746, 0.146151489577795], [0.2561404146912915, 0.21561406871925454, 0.3942870556062615, 0.13395846088319244]], "ideal": "B", "sampled": "B", "correct": true}}
{"type": "result", "data": {"idx": 6, "options": ["hedonistic utilitarianism", "preference utilitarianism", "The Categorical Imperative", "ethics of care"], "probs": [[0.24425354995727824, 0.34099851510995705, 0.21450591616396197, 0.2002420186688027], [0.25215027459571066, 0.3387155229662922, 0.1924787736510583, 0.21665542868693885], [0.207764139403601, 0.28274859711314315, 0.29606636032185035, 0.21342090306140551], [0.22250243028285194, 0.27444654173906846, 0.2104368695796877, 0.2926141582983918], [0.21216244451796315, 0.2738078954754202, 0.30267213144876354, 0.21135752845785302], [0.2407482564208562, 0.27517530319323136, 0.23147422072956864, 0.25260221955634377], [0.21678940303573527, 0.3679358253130194, 0.21397864178727166, 0.20129612976397374], [0.2282040233949501, 0.36967801493169544, 0.18682266491537675, 0.21529529665797772], [0.19312039591289734, 0.2826631451164092, 0.34783584912624077, 0.17638060974445266], [0.23097239776585055, 0.2885269565372271, 0.2205228242135483, 0.25997782138337405], [0.19745056310188394, 0.26568468401790324, 0.35623579887730383, 0.180628953902909], [0.23992317972626065, 0.2775398923155351, 0.24589054308515315, 0.23664638477305106], [0.10511577011880047, 0.6083343125891509, 0.19965964407521583, 0.08689027311683278], [0.1101760317353713, 0.6166122830763285, 0.15647830767012857, 0.11673337741817158], [0.10919282246007436, 0.49739830553766756, 0.2811970517204038, 0.11221182018185422], [0.12191654994670834, 0.5366640530236184, 0.19632378337477596, 0.14509561355489722], [0.08507236029048128, 0.2570901791711093, 0.47151359559713196, 0.18632386484127744], [0.09693500254175778, 0.2769307750643905, 0.42510979729946463, 0.20102442499438708], [0.12510082031205375, 0.5184968074749712, 0.2479188125487691, 0.108483559564206], [0.13434058226284196, 0.5256994883831233, 0.18827980474318073, 0.151680124510854], [0.12439877356844106, 0.45933395177495034, 0.29968146234127224, 0.11658581221533633], [0.1398111027283065, 0.4835753286466813, 0.21522635860753592, 0.1613872099174763], [0.09793604091368231, 0.2782484271974637, 0.43297335178565516, 0.19084218000319883], [0.1109763532765992, 0.30510711666870804, 0.38229307528487555, 0.2016234546698172]], "ideal": "B", "sampled": "A", "correct": false}}
{"type": "result", "data": {"idx": 7, "options": ["The only social responsibility of business is to its shareholders", "Managers should act in ways that balance the interest of society and shareholders", "The primary responsibility organizations have is to its employees", "The primary responsibility organizations have is to its stakeholders"], "probs": [[0.7597725250777578, 0.15810699718063295, 0.04807676653829783, 0.03404371110331139], [0.6944077234112668, 0.22249206112775968, 0.05295105073102764, 0.030149164629945862], [0.7089606454975228, 0.18822142392164448, 0.04614273802048015, 0.056675192460352505], [0.7936746703749954, 0.16438636906727283, 0.021568187437276135, 0.020370773020455663], [0.6925608424747224, 0.26191067351505914, 0.022961016442701546, 0.022567467467516932], [0.7457848322483094, 0.22039392978308728, 0.015413691560928809, 0.0184075463076745], [0.13105491388269136, 0.7482998704892078, 0.07966729608874396, 0.04097791943935693], [0.1555211286413415, 0.7233845183412486, 0.08947155111990543, 0.03162280179750451], [0.18296114689604115, 0.28401576835021897, 0.4228378439382556, 0.1101852407154843], [0.19176778134036027, 0.29140561007071225, 0.3111294143432247, 0.20569719414570273], [0.15631675543954088, 0.43286752212709834, 0.35796689583543767, 0.0528488264979231], [0.17548013516162006, 0.5491690284583222, 0.12659541337097693, 0.1487554229090808], [0.14835142039816485, 0.6250955052077184, 0.1125945109789582, 0.11395856331515854], [0.14749064710399862, 0.7238674597343954, 0.08411122669679968, 0.0445306663648063], [0.17073922111978246, 0.3584241622093144, 0.35139909906746297, 0.11943751750344017], [0.1292573107513392, 0.3122692745987085, 0.45215206608368896, 0.1063213484662633], [0.17595137129599553, 0.6335832287159806, 0.13017771748857135, 0.0602876823994525], [0.1385796455045204, 0.5894660089559277, 0.13567770409668042, 0.13627664134287146], [0.31599039248184885, 0.5999568182369467, 0.055460107299021, 0.028592681882183467], [0.31153254690651094, 0.6198743973718029, 0.04167775700764019, 0.02691529861404588], [0.40097328859864695, 0.3024233938790508, 0.2510646981034498, 0.04553861931885248], [0.4799328541345782, 0.33356239889300926, 0.10068217358811375, 0.08582257328429879], [0.5511765870207496, 0.27667700210885326, 0.10414564965571413, 0.06800076111468303], [0.47661833885124266, 0.2701116143617018, 0.12209438258467711, 0.13117566410237846]], "ideal": "A", "sampled": "A", "correct": true}}
{"type": "result", "data": {"idx": 8, "options": ["Legal, Interactions, Mechanics", "Civil, Relations, Outcomes", "Political, Interactions, Outcomes", "Environmental, Relations, Mechanics"], "probs": [[0.20186922403349153, 0.46551484905404233, 0.2568100151939928, 0.07580591161847328], [0.20187491928536502, 0.5439070665257807, 0.16964731250673232, 0.08457070158212199], [0.20472179503719556, 0.5428823868602212, 0.18295996025580402, 0.06943585774677921], [0.2136656093458016, 0.566868794657275, 0.15591214944156878, 0.06355344645535453], [0.2424144229872025, 0.46152054112821134, 0.2136751073079617, 0.08238992847662448], [0.24141986126080256, 0.47004609244728734, 0.21778931724808312, 0.07074472894382695], [0.26763369035227863, 0.3847256371157706, 0.2698205548361994, 0.0778201175957514], [0.294380882185492, 0.41361732519356775, 0.21870606297171732, 0.07329572954922288], [0.29001497787294933, 0.5065753383938236, 0.11903232157482008, 0.08437736205840693], [0.29895246471384507, 0.5183190184062815, 0.1016501799370053, 0.08107833684286817], [0.2996307588841592, 0.35489412874238613, 0.2561786453454419, 0.08929646692801278], [0.29170314716145135, 0.3592787766527208, 0.2514209895227668, 0.09759708656306104], [0.31510503035925963, 0.3583833681696902, 0.2510598078434882, 0.075451793527562], [0.3171482800057881, 0.387076094226429, 0.21104543695147768, 0.08473018871630515], [0.31843479278349934, 0.4472488891910961, 0.1401444621190183, 0.09417185580638623], [0.30654669946893376, 0.4407852753848602, 0.11989944873666748, 0.13276857630953856], [0.3020341716556276, 0.35460132621110935, 0.2790349444396034, 0.06432955759365962], [0.2819964780377799, 0.3464053739854973, 0.28163247248573325, 0.08996567539098951], [0.273434856733582, 0.46021710384488135, 0.20621902439905543, 0.060129014922481246], [0.2571812772053613, 0.4822076378948221, 0.1985691264606209, 0.062041958339195666], [0.2555043963613527, 0.46127860584638497, 0.21335447567775148, 0.06986252201451085], [0.22365538097529258, 0.48562471330434664, 0.19714472766572616, 0.09357517795463459], [0.20807845500864894, 0.5820187221254518, 0.1605435132718566, 0.04935930949404267], [0.19857956625609557, 0.5289200785206277, 0.20930700088611037, 0.06319335423716638]], "ideal": "B", "sampled": "C", "correct": false}}
{"type": "result", "data": {"idx": 9, "options": ["Dynamic", "Fluid", "Flexible", "Modern"], "probs": [[0.15153785274208934, 0.4531556732969671, 0.2575928010920305, 0.13771367276891308], [0.15428481534711988, 0.6402509021044007, 0.09425940082741728, 0.11120488162106205], [0.16200862823296752, 0.3275382816463996, 0.3621056675548844, 0.14834742246574845], [0.20873873801710757, 0.46399982376227533, 0.1306558361323403, 0.1966056019882768], [0.11777120915197216, 0.2604655344558479, 0.49896887311541904, 0.12279438317676086], [0.15351211219290098, 0.35951332861374813, 0.2332832619292177, 0.25369129716413313], [0.21627110119451765, 0.2299204297193122, 0.3527274166642994, 0.2010810523218707], [0.24806305775170095, 0.43359238300801334, 0.1014498709666684, 0.2168946881736173], [0.19899138806260513, 0.330833405223188, 0.29350116846010604, 0.1766740381541008], [0.256912081584025, 0.4654990475309448, 0.13111309632979845, 0.14647577445523174], [0.18831858037019097, 0.3682096600164322, 0.14165297149195347, 0.30181878802142337], [0.21912014666272586, 0.3226317570702408, 0.2804114651154329, 0.1778366310516005], [0.2237586710193314, 0.23622912518149344, 0.38557664130611835, 0.15443556239305678], [0.3112758122913386, 0.34387529149100093, 0.1223475420527564, 0.2225013540649041], [0.20723358667108574, 0.4002331077582816, 0.24362618492711607, 0.14890712054351657], [0.21726490521779707, 0.5604843872549891, 0.10413698804255717, 0.11811371938465669], [0.2533436043800806, 0.29276984054588634, 0.17034074154757528, 0.2835458134264578], [0.1837799279888899, 0.2153689175613619, 0.48212234870433507, 0.11872880564541312], [0.10193405223412672, 0.30634423859077753, 0.41964029948955317, 0.17208140958554263], [0.11908376694582688, 0.28659280491154643, 0.34535857259697433, 0.24896485544565233], [0.11005093484168246, 0.5136413130735701, 0.19456251543491102, 0.18174523654983643], [0.10031022651287153, 0.48392658339236005, 0.24874352850340928, 0.16701966149135913], [0.08701455073591846, 0.46221354824370064, 0.25080929689228026, 0.19996260402810062], [0.07120891020791285, 0.4491624302588128, 0.33869272971778813, 0.14093592971548624]], "ideal": "C", "sampled": "B", "correct": false}}
{"type": "result", "data": {"idx": 10, "options": ["Breadth, Clarity, Accuracy", "Disclosure, Detail, Accuracy", "Disclosure, Clarity, Accuracy", "Disclosure, Clarity, Efficiency"], "probs": [[0.4651834449645868, 0.2866452798591533, 0.21725814520732017, 0.030913129868939737], [0.6445758306079863, 0.26892569508177244, 0.025234868606441856, 0.06126360560379945], [0.5684335273564171, 0.3725832430093178, 0.02373088913718148, 0.03525234039708369], [0.5788417231538286, 0.35417275231957007, 0.0142984701301241, 0.05268705429647722], [0.5783314402693338, 0.2729151404345856, 0.06527427987906295, 0.0834791393170177], [0.45510754323750136, 0.2962069235163279, 0.20379848928051555, 0.044887043865655216], [0.3931213651346514, 0.4082202339212511, 0.1566720797706281, 0.04198632107346937], [0.489372159682489, 0.38184406360822487, 0.04494238878781732, 0.08384138782146881], [0.4407752653342353, 0.46627338673861046, 0.0466403317410723, 0.04631101608608198], [0.42224945835827943, 0.46909385381162844, 0.03794697124600025, 0.07070971648409193], [0.44617245261636734, 0.3621359819129963, 0.07640181594921786, 0.11528974942141851], [0.35200322159562175, 0.3657947221401373, 0.22500310733504994, 0.05719894882919099], [0.6790096912499642, 0.259370727293379, 0.025795709520141166, 0.03582387183651553], [0.7058108796665359, 0.23817827980767436, 0.014117326351536867, 0.04189351407425288], [0.6997787808344966, 0.2534923501275012, 0.017114206796185884, 0.0296146621418163], [0.708565017978798, 0.24256803272758476, 0.01545798508615892, 0.03340896410745831], [0.7321404470229368, 0.21197476221276967, 0.013976584668860686, 0.04190820599543281], [0.6928006887369436, 0.2450614740217438, 0.023606810480700072, 0.03853102666061254], [0.3459365069520244, 0.3628343939418355, 0.15833126006927276, 0.13289783893686738], [0.2743848006806289, 0.35615349343066494, 0.30182317346032966, 0.06763853232837644], [0.37069575870217064, 0.3697436937396423, 0.11725751705017781, 0.1423030304080093], [0.2660599509247289, 0.380750201947177, 0.29363735277323194, 0.05955249425486217], [0.3768038791429135, 0.4654360167079199, 0.05402338937155898, 0.10373671467760757], [0.3302775869891935, 0.4676050175615689, 0.11365856059757903, 0.08845883475165855]], "ideal": "C", "sampled": "C", "correct": true}}
{"type": "result", "data": {"idx": 11, "options": ["Indistinguishable, Perpetual, Does not own its own assets", "Independent, Limited, Owns its own assets", "Independent, Perpetual, Owns its own assets", "Indistinguishable, Perpetual, Owns its own assets"], "probs": [[0.4266581689887623, 0.2913223109032179, 0.2202711478309587, 0.061748372177061084], [0.46836229965546833, 0.2962339696727378, 0.1741268142363237, 0.061276916335470125], [0.4249881397502478, 0.29683445227908095, 0.20751578541330606, 0.07066162245736517], [0.45333872532264713, 0.29487310738620715, 0.17220332575345113, 0.0795848414376946], [0.4535450563201085, 0.26435548878119514, 0.1924290499143132, 0.08967040488438316], [0.4384901323138556, 0.26375270476727253, 0.20765002533914928, 0.09010713747972261], [0.5383678293099983, 0.17234999209911997, 0.23777288003240754, 0.05150929845847427], [0.5155593233123341, 0.1917597083817844, 0.18582043326755485, 0.10686053493832656], [0.5902608456539681, 0.22853008719393889, 0.09903540166116627, 0.08217366539092677], [0.6228212117525982, 0.243474498366804, 0.06968548148173613, 0.06401880829886164], [0.5351012031624199, 0.2222124602832253, 0.12644486787480833, 0.11624146857954647], [0.5310445167627248, 0.2119461282990679, 0.206968797418899, 0.05004055741930831], [0.5858569980736841, 0.16045149326570085, 0.19361215131184617, 0.06007935724876891], [0.5195415251722633, 0.16630394008451363, 0.20061683059489988, 0.11353770404832324], [0.5959594489956318, 0.2582485819648593, 0.08076816315033021, 0.06502380578917875], [0.6269579762695356, 0.2695482175359374, 0.05612509533667697, 0.04736871075784997], [0.5665097193858528, 0.1884058550675616, 0.11335440639498962, 0.131730019051596], [0.5876268853335099, 0.18692997444283965, 0.1687982113639262, 0.056644928759724246], [0.49176279804623174, 0.1700454392124266, 0.244031464523219, 0.09416029811812264], [0.4712611489466304, 0.17605025886103273, 0.24889809255033934, 0.10379049954199748], [0.5231268678223102, 0.26758433781190893, 0.12936761158583268, 0.07992118267994817], [0.45679115563844697, 0.2604455610782894, 0.22494488617100616, 0.05781839701225743], [0.5150957145406471, 0.25492158719524804, 0.1283327350512913, 0.10164996311281353], [0.47204612274080376, 0.25292062003108023, 0.2052488712687024, 0.06978438585941364]], "ideal": "C", "sampled": "C", "correct": true}}
{"type": "result", "data": {"idx": 12, "options": ["Private services, social, economic and environmental", "Public services, social, cultural and environmental", "Private services, cultural, economic and environmental", "Public services, social, economic and environmental"], "probs": [[0.28638250059575765, 0.40478319528798373, 0.1683188850758868, 0.1405154189403718], [0.1874454198209568, 0.1864909408277187, 0.5438618740471017, 0.08220176520422277], [0.18760539868990184, 0.12073676466832331, 0.5288330990863467, 0.16282473745542822], [0.1651972321554765, 0.10796448930150628, 0.5791085146120546, 0.14772976383096267], [0.2517011519650011, 0.4981688073860117, 0.17578280363223772, 0.07434723691674947], [0.26945599509381823, 0.521358899401759, 0.11682222608318617, 0.09236287932123667], [0.3681277303213351, 0.2208872239767657, 0.1886734346552674, 0.22231161094663182], [0.1930545630982629, 0.1362639306529426, 0.5838798022932148, 0.08680170385557967], [0.25505003330541237, 0.15248343346978277, 0.4018407463625564, 0.19062578676224845], [0.15901882707944537, 0.11159335654463996, 0.6345299387158722, 0.09485787756004246], [0.2760533844226687, 0.5170513717360843, 0.13440389228886973, 0.07249135145237727], [0.2659866949061783, 0.5304938834080754, 0.12177758681882049, 0.08174183476692588], [0.21334952749710218, 0.2151635949147232, 0.4047311962656123, 0.16675568122256226], [0.18118849394893743, 0.17298294602094785, 0.4891967474925079, 0.15663181243760677], [0.2205317267792704, 0.39886068096615873, 0.2777825717849068, 0.10282502036966404], [0.16589379185348466, 0.30200984846008305, 0.44256972932435723, 0.0895266302620751], [0.21444768458149818, 0.42646951947248946, 0.25004583222631804, 0.10903696361969427], [0.18700863697757786, 0.4077641130242892, 0.31460789311672144, 0.09061935678141148], [0.3023219271154012, 0.16334361596216218, 0.4135420733183406, 0.12079238350409606], [0.4080176176622074, 0.17511252088919105, 0.1690650334506555, 0.24780482789794603], [0.38888941080457456, 0.3538184840731813, 0.15641378214316068, 0.10087832287908348], [0.3885227432847974, 0.33755442031483074, 0.15403741254140935, 0.11988542375896247], [0.27887466131528976, 0.13815805108718254, 0.41184353210617053, 0.17112375539135713], [0.18003918243313244, 0.10713469103038654, 0.6128574702914222, 0.09996865614505876]], "ideal": "D", "sampled": "D", "correct": true}}
{"type": "result", "data": {"idx": 13, "options": ["Predatory pricing", "Deceptive pricing", "Price fixing", "Skimming"], "probs": [[0.09534534526868846, 0.5563882422967203, 0.19844062032978307, 0.14982579200480806], [0.09401113609037802, 0.5794642014182118, 0.18678571421115636, 0.13973894818025384], [0.11701041633226235, 0.2433472609775392, 0.46049655165383535, 0.1791457709363631], [0.18391913841677196, 0.3202761864218429, 0.2442779431570597, 0.25152673190432545], [0.1353352158231457, 0.21913563223365706, 0.47397507093688834, 0.17155408090630886], [0.20806530175999113, 0.2569263768629384, 0.24374376560871439, 0.291264555668356], [0.42331540580331056, 0.2518768608318222, 0.1690493523905505, 0.15575838087431673], [0.4233949120903571, 0.2624427934854624, 0.16664428758974942, 0.14751800673443105], [0.41487687203793133, 0.21803331048046787, 0.21093408446983042, 0.1561557329117704], [0.4938348450292624, 0.20798895440290704, 0.16398334721897478, 0.13419285324885577], [0.4847999882928513, 0.198493587928437, 0.18157780439196908, 0.1351286192867426], [0.5445501451193694, 0.19265433515116756, 0.13638994706056332, 0.12640557256889975], [0.07320291602775755, 0.24005310413860653, 0.5144848265318537, 0.17225915320178217], [0.13350310920333974, 0.352466314995805, 0.2482044398536433, 0.26582613584721193], [0.08672938171914987, 0.5434998666882958, 0.2356134267059752, 0.1341573247865792], [0.09213637363802162, 0.5687316398487965, 0.19923935526043696, 0.13989263115274492], [0.1266352534167493, 0.2145967483305911, 0.3322518765594109, 0.32651612159324866], [0.08772660503468505, 0.18066447423567236, 0.5290591992163173, 0.2025497214133253], [0.09030626170118686, 0.1839817952325644, 0.548217428008424, 0.17749451495782476], [0.16458721966365866, 0.2510384469354379, 0.25943614483646116, 0.3249381884644422], [0.1231994928952646, 0.5146249514750659, 0.22482009529963873, 0.13735546023003073], [0.13127120229097394, 0.5254306949278009, 0.2008428186228544, 0.14245528405837068], [0.13105499229424397, 0.2082995331302254, 0.3203346073556439, 0.3403108671198867], [0.09132389182408114, 0.17394365757328525, 0.5382887244793876, 0.196443726023246]], "ideal": "B", "sampled": "B", "correct": true}}
{"type": "result", "data": {"idx": 14, "options": ["Normative, Descriptive and Economic", "Normative, Moral and Instrumental", "Political, Descriptive and Instrumental", "Normative, Descriptive and Instrumental"], "probs": [[0.40629044217952553, 0.4230250434918157, 0.0723572948768868, 0.09832721935177198], [0.34749338545145686, 0.4555047519869791, 0.13324666220474926, 0.06375520025681475], [0.4061136659820917, 0.34325878274321675, 0.14607564450491622, 0.1045519066697753], [0.3711283289522215, 0.3255402220208298, 0.23608363200040336, 0.0672478169265454], [0.4004136532360413, 0.4451742105949256, 0.08037411094859252, 0.07403802512044053], [0.4489854061338107, 0.3999098911464753, 0.06234674643747555, 0.08875795618223847], [0.46006182174300386, 0.405065032837006, 0.049388558035535185, 0.08548458728445495], [0.4077670518805344, 0.43986984724592376, 0.08838524450283997, 0.06397785627070184], [0.4881985710341511, 0.3505389339791036, 0.06260856147067666, 0.09865393341606872], [0.4529393151825518, 0.35711939203504023, 0.11032227754450134, 0.07961901513790662], [0.43427410325679255, 0.45037585196615737, 0.04929311866822353, 0.06605692600882655], [0.43970170908507344, 0.4381304411249155, 0.042976047316071825, 0.07919180237393923], [0.3601175248262777, 0.43779158587846206, 0.11505788563531427, 0.08703300355994599], [0.3442279516591444, 0.4012523381847748, 0.18666983165447218, 0.06784987840160865], [0.33216631656667633, 0.48450923322145834, 0.09381751785098255, 0.08950693226088278], [0.3163919660693493, 0.48415366076592165, 0.12246827111073359, 0.07698610195399544], [0.3803199770618638, 0.42215862236929413, 0.12014856009252572, 0.0773728403763163], [0.34495539754738713, 0.4525838066402417, 0.12294998476728586, 0.07951081094508528], [0.6345753940961614, 0.2880718831162668, 0.028001143862536194, 0.04935157882503564], [0.6438455796887246, 0.2743512185729906, 0.02564618822234593, 0.056157013415938865], [0.6391884541053742, 0.29018192831843687, 0.021311774371405207, 0.04931784310478372], [0.628808543869366, 0.2920218044520552, 0.020786918233038843, 0.05838273334553987], [0.6605314685548224, 0.23446439466289926, 0.045338206495335626, 0.05966593018694276], [0.6048051939599842, 0.27884907566385514, 0.05022610910576896, 0.06611962117039161]], "ideal": "D", "sampled": "D", "correct": true}}
{"type": "result", "data": {"idx": 15, "options": ["Work-life balance", "Healthy and safe working conditions", "Employee privacy", "Free Speech"], "probs": [[0.048025319632197416, 0.8451047916657175, 0.07448461984029414, 0.032385268761790875], [0.034071611786060114, 0.8700447101425172, 0.05927923740712645, 0.03660444056429631], [0.03442442930394653, 0.09073720498261431, 0.8078306647555987, 0.06700770085784043], [0.12262015514443632, 0.167648088148278, 0.20159030998143085, 0.5081414466258548], [0.024945055037125505, 0.06945298844282527, 0.8278764167005741, 0.07772553971947517], [0.08520549344450169, 0.09609897964010568, 0.2764895496280519, 0.5422059771873408], [0.8748105593713702, 0.0685469522599376, 0.02893982574022281, 0.027702662528469386], [0.8802648076812819, 0.06000473986673114, 0.025092523395408597, 0.034637928956578384], [0.8585346000091385, 0.07675535459809918, 0.03143434692409249, 0.03327569836866986], [0.849962342068194, 0.06932054592310545, 0.030902747250586254, 0.04981436465811433], [0.8586695609228855, 0.05936339784462246, 0.03474262897194014, 0.04722441216055187], [0.8520941137415423, 0.057633504265743915, 0.035894203927503796, 0.054378177965209995], [0.030859216354848187, 0.0728271363715911, 0.8330690673709775, 0.0632445798025832], [0.13153609632130378, 0.13571150599553072, 0.185740128140949, 0.5470122694422165], [0.05531616238912914, 0.8324473654474728, 0.07635961614455401, 0.03587685591884411], [0.039812319273337476, 0.844111687189208, 0.06939425370442018, 0.046681739733034286], [0.09918370540269472, 0.11340656637338759, 0.21881900213641728, 0.5685907259875004], [0.025993573465351718, 0.07948446554306439, 0.8003333493384832, 0.0941886115531007], [0.018929928263333586, 0.06751323311491106, 0.8504055258307472, 0.06315131269100804], [0.05369634060703425, 0.1005453593806507, 0.32550340160072566, 0.5202548983115893], [0.030771667592903423, 0.8714537290490263, 0.06169151231697157, 0.03608309094109874], [0.03200320538559603, 0.8598428995786669, 0.06784662628928342, 0.04030726864645361], [0.05672415303077182, 0.12208245602457957, 0.2630990127725134, 0.5580943780721352], [0.014112060914476263, 0.05896571288965645, 0.8507192149852338, 0.0762030111106334]], "ideal": "B", "sampled": "B", "correct": true}}
{"type": "result", "data": {"idx": 16, "options": ["To make a profit", "To procure resources", "To communicate with shareholders", "To mediate between the organisation and the environment"], "probs": [[0.7193646925583769, 0.14905777618473984, 0.06811285848631445, 0.06346467267056888], [0.6546083541764984, 0.16395426918519015, 0.10486159983283111, 0.07657577670548027], [0.6651999551942323, 0.15017466693135392, 0.0999341040730113, 0.08469127370140245], [0.6353283571213567, 0.18231688573859534, 0.10322522447883903, 0.07912953256120886], [0.6277147577650078, 0.16414041937841, 0.10986077866245994, 0.09828404409412218], [0.6349649523303476, 0.20638645000757894, 0.08206369849313763, 0.07658489906893591], [0.13091761311420883, 0.7075106142036744, 0.10273177520121743, 0.058839997380899275], [0.14872079975368904, 0.6338754844487964, 0.1507319796625147, 0.06667173603499987], [0.13671544256917267, 0.16291561511900107, 0.5793222180136548, 0.12104672419817149], [0.17822309795555127, 0.2132664855127904, 0.35217415233386, 0.2563362640977983], [0.11932657924576226, 0.2200982470612275, 0.5410664201970189, 0.11950875339599133], [0.18461682015176054, 0.39787200105145454, 0.16739565375295815, 0.2501155249438268], [0.08226753647894226, 0.7191365849381294, 0.13093600970782776, 0.0676598687751006], [0.09556335067444048, 0.6978435411672788, 0.13728816601321858, 0.06930494204506218], [0.09669927002345945, 0.19780301014128374, 0.5738089380833201, 0.1316887816519367], [0.13224234079714445, 0.24958377327758996, 0.3226807213305826, 0.295493164494683], [0.11194724343851901, 0.21028410836221476, 0.5512643106295684, 0.12650433746969783], [0.13067698866839736, 0.32750518102664516, 0.25388327995036214, 0.28793455025459536], [0.1076735056838173, 0.7514499061218636, 0.0862580346924442, 0.054618553401874936], [0.10733935875649889, 0.7869643441226505, 0.06350699445011898, 0.04218930257073168], [0.142984146499337, 0.20007079092383936, 0.5404625929179271, 0.1164824695588965], [0.23012063023408003, 0.2860005625200038, 0.1583864445297615, 0.32549236261615466], [0.14075366207456497, 0.15664868494912484, 0.5789510218923558, 0.1236466309839544], [0.2187676629756225, 0.20131394855241716, 0.25736950674897885, 0.3225488816229815]], "ideal": "A", "sampled": "A", "correct": true}}
