{"type": "result", "data": {"idx": 0, "options": ["r = k ln[A]", "r = k [A]^2", "r = k [A]", "r = k"], "probs": [[0.4079419666163998, 0.3966718020137991, 0.11888024069072313, 0.07650599057907796], [0.35610813960174437, 0.39093254177632303, 0.12482634557507925, 0.12813297294685333], [0.3876641872833677, 0.4295097461059409, 0.09587774884106334, 0.08694831766962803], [0.3459289721192044, 0.4342793290520449, 0.08936777843189302, 0.13042392029685765], [0.3593795891728399, 0.39848074598565614, 0.10878187563375075, 0.1333577891077532], [0.36955305104241365, 0.3894907744698228, 0.14135558585849403, 0.09960058852926953], [0.3621029420541616, 0.4448358250398218, 0.11242597130210093, 0.08063526150391567], [0.31094165274812413, 0.4376999069603133, 0.12358952956995306, 0.12776891062160944], [0.3679662836404534, 0.4078276965716489, 0.12640405359217383, 0.09780196609572386], [0.32853673661430755, 0.406585290742043, 0.09706238294679921, 0.1678155895968502], [0.3213843679003573, 0.4100823371441188, 0.12018322108837744, 0.1483500737671465], [0.3466845569651945, 0.44665843894627677, 0.0750062053944904, 0.13165079859403836], [0.30147642118804213, 0.5160686411644674, 0.09878882838385483, 0.08366610916363568], [0.2874351377326004, 0.5035870558208212, 0.09616600506165077, 0.11281180128492758], [0.2753039752630674, 0.4427816338433746, 0.17790465617388196, 0.10400973461967604], [0.24592628706132366, 0.43776496588136615, 0.14322149538721682, 0.17308725157009333], [0.33153187731270867, 0.4110243854853105, 0.1773811701152987, 0.08006256698668215], [0.35917583371963396, 0.4354387553751051, 0.09902777595593518, 0.10635763484932577], [0.1846960471035913, 0.6541109631740281, 0.07174410616824746, 0.08944888345413322], [0.1886809099768327, 0.6497497315893364, 0.0869959262300486, 0.07457343210378238], [0.20252454014661525, 0.5596086536753537, 0.11010050758966351, 0.1277662984883675], [0.20861567554771906, 0.5914291738872377, 0.08826436846565705, 0.11169078199938619], [0.242027303001534, 0.515029739872937, 0.15984739718881813, 0.08309555983671091], [0.2565969045172441, 0.5169238082662584, 0.09737790065229252, 0.129101386464205]], "ideal": "D", "sampled": "A", "correct": false}}
{"type": "result", "data": {"idx": 1, "options": ["all molecular bonds absorb IR radiation", "IR peak intensities are related to molecular mass", "most organic functional groups absorb in a characteristic region of the IR spectrum", "each element absorbs at a characteristic wavelength"], "probs": [[0.13520108867133396, 0.5443505928154886, 0.25569660802516603, 0.0647517103880114], [0.10683043925702934, 0.4383090089012206, 0.035302120794154714, 0.4195584309475954], [0.058217880501682535, 0.9190331881751553, 0.01126217977908077, 0.011486751444081357], [0.05368370102178931, 0.9262377514467555, 0.00969833932049944, 0.01038020811095582], [0.13048331972887323, 0.45159189758967067, 0.062307513072006736, 0.3556172695094494], [0.1332082971867165, 0.5477658799618774, 0.259567097200177, 0.059458725551229094], [0.13064660257990698, 0.529659335148784, 0.2776784904954895, 0.06201557167581944], [0.11034901110174415, 0.4184607738296719, 0.03478421166834449, 0.4364060033002395], [0.0857749307193215, 0.873994255555778, 0.018514102840270052, 0.021716710784630392], [0.06100319267700999, 0.9150560932453106, 0.008722798949593743, 0.015217915028085659], [0.11734123747332131, 0.4116051608684999, 0.04830416075532666, 0.42274944080285215], [0.13881640134853748, 0.5359213947713896, 0.25405296680770934, 0.07120923697236363], [0.6430089212390194, 0.3031467655148997, 0.018824120100708212, 0.03502019304537265], [0.6170173183339057, 0.32204850965044196, 0.022550304971330974, 0.038383866944321395], [0.6759203520653165, 0.27482368925094836, 0.013833760904617933, 0.03542219767911716], [0.6193944238229382, 0.31113752835536557, 0.021949112494885625, 0.04751893522681057], [0.643385498295418, 0.29613982194003785, 0.0210838903685788, 0.03939078929596525], [0.6491164008263431, 0.28547707731412353, 0.024102536756525402, 0.04130398500300795], [0.1275240308007473, 0.514758458034656, 0.04857862277255529, 0.30913888829204134], [0.12214565321380955, 0.5334509630468907, 0.2915947149834308, 0.05280866865586898], [0.10618821649146892, 0.42461753361841426, 0.0426840898651871, 0.4265101599249297], [0.1336507648095948, 0.5158344506701573, 0.2860622405719797, 0.06445254384826818], [0.07958832567921742, 0.8874361251629462, 0.01612710688253637, 0.016848442175299943], [0.07281956075893814, 0.9002094863945066, 0.013025837949105876, 0.01394511479744935]], "ideal": "C", "sampled": "C", "correct": true}}
{"type": "result", "data": {"idx": 2, "options": ["2", "3", "4", "5"], "probs": [[0.1586855971458655, 0.32959625612772064, 0.37249547794454846, 0.13922266868186536], [0.15000119803835987, 0.3419167101041293, 0.3465939163815088, 0.16148817537600205], [0.1423160241637387, 0.18649975853036663, 0.5308556951689118, 0.1403285220369828], [0.18071062178789282, 0.23091689782144184, 0.3829340807532134, 0.20543839953745194], [0.13103351581426256, 0.15763881015566789, 0.5541441687749878, 0.15718350515508167], [0.14520538717280465, 0.17592513117968903, 0.48900267411364695, 0.18986680743385934], [0.2036350311270136, 0.21914924168552516, 0.418515194248214, 0.15870053283924723], [0.2061699597902068, 0.23053802204005217, 0.382454627975505, 0.180837390094236], [0.21971460519874558, 0.2514917477269288, 0.3626710962090487, 0.166122550765277], [0.24502411117153705, 0.24019467470338055, 0.3432630249028411, 0.17151818912224132], [0.19508453038860393, 0.19572486304919512, 0.42691544129659614, 0.18227516516560482], [0.2026408908581085, 0.18237535784988568, 0.4580359415225158, 0.15694780966949004], [0.15069931519462704, 0.20224687153690862, 0.5040767713269655, 0.14297704184149884], [0.16691903521828355, 0.23444295183779953, 0.39816969615483894, 0.20046831668907797], [0.1917413805685598, 0.30950481831883897, 0.3395641243378032, 0.15918967667479797], [0.18737949802316017, 0.2960391761937232, 0.3619605086703433, 0.1546208170127733], [0.15951586307385646, 0.1948333862328373, 0.4383689201411974, 0.20728183045210888], [0.15917748752566915, 0.18143740703214356, 0.5045119222785024, 0.15487318306368486], [0.11756075785567932, 0.19341934734090716, 0.5554583957847471, 0.1335614989186664], [0.11894999443295211, 0.21309179065480777, 0.4873514174927688, 0.18060679731947135], [0.13994091539263662, 0.30696406500005624, 0.39390459065812766, 0.15919042884917947], [0.13540275595328335, 0.2772188525700341, 0.44605473344119356, 0.14132365793548898], [0.1494407973950791, 0.22008860436993263, 0.42378202707973234, 0.20668857105525595], [0.16359235344681367, 0.22489731011525899, 0.45369213814966863, 0.1578181981882587]], "ideal": "D", "sampled": "B", "correct": false}}
{"type": "result", "data": {"idx": 3, "options": ["The I\u2212 : IO3\u2212 ratio is 3:1.", "The MnO4- : I- ratio is 6:5.", "The MnO4- : Mn2+ ratio is 3:1.", "The H+ : I\u2212 ratio is 2:1."], "probs": [[0.3713243520337575, 0.43875609843315794, 0.10960308216303352, 0.08031646727005101], [0.36936969111697215, 0.43977687413730593, 0.08830075841707262, 0.10255267622864928], [0.36054175551293327, 0.4395081930986392, 0.10808082507839585, 0.09186922621003166], [0.3488214571821634, 0.4451877937211355, 0.0937124176359235, 0.1122783313607776], [0.3621024923214688, 0.43131871079130973, 0.10121693753704328, 0.1053618592501782], [0.3680138995283559, 0.4279236622598108, 0.1103047165255128, 0.09375772158632048], [0.3352551409973949, 0.4884973989162497, 0.09663948271739455, 0.07960797726896081], [0.3346608007711847, 0.4839543735791657, 0.0825150838599174, 0.09886974168973219], [0.3172061551965273, 0.5236697480351734, 0.0826058487448431, 0.07651824792345617], [0.30078638941557145, 0.5323751806252127, 0.0853170567062291, 0.08152137315298674], [0.33335858580342503, 0.47487215468356186, 0.09170802011538563, 0.10006123929762745], [0.3261465302009005, 0.48281096945104457, 0.10989541387403687, 0.08114708637401809], [0.3607921546218784, 0.4571981063445462, 0.09697604033907002, 0.08503369859450534], [0.35088769643635487, 0.45507265488939536, 0.0879080247167663, 0.10613162385748343], [0.35752386966745786, 0.47472665213452103, 0.09100256384730813, 0.07674691425071299], [0.34179169700136514, 0.4791766213707511, 0.09330699055394998, 0.08572469097393376], [0.3422767153076565, 0.4685909465777069, 0.09560297324615417, 0.09352936476848239], [0.3298929308777997, 0.4805255197959019, 0.10686553188935029, 0.08271601733694812], [0.3801371141990202, 0.43213942882116296, 0.09233011247263767, 0.09539334440717918], [0.3755011902410492, 0.4470866618321787, 0.095544160446675, 0.08186798738009705], [0.37921005611286274, 0.45158798218821505, 0.08585160928380058, 0.08335035231512164], [0.3664496786380463, 0.4573152967520035, 0.10569901727044945, 0.07053600723950078], [0.3621357705986147, 0.4769103264101546, 0.07756795791184051, 0.08338594497939018], [0.35357934842288646, 0.4880441099483713, 0.08925286826138387, 0.06912367326735838]], "ideal": "B", "sampled": "C", "correct": false}}
{"type": "result", "data": {"idx": 4, "options": ["always", "only for constant pressure processes", "only for constant temperature processes", "only for constant volume processes"], "probs": [[0.22082655458665806, 0.3449539891278601, 0.2618714013712706, 0.17234805481421123], [0.2303557246693091, 0.35948738452177526, 0.2564775049429954, 0.15367938576592022], [0.2283134196219032, 0.3074905321810692, 0.2860427839178321, 0.17815326417919544], [0.23381257499744273, 0.3098158101510023, 0.2559671585318559, 0.20040445621969907], [0.2456084115738954, 0.30981133308326536, 0.27970082398540685, 0.16487943125743232], [0.23300882723126987, 0.2918097805003977, 0.26098347874282307, 0.21419791342550937], [0.23954332943294107, 0.3288572875315687, 0.2580542679493283, 0.17354511498616193], [0.24393093583528708, 0.3478638231406439, 0.2487156837929919, 0.1594895571310771], [0.173678755742825, 0.20642992852054048, 0.43556436891968514, 0.18432694671694938], [0.18973810968885851, 0.20157836375604912, 0.2781558632572491, 0.3305276631978432], [0.1701316608259571, 0.2020607500145099, 0.45427430620981, 0.17353328284972294], [0.19663468905405743, 0.1947013528539341, 0.2686942735434812, 0.33996968444852727], [0.20577313003866493, 0.3264129459531528, 0.2919237017339607, 0.1758902221742216], [0.21413129885039162, 0.342157875595416, 0.2533437051123909, 0.19036712034180148], [0.1577119576091398, 0.2161964987358768, 0.4419583809517448, 0.18413316260323864], [0.1791944258985862, 0.2143856350680076, 0.2711125096739175, 0.3353074292594887], [0.14508959240428035, 0.17823919489979492, 0.4863356713714393, 0.19033554122448543], [0.17260741414158656, 0.17937401623538424, 0.3152577139751792, 0.33276085554785], [0.21273719723200704, 0.3390077205709833, 0.28548122725677266, 0.16277385484023701], [0.21672406790473445, 0.3271240293652521, 0.260456353399934, 0.19569554923007948], [0.16539796680930108, 0.22095463994645712, 0.43814348801424535, 0.17550390512999645], [0.1876426134028364, 0.2138445760440195, 0.25842004241683614, 0.340092768036308], [0.1539783660929626, 0.19046245584502144, 0.455093647859658, 0.20046553010235799], [0.16794178627502326, 0.18695916887920844, 0.32145683517265666, 0.3236422095731116]], "ideal": "B", "sampled": "A", "correct": false}}
{"type": "result", "data": {"idx": 5, "options": ["3 lines", "9 lines", "5 lines", "7 lines"], "probs": [[0.23018032310091385, 0.2746365964138053, 0.3216856717741669, 0.173497408611114], [0.22462307249181945, 0.27878702099496294, 0.3399173071628237, 0.15667259925039392], [0.22404158446994524, 0.2677012423560728, 0.3337257255835254, 0.17453144749045651], [0.2504205032807358, 0.28280859339959796, 0.31631716139976546, 0.15045374181990084], [0.2394500267512053, 0.2948060201645423, 0.30508260552145255, 0.1606613474627998], [0.24295957788066255, 0.2827838234566271, 0.3189512944371353, 0.155305304125575], [0.2110969455492541, 0.28177011430083493, 0.3375823547738325, 0.16955058527607844], [0.21162468421580008, 0.28909177842278516, 0.3358105518595011, 0.16347298540191366], [0.22208572093667164, 0.28058261512640525, 0.32569987549206636, 0.17163178834485673], [0.21363557873020048, 0.26811075207890184, 0.35557338591834586, 0.16268028317255184], [0.22915378210637233, 0.2844691276265824, 0.310791641442691, 0.1755854487243543], [0.24362374113675336, 0.2996362358140454, 0.2910286399124512, 0.16571138303675], [0.21079460332097966, 0.27058936933302874, 0.33971850542075444, 0.1788975218252372], [0.2251185774578043, 0.28401121494314124, 0.33269804712783246, 0.15817216037122198], [0.21047718820851313, 0.29467353221807596, 0.31879433986336897, 0.1760549396100419], [0.20046979485637642, 0.2743085663388329, 0.3638659173462399, 0.1613557213585508], [0.22722239451486978, 0.29175933757845607, 0.3209344100491976, 0.16008385775747652], [0.22470136319389072, 0.2998534485376055, 0.31470802892142624, 0.16073715924707757], [0.21981888499828392, 0.29546896941101625, 0.3175584815523676, 0.16715366393833223], [0.23238206704968775, 0.2883681568701339, 0.32484646660278826, 0.1544033093773901], [0.23043226390060967, 0.304684707631539, 0.2936417845683243, 0.1712412437995271], [0.2344046954274693, 0.30496383418342843, 0.2984193340823154, 0.16221213620678682], [0.25069499013301155, 0.2874762713621673, 0.30419191715059585, 0.15763682125422532], [0.22805332795405733, 0.2770854789175843, 0.32936068875236824, 0.16550050427599014]], "ideal": "B", "sampled": "D", "correct": false}}
{"type": "result", "data": {"idx": 6, "options": ["Neutrons", "Alpha particles", "Beta particles", "X-rays"], "probs": [[0.16741081253180667, 0.7273749897912146, 0.058398134401818416, 0.046816063175160266], [0.1731482530529408, 0.6905510167626776, 0.07512498366360941, 0.06117574642077223], [0.17519033986689483, 0.7259988594745085, 0.05315174768310407, 0.04565905287549264], [0.1658910761342134, 0.7256374738194851, 0.062115443875674345, 0.04635600607062724], [0.18073163924794095, 0.6876062750128739, 0.06977529823082307, 0.0618867874083621], [0.16110606719720338, 0.7160552179203143, 0.07566001418645948, 0.04717870059602277], [0.09330559833811869, 0.8268145003137584, 0.047000771096889944, 0.032879130151233], [0.10223811825743857, 0.7945470183496346, 0.062052976102684815, 0.041161887190242046], [0.12827507920061718, 0.6781239195515798, 0.12514704276378105, 0.06845395838402193], [0.1310104905908784, 0.6518333699312162, 0.10193001705722488, 0.11522612232068052], [0.12011651335598357, 0.6903875263719534, 0.12289874633219462, 0.0665972138398684], [0.11057061869294654, 0.732665619712375, 0.07423735767112746, 0.08252640382355096], [0.10784710237738529, 0.8102477222252555, 0.04760385694476217, 0.03430131835259702], [0.10409298887119693, 0.8003794222396976, 0.06031582333603248, 0.03521176545307294], [0.14990314951457964, 0.6371765779601376, 0.14288209483745964, 0.07003817758782313], [0.15660383039046644, 0.6216755601391728, 0.10927339059919222, 0.11244721877116856], [0.13330627578928939, 0.6919816702791359, 0.11053615223179819, 0.06417590159977647], [0.15073810067046006, 0.6663272181581544, 0.07887336375898067, 0.10406131731240484], [0.08033744956951502, 0.8406926770486802, 0.052929720366025154, 0.026040152915779553], [0.0710304250226225, 0.8404173488936213, 0.06446095735477961, 0.024091268628976568], [0.10932227235013432, 0.6951873431651537, 0.14715101326753088, 0.048339371117181035], [0.10654722470610474, 0.7575507389011628, 0.07392763566015886, 0.06197440063257364], [0.08781412152173068, 0.7551841105647772, 0.12111774243080474, 0.03588402538268735], [0.10242197794078337, 0.779703683824296, 0.06279898227263557, 0.055075355862285076]], "ideal": "A", "sampled": "A", "correct": true}}
{"type": "result", "data": {"idx": 7, "options": ["Strong oxidizing conditions", "Low-spin electron configuration", "Metallic physical properties", "Unpaired electrons"], "probs": [[0.15794924625165715, 0.3977078304407087, 0.0461892798479627, 0.39815364335967146], [0.22082487075541823, 0.45131105852547826, 0.2786062103023606, 0.0492578603167429], [0.14910483025524213, 0.3533756653601682, 0.09443383451872339, 0.4030856697658663], [0.18441090281953376, 0.3493191341792067, 0.3925867460545785, 0.07368321684668108], [0.14612097955083894, 0.8106797887467548, 0.021379293752302093, 0.021819937850104155], [0.13738744113025947, 0.8113318175532536, 0.018028944930444935, 0.03325179628604201], [0.22917362618438913, 0.3218030273256694, 0.038255858449987266, 0.4107674879399542], [0.33398384101317213, 0.38634711787970105, 0.2242261634857703, 0.05544287752135646], [0.22210934755965248, 0.3452023863447217, 0.03793635964014252, 0.3947519063554833], [0.29089998437423753, 0.4022406234350729, 0.2449095483089198, 0.0619498437817698], [0.2138017507381027, 0.7408213336004282, 0.018352371493576578, 0.027024544067892516], [0.21297460355953382, 0.737569555355491, 0.01800739914356143, 0.03144844184141376], [0.16407417393683357, 0.3179892433420369, 0.10403554342951517, 0.41390103919161436], [0.19194398103433746, 0.30950750744572525, 0.43588061492701347, 0.06266789649292381], [0.17191681328155828, 0.4500737206563061, 0.04545536281256072, 0.3325541031495749], [0.19922660740271042, 0.5058592293575098, 0.2365589316257271, 0.05835523151405266], [0.1386549668169495, 0.7867274547347, 0.03696574394292907, 0.03765183440542147], [0.14811361772550496, 0.7652139551494128, 0.0511527727105618, 0.035519654314520394], [0.7934087454970352, 0.16903421155137605, 0.01324136917725882, 0.02431567367432987], [0.7827912318633549, 0.16395224348077134, 0.012255291060610055, 0.04100123349526379], [0.782360764536884, 0.1903328079303789, 0.008467244330467272, 0.018839183102269858], [0.7791578725365841, 0.19067607711578705, 0.008940724605131567, 0.021225325642497274], [0.767737002762028, 0.17937356966843546, 0.012696560991262458, 0.04019286647827406], [0.7576788028027421, 0.19737624955824057, 0.015871307412048955, 0.02907364012696839]], "ideal": "D", "sampled": "D", "correct": true}}
{"type": "result", "data": {"idx": 8, "options": ["1:1", "1:3", "1:6", "2:3"], "probs": [[0.25734222316168587, 0.29115918709643557, 0.26180443555187427, 0.18969415409000423], [0.25187410422870693, 0.2934548433400695, 0.2900917702677892, 0.16457928206343436], [0.20747312592170455, 0.2083301065902682, 0.42512159901895313, 0.15907516836907412], [0.23741324672351788, 0.22706103797693708, 0.3386415687472032, 0.19688414645234187], [0.258049100611631, 0.26173815128570055, 0.3267556130559322, 0.15345713494673618], [0.25865081335477585, 0.24339159193274704, 0.2888360364272846, 0.20912155818519246], [0.27967543240597836, 0.2869700278641914, 0.24481358361220734, 0.18854095601762288], [0.2881078252552452, 0.29745037690333986, 0.249908860743783, 0.1645329369976319], [0.27152238507188853, 0.2251040439874155, 0.3310475199061772, 0.17232605093451875], [0.2807478988112767, 0.23045922010200998, 0.29923919732079257, 0.1895536836659207], [0.2846650992149032, 0.2387584674489615, 0.3127482439935907, 0.1638281892425446], [0.29994610395928023, 0.23642634205281304, 0.2583971359828571, 0.20523041790504962], [0.22680078582875166, 0.21862913852954283, 0.38759542177643186, 0.16697465376527365], [0.2561518098961376, 0.23165108370544138, 0.3048914190886651, 0.20730568720975587], [0.24728992578894593, 0.2744577228748522, 0.3236401676808013, 0.1546121835554006], [0.2574032285165165, 0.2741964500003509, 0.2875154060957718, 0.1808849152873608], [0.24940270182976554, 0.22793048617944695, 0.34741061922413957, 0.17525619266664796], [0.2576388226460949, 0.2368668886136408, 0.33430096993225356, 0.17119331870801072], [0.2725730754885769, 0.2819110070807653, 0.2924282165345716, 0.15308770079608625], [0.2694099883377851, 0.25844854498973674, 0.2695009450270586, 0.20264052154541945], [0.28387001596204764, 0.2551605771083263, 0.29769337492945736, 0.16327603190016868], [0.2977465942540059, 0.24786935374836955, 0.25064503770579266, 0.20373901419183188], [0.26576069390739804, 0.22763869503305909, 0.32141939281318166, 0.18518121814636124], [0.257975683065824, 0.21920604818095454, 0.3593348180491897, 0.16348345060403174]], "ideal": "C", "sampled": "B", "correct": false}}
{"type": "result", "data": {"idx": 9, "options": ["T1, unlike T2, is sensitive to very low-frequency molecular motions.", "T2, unlike T1, is sensitive to very low-frequency molecular motions.", "T1, unlike T2, is sensitive to molecular motions at the Larmor frequency.", "T2, unlike T1, is sensitive to molecular motions at the Larmor frequency."], "probs": [[0.3877168066282697, 0.47455313948695016, 0.07421022955568232, 0.0635198242290978], [0.361008115910662, 0.4852909454044623, 0.08080262953411377, 0.07289830905076193], [0.39518172133758217, 0.48683560615134996, 0.06079617232662702, 0.057186500084440824], [0.3999269231767577, 0.47344487018908077, 0.06604932124905435, 0.060578885285107124], [0.3580403340921896, 0.49161517798311444, 0.08945421906952913, 0.06089026875516682], [0.4006337627533149, 0.45912940502755784, 0.07915979829428217, 0.06107703382484508], [0.3229680729252801, 0.5262414930139585, 0.07750078463153658, 0.07328964932922476], [0.32640336419671234, 0.527707421475364, 0.07354043007087363, 0.07234878415705007], [0.33465972788757087, 0.48860475780104706, 0.11075445345988819, 0.06598106075149386], [0.36218839598464037, 0.4853574696709241, 0.08050028088630998, 0.07195385335812558], [0.34879968606320944, 0.5094790610006312, 0.07504157944887226, 0.06667967338728707], [0.3594206464103859, 0.49686132375811, 0.07503647132848942, 0.06868155840301468], [0.4156217733332786, 0.47313447195697256, 0.05429825376666396, 0.056945500843084876], [0.4175349424382708, 0.47869157659342676, 0.05804745825827544, 0.04572602261002702], [0.39987980123694017, 0.47983063812730664, 0.06250951252224267, 0.057780048013510533], [0.36872092435131193, 0.4898893905669719, 0.09648637616394262, 0.044903308817773574], [0.420285326750658, 0.461098687489655, 0.06274521981342372, 0.05587076584626328], [0.3718050496322611, 0.4806449722378635, 0.07412168686115489, 0.07342829116872052], [0.3533745758384931, 0.5113908724182693, 0.0666348795024708, 0.06859967214076679], [0.32806606488799567, 0.496265566107728, 0.12284224629310249, 0.05282612261117386], [0.3394540472111239, 0.5228316666520213, 0.07026022514906755, 0.06745406088778723], [0.3330961366232091, 0.5332722504418607, 0.07690752812726537, 0.05672408470766487], [0.33841685924646775, 0.5262460472841602, 0.06902247358067896, 0.06631461978869305], [0.32287732966283755, 0.5302463966914649, 0.07062717789551577, 0.07624909565018177]], "ideal": "D", "sampled": "C", "correct": false}}
{"type": "result", "data": {"idx": 10, "options": ["3.02 ppm", "5.03 ppm", "10.56 ppm", "11.30 ppm"], "probs": [[0.27166398547364656, 0.2835551117507647, 0.28443475707205645, 0.16034614560353225], [0.2588116940065954, 0.2788470213811063, 0.29313574548721366, 0.16920553902508464], [0.2551021391688951, 0.25224972896361897, 0.32732309370894214, 0.16532503805854376], [0.2733806750912476, 0.2638257820290485, 0.3193906640505483, 0.1434028787291556], [0.25237198561677765, 0.25149460518040173, 0.331404084783739, 0.16472932431908163], [0.2623065968741937, 0.26329949103196765, 0.33135276535784547, 0.14304114663599313], [0.26956759105464423, 0.26678581235657733, 0.2982474698534743, 0.16539912663530418], [0.2633812191776211, 0.2688959000232826, 0.29831022334302565, 0.16941265735607067], [0.2659365832539697, 0.2669983803958923, 0.2987246811091198, 0.16834035514101814], [0.27538338300812143, 0.2616924941278072, 0.32180723544717416, 0.14111688731689723], [0.2648407220575613, 0.2701101302830476, 0.2974185049236425, 0.16763064263574853], [0.2650472183998537, 0.2640188296766485, 0.3297807822824433, 0.14115316954105447], [0.2673928519039044, 0.2663238425681057, 0.3122465107202168, 0.15403679470777312], [0.2692827960365782, 0.2744785330759745, 0.3071050437115005, 0.14913362707594685], [0.2636201679442953, 0.30207595226128103, 0.287019818992523, 0.14728406070190062], [0.2630149643451722, 0.30138244323749197, 0.2909348222043801, 0.14466777011295573], [0.2812619930788645, 0.3172450207115124, 0.2617466268462439, 0.13974635926337922], [0.28133774220123464, 0.3148610340468293, 0.26398876700128865, 0.1398124566506474], [0.2600129803753212, 0.2779974895736113, 0.31097197066159743, 0.15101755928947], [0.25491527480065584, 0.27487105947580176, 0.3221678829517027, 0.1480457826718397], [0.24672697114374148, 0.3087065769616027, 0.2976764097858357, 0.1468900420088201], [0.2430018484349436, 0.31118595597016313, 0.3000672161279065, 0.14574497936698677], [0.24993002412204068, 0.32514956590261995, 0.2830125689223518, 0.14190784095298756], [0.25939393040924125, 0.3295425176290941, 0.2759344875536596, 0.13512906430800503]], "ideal": "D", "sampled": "C", "correct": false}}
{"type": "result", "data": {"idx": 11, "options": ["[The polarization relaxes exponentially: p(t) = [p(0) - peq]exp(-t/T1) + peq.]", "72.0 s", "56.6 s", "12.7 s"], "probs": [[0.38998797822560105, 0.3174677514523772, 0.1715560121033596, 0.1209882581186621], [0.36943580870877274, 0.3152897585175855, 0.1931831793327451, 0.12209125334089665], [0.39531518792052045, 0.2997603848169669, 0.17939939405015487, 0.12552503311235777], [0.3963123946161417, 0.31017813776710085, 0.17430919796666544, 0.119200269550092], [0.4220795521647651, 0.2806118553869786, 0.17036917075461425, 0.12693942159364208], [0.43115010210806876, 0.28873922987763695, 0.1583390808194626, 0.12177158709483173], [0.2611869910275071, 0.501452155382737, 0.14888477545806209, 0.08847607803169377], [0.2507065981796969, 0.50460341595154, 0.15703822116701333, 0.08765176460174974], [0.23023699907852566, 0.302620777535598, 0.3758368901781973, 0.091305333107679], [0.2385191846096658, 0.33773808661486665, 0.14013155875796787, 0.2836111699174997], [0.22859450831817715, 0.33000266056929123, 0.3529230899320317, 0.08847974108049991], [0.22152576508469723, 0.34970904435323524, 0.14179182473766955, 0.28697336572439797], [0.24955502521813347, 0.49079108964648016, 0.16385144237804194, 0.09580244265734439], [0.24876939499183487, 0.5089199098113852, 0.15466900629252264, 0.08764168880425728], [0.219094378872323, 0.3065810087958962, 0.3867481879055102, 0.08757642432627055], [0.21397327736940228, 0.3274825713461214, 0.1492761626906082, 0.3092679884938681], [0.23273699503456982, 0.3107857475294616, 0.36498994447343813, 0.09148731286253048], [0.21924781797123927, 0.3278449773460607, 0.15291920302769207, 0.29998800155500793], [0.2431228480851421, 0.5252837264237081, 0.1452726198817927, 0.08632080550935703], [0.24221789834461366, 0.5353468059958122, 0.1391174346069455, 0.0833178609526286], [0.2280858788871053, 0.3216387379092016, 0.37172496869013255, 0.0785504144135605], [0.22026169120622596, 0.324573893787226, 0.14892860643140945, 0.30623580847513854], [0.23789737939022196, 0.30782556301387304, 0.3697993429395355, 0.08447771455636952], [0.22576542869233743, 0.3197525834643743, 0.15263565338025967, 0.3018463343630286]], "ideal": "B", "sampled": "A", "correct": false}}
{"type": "result", "data": {"idx": 12, "options": ["4.6 mT", "27 G", "5.4 mT", "3.8 mT"], "probs": [[0.2620737215305497, 0.2569927236628924, 0.30236961984040156, 0.17856393486615632], [0.25824192933366935, 0.24384788403003413, 0.31763751258169703, 0.18027267395459948], [0.29280429202953634, 0.33614545055409173, 0.19727466410587405, 0.17377559321049788], [0.31655318721024117, 0.4051629753438895, 0.18077438251261116, 0.09750945483325812], [0.2880919916355407, 0.34116420654765806, 0.19716909819611786, 0.1735747035206834], [0.3046610215942417, 0.4083475683104413, 0.19098853568998236, 0.09600287430533462], [0.2068952917845778, 0.3500832616932784, 0.2856634556961498, 0.15735799072599393], [0.20130783317460188, 0.3382972776551504, 0.30103322860568466, 0.1593616604645631], [0.20445540545326357, 0.33561658855896764, 0.30313140150853574, 0.15679660437923307], [0.19626945255224196, 0.3247060477408906, 0.3123424648926244, 0.16668203471424306], [0.21238852718749876, 0.34584253507609003, 0.28875690265454773, 0.15301203498186347], [0.20132182236503257, 0.33824005215600217, 0.2935253039673698, 0.1669128214115954], [0.2869449087814848, 0.3505775190797429, 0.19623396675862367, 0.1662436052801486], [0.3217594897294188, 0.4183220533733317, 0.17109000553647924, 0.08882845126077021], [0.2591860525813244, 0.2485354168645234, 0.32107508069717566, 0.17120344975697654], [0.26097096823656185, 0.2426712255233196, 0.31842784647017014, 0.17792995966994843], [0.298089983270236, 0.4090210825467951, 0.20044125763886408, 0.0924476764441048], [0.28868885104816017, 0.360817649279654, 0.18974152564645652, 0.16075197392572935], [0.27203591844592334, 0.3460655108920719, 0.2030575512725443, 0.17884101928946047], [0.3036871412525622, 0.4272304399675048, 0.17758233279506014, 0.09150008588487288], [0.25405554825258875, 0.24760009729173915, 0.322312757833283, 0.1760315965223891], [0.2550936563030002, 0.25424721076785556, 0.30843239100374825, 0.18222674182539603], [0.2997116721888309, 0.41474070831904364, 0.19393119069535963, 0.09161642869676587], [0.2793996035773304, 0.35230928655915994, 0.1972128599684913, 0.17107824979501834]], "ideal": "A", "sampled": "A", "correct": true}}
{"type": "result", "data": {"idx": 13, "options": ["1:19:36:84:126:126:84:36:19:1", "1:9:36:84:126:126:84:36:9:1", "1:9:35:82:120:120:82:35:9:1", "1:8:28:56:70:56:28:8:1"], "probs": [[0.326506403603489, 0.46952169779074554, 0.08167090205276704, 0.12230099645299843], [0.3098033024090177, 0.4938883111297676, 0.07635380958220048, 0.1199545767790142], [0.33193643146745716, 0.4171634098459561, 0.16617334510800424, 0.08472681347858252], [0.2821875789316368, 0.42505365289182495, 0.07982375412512474, 0.21293501395141348], [0.32490122799159366, 0.4609140821966669, 0.09512907407418897, 0.11905561563755046], [0.2826447935230497, 0.3422624886003793, 0.10992385617686536, 0.2651688615997056], [0.32923936840579676, 0.4813900589461542, 0.07864478229689932, 0.11072579025114972], [0.30573195215982596, 0.4875129758824163, 0.07771715521035268, 0.12903791664740505], [0.31641851051036757, 0.5197721912852279, 0.07049763464586414, 0.09331166345854036], [0.3338460400481322, 0.49297402405966434, 0.07679767332495942, 0.09638226246724402], [0.3310666778670491, 0.48820219893944455, 0.07434470427320138, 0.10638641882030503], [0.3513578500348479, 0.4397766026398094, 0.10449717270653423, 0.10436837451880847], [0.3442671878808617, 0.45743585397045905, 0.10891755816810782, 0.08937939988057143], [0.2709419610712016, 0.3978938428737532, 0.08673128321332828, 0.24443291274171688], [0.32047360893506605, 0.5135691723193065, 0.06549415687938627, 0.10046306176624109], [0.3303930882180555, 0.4953568761805878, 0.0719694670951469, 0.10228056840620976], [0.30049399727594, 0.41794452556099176, 0.09486559957118287, 0.18669587749188535], [0.34992508512551246, 0.4476872481991928, 0.10245987313885666, 0.09992779343643808], [0.2821990763203508, 0.5302386125320853, 0.07466738447791557, 0.11289492656964842], [0.25116127914034014, 0.43193471749229273, 0.1002535007812673, 0.21665050248609982], [0.2879364192197873, 0.5232089161349655, 0.07205653934950287, 0.11679812519574435], [0.3151524341152434, 0.4709950947961458, 0.1028283901199063, 0.11102408086870447], [0.264261351128099, 0.49148399049800245, 0.08488215807591099, 0.15937250019798754], [0.304896402891172, 0.47757227425075144, 0.1067109887675405, 0.11082033399053606]], "ideal": "D", "sampled": "B", "correct": false}}
{"type": "result", "data": {"idx": 14, "options": ["spin trapping provides more structural information than direct detection by EPR", "spin trapping makes it easy to quantify free radical intermediates", "steady state concentration of free radical intermediates is often too low to enable direct detection by EPR", "detection of spin adducts requires lower power than direct detection of radical intermediates"], "probs": [[0.28136190349981055, 0.425741070082811, 0.16112452503732125, 0.13177250128005727], [0.3132980418890633, 0.44947990100836294, 0.09822696300020586, 0.13899509400236792], [0.2879804181757337, 0.4724776324335238, 0.12973173444656613, 0.10981021484417637], [0.2869517483502392, 0.4599453176102147, 0.12031610964290078, 0.13278682429664537], [0.31819669357326635, 0.37259526167348145, 0.14057076394853255, 0.16863728070471964], [0.3013580486079405, 0.36946982692167696, 0.15680144959314424, 0.1723706747772383], [0.3192151534121176, 0.3657138997802084, 0.179879638234861, 0.135191308472813], [0.35281029340076936, 0.3948393165670377, 0.09457853435524247, 0.15777185557695048], [0.31526496695026046, 0.4051870280649012, 0.14016211059577188, 0.13938589428906645], [0.2803295981407217, 0.38769096801630226, 0.15492833225797065, 0.17705110148500539], [0.3186366940140209, 0.39721361115385734, 0.09149351846672839, 0.1926561762653934], [0.2695940314145191, 0.36023776109321715, 0.14678207872314342, 0.2233861286691203], [0.41168024825151467, 0.38647466606153663, 0.09191460093000339, 0.10993048465694527], [0.40311802307339967, 0.39597291665431056, 0.07629892576399037, 0.1246101344082994], [0.33876922519441394, 0.4722172706429063, 0.07744841911564108, 0.11156508494703869], [0.3207170747909079, 0.4544757299394798, 0.09394008035420205, 0.13086711481541022], [0.3702997046160123, 0.39638811963479825, 0.10272189361487434, 0.1305902820343151], [0.3178447687950349, 0.36255778778271885, 0.17396377996958776, 0.14563366335265848], [0.28449652020018246, 0.4313072626056196, 0.12351340238279876, 0.16068281471139922], [0.2766980785346781, 0.429780178775424, 0.15665188196743793, 0.13686986062245995], [0.2717347801592736, 0.508333098278765, 0.07110387990144863, 0.14882824156051266], [0.241681214521779, 0.44494845795729077, 0.1277128885899491, 0.18565743883098118], [0.2984971910864478, 0.4064605114512334, 0.14088165338771422, 0.15416064397460458], [0.25207452110248685, 0.3583934764977588, 0.2175068803289678, 0.1720251219707865]], "ideal": "D", "sampled": "C", "correct": false}}
{"type": "result", "data": {"idx": 15, "options": ["6.1445 x 10^-27 J T-1", "3.1445 x 10^-27 J T-1", "9.1445 x 10^-27 J T-1", "1.1445 x 10^-28 J T-1"], "probs": [[0.3619987829413073, 0.48012344235881177, 0.0644601782920505, 0.09341759630783043], [0.3658339503507512, 0.4847254319098485, 0.06212128533953433, 0.0873193322998659], [0.3617556675790184, 0.511315147295194, 0.04685454809176835, 0.08007463693401921], [0.3589799229935732, 0.5114243974453002, 0.04759763322753116, 0.08199804623359547], [0.36456709425097084, 0.4875144670704727, 0.060081735327007973, 0.0878367032515485], [0.36155774899367055, 0.4945506523465274, 0.06141939471192352, 0.08247220384787854], [0.35858035217581236, 0.5019835847933164, 0.05509639178818989, 0.0843396711426813], [0.35325596870829834, 0.5051642392357448, 0.05725019125998215, 0.0843296006959747], [0.34872888216134185, 0.515719752121563, 0.05661171463267205, 0.07893965098442313], [0.35835523210656595, 0.5135817642051884, 0.05057055615658255, 0.0774924474316631], [0.34813449561395426, 0.5099437350257252, 0.06006193294659005, 0.08185983631373052], [0.34988613218846953, 0.5084199658665532, 0.06130628362809358, 0.08038761821688367], [0.350472097815873, 0.5225434380626188, 0.05304750878649224, 0.07393695523501594], [0.3493694041944264, 0.5170581148726521, 0.05629061974805584, 0.07728186108486564], [0.35947024382757087, 0.4963649862170612, 0.06217676468077855, 0.08198800517458935], [0.3706233009745365, 0.49578869732338754, 0.05835146152046762, 0.07523654008160838], [0.3487680191054856, 0.5250474116231084, 0.05365240845940164, 0.07253216071200436], [0.3673708030997665, 0.5040482131916428, 0.052737279149465674, 0.07584370445912499], [0.3324684177567755, 0.5304765661239884, 0.06008455856970698, 0.07697045744952905], [0.3287302353271007, 0.5289583363289668, 0.06373715590009955, 0.07857427234383288], [0.34153006549135273, 0.5219249433171582, 0.060394041584686135, 0.07615094950680285], [0.33156433188314094, 0.5096924684202947, 0.06900352753035073, 0.0897396720662136], [0.3343646301793349, 0.5471525420865667, 0.05214353300637263, 0.06633929462772575], [0.3422500776073438, 0.529955027460378, 0.053824726286271316, 0.07397016854600687]], "ideal": "C", "sampled": "C", "correct": true}}
{"type": "result", "data": {"idx": 16, "options": ["I only", "II only", "III only", "I and III only"], "probs": [[0.27115258571774253, 0.24485103783543158, 0.2102191298989839, 0.273777246447842], [0.23727137630976655, 0.23278438348873023, 0.2806861614695791, 0.2492580786319241], [0.260717679587584, 0.2582028104257775, 0.21341905095671151, 0.26766045892992696], [0.2397012489883437, 0.25659035869087776, 0.29960997996880695, 0.20409841225197156], [0.25186962262063256, 0.3163921879868048, 0.22435565624907658, 0.20738253304348606], [0.23303536026671595, 0.275614964534424, 0.3049999934874952, 0.18634968161136484], [0.28090330118400286, 0.22887861044268012, 0.22345297860494964, 0.26676510966836736], [0.2633106888577474, 0.21755210080569581, 0.2841210834045715, 0.2350161268319853], [0.2808157288990458, 0.23475737076907324, 0.2213977343039169, 0.26302916592796405], [0.28935814332092247, 0.2568254508838344, 0.24909438561533007, 0.20472202007991305], [0.28084918853812296, 0.2604560553767101, 0.25909820196421773, 0.19959655402094917], [0.2636584341262373, 0.26222974059343646, 0.2849319874955394, 0.18917983768478686], [0.28391091320590756, 0.22781063746256588, 0.19456656605643066, 0.2937118831750959], [0.2656040945743611, 0.21488046434640615, 0.3053244235999688, 0.2141910173792639], [0.2783525329304418, 0.21502319296568925, 0.20441811089286632, 0.3022061631110026], [0.2803771877120852, 0.2373088072691122, 0.2714342257536484, 0.2108797791651542], [0.287742346496418, 0.25531703231165703, 0.25524875519107365, 0.2016918659008513], [0.2846356630040682, 0.27475610372656795, 0.2231080084816031, 0.21750022468776078], [0.3219654799650122, 0.34189393680058827, 0.18339907997495875, 0.15274150315944082], [0.31054601995658876, 0.320046762197401, 0.2219372457621261, 0.14746997198388412], [0.3021134300773183, 0.31618906631038923, 0.21793740011342236, 0.16376010339887015], [0.2827625358645243, 0.31239754889456384, 0.22275211578621518, 0.18208779935469668], [0.28691852517415656, 0.33292657629687106, 0.22908394377748054, 0.15107095465149187], [0.2828624374671139, 0.34863762622435707, 0.19964387413251153, 0.16885606207601744]], "ideal": "D", "sampled": "D", "correct": true}}
