{"type": "result", "data": {"idx": 0, "options": ["an average of 10 times, with an rms deviation of about 4", "an average of 10 times, with an rms deviation of about 3", "an average of 10 times, with an rms deviation of about 1", "an average of 10 times, with an rms deviation of about 0.1"], "probs": [[0.3222338066831574, 0.21609981557951147, 0.2844776937392373, 0.17718868389809386], [0.29005956646879677, 0.20855568347275863, 0.4020783900812521, 0.09930635987719247], [0.32449268807962056, 0.19987339971639623, 0.28402563503486367, 0.19160827706911954], [0.28148717314514116, 0.18913256052776564, 0.4251482581327746, 0.10423200809431855], [0.34251274634414824, 0.34431224031843066, 0.18684385158208622, 0.12633116165533487], [0.3500564757346611, 0.3745909081671696, 0.160617519559611, 0.11473509643855828], [0.32714154282764735, 0.18942546481535802, 0.307787138657019, 0.17564585359997564], [0.2844852186328884, 0.17784388594019068, 0.43719051538116355, 0.10048037994575734], [0.3424247945908851, 0.23491870304446485, 0.24028537090914487, 0.1823711313555052], [0.27970621820591923, 0.20609301940803187, 0.4227383262312368, 0.09146243605481204], [0.3338277960520032, 0.3859302131887551, 0.16823272530715722, 0.11200926535208451], [0.33635823411744886, 0.40103743663722835, 0.16056022818746885, 0.10204410095785395], [0.2838628845547459, 0.19201855073411517, 0.31715943933594437, 0.20695912527519458], [0.2266185825879528, 0.16857406478262438, 0.5001894979999407, 0.10461785452948204], [0.3074317574193606, 0.2110401540783604, 0.2646153866980105, 0.21691270170426852], [0.22539285662724906, 0.17141742151071415, 0.5091643522604397, 0.09402536950159714], [0.3048256408248267, 0.35607102837048926, 0.1972234549009678, 0.1418798758037162], [0.31635309592844774, 0.37195376598336816, 0.18775405498744266, 0.12393908300074143], [0.4134741425100747, 0.16216862200068988, 0.2753161489688215, 0.1490410864204139], [0.43490864786218586, 0.17474665527145952, 0.25947107041883366, 0.13087362634752095], [0.44856813907370574, 0.16781040784606163, 0.2319211834378469, 0.1517002695423857], [0.4192174090932865, 0.17081799884056528, 0.2949563186288204, 0.11500827333732783], [0.4466920957508401, 0.16611535350463558, 0.2327507813712429, 0.1544417692732814], [0.4665519753659527, 0.17458383216948395, 0.22629480877357339, 0.13256938359098994]], "ideal": "B", "sampled": "D", "correct": false}}
{"type": "result", "data": {"idx": 1, "options": ["500 nm", "550 nm", "600 nm", "650 nm"], "probs": [[0.2586932518624841, 0.3167006420280829, 0.27041912479109126, 0.15418698121834173], [0.2430304437632717, 0.3047021925144669, 0.28643399474140663, 0.1658333688808547], [0.25445964929897114, 0.31440678235724645, 0.2731167375768296, 0.15801683066695282], [0.2432525528203348, 0.3053900690187618, 0.28185395243490363, 0.16950342562599977], [0.24835585425330947, 0.32368436934817074, 0.26247382552493204, 0.16548595077358771], [0.24822524927235673, 0.3202087378243892, 0.2663796921219191, 0.16518632068133496], [0.31478811880235574, 0.2765228624429658, 0.25210054579386926, 0.15658847286080918], [0.31277976369053867, 0.2770657323639409, 0.24683184164773259, 0.16332266219778782], [0.3134057866230988, 0.2949939115794635, 0.24375525477706553, 0.14784504692037218], [0.3124801218197194, 0.2934967577163931, 0.24663539228357162, 0.14738772808031586], [0.3188030421415053, 0.2911027073569066, 0.23475724456346886, 0.15533700583811924], [0.298489923767849, 0.27833166300953155, 0.2634477873859442, 0.15973062573667526], [0.3036507782840598, 0.26697005227697174, 0.274302555634811, 0.1550766137041575], [0.2954510229939542, 0.2699258722150206, 0.25836981395508407, 0.1762532907359411], [0.30428362796493236, 0.2865173305736762, 0.2621475834032286, 0.14705145795816288], [0.3025488555128817, 0.28457894918457005, 0.2485390454282177, 0.16433314977433053], [0.3080655381977282, 0.2725034992497378, 0.24537359541247666, 0.1740573670400573], [0.29527051573738483, 0.2693732501016858, 0.2685868561857658, 0.1667693778751636], [0.3093824294084148, 0.26557790438923135, 0.2684875348392597, 0.15655213126309414], [0.31005659904449656, 0.26591972116674656, 0.2505397572380321, 0.17348392245072475], [0.30990135666609236, 0.2893817722508012, 0.25671359894092716, 0.14400327204217925], [0.31112918718220645, 0.28776330181706183, 0.24367149534875518, 0.15743601555197656], [0.3079013411632042, 0.28070305468035417, 0.25078986587340296, 0.1606057381830386], [0.3066098644037919, 0.2859723525063473, 0.2513153515308812, 0.1561024314589796]], "ideal": "C", "sampled": "B", "correct": false}}
{"type": "result", "data": {"idx": 2, "options": ["There are no changes in the internal energy of the system.", "The temperature of the system remains constant during the process.", "The entropy of the system and its environment remains unchanged.", "The entropy of the system and its environment must increase."], "probs": [[0.25673523925263164, 0.27114129467787884, 0.3307816137159135, 0.14134185225357596], [0.25633809349861497, 0.2835491937644232, 0.3199115442896583, 0.14020116834730348], [0.24331898038604236, 0.5318188785636326, 0.1320234864525383, 0.09283865449778664], [0.26537015636040234, 0.5284705678818066, 0.1369333395681935, 0.0692259360895976], [0.2672862310706183, 0.4516797791089025, 0.17079626875911852, 0.1102377209613607], [0.2710989693199277, 0.4411849942273909, 0.19798497706173146, 0.08973105929094993], [0.2580849624198739, 0.3158842442570738, 0.30725465366355603, 0.11877613955949627], [0.25537539603425896, 0.3305987767098472, 0.28557507053327835, 0.12845075662261543], [0.23652429427994928, 0.5424902590015975, 0.1293801261118211, 0.09160532050663209], [0.2677349110017471, 0.5056162400691304, 0.1436276265294627, 0.08302122229965972], [0.24936560537007074, 0.4970503597075503, 0.15312698938289823, 0.10045704543948077], [0.26222590000131923, 0.48058644648434645, 0.16481043642318863, 0.09237721699114566], [0.5594093507276944, 0.18213369490667863, 0.13955225811348226, 0.11890469615214479], [0.5802864734397594, 0.18889328330544905, 0.14437680697962535, 0.08644343617516628], [0.5605214362892592, 0.18557866330627498, 0.13462449909796265, 0.11927540120650318], [0.5636703883490992, 0.18668800312368802, 0.15421806044499575, 0.095423547982217], [0.5999735220656909, 0.18897203313055505, 0.12852292240328794, 0.08253152230046609], [0.5813075812874933, 0.186328125185094, 0.14011078862769819, 0.09225350479971457], [0.39291741854616635, 0.23547295872787846, 0.20261794024739138, 0.1689916823785638], [0.4100959781935189, 0.27002735150262613, 0.2115188335349712, 0.10835783666888375], [0.4067269805696372, 0.2438908662487081, 0.18376071354463186, 0.16562143953702288], [0.41895020003897654, 0.2553526162845844, 0.20948526261142147, 0.1162119209650176], [0.4626361291352368, 0.25569375584865445, 0.18222085586690046, 0.0994492590492083], [0.4429727295262568, 0.24346346204819289, 0.206138332304718, 0.10742547602083227]], "ideal": "C", "sampled": "C", "correct": true}}
{"type": "result", "data": {"idx": 3, "options": ["a dye laser", "a helium-neon laser", "an excimer laser", "a ruby laser"], "probs": [[0.3613198428001405, 0.3825140608081622, 0.12957434879628862, 0.12659174749540864], [0.36388480117430105, 0.3759692254887177, 0.15114667784927777, 0.10899929538770352], [0.37077605168127586, 0.3609287982679762, 0.12105791089131956, 0.1472372390594284], [0.37182869949454067, 0.37574898632957643, 0.12122630891144506, 0.1311960051644378], [0.3745872806567601, 0.31035815278951473, 0.1793867865299552, 0.13566777992376997], [0.38194206218640714, 0.33068447785382277, 0.13575683054138876, 0.15161662931838132], [0.3568525207623863, 0.3293636342743398, 0.15079116370388462, 0.1629926811593892], [0.3745191748739156, 0.32745108493050334, 0.14723400989541321, 0.15079573020016784], [0.358958845683186, 0.2589898147769535, 0.1859467206105419, 0.19610461882931862], [0.38619516549740424, 0.26722248191444953, 0.1518270007297412, 0.19475535175840503], [0.3573650664126381, 0.2656530698025847, 0.18922722055767324, 0.187754643127104], [0.38054130189539526, 0.2760244741149207, 0.14507499961147338, 0.19835922427821065], [0.3348785440252685, 0.32831255576643115, 0.15535773798335922, 0.18145116212494114], [0.3411999344484545, 0.338748335804443, 0.1438288837527451, 0.17622284589435738], [0.3219600213420309, 0.29904832235256446, 0.18444059396571838, 0.19455106223968624], [0.33815925806122116, 0.2943215028003356, 0.16668945300865043, 0.20082978602979284], [0.3213838625870109, 0.25129284718738026, 0.19295346970000757, 0.2343698204256012], [0.3299147535517921, 0.2543115653485791, 0.1860422072528854, 0.22973147374674338], [0.35318934736391455, 0.34602197887817043, 0.13788210111531737, 0.1629065725425976], [0.336422522737045, 0.3553696466516832, 0.13661767133843647, 0.17159015917283535], [0.3355944156311134, 0.33375433084011397, 0.17223873732751793, 0.1584125161012547], [0.3501116037018663, 0.35065901275942873, 0.13146187363740466, 0.16776750980130034], [0.349094853474823, 0.25448046269615887, 0.18352822287906753, 0.2128964608499506], [0.3612627602014936, 0.25961260552269505, 0.15866259684541256, 0.22046203733039876]], "ideal": "A", "sampled": "A", "correct": true}}
{"type": "result", "data": {"idx": 4, "options": ["The Heisenberg uncertainty principle", "The Pauli exclusion principle", "The Bohr model of the atom", "Nuclear hyperfine coupling"], "probs": [[0.236547339483498, 0.49375540748897, 0.16100949287308716, 0.1086877600544448], [0.227040858745527, 0.49328872924050626, 0.16226200878682856, 0.11740840312713813], [0.25597849485698576, 0.25767031309412125, 0.32341948148354244, 0.16293171046535052], [0.29546361718406616, 0.27251576968514035, 0.22400346062322374, 0.2080171524075697], [0.24460586935184897, 0.31524733806990174, 0.2770342661440937, 0.16311252633415557], [0.2732519384981755, 0.3086361746791043, 0.22410057971171063, 0.19401130701100963], [0.42759608786575204, 0.26490773346801355, 0.17915318482235762, 0.1283429937438768], [0.4118335606019168, 0.27623436263770734, 0.1715477283358051, 0.14038434832457072], [0.4371840683070786, 0.22479383829922417, 0.1981807647581973, 0.1398413285354999], [0.4435976147208075, 0.22591961918002187, 0.1767081469120701, 0.15377461908710058], [0.4016399681166506, 0.2732838391984407, 0.17814601956016543, 0.14693017302474332], [0.4109503573334752, 0.2624729133863781, 0.17837672996982715, 0.14819999921031957], [0.18481492055042936, 0.3658637513111864, 0.3231263256681589, 0.12619500237022527], [0.20484470439426183, 0.40206895472764476, 0.220290205465288, 0.1727961353128054], [0.181520327883119, 0.5394652331387771, 0.1856712552897019, 0.09334318358840189], [0.17249457664921428, 0.5497865121245936, 0.16727839533264355, 0.11044051579354859], [0.21514145386626277, 0.2940675826354531, 0.27983649728371285, 0.21095446611457133], [0.18913989049003413, 0.2730000059480657, 0.3593239837424845, 0.17853611971941566], [0.23430433075184035, 0.3453651471199481, 0.27123702378055164, 0.1490934982476599], [0.2576104181035167, 0.3509975179976155, 0.2209467804493131, 0.17044528334955467], [0.21344111321704032, 0.5100779760898777, 0.1650739385800663, 0.11140697201301569], [0.20739349466833748, 0.5261352375300246, 0.1530175151086327, 0.11345375259300522], [0.27300652319501373, 0.24321062054681128, 0.27891656267088055, 0.2048662934872944], [0.2381749415431424, 0.23442510908844605, 0.34705474452102497, 0.18034520474738655]], "ideal": "B", "sampled": "B", "correct": true}}
{"type": "result", "data": {"idx": 5, "options": ["1/2", "1", "3/2", "5/2"], "probs": [[0.42491827491512296, 0.20210269678139123, 0.26353077899871974, 0.10944824920476612], [0.44214913244594317, 0.19324463603948291, 0.22517928478850197, 0.13942694662607194], [0.42183812505620577, 0.3376865907192817, 0.13532478803552192, 0.10515049608899062], [0.42342501102605434, 0.3287804297883078, 0.17817942235517853, 0.06961513673045933], [0.4539285667372093, 0.24260260523817728, 0.1636936986833091, 0.1397751292413043], [0.4148543496485261, 0.2511764000061241, 0.25657124584477503, 0.07739800440057473], [0.18814452411166085, 0.5337330817731887, 0.1900207591616501, 0.08810163485350031], [0.18295007669660696, 0.5313094774652267, 0.1774881902533875, 0.10825225548477882], [0.21247243338810537, 0.4178815074390198, 0.2587460096851232, 0.11090004938775168], [0.20881791721905119, 0.433006412239381, 0.250128362304714, 0.1080473081368538], [0.21639942075229127, 0.3613702381520914, 0.2848152176585785, 0.13741512333703879], [0.20802050731623592, 0.35786255609959255, 0.32031839250450056, 0.11379854397967099], [0.38676283047774274, 0.3818824021276598, 0.13548834721498082, 0.09586642007961663], [0.4085355783609128, 0.3763976496470312, 0.14616782199489634, 0.06889894989715967], [0.39402610015103573, 0.18903988516227604, 0.2770812717608645, 0.1398527428258237], [0.39480236757029435, 0.19089728876376447, 0.2817679089289456, 0.13253243463699557], [0.41305379516770774, 0.3062348549419307, 0.18990834838084394, 0.09080300140951764], [0.40250604459747646, 0.3195940422480462, 0.15588272429322336, 0.1220171887612539], [0.35979769197845196, 0.35822514274094774, 0.16292198398348273, 0.11905518119711755], [0.36218286918134723, 0.33933566480451466, 0.22414099165905774, 0.07434047425508032], [0.3584280694109552, 0.1919025217160892, 0.2875384218680363, 0.16213098690491928], [0.33257419369961566, 0.20009486374531488, 0.3405837162553638, 0.12674722619970563], [0.3491594131123154, 0.3970979121964533, 0.1804307820011328, 0.07331189259009852], [0.3321287979170668, 0.4337905709576525, 0.13800116087608114, 0.09607947014919954]], "ideal": "C", "sampled": "A", "correct": false}}
{"type": "result", "data": {"idx": 6, "options": ["V_0/5", "V_0/3", "V_0/2", "2V_0/3"], "probs": [[0.20871136769485465, 0.281826968733694, 0.32402616253196204, 0.18543550093948935], [0.21017096934601018, 0.3020583092864293, 0.3138049840613319, 0.1739657372062286], [0.21103337405001787, 0.2919753789609758, 0.300504088371744, 0.19648715851726228], [0.19348612377244465, 0.2849571320842705, 0.31246235311351517, 0.20909439092976967], [0.1883424697381038, 0.29255298213049313, 0.3824172374583912, 0.1366873105730119], [0.1848472952657865, 0.3108371793912948, 0.3334040641451264, 0.1709114610977923], [0.22485912178978498, 0.24453610543750304, 0.33837816620033007, 0.19222660647238188], [0.2295743260984671, 0.265086475958042, 0.31680271498377155, 0.18853648285971933], [0.23954114672442695, 0.27703455500566077, 0.2570750751398485, 0.2263492230300638], [0.2383551221357386, 0.32656608001799303, 0.29954037959978846, 0.13553841814647993], [0.2540398201980494, 0.293336476455554, 0.25831290692021824, 0.1943107963261784], [0.2509339786954222, 0.2963742359636024, 0.3009073182774777, 0.15178446696349768], [0.2201457866871355, 0.23949674840097143, 0.3446673606587806, 0.19569010415311244], [0.2078290792444861, 0.23683416056750645, 0.3254191376068357, 0.2299176224811717], [0.2328289369358925, 0.2549026982202347, 0.27450866322480333, 0.23775970151906944], [0.24186434618604458, 0.29720007484563254, 0.30645369567030717, 0.15448188319801573], [0.2063347522013533, 0.2947007593039473, 0.2761660680593692, 0.22279842033533015], [0.2119126915719789, 0.2796099781710441, 0.37384447451667746, 0.13463285564029953], [0.19173819110470203, 0.2132955821136263, 0.47074592810253507, 0.12422029857913658], [0.23566059765843314, 0.24307364222956837, 0.34456571933161706, 0.17670004068038145], [0.2786355440920106, 0.2688591302152441, 0.27452914151169494, 0.17797618408105037], [0.28061118719155864, 0.2747636139118089, 0.28765529391273226, 0.15696990488390017], [0.2522503956229446, 0.2700819590393244, 0.2734466411362834, 0.20422100410144758], [0.22683683035489505, 0.2681190073222024, 0.3786936103918944, 0.12635055183100813]], "ideal": "D", "sampled": "B", "correct": false}}
{"type": "result", "data": {"idx": 7, "options": ["0.25mc^2", "0.60mc^2", "0.67mc^2", "1.25mc^2"], "probs": [[0.35622150763947447, 0.3369687001656896, 0.20823188744584253, 0.09857790464899338], [0.34575294525461603, 0.32781289978402384, 0.18270906403079804, 0.14372509083056212], [0.36600189053340965, 0.31746815070918144, 0.2121774350867928, 0.10435252357061614], [0.370877342077242, 0.32719011574051693, 0.18104293259849905, 0.120889609483742], [0.3212614202742027, 0.21214536778647333, 0.3278690424771135, 0.1387241693622104], [0.3388786169046413, 0.21683044208640162, 0.3048780994502946, 0.13941284145866245], [0.4257576198879123, 0.24388185322738085, 0.21275431074126638, 0.11760621604344049], [0.42327149610182585, 0.23549468375598898, 0.19890739910881747, 0.1423264209333677], [0.45867615250119154, 0.2709671218278177, 0.15857578576147602, 0.11178093980951474], [0.4511566556021925, 0.2644160569455827, 0.18413942227283112, 0.10028786507939375], [0.43857110195797533, 0.2472743875624978, 0.1801898357120246, 0.13396467466750223], [0.4323972430959286, 0.2398138922226979, 0.2264939082448642, 0.10129495633650933], [0.4173951651320779, 0.25064843330301756, 0.22019882005786956, 0.11175758140703493], [0.4168166877928298, 0.2524542249852424, 0.20020535884591645, 0.13052372827601133], [0.4510738522003338, 0.27499266115017534, 0.16988834259529811, 0.1040451439541927], [0.4453462726229072, 0.2609085777276404, 0.19176419363137015, 0.10198095591808219], [0.4323486749745493, 0.2535595335343171, 0.18309191140328648, 0.13099987998784712], [0.4417001240750503, 0.2507346234855462, 0.20882394596598536, 0.09874130637341814], [0.3455877057204918, 0.20317215028120109, 0.32354870917465406, 0.12769143472365307], [0.36464518304993077, 0.209396064260524, 0.2985139786898599, 0.12744477389968534], [0.36790937146588354, 0.39913719597558467, 0.14312330204041832, 0.08983013041811351], [0.3602255743482603, 0.39080120876105134, 0.17718722716529067, 0.07178598962539764], [0.3703376650439904, 0.37468600269385466, 0.15807494519560303, 0.09690138696655193], [0.38139879415543493, 0.36512139163894974, 0.17751741275265803, 0.07596240135295725]], "ideal": "A", "sampled": "B", "correct": false}}
{"type": "result", "data": {"idx": 8, "options": ["Planck\u2019s constant", "Boltzmann\u2019s constant", "The Rydberg constant", "The speed of light"], "probs": [[0.3246573757106645, 0.22135500277816517, 0.24653997647472503, 0.20744764493644532], [0.29444700476562974, 0.2125338613774435, 0.2781053781231294, 0.21491375563379733], [0.32483662215580894, 0.29392592344170515, 0.18009250280888986, 0.20114495149359604], [0.32772830613745685, 0.3055949554375431, 0.20738068529947068, 0.15929605302552932], [0.31713357564615835, 0.3137216865702666, 0.1685112416575721, 0.20063349602600294], [0.3290475953644424, 0.34186760097106345, 0.18045288591447303, 0.1486319176500211], [0.2192698420854541, 0.5519781934081595, 0.12130260397976986, 0.10744936042661664], [0.21390210830985434, 0.5259721231203545, 0.1337321987037052, 0.12639356976608598], [0.26209190094693346, 0.2402846479133193, 0.3262995432542368, 0.17132390778551038], [0.28342510111552727, 0.2542522625148038, 0.2051172317394308, 0.2572054045302381], [0.2255547757883601, 0.2732168097041497, 0.3293641160193914, 0.17186429838809877], [0.27457232507876084, 0.31588505127333527, 0.17064652608028633, 0.2388960974676175], [0.26039881287589844, 0.4345586726993482, 0.14726199647092422, 0.1577805178538291], [0.26214763128896246, 0.44393738438313307, 0.1613141870141514, 0.13260079721375306], [0.26820671955357217, 0.2170710297765477, 0.3475292674481427, 0.1671929831217374], [0.2969131380942639, 0.22263003220030503, 0.22534451704917408, 0.25511231255625705], [0.25833233418467183, 0.2946928353404504, 0.30068930084412554, 0.14628552953075222], [0.3020460217279339, 0.29266749937386727, 0.15444364681953568, 0.2508428319786632], [0.29768776003460184, 0.3542249990876442, 0.15957161307015877, 0.1885156277075952], [0.30071779634452045, 0.3938071668677038, 0.1663668279724822, 0.13910820871529359], [0.25923259608731725, 0.19804431186390212, 0.36414994976156995, 0.17857314218721068], [0.3345723599414796, 0.21458494130245997, 0.1920081164648504, 0.25883458219121], [0.2854897592530339, 0.2438440547984165, 0.3189393484589597, 0.1517268373895899], [0.3403995683508394, 0.23777270669008851, 0.1521405153143334, 0.2696872095447387]], "ideal": "A", "sampled": "A", "correct": true}}
{"type": "result", "data": {"idx": 9, "options": ["mc/2", "mc/(2^(1/2))", "mc", "(3^(1/2))mc"], "probs": [[0.34806699594554535, 0.34423826167235344, 0.17961144980814378, 0.12808329247395742], [0.31559813019457544, 0.3640028833978954, 0.21780246494022537, 0.10259652136730382], [0.344028800691534, 0.2049874067101531, 0.28107696768810936, 0.16990682481020353], [0.373263787389139, 0.2215614384656549, 0.26441551040197253, 0.1407592636432336], [0.3298770486978625, 0.31302633878438646, 0.24993550774935946, 0.10716110466839156], [0.3535390390537584, 0.32756726954381454, 0.2011164217653496, 0.11777726953707741], [0.39390575294868335, 0.3267557571985039, 0.14956475569950836, 0.12977373405330433], [0.3798283538021526, 0.32465138622018097, 0.18575512913566103, 0.10976513074200546], [0.4156459395364303, 0.21400920192274767, 0.2041915566774131, 0.1661533017634089], [0.3930906833884216, 0.21878644169805744, 0.22823683235041295, 0.15988604246310797], [0.3760809329974149, 0.26703438359089426, 0.2582619507223041, 0.09862273258938671], [0.3780197444475205, 0.2598314246300589, 0.2080494730257143, 0.15409935779670625], [0.25400159895867436, 0.33227650813161813, 0.27057550564275257, 0.1431463871669549], [0.266100482148864, 0.3584774247247474, 0.2535126374811601, 0.1219094555452285], [0.24584724764012772, 0.45329047874178086, 0.19339976626489436, 0.10746250725319709], [0.23274197375658218, 0.4702582797014819, 0.2043845863252516, 0.09261516011668429], [0.2522427122620623, 0.4066726832678098, 0.23478337945092775, 0.10630122491920012], [0.23918648126198233, 0.3919469778177407, 0.2513674347526336, 0.11749910606764336], [0.2987646900462897, 0.3871176040543688, 0.19633485841021558, 0.11778284738912592], [0.301044328527342, 0.4091997031100544, 0.1832691512789958, 0.10648681698360786], [0.2993872284955074, 0.2895988351056158, 0.29623706360256274, 0.11477687269631408], [0.32641921416890424, 0.2848500992028207, 0.243710867848787, 0.1450198186794881], [0.3135729022650012, 0.2690224807602844, 0.27822427617058115, 0.1391803407041332], [0.3214136755566356, 0.27156928988272117, 0.23158479424738063, 0.17543224021326265]], "ideal": "D", "sampled": "B", "correct": false}}
{"type": "result", "data": {"idx": 10, "options": ["square", "hexagon", "cube", "tetrahedron"], "probs": [[0.3969102740351276, 0.2662993033515452, 0.18345734201835837, 0.15333308049496888], [0.35304891883339307, 0.24927943203822556, 0.25767020064964297, 0.1400014483787384], [0.3568401070446484, 0.16576560095041337, 0.2859101082165651, 0.19148418368837317], [0.33226576939278796, 0.17031811429821148, 0.34245601803299536, 0.15496009817600517], [0.3709187992762507, 0.31065907145436195, 0.18855580123697252, 0.1298663279324148], [0.37315161144433984, 0.3028264731708275, 0.19384295324064862, 0.13017896204418403], [0.4081408143848453, 0.1972311168299246, 0.21893878605171313, 0.17568928263351696], [0.36205369769966594, 0.19235554622210072, 0.2905427260487218, 0.15504802992951155], [0.38036603298505306, 0.1465622953411748, 0.2727266590430799, 0.20034501253069223], [0.3573576371323276, 0.16253765652361807, 0.31988163229075384, 0.16022307395330046], [0.3811715315693002, 0.25468246608318373, 0.2095980817109508, 0.15454792053656524], [0.3846359195229833, 0.2568682691664683, 0.21317100205121087, 0.14532480915933746], [0.3189799880358478, 0.18974914220310599, 0.29877431088005874, 0.19249655878098748], [0.29030573365169454, 0.1893376558829751, 0.3633999824160526, 0.15695662794927778], [0.3458477648241519, 0.25560168886002793, 0.23246871037133168, 0.16608183584448843], [0.3146120952442403, 0.2639064827879583, 0.2834071260914983, 0.13807429577630304], [0.34322879226394626, 0.32310539962257556, 0.18819308559492443, 0.1454727224185537], [0.3285720699270761, 0.32672778314603046, 0.217475815283678, 0.1272243315432154], [0.5229825376941312, 0.12498424946011967, 0.21493478117223974, 0.1370984315735094], [0.5244563143256921, 0.12058736203019901, 0.20686447310071115, 0.1480918504433978], [0.5296728014416311, 0.15456587074641476, 0.18420998750275058, 0.13155134020920356], [0.534550837604133, 0.15315493711556877, 0.1875736387247976, 0.12472058645550053], [0.5289881544173157, 0.13482461181869587, 0.19130406922001328, 0.14488316444397514], [0.5174999716919237, 0.14575233728279718, 0.21230671823196345, 0.12444097269331562]], "ideal": "D", "sampled": "D", "correct": true}}
{"type": "result", "data": {"idx": 11, "options": ["0.024 m", "0.048 m", "0.121 m", "0.242 m"], "probs": [[0.37533032426934926, 0.29928605772225236, 0.2024061964373225, 0.12297742147107585], [0.37339027043168854, 0.3043160898239836, 0.19815543896263665, 0.12413820068169118], [0.37559401145709176, 0.3062375417141402, 0.19322689933870624, 0.12494154739006177], [0.37652712495544616, 0.3021649672956353, 0.19991595743212742, 0.12139195021679107], [0.38582837002847165, 0.29284289039957334, 0.18789861814439915, 0.13343012132755583], [0.3793443142988423, 0.2881536185453271, 0.19824032483502674, 0.13426174222080386], [0.38854248485680676, 0.30239004794881924, 0.18768567404317574, 0.12138179305119823], [0.38818306393418744, 0.3041285988903736, 0.1845648923591053, 0.12312344471633366], [0.38669204320787115, 0.3150540205184937, 0.17552135569852884, 0.12273258047510635], [0.381301011343236, 0.31320073317440517, 0.19780915809890234, 0.10768909728345645], [0.3841294176136538, 0.32538066836706403, 0.1637768523033016, 0.12671306161598053], [0.3905509768117969, 0.3182764994523016, 0.180081832094093, 0.11109069154180846], [0.4050128252029604, 0.27819577478508234, 0.19407943322981455, 0.12271196668214267], [0.4003737270431688, 0.2812024652676714, 0.19335278866741704, 0.12507101892174277], [0.4077806466573506, 0.30233184227812104, 0.17653894597471562, 0.11334856498981276], [0.3916735888376524, 0.3044990255453813, 0.19066913139896557, 0.11315825411800078], [0.41060777270836996, 0.33419506742607236, 0.13739232308109595, 0.1178048366844617], [0.39918935586307264, 0.32513087669071417, 0.15854340599365183, 0.11713636135256139], [0.43216884131878264, 0.2276199608813594, 0.19309286771273876, 0.1471183299871192], [0.42560126295607725, 0.22938063273731696, 0.2056858631324359, 0.1393322410741699], [0.42183221639444773, 0.2617216187966891, 0.18263008242897028, 0.13381608227989286], [0.41839616551396164, 0.2617150784383869, 0.1990303352492873, 0.12085842069836411], [0.43773324923806706, 0.2888865876239208, 0.15461579539629638, 0.11876436764171577], [0.4254950785473277, 0.28554328634990483, 0.1744204422414127, 0.11454119276135472]], "ideal": "D", "sampled": "D", "correct": true}}
{"type": "result", "data": {"idx": 12, "options": ["Specific heat", "Thermal conductivity", "Electrical resistivity", "Hall coefficient"], "probs": [[0.12446954378290497, 0.3062933155504536, 0.36665511947158125, 0.2025820210950602], [0.1290789246430064, 0.2973084747493982, 0.3483353852877373, 0.22527721521985813], [0.1202661335546311, 0.6895093238788754, 0.09081263770839207, 0.09941190475810142], [0.11764932904744856, 0.6730213014178198, 0.12499512451393135, 0.08433424492080026], [0.1339375714507148, 0.5819486552475679, 0.13279924191098338, 0.15131453129073394], [0.12307605799490245, 0.5440928894922467, 0.21773995294673437, 0.11509109946611654], [0.1338496824048673, 0.2803964358346869, 0.3535493068572384, 0.23220457480320747], [0.14685611644194396, 0.2604077794948252, 0.3339420010402941, 0.25879410292293675], [0.11958917050970018, 0.7212149988702686, 0.06374636196830635, 0.09544946855172487], [0.11571902318582326, 0.7231415351205518, 0.09735525873094572, 0.06378418286267924], [0.12031844257105226, 0.6858406066208691, 0.08465997873890187, 0.10918097196917681], [0.11019069125642036, 0.6678423532555989, 0.15160299045402026, 0.07036396493396041], [0.27183954689885786, 0.28497721468144516, 0.17575777279655921, 0.2674254655231378], [0.25532895704530884, 0.2913031025133759, 0.29988524761606383, 0.15348269272525142], [0.288219209162095, 0.3285651157681632, 0.13312177160359714, 0.2500939033661447], [0.2551648730603194, 0.32415731206978193, 0.3111533065344662, 0.10952450823543247], [0.19277659631162122, 0.6363707373808453, 0.08485678090369847, 0.085995885303835], [0.19654968525403468, 0.6268994258231321, 0.10338164196904061, 0.07316924685379256], [0.3375301558177853, 0.2758377409945935, 0.1697042682685345, 0.21692783481908667], [0.2657977998767713, 0.2884497980380872, 0.2927161789199493, 0.1530362230651923], [0.36240830473839664, 0.3028034820432132, 0.14173680331277871, 0.19305140980561142], [0.27936711488303667, 0.3169425678391824, 0.2956581071370507, 0.10803221004073021], [0.23142720473471484, 0.5811444227413161, 0.09019560091315673, 0.09723277151081237], [0.22855917596261802, 0.5855803358212074, 0.1039155400310356, 0.08194494808513901]], "ideal": "D", "sampled": "C", "correct": false}}
{"type": "result", "data": {"idx": 13, "options": ["two hydrogen atoms and one helium atom", "four hydrogen atoms and one helium atom", "six hydrogen atoms and two helium atoms", "three helium atoms and one carbon atom"], "probs": [[0.3619519633565377, 0.22479068745469327, 0.2617614386011312, 0.1514959104876378], [0.39361898280078816, 0.22432681094330834, 0.21470955651966067, 0.16734464963624282], [0.35538659555298435, 0.19997016189393918, 0.31335780955273973, 0.13128543290033676], [0.38873254669694174, 0.21183404008663245, 0.22914632811122979, 0.170287085005196], [0.34336035506631685, 0.16725055378496373, 0.32501598146383137, 0.16437310958488804], [0.3313994654234252, 0.1621567429556772, 0.3210365415070693, 0.18540725001382832], [0.352960079873075, 0.2756628393851229, 0.23570916054275903, 0.13566792009904308], [0.37601864512835975, 0.2781270832940654, 0.19557793469425774, 0.15027633678331714], [0.32953820645266296, 0.21420140775675903, 0.30925009788459934, 0.14701028780597863], [0.37357746797506264, 0.24263817025608367, 0.2149412908900189, 0.16884307077883476], [0.3297491620188643, 0.17529181873100724, 0.33721297473496237, 0.15774604441516607], [0.3321285098997592, 0.17492119184229596, 0.3061307233505461, 0.18681957480739877], [0.34783912090167535, 0.27781055285160067, 0.2555216956239454, 0.11882863052277866], [0.37471829724384415, 0.2971290559135063, 0.18888073594824925, 0.13927191079440027], [0.3174569105026633, 0.25795859864631393, 0.29060898094278154, 0.13397550980824122], [0.39256398111095436, 0.28685330059401776, 0.17713468473266386, 0.143448033462364], [0.3452575257858715, 0.1752093609278433, 0.32095820186740587, 0.15857491131887932], [0.3409041457219028, 0.17056764625682624, 0.31930431845830787, 0.16922388946296305], [0.22441612516209622, 0.337101106864793, 0.30661100602974556, 0.13187176184336522], [0.2238878540802271, 0.33943333206855414, 0.28671102858564046, 0.14996778516557832], [0.2264382608437079, 0.31010098186315466, 0.3164188955830684, 0.14704186161006902], [0.22243625586300741, 0.32041771171517874, 0.29104481011832434, 0.16610122220348952], [0.233256588849491, 0.303452058260437, 0.3081225890263914, 0.15516876376368063], [0.23063583785159703, 0.2739607230174331, 0.32695890501097136, 0.16844453401999848]], "ideal": "B", "sampled": "A", "correct": false}}
{"type": "result", "data": {"idx": 14, "options": ["Lines in the infrared, visible, and ultraviolet regions of the spectrum reveal primarily the nuclear structure of the sample.", "The wavelengths identified in an absorption spectrum of an element are among those in its emission spectrum.", "Absorption spectra can be used to determine which elements are present in distant stars.", "Spectral analysis can be used to identify the composition of galactic dust."], "probs": [[0.3373938105599736, 0.3001399218819362, 0.20628005003535566, 0.15618621742273453], [0.3614346765255294, 0.305750858410369, 0.18099378458872784, 0.15182068037537377], [0.3425475001315579, 0.27571636539899025, 0.2076791904099577, 0.17405694395949417], [0.352769955088537, 0.26118983648237104, 0.18589452566309134, 0.2001456826660007], [0.3542278216194877, 0.2614974755233537, 0.2180358683259565, 0.1662388344312021], [0.3524999653568057, 0.2512512615629669, 0.19941121342190662, 0.19683755955832075], [0.3731864149970115, 0.2701198498652444, 0.19962410924262486, 0.15706962579511924], [0.4024802207913879, 0.2705335061061082, 0.16966250789946202, 0.15732376510304188], [0.36110630627835777, 0.2593308388927528, 0.20297025142070488, 0.17659260330818455], [0.38847396438564563, 0.2366012193561691, 0.18256238503046787, 0.1923624311277174], [0.38312616940481786, 0.2425087243076049, 0.20002940295126476, 0.17433570323631245], [0.38273102169895806, 0.22912513990456862, 0.19601143924336722, 0.1921323990531061], [0.3192212127971855, 0.2702123047236137, 0.2124972587237616, 0.1980692236554392], [0.3378683575967587, 0.27119680832301407, 0.18771370963791856, 0.20322112434230866], [0.3210635041394065, 0.2724577960490909, 0.2024201064017603, 0.2040585933097423], [0.3478641911356733, 0.2675331016372266, 0.19197714898982585, 0.1926255581372742], [0.3303559471389497, 0.233254898066663, 0.21379547137559524, 0.222593683318792], [0.3404606979882211, 0.2301339128423247, 0.22032020150366216, 0.20908518756579203], [0.29616747186105546, 0.28155822398106667, 0.2380089532497623, 0.18426535080811557], [0.2926522871073277, 0.27923099103527005, 0.22465583496113398, 0.20346088679626828], [0.3027750208257599, 0.29290258445042044, 0.21306855656953996, 0.19125383805427967], [0.3017358138596903, 0.2816737847989192, 0.2161335912706846, 0.20045680997070592], [0.28266967182520597, 0.2557507829336114, 0.23344660498688483, 0.22813294015429775], [0.2999777957506999, 0.24807764968428359, 0.2327406898173099, 0.21920386464770666]], "ideal": "A", "sampled": "B", "correct": false}}
{"type": "result", "data": {"idx": 15, "options": ["Bosons have symmetric wave functions and obey the Pauli exclusion principle.", "Bosons have antisymmetric wave functions and do not obey the Pauli exclusion principle.", "Fermions have symmetric wave functions and obey the Pauli exclusion principle.", "Fermions have antisymmetric wave functions and obey the Pauli exclusion principle."], "probs": [[0.3914699729052604, 0.30927868076802056, 0.1932876941348009, 0.10596365209191809], [0.38644095963517067, 0.31253394248538685, 0.1852275119147182, 0.11579758586472426], [0.394161933708085, 0.29987138059908475, 0.19157725285197935, 0.11438943274085094], [0.37408762137288176, 0.3131331964413045, 0.19527095082607696, 0.11750823125973679], [0.38699554239827144, 0.33016463126920226, 0.16878927739394783, 0.11405054883857849], [0.36978021811393896, 0.3360340644982305, 0.1868981895691743, 0.10728752771865627], [0.3509788021386001, 0.33959169204390677, 0.18738401492700751, 0.12204549079048556], [0.3576555358307196, 0.33056629685929717, 0.19854756289366923, 0.11323060431631403], [0.3424513194718332, 0.3388399036861329, 0.19302485254077895, 0.12568392420125488], [0.3350433508729676, 0.3477871223276896, 0.20431790362692853, 0.11285162307241427], [0.3618624967807393, 0.3240927006319635, 0.2022273928720512, 0.11181740961524599], [0.3401170594623972, 0.3422653300211594, 0.20902278550063214, 0.10859482491581135], [0.3288199105178289, 0.3286124565455263, 0.22560263350145926, 0.11696499933518559], [0.37101213522315796, 0.34024397802839584, 0.16821164517701065, 0.12053224147143551], [0.33566294367469496, 0.34231643160423386, 0.22142089235881418, 0.100599732262257], [0.3621515523383996, 0.37474699687944535, 0.15532397759422187, 0.10777747308793323], [0.3367769717833389, 0.3168944716136658, 0.20706322787121567, 0.13926532863177965], [0.33995413270241726, 0.31393241411389144, 0.21094757002050854, 0.13516588306318275], [0.3833837765850745, 0.30519895808916025, 0.20008659212361135, 0.11133067310215386], [0.4029444185502231, 0.3308700100908357, 0.15104851602417244, 0.11513705523476868], [0.3823291275492391, 0.3337698503897389, 0.18879366987261953, 0.09510735208840247], [0.4154400209589619, 0.33234956105564034, 0.15951321597008403, 0.09269720191531372], [0.40152507130269943, 0.29641871207172066, 0.1834469086055918, 0.1186093079199881], [0.3963865070869498, 0.28310594170768677, 0.20053067950784564, 0.1199768715975178]], "ideal": "D", "sampled": "A", "correct": false}}
{"type": "result", "data": {"idx": 16, "options": ["The Heisenberg uncertainty principle", "The Pauli exclusion principle", "The Bohr model of the atom", "Nuclear hyperfine coupling"], "probs": [[0.236547339483498, 0.49375540748897, 0.16100949287308716, 0.1086877600544448], [0.227040858745527, 0.49328872924050626, 0.16226200878682856, 0.11740840312713813], [0.25597849485698576, 0.25767031309412125, 0.32341948148354244, 0.16293171046535052], [0.29546361718406616, 0.27251576968514035, 0.22400346062322374, 0.2080171524075697], [0.24460586935184897, 0.31524733806990174, 0.2770342661440937, 0.16311252633415557], [0.2732519384981755, 0.3086361746791043, 0.22410057971171063, 0.19401130701100963], [0.42759608786575204, 0.26490773346801355, 0.17915318482235762, 0.1283429937438768], [0.4118335606019168, 0.27623436263770734, 0.1715477283358051, 0.14038434832457072], [0.4371840683070786, 0.22479383829922417, 0.1981807647581973, 0.1398413285354999], [0.4435976147208075, 0.22591961918002187, 0.1767081469120701, 0.15377461908710058], [0.4016399681166506, 0.2732838391984407, 0.17814601956016543, 0.14693017302474332], [0.4109503573334752, 0.2624729133863781, 0.17837672996982715, 0.14819999921031957], [0.18481492055042936, 0.3658637513111864, 0.3231263256681589, 0.12619500237022527], [0.20484470439426183, 0.40206895472764476, 0.220290205465288, 0.1727961353128054], [0.181520327883119, 0.5394652331387771, 0.1856712552897019, 0.09334318358840189], [0.17249457664921428, 0.5497865121245936, 0.16727839533264355, 0.11044051579354859], [0.21514145386626277, 0.2940675826354531, 0.27983649728371285, 0.21095446611457133], [0.18913989049003413, 0.2730000059480657, 0.3593239837424845, 0.17853611971941566], [0.23430433075184035, 0.3453651471199481, 0.27123702378055164, 0.1490934982476599], [0.2576104181035167, 0.3509975179976155, 0.2209467804493131, 0.17044528334955467], [0.21344111321704032, 0.5100779760898777, 0.1650739385800663, 0.11140697201301569], [0.20739349466833748, 0.5261352375300246, 0.1530175151086327, 0.11345375259300522], [0.27300652319501373, 0.24321062054681128, 0.27891656267088055, 0.2048662934872944], [0.2381749415431424, 0.23442510908844605, 0.34705474452102497, 0.18034520474738655]], "ideal": "B", "sampled": "B", "correct": true}}
