{"type": "result", "data": {"idx": 0, "options": ["k = 0 and n = 1", "k = 1 and n = 0", "k = n = 1", "k > 1"], "probs": [[0.20628297741152699, 0.04991171248218498, 0.5896564413941702, 0.15414886861211782], [0.2047044657491833, 0.049141590096449986, 0.5954767531545667, 0.1506771908998], [0.2092537104396058, 0.04981449936676516, 0.5853273962503583, 0.1556043938432707], [0.20220003073652484, 0.04945857202281729, 0.5965833071311373, 0.1517580900095206], [0.20988999852387533, 0.050976475162308424, 0.5863839540218825, 0.15274957219193377], [0.21057049300440997, 0.05132856811580663, 0.5871255222232464, 0.15097541655653698], [0.20608294468732802, 0.04932332893690452, 0.5924786461106227, 0.1521150801651447], [0.20455990230212961, 0.0486155585598098, 0.5980124762583875, 0.1488120627796731], [0.2132879245057782, 0.050329187142193726, 0.5852810870706122, 0.15110180118141583], [0.20723805910263143, 0.04998594037615271, 0.5944128345915062, 0.14836316582970965], [0.212862599066408, 0.051468179391664, 0.5840368357318257, 0.1516323857101023], [0.21261071141793222, 0.051602267877118364, 0.5868772398885697, 0.1489097807163798], [0.2097896423788792, 0.04901097568346771, 0.5864200416687804, 0.15477934016887268], [0.20182527237371123, 0.0488107715951328, 0.5988536811125645, 0.15051027481859136], [0.2106313430676029, 0.04930995110316995, 0.5897481089390789, 0.15031059679014824], [0.20376889177867563, 0.049025784625137674, 0.6003284982699885, 0.14687682522619824], [0.21540834649460183, 0.052105115411587945, 0.5845737630907374, 0.14791277490307278], [0.2146506639303292, 0.05166326539690135, 0.5879062501186263, 0.14577982045414312], [0.20833361860763802, 0.049955448132397745, 0.5911762493564495, 0.15053468380351467], [0.20827279035865795, 0.050166209600183476, 0.5920708333276308, 0.14949016661352785], [0.20838211862860948, 0.050533798528136636, 0.5915966143537407, 0.1494874683895132], [0.2084774366986986, 0.05069503541269947, 0.5928865052431759, 0.14794102254542602], [0.20977148338757204, 0.05019890887541438, 0.5918356930740146, 0.14819391456299894], [0.2092556411742133, 0.05018856134255487, 0.594478145783354, 0.14607765159987776]], "ideal": "B", "sampled": "D", "correct": false}}
{"type": "result", "data": {"idx": 1, "options": ["0", "1", "2", "3"], "probs": [[0.2165558140533119, 0.05160648259884046, 0.5774196256696517, 0.15441807757819595], [0.2110583225251215, 0.05013583320875966, 0.5858383287245992, 0.1529675154415197], [0.209446336877145, 0.05125983335943832, 0.5893841275470637, 0.149909702116353], [0.21681579783763102, 0.052055753374439226, 0.5806882337593876, 0.15044021492854215], [0.21590119195989702, 0.051943811546588635, 0.5850813279259491, 0.14707366846756517], [0.2134405352522398, 0.051550138083914, 0.5901316159451926, 0.14487771061865368], [0.21106426805047143, 0.05044417564730138, 0.58776077537079, 0.15073078083143726], [0.21082783135950486, 0.0498791607024404, 0.5904308070849805, 0.1488622007530742], [0.22086105406641862, 0.05279170133514886, 0.5709926059566937, 0.15535463854173884], [0.21895333529490682, 0.05236502578336604, 0.5804620026405914, 0.14821963618113568], [0.2205880756872054, 0.05262888300848756, 0.5741185820579897, 0.1526644591463173], [0.21381115831602138, 0.051165986610429495, 0.5899541951500228, 0.14506865982352637], [0.21473966166597191, 0.05055070931595925, 0.5828978722725926, 0.15181175664547616], [0.2159501515066509, 0.05040831960311104, 0.5849849529896705, 0.1486565758005676], [0.22166573833941752, 0.051971591616651845, 0.5741672472516179, 0.15219542269231262], [0.21905632967714364, 0.051562295895495464, 0.5836879188337739, 0.14569345549358695], [0.2220230880592647, 0.0517062592309877, 0.5775550302070601, 0.1487156224026875], [0.21458376251189945, 0.050284067174385744, 0.5918490510530888, 0.14328311916062594], [0.2173172658019313, 0.049743633156395725, 0.5860854321197089, 0.14685366882196413], [0.21137000775734371, 0.049292393391063824, 0.5939812703878357, 0.14535632836375675], [0.22335626016293395, 0.05129554083955275, 0.5766692118018185, 0.14867898709569483], [0.21735125858901733, 0.05036218110103265, 0.5901542923387604, 0.14213226787118963], [0.22310853322795746, 0.0516380457065865, 0.5812359354825603, 0.14401748548289584], [0.21923988075269854, 0.050811139452838806, 0.5903119776413225, 0.1396370020531402]], "ideal": "D", "sampled": "C", "correct": false}}
{"type": "result", "data": {"idx": 2, "options": ["n = 1 and r = 6", "n = 1 and r = 7", "n = 2 and r = 5", "n = 2 and r = 6"], "probs": [[0.2026011377758012, 0.054189712611229, 0.5787714805437238, 0.16443766896924594], [0.20508735911537176, 0.05456942942410181, 0.574813174216788, 0.16553003714373843], [0.20326991452952262, 0.054519470978736786, 0.5783113262161143, 0.1638992881756263], [0.1994245797625003, 0.053491260590921685, 0.5869407811963141, 0.1601433783502639], [0.2033195793425373, 0.05456173419406775, 0.5772635936159797, 0.16485509274741525], [0.20331439095576323, 0.05409683609045009, 0.5791041003544644, 0.16348467249932233], [0.20052629034921732, 0.05390995932133209, 0.5811981959403113, 0.16436555428913927], [0.20190537124272767, 0.053905524709686764, 0.58085108230304, 0.1633380216445456], [0.20341578275476085, 0.05468168149849591, 0.5778939766447069, 0.1640085590020364], [0.20283946166201192, 0.054413075876608985, 0.5806947881070067, 0.16205267425437236], [0.20226830769497361, 0.05384392058648945, 0.5817890318367852, 0.16209873978175177], [0.20184236762889413, 0.05381658672748272, 0.582076191843953, 0.16226485369967011], [0.20360354193807725, 0.05484284623440576, 0.5795176797381979, 0.162035931989319], [0.20151448548081732, 0.05434082528913245, 0.5827995624972651, 0.16134512663278516], [0.2057118178910483, 0.055350826834592234, 0.5753908328253073, 0.16354652234905218], [0.2054624259266431, 0.05577476322093162, 0.5745302438161431, 0.16423256693628213], [0.20551031366520187, 0.05462647106787117, 0.5756688584779719, 0.16419435668895505], [0.20344424877680017, 0.054563423716691095, 0.5776452428048877, 0.164347084601621], [0.20310840462594582, 0.05431910725107985, 0.5791412124756764, 0.16343127554729797], [0.2030349626255782, 0.05427480367159192, 0.5767111648777575, 0.1659790687250723], [0.20375050298694, 0.05477517761077333, 0.5781363162097912, 0.1633380030924954], [0.20369659941707874, 0.05499492339262612, 0.5766636470875015, 0.16464483000279362], [0.20510077932886422, 0.05458415421113257, 0.5735639461352944, 0.1667511202247088], [0.20190053574508424, 0.05399954157529074, 0.5796474641086925, 0.16445245847093257]], "ideal": "D", "sampled": "D", "correct": true}}
{"type": "result", "data": {"idx": 3, "options": ["4", "8", "16", "2sqrt(2)"], "probs": [[0.23523424124902625, 0.04640338031796713, 0.5609671127667539, 0.1573952655662527], [0.22895119188916863, 0.046861266071986186, 0.5698855071287632, 0.15430203481008198], [0.233291421682368, 0.04889796392313102, 0.5606356963073054, 0.15717491798719563], [0.23838890978172578, 0.049162451601610244, 0.5608734707877848, 0.15157516772887916], [0.24621232240961088, 0.05339298903141496, 0.5391956922232276, 0.1611989962357465], [0.24632925710335457, 0.05262310253388597, 0.544982870799301, 0.1560647694634585], [0.24166941100171307, 0.04859643320410289, 0.5458900805935483, 0.1638440751006357], [0.2369897190909625, 0.048378894761226574, 0.5624878699322455, 0.15214351611556542], [0.23943849440739895, 0.04817951577821294, 0.548595440674001, 0.16378654904038714], [0.2358252046365037, 0.04777603843914439, 0.5732996313702806, 0.1430991254540713], [0.2541520306741062, 0.05359032397028718, 0.5411709566661865, 0.15108668858942012], [0.24857982990640118, 0.054105013603522, 0.5473651885438963, 0.14994996784618053], [0.22659439437120468, 0.047181402627391004, 0.5684037952258013, 0.157820407675603], [0.23141403259898488, 0.04780043304975407, 0.5646277840893258, 0.15615775016193528], [0.22520640993562757, 0.047206857360802386, 0.5669669039047585, 0.16061982869881156], [0.22467735240092188, 0.0471216809171875, 0.5752875761463571, 0.15291339043553354], [0.24065481661807325, 0.05056458079081085, 0.5526212576810018, 0.15615934481011404], [0.23619690628798287, 0.05169598359294236, 0.5521492135668702, 0.1599578964522045], [0.24758471439452717, 0.049537694982199586, 0.5442647641500885, 0.15861282637318472], [0.2442945016466017, 0.048733057039068224, 0.5517777368404352, 0.15519470437389485], [0.245153632062691, 0.04996491893678564, 0.54185461185141, 0.16302683704911333], [0.24049601908984825, 0.0503745291247986, 0.5505769129162993, 0.15855253876905387], [0.25096173576219205, 0.05109516971225183, 0.5408732568156307, 0.15706983760992543], [0.23843730914814934, 0.050534713295097955, 0.5536922545888014, 0.15733572286795122]], "ideal": "A", "sampled": "D", "correct": false}}
{"type": "result", "data": {"idx": 4, "options": ["2/69", "1/30", "2/23", "12/125"], "probs": [[0.2140360844156864, 0.05372643277829769, 0.5836188988272238, 0.1486185838787921], [0.21557229068106482, 0.05391047350189681, 0.5842026689139925, 0.1463145668030458], [0.21503818834055027, 0.05230590150376759, 0.5854293325490442, 0.14722657750663792], [0.21558747219727636, 0.052195963905182885, 0.5878635381529376, 0.14435302564460317], [0.21888126593786097, 0.053738303877540236, 0.5807401580582976, 0.14664027202630117], [0.2161965281368595, 0.05375766160794599, 0.582171654628531, 0.14787415552666344], [0.21304576951978704, 0.05284616193105327, 0.5803172414820056, 0.15379082696715404], [0.21535446756367504, 0.053273654278099616, 0.581492410955713, 0.14987946710251235], [0.21368292290343227, 0.052660436217591734, 0.5817196455272405, 0.15193699525173548], [0.21316177407558376, 0.05244381178232093, 0.5842155800248733, 0.15017883401722207], [0.21609863958728948, 0.05373677690887683, 0.5819969263388397, 0.148167657064994], [0.21555475085476875, 0.05391164667694402, 0.5808701298225898, 0.14966347254569745], [0.21342694121172776, 0.05271479329789654, 0.5831513230470403, 0.15070694234333543], [0.21405167875533584, 0.0526989996380559, 0.586266636789823, 0.1469826847167852], [0.2142896883511866, 0.05386655241505821, 0.5825042161233194, 0.14933954301043578], [0.21419735304526175, 0.05371570971487204, 0.5841790045391637, 0.14790793260070248], [0.21598638872020956, 0.05429099199527674, 0.5811931966641882, 0.14852942252032547], [0.21539719033903867, 0.05422900154348583, 0.580931336125152, 0.1494424718923235], [0.2172648608467275, 0.05368503927647659, 0.5774717926401594, 0.15157830713663661], [0.21451996795833822, 0.05365063009691337, 0.5802976825119949, 0.15153171933275356], [0.2136868818360944, 0.05315952707921697, 0.58298682726315, 0.15016676372153856], [0.2131047365883759, 0.05330865005155804, 0.5828763159098039, 0.15071029735026215], [0.2129280018502931, 0.05254798499449095, 0.5826164613666358, 0.1519075516885801], [0.2139245180647633, 0.05273051325074535, 0.5806116427492984, 0.15273332583519283]], "ideal": "C", "sampled": "D", "correct": false}}
{"type": "result", "data": {"idx": 5, "options": ["(S, +, x) is closed under addition modulo 10.", "(S, +, x) is closed under multiplication modulo 10.", "(S, +, x) has an identity under addition modulo 10.", "(S, +, x) has no identity under multiplication modulo 10."], "probs": [[0.24418964217216604, 0.051960425132098045, 0.545982019428909, 0.15786791316682686], [0.2474172786400475, 0.05177241408985455, 0.5458386973240904, 0.15497160984600758], [0.2359338402512174, 0.05101597308602389, 0.5538851022166452, 0.1591650843461135], [0.239612400234331, 0.05105184067319444, 0.5520443566159424, 0.1572914023765322], [0.23595082054309427, 0.050491107980593204, 0.5603473018936063, 0.1532107694827062], [0.2387559097859231, 0.05143309345749455, 0.5541913467524232, 0.15561964990415914], [0.23948764441766116, 0.05132959706076884, 0.544545523104073, 0.164637235317497], [0.23863291314687282, 0.051294865511959234, 0.5504975564449779, 0.15957466479619006], [0.24270993331337723, 0.05030376126312452, 0.5457023015719279, 0.16128400375157034], [0.24619865965315368, 0.050863632201464594, 0.546460938692453, 0.15647676935292865], [0.24022226780320807, 0.05167716849797224, 0.5478120955847098, 0.16028846801410984], [0.2495221849174613, 0.05199267830908448, 0.5381460309566202, 0.16033910571683407], [0.2427041683726693, 0.05134986034417086, 0.5465064914570226, 0.15943947972613723], [0.23895910445690088, 0.052105483282035486, 0.5519801048692361, 0.15695530729182752], [0.2457287283845901, 0.05131655501079863, 0.5463653741264249, 0.15658934237818628], [0.250926923023117, 0.05178064338854605, 0.5427147392109353, 0.1545776942774017], [0.24506846615609634, 0.052753278296826724, 0.546568107846144, 0.155610147600933], [0.24524604421160756, 0.05247693272653916, 0.5446671388970658, 0.15760988406478754], [0.23927362681289585, 0.05107266972123456, 0.5541764249466614, 0.15547727841920814], [0.238875281434381, 0.051270319764084665, 0.5522519616948481, 0.15760243700668616], [0.2492043943441197, 0.05250376344151623, 0.5387674830463337, 0.15952435906803036], [0.2466124167323344, 0.05281702153065764, 0.5419594958350769, 0.15861106580193116], [0.24397691354764806, 0.05220278941458604, 0.5428271131322223, 0.16099318380554356], [0.24362640935210636, 0.052398467927441614, 0.5451192117092483, 0.1588559109112038]], "ideal": "D", "sampled": "D", "correct": true}}
{"type": "result", "data": {"idx": 6, "options": ["12*sqrt(2)", "6*sqrt(2)", "4*sqrt(2)", "1/(2*sqrt(2))"], "probs": [[0.24886741211927677, 0.05159772348046294, 0.5526227724042354, 0.1469120918960249], [0.25511178941958634, 0.05288113026271486, 0.5338895439692056, 0.15811753624849312], [0.25133312307764616, 0.05229101446398501, 0.5451467158505567, 0.1512291465078121], [0.25427759543684364, 0.052619336069231984, 0.5345223724706205, 0.1585806959233038], [0.24322366168398055, 0.04907474556652526, 0.5625681750829876, 0.14513341756650655], [0.24113305951603442, 0.048633473945882674, 0.5673381579968327, 0.14289530844125017], [0.2465320902936609, 0.05136620538619242, 0.5509509547143713, 0.1511507495057754], [0.2593119778867329, 0.05152225570643687, 0.5328940828042908, 0.15627168350253942], [0.2537649051223222, 0.05268196918085807, 0.542618171596451, 0.15093495400036872], [0.260988218919167, 0.05356600913383045, 0.5339451093547052, 0.1515006624922973], [0.25413621984182894, 0.05003403424919194, 0.5484930603249575, 0.14733668548402162], [0.24119762841720951, 0.0493663202591364, 0.5641063745407262, 0.14532967668292787], [0.24346412443769047, 0.051187242735416534, 0.5529178318619885, 0.15243080086490443], [0.2540130326419861, 0.051411640085397545, 0.5340108890819406, 0.16056443809067578], [0.25797644254965707, 0.05256846546601086, 0.5370439290463322, 0.15241116283799985], [0.269309820724243, 0.05358313808488814, 0.5220246353374283, 0.1550824057534406], [0.2536934746239283, 0.05033477657785903, 0.5461437986468999, 0.14982795005131286], [0.24620385098671768, 0.05059418006340099, 0.5507990039215184, 0.15240296492836292], [0.25589594814370026, 0.05055836700645475, 0.5430431486803357, 0.15050253606950936], [0.2529523457206077, 0.05004791710185927, 0.5504454558314129, 0.14655428124612008], [0.2673080861301143, 0.05165125429113767, 0.537901997512433, 0.1431386619663151], [0.25775629087376717, 0.05098385325321446, 0.5486780363616178, 0.14258181941140055], [0.27104258938466985, 0.052014828498151346, 0.5298334438544182, 0.14710913816276053], [0.27013114494559654, 0.05262219983740238, 0.528933294495697, 0.148313360621304]], "ideal": "C", "sampled": "C", "correct": true}}
{"type": "result", "data": {"idx": 7, "options": ["0", "10%", "25%", "50%"], "probs": [[0.22201221517452108, 0.050167201449408096, 0.5611380170875524, 0.1666825661885184], [0.21913347543994305, 0.05066452009957174, 0.5683459275832354, 0.16185607677724978], [0.2250380897683653, 0.05152844829075514, 0.56175090969514, 0.1616825521457396], [0.22039432973403644, 0.05102789781685243, 0.5720261760993611, 0.15655159624974999], [0.22351928868330434, 0.051650660692514234, 0.5619155815806652, 0.1629144689435162], [0.22461837527889925, 0.051273435349105445, 0.5661823152929606, 0.15792587397903468], [0.2155974773012947, 0.050286560496329846, 0.5715022597411641, 0.16261370236121142], [0.2154137113693372, 0.05127427535459721, 0.5704999949026324, 0.16281201827343317], [0.22102178968400485, 0.052318443604325415, 0.5585251754732979, 0.16813459113837181], [0.21633418989375933, 0.05195781863784855, 0.5725768697326841, 0.15913112163570803], [0.2200738952839383, 0.05287075826645746, 0.5609828871000819, 0.16607245924952233], [0.21873847788746273, 0.052299554388187286, 0.572331696738602, 0.15663027088574796], [0.22188978971762488, 0.050565275348038494, 0.5648765458183511, 0.1626683890159855], [0.21688956343284313, 0.050016433740865875, 0.5770423497731967, 0.15605165295309437], [0.22662605203663327, 0.05191006075280727, 0.5557291838405624, 0.16573470326999704], [0.2207575729985405, 0.05163728053486567, 0.5713028885921885, 0.15630225777440532], [0.2234756714077458, 0.05201621904388633, 0.5632747797374871, 0.16123332971088078], [0.22570793183620314, 0.05222511602267604, 0.5643517710807887, 0.15771518096033207], [0.22056734888385454, 0.05029600933132289, 0.5650625312517652, 0.16407411043305736], [0.21992244151900064, 0.049921379232203404, 0.5729181255262097, 0.15723805362258622], [0.22608011142377593, 0.05173564110881224, 0.5544523761448843, 0.16773187122252753], [0.22040255037126472, 0.05084110720184004, 0.5750747832814747, 0.1536815590454206], [0.2228467174502638, 0.05126919988502917, 0.5624828955061132, 0.16340118705859377], [0.22321741274034465, 0.05173403422310449, 0.5668164111006604, 0.15823214183589046]], "ideal": "C", "sampled": "D", "correct": false}}
{"type": "result", "data": {"idx": 8, "options": ["None", "I only", "II only", "III only"], "probs": [[0.2520734937377757, 0.051914434294637775, 0.5436024604536608, 0.1524096114139257], [0.23509594795737115, 0.05135962366544204, 0.5562516450325706, 0.15729278324461618], [0.23189353595003862, 0.052079721504014395, 0.5533442414245356, 0.16268250102141135], [0.23642389378705417, 0.05046897042618605, 0.5632174828908092, 0.14988965279595062], [0.21878553412688312, 0.05155554643751168, 0.5689868584743465, 0.16067206086125865], [0.2241992635487883, 0.0502185892247214, 0.5722789721193912, 0.15330317500709909], [0.22786752368017318, 0.050733587496864074, 0.5681899062380505, 0.15320898248491224], [0.21412844101816253, 0.04996337144958145, 0.5824235850712447, 0.1534846023610113], [0.22920994970614794, 0.05178732540210261, 0.5609082108378131, 0.15809451395393634], [0.23040517990665416, 0.05181094219903397, 0.5642981486628054, 0.15348572913150654], [0.21714320291322428, 0.051385930516962094, 0.570261584829996, 0.16120928163981765], [0.21371459242266347, 0.050739856593233545, 0.5796857877346392, 0.15585976314946376], [0.21653319693624465, 0.05027996302816911, 0.5737250192619842, 0.15946182067360212], [0.2153071350601334, 0.04885115219195385, 0.5866365722244254, 0.14920514042348726], [0.22133309312435875, 0.051254412107467756, 0.5624569444370725, 0.164955550231101], [0.22021615188320456, 0.05085048407288024, 0.5715232618568336, 0.15741010208708162], [0.2265818203230796, 0.050603428872957504, 0.5700431081843715, 0.15277164251959136], [0.21699183853793075, 0.051614596665487046, 0.5720243964215638, 0.15936916827501837], [0.20742743543257927, 0.0500647556059016, 0.5833270009016672, 0.15918080795985184], [0.20907420862789544, 0.04898018634253701, 0.5850953902625524, 0.15685021466701507], [0.21012723997389898, 0.05095291666348214, 0.5728112989197427, 0.16610854434287617], [0.20885087391991897, 0.05083582511903247, 0.5784404234125903, 0.16187287744845824], [0.2141242702882545, 0.049235949259392266, 0.5789519763513604, 0.15768780400099286], [0.20732318735066507, 0.05094648745306028, 0.5786316221781616, 0.16309870291811313]], "ideal": "C", "sampled": "A", "correct": false}}
{"type": "result", "data": {"idx": 9, "options": ["Every compact space is complete", "Every complete space is compact", "Neither (a) nor (b).", " Both (a) and (b)."], "probs": [[0.22543108880931167, 0.05038110632655443, 0.5462498170010217, 0.17793798776311223], [0.2313223418109637, 0.05020166374992224, 0.5471171343940674, 0.1713588599450466], [0.22909605500791314, 0.04919146000847044, 0.5607450603878037, 0.16096742449581275], [0.2180709258850219, 0.04693383757996486, 0.5681840223115533, 0.16681121412346], [0.23171480279331175, 0.048850332628131016, 0.5627934638626282, 0.156641400615929], [0.2256010587943339, 0.0480245344587144, 0.5527692950296571, 0.1736051116172946], [0.23610494330006315, 0.051704374939022385, 0.5301411329099511, 0.18204954875096338], [0.2376937138624746, 0.051036052780978815, 0.5371640364077266, 0.17410619684882003], [0.23140015333811517, 0.047918206153555375, 0.5597066074159347, 0.16097503299239474], [0.22128613791848065, 0.04714940277092721, 0.5560262550143868, 0.1755382041962053], [0.23210179284646662, 0.047901219544212684, 0.5645596854295101, 0.15543730207981057], [0.22616710019271885, 0.048038412417567206, 0.5439814389398021, 0.18181304834991185], [0.2522322162068317, 0.05056704429576638, 0.5231442891091207, 0.17405645028828123], [0.2255055853758496, 0.048927864823935234, 0.5480908032385352, 0.17747574646167993], [0.2642720619751583, 0.04984307996547176, 0.514015551500659, 0.1718693064587109], [0.2286937934837735, 0.048797848017008115, 0.5315665839781235, 0.19094177442109486], [0.23955023937961223, 0.04713641528043396, 0.5555333395223605, 0.1577800057175933], [0.24692911091159944, 0.04823931342059267, 0.5310399571352635, 0.17379161843254437], [0.2633011976113053, 0.05062724724840363, 0.5228858071472761, 0.16318574789301496], [0.24087741609671837, 0.050548537807348914, 0.5196415107976085, 0.18893253519832431], [0.2740829833679934, 0.04960377794001091, 0.5156087778810983, 0.16070446071089736], [0.24391135570948033, 0.05047030746432095, 0.49925869698300257, 0.20635963974319613], [0.24118439094690972, 0.04573324268848185, 0.5504849635925104, 0.162597402672098], [0.24958080236785848, 0.0462806153719086, 0.5229698458012243, 0.18116873635900863]], "ideal": "A", "sampled": "D", "correct": false}}
{"type": "result", "data": {"idx": 10, "options": ["10", "20", "25", "45"], "probs": [[0.25363435960804714, 0.055323868160022195, 0.5471080459538158, 0.14393372617811487], [0.2516264868345597, 0.05445249649240009, 0.5526086584557695, 0.14131235811727078], [0.2480480670680907, 0.054573506111409716, 0.5540157555979798, 0.1433626711225198], [0.2524003499076846, 0.05451864247307269, 0.5525506981304882, 0.14053030938875444], [0.24573185828942695, 0.05461875633596043, 0.5550650647133998, 0.1445843205612128], [0.24782139706647907, 0.05448295690088787, 0.5540613079948581, 0.14363433793777491], [0.2556721009903597, 0.057450489060058375, 0.5342419226565464, 0.1526354871930356], [0.25308432135462305, 0.056783357165227845, 0.5392780678475839, 0.15085425353256518], [0.24224592879343154, 0.05325884446385382, 0.5561021255088611, 0.1483931011338535], [0.24853903237881658, 0.05224966296217128, 0.5561414997926138, 0.14306980476639833], [0.2407346927769447, 0.053183674014500026, 0.5587202226747613, 0.14736141043379403], [0.25141668862259825, 0.05313100150662562, 0.5535376727326273, 0.14191463703814874], [0.24943630769874361, 0.05585211265189714, 0.5440958494553132, 0.15061573009404605], [0.2501571150416182, 0.055861654201479434, 0.5439895978610804, 0.14999163279582203], [0.24591525788305502, 0.054743958346074054, 0.5525413094134699, 0.14679947425740106], [0.24781549172077652, 0.053538595322603355, 0.5553607650475257, 0.14328514780909438], [0.24385714528506253, 0.05300660430854974, 0.5572259425559717, 0.145910307750416], [0.24457046387134068, 0.05239403247309311, 0.5624409913454282, 0.14059451221013794], [0.24316146292509827, 0.05337959333875568, 0.5548650211799542, 0.1485939224561919], [0.24568456225855587, 0.05327220965931403, 0.5540276723991058, 0.1470155555830243], [0.23727184708481458, 0.053422414159069884, 0.5652056973995241, 0.1441000412565914], [0.2478272263198498, 0.05363132684220517, 0.55937586958978, 0.13916557714816497], [0.23304572872756305, 0.05224394091623079, 0.5676128906011173, 0.14709743965508887], [0.2437383041461174, 0.05237486014176219, 0.562170087269216, 0.14171674834290435]], "ideal": "D", "sampled": "A", "correct": false}}
{"type": "result", "data": {"idx": 11, "options": ["1/64", "15/64", "1/4", "3/8"], "probs": [[0.20830604990845816, 0.052109090139315, 0.5709228855878107, 0.16866197426441618], [0.20766025934273816, 0.051142923909846656, 0.5756282252662053, 0.16556859138120986], [0.20693663890647052, 0.05216829011798149, 0.5707238997791192, 0.17017117109642885], [0.20681028169342655, 0.05159229438734718, 0.572634300877195, 0.16896312294203125], [0.21057854982927468, 0.05124531408716353, 0.5712257729500351, 0.16695036303352667], [0.2090720605241774, 0.05139215843639846, 0.5713386322232966, 0.1681971487161275], [0.21194217534294038, 0.05193463209385222, 0.5664712833484282, 0.16965190911477918], [0.2108768295455372, 0.051156794395361145, 0.5718209147290733, 0.16614546123002835], [0.20971319624171753, 0.05199376256227732, 0.5714215188645261, 0.1668715222314791], [0.20870530525480324, 0.051725644420407176, 0.5728416420958238, 0.16672740812896578], [0.21285131254375378, 0.05199058275908998, 0.5712904844414539, 0.16386762015570228], [0.21202269984236194, 0.05155054671362664, 0.5714334461800574, 0.16499330716395402], [0.20760398791734583, 0.05210342925111816, 0.5727385196599051, 0.1675540630716309], [0.21003560250307726, 0.05228551359803747, 0.5682344905113415, 0.16944439328754377], [0.21034375064788813, 0.052704644047049394, 0.571348296680769, 0.16560330852429347], [0.2098197301673481, 0.05267967557604429, 0.5719798100171498, 0.16552078413945778], [0.21189025575561146, 0.05238055204896929, 0.567856603790827, 0.16787258830459217], [0.21115700981569288, 0.051536921521108586, 0.5735371539568428, 0.1637689146063557], [0.21207908041792667, 0.05184390820255245, 0.57143090872519, 0.16464610255433088], [0.21530001070134497, 0.05226371870330556, 0.5629958770310624, 0.16944039346428708], [0.21530579716400228, 0.05243489695431103, 0.5690560128322407, 0.16320329294944597], [0.21461794868539702, 0.0522857484861006, 0.5681646359858114, 0.16493166674269108], [0.2126811154446453, 0.05243104342752549, 0.5673207065168463, 0.16756713451098293], [0.21112747877295274, 0.051331226825657904, 0.5735616384250695, 0.16397965587631994]], "ideal": "B", "sampled": "D", "correct": false}}
{"type": "result", "data": {"idx": 12, "options": ["0", "1", "2", "3"], "probs": [[0.2246703622466107, 0.052958886101852364, 0.5536616136744631, 0.1687091378770738], [0.2173872887870839, 0.05213283001855228, 0.563800811711198, 0.16667906938316576], [0.22367042134201173, 0.053490586174961, 0.557556624971032, 0.1652823674119953], [0.22661007799088295, 0.052828061743940766, 0.5595348214266347, 0.1610270387385416], [0.22587687952895827, 0.0535138798794069, 0.5575743011797701, 0.16303493931186466], [0.2235907315984295, 0.05248124896955198, 0.5639169215592089, 0.1600110977728096], [0.21993184251323317, 0.05254087635752324, 0.5608125966287069, 0.1667146844005367], [0.21776012749639911, 0.05210150700135299, 0.565171829328468, 0.16496653607377995], [0.22158741457743145, 0.053671787345544855, 0.5528928738673382, 0.17184792410968547], [0.2241744299941843, 0.052926265880975376, 0.5517848256822567, 0.1711144783425836], [0.22608417691421503, 0.053721410286296074, 0.5541136963505078, 0.16608071634898106], [0.2238029126735643, 0.05246682149492829, 0.5608196121565143, 0.16291065357499301], [0.22504289967935026, 0.05393735056016052, 0.5519524113537427, 0.16906733830674645], [0.2243120569818988, 0.05317404627980316, 0.5576920855519345, 0.1648218110863636], [0.22678991335716642, 0.054036454971287805, 0.5498174592248374, 0.16935617234670838], [0.22625829840110667, 0.05318146353057147, 0.5555839906396801, 0.16497624732864175], [0.23100904488522317, 0.0538439845181796, 0.5493439640056093, 0.165803006490988], [0.2313220660859251, 0.05348200776745464, 0.5500142841972676, 0.1651816418493527], [0.22833852848901678, 0.05326533008518603, 0.5531324600952345, 0.16526368123056265], [0.22570216485312963, 0.05219460239339511, 0.5604621725679594, 0.1616410600855159], [0.2304836597243309, 0.053265670430760324, 0.5497012938643135, 0.16654937588059524], [0.22700104791639325, 0.05223089611696119, 0.5571284459608505, 0.16363960990579504], [0.23044123556570803, 0.05288974782624196, 0.5552573038005698, 0.16141171270748017], [0.22912406158102713, 0.052816150232412415, 0.5559115947737501, 0.16214819331281033]], "ideal": "A", "sampled": "D", "correct": false}}
{"type": "result", "data": {"idx": 13, "options": ["4", "7", "10", "13"], "probs": [[0.23019592150936416, 0.05211469495368176, 0.5691524298210475, 0.14853695361590652], [0.23022821918447692, 0.051741794966041046, 0.5688324890654838, 0.14919749668399823], [0.2219279888534949, 0.0512950468081698, 0.5756650862292793, 0.15111187800905604], [0.22797992143795207, 0.051832480668830824, 0.5671495029612619, 0.15303809483195527], [0.22599157124698485, 0.05133517668883847, 0.5750754114627558, 0.14759784050142094], [0.22695666549320398, 0.051912710065418775, 0.5691406726268018, 0.15198995171457547], [0.23300167293757998, 0.05399183384503799, 0.5556802956085151, 0.157326197508867], [0.2328851617740004, 0.053777075096569885, 0.5576447123257912, 0.15569305070363856], [0.22656364707564033, 0.05271406862784822, 0.56698533065261, 0.1537369535439014], [0.22711514916722672, 0.05284396440356111, 0.5646982066208581, 0.15534267970835408], [0.23193532053345214, 0.05296459008995094, 0.562170143651102, 0.1529299456254949], [0.22883616259409423, 0.05274635867225319, 0.5638601519414277, 0.15455732669222488], [0.22431607054833846, 0.053104760631291596, 0.5707850710827819, 0.15179409763758808], [0.22823244841124163, 0.05417972178617103, 0.5616212016144816, 0.15596662808810574], [0.2299208257146919, 0.0534237081718774, 0.5633004693384257, 0.15335499667500496], [0.22608814230765398, 0.05355825041782133, 0.565066709892074, 0.15528689728245076], [0.2298032892922712, 0.0532283955712315, 0.5624134791413865, 0.1545548358951108], [0.22973373872327837, 0.05331185538998374, 0.5634527289818445, 0.15350167680489338], [0.22467953466641163, 0.05138570929666937, 0.5750426181957853, 0.1488921377411337], [0.2255496961729454, 0.05233939697562244, 0.5676829176001085, 0.1544279891513237], [0.23173500422503576, 0.052883483070185235, 0.5642961817095425, 0.1510853308952364], [0.22799575195391408, 0.05302721577514713, 0.5653859713338263, 0.15359106083711252], [0.23102628666028646, 0.053018427194901685, 0.5609806650096822, 0.1549746210351296], [0.22853181190010546, 0.05253368773527137, 0.5667203030853649, 0.1522141971792583]], "ideal": "B", "sampled": "B", "correct": true}}
{"type": "result", "data": {"idx": 14, "options": ["0.64", "0.72", "0.81", "0.95"], "probs": [[0.22328233224672936, 0.05202630394294514, 0.5745435017313779, 0.15014786197894753], [0.2215443874101569, 0.05217446817130915, 0.5770928923628758, 0.14918825195565824], [0.2243390017649828, 0.05240670786298922, 0.5746538852569204, 0.14860040501510757], [0.2235072685293322, 0.05255422701493205, 0.5735691742504575, 0.15036933010527825], [0.22020348480617352, 0.05202469108598105, 0.5827527327840863, 0.14501909122375906], [0.22061541931646544, 0.05202081135768967, 0.5809791358922326, 0.1463846333336123], [0.21956758035336013, 0.05215794553713502, 0.5781687454437554, 0.1501057285657494], [0.2243544824004672, 0.05244361019932147, 0.5755051545373822, 0.1476967527628292], [0.22059194494896642, 0.052313621497358576, 0.5760502750291897, 0.15104415842448535], [0.22123807007132704, 0.052355407102969806, 0.5785836404405521, 0.14782288228515109], [0.2217439189171153, 0.0525427739004587, 0.5782479241069745, 0.14746538297545148], [0.21975414354324885, 0.05211773471758688, 0.5825921665446013, 0.14553595509456296], [0.2255531003596781, 0.05243311194029145, 0.5711071618322746, 0.15090662576775582], [0.22333165668203817, 0.052543266819478886, 0.5743505868583174, 0.14977448954016553], [0.22933052012998684, 0.05252818997550099, 0.5662524952733133, 0.1518887945211988], [0.22189070116826246, 0.051795698311247765, 0.5775597051880391, 0.1487538952324507], [0.22233945626045898, 0.05262533692396943, 0.5768295654859142, 0.1482056412296574], [0.22289145156666526, 0.052468605725201845, 0.5778871817151525, 0.1467527608929804], [0.22099777806950474, 0.052344407296037926, 0.5814713174103845, 0.14518649712407286], [0.2163724270787168, 0.05209571044973554, 0.5836220892140461, 0.14790977315750153], [0.22480281347758085, 0.05270881008914488, 0.5734802866347242, 0.1490080896985501], [0.21966940571535498, 0.052226302250212325, 0.5836771834742946, 0.144427108460138], [0.2229387188327862, 0.052498140227491635, 0.5743893063394045, 0.1501738345003176], [0.22676439189109926, 0.05247628569894681, 0.5723948755330156, 0.14836444677693836]], "ideal": "D", "sampled": "C", "correct": false}}
{"type": "result", "data": {"idx": 15, "options": ["I only", "II only", "III only", "I and II only"], "probs": [[0.21601004252627934, 0.04880513104889113, 0.5812762801877641, 0.15390854613706537], [0.21071754862137898, 0.04828078468784266, 0.5900471698591545, 0.1509544967316238], [0.20736055128889058, 0.04863883916836658, 0.5884545287240087, 0.15554608071873413], [0.20738143267520956, 0.04821563264807742, 0.5880316052602097, 0.15637132931650335], [0.2137732883244546, 0.048980200620320456, 0.5864165047124905, 0.15083000624273438], [0.2147688519419049, 0.04942320921321977, 0.5761885513641005, 0.15961938738077477], [0.21100740679445465, 0.04870833238285969, 0.5859257912381074, 0.1543584694845782], [0.20680938916466488, 0.04787964833021301, 0.5940828564715647, 0.15122810593355748], [0.2084812034411001, 0.04828056199338975, 0.5898394295644709, 0.15339880490103924], [0.2168732680255829, 0.047003628919950885, 0.5977511672562668, 0.1383719356981994], [0.2126710728542257, 0.04863280838713102, 0.5887543006304814, 0.14994181802816192], [0.22166380284000098, 0.04756712913037512, 0.5884975194342533, 0.14227154849537063], [0.2077523109778937, 0.048908232180108396, 0.5890062871282499, 0.15433316961374802], [0.20771747206406427, 0.04824028764956727, 0.5924144806145938, 0.15162775957177466], [0.2064371532766038, 0.04889305998388066, 0.5896813802984607, 0.15498840634105482], [0.2153527675684527, 0.04735376506902379, 0.5977522975177672, 0.1395411697447564], [0.20935454806562917, 0.04835637622322586, 0.592595453556261, 0.149693622054884], [0.21496900833867663, 0.04697397705825074, 0.5976047493009025, 0.14045226520217022], [0.21417890034085654, 0.04942335054716788, 0.5844923540305746, 0.15190539498140088], [0.21503673780216495, 0.04978273157746599, 0.5776796017561071, 0.157500928764262], [0.212571595868928, 0.049954422929829295, 0.5825631152083748, 0.1549108658928679], [0.22181324578670442, 0.048639275411323145, 0.5798806733142627, 0.1496668053877097], [0.2115481951284602, 0.04877467816391691, 0.5870813568155012, 0.15259576979212158], [0.2137528093504658, 0.04724744032219601, 0.5916664091899365, 0.14733334103740162]], "ideal": "D", "sampled": "D", "correct": true}}
{"type": "result", "data": {"idx": 16, "options": ["I only", "II only", "III only", "I and II only"], "probs": [[0.2144796113812731, 0.05063857514937291, 0.580949707341937, 0.15393210602741703], [0.20769214473307326, 0.049765191596499614, 0.5911788895792249, 0.15136377399120224], [0.20474851434490784, 0.050180242208294396, 0.5883460727989338, 0.15672517054786392], [0.202553243933876, 0.049991496274773194, 0.5874322099950002, 0.1600230496963505], [0.20883720955520738, 0.05080958417436824, 0.5860215381243304, 0.15433166804609394], [0.20929611125676406, 0.05208194728737575, 0.5745992360271007, 0.16402270532875945], [0.21068832510460606, 0.05060347612569483, 0.5823707232864035, 0.15633747538329565], [0.20530264995292108, 0.04980895145375419, 0.5912658239875668, 0.15362257450575798], [0.20487546766083495, 0.04994992129042493, 0.591546054188269, 0.15362855676047113], [0.20978648958492496, 0.04874214529503729, 0.5935910939576697, 0.14788027106236803], [0.20941150342375658, 0.05080967433845787, 0.5856064005028198, 0.1541724216349658], [0.214444495699546, 0.050124505889297705, 0.581203161592446, 0.15422783671871032], [0.20365103318550792, 0.0506534781012889, 0.586037017866591, 0.15965847074661216], [0.20169927014858177, 0.0502854618890956, 0.5880187267355751, 0.1599965411267475], [0.20074728503207734, 0.05039861519128158, 0.5904005279248736, 0.1584535717517674], [0.20565985865101508, 0.04891098107985126, 0.5917399900656778, 0.15368917010345584], [0.20506593888535746, 0.05086128488957823, 0.5850555983354055, 0.15901717778965876], [0.2059181363066471, 0.04986611082451738, 0.5866009679833704, 0.15761478478546515], [0.21201307053263202, 0.05124009514624292, 0.5825542341161056, 0.15419260010501937], [0.212091490605126, 0.05171121656377572, 0.5756890773197504, 0.16050821541134785], [0.2094153346611132, 0.05153893763397801, 0.5820758612947058, 0.156969866310203], [0.21374661422072402, 0.050824215599870465, 0.577584304692792, 0.15784486538661358], [0.20715034314632685, 0.051036462943165946, 0.5840470877308788, 0.1577661060796284], [0.20687456529849982, 0.04999964348474238, 0.5866612994087805, 0.15646449170797724]], "ideal": "B", "sampled": "D", "correct": false}}
{"type": "result", "data": {"idx": 17, "options": ["-1/4", "-1/(4sqrt(2))", "0", "sqrt(2)"], "probs": [[0.256375958879882, 0.05095869857462161, 0.5604117303372892, 0.1322536121082072], [0.24334138448083806, 0.05031228772560084, 0.5764898018223992, 0.1298565258711619], [0.24647145338084417, 0.046693608855906926, 0.5718749250179103, 0.13496001264533863], [0.23408819994323268, 0.0484051001962868, 0.5607822003487245, 0.156724499411756], [0.2510538157060136, 0.05305772392795267, 0.5595121508168192, 0.1363763094492146], [0.27763110189618617, 0.0535444687734311, 0.5277471502510425, 0.1410772789793403], [0.2913942184770811, 0.049514656161761525, 0.5245657885149038, 0.13452533674625364], [0.2568875705442975, 0.04890849540032331, 0.560127822991635, 0.13407611096374414], [0.2941804825965433, 0.05061239003629008, 0.5100568532433669, 0.1451502740237998], [0.2627187488435681, 0.048591198704354556, 0.5542162903983829, 0.13447376195369434], [0.2701851169522395, 0.05365328570147193, 0.5310537893696121, 0.1451078078766764], [0.2888701378174767, 0.053456744501699585, 0.5196258042079778, 0.13804731337284581], [0.25499584318398155, 0.051692729747612354, 0.576789774807614, 0.11652165216079215], [0.24697232427937924, 0.04991402513715692, 0.572534565365688, 0.1305790851177758], [0.27117528245859035, 0.05760374656959401, 0.5451220618651883, 0.12609890900662732], [0.25908536391944725, 0.05590187530894772, 0.5695960669662151, 0.11541669370538989], [0.261121233484813, 0.053464194625328795, 0.5563006193267581, 0.1291139524631001], [0.2579790795795979, 0.05485739976469069, 0.5713974492337647, 0.1157660713219467], [0.2554715370679558, 0.05172015173663633, 0.5677725883665862, 0.12503572272882174], [0.2932020316277038, 0.051328843404850805, 0.5256881517507402, 0.12978097311670514], [0.2639095723981347, 0.05379747478578626, 0.5504060860082084, 0.1318868667078707], [0.27833752085484076, 0.05340529471423458, 0.5438414458613795, 0.12441573846954518], [0.26175740553620575, 0.04833535140519295, 0.5599673431549339, 0.12993989980366732], [0.25934230974093003, 0.050054461869614784, 0.5733454692768433, 0.11725775901261187]], "ideal": "C", "sampled": "B", "correct": false}}
