{"type": "result", "data": {"idx": 0, "options": ["total revenue is greater than total cost at its greatest distance", "total revenue is equal to total cost", "marginal product is at its highest point", "total product is at its highest point"], "probs": [[0.22521579011644066, 0.05688842694389683, 0.5669547255483148, 0.15094105729134766], [0.2232242193114422, 0.05553197777413359, 0.574585667573785, 0.14665813524063914], [0.21473001791684232, 0.05128830517946481, 0.5900278511045082, 0.1439538256991847], [0.2317603718210269, 0.05294511900608012, 0.5758412355670689, 0.13945327350582404], [0.19775768375811967, 0.04727231534573395, 0.6161571510951543, 0.13881284970099209], [0.21846373458429943, 0.04953164997772144, 0.6052618048675896, 0.12674281047038952], [0.21836509459115216, 0.048326329832201406, 0.5839064294680107, 0.14940214600863563], [0.2242403130414499, 0.048825623782712345, 0.5823316833836897, 0.1446023796921481], [0.2429360630072653, 0.055999462002836224, 0.5439255046245054, 0.1571389702653931], [0.24910921598295402, 0.05588308142708447, 0.5463892383741099, 0.1486184641158516], [0.2324376183960554, 0.05390211747464587, 0.5564266629252713, 0.15723360110402743], [0.23920261233732354, 0.05364424967411999, 0.567920789157262, 0.13923234873129453], [0.2106264515779753, 0.04748122321779367, 0.6009536169472328, 0.14093870815699824], [0.2425307694363952, 0.050431268987928525, 0.5629019787514146, 0.14413598272426176], [0.2374381965733958, 0.05171226593978056, 0.5545934314189559, 0.15625610596786774], [0.24415830139100228, 0.05227701443323775, 0.5547447882744961, 0.14881989580126379], [0.2502303467856149, 0.05420054223219967, 0.5542074544584765, 0.14136165642370893], [0.2438452239892554, 0.05307096558701559, 0.5598491167372374, 0.14323469358649168], [0.20493628961968596, 0.046584634579987926, 0.6113802011778459, 0.13709887452248032], [0.22339974682330188, 0.047042597210684226, 0.6075123449748896, 0.12204531089112428], [0.22554527366616273, 0.049407121569513504, 0.5699141281324455, 0.15513347653187828], [0.22734201934130943, 0.048204935004846745, 0.586269782731845, 0.1381832628219988], [0.2556327042241921, 0.05555870507605686, 0.550171447121576, 0.13863714347817505], [0.2608374829891059, 0.05565005168395894, 0.5352958799189202, 0.14821658530801488]], "ideal": "A", "sampled": "C", "correct": false}}
{"type": "result", "data": {"idx": 1, "options": ["Increase capital and decrease labor so that the marginal product of capital falls and the marginal product of labor rises.", "Increase capital and decrease labor so that the marginal product of capital rises and the marginal product of labor falls.", "Decrease capital and increase labor so that the marginal product of capital rises and the marginal product of labor falls.", "Decrease capital and increase labor so that the marginal product of capital falls and the marginal product of labor rises."], "probs": [[0.24662487829384175, 0.05060253352858096, 0.5658710487181102, 0.13690153935946703], [0.24359151174095298, 0.050564176199054796, 0.5678461662593484, 0.13799814570064384], [0.24043959197650314, 0.05141115894838282, 0.5666141467227108, 0.14153510225240323], [0.24595085058827088, 0.050887290951966785, 0.5622335734650805, 0.14092828489468187], [0.24923310892883827, 0.051129217614381973, 0.5604968603829432, 0.13914081297383654], [0.2535744441421158, 0.050344179211061796, 0.5637233550734618, 0.1323580214733606], [0.24297220549962198, 0.050561713970579854, 0.5688816202443879, 0.13758446018541023], [0.24473502135504108, 0.050330129991052304, 0.5694492800210513, 0.13548556853285532], [0.2541406457337686, 0.051758444513681695, 0.5563636488791629, 0.13773726077338677], [0.25951570076496255, 0.0512030493327209, 0.5586568074959891, 0.13062444230632742], [0.23846155116099052, 0.05127212022684988, 0.5680446200961592, 0.14222170841600038], [0.24826384328099513, 0.05119149538933412, 0.56202508688388, 0.13851957434579074], [0.24731155306192396, 0.05379257150229179, 0.5470585022670402, 0.151837373068744], [0.2414714097735213, 0.051841989154399845, 0.5591151713765836, 0.14757142959549524], [0.2548960234493833, 0.053009567691620976, 0.5521642750302569, 0.1399301337287388], [0.2526811389299503, 0.05301961734010137, 0.547102040151581, 0.14719720347836732], [0.25906304680482445, 0.05100755621016566, 0.5563702831473516, 0.13355911373765827], [0.25280509681523616, 0.051385347074584614, 0.5583980900564975, 0.13741146595368162], [0.25257856027608416, 0.05207692163776516, 0.554261036970339, 0.14108348101581164], [0.24974819458587316, 0.0520649733140058, 0.5510696316572854, 0.14711720034283565], [0.2439603990662576, 0.052804381436854855, 0.5534770570660045, 0.14975816233088304], [0.24242830364426482, 0.05272179764183566, 0.554576586338569, 0.15027331227533053], [0.25089191359823243, 0.05129880619919334, 0.5528719198091621, 0.14493736029341223], [0.2541943769335291, 0.05116010418648449, 0.5505782324227096, 0.1440672863572767]], "ideal": "C", "sampled": "C", "correct": true}}
{"type": "result", "data": {"idx": 2, "options": ["the supply curve intersects the demand curve", "neither party has an incentive to deviate from his or her strategy", "the marginal revenue curve intersects the marginal cost curve", "the equilibrium is unstable and each party would like to switch strategies"], "probs": [[0.25517510985005554, 0.06448189817496197, 0.500639192700402, 0.1797037991745804], [0.26383954677088484, 0.061721132119103204, 0.5013427808579554, 0.17309654015205664], [0.20447211117839614, 0.049706779785749514, 0.585829500689854, 0.1599916082460004], [0.2312504322502705, 0.051306868780102224, 0.526716617345414, 0.1907260815242133], [0.204344846449655, 0.04751561013564696, 0.5889798025562901, 0.15915974075840783], [0.21741730701520856, 0.04880764871075253, 0.5512263959133651, 0.1825486482606738], [0.2588636085978859, 0.061134974567813534, 0.48324533671930897, 0.19675608001499165], [0.26185589831046413, 0.05893116399852839, 0.48577516904253415, 0.19343776854847336], [0.26008031447820634, 0.06079237693516446, 0.48413972324126225, 0.1949875852453669], [0.27276284312747723, 0.06071670533755344, 0.4759919784782772, 0.19052847295669215], [0.25786135849197817, 0.05699411396896848, 0.49504199279828165, 0.1901025346407717], [0.25470821205400407, 0.05540535101062408, 0.5062507616781428, 0.18363567515722912], [0.21512142703146142, 0.050933679785218976, 0.5690813297205362, 0.16486356336278346], [0.23784032107239306, 0.0520978413157543, 0.523066453239669, 0.18699538427218365], [0.2578627649647179, 0.06641545594197401, 0.48986957262611125, 0.18585220636719685], [0.27036262563008356, 0.0660104403582679, 0.4838599146366515, 0.179767019274997], [0.23429485105787398, 0.04931741731936908, 0.532504951937669, 0.18388277958508797], [0.2112888740824964, 0.048353993478514136, 0.5780753025894397, 0.16228182974954977], [0.19517618706623288, 0.049108297359626546, 0.5955560891562608, 0.16015942631787977], [0.20982143749779564, 0.0502845134599405, 0.5521613482316812, 0.1877327007105827], [0.2434204238664604, 0.0633996506225222, 0.519717637544439, 0.17346228786657839], [0.24488872469665024, 0.06165077582615102, 0.5243207254803435, 0.16913977389685525], [0.21691106778101818, 0.05095831821535632, 0.550496911180242, 0.18163370272338344], [0.19550769903080265, 0.05057345556290409, 0.5917206074474879, 0.16219823785880536]], "ideal": "B", "sampled": "B", "correct": true}}
{"type": "result", "data": {"idx": 3, "options": ["goods X and Y are normal goods.", "goods X and Y are inferior goods.", "goods X and Y are complementary goods.", "goods X and Y are substitute goods."], "probs": [[0.2187862132903934, 0.05082409563324735, 0.5524650523463605, 0.17792463862999874], [0.21531380917578663, 0.051307049310616956, 0.566652621769708, 0.16672651964388846], [0.2233759247800821, 0.05230241463191868, 0.5448502504597484, 0.1794714100282507], [0.20942058205348826, 0.05068942649872752, 0.5796460474105085, 0.16024394393727565], [0.2300681973363235, 0.05546964104602094, 0.5399177448690365, 0.17454441664861897], [0.23110296518586612, 0.05486010177958077, 0.545023934340332, 0.16901299859422103], [0.22016652760191904, 0.05192619406877668, 0.5504418446931594, 0.17746543353614483], [0.21727504352803173, 0.05249736967914681, 0.5632933125844578, 0.1669342741083637], [0.22122160923338835, 0.05086357108096592, 0.5528194862586312, 0.17509533332701457], [0.20132527203316744, 0.048812204195420934, 0.5923981798383855, 0.15746434383302615], [0.22334008907513403, 0.054872027297671426, 0.5521604294784944, 0.16962745404870017], [0.22401148412388813, 0.053587318259890375, 0.5538070879890107, 0.1685941095272108], [0.2204100992692109, 0.052748115052606646, 0.546409717371968, 0.1804320682062144], [0.20934647163632308, 0.05116590073814513, 0.5763995603908907, 0.16308806713464113], [0.2174760316832752, 0.050532715033386806, 0.5528874561498247, 0.1791037970335133], [0.19932883307594734, 0.048924492889517016, 0.5933047929567489, 0.1584418809777868], [0.22591923318515642, 0.05661257763459934, 0.5458478005669366, 0.17162038851330758], [0.22974810001936832, 0.05652683972747109, 0.5395698546823712, 0.17415520547078944], [0.23078183884873277, 0.0548499486812454, 0.5369631411542093, 0.1774050712158125], [0.23276126122276514, 0.05419458015248733, 0.5407144366329237, 0.17232972189182375], [0.22756363922032607, 0.05244904521556027, 0.5444311851717953, 0.17555613029231834], [0.2216521112467231, 0.050327310133906546, 0.55901870815377, 0.16900187036560035], [0.23806851053220016, 0.05554480581072349, 0.5326503613924741, 0.17373632216460225], [0.24064672887328073, 0.05498767848462135, 0.527419288680088, 0.17694630386200985]], "ideal": "D", "sampled": "D", "correct": true}}
{"type": "result", "data": {"idx": 4, "options": ["causes the equilibrium price to be artificially high", "causes the equilibrium price to be artificially low", "exists when markets cannot reach equilibrium", "results in an equilibrium that does not maximize the total benefit to society"], "probs": [[0.4675231873521582, 0.06627394258313243, 0.3817060589408638, 0.08449681102384554], [0.4205551303709377, 0.06286952878165114, 0.3859394336083321, 0.13063590713907905], [0.4823585403713262, 0.07019061960572194, 0.3459894241190119, 0.10146141580393998], [0.36845510056784875, 0.056756914763782175, 0.4456898071517866, 0.1290981774165825], [0.37689381272460365, 0.06102117804541164, 0.4144983229446415, 0.1475866861853432], [0.4151064748908583, 0.0580111522251914, 0.39666077318007836, 0.13022159960387195], [0.4543312360760439, 0.06675216058540993, 0.3949851242424862, 0.08393147899605993], [0.4117503669800049, 0.06286486097098633, 0.3968272716119294, 0.12855750033707938], [0.43879450670844783, 0.07025385111624355, 0.37512047212904026, 0.11583116994626835], [0.3674087873726311, 0.05702168111532582, 0.4453155397339405, 0.1302539916781026], [0.36014343109426294, 0.06233877827360956, 0.42118717177144016, 0.15633061876068727], [0.41386593309076863, 0.05950073285180027, 0.39361656587993105, 0.13301676807750004], [0.3640298057116973, 0.0666052068238675, 0.47819087390784704, 0.09117411345658814], [0.33839721366650133, 0.06032674543808339, 0.48510838815099255, 0.1161676526444227], [0.3619468915680766, 0.06407087486552861, 0.47143067329671423, 0.10255156016968055], [0.3441736970186746, 0.05920486852527035, 0.47636243341299844, 0.12025900094305657], [0.318001343084294, 0.05607873653394109, 0.5222904409241441, 0.10362947935762072], [0.3052321808583761, 0.05436575655240457, 0.5195690029147303, 0.12083305957448902], [0.30965225732015544, 0.06633908053796149, 0.4845825848771864, 0.13942607716469668], [0.3702797403644707, 0.0708072504570979, 0.43933220022493735, 0.119580808853494], [0.2895325382836492, 0.0673027247691853, 0.4845127896044437, 0.15865194724272175], [0.3596163284533322, 0.07102982487475391, 0.4365498293037818, 0.13280401726813215], [0.32946538799140823, 0.06165988347189481, 0.49155217221100933, 0.1173225562256876], [0.3323678473011436, 0.06195298021272124, 0.4754965148538653, 0.13018265753226987]], "ideal": "D", "sampled": "A", "correct": false}}
{"type": "result", "data": {"idx": 5, "options": ["Collusive output levels tend to increase, driving the price above competitive levels.", "Consumer surplus falls as the price is driven downward.", "Collusive output levels tend to decrease, driving the price down to competitive levels.", "Joint profit maximization costs society consumer surplus as the price rises above competitive levels."], "probs": [[0.2929327694991949, 0.053791441100066256, 0.5055374860452183, 0.14773830325552054], [0.30754972303134326, 0.05179244786931888, 0.5042106044141182, 0.13644722458521963], [0.3021919670735607, 0.05355784569223631, 0.498067250461481, 0.14618293667272197], [0.32761338156930275, 0.052481623865921, 0.4863021498288588, 0.13360284463591748], [0.2881706249362164, 0.0581057273499033, 0.49524263677850205, 0.15848101083537824], [0.2778802195071439, 0.057512841684484735, 0.5075501165214007, 0.15705682218697067], [0.257946212410927, 0.05687593346831172, 0.5587918578119472, 0.12638599620881408], [0.2569665553096785, 0.056818625545363995, 0.5551429266268031, 0.13107189241815437], [0.2537772319394305, 0.05419048585662019, 0.5612133657190262, 0.13081891638492305], [0.2635588108535037, 0.055181020236033454, 0.5560959701301464, 0.12516419868031645], [0.24319505548462564, 0.05108906730646408, 0.576349696555116, 0.12936618055379429], [0.24971528534862147, 0.05181362518011178, 0.5733669442360948, 0.1251041451351719], [0.27466308658560634, 0.05140973550446718, 0.5420931496362228, 0.13183402817370368], [0.2688534169387157, 0.04964855518873878, 0.559442978166028, 0.12205504960651757], [0.28064106480062967, 0.053510180865288935, 0.5230449729846203, 0.14280378124946116], [0.29308139401481115, 0.05249637208364842, 0.5254347167254155, 0.12898751707612494], [0.2743971131287929, 0.05847238177884165, 0.5186135922930663, 0.14851691269929923], [0.27753297714326314, 0.059656828583153014, 0.5133928330933323, 0.14941736108025153], [0.28358439242055244, 0.05790644267903358, 0.5072033518165535, 0.15130581298386042], [0.2826130007636162, 0.057181833464690926, 0.5175386512495511, 0.1426665144221418], [0.2840399976377762, 0.05300264686555169, 0.5102633123275744, 0.15269404306909773], [0.28205020283509347, 0.053474331398710134, 0.5114498924492664, 0.15302557321692997], [0.27899843243700945, 0.05666018234624965, 0.5128977856056259, 0.15144359951111494], [0.2874384117048234, 0.060267349316584756, 0.49167947124692374, 0.16061476763166804]], "ideal": "D", "sampled": "A", "correct": false}}
{"type": "result", "data": {"idx": 6, "options": ["Perfectly horizontal demand curve.", "Highly inelastic demand curve.", "Highly elastic demand curve.", "A demand curve consisting of two discontinuous segments."], "probs": [[0.27811335192005365, 0.0509790957506637, 0.48297265065684064, 0.187934901572442], [0.2449354015210408, 0.049657089433002594, 0.54752536458161, 0.1578821443643465], [0.2773295835378008, 0.05232891989985893, 0.4784360647305713, 0.1919054317317689], [0.24565270357616395, 0.051009378942146785, 0.5387766916602251, 0.1645612257214641], [0.2659973462256428, 0.05849650414453346, 0.5080382151686013, 0.16746793436122248], [0.27115035862447406, 0.059520216563954946, 0.5026326924844425, 0.16669673222712847], [0.27226207468952285, 0.049591125530741374, 0.49617917819363705, 0.18196762148609874], [0.24400607839794067, 0.04770052645774881, 0.5544568547554265, 0.15383654028888405], [0.28158574873990655, 0.05105872375665049, 0.48568391071344497, 0.18167161668999798], [0.2672621031379325, 0.05034395344308204, 0.5272011795649321, 0.15519276375405341], [0.26995348022569776, 0.05349445535657525, 0.5171549742360523, 0.15939709008167463], [0.2676210949372896, 0.0547720369870571, 0.5178823970134788, 0.15972447096217451], [0.2718272628435133, 0.05114221800988085, 0.4886561552090816, 0.18837436383752423], [0.2422122544137656, 0.04829995405637948, 0.5501992783920013, 0.15928851303785363], [0.27631723775068456, 0.05061847324677835, 0.4917854647897678, 0.18127882411276924], [0.2621273163777142, 0.04988961965333638, 0.5310802580409413, 0.15690280582800817], [0.27028218513145214, 0.054704108561412244, 0.5107941741163042, 0.1642195320908314], [0.2691065132894192, 0.05618635690066926, 0.5071220510792708, 0.1675850786306407], [0.25875199224077966, 0.05407968243534505, 0.5075423196574488, 0.17962600556642644], [0.26627202624734037, 0.05427959179720132, 0.5013633110041962, 0.17808507085126207], [0.2580921563142631, 0.055092545236230694, 0.509164435430811, 0.17765086291869525], [0.26209682418837416, 0.05551787506619637, 0.5043464340089053, 0.17803886663652413], [0.26234380971811233, 0.05545574756638457, 0.500292152133751, 0.1819082904817521], [0.2613771415316238, 0.05570955906010234, 0.501005798588112, 0.18190750072016182]], "ideal": "D", "sampled": "D", "correct": true}}
{"type": "result", "data": {"idx": 7, "options": ["Higher risk job.", "Investment in human capital.", "Increase in production of SUVs.", "Racial discrimination."], "probs": [[0.26082224525659836, 0.05947184388954252, 0.48431308696350867, 0.19539282379035047], [0.29877369702529266, 0.06476814851208107, 0.4377529788249184, 0.1987051755377078], [0.25300860496691224, 0.060505654882198084, 0.48499065813411696, 0.2014950819167727], [0.24985523704695428, 0.057805817719373875, 0.49535617568758894, 0.19698276944608292], [0.30824996645459907, 0.0624947654949469, 0.43995004202235777, 0.18930522592809626], [0.2692980190044907, 0.05812173379467157, 0.48922813298301265, 0.18335211411782507], [0.2526950409327727, 0.05832969787854249, 0.49259445389165424, 0.19638080719703052], [0.2797499361298611, 0.06268767406956585, 0.45192263535933425, 0.20563975434123882], [0.24674096130127537, 0.05756200318811411, 0.5055487343740337, 0.19014830103657676], [0.2409522172319385, 0.056315089033107016, 0.5161975487051926, 0.1865351449297619], [0.2855603524422977, 0.06268623096994155, 0.45699426783555885, 0.19475914865220187], [0.26388819399234287, 0.05879202046062835, 0.4956394691975707, 0.18168031624945805], [0.24847543329673064, 0.0590464139635168, 0.4836552160630829, 0.20882293657666962], [0.2500311489905237, 0.05662562824127725, 0.4904955734677866, 0.20284764920041243], [0.25750242318233024, 0.05921245056925796, 0.4903817218597692, 0.19290340428864258], [0.2570164367365489, 0.0585420026586968, 0.49498001134765457, 0.18946154915709976], [0.2545732836575053, 0.05657396422823305, 0.4972217045434169, 0.19163104747084472], [0.26312010889580945, 0.05813117939849376, 0.49055962653262125, 0.18818908507307555], [0.2990838255536558, 0.060029815205555934, 0.4436052987623072, 0.19728106037848106], [0.26566045780943903, 0.056968713550604, 0.4889833799153205, 0.1883874486246365], [0.29423902004526237, 0.06151928247855749, 0.4580429416550688, 0.18619875572111136], [0.267058863236216, 0.0584266290679739, 0.5000877640687099, 0.17442674352710014], [0.2502268962142806, 0.05680755847068099, 0.5040801387461495, 0.1888854064688888], [0.2596303357903469, 0.05905185637821734, 0.49423804724472054, 0.18707976048671524]], "ideal": "C", "sampled": "D", "correct": false}}
{"type": "result", "data": {"idx": 8, "options": ["all requirements for price discrimination", "required in order for a firm to earn short-run profits", "all sources of elastic demand", "all barriers to entry"], "probs": [[0.2853800888361739, 0.11032285293601984, 0.33467119180779564, 0.2696258663200106], [0.3136190035497893, 0.20400439778890841, 0.2937967049574591, 0.18857989360384317], [0.3216566097167848, 0.09068618578769609, 0.3438667007360704, 0.2437905036594487], [0.0956000249245533, 0.7545097553852035, 0.09536782757767838, 0.05452239201256484], [0.11457359960384234, 0.7969063042336457, 0.06678395072126048, 0.021736145341251442], [0.08415171565877087, 0.8376242579995233, 0.03547860708089487, 0.04274541916081086], [0.2752852974120475, 0.0881417895435662, 0.3759824549183718, 0.26059045802601455], [0.3021829082934436, 0.13393001057462692, 0.32295560352321084, 0.24093147750871866], [0.2632213234638207, 0.07753667234599083, 0.366737246476693, 0.2925047576134955], [0.25742497270438824, 0.09179141843022647, 0.3654363642137478, 0.28534724455163746], [0.27987547872023033, 0.19509302986420232, 0.2823100005609609, 0.24272149075460644], [0.2603101613718659, 0.10608003558290008, 0.3380404857338964, 0.2955693172113376], [0.6428297374303206, 0.08259095503511908, 0.21831055172223948, 0.056268755712320866], [0.18903096863365682, 0.7598187070244113, 0.02030257226186199, 0.03084775198006988], [0.40705800658950636, 0.06686806777744478, 0.3598715716221409, 0.16620235391090793], [0.4200534945322284, 0.069829242515413, 0.36667356984148075, 0.14344369301087784], [0.17373047281935033, 0.764460542224441, 0.016597060021298102, 0.04521192483491047], [0.7246639482720896, 0.11819884752263181, 0.12639880791228827, 0.03073839619299033], [0.14717758779308693, 0.7867150682155742, 0.014657111427479295, 0.05145023246385958], [0.1102427416702228, 0.80610557129036, 0.015294895833488859, 0.06835679110592831], [0.38032156508577597, 0.338863673316803, 0.21306662418102393, 0.0677481373163971], [0.37303428726536086, 0.11199481450406888, 0.2839975272133808, 0.23097337091718945], [0.10381028771775816, 0.8105828753359003, 0.030188707245198947, 0.055418129601142514], [0.5064840097579523, 0.13322242595580353, 0.256944526478623, 0.10334903770762123]], "ideal": "D", "sampled": "D", "correct": true}}
{"type": "result", "data": {"idx": 9, "options": ["increasing-cost industry", "constant-cost industry", "decreasing-cost industry", "profit-making industry"], "probs": [[0.2352719289167352, 0.057377270829375285, 0.5385126175851884, 0.16883818256870106], [0.2333571343111422, 0.05668600365971116, 0.5414381593498697, 0.16851870257927692], [0.23350341192132562, 0.05989228442595162, 0.5327245155936496, 0.17387978795907316], [0.23430269343253832, 0.05921139785621603, 0.5369219043371595, 0.16956400427408616], [0.2183771295908115, 0.0536873231541563, 0.561853331409337, 0.16608221574569523], [0.22346278614929946, 0.05491746854950827, 0.5563028723634936, 0.16531687283769866], [0.24107466921690338, 0.056722433480636644, 0.5334536432552, 0.16874925394726006], [0.2365337338419698, 0.05603349643422794, 0.5409298599074375, 0.16650290971636475], [0.2458095717617152, 0.05948390855405874, 0.5236817636836546, 0.1710247559005715], [0.24297099397990055, 0.0583039276875393, 0.5293306510615512, 0.16939442717100897], [0.22884630643121567, 0.05421929684739105, 0.5519902582214813, 0.16494413839991198], [0.22788342529628708, 0.05476051108977641, 0.5500482607107997, 0.16730780280313678], [0.24868693752192514, 0.05921658436746373, 0.5240180765173829, 0.16807840149322822], [0.2488526729489786, 0.05872953375656937, 0.5246719180044968, 0.16774587518995526], [0.23953219531965458, 0.057421950768988525, 0.5354836423015467, 0.16756221150981018], [0.24113822160587994, 0.05815746677947708, 0.5261607208780849, 0.17454359063655814], [0.22983100836786816, 0.05594970988705267, 0.5472122985530133, 0.1670069830920658], [0.22818617520434661, 0.05508819221899374, 0.5475838183809105, 0.16914181409574908], [0.21968150808396894, 0.055389692800552455, 0.5528429540124915, 0.17208584500298707], [0.2223018308222691, 0.05612493799997178, 0.5496104709428581, 0.17196276013490105], [0.2241179743754716, 0.05491029347875808, 0.5528189415791881, 0.16815279046658219], [0.2223553144096745, 0.05531221088631948, 0.5544353333468375, 0.16789714125716856], [0.23038331530112344, 0.05724627737300873, 0.5482918823815909, 0.1640785248442769], [0.2282447780702039, 0.05704742584481441, 0.5479674257092957, 0.166740370275686]], "ideal": "B", "sampled": "C", "correct": false}}
{"type": "result", "data": {"idx": 10, "options": ["Amount of wood used to make a desk.", "Number of pickles put on a sandwich.", "The size of a McDonald\u2019s kitchen.", "Number of teacher\u2019s assistants in local high schools."], "probs": [[0.2415913298188082, 0.06081967314432941, 0.5137370728609119, 0.18385192407595047], [0.2327823210582751, 0.06023352628529155, 0.5238450472364665, 0.1831391053199668], [0.2426005637790635, 0.06177106591100286, 0.5105848983996871, 0.1850434718102465], [0.23553044651451596, 0.06060807654632397, 0.5239881443165061, 0.17987333252265397], [0.2378912709648702, 0.06309195238268982, 0.512794107910024, 0.18622266864241593], [0.23992909071113372, 0.06170954085461045, 0.5180097453378578, 0.18035162299639806], [0.23575172879804795, 0.061672526368553963, 0.516377114439994, 0.18619863029340405], [0.22583713452235107, 0.061787156403229244, 0.5268980107108955, 0.18547769826352423], [0.2323168619780471, 0.061688604722199274, 0.5174610249535807, 0.18853350824617293], [0.22955534593119067, 0.060874669183445376, 0.5246141464482446, 0.1849558383371194], [0.23072179547978208, 0.06229553581125668, 0.5219261509645976, 0.18505651764436365], [0.2357922511743568, 0.0615237136237171, 0.5187819638238772, 0.1839020712780489], [0.23554056003045906, 0.06331511350404197, 0.508513789255961, 0.19263053710953795], [0.23099787300021105, 0.06199103131337209, 0.5208091347285991, 0.18620196085781776], [0.2334163836919985, 0.06153909253918614, 0.5125744456860697, 0.19247007798274565], [0.23373438938011257, 0.06052022561988524, 0.5166738744310062, 0.18907151046899598], [0.23591312060640116, 0.06350293565642785, 0.5149071062614069, 0.1856768373757641], [0.24068767009271097, 0.06387590663893952, 0.5071897543995258, 0.18824666876882362], [0.23630414454253607, 0.06678417522071087, 0.4971581885560392, 0.1997534915807139], [0.23672797568075946, 0.06506204410551918, 0.5031948535179109, 0.19501512659581038], [0.234904808112836, 0.06711707613556611, 0.49635365208844556, 0.2016244635631523], [0.23937165734758384, 0.06623837351136627, 0.4926841854556449, 0.20170578358540497], [0.23828951834523837, 0.0665033380136197, 0.49761151891730465, 0.19759562462383726], [0.24291472454284802, 0.06730707490568882, 0.48829302844685707, 0.20148517200460606]], "ideal": "C", "sampled": "D", "correct": false}}
{"type": "result", "data": {"idx": 11, "options": ["Price rises, but quantity is ambiguous.", "Price falls, but quantity is ambiguous.", "Price is ambiguous, but quantity rises.", "Price is ambiguous, but quantity falls."], "probs": [[0.2485375384720188, 0.04916233825293572, 0.5685625968300332, 0.13373752634501226], [0.24900609994442982, 0.049112231998069245, 0.565421478853352, 0.1364601891041489], [0.25488356228014764, 0.049526301198832855, 0.5536357266951989, 0.1419544097258206], [0.25189975652261143, 0.04858674253295995, 0.56184269666545, 0.13767080417897873], [0.25887322905442517, 0.049601864988646785, 0.5516418916858786, 0.13988301417104942], [0.25536007954427525, 0.048775617482995894, 0.5597899180231792, 0.13607438484954965], [0.24662055052559315, 0.049328419521192324, 0.5697725158224461, 0.1342785140307684], [0.25247078567146536, 0.05005276835836394, 0.5613826387250225, 0.1360938071451482], [0.25005810892134306, 0.049974245198029614, 0.5597413127804126, 0.14022633300021473], [0.2536690476208044, 0.049538037558801463, 0.5578389042541094, 0.13895401046628475], [0.25245345294623606, 0.04982643331381498, 0.554821863281949, 0.14289825035799986], [0.25267656317258397, 0.04879865540381109, 0.5602720683110928, 0.13825271301251213], [0.2652195334492749, 0.05040135121434533, 0.5556447381199006, 0.12873437711647917], [0.2676175038106413, 0.05023146607341718, 0.5515655484082159, 0.13058548160772562], [0.25007047874109933, 0.049466147276787324, 0.5632615600967177, 0.13720181378539562], [0.2549205809269259, 0.04941502553054304, 0.5565768023594091, 0.13908759108312202], [0.254798326687342, 0.04883878005312425, 0.5675492370686006, 0.12881365609093312], [0.25497423650105755, 0.049257939704128895, 0.5661095169324742, 0.12965830676233933], [0.26039234092156277, 0.05038845967431655, 0.5551548661685075, 0.1340643331356132], [0.2606465142511994, 0.04964805991009917, 0.5564229918035853, 0.13328243393511607], [0.2658006985264821, 0.04967528095141229, 0.5565579227241536, 0.12796609769795203], [0.2593105886257453, 0.04900772222715849, 0.5613141937748322, 0.13036749527226404], [0.25113382572310344, 0.050114949799602224, 0.5673413867888204, 0.13140983758847397], [0.25517685868097145, 0.050750468999635846, 0.5611117188981686, 0.13296095332122412]], "ideal": "C", "sampled": "C", "correct": true}}
{"type": "result", "data": {"idx": 12, "options": ["A bumper crop of oranges in Florida", "A decrease in the price of Tang", "Expectations of lower future prices for orange juice", "Expectations of higher future income among juice drinkers"], "probs": [[0.28701273673185307, 0.04646990620885657, 0.5071851799571407, 0.15933217700214955], [0.304506759402197, 0.055064559215398004, 0.4542728970392289, 0.18615578424317608], [0.3257944285543804, 0.0708965510059032, 0.4196806549606259, 0.18362836537909047], [0.35106373875992786, 0.06909473445602926, 0.42898423753812326, 0.15085728914591956], [0.31889610529046825, 0.065732551635709, 0.41319193200533466, 0.20217941096848807], [0.31786564226150005, 0.05634874891931153, 0.4787803923514061, 0.14700521636778224], [0.3314190557700486, 0.05529301946109291, 0.46248569614392265, 0.15080222852493586], [0.315593870813832, 0.06048803820964829, 0.4463347527410399, 0.1775833381354798], [0.367623862828627, 0.07172379588569361, 0.394535091520619, 0.16611724966506036], [0.33297443386562836, 0.06664617358971753, 0.44068706031207144, 0.15969233213258271], [0.32869778059705657, 0.06320613810402315, 0.4267274864106067, 0.1813685947883136], [0.31357787284223126, 0.06110947609587559, 0.4615646938388778, 0.16374795712301532], [0.3295316124343031, 0.06938252649047441, 0.4040513664381823, 0.19703449453704017], [0.3698192751823257, 0.06744599935976235, 0.4021270184831447, 0.16060770687476725], [0.3297456751471972, 0.06278847063765172, 0.4171798762682151, 0.1902859778469359], [0.3210447430289612, 0.06266383826105996, 0.4381818174877675, 0.1781096011222113], [0.4234586389197042, 0.06521587866798464, 0.369762602186201, 0.14156288012611012], [0.3389055779074314, 0.0663961926989349, 0.4200676145739643, 0.17463061471966934], [0.32697928435780055, 0.06653237441310113, 0.4120523990584487, 0.19443594207064963], [0.29660563332129436, 0.05618633078133982, 0.49512956308258405, 0.15207847271478175], [0.33195870369425723, 0.06032777442192264, 0.4228263402420722, 0.1848871815417479], [0.3130468609226052, 0.058660557165070515, 0.455823613068193, 0.1724689687441313], [0.37932040153166086, 0.07133276547276621, 0.4008510886968338, 0.14849574419873912], [0.32585145981936287, 0.07217492592655637, 0.42601927669671386, 0.17595433745736688]], "ideal": "D", "sampled": "C", "correct": false}}
{"type": "result", "data": {"idx": 13, "options": ["Demand is downward-sloping.", "The demand curve lies above the marginal revenue curve.", "Price is determined by the equilibrium in the entire market.", "Average revenue differs from price."], "probs": [[0.351750875203141, 0.05563999629000738, 0.4596282174779068, 0.1329809109289448], [0.35570806261320237, 0.05736394225977416, 0.43870592112922513, 0.14822207389779835], [0.3637453642402832, 0.05920644893058981, 0.4458198282110403, 0.13122835851808667], [0.36893929928012925, 0.06021272956088871, 0.42760680827374403, 0.14324116278523802], [0.3582121427023838, 0.05239060204918271, 0.45068827980400655, 0.138708975344427], [0.3688960794738018, 0.05248690944527555, 0.44138087317563457, 0.13723613780528804], [0.36600821115862336, 0.05635573546454805, 0.45887576161576826, 0.1187602916610603], [0.3640267415290666, 0.05738121527073632, 0.44554676612690514, 0.1330452769732919], [0.3873540018352197, 0.05829664101998769, 0.4453700018463458, 0.10897935519844687], [0.3846114263127157, 0.05900471262414527, 0.4331907017349486, 0.12319315922819041], [0.36459805479118845, 0.05027156584878435, 0.4510306950745078, 0.13409968418551932], [0.38565852946911194, 0.050960294517544864, 0.4409291710939465, 0.12245200481939668], [0.41940545562850423, 0.055861006792327285, 0.3911348537210226, 0.1335986837581459], [0.39832793178419823, 0.05577652693069537, 0.40072782330946927, 0.14516771787563712], [0.3965124130372202, 0.054231166026069144, 0.41522079083312613, 0.1340356300035845], [0.36323244187848347, 0.05557849381856262, 0.4274013733600649, 0.153787690842889], [0.41722208257317644, 0.05304355918830679, 0.3945967554651485, 0.13513760267336825], [0.4298045708656256, 0.051561092126222806, 0.387530336395549, 0.13110400051260254], [0.3551360911500548, 0.057492978008407254, 0.4789910244613069, 0.108379906280231], [0.34430531946499204, 0.057392755792986354, 0.4920244995766778, 0.10627742506534378], [0.3727828825744538, 0.05839064757471864, 0.4582060005277922, 0.11062046922303538], [0.3514100286653148, 0.05800227777078173, 0.4809411429807825, 0.10964655048312097], [0.37888963155800964, 0.06301070936916114, 0.45949698859319604, 0.09860267037963315], [0.3716732457036093, 0.061167384887864586, 0.4614488722678173, 0.10571049704070878]], "ideal": "C", "sampled": "C", "correct": true}}
{"type": "result", "data": {"idx": 14, "options": ["money.", "plant and equipment.", "where the central government is located.", "the center of the economy."], "probs": [[0.27938058553255385, 0.06711785394596645, 0.4756734299828765, 0.17782813043860324], [0.2919739608488195, 0.06837695428778698, 0.4665519316593006, 0.17309715310409296], [0.185235383178047, 0.045780305326402225, 0.615771419669631, 0.15321289172591976], [0.21755254023336804, 0.04757129719856801, 0.492014760191546, 0.24286140227651795], [0.18376053746893245, 0.042678657369418074, 0.6394473790071254, 0.13411342605452403], [0.22644169148512855, 0.04763944659529085, 0.4670428245960802, 0.2588760372235004], [0.3274330344811341, 0.06090030345756137, 0.4316387965086059, 0.1800278654526986], [0.33470726757965563, 0.06280080368786688, 0.431968877390838, 0.1705230512416395], [0.2106460928706285, 0.04126001894061429, 0.6069830655444652, 0.14111082254429194], [0.26494884685719583, 0.04322973670549331, 0.49207046989698716, 0.1997509464403237], [0.23996560034557013, 0.04312617556232511, 0.57973673977238, 0.13717148421972472], [0.2930836742767492, 0.04402767964819155, 0.45807875222033284, 0.2048098937547264], [0.19173978062782093, 0.04699137376466137, 0.61908910843352, 0.14217973707399761], [0.22735628398709248, 0.04723829385449611, 0.489381311451949, 0.2360241106064624], [0.2673624336141118, 0.07179818725770129, 0.4825837991984194, 0.17825557982976745], [0.2870272142455132, 0.09051704540714019, 0.42146084336388806, 0.20099489688345853], [0.20528031271788122, 0.04204122596435866, 0.5385343867438612, 0.2141440744738989], [0.19565090243572156, 0.04125341711148226, 0.6153224614344266, 0.1477732189183696], [0.1848019631796755, 0.04480892352596475, 0.6359798812829275, 0.1344092319114322], [0.21530838262204546, 0.04565923966706044, 0.48909804519502703, 0.24993433241586707], [0.262695016407737, 0.060539268402209315, 0.536106471187703, 0.14065924390235057], [0.2762450226074438, 0.05932705365781554, 0.4906296638163978, 0.17379825981834285], [0.1914580521230586, 0.04151876394091398, 0.5515635177407496, 0.21545966609527778], [0.17442848176467646, 0.038737394777627734, 0.6476417924034065, 0.13919233095428932]], "ideal": "B", "sampled": "B", "correct": true}}
{"type": "result", "data": {"idx": 15, "options": ["Ray pulls weeds, since he has absolute advantage in cooking.", "Dorothy pulls weeds, since she has absolute advantage in cooking.", "Dorothy cooks, since she has comparative advantage in cooking.", "Ray cooks, since he has comparative advantage in cooking."], "probs": [[0.18938342149655765, 0.0487038281325101, 0.6137209555282866, 0.14819179474264557], [0.1882796897422719, 0.04842539912294928, 0.6215697572620749, 0.14172515377270395], [0.20808327971118354, 0.05421927027678961, 0.5779566979559234, 0.1597407519561034], [0.19529519501660136, 0.05178628386414739, 0.6011877372879174, 0.15173078373133383], [0.20703231746411432, 0.055813515960451796, 0.5771642176224192, 0.15998994885301462], [0.20627766845547696, 0.05499461292670574, 0.5852089523683895, 0.15351876614942778], [0.18994185538860728, 0.04938473234634301, 0.6056032247861964, 0.15507018737885328], [0.1843719631249115, 0.048672050232788436, 0.6182424425460554, 0.14871354399624467], [0.20390601576945988, 0.054541770431339884, 0.5774434417132938, 0.1641087719859065], [0.20254821771521128, 0.05383978703318388, 0.5869074971847807, 0.15670449796682412], [0.20519284519749756, 0.05357429657388625, 0.5839733372049681, 0.157259520923648], [0.19835397894714546, 0.052176178273946494, 0.5941742746559805, 0.1552955680229276], [0.20693380640664938, 0.05219857274435554, 0.5787613671584493, 0.16210625359054576], [0.193406854403203, 0.04959923884370928, 0.6065493957065584, 0.15044451094652936], [0.20847587998824182, 0.05215921058136134, 0.5772226237218047, 0.16214228560859215], [0.20475103686374943, 0.05059595962122913, 0.5927704351260646, 0.15188256828895677], [0.2174485769429702, 0.053276490261952185, 0.5729138638715092, 0.15636106882356834], [0.2218131654692457, 0.05348539192483249, 0.5685888954849015, 0.15611254702102023], [0.21811573123942787, 0.053259122913000036, 0.5661541201868963, 0.16247102556067583], [0.2166490570734534, 0.05260337182802961, 0.5799853844359588, 0.1507621865625582], [0.21224612628024656, 0.05252631164640375, 0.5803449326276069, 0.15488262934574273], [0.20659146172554463, 0.05120205248086851, 0.5940474403960194, 0.14815904529756738], [0.22786221632034862, 0.05445833693598625, 0.5664040851859709, 0.15127536145769424], [0.22585223925115905, 0.053620551704886964, 0.5701474845507385, 0.15037972439321554]], "ideal": "D", "sampled": "D", "correct": true}}
{"type": "result", "data": {"idx": 16, "options": ["The price of apple peelers/corers rises.", "Your aunt\u2019s friends gossip all day, slowing their dough-making process.", "There is a sale on ovens.", "A new study reveals that apples increase your risk of cancer."], "probs": [[0.3385529144093191, 0.06601432562672342, 0.4482235211827865, 0.1472092386811709], [0.3373198411914058, 0.06630526877606076, 0.4422512019580142, 0.15412368797451922], [0.3457846137067828, 0.06800727140180059, 0.433830890979842, 0.15237722381157456], [0.33445078131192235, 0.06088046728955862, 0.45673781628809695, 0.14793093501042207], [0.32887945350759307, 0.0595492010061289, 0.46144315481795534, 0.1501281905683227], [0.30600481066056606, 0.05777386174660523, 0.4880911402268564, 0.14813018726597227], [0.345151708023829, 0.06902081082164112, 0.4443646271543473, 0.14146285390018254], [0.3412452732433207, 0.0677665878605675, 0.4457196029146077, 0.14526853588150407], [0.34176771377041304, 0.06810124522219176, 0.4449936946033654, 0.1451373463040298], [0.32883288718080383, 0.06935525529834154, 0.44771783538786564, 0.15409402203298897], [0.31445038549773324, 0.05849783910596888, 0.4874728357861197, 0.13957893951017813], [0.31261225832974476, 0.06094088268547816, 0.48214202036785136, 0.14430483851692572], [0.32838517424160607, 0.06497320532149035, 0.46521213646051307, 0.1414294838763905], [0.32091822021530275, 0.059729611132668455, 0.4777105272191438, 0.14164164133288495], [0.3048445834682828, 0.0628795316323413, 0.48368432392283867, 0.14859156087653724], [0.30743077165218413, 0.0652006636107283, 0.46856289748212815, 0.15880566715495945], [0.2916314710247751, 0.05195329531333723, 0.5258661107888258, 0.1305491227730618], [0.29703723496097545, 0.05527685417347156, 0.5032453386505261, 0.1444405721150269], [0.30881054356625626, 0.05914501320519473, 0.4899344030253308, 0.1421100401032182], [0.30125493257095287, 0.057660416622064475, 0.5072314814303444, 0.13385316927663826], [0.2800884027429855, 0.05488787534043652, 0.5215791651339698, 0.14344455668260808], [0.2792566889577489, 0.05574072647696362, 0.5192973977122137, 0.14570518675307376], [0.29346922612115467, 0.05701604762716755, 0.5100687323689306, 0.13944599378274722], [0.29075329029091157, 0.06008313163947686, 0.49377417154455094, 0.15538940642506066]], "ideal": "C", "sampled": "A", "correct": false}}
