{"type": "result", "data": {"idx": 0, "options": ["temporary dipoles created by the position of electrons around the nuclei in a molecule", "the three-dimensional intermolecular bonding present in all covalent substances", "the uneven electron-to-proton ratio found on individual atoms of a molecule", "the electronegativity differences between the different atoms in a molecule"], "probs": [[0.643411898675738, 0.1616879761686157, 0.10245323561795856, 0.09244688943768774], [0.6611817527734304, 0.14493076609809352, 0.12216337114962729, 0.07172410987884884], [0.5908458388120786, 0.1229486075704078, 0.17628911312477855, 0.10991644039273503], [0.5847167720637191, 0.11736822826691372, 0.1873677484424947, 0.11054725112687251], [0.5966294762866794, 0.2117749280583637, 0.12499497829587886, 0.06660061725907802], [0.6314336609847201, 0.18873531973906993, 0.09100196441841593, 0.08882905475779401], [0.2024551839165645, 0.49719615267300127, 0.14036368250527084, 0.15998498080516338], [0.22584310315716236, 0.4442701968541408, 0.2144714465837914, 0.11541525330490542], [0.15896117261437337, 0.12480662853706279, 0.5166613805518889, 0.19957081819667497], [0.17955441083696877, 0.11930545206540392, 0.42773516893886065, 0.27340496805876663], [0.2676066894498075, 0.26217947825078114, 0.3324842254494404, 0.13772960674997098], [0.259427956929849, 0.22711812770723672, 0.1756077058256582, 0.3378462094372561], [0.19517072851894066, 0.6057243752732089, 0.12519199494307978, 0.07391290116477063], [0.19183977089274631, 0.5446376840571141, 0.17094600326308312, 0.09257654168705642], [0.2500393278629188, 0.192204824419255, 0.34286610736102974, 0.21488974025679647], [0.2599372422397816, 0.19187679538457866, 0.306839812178911, 0.24134615009672872], [0.19588433496012952, 0.5017386749144132, 0.19283157872464518, 0.10954541130081213], [0.19933885784411814, 0.537574620766658, 0.15362574847458177, 0.10946077281464213], [0.44657163795192956, 0.35808616651713737, 0.1319865913271115, 0.06335560410382156], [0.44660098339915216, 0.3550415178014756, 0.09799698301183289, 0.10036051568753936], [0.5398431185732961, 0.20123641050179858, 0.17327122060295477, 0.08564925022195047], [0.513443358391489, 0.20210849047827964, 0.12735927293456464, 0.15708887809566666], [0.40724651787838306, 0.13484575941269913, 0.30454855246631957, 0.1533591701425982], [0.46484372015119324, 0.1329186707602143, 0.22659374771236412, 0.17564386127622833]], "ideal": "A", "sampled": "A", "correct": true}}
{"type": "result", "data": {"idx": 1, "options": ["70 pm, 1402 kJ/mol", "86 pm, 898 kJ/mol", "135 pm, 523 kJ/mol", "40 pm, 995 kJ/mol"], "probs": [[0.31280376804910837, 0.3249088750847617, 0.24638278229195446, 0.11590457447417551], [0.313032475730524, 0.3251632129436174, 0.24848845413458637, 0.1133158570912722], [0.28451276458590946, 0.27996248629785975, 0.31131575204259787, 0.12420899697363291], [0.2841432859698875, 0.27534486501711086, 0.29664366222298005, 0.14386818669002152], [0.29106337045994984, 0.290881397478113, 0.3014509700045359, 0.11660426195740123], [0.29804703905757673, 0.2932480013153559, 0.27239567583498253, 0.13630928369208486], [0.3074479286034177, 0.32429223202157975, 0.2517091483644754, 0.11655069091052718], [0.30839140598631853, 0.3203002357296826, 0.26057840555886186, 0.11072995262513699], [0.28658320011374316, 0.27970437671375653, 0.31343557081998985, 0.12027685225251046], [0.28938046094861625, 0.28039512035426944, 0.2926619350617525, 0.1375624835353618], [0.2847596300570657, 0.27800338421949583, 0.3139161052272183, 0.12332088039622019], [0.30110697301179506, 0.2850023933216119, 0.27297047998129675, 0.1409201535852963], [0.2811302966103592, 0.3283658472134756, 0.27784146117657155, 0.1126623948995936], [0.2833276646550142, 0.3309178898760879, 0.26301553450851733, 0.12273891086038057], [0.2830722629740884, 0.33581161495665324, 0.2711656987395918, 0.10995042322966658], [0.2838299975942111, 0.33681799232638826, 0.2573618388425927, 0.12199017113680788], [0.26523518164433324, 0.29800599366417707, 0.3065512432365347, 0.130207581354955], [0.27201298281829855, 0.29628801784365866, 0.3022887155452384, 0.12941028369280436], [0.27047589217047274, 0.31589603185552423, 0.29824581517093773, 0.11538226070306529], [0.28501343299558574, 0.3251649688579572, 0.26045354810056953, 0.12936804994588755], [0.2823427915290777, 0.3171229958217118, 0.2856261133862018, 0.1149080991630087], [0.2920010511582525, 0.3279596073323588, 0.2525935320247821, 0.1274458093846066], [0.2564319073897468, 0.2645551264021486, 0.33859604593705717, 0.14041692017104743], [0.25605640194323714, 0.26418221387877044, 0.3406773856042495, 0.13908399847374292]], "ideal": "A", "sampled": "B", "correct": false}}
{"type": "result", "data": {"idx": 2, "options": ["ionic bonding", "nonpolar covalent bonding", "covalent network bonding", "metallic bonding"], "probs": [[0.15814684329835615, 0.2786684632022662, 0.3861238658042068, 0.1770608275951708], [0.16336657105242708, 0.303762227266453, 0.3741464316470794, 0.15872476993404055], [0.18165818803704584, 0.3133863713014745, 0.31669734961509677, 0.18825809094638288], [0.18331772087171339, 0.32088473436007764, 0.34818336364125285, 0.14761418102695611], [0.17932202608630823, 0.30850200462972616, 0.3323851376863418, 0.17979083149762376], [0.17600196335936943, 0.3033975019241338, 0.34796773865367603, 0.17263279596282072], [0.22172933153887595, 0.3623171638389558, 0.2586803060904654, 0.15727319843170287], [0.2383748108152372, 0.35518615905091505, 0.2758648652178621, 0.13057416481598566], [0.21075223384180167, 0.24905231592548843, 0.38554528351742995, 0.15465016661527992], [0.22101669513384545, 0.25890486272495883, 0.3394856300840506, 0.18059281195714513], [0.21469764409302455, 0.22789327797994963, 0.39615163203092624, 0.1612574457960996], [0.211867711280489, 0.23340154387409623, 0.323187599244808, 0.23154314550060676], [0.207378884799356, 0.419572394169377, 0.20198128212542354, 0.17106743880584344], [0.20755581864957415, 0.40151402948527803, 0.26192528397094506, 0.12900486779420273], [0.1723295671024146, 0.2462918201010183, 0.39243514567704463, 0.1889434670195225], [0.18713993111080016, 0.25262022392339883, 0.3131199525448477, 0.2471198923209533], [0.1979190291016649, 0.31804330238241607, 0.3317372898880331, 0.15230037852788592], [0.1945520846217655, 0.33908865862938364, 0.20963268604663834, 0.25672657060221254], [0.22728196596966393, 0.3369199234828222, 0.2851398799986645, 0.15065823044884932], [0.22177542082907034, 0.3319642444527706, 0.29672448939919077, 0.14953584521896826], [0.20252803286625526, 0.20894848186207804, 0.4247934899614781, 0.1637299952101886], [0.22918093202206483, 0.19706130025800384, 0.3043319582634816, 0.2694258093564498], [0.24049082037650454, 0.23531561736919293, 0.3716351930181802, 0.1525583691361223], [0.24217087749714514, 0.23813921920478812, 0.2643570382437111, 0.25533286495435564]], "ideal": "C", "sampled": "A", "correct": false}}
{"type": "result", "data": {"idx": 3, "options": ["Ag+(aq) + Br-(aq) \u2192 AgBr(s)", "NH4+(aq) + Ag+(aq) \u2192 Ag(NH4)3+2(aq)", "Br-(aq) + NO3-(aq) \u2192 NO3Br(aq)", "NH4Br(aq) + NO3-(aq) \u2192 NH4NO3(aq) + Br-(aq)"], "probs": [[0.3386704426268951, 0.22163361969262185, 0.17551357075347437, 0.2641823668270087], [0.3305126081000173, 0.2415569686416085, 0.2586384078804537, 0.16929201527792045], [0.28635550389142006, 0.21401470793024052, 0.21945638807483484, 0.28017340000350455], [0.3101461986821897, 0.24488592540769014, 0.3047803205790176, 0.14018755523110257], [0.32315401775195146, 0.3970331371759794, 0.16161126664402553, 0.11820157832804364], [0.3386255754657894, 0.40336790701944497, 0.14951605717207342, 0.10849046024269214], [0.26751721699892217, 0.22900276566250205, 0.2039725394036806, 0.2995074778348952], [0.24759990726617828, 0.2462051437189796, 0.32570021370669955, 0.18049473520814255], [0.2604552507140057, 0.16087695954621395, 0.251128524516742, 0.3275392651230383], [0.26023469148163464, 0.18049327075146543, 0.3863245661565148, 0.17294747151038517], [0.2443580627197048, 0.4176560937940651, 0.18816089628245344, 0.14982494710377667], [0.26653118924598823, 0.42474207462161745, 0.17420258924132426, 0.13452414679107008], [0.24070130700291334, 0.2632904530817528, 0.20927045301771538, 0.28673778679761847], [0.2515467255134135, 0.2801176440365551, 0.3231513009254063, 0.14518432942462514], [0.2259261641563475, 0.2318518047078829, 0.19945946631015712, 0.34276256472561245], [0.21736868176986804, 0.2691017331600858, 0.3509708658377807, 0.16255871913226547], [0.27950419306915264, 0.43987030144880523, 0.14690152423691843, 0.13372398114512368], [0.26534416463393284, 0.46848476787689736, 0.14857795560630657, 0.11759311178286315], [0.36820565004515743, 0.22980593605399116, 0.2292527304694551, 0.1727356833313963], [0.37009144928603255, 0.21220091615584158, 0.22698596794081716, 0.19072166651730868], [0.35884064432370455, 0.24544954297472263, 0.19403345880952275, 0.20167635379205007], [0.35260603181427036, 0.2604664667832807, 0.17757210300785034, 0.2093553982945986], [0.3695509300555702, 0.22481089343017338, 0.19810503114738515, 0.20753314526687122], [0.3487489611307344, 0.261674209707187, 0.2023792146015912, 0.18719761446048735]], "ideal": "A", "sampled": "D", "correct": false}}
{"type": "result", "data": {"idx": 4, "options": ["W", "Sb", "Fe", "An"], "probs": [[0.08633206992909682, 0.8473405446297225, 0.038374808610998616, 0.02795257673018203], [0.06889176830776501, 0.8606530074392034, 0.04327740342463122, 0.027177820728400436], [0.07026805256787244, 0.10313777677994755, 0.7152482982960747, 0.11134587225610532], [0.196495947274348, 0.12463192454772717, 0.27813735187047867, 0.40073477620744613], [0.07425635443764515, 0.11767942237814431, 0.7175216086032382, 0.09054261448097228], [0.1726531067804527, 0.13295970356324674, 0.22041674108213952, 0.47397044847416103], [0.8371049258442369, 0.08530591522763607, 0.041546442074790864, 0.036042716753336174], [0.8011933415104688, 0.09459715904472352, 0.056253167678505654, 0.047956331666302025], [0.8276937859995295, 0.08105925137613831, 0.04726514026081075, 0.04398182226352143], [0.8276044920791901, 0.08578216613281199, 0.04388233433794862, 0.042731007350049366], [0.8253984419720058, 0.086853630508538, 0.04549825546622429, 0.04224967195323183], [0.8327570618806778, 0.09062849051812362, 0.038672574148725866, 0.03794187335247268], [0.056464750795734306, 0.10621820435491508, 0.7360500644938763, 0.1012669802554743], [0.16286868583430444, 0.1439911936373602, 0.28662694778974834, 0.406513172638587], [0.07471321772937996, 0.862612037883523, 0.03577438116449535, 0.026900363122601682], [0.07149810809380423, 0.8723899693913997, 0.03084625504531503, 0.025265667369481024], [0.12050283995172709, 0.1188713044229747, 0.22369042693484978, 0.5369354285904484], [0.07742777297823512, 0.12571682971329207, 0.6957208435823815, 0.10113455362609126], [0.06794529016841266, 0.11641619215422, 0.7279174706760969, 0.08772104690127042], [0.18585663372758982, 0.14910175571299586, 0.23437141927393404, 0.4306701911854803], [0.08216758224603624, 0.851857022331723, 0.040503551071250796, 0.025471844250989955], [0.09099676678742259, 0.8474626050948378, 0.03524200041891252, 0.02629862759882705], [0.14428550326019482, 0.11635633816948016, 0.23846222990889923, 0.5008959285614257], [0.07847525880224875, 0.11010025679860518, 0.7063418065504828, 0.10508267774866326]], "ideal": "B", "sampled": "B", "correct": true}}
{"type": "result", "data": {"idx": 5, "options": ["0.33 atm", "0.40 atm", "0.50 atm", "2.0 atm"], "probs": [[0.39019112030875847, 0.23409128630392523, 0.25027187537409107, 0.1254457179132252], [0.39822033920526195, 0.24245166144235036, 0.24549844256181066, 0.11382955669057698], [0.3436205659193355, 0.2447031121850948, 0.2967240489966675, 0.11495227279890227], [0.37029958871177043, 0.257432766454487, 0.25680131482898094, 0.11546632990476159], [0.4106415509766971, 0.19316074250196993, 0.26734444496342363, 0.12885326145790935], [0.36853735537010546, 0.18750065004438765, 0.29880779088108467, 0.1451542036044222], [0.3501551746971927, 0.24002552030070448, 0.2751294374190813, 0.1346898674830215], [0.3625185705369929, 0.27472491706991226, 0.24160949833417802, 0.12114701395891685], [0.3424154119621406, 0.21050710346658683, 0.31000878479930755, 0.13706869967196506], [0.35850360451773583, 0.21515333329741354, 0.2839920776203585, 0.14235098446449213], [0.3461055302524676, 0.18616349161058968, 0.3204223072019631, 0.14730867083497964], [0.34382605036894337, 0.18502446731528424, 0.3013788714498074, 0.16977061076596495], [0.31631911269122853, 0.25745663427902565, 0.3072333679373795, 0.11899088499236629], [0.3372651959414668, 0.2827749869151387, 0.258897276635635, 0.12106254040775945], [0.3551633006699866, 0.23604288343151003, 0.27932837186451387, 0.12946544393398954], [0.34737554189069275, 0.24168321487870947, 0.27512300011744617, 0.13581824301315157], [0.3396709662238127, 0.22556971683540436, 0.29332504547657995, 0.141434271364203], [0.35837265845529737, 0.22525151071680133, 0.2729162275518252, 0.1434596031760761], [0.2410508090642925, 0.3436655308657262, 0.3100547080954625, 0.1052289518745188], [0.22939212324221442, 0.32459445497247985, 0.3242208530395802, 0.12179256864572546], [0.25227510550665716, 0.33263492085237506, 0.3023674442708999, 0.11272252927006784], [0.24845131849775653, 0.3328029959824023, 0.29093090997398385, 0.1278147754458573], [0.2409777831353169, 0.2988009318946598, 0.33808065926267505, 0.12214062560734826], [0.24473955313129273, 0.315460193294771, 0.31485618964950085, 0.1249440638244354]], "ideal": "C", "sampled": "A", "correct": false}}
{"type": "result", "data": {"idx": 6, "options": ["very soluble", "very electronegative", "isoelectronic with a noble gas", "highly colored"], "probs": [[0.29737703338467236, 0.27689786000304445, 0.26151536081420007, 0.1642097456980831], [0.24727335201303996, 0.23625264707448912, 0.1988834708896554, 0.3175905299228155], [0.27006827009308954, 0.24583263301623082, 0.29208399168091764, 0.192015105109762], [0.2794507360342617, 0.26626165905132637, 0.21341288941714215, 0.24087471539726982], [0.20242494945960415, 0.14441559147629182, 0.31087465017531896, 0.3422848087887851], [0.18512373884966846, 0.1533925361272404, 0.33353656030036677, 0.32794716462272433], [0.348311911438202, 0.2854004885090245, 0.22015424726651706, 0.1461333526862565], [0.2929642796223454, 0.23339514432003663, 0.1833179145868089, 0.29032266137080903], [0.34758154072238445, 0.3378386547501602, 0.18238035114342596, 0.13219945328402932], [0.3233279037648154, 0.3199304687646546, 0.17359274882715625, 0.18314887854337375], [0.23722901230975924, 0.16112243647387403, 0.3288260898015068, 0.27282246131485993], [0.24271083599020343, 0.17467117828384277, 0.3220932877365506, 0.2605246978894032], [0.44441193006434027, 0.22216115723779395, 0.1895688139945728, 0.143858098603293], [0.46744268933883015, 0.2079822097798153, 0.15482627776661648, 0.16974882301473807], [0.47618442769057123, 0.25302362439486364, 0.1507916003314861, 0.120000347483079], [0.44099439852016775, 0.259600393162028, 0.14628888229192058, 0.15311632592588367], [0.39521008137073677, 0.15929899870800918, 0.2460170649339548, 0.1994738548872992], [0.3538950488778226, 0.16199139241718769, 0.26461086463102634, 0.2195026939739634], [0.1765323035699117, 0.2509028390068099, 0.2746522210160089, 0.29791263630726955], [0.15761145478068855, 0.2442406938952139, 0.2873972866427412, 0.3107505645813563], [0.17540453634004916, 0.22760495880361686, 0.3123032496900472, 0.2846872550662868], [0.18078109889578667, 0.23005040330449583, 0.3130915509311919, 0.2760769467685256], [0.1781125733921973, 0.2913687694659583, 0.3233639453014449, 0.20715471174039948], [0.172321848301262, 0.25899215372332146, 0.3209040617217759, 0.24778193615364066]], "ideal": "C", "sampled": "C", "correct": true}}
{"type": "result", "data": {"idx": 7, "options": ["no two electrons can have the same four quantum numbers", "no two electrons with the same spin can occupy an orbital", "no two electrons can occupy separate orbitals", "no two electrons can pair up if there is an empty orbital at the same energy level available"], "probs": [[0.27002912354705844, 0.226441752493957, 0.2929965511714992, 0.21053257268748532], [0.22501767834234615, 0.21806132466309205, 0.2743092138148834, 0.28261178307967844], [0.2926519767252217, 0.2524976990492317, 0.20699754046817603, 0.24785278365737057], [0.2793418043866747, 0.2710049925024262, 0.2696798322968291, 0.17997337071407002], [0.24853374810911152, 0.29140948377885545, 0.17944815218298793, 0.2806086158290451], [0.2875712513636074, 0.3356159031055528, 0.20700299737767616, 0.16980984805316365], [0.30330888337764583, 0.20011497138272216, 0.2911339786695568, 0.20544216647007515], [0.2525433003649892, 0.1982799768249596, 0.2761410772524304, 0.27303564545762077], [0.3206045877522807, 0.23155134568951635, 0.19236887702852723, 0.25547518942967573], [0.3272288593071316, 0.26764427416430486, 0.25258143604637157, 0.15254543038219204], [0.28315275482754465, 0.28866213127077656, 0.16476778438875792, 0.2634173294129209], [0.32290956374754, 0.3235380053196665, 0.20180827377208602, 0.15174415706070754], [0.2994323670564673, 0.20751838383983623, 0.2311459332473398, 0.26190331575635667], [0.2788660733768184, 0.22065520438246772, 0.2983330412158836, 0.20214568092483026], [0.28741603658579506, 0.23102657150362485, 0.21333554067064506, 0.268221851139935], [0.2725242497882824, 0.2685501099206227, 0.2836844749621995, 0.17524116522889543], [0.2747250456129209, 0.37597333820914547, 0.1638532554365269, 0.1854483606414067], [0.26922404362215435, 0.35962020811388523, 0.18277093493942187, 0.18838481322453854], [0.3143828149110718, 0.18552870938775665, 0.20367935325249875, 0.2964091223486728], [0.354919303771549, 0.1990461438979497, 0.2539086861979764, 0.1921258660325249], [0.30936135702385514, 0.1910760516378569, 0.1959806499273687, 0.30358194131091926], [0.3285522607483254, 0.204482460201906, 0.2765953664173171, 0.19036991253245156], [0.36796332188959946, 0.2175992746374401, 0.18320414820244826, 0.2312332551705122], [0.35725309590421467, 0.21874393334251296, 0.20394606611751923, 0.22005690453575313]], "ideal": "D", "sampled": "D", "correct": true}}
{"type": "result", "data": {"idx": 8, "options": ["Rb+", "Se2-", "As5+", "Sr2+"], "probs": [[0.30874675969294896, 0.2754311006305026, 0.21737274849286653, 0.19844939108368187], [0.3252991784083267, 0.27508399297651553, 0.22365352842439137, 0.1759633000907664], [0.31750088453841807, 0.28181460077008863, 0.21557494674590758, 0.1851095678455857], [0.32883415112834247, 0.2593993284949441, 0.22233431370321294, 0.18943220657350046], [0.3189018761465495, 0.31163469882574757, 0.20575616374807837, 0.16370726117962453], [0.33006316420115506, 0.2856189012241847, 0.20507057009076765, 0.17924736438389258], [0.3487949111116636, 0.2745958063778011, 0.19124898377763674, 0.18536029863289855], [0.36872079415328446, 0.270633186810473, 0.20208517903921977, 0.1585608398970228], [0.36252824828002406, 0.2939002978254374, 0.1751764189197891, 0.1683950348747494], [0.37382529296192357, 0.29965613182338036, 0.18371581086812505, 0.14280276424657098], [0.3689036070931603, 0.3100613951372983, 0.17469434438389012, 0.14634065328565127], [0.36371212381731965, 0.32727076570520974, 0.16822906839530627, 0.14078804198216432], [0.29599985918422694, 0.2947587414500214, 0.21434837896987663, 0.194893020295875], [0.31894121996586444, 0.2573965902695419, 0.22262311974727156, 0.2010390699173221], [0.28032839295445006, 0.30195686218103174, 0.208793997743708, 0.2089207470208102], [0.29889401790490977, 0.31129068133102306, 0.2079610228330552, 0.18185427783101196], [0.3207524573145821, 0.28435211099737007, 0.20954101338939002, 0.18535441819865783], [0.30576947328370835, 0.33710458871331406, 0.20191934702761385, 0.15520659087536373], [0.3553105751208555, 0.2875306436518184, 0.19552282371008903, 0.16163595741723705], [0.3615309595700176, 0.2624813616013306, 0.19423282144511528, 0.18175485728353655], [0.335131913390025, 0.29514801499276305, 0.19026854632382287, 0.17945152519338908], [0.33615837975247115, 0.3023642762136167, 0.20158574572041546, 0.15989159821349666], [0.3620065070032573, 0.2536578627367196, 0.1993911384973893, 0.1849444916626338], [0.35728132188798495, 0.292815978902861, 0.2018303840877884, 0.1480723150213657]], "ideal": "C", "sampled": "D", "correct": false}}
{"type": "result", "data": {"idx": 9, "options": ["the O\u2013H bonds in sulfuric acid are much weaker than in sulfurous acid due to the electron withdrawing of the oxygen atoms on sulfuric acid", "sulfuric acid has more oxygen atoms in its formula", "the sulfur in sulfuric acid is more electronegative than the sulfur in sulfurous acid", "sulfuric acid has the hydrogen atoms bound directly to the sulfur atom"], "probs": [[0.414996683556065, 0.17015370724883852, 0.2472414523115872, 0.16760815678350927], [0.42715603745414976, 0.18130843609708094, 0.17290476220465328, 0.218630764144116], [0.4445994098605897, 0.2563882286465778, 0.15042862967068524, 0.14858373172214726], [0.43614080163294544, 0.26536475210902355, 0.1700919222716424, 0.12840252388638856], [0.44319405808749807, 0.17942864770457842, 0.1594217216464434, 0.21795557246148012], [0.4317215873638917, 0.1807142576713863, 0.2413861561199807, 0.14617799874474127], [0.24461789973505207, 0.5147952551951729, 0.15016363895293663, 0.09042320601683838], [0.23815464013269144, 0.5155878181743871, 0.14048341229233668, 0.10577412930058473], [0.20529454372087005, 0.29461283805759847, 0.3778965343706844, 0.12219608375084709], [0.21432949068471985, 0.3246147181341902, 0.2055873515513894, 0.25546843952970055], [0.17792620722880279, 0.17324250418472859, 0.48144118538330094, 0.16739010310316768], [0.1844577910647442, 0.1691320215125822, 0.36795594736300025, 0.2784542399596734], [0.3384335237869883, 0.4082139012341607, 0.14356338548525857, 0.10978918939359246], [0.3470659942836598, 0.4024087546417782, 0.1521000324275962, 0.0984252185469658], [0.257238961083292, 0.1801850634467664, 0.4254780924957411, 0.13709788287420055], [0.31354368664299276, 0.18212077562539816, 0.20972133305721358, 0.2946142045743955], [0.30257005222319405, 0.22004347888091086, 0.34540114210063727, 0.13198532669525784], [0.32673366821917893, 0.20006406007578423, 0.17808612750693253, 0.2951161440981043], [0.2720431427690013, 0.45083219480226505, 0.14684739926251655, 0.13027726306621712], [0.28101493390897525, 0.4491239721912128, 0.17646045411269937, 0.09340063968711254], [0.1891750918646336, 0.15989138600316755, 0.49253216291892493, 0.1584013591132739], [0.20368784636547926, 0.157174396709699, 0.36995494585845684, 0.26918281096636487], [0.24088098878594483, 0.31662925131047714, 0.3267879686390016, 0.11570179116457635], [0.24511567880569962, 0.3196505856246393, 0.1788997921332662, 0.25633394333639486]], "ideal": "A", "sampled": "A", "correct": true}}
{"type": "result", "data": {"idx": 10, "options": ["0.0641 M", "1.64 M", "0.115 M", "0.400 mol/L"], "probs": [[0.37797452306061813, 0.15518163939436785, 0.25694407861595514, 0.20989975882905887], [0.34192840280476455, 0.15558994278513996, 0.31088958113927867, 0.1915920731708168], [0.39431509371629053, 0.18923224506870037, 0.21540656683675097, 0.20104609427825812], [0.40324248657835887, 0.20796959970392495, 0.2439987735504658, 0.14478914006725038], [0.393821746071534, 0.21303348241106207, 0.23656821248549845, 0.1565765589319055], [0.36575213616039776, 0.20893152367367457, 0.2865827126005216, 0.13873362746540607], [0.340806817092295, 0.1900942949774652, 0.26267886550599423, 0.20642002232424558], [0.3112198206834656, 0.19374383071344298, 0.28955689932660184, 0.20547944917648955], [0.3351298172398112, 0.22027834591217407, 0.23517375481239358, 0.20941808193562114], [0.3096952186169757, 0.22027545003290783, 0.2950547381203571, 0.1749745931297594], [0.2997484594208798, 0.3402292829480071, 0.21053845315670977, 0.14948380437440337], [0.2990042433288796, 0.331801101600677, 0.23438166521909976, 0.13481298975134368], [0.3296580661452676, 0.1866860864376017, 0.23505397488886945, 0.24860187242826123], [0.3461899264165254, 0.21205591295195733, 0.2690914651211662, 0.17266269541035104], [0.32059053061066695, 0.1472042969795529, 0.2670399586148245, 0.2651652136949557], [0.2915972259825107, 0.14947544482272532, 0.35704193579685395, 0.20188539329791005], [0.33244499560846386, 0.21887156365113225, 0.28163248297736043, 0.16705095766304343], [0.36168237978056683, 0.21189966479954572, 0.2581921479117148, 0.1682258074081726], [0.39064283339178724, 0.25266394769597494, 0.21531946106544045, 0.1413737577467974], [0.3919338075111879, 0.24952322799876808, 0.2409547620984185, 0.11758820229162548], [0.421293402945196, 0.16544331104551216, 0.2433506693209645, 0.16991261658832732], [0.429243587968883, 0.1711246196586934, 0.24800465628998, 0.15162713598244357], [0.4177232806778441, 0.23305318451735937, 0.2179299806713679, 0.1312935540334286], [0.41861512629055375, 0.21776513428648514, 0.22021385696989765, 0.14340588235306348]], "ideal": "C", "sampled": "D", "correct": false}}
{"type": "result", "data": {"idx": 11, "options": ["SF4", "PCl5", "BF3", "CO2"], "probs": [[0.1692963838407974, 0.3130957185908981, 0.2663335501881341, 0.2512743472801704], [0.1636233876892204, 0.2958339662305528, 0.32292552816840747, 0.21761711781181933], [0.16472498825445117, 0.25703611584363795, 0.3177601349369796, 0.26047876086493127], [0.16043676195273646, 0.2601798137735449, 0.3317467818562225, 0.2476366423174962], [0.16218614616684185, 0.3673583238331192, 0.2694509086234315, 0.2010046212766074], [0.15516211887407852, 0.37410078756789994, 0.2458319553860185, 0.22490513807200302], [0.12859329005117945, 0.46834019708389685, 0.20901761012590642, 0.19404890263901728], [0.12985494925057153, 0.45492530542421866, 0.24103150128444978, 0.17418824394076], [0.12335103932802743, 0.2775954645236217, 0.358018791014197, 0.2410347050341539], [0.12481806985056833, 0.28106221135037557, 0.30683657066679426, 0.28728314803226185], [0.11661533699565753, 0.3471641371485675, 0.3274178328565854, 0.2088026928991896], [0.11846779285676742, 0.39979478712852334, 0.2336910217766721, 0.24804639813803717], [0.11724326712170634, 0.3891099326883027, 0.28174449689816283, 0.21190230319182815], [0.11756953771085354, 0.39622843851997547, 0.28674418158560805, 0.19945784208356296], [0.11390762671377429, 0.2623306615141961, 0.3810547603989986, 0.24270695127303102], [0.11681932557902767, 0.28186182024824763, 0.3105622920250958, 0.2907565620476289], [0.10975320290827571, 0.3369208031324235, 0.3306396054067962, 0.22268638845250452], [0.1121258007194599, 0.3392025282520976, 0.2887780411070598, 0.25989362982138264], [0.13853619784912619, 0.42821990801254445, 0.24465056886833322, 0.1885933251699961], [0.14069348991577033, 0.428145808777487, 0.21747445216014175, 0.21368624904660097], [0.12917341290612716, 0.2857957184028932, 0.36263084407994783, 0.22240002451103177], [0.14138347330418435, 0.3381766479325865, 0.24023229597288998, 0.28020758269033913], [0.12699985692124927, 0.3017162129236971, 0.34550560032109845, 0.22577832973395523], [0.12838849041404454, 0.29344787316225407, 0.291684112171446, 0.28647952415225536]], "ideal": "A", "sampled": "A", "correct": true}}
{"type": "result", "data": {"idx": 12, "options": ["Fluorine has a very high electronegativity; therefore the H-F bond is stronger than any other H-X bond.", "HF is smaller than any other H-X molecule; therefore it exhibits stronger London dispersion forces.", "The dipoles in a HF molecule exhibit a particularly strong attraction force to the dipoles in other HF molecules.", "The H-F bond is the most ionic in character compared to all other hydrogen halides."], "probs": [[0.46374925059282157, 0.23933541352152954, 0.14647152183102982, 0.15044381395461903], [0.45846729099733674, 0.24232117107110424, 0.15168217861082733, 0.14752935922073168], [0.4797228860210207, 0.2435898329723571, 0.13163239547083097, 0.14505488543579123], [0.47812037099945737, 0.24494186771273552, 0.13553736016400372, 0.14140040102380336], [0.4565960466405129, 0.22337585685403571, 0.15221914647487514, 0.16780894993057627], [0.45062900928011385, 0.22029439269170784, 0.15400597910550895, 0.17507061882266936], [0.3435131013049889, 0.32925561067149645, 0.15442492066269625, 0.1728063672608184], [0.35894557830082113, 0.3232460915719082, 0.1468259095998804, 0.17098242042739029], [0.3174759305334339, 0.24687251832672524, 0.25871758493946523, 0.17693396610037562], [0.30256955910966354, 0.2336744596225458, 0.1458984867814767, 0.31785749438631394], [0.3004667207367766, 0.20019229052735601, 0.29563308199717286, 0.20370790663869448], [0.29345865366468715, 0.20966138880814839, 0.15302170005497617, 0.3438582573721882], [0.3045614912121688, 0.4307822520483556, 0.11616585974476583, 0.14849039689470978], [0.31471292353675223, 0.4284117082976438, 0.11920621688985172, 0.1376691511757522], [0.3067489725007791, 0.251632738760309, 0.26400088081100104, 0.17761740782791088], [0.28902863591914013, 0.23373835579983437, 0.15668326147767891, 0.32054974670334657], [0.2663904249278241, 0.2207045206521815, 0.33205352714556763, 0.18085152717442673], [0.2866191608413412, 0.22998029334004105, 0.15544562271837062, 0.3279549230002471], [0.29296365813907405, 0.389903551150664, 0.14338287923366805, 0.17374991137659393], [0.2871917271929093, 0.3848462115702969, 0.15216613170725363, 0.17579592942954014], [0.25653462148333955, 0.27919496767083146, 0.2792151438442885, 0.1850552669015405], [0.24783546468627055, 0.25728336740792, 0.14751723846859494, 0.3473639293372145], [0.2482044249524821, 0.24987158176784427, 0.3240076601181272, 0.17791633306154644], [0.2639260252461254, 0.24737207220446827, 0.15959250687564144, 0.32910939557376484]], "ideal": "C", "sampled": "A", "correct": false}}
{"type": "result", "data": {"idx": 13, "options": ["3.8 \u00d7 10^-3 mol/L", "5.77 \u00d7 10^-3 mol/L", "1.97 \u00d7 10^-3 M", "9.9 \u00d7 10^-4 M"], "probs": [[0.37089863415823787, 0.28709593412389356, 0.20580174026815426, 0.13620369134971427], [0.36017876026478296, 0.28989924725370864, 0.20465901221726246, 0.1452629801642459], [0.35428654088153455, 0.2939237864342323, 0.2351897586590372, 0.11659991392519597], [0.3628166669664062, 0.2852450651426735, 0.21248343901421854, 0.13945482877670173], [0.3212108861898408, 0.26271730267285753, 0.2874279277122494, 0.1286438833250523], [0.34338885542296704, 0.2723089158262695, 0.24476011094983582, 0.13954211770092767], [0.41543069477695366, 0.23914663491241803, 0.20977392790603983, 0.1356487423045885], [0.394200909703198, 0.23944212976542448, 0.21355941152052502, 0.15279754891085254], [0.39132324731884516, 0.2675183176917164, 0.2220995773622227, 0.11905885752721572], [0.39532325256869616, 0.25993335631771347, 0.21069082929606597, 0.1340525617175244], [0.36546881894185757, 0.2720508494089931, 0.23344055610228023, 0.1290397754468691], [0.37790517869075485, 0.27083181525049876, 0.2179353320995986, 0.13332767385914782], [0.32810810205039537, 0.30389824506581686, 0.22833615539174767, 0.13965749739204011], [0.30637763101508336, 0.2877994007896037, 0.23973381578111516, 0.1660891523141978], [0.31972427125726505, 0.3249912656516068, 0.2223920143141088, 0.13289244867701935], [0.3116207141903708, 0.3266154831367019, 0.21844936442133522, 0.1433144381515921], [0.2960107149775422, 0.24595990798636913, 0.27741043103481244, 0.18061894590127622], [0.28506683026084984, 0.24628647058438938, 0.30275218322443537, 0.16589451583032538], [0.30445739623839885, 0.30419349667368223, 0.24790030715370728, 0.14344879983421163], [0.31294250485151826, 0.2961839139165333, 0.24682547149574133, 0.14404810963620707], [0.30846079721255837, 0.346493566798883, 0.20640152383168547, 0.1386441120568732], [0.3068347274950276, 0.34492251273520685, 0.21025553343577683, 0.13798722623398876], [0.31513616439528996, 0.23684979972855044, 0.2729724645341651, 0.17504157124199443], [0.2998076259675403, 0.23434990548829623, 0.2967345593116713, 0.16910790913249213]], "ideal": "A", "sampled": "B", "correct": false}}
{"type": "result", "data": {"idx": 14, "options": ["The N-H bonds within the NH3 molecules break apart.", "The overall temperature of the solution rises as the NH3 molecules speed up.", "The amount of energy within the system remains constant.", "The hydrogen bonds holding separate NH3 molecules together break apart."], "probs": [[0.4256193104798053, 0.3039044782797249, 0.15309851098166533, 0.11737770015880453], [0.4224637133605231, 0.30626956323678556, 0.18377952396674538, 0.08748719933594594], [0.33229532825264296, 0.1898994615394231, 0.3588579915574147, 0.1189472185505192], [0.3622886944136934, 0.18971711960674925, 0.2441877795269615, 0.20380640635259584], [0.42102201984452664, 0.27393175597373876, 0.21910783298920106, 0.08593839109253355], [0.40164267414304533, 0.27798372090087475, 0.15884044528146973, 0.16153315957461015], [0.4264272685454939, 0.28852384849697205, 0.1598660772898954, 0.12518280556763867], [0.42478884528170496, 0.2806971752570662, 0.19408189336748904, 0.10043208599373972], [0.38424368426430877, 0.21622882257752687, 0.26554073087632923, 0.1339867621818351], [0.3814136016830025, 0.2030528010554394, 0.28699128547369207, 0.12854231168786606], [0.42176862918437913, 0.32788368567699083, 0.1632103150441408, 0.08713736999448926], [0.38662695304719263, 0.3352532038464688, 0.15388135381171056, 0.124238489194628], [0.22917179931771686, 0.32023307916473587, 0.33011028413235854, 0.12048483728518872], [0.2636411386197273, 0.3172625539330193, 0.21765737364927223, 0.20143893369798116], [0.24327546275513035, 0.4489895342126959, 0.19609015535422122, 0.11164484757795251], [0.2475471404115988, 0.42262701601678515, 0.2224444812893271, 0.10738136218228891], [0.26548977892456604, 0.39048366571086907, 0.1901045235770223, 0.15392203168754254], [0.24764611576565868, 0.3913602115907252, 0.2543044014228074, 0.1066892711208087], [0.46517058855731785, 0.23565465033935343, 0.21353864508565729, 0.08563611591767144], [0.43203210826368155, 0.23631507155916268, 0.15546490250463327, 0.1761879175725225], [0.46458932060439695, 0.2903517441108784, 0.16482589891654212, 0.08023303626818253], [0.44194048984754425, 0.27626322050531427, 0.1504063665474232, 0.13138992299971827], [0.37886321540858586, 0.19065912065983576, 0.23227471110882209, 0.19820295272275631], [0.37644785919334933, 0.18676555293991287, 0.3135688625973479, 0.12321772516938988]], "ideal": "D", "sampled": "B", "correct": false}}
{"type": "result", "data": {"idx": 15, "options": ["a strong acid", "a weak acid", "a weak base", "a strong base"], "probs": [[0.21600010345206022, 0.3243100844204936, 0.2982777565932688, 0.1614120554341774], [0.24523782333832542, 0.41008712690337495, 0.22170556580467307, 0.12296948385362651], [0.2121675131679871, 0.34996836852555024, 0.3022297575435342, 0.13563436066292842], [0.19854681339772018, 0.3354165876724921, 0.3418722773886006, 0.12416432144118708], [0.2266458123695702, 0.3736030757053612, 0.25714197752288503, 0.14260913430218347], [0.20335396541203873, 0.32760192424963824, 0.3134519597627571, 0.15559215047556593], [0.28728914686085555, 0.3750703092299887, 0.20546227997665772, 0.13217826383249806], [0.2695265291573353, 0.34611754058785177, 0.253441411822661, 0.13091451833215195], [0.2671623627262266, 0.3711336690983703, 0.2453457804280216, 0.11635818764738146], [0.2587966659227, 0.342926805326722, 0.2801730972274078, 0.11810343142317016], [0.2309564856318979, 0.22646549876441371, 0.41422177080140754, 0.12835624470228083], [0.2357354383154047, 0.28062898754141785, 0.347371409720356, 0.13626416432282143], [0.29532128349479275, 0.3055593348319793, 0.2762063124782332, 0.1229130690949948], [0.26280925654261494, 0.2716779809798561, 0.34158740716690067, 0.1239253552106282], [0.2941065772195587, 0.37476957399032323, 0.23289996730293336, 0.09822388138718474], [0.2969922511576328, 0.384642672042609, 0.22076315343446717, 0.09760192326529102], [0.28579759381984543, 0.34784498548124965, 0.2565300743283841, 0.1098273462705208], [0.3079774471206679, 0.38106633364521525, 0.19440204482524812, 0.11655417430886875], [0.29883986485860625, 0.37469824865663526, 0.21869526638365877, 0.10776662000109971], [0.318573725138551, 0.4121210132172232, 0.16634922347600323, 0.10295603806822254], [0.2557151152683322, 0.2488849143598521, 0.3739205495448796, 0.12147942072693613], [0.2912732915099264, 0.2770205694603976, 0.3087411178527319, 0.1229650210769441], [0.3013336360153226, 0.41825583572973507, 0.17984291909326755, 0.1005676090616748], [0.2863192323976367, 0.33557132633186887, 0.2610643862164707, 0.11704505495402376]], "ideal": "C", "sampled": "C", "correct": true}}
{"type": "result", "data": {"idx": 16, "options": ["at equilibrium there are more products than reactants", "the value of \u0394G\u00b0 is greater than zero", "the value of \u0394S\u00b0 is greater than zero", "the value of Keq is less than one"], "probs": [[0.35119024802568866, 0.3235054120988748, 0.1590221280283378, 0.16628221174709873], [0.33855299120420285, 0.2988943577172864, 0.19577129506470295, 0.16678135591380783], [0.3627585904194384, 0.2609682562253461, 0.18924055145693383, 0.18703260179828166], [0.34263789650351695, 0.24732342359930634, 0.21102988717829887, 0.1990087926188778], [0.309651452847239, 0.22852372992875164, 0.27365778524867673, 0.1881670318753326], [0.3337868551214591, 0.24209896449108764, 0.22934097732816447, 0.19477320295928874], [0.33003759380854897, 0.3521654009466865, 0.15517500041363594, 0.16262200473112853], [0.31560513374033583, 0.31575098630608667, 0.21029853818697797, 0.15834534166659955], [0.2945169464276222, 0.2184494999063687, 0.2898721949485318, 0.19716135861747733], [0.3412813689390658, 0.22320405138865038, 0.24918702618430041, 0.1863275533879834], [0.3178213583780601, 0.2532715536888223, 0.253674093663271, 0.17523299416984656], [0.35102206465071933, 0.2558286487800354, 0.20900346336658898, 0.1841458231026563], [0.29176116856283485, 0.3538386628821903, 0.16963963714451852, 0.18476053131045633], [0.2765952050409287, 0.3070670664003388, 0.22951622305005406, 0.1868215054086784], [0.26289728281253166, 0.22467541692394358, 0.3051427602462802, 0.20728453991724458], [0.30106443612343115, 0.2288968447947613, 0.26544806754092387, 0.20459065144088368], [0.2770427043290836, 0.2450883576734389, 0.27547662216009855, 0.2023923157373789], [0.3148826407308802, 0.24696074791704747, 0.23889562841195505, 0.19926098284011728], [0.25173728550966157, 0.3698458946756643, 0.22036914676974506, 0.15804767294492908], [0.2633865655671469, 0.38054327451909176, 0.19710438560491947, 0.15896577420884186], [0.2668226400767568, 0.37929037774719304, 0.19653784029511953, 0.1573491417809306], [0.2826334749584843, 0.39726420049079664, 0.17207286737411476, 0.1480294570766043], [0.28026852844143224, 0.3112042936730404, 0.22696835476776286, 0.18155882301776446], [0.30979551015405293, 0.332002947773936, 0.20103493622707028, 0.1571666057449408]], "ideal": "A", "sampled": "A", "correct": true}}
