{"type": "result", "data": {"idx": 0, "options": ["True, True", "False, False", "True, False", "False, True"], "probs": [[0.33754944294967204, 0.18809351042872988, 0.283623929537426, 0.19073311698417209], [0.3361758040914676, 0.18901766916577784, 0.26763657718928213, 0.20716994945347247], [0.3486652425874083, 0.20668618686942963, 0.24461534981390481, 0.20003322062925727], [0.3626577067804584, 0.21848184519257371, 0.24089673877025913, 0.17796370915670878], [0.3511493608346909, 0.19583796546402105, 0.2466178907689565, 0.20639478283233156], [0.33984227504202996, 0.2015310615784039, 0.2724662842686528, 0.1861603790109133], [0.31446144918818153, 0.24220506076193915, 0.26648748712519715, 0.17684600282468219], [0.34025804664108794, 0.25982944993328994, 0.22442512698797176, 0.17548737633765035], [0.292738309689743, 0.2253206900931376, 0.30408491775079793, 0.17785608236632144], [0.29834191654581, 0.2223804791475265, 0.24664311496042401, 0.2326344892462395], [0.2458439205224778, 0.19536761903058, 0.3526386582974609, 0.2061498020494813], [0.2548011351270137, 0.18139517444084294, 0.30013150717807285, 0.26367218315407054], [0.3897844378356768, 0.22492717688842132, 0.20151568046362117, 0.18377270471228074], [0.3839014882628122, 0.23959582265591242, 0.19545160814511126, 0.18105108083616417], [0.3201508485793406, 0.18937396516071822, 0.3272384063472613, 0.16323677981267987], [0.3388245504405392, 0.17730154623706998, 0.23425397972667078, 0.24961992349571996], [0.3372249750206172, 0.19781745083958086, 0.29701276282919187, 0.16794481121061008], [0.3754687066815641, 0.18732299187877607, 0.22189604074369254, 0.21531226059596723], [0.37687923205060514, 0.24911738553166923, 0.20278082202347558, 0.17122256029425004], [0.35515296984865635, 0.23859921450909977, 0.23440412033842595, 0.17184369520381795], [0.318088580224211, 0.1930957253439286, 0.3129722960261831, 0.1758433983056773], [0.3378305636205541, 0.18519571035414956, 0.24098317268960892, 0.23599055323568743], [0.32153200515363006, 0.20905451541944794, 0.30893581424066185, 0.1604776650862601], [0.3751800600037299, 0.22047643032735553, 0.20341849021936045, 0.20092501934955412]], "ideal": "D", "sampled": "A", "correct": false}}
{"type": "result", "data": {"idx": 1, "options": ["True, True", "False, False", "True, False", "False, True"], "probs": [[0.3994019507695066, 0.1809957406188932, 0.2642932056055363, 0.1553091029060639], [0.38402478166443865, 0.1897069428802441, 0.25825836097436805, 0.16800991438094917], [0.3929602801406814, 0.18813793359305603, 0.2403381764648425, 0.17856360970142007], [0.42486327434483, 0.19261453701802395, 0.23104312900635618, 0.15147905953078983], [0.40541301341414865, 0.18810354820530137, 0.2386346799506919, 0.16784875832985804], [0.4057603059076723, 0.1852610949908874, 0.2560713810643371, 0.15290721793710324], [0.3723690509423773, 0.2254802584422652, 0.2560210525733511, 0.14612963794200629], [0.3870436971824095, 0.23798923618249854, 0.2311654434346012, 0.14380162310049077], [0.3523851299220448, 0.21833814815022792, 0.28553186991428103, 0.14374485191344624], [0.36227521555453696, 0.21928896478209145, 0.2470329028448404, 0.17140291671853117], [0.28254276511227916, 0.18649430571121658, 0.3550589680316633, 0.17590396104484093], [0.29797344952861793, 0.17912788420423878, 0.3077779962145767, 0.21512066995256662], [0.441930270775624, 0.19921429750140596, 0.20868259977224698, 0.15017283185072303], [0.4477467371894225, 0.20493171227705703, 0.203279545980616, 0.14404200445290447], [0.3869246426754312, 0.17055427518109798, 0.3014836519212942, 0.14103743012217662], [0.405935418299877, 0.16819698355019538, 0.23872279051288348, 0.18714480753704413], [0.41040721454038814, 0.18096873304161243, 0.2713535523624899, 0.1372704999555095], [0.43998732502847865, 0.1809898885756062, 0.21607343528384745, 0.1629493510120677], [0.4448102911032111, 0.20716377526672294, 0.21018394275220198, 0.13784199077786402], [0.4346550378770812, 0.19929568472778983, 0.22922158021262018, 0.1368276970825088], [0.3760499823931801, 0.17515151983915475, 0.3048879938217687, 0.1439105038458965], [0.40388485785260164, 0.17268130181493097, 0.24697455761347087, 0.17645928261899652], [0.40839642890774797, 0.1930528162681648, 0.265963856342122, 0.1325868983819652], [0.44919859322598454, 0.2012031047259438, 0.20250478064436211, 0.1470935213037095]], "ideal": "C", "sampled": "A", "correct": false}}
{"type": "result", "data": {"idx": 2, "options": ["True, True", "False, False", "True, False", "False, True"], "probs": [[0.3437350000833457, 0.21287551298847002, 0.27903957835265564, 0.16434990847552866], [0.32766064509958714, 0.22135702933605714, 0.2705135006855594, 0.18046882477879628], [0.34290816865549406, 0.23314512916341812, 0.2454507761136, 0.1784959259674878], [0.36126814365553644, 0.24553348853318735, 0.24098662257725018, 0.15221174513402602], [0.3526709692725402, 0.2289654668011701, 0.2430807718165717, 0.17528279200971797], [0.3463735322029571, 0.23345657931492333, 0.2598142430064857, 0.1603556453756339], [0.32985168200634, 0.28191557103682346, 0.24770286307684825, 0.14052988377998823], [0.3482830018480227, 0.29779676805160116, 0.2167221178361346, 0.13719811216424152], [0.2984386459857819, 0.2569976555300808, 0.2994410172221869, 0.1451226811619504], [0.31544941190531317, 0.2573248109362768, 0.24228341514007223, 0.1849423619183378], [0.24973455813218914, 0.22406233022542302, 0.3598420726846052, 0.16636103885778258], [0.26035483240592655, 0.20758014662455826, 0.3129306621793301, 0.21913435869018508], [0.3824369652875558, 0.2467863929131955, 0.2033372702994801, 0.1674393713997686], [0.3808763679611735, 0.2594204881441526, 0.19933846887947218, 0.16036467491520176], [0.3295211742560185, 0.21137201468958694, 0.3079090370241496, 0.15119777393024497], [0.34760791968160215, 0.2020890145046673, 0.2303779583713729, 0.2199251073423576], [0.3587175775744329, 0.22461329700926347, 0.26913895972195506, 0.14753016559434856], [0.388887273729623, 0.21569138237277666, 0.20533280990452266, 0.19008853389307764], [0.406456971031656, 0.26738360123071103, 0.18947036280122584, 0.13668906483640716], [0.39329643225600563, 0.2605533677243917, 0.2128244552645187, 0.13332574465508396], [0.34818026938801516, 0.21379940528220864, 0.29442146856256785, 0.1435988566672084], [0.3749699536340485, 0.2063654183186544, 0.23360351867718687, 0.18506110927011024], [0.37548051399650006, 0.23519550962466967, 0.25490481418518707, 0.13441916209364313], [0.423037337527966, 0.24188157192786955, 0.18104761297538555, 0.15403347746877885]], "ideal": "B", "sampled": "A", "correct": false}}
{"type": "result", "data": {"idx": 3, "options": ["12", "24", "48", "72"], "probs": [[0.3184551596323085, 0.2907339632220405, 0.2764614522180661, 0.11434942482758483], [0.30394557568290576, 0.27111724420335603, 0.2991967543540728, 0.1257404256596654], [0.2980096726718461, 0.303813883745505, 0.2777336322308097, 0.12044281125183917], [0.3142994454606323, 0.2764471604281091, 0.2793176603444649, 0.12993573366679373], [0.2962737579829045, 0.3134713084774795, 0.2676464200409166, 0.12260851339869944], [0.3018652245378411, 0.3122822986570985, 0.2600585260735944, 0.12579395063146592], [0.3074337977206445, 0.2575782056302732, 0.3098258216291407, 0.12516217491994167], [0.30519657617710144, 0.24406230775525667, 0.31739392257987886, 0.13334719338776305], [0.3072875302445179, 0.28731321001249915, 0.2711228606821886, 0.13427639896079435], [0.3233071758010838, 0.2798965739862314, 0.27805997595748116, 0.11873627415520356], [0.3187582133956539, 0.3243764284209205, 0.22398315546531455, 0.132882202618111], [0.30269071456743296, 0.3035440742665969, 0.26474082467292775, 0.1290243863930424], [0.30614751574315846, 0.23381277916477486, 0.3131830095931629, 0.1468566953989038], [0.3075889394510499, 0.21238531486630471, 0.3300800968388463, 0.14994564874379904], [0.2984238729287042, 0.2542565053034454, 0.30528189364233027, 0.1420377280255201], [0.3081545049743949, 0.23539617742353042, 0.3076538855928157, 0.148795431909259], [0.340438281568194, 0.2899040622705005, 0.2245612475731111, 0.14509640848819438], [0.3220975254706422, 0.28087316685163366, 0.2564863745692316, 0.1405429330084925], [0.320699777498087, 0.21464202547170794, 0.3179652656929092, 0.1466929312372959], [0.32434455040347443, 0.21211800293169175, 0.31644726267939244, 0.1470901838854414], [0.30811355892230513, 0.25645027708455653, 0.30084653050483234, 0.13458963338830596], [0.3209257710486789, 0.2650333879652875, 0.2804878008521271, 0.13355304003390642], [0.3155529388799386, 0.2449909743416278, 0.29626037453194454, 0.143195712146489], [0.324398403999671, 0.2616351945708427, 0.27473665214289744, 0.1392297491865888]], "ideal": "D", "sampled": "D", "correct": true}}
{"type": "result", "data": {"idx": 4, "options": ["convolutional networks", "graph networks", "fully connected networks", "RBF networks"], "probs": [[0.6188051196135936, 0.17697420978228087, 0.13376654882533634, 0.07045412167878914], [0.6656989603352698, 0.16029900669116917, 0.10606350985740848, 0.06793852301615264], [0.6150580231247613, 0.18295331842718807, 0.13192341123463958, 0.07006524711341104], [0.6731745995451988, 0.15952002525164827, 0.10475931003359484, 0.06254606506955818], [0.6603844859593022, 0.13603668116217485, 0.12894331109639984, 0.07463552168212312], [0.6584831868039629, 0.13149607964011822, 0.13903191022864897, 0.07098882322726988], [0.14010857044249397, 0.6943344473144472, 0.11629417537479941, 0.04926280676825945], [0.10970239135825352, 0.7541581251061152, 0.09241913085961151, 0.043720352576019715], [0.09840063615047674, 0.17699929977679818, 0.6080607227616762, 0.11653934121104882], [0.18447932483492202, 0.19235433579207675, 0.33340912557852503, 0.2897572136944762], [0.10236009191740474, 0.15141587319827823, 0.597540453199859, 0.14868358158445796], [0.14427632306975277, 0.14932196063279923, 0.3888606784679156, 0.31754103772953235], [0.07971570340393372, 0.7851357301919167, 0.09329948349665017, 0.04184908280749941], [0.06514699108466203, 0.8234145763201823, 0.0755984570844639, 0.03583997541069176], [0.1383020471882219, 0.2546693162266847, 0.4814844572505016, 0.1255441792345918], [0.1962894411357403, 0.2466283181080215, 0.2956880198560895, 0.2613942208001487], [0.10005581825220572, 0.1587437760109606, 0.5792271753220916, 0.16197323031474214], [0.17678988677924756, 0.17036389541275831, 0.36422969259122934, 0.2886165251167648], [0.09080653095490461, 0.6968550862059465, 0.1396308308920209, 0.07270755184712797], [0.09484235800089189, 0.6839629309095006, 0.14931113793979364, 0.07188357304981387], [0.09185070064524037, 0.21052059921272281, 0.5488078307433367, 0.14882086929870006], [0.12068058549151013, 0.21257193384429, 0.3772498070816445, 0.28949767348255534], [0.07802398502046451, 0.1888685077239949, 0.5806809067145454, 0.15242660044099512], [0.14413018737976172, 0.24971223247105542, 0.33912462498022317, 0.2670329550689597]], "ideal": "A", "sampled": "A", "correct": true}}
{"type": "result", "data": {"idx": 5, "options": ["True, True", "False, False", "True, False", "False, True"], "probs": [[0.3064213853877706, 0.19809377796037914, 0.3196757292572782, 0.17580910729457205], [0.301628509182227, 0.20134325923525284, 0.3052941353401464, 0.19173409614237377], [0.31121079255742323, 0.2159466018492639, 0.27538065458281835, 0.1974619509104945], [0.3280981583208671, 0.22947917998646603, 0.2726421491444369, 0.16978051244822998], [0.31504277800044594, 0.2054229023291191, 0.28568602882535576, 0.1938482907450792], [0.306382403951834, 0.20595761210836477, 0.3120547691247095, 0.17560521471509172], [0.3176887583759318, 0.23828287065205037, 0.2830544965721064, 0.1609738742999114], [0.3406455465714398, 0.25759186954318675, 0.24582650888746646, 0.155936074897907], [0.2960974021868456, 0.22917521339114375, 0.323586319706064, 0.15114106461594662], [0.3093569047918829, 0.22502037694138333, 0.2628947598302654, 0.2027279583364684], [0.23179481684372377, 0.19272913090975527, 0.39328104303710937, 0.1821950091094116], [0.24654561299328517, 0.180883471298996, 0.32780934403185147, 0.24476157157586734], [0.4096843309055613, 0.20822629391750822, 0.21450702951990985, 0.16758234555702062], [0.4112977814126655, 0.2191106756374881, 0.203918239862609, 0.16567330298723737], [0.34192260586891754, 0.1796482327453221, 0.33517503235601853, 0.14325412892974182], [0.3684048464050497, 0.17102450640352498, 0.24439869056876376, 0.21617195652266155], [0.37580933783385095, 0.19278266790524498, 0.28240815257513335, 0.14899984158577068], [0.4099592627168905, 0.18311524662206144, 0.2150653483513306, 0.19186014220971748], [0.4161939136479084, 0.22249325113038898, 0.20965637817418403, 0.1516564569475186], [0.3942460236824499, 0.21557504578982878, 0.23964638229734486, 0.15053254813037648], [0.34714592016959583, 0.1826519844148491, 0.3222146677978683, 0.1479874275176868], [0.3772159049782281, 0.1752399425671124, 0.24418475129912867, 0.20335940105553083], [0.364990692250907, 0.20721200723995922, 0.2895314481425268, 0.13826585226660695], [0.42216844455393465, 0.21360540923104124, 0.19362930085975935, 0.17059684525526475]], "ideal": "B", "sampled": "A", "correct": false}}
{"type": "result", "data": {"idx": 6, "options": ["O(D)", "O(N)", "O(ND)", "O(ND^2)"], "probs": [[0.3150181173963241, 0.24300077555133773, 0.24244090912301847, 0.19954019782931967], [0.2803673702143299, 0.24316073589336037, 0.28590717482826317, 0.1905647189640466], [0.3190298676171754, 0.29426842924990054, 0.22695808110351726, 0.1597436219294068], [0.29893228854129, 0.30018657890218586, 0.23757180923189955, 0.16330932322462458], [0.28659729020701735, 0.35822636953068854, 0.2070964636326302, 0.1480798765296639], [0.27985055085752986, 0.3468290968437592, 0.2275170751438634, 0.14580327705484755], [0.31700766083408294, 0.2331606447463525, 0.23275622723159192, 0.21707546708797262], [0.2817891239838145, 0.23669520018117973, 0.2807537913041695, 0.20076188443083628], [0.3334437260675217, 0.2866881148723953, 0.19505385761912403, 0.18481430134095894], [0.3289071917204967, 0.29587289688012647, 0.2251942157520167, 0.1500256955473601], [0.3038033959678952, 0.345568487277731, 0.19374357497283085, 0.15688454168154298], [0.30261908605861515, 0.3413490202078549, 0.2274897890687581, 0.12854210456477186], [0.35923732394075164, 0.2770150386120537, 0.2084990950763073, 0.15524854227088733], [0.33731825664179127, 0.2922128569286699, 0.2152125484376159, 0.15525633789192297], [0.34897244493112756, 0.3097103283946499, 0.17592388651882532, 0.16539334005539721], [0.3363719980491197, 0.3250620163670566, 0.2063411237492787, 0.1322248617345449], [0.3435149890888436, 0.3091835173411986, 0.1964946894596625, 0.15080680401029528], [0.34646816090660115, 0.3117576632115715, 0.20767622312841943, 0.13409795265340788], [0.324912766332106, 0.30681986528010213, 0.22234366004459855, 0.1459237082431933], [0.3203422927434092, 0.30715428864404776, 0.21929594218636222, 0.15320747632618084], [0.3313791155483745, 0.31052127477401686, 0.1985638588468352, 0.15953575073077342], [0.33074484257802506, 0.31962404604409833, 0.22272578543360358, 0.12690532584427303], [0.3249773181643151, 0.3316439786711683, 0.20088135302684626, 0.1424973500376704], [0.3230876850068609, 0.33501093827538747, 0.22812628233849477, 0.11377509427925686]], "ideal": "A", "sampled": "D", "correct": false}}
{"type": "result", "data": {"idx": 7, "options": ["True, True", "False, False", "True, False", "False, True"], "probs": [[0.3750446382528317, 0.17823816568502335, 0.2738105017595289, 0.17290669420261603], [0.35627546902908497, 0.1846525221878412, 0.26849731800255394, 0.19057469068051985], [0.3892453544492906, 0.19836900818563702, 0.23169407137068232, 0.1806915658943901], [0.4070295756972719, 0.20759152239793555, 0.23115432836673735, 0.15422457343805518], [0.3828951830151796, 0.19228824054130997, 0.23544219835556107, 0.18937437798794934], [0.3797270911796264, 0.19499447686559787, 0.25828305555236875, 0.16699537630240702], [0.35248936623582816, 0.2579444233244016, 0.24714765335468142, 0.1424185569850888], [0.37279016331267967, 0.268564317625195, 0.2149457367286572, 0.14369978223346813], [0.3184170627747329, 0.22929411440898484, 0.30307318854063353, 0.14921563417564873], [0.331947982278054, 0.22967046496955615, 0.24186561999286513, 0.19651593265952474], [0.25820426689213943, 0.18898285559807987, 0.37240897844935533, 0.18040389896042533], [0.27302645413709264, 0.1762309293467484, 0.3134949960918901, 0.23724762032426888], [0.4459825157673219, 0.21547432241669262, 0.18232810495460655, 0.15621505676137892], [0.44406345482200293, 0.2250638007892612, 0.18015167115317318, 0.15072107313556266], [0.3747461400778335, 0.17557889141661467, 0.3076616846317829, 0.14201328377376887], [0.39619578136136874, 0.17055598627310187, 0.22333886218793111, 0.20990937007759827], [0.4103014354132238, 0.18787288013633857, 0.25807298380862254, 0.14375270054181508], [0.4353682100337489, 0.17892421780227513, 0.1987838297883568, 0.18692374227561914], [0.4286261817850835, 0.24075432422989526, 0.18502282982874635, 0.14559666405627486], [0.4150252566794049, 0.23333070573881134, 0.21284158112886783, 0.13880245635291596], [0.35595578279841406, 0.17516184036456506, 0.3159174087389241, 0.15296496799809678], [0.37567107005150696, 0.1682145049467704, 0.24738859374995514, 0.2087258311517675], [0.3862977142632459, 0.20074006021220947, 0.27746871937923695, 0.13549350604530766], [0.4368288776931763, 0.20664188005299525, 0.18424388372509323, 0.17228535842873524]], "ideal": "B", "sampled": "A", "correct": false}}
{"type": "result", "data": {"idx": 8, "options": ["2", "4", "8", "16"], "probs": [[0.3272013688296806, 0.29578393915157014, 0.2521578986106328, 0.12485679330811644], [0.3156294477321565, 0.2942524210180772, 0.24906728788109495, 0.14105084326867134], [0.2939626916049412, 0.255733851403261, 0.3200211572330226, 0.1302822996587752], [0.3196073031281418, 0.26111509226117147, 0.27287094562584097, 0.14640665888484575], [0.2781757712086021, 0.21045102176945935, 0.36832967396867544, 0.14304353295326308], [0.3011816576350298, 0.21553775139401563, 0.34340669256322853, 0.13987389830772604], [0.3098928562907074, 0.31759896257316234, 0.2485179639000005, 0.12399021713612976], [0.31981771228042716, 0.32007249232690105, 0.22799510572075454, 0.13211468957191727], [0.31047245856995065, 0.25414884087882095, 0.3029831051523494, 0.13239559529887898], [0.32824614640768135, 0.2765609621725087, 0.2775124311169631, 0.11768046020284682], [0.30449352572774335, 0.23436025481146194, 0.2945154992797157, 0.16663072008107901], [0.297538319126962, 0.21007779864588066, 0.3419174653521234, 0.15046641677503392], [0.28787565442928564, 0.3265846693679789, 0.27206796607685335, 0.11347171002588212], [0.30844437613316905, 0.33374869322794015, 0.23227463314185437, 0.1255322973970364], [0.2962738926485975, 0.2991342299096924, 0.2822683817987089, 0.12232349554300123], [0.2947980331425003, 0.29965184776534926, 0.2529870158335743, 0.15256310315857613], [0.3106556627039097, 0.27462372999496, 0.27145294161266376, 0.1432676655884665], [0.27639681607133504, 0.2351032583088085, 0.3464075016860707, 0.1420924238337858], [0.24825101348507386, 0.23977198479841572, 0.3441877560215396, 0.1677892455949708], [0.26173564399045524, 0.2427166514941231, 0.34069457139103215, 0.15485313302438952], [0.21265164649302082, 0.3154195640790818, 0.3314907947295456, 0.1404379945983518], [0.2434961421096058, 0.32595104947261033, 0.29528803510359564, 0.13526477321418823], [0.21954326183811368, 0.27551833719848606, 0.37903252396425213, 0.12590587689914814], [0.25234681741376735, 0.29787907445252004, 0.31600440016215636, 0.1337697078715562]], "ideal": "C", "sampled": "B", "correct": false}}
{"type": "result", "data": {"idx": 9, "options": ["Lower variance", "Higher variance", "Same variance", "None of the above"], "probs": [[0.38347164078298784, 0.30893713462941835, 0.21518244007449083, 0.09240878441310298], [0.3479889877092197, 0.26078214850228687, 0.20007474420342708, 0.19115411948506633], [0.3525960637992865, 0.23920982360802653, 0.30891688734431744, 0.09927722514836955], [0.2948876750869165, 0.188897528729214, 0.22472589720293257, 0.29148889888093693], [0.21882194790341955, 0.16268166170810575, 0.4620836468137513, 0.15641274347472342], [0.2588613629082264, 0.16614195702798723, 0.36671233173517936, 0.20828434822860697], [0.3088467923959781, 0.38249933300435673, 0.2242786438427685, 0.08437523065689662], [0.3014588282297713, 0.31861584769101503, 0.1979515699808213, 0.1819737539983923], [0.27625410305346143, 0.24129285147571164, 0.38408360858455043, 0.09836943678627648], [0.2363970209005404, 0.16314602900464964, 0.2119049217517389, 0.38855202824307106], [0.13577864179648058, 0.13604692231458085, 0.5944775012052511, 0.13369693458368748], [0.2036167084967129, 0.14095032213708905, 0.4131886958662739, 0.24224427339992413], [0.2649839717617867, 0.4117321082338311, 0.23178728159339593, 0.09149663831098628], [0.25901161463896866, 0.3348177223399268, 0.19874862436086457, 0.20742203856023994], [0.2752455811708933, 0.34188774734129573, 0.27932241972458244, 0.10354425166322855], [0.24776583169111024, 0.239238269923895, 0.21516633880471236, 0.2978295594802824], [0.15928685122845246, 0.1474796472330223, 0.5260045841409025, 0.1672289172976228], [0.19083046626879113, 0.15405365593601028, 0.46390669842034693, 0.19120917927485165], [0.18583322400231014, 0.3380013259013845, 0.29563353784258145, 0.18053191215372394], [0.1849534594061848, 0.3018655315573634, 0.30131615552196456, 0.21186485341448724], [0.15754506225120715, 0.22391134831918336, 0.41409400718383593, 0.20444958214577352], [0.16669712710655016, 0.19387528009449906, 0.3742059413087786, 0.2652216513901722], [0.1314089615721567, 0.18359576437419167, 0.46443346830184323, 0.22056180565180838], [0.1456564472274426, 0.20081936712583287, 0.41647847241532976, 0.23704571313139478]], "ideal": "A", "sampled": "A", "correct": true}}
{"type": "result", "data": {"idx": 10, "options": ["True, True", "False, False", "True, False", "False, True"], "probs": [[0.3326842884276843, 0.18650938947067855, 0.3121804408607368, 0.16862588114090035], [0.32066201204842404, 0.19295249302387435, 0.30354093597652165, 0.18284455885117998], [0.34237009283456793, 0.2158346771978074, 0.2599797546603576, 0.18181547520726707], [0.3591703688244689, 0.22823224829729427, 0.2581709180914032, 0.15442646468683363], [0.34621827759206314, 0.20671115197525144, 0.2673759380497604, 0.17969463228292504], [0.34091739827211714, 0.20822727057558402, 0.29345845298638534, 0.1573968780659135], [0.3018526091593756, 0.24676513301698647, 0.2945546463648771, 0.15682761135876083], [0.3320768028727332, 0.2672996997282964, 0.24834964056736875, 0.15227385673160163], [0.274672826700223, 0.23362945268421476, 0.34445941030957433, 0.14723831020598785], [0.3014114796813914, 0.23709072170270848, 0.26970013973400103, 0.19179765878189903], [0.22859849033453913, 0.1975452750723704, 0.3895749747363568, 0.18428125975673362], [0.24090429833325486, 0.18518965054763795, 0.3398151144183273, 0.23409093660077987], [0.39196615823214354, 0.22869118705055255, 0.21238261142659356, 0.16696004319071034], [0.3907689873139654, 0.2371588690121747, 0.20689085689096165, 0.16518128668289822], [0.3187768160978068, 0.1849290430360878, 0.3471000790248908, 0.14919406174121463], [0.34767910316568107, 0.1813341053940204, 0.25016909462440085, 0.22081769671589763], [0.3615519404049764, 0.2048938423190263, 0.28999584910353826, 0.14355836807245903], [0.3799694406588052, 0.20117459898216034, 0.22816142307392548, 0.19069453718510895], [0.37718598344789145, 0.2407834421997339, 0.2248280692697614, 0.1572025049826133], [0.35818253876613376, 0.23041164186046198, 0.2597117048328175, 0.1516941144405867], [0.3123316121931727, 0.1872977139271103, 0.3431641407986421, 0.15720653298107493], [0.335472086904352, 0.17919046106987638, 0.26519302930605715, 0.2201444226197145], [0.3375394541420922, 0.20540163796869362, 0.3195460641199862, 0.13751284366922795], [0.38565225086812566, 0.21890625540771966, 0.2160018702528321, 0.17943962337132258]], "ideal": "A", "sampled": "A", "correct": true}}
{"type": "result", "data": {"idx": 11, "options": ["good fitting", "overfitting", "underfitting", "all of the above"], "probs": [[0.2219407061576772, 0.5332013248893582, 0.15283752634701184, 0.09202044250595268], [0.20174889552072442, 0.5136146834804781, 0.2032543001416144, 0.081382120757183], [0.25357621905652106, 0.3296266793875085, 0.28173166510625675, 0.13506543634971366], [0.23709026253015142, 0.32933037943306265, 0.2801276653820041, 0.15345169255478183], [0.1345765004513431, 0.11078970215695133, 0.6453917670006265, 0.10924203029107905], [0.20903635267096415, 0.1533229408514396, 0.4727810040966154, 0.16485970228098087], [0.5218009676068256, 0.11423376350723531, 0.20949404337055919, 0.1544712254153799], [0.44513972262640705, 0.11515307082118212, 0.28519519310736213, 0.15451201334504874], [0.5006910040576894, 0.25263399259654573, 0.12375052456438614, 0.12292447868137876], [0.43618024366115343, 0.25785953380255155, 0.21800822504683298, 0.087951997389462], [0.5661832774040653, 0.20848580013344697, 0.11307531762594702, 0.11225560473654077], [0.5070129926285971, 0.2066379662165256, 0.17934106709707073, 0.10700797395780662], [0.4232010967070183, 0.1351441930142261, 0.2970494120136702, 0.1446052981650854], [0.3979036570446951, 0.1294401061739164, 0.2854870387336012, 0.1871691979477873], [0.40004959698491266, 0.39178386326686715, 0.10968986897563761, 0.0984766706725826], [0.3693782664002847, 0.37682151617972215, 0.18199996514288252, 0.07180025217711057], [0.48563756810282727, 0.23523370568733912, 0.13723288270601872, 0.14189584340381486], [0.38644284581913757, 0.19753368491244402, 0.3124160216796314, 0.10360744748878702], [0.334744711641433, 0.14227516523741002, 0.36418261035071003, 0.15879751267044698], [0.3768827133064897, 0.14959125665096376, 0.2974245338567061, 0.1761014960858404], [0.3817873568317918, 0.4063154428320459, 0.11287739042645391, 0.09901980980970836], [0.36865577647360814, 0.35769242577689875, 0.1743080790808546, 0.09934371856863848], [0.3985966563453539, 0.3386203792969349, 0.14346992326717703, 0.11931304099053414], [0.35356378551762213, 0.29796686765552133, 0.2342432141069773, 0.11422613261987927]], "ideal": "C", "sampled": "B", "correct": false}}
{"type": "result", "data": {"idx": 12, "options": ["True, True", "False, False", "True, False", "False, True"], "probs": [[0.35596272017694675, 0.18646863000231653, 0.27288292888676163, 0.18468572083397505], [0.3503652967325543, 0.19241065645129565, 0.2605018135869092, 0.19672223312924086], [0.3728039021835038, 0.1999004214787321, 0.22771700063629177, 0.19957867560147236], [0.3901781621132081, 0.21075622107197636, 0.22734686052472264, 0.17171875619009289], [0.38103134571769287, 0.19342817940649815, 0.2293263443874375, 0.1962141303883715], [0.3670526529387433, 0.19668742083746193, 0.2601335915802332, 0.1761263345435616], [0.3285708427100628, 0.26501402256222845, 0.2460076063625376, 0.1604075282651711], [0.3451208317625737, 0.2849726549263241, 0.21408936912261192, 0.15581714408849026], [0.2867915800994887, 0.2257378235673367, 0.32254706752335566, 0.16492352870981888], [0.3043015851625246, 0.22689093309024613, 0.2441651486485643, 0.22464233299866493], [0.2274691198161632, 0.18494294857534493, 0.3847612795558451, 0.20282665195264676], [0.23635041792708944, 0.17365548467953024, 0.3107793443619761, 0.27921475293140424], [0.41913732882123017, 0.22145815191438525, 0.1901979595232547, 0.16920655964112988], [0.4217414070955741, 0.23003195685685293, 0.1869853353170925, 0.16124130063048045], [0.3313656699391686, 0.18213690405814903, 0.331416125265703, 0.1550813006369794], [0.3703768815882974, 0.17330029545776887, 0.22289673479085798, 0.23342608806307577], [0.38164975097983017, 0.19415139571419776, 0.27489199412422244, 0.14930685908174962], [0.41637641807767994, 0.18591986871767316, 0.19966569838413245, 0.19803801472051447], [0.3964360533155161, 0.25210035971714945, 0.19614876191511682, 0.15531482495221755], [0.38216632733648553, 0.24096518447335047, 0.22832253362022467, 0.14854595446993937], [0.3152522052434082, 0.18250192156093428, 0.34117384724859484, 0.16107202584706265], [0.3397329499938047, 0.1778414871789219, 0.2523725070160458, 0.23005305571122758], [0.34675166007389113, 0.20830510554614795, 0.30152049657667473, 0.1434227377032862], [0.399778616398294, 0.21939988941442912, 0.1947262944953789, 0.186095199591898]], "ideal": "A", "sampled": "A", "correct": true}}
{"type": "result", "data": {"idx": 13, "options": ["True, True", "False, False", "True, False", "False, True"], "probs": [[0.34989334713417214, 0.20086383225386623, 0.2729002657066195, 0.1763425548053421], [0.34602109512081014, 0.20351016796519747, 0.26176910029600403, 0.18869963651798832], [0.35652763710413365, 0.21953958925017525, 0.24147901656236492, 0.1824537569833262], [0.3703432976829211, 0.2281214594612882, 0.23560538885621546, 0.16592985389957524], [0.35992261763788164, 0.20838193593325574, 0.24594958124085456, 0.18574586508800806], [0.35037184649946257, 0.21238728089668704, 0.26068369977944766, 0.17655717272440274], [0.3295893518113526, 0.24897165216869319, 0.25900198184352835, 0.16243701407642583], [0.35545225007115455, 0.2623613256657418, 0.22268008357086458, 0.1595063405922391], [0.31237803302761563, 0.24167397206127747, 0.28716097562843296, 0.15878701918267393], [0.3212789355434366, 0.23903087978424864, 0.24272991396071758, 0.19696027061159713], [0.25956926793473545, 0.2105067513295048, 0.3450104634856039, 0.18491351715015591], [0.2659700989768625, 0.19332789508579543, 0.3068195443970313, 0.23388246144031072], [0.40869919614731787, 0.2226618577617432, 0.19937310219619755, 0.1692658437947414], [0.4033347069813798, 0.2320438325173077, 0.1922553330467611, 0.17236612735455142], [0.344088137115402, 0.19367040691823215, 0.304453998773647, 0.15778745709271888], [0.354269518476933, 0.18336141778059645, 0.23842950587140632, 0.22393955777106425], [0.370727590924836, 0.20236062717563644, 0.26971332843666224, 0.15719845336286534], [0.3902313410845578, 0.19725529847556714, 0.21591788528190553, 0.19659547505796954], [0.386119848244319, 0.2390717899421961, 0.207052218998413, 0.1677561427150719], [0.3671853134507721, 0.23255694707222943, 0.23946998297353056, 0.16078775640346793], [0.3370776176115559, 0.19613447783416157, 0.30071648952337987, 0.16607141493090263], [0.34924331161672467, 0.18653426884923244, 0.25009591129043945, 0.2141265081436034], [0.3575330376267528, 0.21267159281034448, 0.27921247479507677, 0.15058289466782593], [0.39472301614142996, 0.21754930262925395, 0.20356535302852377, 0.18416232810079233]], "ideal": "B", "sampled": "A", "correct": false}}
{"type": "result", "data": {"idx": 14, "options": ["pure", "not pure", "useful", "useless"], "probs": [[0.25180827089463514, 0.4008151531304536, 0.23555014939039717, 0.11182642648451405], [0.27789417320533477, 0.3384841730626321, 0.18699525573462772, 0.19662639789740533], [0.26297374773454246, 0.3216122292670196, 0.2833186005273682, 0.13209542237106975], [0.28524500128754604, 0.3044944703274454, 0.24944151935467163, 0.16081900893033685], [0.19534231720401465, 0.17287431655585558, 0.42578011746917127, 0.2060032486709585], [0.17137471392523698, 0.1643161224339347, 0.5544615452285324, 0.10984761831229585], [0.293195635051018, 0.3964121043285686, 0.2099857032089056, 0.1004065573115078], [0.3108283856940922, 0.34108373588641644, 0.17332542000397075, 0.17476245831552056], [0.26721757050425377, 0.3053310146921044, 0.3123602200949707, 0.11509119460867114], [0.30555522894121234, 0.2809452456095793, 0.2087638260031169, 0.20473569934609145], [0.20153567181481657, 0.172041343728285, 0.477136814759879, 0.1492861695970194], [0.19833098349972103, 0.16835662720904018, 0.48858734960438527, 0.14472503958685348], [0.2639648773385297, 0.21839457559753478, 0.3548214348689403, 0.1628191120949952], [0.33945111448502857, 0.20569225266581964, 0.2570876257486636, 0.19776900700048816], [0.2558621129754309, 0.23944586156230038, 0.3727931920395052, 0.13189883332276356], [0.30390560171089953, 0.23055626106107982, 0.23876666664527352, 0.22677147048274712], [0.32868657002569424, 0.27278563783995813, 0.21603289566312914, 0.18249489637121846], [0.2983432367392572, 0.2372615599803061, 0.22994683337971597, 0.23444836980072073], [0.19769209326775697, 0.1923176915405942, 0.3756383303082109, 0.23435188478343794], [0.18623446758767373, 0.19120539087553345, 0.5096168149326811, 0.11294332650411174], [0.18514283662034597, 0.210714673495917, 0.4608878584838429, 0.14325463129989416], [0.1969696075430355, 0.20169826738908725, 0.4757054305880775, 0.12562669437979973], [0.2671648601498, 0.5358603676000874, 0.1197136956290947, 0.07726107652101794], [0.2725027203287373, 0.4860662817468951, 0.1343321055039542, 0.10709889232041346]], "ideal": "B", "sampled": "C", "correct": false}}
{"type": "result", "data": {"idx": 15, "options": ["True, True", "False, False", "True, False", "False, True"], "probs": [[0.40777348310625444, 0.1886210674732534, 0.25346664724795454, 0.15013880207253757], [0.39138489374501356, 0.20048521158351532, 0.24344083301611935, 0.16468906155535173], [0.4104235294177048, 0.19901152546238166, 0.22333424456670461, 0.1672307004532089], [0.4357860294335978, 0.20631174386657777, 0.21416495313604242, 0.14373727346378198], [0.4137666399730739, 0.200497874582689, 0.22352259682796555, 0.16221288851627158], [0.4111475707350434, 0.19607545725643064, 0.24378537002428405, 0.14899160188424193], [0.3672652566613114, 0.24743505956477216, 0.23548172147588584, 0.14981796219803062], [0.3854420001551113, 0.25965074475942557, 0.20487975192643074, 0.1500275030590324], [0.3449800219774986, 0.23244269085244637, 0.27967585797349453, 0.1429014290965605], [0.3570643907865791, 0.23316178866138293, 0.22710139708779084, 0.18267242336424713], [0.28502937299055536, 0.19680444307730172, 0.3500797047837264, 0.1680864790484165], [0.291843473882101, 0.18637371061368685, 0.2991965710817594, 0.22258624432245266], [0.45658609946849943, 0.20666319437736722, 0.19199706898195443, 0.1447536370721789], [0.46086942458208996, 0.21516844307463745, 0.1834795149458822, 0.1404826172973904], [0.3902164639110094, 0.1796679171789639, 0.29735865742930473, 0.13275696138072196], [0.41397437345013016, 0.17777636811025624, 0.22728042098988058, 0.18096883734973299], [0.42078773591950974, 0.18621749136258298, 0.25961798154687293, 0.1333767910710344], [0.4467940662946097, 0.18739075862908713, 0.20013761519409679, 0.16567755978220636], [0.4695953586348576, 0.21447194471384307, 0.18127381259554426, 0.13465888395575512], [0.4595296313969272, 0.2065939127209732, 0.20106523927428477, 0.13281121650781486], [0.40822393306321486, 0.17930823829926432, 0.27452454377237323, 0.1379432847651476], [0.42587435683078434, 0.17443928571153008, 0.2177625913543739, 0.18192376600331167], [0.42536670599150833, 0.19725343876972337, 0.2485408819745921, 0.1288389731641762], [0.4636186589787908, 0.20216811890118053, 0.17624175284170374, 0.15797146917832497]], "ideal": "B", "sampled": "A", "correct": false}}
{"type": "result", "data": {"idx": 16, "options": ["This feature has a strong effect on the model (should be retained)", "This feature does not have a strong effect on the model (should be ignored)", "It is not possible to comment on the importance of this feature without additional information", "Nothing can be determined."], "probs": [[0.472517237839021, 0.2999521106195872, 0.15815194968334975, 0.06937870175804203], [0.4975048976261469, 0.27855071497374284, 0.15224675734715146, 0.07169762995295875], [0.4765358495751943, 0.22911190642938836, 0.2216795947675815, 0.07267264912783583], [0.5082179875407266, 0.2289166110059373, 0.1777697851073801, 0.08509561624595605], [0.5472390136654162, 0.1764007385852476, 0.20245926381797466, 0.07390098383136157], [0.5128145003412822, 0.18891471539893437, 0.19294975643536327, 0.10532102772442015], [0.3578888119473741, 0.4091889238149544, 0.16269050137721686, 0.07023176276045463], [0.36667571560875645, 0.4092569472755107, 0.1523091689288051, 0.07175816808692775], [0.2521536014401052, 0.1820608648168645, 0.4865572975602369, 0.07922823608279336], [0.31438725715134924, 0.18897302165268065, 0.25683414550784633, 0.23980557558812374], [0.23228509270096478, 0.16670853643129538, 0.5171520940659304, 0.08385427670180937], [0.2824875670018299, 0.17303959765731025, 0.25822931140717476, 0.28624352383368507], [0.2543624322282044, 0.43589335350883146, 0.232735170156815, 0.07700904400614916], [0.2564036673972428, 0.4935478534657138, 0.16695875298328952, 0.08308972605375389], [0.21724759559034243, 0.32278756841229056, 0.37202958585939694, 0.08793525003797004], [0.24797870216274026, 0.3300226926473566, 0.2298898845681136, 0.19210872052178948], [0.18252984905608316, 0.18859922602974036, 0.4972391649994838, 0.13163175981469266], [0.1825180013306014, 0.1871000490657179, 0.40785279316714584, 0.2225291563365349], [0.1919583529041974, 0.5837377905261905, 0.1600444912750417, 0.06425936519457046], [0.1867723125008959, 0.5753236879878273, 0.14520281227262827, 0.09270118713864851], [0.15435327357964038, 0.40161567323936714, 0.35870021043557815, 0.08533084264541435], [0.16050834473827716, 0.34922652392392356, 0.221154549065333, 0.2691105821724663], [0.15992880580891897, 0.2402545916907706, 0.4659279494681516, 0.13388865293215882], [0.16065867722390878, 0.2394953590241595, 0.3415651720887145, 0.2582807915632172]], "ideal": "C", "sampled": "A", "correct": false}}
{"type": "result", "data": {"idx": 17, "options": ["The number of hidden nodes", "The learning rate", "The initial choice of weights", "The use of a constant-term unit input"], "probs": [[0.32635137192359875, 0.2963846303495568, 0.2580297569819318, 0.1192342406449126], [0.3297053575186042, 0.30875927206766535, 0.21608558294996433, 0.14544978736376618], [0.30661452737714306, 0.25760136304892794, 0.31925527097595924, 0.11652883849796973], [0.3286705069905787, 0.2541490007571791, 0.2090865515643967, 0.20809394058784547], [0.31203623017690557, 0.20764734777135468, 0.3278112557714263, 0.15250516618031343], [0.3162259506300657, 0.2013152867550296, 0.2774773579182511, 0.20498140459665354], [0.22290466723597216, 0.3836595713708595, 0.27940812704153245, 0.11402763425163587], [0.2263724471942841, 0.398488634807425, 0.22973818732380966, 0.14540073057448122], [0.23304578659588182, 0.30296063420127134, 0.3339895307683741, 0.13000404833447274], [0.23757262097483187, 0.295576615404282, 0.24107278468609664, 0.22577797883478948], [0.2017602146519254, 0.21332314389736934, 0.4088238720976102, 0.17609276925309506], [0.22652569748469456, 0.2182292970532892, 0.32229102134895565, 0.23295398401306058], [0.26211811671724056, 0.33739544968780244, 0.2857106796044908, 0.11477575389046622], [0.26710092222699033, 0.3391124802753224, 0.20796605322766687, 0.1858205441700204], [0.2456023062816301, 0.4052169914721798, 0.2416495053489624, 0.10753119679722765], [0.23795775357615329, 0.40583221890944343, 0.19090395595000614, 0.1653060714643971], [0.23814120815644702, 0.19620738600958612, 0.3640374459878619, 0.20161395974610494], [0.21444714386773128, 0.19532388737817244, 0.395579016103213, 0.19464995255088327], [0.1998914301211703, 0.37737550765412997, 0.2802786785042346, 0.1424543836204651], [0.18970200134850934, 0.36440622259897426, 0.26806005433411934, 0.17783172161839708], [0.1848752470893275, 0.3305063198100878, 0.31536650184567433, 0.1692519311549103], [0.1963295430842544, 0.3458441094456741, 0.26665430463704326, 0.19117204273302824], [0.19788791827034702, 0.2658146698749883, 0.3324039975192736, 0.20389341423539106], [0.18757053928331577, 0.26386203966091887, 0.3657305185767279, 0.18283690237903744]], "ideal": "A", "sampled": "A", "correct": true}}
