{"type": "result", "data": {"idx": 0, "options": ["Bargaining", "Satisficing", "Accepting", "Compromising"], "probs": [[0.21399863595616775, 0.05995575815037443, 0.5552327384140444, 0.17081286737941342], [0.1977523721473068, 0.05494506304513716, 0.591561915634879, 0.15574064907267696], [0.16522730208212283, 0.044998148470418366, 0.6494132013582521, 0.14036134798920666], [0.16874252088018987, 0.04507009664648096, 0.6120169640925808, 0.1741704182807484], [0.1946067377328483, 0.05408094118055015, 0.5967335744852151, 0.15457874650138637], [0.20535029735000027, 0.056695815516058484, 0.5522330669665598, 0.1857208200673814], [0.21895300154048414, 0.05774977530891019, 0.5546160198251329, 0.16868120322547284], [0.20044394877536476, 0.05290125936706508, 0.5931998358103536, 0.15345495594721656], [0.20788600419212716, 0.05244177423066677, 0.5771688646344685, 0.16250335684273756], [0.19154893065608067, 0.049197514031544744, 0.604535300665113, 0.15471825454726157], [0.20380061559128315, 0.05601169084925087, 0.5820815475882913, 0.15810614587117466], [0.21800545180652203, 0.06013028412650163, 0.5506602607215172, 0.1712040032454591], [0.16447282754882195, 0.046627274521281854, 0.6454946162741328, 0.14340528155576332], [0.1685357758751863, 0.046416169067218474, 0.6078694115215769, 0.17717864343601827], [0.21194343493586676, 0.06327098230259816, 0.5514076618949908, 0.1733779207665443], [0.20416685936793474, 0.06018058955067597, 0.5719029902839963, 0.16374956069739305], [0.1836867859892597, 0.054015075632927144, 0.5859277029521562, 0.17637043532565697], [0.17967814892172446, 0.05343654512363312, 0.619197758112123, 0.1476875477425194], [0.18684449135183664, 0.052989485243154305, 0.6101547751779801, 0.15001124812702887], [0.20840512927753618, 0.0579477005413453, 0.5437762534157954, 0.18987091666532316], [0.21618902842169543, 0.06181544855971467, 0.550120476951725, 0.17187504596686495], [0.21990929705618117, 0.06312914984138195, 0.5429186860891563, 0.17404286691328066], [0.18665790764601217, 0.050016034948473787, 0.5730809036786079, 0.19024515362690614], [0.16769470085358015, 0.04672243765957092, 0.6437163876428128, 0.1418664737440362]], "ideal": "B", "sampled": "B", "correct": true}}
{"type": "result", "data": {"idx": 1, "options": ["Framing bias", "Hindsight bias", "Over-confidence bias", "Heuristics"], "probs": [[0.2331337342545469, 0.057683524025660696, 0.52662405207708, 0.18255868954271243], [0.2315998902208504, 0.05754007227024004, 0.5468449429070994, 0.16401509450181015], [0.2335945656900664, 0.057320449282008655, 0.5297906378507163, 0.1792943470772086], [0.22710047777299916, 0.05607271963311911, 0.5522057804356764, 0.16462102205820534], [0.2315675598779648, 0.06473935346597232, 0.5286057551525489, 0.1750873314035139], [0.22922881628452693, 0.06407727491445146, 0.5308372536020297, 0.17585665509899193], [0.2467816788216638, 0.05535280000127753, 0.5195855536506458, 0.1782799674264128], [0.24875969811634577, 0.05513799107807851, 0.5312855760030304, 0.16481673470254538], [0.2484795097353044, 0.05810401458224727, 0.5144439820182569, 0.1789724935641914], [0.24373102367266805, 0.0565377403481223, 0.5305484572308329, 0.1691827786483768], [0.25319822337765724, 0.061707716841557805, 0.5125542030193541, 0.1725398566614309], [0.24992042217858965, 0.06204037223526945, 0.5117611188145414, 0.17627808667159947], [0.25612294003465835, 0.05698981359430215, 0.51102070662803, 0.17586653964300952], [0.2534480671819315, 0.05537492740066233, 0.5282440741707828, 0.16293293114662336], [0.25478012259303817, 0.06031957518812327, 0.5061538400166801, 0.17874646210215853], [0.25324607458963405, 0.059446820449401284, 0.5167190547527513, 0.1705880501082134], [0.25662300370485835, 0.06232982966172011, 0.5071566179953985, 0.17389054853802308], [0.250530598656139, 0.06219006282817748, 0.512350734180008, 0.17492860423567552], [0.2590139709521362, 0.05734031433261051, 0.5118078398264306, 0.17183787478882265], [0.25874345720971653, 0.057400850725368976, 0.5111499275903385, 0.17270576437457594], [0.26036019364940943, 0.05756162465492486, 0.5112465276712136, 0.17083165392445215], [0.2598910745669771, 0.05751835066332002, 0.5097733367368427, 0.17281723793286022], [0.2577663659791672, 0.057364121073708474, 0.5117735266173712, 0.17309598622975308], [0.25644891496236194, 0.057275613493123594, 0.5129039692029065, 0.17337150224160802]], "ideal": "D", "sampled": "D", "correct": true}}
{"type": "result", "data": {"idx": 2, "options": ["The way things are.", "The way things are going to be.", "The way things should be.", "The way things were."], "probs": [[0.18865528138612797, 0.04784773147081489, 0.5986605703631239, 0.16483641667993318], [0.20180348824401353, 0.05118242966040519, 0.5319342553239995, 0.21507982667158176], [0.2278690529362427, 0.06186926106991438, 0.524149546797118, 0.18611213909672494], [0.23363491890478286, 0.06286434828606434, 0.5182828306633511, 0.18521790204580163], [0.1860959384184896, 0.0468403511838256, 0.565357612157953, 0.20170609813973178], [0.18473359871770254, 0.04610310849793002, 0.6100155687839145, 0.15914772390045295], [0.18752520436295758, 0.04901259917964465, 0.6020681588315235, 0.16139403752587422], [0.20163662203822658, 0.05146736889461745, 0.5360478022444097, 0.21084820672274618], [0.22269751955733394, 0.06113624389942339, 0.5333545048491911, 0.18281173159405154], [0.22097641565054055, 0.06090946922314318, 0.5364537554802266, 0.18166035954608975], [0.18400797108949957, 0.04610814864391832, 0.5760261968988367, 0.19385768326774538], [0.18076848712590926, 0.047021134982456435, 0.6101332215334809, 0.16207715625815336], [0.2585766969044472, 0.0562808004624174, 0.4977433792244609, 0.18739912330867456], [0.2671345094433169, 0.0560707284134963, 0.488105312295463, 0.18868944974772375], [0.2268134406014985, 0.0493803407809008, 0.5484737279866613, 0.17533249053093938], [0.22893315977797069, 0.05036657769412127, 0.5151753521041856, 0.20552491032372242], [0.2239637962357112, 0.046450633377963554, 0.5551350691540656, 0.17445050113225963], [0.22942072321728982, 0.049064539733573845, 0.5265761652552231, 0.19493857169391327], [0.18988856034690765, 0.04755050156551995, 0.5633125115747232, 0.19924842641284923], [0.1911021115856366, 0.04742692269128379, 0.6006066619568478, 0.16086430366623178], [0.18502068310965353, 0.04636039905128749, 0.5784112149821212, 0.19020770275693774], [0.18389873393247858, 0.04678835760714575, 0.6044055987152056, 0.16490730964517006], [0.225459726321948, 0.06045486822458697, 0.5318841973300679, 0.1822012080233972], [0.22455920093800133, 0.06063515985633858, 0.529615422313939, 0.18519021679172107]], "ideal": "C", "sampled": "C", "correct": true}}
{"type": "result", "data": {"idx": 3, "options": ["The potential for entry into the industry", "The threat of substitute products", "The power of customers", "The level of rivalry"], "probs": [[0.23006246691457496, 0.07087872546315015, 0.46091606632043536, 0.23814274120183954], [0.19954300816789142, 0.057293074898343344, 0.5637127412461521, 0.17945117558761314], [0.23664724295498465, 0.07432298940445099, 0.4367381832295928, 0.25229158431097154], [0.21152472966712083, 0.06036543235395913, 0.5395531178371429, 0.18855672004177715], [0.23922569448439507, 0.07729927737607728, 0.47305603592791357, 0.21041899211161408], [0.24958313252763958, 0.08222012466026067, 0.4620753663934737, 0.20612137631862604], [0.23243464285533044, 0.07259605283338653, 0.45137708991893244, 0.24359221429235053], [0.20273962690419473, 0.05801505989006806, 0.5577924271777991, 0.1814528859279381], [0.22735493017814348, 0.06948378267286079, 0.44484353389800446, 0.2583177531509913], [0.20382810870737594, 0.06090590952906441, 0.546835137188855, 0.18843084447470465], [0.24039832707925474, 0.07767436478983147, 0.4657493427135109, 0.21617796531740288], [0.24324729311276985, 0.08058020231573032, 0.46473525564984536, 0.2114372488216545], [0.2302540070889109, 0.0748926494275653, 0.443400349915365, 0.25145299346815886], [0.2076899850391789, 0.06153906422692086, 0.5433901142985046, 0.18738083633539568], [0.22315597698212286, 0.0709506651013969, 0.45745709874717305, 0.24843625906930716], [0.20081728389484635, 0.061697850069386544, 0.5526413422888999, 0.18484352364686718], [0.24317007086006504, 0.0877221142950934, 0.4466140006493453, 0.22249381409549623], [0.2395673656288523, 0.08698685336752814, 0.4532024196350007, 0.22024336126861885], [0.2262196124600354, 0.06011110975157793, 0.5022143459153099, 0.21145493177307678], [0.24485598471434025, 0.06605734324136481, 0.48693334973552294, 0.20215332220877202], [0.22020444941537246, 0.05844867756196951, 0.5160925195560644, 0.20525435336659367], [0.22780977187262766, 0.06187885999060777, 0.5157023071727035, 0.19460906086406113], [0.23729025191338948, 0.061179445248566854, 0.49603644908759764, 0.20549385365044603], [0.2319019751905608, 0.06069978371176932, 0.505790952585655, 0.20160728841201486]], "ideal": "D", "sampled": "D", "correct": true}}
{"type": "result", "data": {"idx": 4, "options": ["Margaret Thatcher", "Mikhail Gorbachov", "Nelson Mandela", "Bill Clinton"], "probs": [[0.37977712210859527, 0.06555113000359883, 0.41670494025638194, 0.13796680753142396], [0.35247545643033673, 0.06750579771829068, 0.426406314336195, 0.15361243141517755], [0.4117038990255796, 0.07295942779051971, 0.3783900596422779, 0.13694661344162276], [0.4144366321382244, 0.07580801730876034, 0.3755392971924022, 0.13421605326061306], [0.38651485687037235, 0.07583650483313698, 0.38745637187422444, 0.1501922663222662], [0.4265406449115389, 0.07521288656532299, 0.37098768133593724, 0.12725878708720081], [0.37709588260260046, 0.06782368115094718, 0.4148336370358576, 0.14024679911059473], [0.34636090376097634, 0.0684074947255059, 0.43042687312688527, 0.1548047282866325], [0.37693975776165417, 0.07076796407170585, 0.40743078315023684, 0.14486149491640313], [0.36076115751918014, 0.07611075617854439, 0.40571569485520936, 0.1574123913470661], [0.3538673685931685, 0.07553004191321167, 0.4103979017026888, 0.16020468769093105], [0.35790263536263833, 0.07524826897678494, 0.4101534363171553, 0.15669565924342146], [0.4297972577259646, 0.07350017567735093, 0.3587698553900683, 0.13793271110661617], [0.4327646622452898, 0.07699340810582224, 0.3548651741050018, 0.1353767554438861], [0.40045106108616424, 0.0669770012209121, 0.3903851479617893, 0.14218678963113435], [0.37860553447274253, 0.07437634110179636, 0.3887663089941906, 0.15825181533127045], [0.4581235016564106, 0.08528371835925894, 0.32587897531499826, 0.13071380456933218], [0.4156893924927131, 0.08466401088356831, 0.3464014295113883, 0.15324516701233026], [0.4296406103080297, 0.08786827717744049, 0.3438919638003122, 0.13859914861421768], [0.4849944267683685, 0.08877269658236002, 0.3162942732168561, 0.10993860333241534], [0.39527938979132704, 0.07793512591230285, 0.38029955113752484, 0.14648593305884525], [0.3973932386212561, 0.07776711532736968, 0.3807509966968273, 0.1440886492545469], [0.4968436359862348, 0.09531486033440162, 0.2976610362232094, 0.1101804673561542], [0.4456772274179211, 0.09316440064518429, 0.3248389709392043, 0.13631940089769032]], "ideal": "D", "sampled": "D", "correct": true}}
{"type": "result", "data": {"idx": 5, "options": ["Work flow design", "Work schedule design", "Work rate design", "Work output design"], "probs": [[0.2637053171088639, 0.06789225440377947, 0.4859021974003518, 0.18250023098700482], [0.2571075500937291, 0.06675209700202776, 0.49515138944908993, 0.1809889633551532], [0.20989798237428517, 0.045591186738693265, 0.5910200364387621, 0.1534907943482594], [0.24726133306074127, 0.0487704646785917, 0.5134526854076167, 0.19051551675305034], [0.2075433699945186, 0.04523156515456574, 0.5987813382923649, 0.14844372645855075], [0.25810888791645686, 0.051503971981381395, 0.4951490237090906, 0.19523811629307114], [0.2599874216054394, 0.059482218601782, 0.4988362639296784, 0.18169409576310014], [0.25034651903827476, 0.05825722390597299, 0.5135551247546649, 0.17784113220108735], [0.24610476285032346, 0.05194247905369162, 0.526310505390847, 0.17564225260513794], [0.24628897148077847, 0.05375169152809168, 0.5149415191046476, 0.18501781778648224], [0.23884469090364568, 0.05330083478975127, 0.5374131162119944, 0.17044135799460872], [0.2512878254188491, 0.056130664227674036, 0.5082557352349255, 0.18432577501855135], [0.2067380562719946, 0.04853118246704197, 0.5855419678813439, 0.1591887932796195], [0.24425110331915673, 0.05516433668921381, 0.5040953797314733, 0.19648918016015612], [0.24332204821242603, 0.0639607319762036, 0.509140558626112, 0.1835766610852584], [0.24235510462550042, 0.06443624101774893, 0.5062763018954715, 0.18693235236127922], [0.22947843834794582, 0.04957279340846751, 0.5340521096327857, 0.18689665851080092], [0.2047064502420748, 0.047818508900693106, 0.5851566165624721, 0.16231842419475997], [0.20728257605271824, 0.04823374819621529, 0.5920506803404911, 0.15243299531057528], [0.2520982101932856, 0.05760425500306389, 0.4950767306511262, 0.19522080405252432], [0.2445554300972559, 0.0642856029995352, 0.514038418378282, 0.1771205484249269], [0.2476662006850904, 0.06560385727211977, 0.5050275137132709, 0.1817024282295189], [0.22948905310372034, 0.04778868597740332, 0.5391582129544683, 0.18356404786440805], [0.20546335857651296, 0.047216369289910756, 0.5866921964686868, 0.16062807556488948]], "ideal": "B", "sampled": "B", "correct": true}}
{"type": "result", "data": {"idx": 6, "options": ["Workers enjoy responsibility.", "Workers view physical and mental effort as a natural part of work.", "Workers like to show initiative.", "Workers like to be directed."], "probs": [[0.25688459509707373, 0.06994261331370606, 0.4747567297506651, 0.1984160617385551], [0.2622984188241394, 0.06891876072813803, 0.4792446445545569, 0.18953817579316565], [0.2572522297301354, 0.06080571878570252, 0.4873426214222412, 0.19459942996192084], [0.27243939039366977, 0.060388460749309356, 0.47698223586081007, 0.19018991289621082], [0.263834565851531, 0.06910824775004719, 0.47931230063413666, 0.1877448856642852], [0.2688902854153526, 0.06902593964335121, 0.46779983185471447, 0.19428394298658175], [0.27442008867544726, 0.0647486537201473, 0.47317374805488, 0.18765750944952542], [0.2815966438013861, 0.06301354985718316, 0.4718630628195573, 0.18352674342187345], [0.26731974879660336, 0.06366055695301553, 0.48354186424031353, 0.18547782991006753], [0.27741204362789534, 0.06345810373733274, 0.47940751782674823, 0.1797223347080237], [0.2753475565136167, 0.06521053514408834, 0.47747885464603956, 0.18196305359625536], [0.27702255086149735, 0.065684656258983, 0.47651078087209375, 0.18078201190742585], [0.2569388804388647, 0.06173915553382648, 0.4874384511692305, 0.19388351275807825], [0.27138962732395966, 0.06147996198188472, 0.47599630479233246, 0.19113410580182316], [0.2560260967960064, 0.06796021961367675, 0.48497326622444287, 0.1910404172658739], [0.25838918068781125, 0.06704404354268521, 0.49231735967356194, 0.18224941599594158], [0.2674670855056069, 0.06968708439498279, 0.47149694663782094, 0.19134888336158934], [0.25907805173372184, 0.06834916667926534, 0.48672338590041203, 0.18584939558660074], [0.2675336678813688, 0.06164717857361808, 0.48941446804321603, 0.18140468540179705], [0.27727281114869456, 0.06196218893184146, 0.4706947049167474, 0.1900702949027165], [0.2683276633772022, 0.06861645983279753, 0.4767114697185087, 0.1863444069714916], [0.2715902206809331, 0.06978311822090058, 0.47168455394776043, 0.18694210705040593], [0.2736715972149882, 0.062457546585512974, 0.47709304089543647, 0.1867778152040624], [0.2625988858540927, 0.06158698670776412, 0.49569692807812515, 0.18011719926001804]], "ideal": "D", "sampled": "B", "correct": false}}
{"type": "result", "data": {"idx": 7, "options": ["Referent", "Expert", "Reward", "Legitimate"], "probs": [[0.24994612482510342, 0.06235715932094823, 0.49762983608126843, 0.19006687967267993], [0.23788957899331453, 0.05848004450511091, 0.5312484900402074, 0.17238188636136723], [0.24489840315295622, 0.06362982696485887, 0.49871586633591913, 0.19275590344626578], [0.24158201339159605, 0.06117578032524909, 0.5231773412651375, 0.1740648649180174], [0.24696056174311212, 0.06318661475761751, 0.5094354076258216, 0.1804174157734487], [0.24230363014086145, 0.0624523251244333, 0.5192400332596225, 0.17600401137508265], [0.2429157436737296, 0.0785464897131787, 0.4932059232846641, 0.18533184322842758], [0.2395800423257394, 0.0754600487711086, 0.5048039705488124, 0.18015593825433956], [0.1835248362132257, 0.050416850675447794, 0.6118031876325464, 0.15425512537878006], [0.19223624394313787, 0.05127179975566225, 0.5652197577789714, 0.19127219842222845], [0.1891043655240729, 0.05236249065425088, 0.6099253483301817, 0.1486077953914945], [0.20745981819506173, 0.058364908455096176, 0.5415787978752153, 0.19259647537462668], [0.24082198377790878, 0.07352985331381405, 0.4957085177446133, 0.1899396450636639], [0.23996693072278907, 0.07363482618813601, 0.5055524147955105, 0.1808458281935644], [0.18491373566409958, 0.04950160082689231, 0.6131902701950972, 0.15239439321391093], [0.19646555768866325, 0.05067618341762252, 0.5634398627742908, 0.1894183960194234], [0.19090604851313478, 0.05183344725684096, 0.6087315700664783, 0.14852893406354595], [0.22330262104669, 0.06111615651441689, 0.5095403611518818, 0.2060408611870113], [0.23826348779203058, 0.07241861521473537, 0.5082285999743541, 0.1810892969188799], [0.2350728064540394, 0.07190801202531805, 0.5133520364248001, 0.1796671449958425], [0.18781922105248613, 0.050715746757490826, 0.6106728587734762, 0.15079217331654685], [0.2047309221747345, 0.054291533865187425, 0.5455335025927349, 0.1954440412673432], [0.1882613798949386, 0.052639504006631345, 0.6083197275817184, 0.15077938841671165], [0.21718450373886905, 0.06128641354319951, 0.5218461868057732, 0.1996828958121582]], "ideal": "D", "sampled": "A", "correct": false}}
{"type": "result", "data": {"idx": 8, "options": ["Henry Fayol", "Max Weber", "Adam Smith", "Mary Parker Follett"], "probs": [[0.24414722982807138, 0.07480788341620351, 0.4885533226322337, 0.19249156402349138], [0.24403958782975527, 0.07281660815891802, 0.49353729202767227, 0.18960651188365443], [0.23576611278083623, 0.060614675277370536, 0.5235999822092977, 0.1800192296324955], [0.2497875913791138, 0.06309762408407496, 0.48200134981814985, 0.20511343461866136], [0.2275743135379449, 0.05874492841196622, 0.5374955414257886, 0.17618521652430022], [0.24650280746949804, 0.06554574274563452, 0.4835019527077733, 0.2044494969770941], [0.2589623138822699, 0.06700829661650705, 0.48324593276571226, 0.19078345663551077], [0.2601732054118397, 0.06541572608019007, 0.4869366360257396, 0.18747443238223066], [0.25252210715090107, 0.061316921387189444, 0.501887015920056, 0.18427395544185346], [0.2547626495106565, 0.06256374716133091, 0.48869639630199097, 0.19397720692602158], [0.25286191699360416, 0.061363339417996966, 0.5041432380172126, 0.1816315054711862], [0.2571848439030326, 0.0644094299900622, 0.4845600958756759, 0.19384563013122935], [0.23793100599261016, 0.06598907511799045, 0.5147653664203694, 0.18131455236903002], [0.2506581451248005, 0.07080126289310609, 0.47274557970409853, 0.2057950121779949], [0.24859281243824638, 0.07944049532218815, 0.4803996443565833, 0.1915670477829822], [0.24853491780656742, 0.07886841892407422, 0.4797236620900129, 0.19287300107934552], [0.24005642471633415, 0.06219043207681738, 0.5008629858507322, 0.1968901572561163], [0.22870429582958093, 0.05973771047434546, 0.5340546886290832, 0.17750330496699032], [0.2259128181119086, 0.060399441005262136, 0.5370154476173162, 0.17667229316551297], [0.24214133343748775, 0.06729473179964544, 0.48565446792765465, 0.20490946673521215], [0.23762540944709024, 0.06994615181821799, 0.5066497098900498, 0.18577872874464205], [0.24150766199314722, 0.07356042797815565, 0.4895082370935946, 0.1954236728351025], [0.2345681514954166, 0.05894287367618655, 0.508656713609218, 0.1978322611191788], [0.2255460355286661, 0.05704377676041368, 0.5372365792636759, 0.18017360834724433]], "ideal": "B", "sampled": "B", "correct": true}}
{"type": "result", "data": {"idx": 9, "options": ["Frederick Taylor", "Seebohm Rowntree", "Henry Ford", "Max Weber"], "probs": [[0.2547230048305478, 0.07350073535003177, 0.4766453958080783, 0.19513086391134218], [0.26284977007711685, 0.0748914159791854, 0.46200214435004094, 0.20025666949365678], [0.2633569420600208, 0.07903287950710923, 0.4630550534684558, 0.19455512486441415], [0.27447982392785736, 0.08208576967107985, 0.4417784016087662, 0.2016560046922966], [0.2590896083967286, 0.06739023829249953, 0.483697450388092, 0.1898227028226798], [0.2622587162667132, 0.07021609157265679, 0.4711904665711347, 0.19633472548949527], [0.2779702121648779, 0.06428679535848189, 0.4744093801615857, 0.1833336122150545], [0.2793970703799277, 0.06554174422562356, 0.4684467315205381, 0.1866144537739106], [0.2831023079336053, 0.06523525811430024, 0.46612615083155085, 0.18553628302054362], [0.2902235621618777, 0.06668714284184211, 0.45763276980042045, 0.1854565250958597], [0.29914577455155766, 0.06675290762325087, 0.4462205865732387, 0.18788073115195275], [0.28621169921873907, 0.06372407078105741, 0.4665561317930966, 0.18350809810710694], [0.27126795657100505, 0.06280342629229535, 0.4869149435625193, 0.17901367347418023], [0.2834282517149738, 0.06446599959682488, 0.4646819233429666, 0.18742382524523465], [0.2791228106927006, 0.07331468417632453, 0.4569168380023228, 0.19064566702865207], [0.2874494578386825, 0.0745658598636287, 0.4478000237434344, 0.19018465845425442], [0.3072423774389894, 0.067317549346936, 0.43454853409773, 0.19089153901634456], [0.2904227760269725, 0.06424145591336183, 0.46976049149585475, 0.1755752764638109], [0.26977789399310276, 0.06701320409104648, 0.47575041646968264, 0.1874584853461681], [0.27350819311914765, 0.07116343878364786, 0.4547599587489387, 0.2005684092482658], [0.28470505564315846, 0.08714577035355707, 0.42563325605706276, 0.20251591784622172], [0.2780373539219031, 0.08385032106806954, 0.4411258331087242, 0.19698649180130315], [0.2881267494791659, 0.08168029297486962, 0.422367964799608, 0.2078249926463565], [0.27731905505363935, 0.08051179553801736, 0.448289066250485, 0.19388008305785834]], "ideal": "B", "sampled": "B", "correct": true}}
{"type": "result", "data": {"idx": 10, "options": ["John Kenneth Galbraith", "John Maynard Keynes", "Milton Friedman", "Alfred Marshall"], "probs": [[0.21044366686754032, 0.0572273003171467, 0.560289101553234, 0.172039931162079], [0.21942129075057665, 0.057825816928748844, 0.5521261526948577, 0.1706267395258168], [0.2247015604235559, 0.064826993956274, 0.5296830451396876, 0.18078840038048255], [0.22848501799205934, 0.06464537977525849, 0.5288965701527988, 0.17797303197988337], [0.22316348716741977, 0.0598342348563012, 0.5331777373404916, 0.18382454053578742], [0.21614251665842982, 0.0575329914835002, 0.5571053318102657, 0.16921915994780434], [0.21531454701481953, 0.05756044223697416, 0.5531994184671517, 0.17392559218105455], [0.22724085366715946, 0.058174817014634034, 0.544318719323124, 0.17026560989508252], [0.2262381281292977, 0.06328631842566988, 0.5242799441844475, 0.186195609160585], [0.22490718288237316, 0.062041638426488174, 0.5367698508926942, 0.17628132769844443], [0.2273609990274936, 0.06291528608008473, 0.5222748984417984, 0.18744881635062322], [0.22599266803973997, 0.06266740057240199, 0.5323970992687976, 0.17894283201906036], [0.2262279458483711, 0.06053130508447277, 0.5312318959668093, 0.1820088530003468], [0.2292192543930185, 0.05879564495101249, 0.5388173976177969, 0.17316770293817205], [0.2279029275212867, 0.05960124207441699, 0.529438813329399, 0.1830570169748972], [0.2220534798088027, 0.05670114141349803, 0.5529841326903739, 0.1682612459873254], [0.2321977774746811, 0.060964401896793655, 0.5247241541382971, 0.18211366639022813], [0.23070494856119253, 0.06060880094647809, 0.5290269348835266, 0.1796593155088028], [0.2256513716087621, 0.06123276479951139, 0.5312417467994807, 0.18187411669224582], [0.22064560320785148, 0.0582243344394107, 0.5494511045047878, 0.17167895774795003], [0.22960842337721543, 0.06221373564019742, 0.5210980331703877, 0.18707980771219945], [0.22784795336316643, 0.06186702570294947, 0.5286916257497241, 0.18159339508416], [0.22938542701299566, 0.06365767628593161, 0.5223314567009516, 0.1846254399001211], [0.22865423217134617, 0.06313307488625118, 0.5264720837771121, 0.18174060906529055]], "ideal": "C", "sampled": "C", "correct": true}}
{"type": "result", "data": {"idx": 11, "options": ["Mary Parker Follett", "Elton Mayo", "Lillian Gilbreth", "Frederick Taylor"], "probs": [[0.26230090853929117, 0.07385115324712385, 0.47342473263774665, 0.19042320547583835], [0.2558531374555119, 0.07097576394513833, 0.48406467823843996, 0.1891064202609098], [0.22754348812212022, 0.05111223458732652, 0.5580015181937116, 0.1633427589968417], [0.26447407787866023, 0.05853451348063318, 0.47085931367945244, 0.20613209486125414], [0.22081790368692966, 0.052821150726285536, 0.5636070244134539, 0.16275392107333086], [0.26235097350889686, 0.06085156953264705, 0.47069444721669534, 0.20610300964176073], [0.28613251018445623, 0.06566780707078433, 0.4577825596801238, 0.19041712296463562], [0.27718204257100615, 0.06439416109871653, 0.4714299737935705, 0.1869938224367068], [0.2813249847110294, 0.06310246186148759, 0.46843850956969885, 0.18713404375778417], [0.2742893274916901, 0.06252203601620068, 0.47630942714028446, 0.18687920925182472], [0.27340049974720165, 0.06292745053505566, 0.4805722486790687, 0.18309980093867392], [0.2780401664986303, 0.06391350829091036, 0.4711944986230637, 0.18685182648739565], [0.22200900647696958, 0.05159255246688945, 0.5599859284811403, 0.1664125124750007], [0.2566232969481052, 0.05924938969001228, 0.4732764345184682, 0.21085087874341435], [0.2566771266355091, 0.07382656053072809, 0.479848186918379, 0.18964812581538382], [0.24928826091180822, 0.07057161628494266, 0.49141457671973365, 0.18872554598351546], [0.2525036657997057, 0.05881258581897718, 0.47808314160539006, 0.21060060667592712], [0.21831176440914668, 0.05323004916124297, 0.5619998385269768, 0.16645834780263355], [0.2206778774783349, 0.05552957082290934, 0.5575220459695974, 0.1662705056291583], [0.254964742858018, 0.06496831870872265, 0.4661485025736724, 0.21391843575958688], [0.25538440204323437, 0.07748672706300691, 0.47981790181126205, 0.18731096898249663], [0.2538143840885035, 0.07721046642422652, 0.4789336335815697, 0.19004151580570028], [0.24890776724389305, 0.05827767972727933, 0.4873673472105658, 0.20544720571826183], [0.21713519383648627, 0.053479936626266746, 0.5632375939790449, 0.16614727545820204]], "ideal": "B", "sampled": "B", "correct": true}}
{"type": "result", "data": {"idx": 12, "options": ["Strategic", "Operational", "Functional", "Developmental"], "probs": [[0.22151419188081103, 0.05034924968053195, 0.5651889954659057, 0.16294756287275128], [0.19749648848410048, 0.04659057010174075, 0.6273211707531806, 0.12859177056097817], [0.21413376446608196, 0.04853632192119651, 0.5763982404997124, 0.16093167301300906], [0.18988593486692856, 0.04556962983062039, 0.6309880801698814, 0.1335563550325696], [0.2302330250773118, 0.059198587244810724, 0.5530104554188007, 0.15755793215907685], [0.23294675174300886, 0.06014016970286252, 0.5472388226197381, 0.15967425583439046], [0.2161081151158181, 0.05414257238370093, 0.5644722026355266, 0.16527710976495444], [0.19264073507522023, 0.04886243445743757, 0.6263700782383762, 0.13212675212896596], [0.1860550184389211, 0.04443921885157026, 0.6293278392723437, 0.14017792333716486], [0.1849018800329449, 0.0442666491782121, 0.6398886584674515, 0.13094281222139148], [0.20908593350473068, 0.053509866682681956, 0.6005494370251326, 0.13685476268745478], [0.2282179248798226, 0.0574479575747005, 0.5621286881359471, 0.15220542930952988], [0.20835760078464352, 0.051789573934043334, 0.5776753978026746, 0.16217742737863858], [0.18605125918881354, 0.047469372538093364, 0.6307422251010678, 0.13573714307202525], [0.18814479934150843, 0.04529692502146539, 0.618471957292219, 0.14808631824480717], [0.1833417021792182, 0.04456531023565444, 0.6366315747427512, 0.13546141274237616], [0.20551901517752572, 0.05334884906234586, 0.5946408354548808, 0.14649130020524767], [0.2198923577124307, 0.05682437993370336, 0.5631079799068424, 0.16017528234702358], [0.22895205956819195, 0.0549678117154926, 0.5650259487335314, 0.151054179882784], [0.23416814205689018, 0.05634844302567619, 0.5546954869669304, 0.15478792785050327], [0.20208310702502666, 0.046170043825769475, 0.6254332544507268, 0.12631359459847705], [0.22668693142909693, 0.04982361345459321, 0.572983401151323, 0.1505060538649869], [0.18447815545391325, 0.04381437403355307, 0.6565525237610397, 0.11515494665149403], [0.2197964718505781, 0.04848190157186917, 0.5907121320220936, 0.14100949445545916]], "ideal": "A", "sampled": "D", "correct": false}}
{"type": "result", "data": {"idx": 13, "options": ["Guiding, mentoring and motivating", "Guiding, commanding and motivating", "Guiding, demonstrating and motivating", "Guiding, mentoring and demonstrating"], "probs": [[0.24812843076754773, 0.05244394742914763, 0.5567435398937715, 0.1426840818095331], [0.2619236795242211, 0.05553763917963179, 0.5295012770268984, 0.1530374041692487], [0.2631786445773321, 0.05566225158863263, 0.5278317888459845, 0.15332731488805085], [0.2419100159591674, 0.05396310360107594, 0.5594200020339459, 0.14470687830581078], [0.24608186251566463, 0.05249279815167971, 0.5462802133353679, 0.1551451258972878], [0.23697233374261667, 0.05114059932868333, 0.5648753088511056, 0.14701175797759444], [0.250298486981922, 0.05871850690381486, 0.536194296475077, 0.15478870953918616], [0.2594831163575152, 0.058848124212348994, 0.5235562675072205, 0.15811249182291534], [0.23134132441773286, 0.05402656090375292, 0.5695984172013558, 0.14503369737715835], [0.23620347148343412, 0.05372380344649792, 0.5573307150641642, 0.1527420099059038], [0.20429856039698147, 0.050445997347391525, 0.603366686418666, 0.14188875573696097], [0.22880194611654242, 0.05278316375606164, 0.5722915189420279, 0.14612337108536805], [0.2596780080809643, 0.057809554465365766, 0.5274287501003573, 0.15508368725331267], [0.25684850639968076, 0.05669237503759256, 0.536359055693186, 0.1501000627695407], [0.2160149546647862, 0.04940122439071087, 0.5964438407486852, 0.1381399800958177], [0.22284515116800702, 0.050007778959906976, 0.5762445904623231, 0.1509024793097629], [0.21866496068038113, 0.05014587230587621, 0.5872854037538394, 0.14390376315990328], [0.2442161647650701, 0.05301520775416794, 0.5383229054597037, 0.16444572192105827], [0.2390556662332126, 0.0579452110728203, 0.5404861375511221, 0.162512985042845], [0.23177876548135892, 0.05555344248260592, 0.5577508085911093, 0.15491698334492587], [0.20101758311495518, 0.050244430627451264, 0.604188486019008, 0.14454950013858556], [0.21780527720275128, 0.05112856903293983, 0.5830032716294146, 0.1480628820348943], [0.20742376554943356, 0.052089800198914564, 0.59526875484831, 0.14521767930334184], [0.24021773932773283, 0.055655354839040196, 0.5373739203785143, 0.16675298535471264]], "ideal": "A", "sampled": "A", "correct": true}}
{"type": "result", "data": {"idx": 14, "options": ["Incomplete information", "An agreed goal", "A structured problem", "High level of certainty regarding the environment"], "probs": [[0.26475928731822823, 0.06089966775801115, 0.4967691620257777, 0.17757188279798292], [0.2666995783375298, 0.061124204672360384, 0.4916535840190498, 0.18052263287106007], [0.2666893164038311, 0.06134309299122554, 0.49778679392346187, 0.17418079658148147], [0.27454476727646626, 0.0631604920812719, 0.4809025680268941, 0.18139217251536777], [0.26339774499714325, 0.0595276776999644, 0.49735356468121594, 0.17972101252167644], [0.2714016482519858, 0.06229051739374163, 0.4855789983551591, 0.18072883589911348], [0.27051643297589145, 0.06873886468224147, 0.4855709869578624, 0.17517371528400474], [0.27589387315495784, 0.06907899086408176, 0.4770639048873534, 0.17796323099360697], [0.23999635694013882, 0.05673005389056003, 0.53622257304624, 0.16705101602306116], [0.27845138308601597, 0.06321622430646066, 0.4472084044962948, 0.2111239880112286], [0.24169247210130843, 0.05646723592412905, 0.5321106989464128, 0.16972959292814965], [0.28003621933152, 0.0633895714037678, 0.4525193706453135, 0.20405483851939868], [0.2604450583197502, 0.06701299547478978, 0.5006905197596538, 0.1718514263458062], [0.2696396668039383, 0.06964220002130328, 0.483434163232469, 0.17728396984228936], [0.23934543728873411, 0.05675046678994577, 0.5411437547729769, 0.1627603410483432], [0.277782189321358, 0.06327749505255918, 0.4522913789762644, 0.20664893654981842], [0.23398287338786425, 0.05631379363019938, 0.5435084295095567, 0.16619490337237966], [0.2687655965062014, 0.061031646565714484, 0.4737061822409618, 0.1964965745871223], [0.2635406831869642, 0.06598091820726917, 0.4968278370537151, 0.17365056145205154], [0.2695510387151103, 0.06928443907998562, 0.48710325355427125, 0.1740612685506328], [0.23653963998894095, 0.056631205633881194, 0.5427866163496272, 0.16404253792755066], [0.28232335200099135, 0.06264474800661358, 0.4580820661896725, 0.19694983370272257], [0.2411560171859809, 0.05772597471179917, 0.5350224494776606, 0.1660955585245593], [0.28355541399928447, 0.06242296006021092, 0.457450681022993, 0.19657094481751158]], "ideal": "A", "sampled": "A", "correct": true}}
{"type": "result", "data": {"idx": 15, "options": ["Making people's strengths effective and their weaknesses irrelevant.", "Enhancing the ability of people to contribute.", "To operate the organisation's status system.", "Integrating people in a common venture by thinking through, setting and exemplifying the organisational objectives, values and goals."], "probs": [[0.23004888510002935, 0.057522737769753904, 0.5381927609991638, 0.1742356160310529], [0.23176205155916021, 0.05859845876107741, 0.5348042249144761, 0.17483526466528626], [0.23255296222442157, 0.05897394611077317, 0.5335500279544952, 0.17492306361031001], [0.22945174316125166, 0.05800929227625932, 0.5419082580496687, 0.17063070641282033], [0.2357144451863539, 0.061529642452189594, 0.5265658379587161, 0.17619007430274033], [0.22846265687410167, 0.058396955579367846, 0.5421703942028272, 0.17096999324370324], [0.22959064800196682, 0.058687175010503745, 0.5327668387940788, 0.1789553380934506], [0.2334845487923975, 0.05940803442241471, 0.5290132366326998, 0.178094180052488], [0.22824370008496989, 0.0576015167774208, 0.5354645052216246, 0.1786902778159847], [0.22791327911605738, 0.0582246604538693, 0.5382523977276092, 0.17560966260246408], [0.23578678417370635, 0.060634107180420206, 0.525259052058803, 0.17832005648707047], [0.23256673956125215, 0.05958724287691482, 0.5331754922263086, 0.1746705252355245], [0.23472249771499726, 0.059336368619270774, 0.5264953099747474, 0.1794458235909846], [0.23184796474498756, 0.058065517000545484, 0.537572546619882, 0.17251397153458498], [0.22905756655681958, 0.057810660725375954, 0.533773032744613, 0.17935873987319148], [0.22949954193207267, 0.05812408986609492, 0.5359204353968269, 0.17645593270500556], [0.23315494628731442, 0.059922004482193016, 0.5314730007218695, 0.17545004840862297], [0.235061800640345, 0.06061412912693474, 0.5282813113294763, 0.17604275880324394], [0.24166411159006088, 0.06248880922169454, 0.515411853738742, 0.18043522534950257], [0.23232890730978473, 0.05910516926015338, 0.5355884791397136, 0.1729774441903482], [0.23890373019383568, 0.061446625504284834, 0.5220570544299822, 0.17759258977189732], [0.23479875220100266, 0.0607992839514228, 0.5294908126810941, 0.17491115106648042], [0.23731904335483567, 0.061208625831718315, 0.5262143415351627, 0.17525798917828336], [0.23973308919656144, 0.06306974307250257, 0.5197168355787058, 0.17748033205223013]], "ideal": "C", "sampled": "D", "correct": false}}
{"type": "result", "data": {"idx": 16, "options": ["A theoretical assumption", "An illustration", "A theoretical model", "An example serving as a model"], "probs": [[0.2724053459936165, 0.03849769984926874, 0.5685222532582146, 0.1205747007989002], [0.24530259686127742, 0.038589754644266, 0.6012016162122703, 0.11490603218218623], [0.42909639532998517, 0.06411139886017236, 0.3556570714935561, 0.1511351342162864], [0.5371297637367288, 0.06482552039590066, 0.29498514749874116, 0.10305956826862936], [0.41556856148025356, 0.06269860734153201, 0.36063244641932946, 0.16110038465888496], [0.3843362938722863, 0.051016401418680364, 0.4672340998156957, 0.09741320479333769], [0.2818871087692589, 0.04470713725411972, 0.5691425097696843, 0.10426324410693714], [0.23033765470923054, 0.04079382957394394, 0.6270932098691383, 0.10177530574768716], [0.37828344666577624, 0.08063228547708945, 0.3801280912395879, 0.16095617651754643], [0.43053413302176496, 0.08300871398292813, 0.3582807503235358, 0.12817640257177113], [0.46205663332150687, 0.09025857529439028, 0.31613620876983317, 0.13154858251426968], [0.5889044933672184, 0.10801868763955061, 0.24142563070819673, 0.06165118818503432], [0.6095368816128526, 0.04751194232590767, 0.22295404802302654, 0.11999712793821318], [0.7752454482239031, 0.04610540092550283, 0.12963086703395962, 0.04901828371663452], [0.5836082652848861, 0.03845573187640402, 0.24623182230042898, 0.13170418043828097], [0.5801093837087616, 0.03672006890049253, 0.3296445159125528, 0.053526031378193006], [0.7525602143217787, 0.05821774367360886, 0.1191086590764541, 0.07011338282815831], [0.7170528092592706, 0.05365292294919862, 0.151042221273552, 0.07825204641797877], [0.5249906660466023, 0.05009315795487305, 0.3006818525040057, 0.12423432339451898], [0.46322412548707487, 0.04201363615220727, 0.41287197120561203, 0.08189026705510581], [0.5491275418585677, 0.04063556070428008, 0.28053728842287584, 0.12969960891427637], [0.5547610272764263, 0.03506117902072029, 0.36495838914328277, 0.04521940445957071], [0.7453732739700042, 0.0748717213862973, 0.11824876465299973, 0.06150623989069877], [0.6642097681645738, 0.08016266493824184, 0.16742676120603495, 0.08820080559114941]], "ideal": "D", "sampled": "C", "correct": false}}
