{"type": "result", "data": {"idx": 0, "options": ["ADD.", "AIDA.", "PESTLE.", "SWOT."], "probs": [[0.2179540000062486, 0.06380596471062171, 0.5318689108017677, 0.18637112438136208], [0.2189535512521622, 0.06415486813103861, 0.5310914911611879, 0.18580008935561126], [0.20149434361433466, 0.054764384575835524, 0.5735306952890432, 0.17021057642078663], [0.2046839900284616, 0.05649946277954734, 0.5485949536184547, 0.19022159347353643], [0.19832183110649004, 0.05388507567612359, 0.5787001000481369, 0.16909299306924952], [0.2050796747002562, 0.05648079513938671, 0.5460505484988617, 0.19238898156149536], [0.2291039547917587, 0.059612010384500064, 0.5228591354308549, 0.18842489929288622], [0.23077749057455016, 0.059875012330311506, 0.5214567857676349, 0.1878907112275034], [0.22890214534459005, 0.058803546948797844, 0.5262621621028002, 0.1860321455038119], [0.22870562159830965, 0.05936701772117064, 0.524119869540966, 0.1878074910395537], [0.23071521977046186, 0.05904616150953268, 0.5225584272864147, 0.18768019133359082], [0.23212865165630783, 0.059696011684051045, 0.5199909844473882, 0.1881843521122529], [0.20122686476245352, 0.055096024010692426, 0.5744588502918653, 0.16921826083498875], [0.20399992089913785, 0.056313950353020364, 0.5472739913986445, 0.1924121372491972], [0.2125689645538072, 0.06103460748936451, 0.5468420879956721, 0.17955433986115615], [0.21371398864039465, 0.06162358819822149, 0.5445039271763845, 0.1801584958849993], [0.20170339714540308, 0.055290202918072066, 0.5520181593638934, 0.19098824047263144], [0.19955979586275807, 0.0533424285988854, 0.5804553281409043, 0.16664244729745228], [0.19211116216521548, 0.053994651275003844, 0.5871879988263317, 0.16670618763344902], [0.20116875772662476, 0.05648582019752578, 0.5516698092665828, 0.19067561270926667], [0.21125466484745303, 0.062273849982523916, 0.5436672616988047, 0.18280422337121835], [0.21309601940920825, 0.06297509277764393, 0.5412095107906832, 0.18271937692246457], [0.1974187739669128, 0.05468661567466597, 0.5582597705617396, 0.18963483969668168], [0.19374873943553916, 0.05257470826912625, 0.588947764144836, 0.1647287880504986]], "ideal": "B", "sampled": "B", "correct": true}}
{"type": "result", "data": {"idx": 1, "options": ["The realm of understanding.", "Personal selling.", "Noise.", "Feedback."], "probs": [[0.21945665265466585, 0.05871700012321707, 0.48317303428465996, 0.2386533128374571], [0.2151557931181682, 0.05643806197305767, 0.5396581613274076, 0.18874798348136645], [0.2157979639522697, 0.056655124668403244, 0.493255443721194, 0.23429146755813307], [0.211995618799252, 0.05483744711104339, 0.5475564868166962, 0.18561044717300834], [0.24396537641386162, 0.07455685400708162, 0.4817739807284612, 0.19970378875059552], [0.24056803046097763, 0.0735650669495967, 0.48236272452958884, 0.20350417795983677], [0.2594816761794984, 0.08377263198767715, 0.41550631565189683, 0.24123937608092758], [0.26078144684737237, 0.08011213987682352, 0.4525208641330204, 0.20658554904278367], [0.21443526604441676, 0.04893676227539736, 0.5579571168904628, 0.17867085468972307], [0.2197934307015153, 0.05023089608677724, 0.5184857651636912, 0.2114899079480163], [0.23277803283341084, 0.061288231484905614, 0.5169273729908767, 0.18900636259080683], [0.26277135581832634, 0.06559788874909699, 0.4195801300599401, 0.25205062527263655], [0.24536349242503772, 0.07309568036504303, 0.434043771492406, 0.24749705561751323], [0.24437791868454473, 0.07093941953249416, 0.4827465270648493, 0.20193613461811186], [0.20782963832972423, 0.05033063480481645, 0.5602857249606512, 0.18155400180480807], [0.2171382090656211, 0.05090052823587854, 0.5112390708128632, 0.2207221917856371], [0.24151777858825657, 0.07150587332269935, 0.4824499713527018, 0.20452637663634227], [0.2630902928528632, 0.07246559317686745, 0.4220049066415942, 0.2424392072286752], [0.267085256155584, 0.07699038889972151, 0.44456690876632954, 0.21135744607836496], [0.260667618179069, 0.0735176343618184, 0.45009183208476977, 0.21572291527434279], [0.2371676326616006, 0.05792803100930414, 0.517027835606943, 0.18787650062215225], [0.2663900255890531, 0.06293313204612826, 0.42332929368554184, 0.24734754857927677], [0.22517050864568716, 0.05294323004239762, 0.5333515663396803, 0.18853469487223493], [0.2503571202714831, 0.05402207726436771, 0.4715993088325161, 0.2240214935316331]], "ideal": "A", "sampled": "A", "correct": true}}
{"type": "result", "data": {"idx": 2, "options": ["In the late 1800s.", "In the early 1900s.", "In the 1920s.", "After the end of the Second World War."], "probs": [[0.2840652082854994, 0.05368424791501813, 0.5208402716342234, 0.14141027206525902], [0.25914884962561513, 0.05224865201889943, 0.5550084402979156, 0.1335940579575698], [0.2606262583816662, 0.054699741705995605, 0.5359900037109558, 0.14868399610138233], [0.25319923250234516, 0.052825246184049365, 0.5560332759338436, 0.13794224527976187], [0.26318913499473334, 0.05759880648276296, 0.5377474982666595, 0.1414645601558442], [0.2485627959415571, 0.056815321720724475, 0.5461768792264722, 0.14844500301124622], [0.2776550085302881, 0.05505331294120145, 0.522260075631592, 0.14503160279691832], [0.2647392451498414, 0.05298635363048933, 0.5440375804357085, 0.13823682068396073], [0.28958634833716845, 0.05417219045986277, 0.5138551822024156, 0.14238627890055328], [0.2730088111630296, 0.051779059235980196, 0.5486769430382112, 0.126535186462779], [0.2608522733658131, 0.05796356412243022, 0.5384316363625975, 0.14275252604915914], [0.2523160742998194, 0.05796480621001397, 0.5413549855593529, 0.1483641338308137], [0.2937232698499771, 0.05266766719981608, 0.5217066730637182, 0.1319023897864886], [0.2845281468244036, 0.05185260816340958, 0.5416914425878729, 0.12192780232431386], [0.2814641061470998, 0.05307421951376132, 0.5239765760667401, 0.14148509817239877], [0.26920355065613416, 0.05086970833958102, 0.5473790310955033, 0.13254770980878144], [0.2799231922369463, 0.05709060855859003, 0.5300142010512163, 0.1329719980532474], [0.2691723077940104, 0.05742346803169007, 0.5328444182394568, 0.1405598058348427], [0.3092665189632546, 0.05408207749290394, 0.5076225692943204, 0.12902883414952107], [0.27861850546632333, 0.05416617200474973, 0.5249098929915853, 0.14230542943734156], [0.300008122593087, 0.0528832681853827, 0.5157763438271735, 0.1313322652943568], [0.2903347805821614, 0.05336884766521546, 0.5164224851196338, 0.13987388653298932], [0.2934972741961366, 0.05306471689104291, 0.5178927952316891, 0.13554521358113142], [0.2846803452773067, 0.053911085875075745, 0.518262466865922, 0.14314610188169558]], "ideal": "C", "sampled": "D", "correct": false}}
{"type": "result", "data": {"idx": 3, "options": ["The level of tangibility associated with the type of product.", "Performance-value.", "Variations in supply and demand.", "The way in which the service is delivered."], "probs": [[0.3281612371462156, 0.06282944184785541, 0.4210672346747018, 0.1879420862312272], [0.3415051051408513, 0.07385474332644978, 0.37632330687569426, 0.20831684455700464], [0.3209589671624767, 0.07178093385305036, 0.40851199014107187, 0.1987481087434011], [0.3182032368776556, 0.07763977239277536, 0.4046523008178484, 0.19950468981172056], [0.31490507484129326, 0.07135789787534141, 0.4039800732627347, 0.20975695392063062], [0.33490008112419434, 0.07748106121242096, 0.39538940783361476, 0.19222944972976996], [0.35662346011936397, 0.06913947852338934, 0.40446810704990394, 0.16976895420734273], [0.3690391127539323, 0.08005493759226535, 0.36426761199962837, 0.18663833755417397], [0.328621715695625, 0.06679920254284892, 0.4269124483415536, 0.17766663331997246], [0.30509732786805244, 0.06805045597839286, 0.43807865206635216, 0.1887735639872025], [0.3402239483321412, 0.0739486686498087, 0.38923678958209534, 0.1965905933359547], [0.3245284436121735, 0.06997755653540041, 0.4160396897361991, 0.18945431001622703], [0.3669605309441373, 0.07305857647312118, 0.37711978516860273, 0.18286110731413882], [0.35672337344779737, 0.07602368407716599, 0.38438422056741506, 0.18286872180762156], [0.3673491775622183, 0.06491491197890585, 0.3942998349272296, 0.17343607543164627], [0.3344505850550308, 0.06791668030375, 0.40276274960678043, 0.1948699849344388], [0.3380847102842171, 0.07445328959276641, 0.3975362925406234, 0.18992570748239307], [0.34568004251480183, 0.07721046757475207, 0.37931011407858356, 0.19779937573186254], [0.30483042736536103, 0.07451297230999142, 0.39507558349181876, 0.22558101673282882], [0.31719619505208024, 0.07767681892447977, 0.39973000283610016, 0.2053969830873398], [0.3196260630764816, 0.07520313560210645, 0.3793407082178337, 0.22583009300357818], [0.3000905737048238, 0.06804101675374014, 0.4162402462722047, 0.21562816316923142], [0.3055334914567628, 0.08109205074483238, 0.40051999688017575, 0.21285446081822904], [0.3016692995723416, 0.08298383652334071, 0.3912676870431639, 0.2240791767611538]], "ideal": "B", "sampled": "C", "correct": false}}
{"type": "result", "data": {"idx": 4, "options": ["found guilty under the Sherman Antitrust Act and face prison time", "found guilty under the Magnuson-Moss Warranty Act and face large fines", "found guilty under the Adamson Act and face prison time and fines", "found not guilty because retailers are allowed to set their own price levels"], "probs": [[0.28842238233533507, 0.055239820219412775, 0.49438501504450677, 0.16195278230074533], [0.3091821303092229, 0.0643249959212665, 0.439260919960749, 0.18723195370876158], [0.28613089446354767, 0.06320536645594865, 0.4732617559085727, 0.17740198307193097], [0.2982263266742026, 0.0663098990850896, 0.45647546644414433, 0.17898830769656346], [0.2973946608499719, 0.07663757296155255, 0.4206814138119839, 0.20528635227649167], [0.29072877978404377, 0.06888128122655132, 0.45454866028165675, 0.18584127860774816], [0.2650490681185834, 0.06400809388706687, 0.5238507350468505, 0.1470921028474991], [0.29588014545790253, 0.07234517645883955, 0.47664631473676494, 0.15512836324649298], [0.24583306356669435, 0.05469085898394417, 0.5415986654753595, 0.15787741187400198], [0.24555247104869704, 0.05593832373289458, 0.5305022995201366, 0.1680069055982718], [0.24067938863342866, 0.06089127944302983, 0.5376590609979692, 0.16077027082557224], [0.2402067395858436, 0.05616824847336853, 0.5417454383435685, 0.16187957349721935], [0.2778572789647718, 0.06117444971289526, 0.47228361051060364, 0.1886846607117293], [0.2799275684033589, 0.06394587837687701, 0.4691131394103824, 0.18701341370938165], [0.24961144659449908, 0.048002207572510565, 0.5758286928490909, 0.12655765288389947], [0.2637492516279688, 0.054927164866764876, 0.5054713675422409, 0.1758522158630254], [0.2654822488272116, 0.06668008167881606, 0.49189204339154047, 0.17594562600243183], [0.25842987718293, 0.06305819561273504, 0.49127177915214854, 0.1872401479521864], [0.29921102215734363, 0.07710849437316507, 0.4613480979948123, 0.16233238537467895], [0.3027659536753891, 0.07385158978269621, 0.4818018067475246, 0.1415806496943901], [0.2671569098962641, 0.05860491709068762, 0.5326488235773105, 0.14158934933573783], [0.2581445151555231, 0.053842630117096064, 0.5490432153196618, 0.138969639307719], [0.2961862109021162, 0.07180319034188587, 0.48124713059356766, 0.1507634680624303], [0.2729888659811045, 0.06580703950041496, 0.4996106214176673, 0.16159347300081323]], "ideal": "A", "sampled": "A", "correct": true}}
{"type": "result", "data": {"idx": 5, "options": ["A composite analysis of all environmental factors inside and outside the firm.", "A series of business decisions that aid in selling a product.", "The relationship between a firm's marketing strengths and its business weaknesses.", "A blending of four strategic elements to satisfy specific target markets."], "probs": [[0.3660328307997423, 0.08341488738506678, 0.3638935901691364, 0.1866586915460545], [0.28026693638939, 0.08107458678456143, 0.548144928338774, 0.09051354838727453], [0.205449829853274, 0.0975761913207306, 0.48867540454428565, 0.20829857418170974], [0.19504318220581787, 0.05529834494330867, 0.6592861013732524, 0.09037237137762105], [0.3619941308129392, 0.07641533927336186, 0.42661856725939434, 0.13497196255430458], [0.3966645420692027, 0.08366664869246745, 0.377663059003299, 0.14200575013503083], [0.5600441359887282, 0.0630158595370303, 0.1536296067304996, 0.22331039764374194], [0.30892368457527936, 0.06879261726661644, 0.547072279091481, 0.07521141896662319], [0.40526107290709373, 0.05941425005167206, 0.25458784995264805, 0.2807368269885861], [0.21528177328510675, 0.06296451805832444, 0.6050236505025175, 0.11673005805405132], [0.4076500948416296, 0.08847051462523252, 0.3447808170816863, 0.15909857335145156], [0.37753547359313594, 0.09132491323406927, 0.35156510324434775, 0.17957450982844703], [0.16227292529292633, 0.0737022437468306, 0.6144657547316682, 0.1495590761285748], [0.15430367048889998, 0.04776601138146148, 0.710600259495993, 0.08733005853364546], [0.29665084016266063, 0.07752026963294416, 0.42285789945328156, 0.20297099065111363], [0.22165307565538658, 0.07619676794986481, 0.56033611709487, 0.1418140391998786], [0.3369870361267499, 0.09314176180021617, 0.38010164093680565, 0.18976956103622827], [0.31273174748767973, 0.08844329547658208, 0.4103047908477676, 0.18852016608797056], [0.7762788811329537, 0.07430571012438297, 0.09747831122995136, 0.05193709741271195], [0.9234695438873453, 0.041439010088301385, 0.018458457152127242, 0.01663298877222612], [0.9534849702229973, 0.028414814417672067, 0.009165843546596521, 0.008934371712734186], [0.9071147047666388, 0.03778509507215129, 0.02395896853175263, 0.031141231529457303], [0.9345103157688461, 0.026246794274392356, 0.028702967641227043, 0.010539922215534401], [0.8518773905614844, 0.05980830215676424, 0.05161206430936354, 0.03670224287238779]], "ideal": "D", "sampled": "D", "correct": true}}
{"type": "result", "data": {"idx": 6, "options": ["Gatekeepers.", "Buyers.", "Users.", "Initiators."], "probs": [[0.26869322067911167, 0.06373991356480106, 0.4829836107151148, 0.18458325494097244], [0.26768374041497506, 0.06460785768864402, 0.48217283956097595, 0.185535562235405], [0.2615661581855789, 0.06205651070962898, 0.4955268427900632, 0.1808504882147289], [0.2542050385889629, 0.061161180536249325, 0.5061111261148115, 0.17852265465997633], [0.26809044271535165, 0.06383823269810937, 0.48491114824349874, 0.1831601762430402], [0.25699958585612315, 0.0608251252832552, 0.5020045712386917, 0.18017071752192992], [0.26599339844651004, 0.0765951894940082, 0.46801104978933195, 0.18940036217014977], [0.26153724408748363, 0.07646036607527686, 0.47057036787891593, 0.19143202185832361], [0.2177723030690516, 0.0534066589663659, 0.5772976026731168, 0.1515234351914657], [0.24548182830408002, 0.0572988303552155, 0.4742372823575366, 0.22298205888316786], [0.21861349801201432, 0.052515329889775565, 0.5781131192351256, 0.1507580527630845], [0.24304491682699625, 0.05794512965941053, 0.4786456012852648, 0.22036435212832844], [0.26312588466490117, 0.07446960771220058, 0.4785381639178707, 0.18386634360502754], [0.2568882963268124, 0.07159085464371305, 0.4901306257632399, 0.1813902231662346], [0.22726726529709748, 0.054002240294778306, 0.5638715028198946, 0.15485899148822962], [0.2553561878068909, 0.05844924116948549, 0.46879892663442024, 0.21739564428920338], [0.22437445984306154, 0.05402990470308607, 0.5645283502113176, 0.1570672851425347], [0.24679605863329135, 0.06085424552264444, 0.4871233447164187, 0.20522635102764547], [0.26928547193399893, 0.07731903282177285, 0.46803350330329774, 0.1853619918409305], [0.257409542773255, 0.07194443046327217, 0.4888877272117008, 0.181758299451772], [0.20176680158556795, 0.05025887060118564, 0.5982397727266766, 0.14973455498656976], [0.21875425519084118, 0.053012905919826395, 0.5122331823720946, 0.21599965641723778], [0.20226485573120923, 0.050934186924351844, 0.5988340839405383, 0.14796687330390068], [0.22991564319618166, 0.05744785677784801, 0.49411951535214016, 0.21851698457383015]], "ideal": "A", "sampled": "A", "correct": true}}
{"type": "result", "data": {"idx": 7, "options": ["Motive development.", "An attitude.", "A self-concept.", "Product evaluation."], "probs": [[0.2508934549070747, 0.05271184051166555, 0.5400682284837145, 0.1563264759975453], [0.255037841305287, 0.052809412927009795, 0.5490550932962304, 0.14309765237147284], [0.2203817194926294, 0.05013789216338987, 0.5811250946699588, 0.14835529357402194], [0.22504215424304164, 0.05124619373556243, 0.5729894977388715, 0.15072215418252435], [0.23258265330739594, 0.0504065964229678, 0.5725676884845797, 0.1444430616850565], [0.22456401500630338, 0.04976857062017718, 0.5758914925480244, 0.149775921725495], [0.275024294825708, 0.054135605687449906, 0.5324438809816067, 0.1383962184052354], [0.273382342252387, 0.053260996094224515, 0.5636361353890557, 0.10972052616433281], [0.25400731911232594, 0.04992035961845352, 0.5642181248479918, 0.13185419632122863], [0.23839976670742918, 0.04947331399800423, 0.5744878477926401, 0.13763907140192652], [0.24482587737895917, 0.050056098394869006, 0.5906148376287039, 0.1145031864974679], [0.25156530904132063, 0.05133260957391472, 0.5590453118593763, 0.13805676942538836], [0.2207065513211743, 0.051870718152857626, 0.5732503299782706, 0.15417240044769748], [0.22513158933115907, 0.052143250661323894, 0.5681364239411029, 0.15458873596641418], [0.23836789559389523, 0.05387015943754623, 0.5557711860467308, 0.15199075882182767], [0.22816876639809947, 0.05374400589554493, 0.5630073441931984, 0.1550798834131572], [0.2268779114781185, 0.05396241270732157, 0.5643543340806666, 0.15480534163389334], [0.21937474769674503, 0.05383040795555642, 0.5705164712880487, 0.15627837295964986], [0.24783430806427684, 0.05452600825385866, 0.5609099226561313, 0.13672976092573316], [0.23441818959915614, 0.05340028286044797, 0.5704834970693667, 0.14169803037102913], [0.2451809142616875, 0.05094925199798059, 0.5857319700341115, 0.1181378636062204], [0.25707563946861944, 0.052120380486703165, 0.550939265963023, 0.13986471398165434], [0.2324720444096932, 0.05185369672089747, 0.5756343306728772, 0.14003992809653218], [0.2288673341199721, 0.051735575209965134, 0.5769377651126745, 0.14245932545738832]], "ideal": "A", "sampled": "B", "correct": false}}
{"type": "result", "data": {"idx": 8, "options": ["Promotion.", "Product.", "Target market.", "Pricing."], "probs": [[0.2658243913740136, 0.06289413153689183, 0.47493770210586045, 0.19634377488323407], [0.2712759531842718, 0.0624798429146596, 0.4841479704116738, 0.18209623338939482], [0.2721804461260784, 0.06479467644027655, 0.4640530783681862, 0.19897179896545888], [0.28070295063358114, 0.06673874755086746, 0.45838618615443877, 0.19417211556111263], [0.2765895806450099, 0.06452346039733159, 0.47318057631232874, 0.18570638254532978], [0.2920906267178823, 0.069735609507558, 0.44177037802220165, 0.19640338565235813], [0.29695861422435355, 0.0665013541773011, 0.4394020274064862, 0.19713800409185914], [0.308497488467838, 0.06679733096885279, 0.4424054622207741, 0.1822997182425351], [0.28836196013572657, 0.064473098559047, 0.45123257219974655, 0.19593236900547992], [0.28792785093665524, 0.06261127114952168, 0.45816994299486985, 0.1912909348189532], [0.3050995928444524, 0.06469228573872149, 0.4497884012403535, 0.1804197200764725], [0.30005791780332247, 0.06476745008774627, 0.4389912485637364, 0.1961833834451949], [0.28501078483592457, 0.0668286979131627, 0.448673844292596, 0.1994866728583167], [0.2988756805694538, 0.07097422864400212, 0.43613259680283023, 0.1940174938837138], [0.282001112105081, 0.06523384250396588, 0.4559259184131958, 0.19683912687775734], [0.2804379531101774, 0.06357820555408603, 0.4657130753316393, 0.19027076590409728], [0.2970551119274074, 0.06893333483841109, 0.4441385666221937, 0.1898729865119878], [0.2859323939609614, 0.06579676377593698, 0.455945030350946, 0.19232581181215563], [0.2967648340508781, 0.06380220042136955, 0.463960549067975, 0.17547241635977737], [0.31313571564058124, 0.06981825134814655, 0.4286652834930408, 0.18838074941823144], [0.2895245009655157, 0.06164099017735678, 0.47511778161985824, 0.17371672713726932], [0.2828214848599581, 0.061228634745573565, 0.46312020604509807, 0.19282967424937025], [0.2985251016286654, 0.06699124872740064, 0.44906748340409375, 0.18541616613984022], [0.2876021735143457, 0.0633923747113955, 0.4548439654160061, 0.1941614862582527]], "ideal": "C", "sampled": "D", "correct": false}}
{"type": "result", "data": {"idx": 9, "options": ["Classical conditioning.", "Operant conditioning.", "Social learning.", "Behavioural learning."], "probs": [[0.20944008229068625, 0.05816650390043335, 0.5589945315755702, 0.17339888213331014], [0.20694391016535324, 0.058515082365424936, 0.5561772278381565, 0.17836377953106536], [0.20729010214050922, 0.056681577879698485, 0.5645898881576432, 0.17143843172214904], [0.21047174458026782, 0.05832243579812275, 0.5482815380975341, 0.18292428142407527], [0.19864065721163826, 0.05481941563662218, 0.5725433761887281, 0.1739965508630114], [0.202975085224399, 0.055760694032068764, 0.5665946945013637, 0.17466952614216855], [0.20965580483921054, 0.05759664581440616, 0.55937367255329, 0.17337387669309332], [0.2067814720934645, 0.05807828027744327, 0.5571288937414859, 0.1780113537876063], [0.21477716198902083, 0.05880169306993945, 0.5531608214498361, 0.17326032339120356], [0.2158007162742049, 0.0592626587046534, 0.5435709547772614, 0.18136567014388033], [0.2043594863538613, 0.05624700663071125, 0.5643868621331178, 0.17500664478230962], [0.20456203206633244, 0.05514964296416359, 0.5675831863436794, 0.17270513852582453], [0.20341376074347547, 0.05639523435252915, 0.5699601342692275, 0.17023087053476782], [0.20709657666996417, 0.0584397613943788, 0.5578756331839585, 0.1765880286516985], [0.20776351278087954, 0.0578049281499693, 0.5618610109415818, 0.17257054802756933], [0.20909523494473, 0.05919586734189007, 0.551401483553609, 0.18030741405977094], [0.20552571227781527, 0.05754217864087279, 0.5567453129725134, 0.18018679600879856], [0.2016025960482607, 0.05659926021426065, 0.5576542102383354, 0.18414393339914328], [0.19485441429020736, 0.05482523306135148, 0.5773676805326449, 0.17295267201579628], [0.19872587315505733, 0.055275889716397505, 0.5733407991554554, 0.17265743787308974], [0.19950620084845475, 0.05640614567110092, 0.5694942857689034, 0.17459336761154093], [0.19914530815523318, 0.054812175559932515, 0.5758731107192643, 0.17016940546557002], [0.20776632677823895, 0.059222381751433587, 0.5519679455224279, 0.18104334584789955], [0.20379710898032818, 0.05783008137175886, 0.5532472706874115, 0.18512553886050137]], "ideal": "A", "sampled": "B", "correct": false}}
{"type": "result", "data": {"idx": 10, "options": ["To break down large markets into smaller markets.", "To provide an opportunity to surpass competitors.", "By grouping together customers with similar needs, it provides a commercially viable method of serving these customers.", "To allow the achievement of greater market share."], "probs": [[0.2848924313232788, 0.059580339199892945, 0.579178792800838, 0.07634843657599033], [0.2720641053609526, 0.06585632665546093, 0.144382260645824, 0.5176973072377624], [0.3903587939837986, 0.07698316641922358, 0.372671891035963, 0.15998614846101483], [0.3952441185671911, 0.0793680021134521, 0.36864494999056446, 0.15674292922879235], [0.3430075747327993, 0.06364233980860685, 0.10718195458717082, 0.486168130771423], [0.4382974309051982, 0.06779399955515628, 0.4281348394263136, 0.06577373001333192], [0.3233624681230472, 0.0722793941154909, 0.5272646631187391, 0.07709347454272285], [0.34366156459613445, 0.07557438707356429, 0.11471763105305809, 0.46604641717724316], [0.38852481293407404, 0.08022537468054135, 0.3783046433709161, 0.15294516891446852], [0.38214987227857855, 0.0803223618760673, 0.37515544608093276, 0.16237231966442134], [0.641190280832451, 0.03621032779733343, 0.07022036506695142, 0.2523790262032641], [0.2954070545779769, 0.0666843647690163, 0.552559669614017, 0.08534891093898979], [0.5891548394567705, 0.039956234391508375, 0.26910796758821676, 0.10178095846350431], [0.636732730935692, 0.038781600342547004, 0.24156103035935875, 0.08292463826240222], [0.7334515019544235, 0.029270567651233374, 0.1699854769384483, 0.0672924533558948], [0.69042233503536, 0.030236435878034252, 0.19649685525215474, 0.08284437373445097], [0.6317363569026172, 0.03764348588935063, 0.24426075051549517, 0.08635940659253694], [0.570375310489674, 0.04023349939852578, 0.2788376745562589, 0.11055351545554123], [0.496414169726376, 0.0429304452814312, 0.07368520426951496, 0.3869701806226779], [0.37419682737423193, 0.06853912025004688, 0.4757342934132725, 0.08152975886244868], [0.6523614038456776, 0.027667014389331952, 0.06292526528788565, 0.2570463163771048], [0.29734990219294233, 0.05974689169932144, 0.5582404177691627, 0.08466278823857355], [0.3815138821961275, 0.07378026622450853, 0.39033489252195835, 0.15437095895740563], [0.3847832564689405, 0.07527652157756365, 0.3778354412584529, 0.16210478059504288]], "ideal": "C", "sampled": "C", "correct": true}}
{"type": "result", "data": {"idx": 11, "options": ["Repeat purchases.", "Buyphases.", "Buyclasses.", "Tenders."], "probs": [[0.26762790183056606, 0.06003998748461986, 0.5018195640268412, 0.17051254655797282], [0.2926329330415017, 0.06258486117415338, 0.4725187349961735, 0.17226347068817152], [0.246180045578819, 0.05621539156023744, 0.5137299049933288, 0.18387465776761472], [0.2632081308402712, 0.056314373618483765, 0.47677113397014553, 0.20370636147109947], [0.2499636299652778, 0.050268829612903014, 0.5414874037780396, 0.15828013654377962], [0.2575339713067664, 0.05525864742529114, 0.4829167199086535, 0.20429066125928894], [0.24133330581159054, 0.05988600849506426, 0.5165004729708109, 0.1822802126225343], [0.2552536418210508, 0.06074634543665874, 0.5004409532477164, 0.18355905939457404], [0.24344120061976307, 0.054875677014353426, 0.5300450462702179, 0.17163807599566563], [0.24283592719659197, 0.05301948286207924, 0.5177891043643758, 0.18635548547695305], [0.22709566014081725, 0.05049449129650959, 0.5600923215769077, 0.16231752688576548], [0.23166724927893734, 0.051598954290889835, 0.5304684954630444, 0.18626530086712834], [0.2293763522061676, 0.06155872860089041, 0.5175090834908835, 0.1915558356020585], [0.24494362635119196, 0.06116856451708638, 0.4893687519129872, 0.20451905711873444], [0.23933994818901086, 0.056752979487470726, 0.5308572725761577, 0.17304979964736072], [0.24174573654878043, 0.05478364147020447, 0.5076785011427779, 0.1957921207382372], [0.2128877755175028, 0.047339267693184646, 0.5699746119800351, 0.16979834470927746], [0.21289976494231586, 0.050858070532386314, 0.5394196650440161, 0.19682249938128174], [0.2388845463974342, 0.05345211729271043, 0.5435168328771799, 0.16414650333267544], [0.24601480545634666, 0.058927514092151835, 0.4904419219781408, 0.2046157583733607], [0.2191013999775795, 0.04928215983494837, 0.5774194619131069, 0.15419697817436526], [0.22325900693819292, 0.04969827196320725, 0.5521294001413706, 0.1749133208572292], [0.2067336784111433, 0.04426054009934936, 0.5808165202636568, 0.16818926112585056], [0.20798006186834242, 0.04341939739256384, 0.5485448714122395, 0.20005566922685422]], "ideal": "C", "sampled": "A", "correct": false}}
{"type": "result", "data": {"idx": 12, "options": ["Winner's curse.", "Winner's price.", "Winner's reward.", "Loss-leader pricing."], "probs": [[0.28829584167166117, 0.05885080379070736, 0.48212094187655974, 0.17073241256107172], [0.2985474289030845, 0.05922582391946385, 0.47325980817950924, 0.1689669388979424], [0.281838762053733, 0.05808010437145707, 0.48827425438017374, 0.17180687909463624], [0.2986832692331877, 0.059314596318390006, 0.47201367337813066, 0.16998846097029163], [0.2965724611283261, 0.059862230570323235, 0.4736402383309695, 0.16992506987038117], [0.28764138694365526, 0.06024094894823584, 0.4804628073861105, 0.17165485662199834], [0.25328845538015843, 0.06866726483216452, 0.5031962544175329, 0.17484802527014412], [0.2639942584963313, 0.07070689218709127, 0.4939814430270981, 0.17131740618947933], [0.2170718529204074, 0.050387894715251264, 0.5871186037102849, 0.14542164855405645], [0.23012665822121878, 0.05492635643654899, 0.5346488913737873, 0.1802980938684448], [0.2410403259998809, 0.059894041938133, 0.5464287216494732, 0.15263691031251286], [0.2323790745134158, 0.06026733181270045, 0.5288267632636078, 0.17852683031027597], [0.24758702514079917, 0.06890550255086396, 0.509997367807887, 0.1735101044004499], [0.2558837456481949, 0.07090821650188729, 0.4998645334976375, 0.17334350425228034], [0.21393845120729782, 0.05189472591044295, 0.5872700388818827, 0.14689678390037655], [0.2245424843458468, 0.056148395106084874, 0.5393247858323204, 0.17998433461574798], [0.22850682392824814, 0.059089922712835176, 0.5594277748140598, 0.1529754784448569], [0.2281662540518035, 0.05992542996347788, 0.534938756583325, 0.17696955930139358], [0.2611279824283061, 0.07033528491650928, 0.4968683793177299, 0.1716683532374547], [0.25897049515383813, 0.06920578971996573, 0.49941401924542295, 0.1724096957807732], [0.24588294117063583, 0.05833711778802303, 0.5432623907591789, 0.15251755018216218], [0.23955893094940692, 0.05863443278535917, 0.5197684996696917, 0.18203813649554212], [0.23727046127681337, 0.057009868742858585, 0.5514133017064061, 0.15430636817392188], [0.2353524732045058, 0.05730021777438371, 0.53039912158007, 0.17694818734104054]], "ideal": "A", "sampled": "A", "correct": true}}
{"type": "result", "data": {"idx": 13, "options": ["Price bundling.", "Price elasticity.", "Price inelasticity.", "Price inflation."], "probs": [[0.2452795505278402, 0.060284465545347894, 0.5136996507130953, 0.18073633311371654], [0.23414259972210819, 0.05826363668556781, 0.5219552477526604, 0.18563851573966358], [0.20353967025159278, 0.05016794446416668, 0.5896371624388144, 0.15665522274542615], [0.21040920675135844, 0.05158987948318279, 0.5365301689881099, 0.2014707446773489], [0.20246591860317223, 0.04898536131808018, 0.587105623021042, 0.16144309695770556], [0.2032182069827208, 0.04834582271284864, 0.5557400997723787, 0.19269587043205189], [0.2541830742781836, 0.05804244212067691, 0.502435784645956, 0.1853386988551835], [0.2428739485740715, 0.05553231719085191, 0.5131553028640115, 0.1884384312710651], [0.2591544015466966, 0.058071949832498984, 0.49841879103426956, 0.1843548574865348], [0.2534418124708546, 0.05795285893362037, 0.5008243955232385, 0.18778093297228649], [0.2355925668363844, 0.0539938493318849, 0.5275294026941211, 0.18288418103760962], [0.2342103552329104, 0.0535200454345495, 0.5306634602908307, 0.18160613894170943], [0.20157313194663376, 0.05027895382826189, 0.5859112695323285, 0.16223664459277579], [0.21400329468494428, 0.051310747856731106, 0.5348710417212627, 0.19981491563706197], [0.2368435245750667, 0.061150080993988935, 0.5217851360977559, 0.1802212582331885], [0.23354937057883307, 0.06133248245108476, 0.5211986549363784, 0.18391949193370377], [0.204602314477053, 0.049144498632817675, 0.553140636082256, 0.19311255070787323], [0.18438320663280203, 0.04772031874029275, 0.612461305629262, 0.15543516889764325], [0.1976824476253911, 0.05054555276073033, 0.594997666530329, 0.1567743329835495], [0.19875543271038176, 0.048559774901195, 0.5650038423939776, 0.18768094989444567], [0.22236470876856038, 0.06269153627293106, 0.535552954769049, 0.17939080008945954], [0.227349615889393, 0.0638284255151228, 0.5271073140304874, 0.1817146444649968], [0.19948204008344292, 0.051947735631842205, 0.5590750020114423, 0.18949522217327253], [0.1812955004953794, 0.04907037755985498, 0.6190257625281865, 0.1506083593165791]], "ideal": "B", "sampled": "B", "correct": true}}
{"type": "result", "data": {"idx": 14, "options": ["Relationship marketing.", "Service mix.", "Market exchanges.", "Service failure."], "probs": [[0.24725607235646901, 0.06689472892015466, 0.49397781890276976, 0.19187137972060656], [0.24844630060095646, 0.06810624896798949, 0.4815482496733723, 0.20189920065768177], [0.2604723177413822, 0.07079959396311472, 0.47716860180908843, 0.19155948638641462], [0.2539744991851278, 0.06803771158400569, 0.48715278864364575, 0.1908350004872207], [0.24464994666514073, 0.06562317907153979, 0.4950707852345353, 0.1946560889287842], [0.24729404988691492, 0.06505895665688237, 0.4976638780287034, 0.18998311532749934], [0.24465268332911141, 0.07180768407249219, 0.4847359557554012, 0.1988036767429952], [0.24039341986999743, 0.06991486078593945, 0.48250661269647366, 0.20718510654758945], [0.24191139407554924, 0.0712528638378807, 0.4845103873690197, 0.20232535461755036], [0.24418857691230295, 0.07166290282486495, 0.4724175333504328, 0.2117309868123993], [0.23572608474928117, 0.06553807756337678, 0.49617549032710095, 0.2025603472602411], [0.2373058621433077, 0.06678619583403306, 0.4952364225686193, 0.20067151935403993], [0.2746609685743649, 0.07641034401762042, 0.4501840371147217, 0.19874465019329296], [0.26948657829962364, 0.0731220176230415, 0.4586336646413653, 0.19875773933596952], [0.26930069318773914, 0.07358295305269605, 0.45340668137143875, 0.20370967228812603], [0.2709756968208316, 0.07424066628187567, 0.4451673427449242, 0.2096162940523685], [0.275797941531912, 0.07196212028624581, 0.4510606065257519, 0.20117933155609027], [0.2742684564992238, 0.0711360445886061, 0.45051784661430594, 0.20407765219786408], [0.245079064240593, 0.0693314962117292, 0.4872871512785011, 0.19830228816917672], [0.24548886557895924, 0.06860658810749565, 0.4932887520922752, 0.19261579412126995], [0.23055258906307327, 0.06228246678420498, 0.5148982520236366, 0.19226669202908514], [0.23447833254143263, 0.0640726219329949, 0.5068988052427865, 0.1945502401827859], [0.24686682773595373, 0.06884712879074616, 0.49194140336827547, 0.19234464000502463], [0.25055164282909625, 0.07081323169069582, 0.4778927599748864, 0.20074236540532148]], "ideal": "C", "sampled": "C", "correct": true}}
{"type": "result", "data": {"idx": 15, "options": ["Search marketing.", "Internet advertising.", "Permission-based email marketing.", "Social web marketing."], "probs": [[0.16678560213380345, 0.04965466762427154, 0.635893421002419, 0.14766630913950607], [0.18337706946421128, 0.0514070681966535, 0.5762975129460546, 0.18891834929308057], [0.20380211073865498, 0.06131826324739875, 0.5627309919091591, 0.17214863400478714], [0.20512098110062424, 0.06161731940020755, 0.5594111501172424, 0.17385054928192578], [0.1815084042485019, 0.05006539411780671, 0.5771688013283356, 0.19125740020535578], [0.1679229835126865, 0.04856465611673558, 0.6357189226790654, 0.1477934375915125], [0.16643580668665714, 0.049645058435861894, 0.6363419246309789, 0.14757721014650196], [0.18327668990137838, 0.05150356335063687, 0.5774321770624125, 0.18778756958557222], [0.203501135090505, 0.06145308911185854, 0.5618048905764489, 0.17324088512118757], [0.20361326508064967, 0.061556723365070745, 0.5606055635059308, 0.17422444794834874], [0.18499147890148376, 0.051471993321993606, 0.5729814767264543, 0.19055505095006833], [0.1687228902086474, 0.050090981265766936, 0.6311988547767331, 0.1499872736488526], [0.22648801722383544, 0.055337248577984284, 0.5454870299304312, 0.17268770416774903], [0.22674199797878195, 0.055568325845903016, 0.5441058005805577, 0.1735838754947573], [0.22479837711890685, 0.0555024024881352, 0.5479757087134266, 0.17172351157953133], [0.22469609806156218, 0.055462367413887596, 0.5480037886250095, 0.17183774579954064], [0.22589561677544798, 0.054779023742845774, 0.5454029521605792, 0.17392240722112706], [0.22489302091511995, 0.05466013468291874, 0.5484963348427094, 0.1719505094592519], [0.17947375572011254, 0.05012224185573986, 0.5799739295412215, 0.19043007278292612], [0.16916958189131429, 0.049196889772434416, 0.6310684342861648, 0.15056509395008658], [0.1809845416873755, 0.051158320621064984, 0.5787281271684307, 0.18912901042312882], [0.1687645701996004, 0.050003985683297794, 0.6308504671416144, 0.1503809768754874], [0.2008917093341836, 0.06057413102301591, 0.565628306976866, 0.17290585256593455], [0.1989359661182887, 0.05994115336823133, 0.5697034297904192, 0.17141945062306077]], "ideal": "C", "sampled": "C", "correct": true}}
{"type": "result", "data": {"idx": 16, "options": ["Vehicle.", "Courier.", "Transportation.", "Distribution channel."], "probs": [[0.2118935483160366, 0.05591345702849264, 0.5313089012115866, 0.20088409334388418], [0.1793305115272295, 0.050398639954067175, 0.6513049553331239, 0.11896589308557938], [0.21076543314689325, 0.0514671570458479, 0.5350353420196767, 0.2027320676875821], [0.16409664649088482, 0.04943635181093785, 0.6763323276272606, 0.11013467397091671], [0.2592905817508072, 0.07066858717096794, 0.49117154975922594, 0.1788692812189989], [0.2557860612613477, 0.0690824836423456, 0.5030583142731194, 0.17207314072318727], [0.1829391676837737, 0.06039947880797755, 0.5785293449211648, 0.17813200848708396], [0.16356647317648554, 0.04868968293868531, 0.6729290610051956, 0.11481478277963354], [0.19674301829392282, 0.05424054861775769, 0.5589080819376112, 0.19010835105070828], [0.15666445679643518, 0.050602445916922874, 0.6887141285855829, 0.1040189686010591], [0.2607594151590732, 0.06905550560451044, 0.5041779316768867, 0.1660071474595296], [0.2543221134760131, 0.06855637630549243, 0.5098252333922868, 0.16729627672620762], [0.19149031947887854, 0.05892760963256558, 0.562746933601447, 0.1868351371871089], [0.14488650554274712, 0.05263484700230408, 0.6993622160225935, 0.10311643133235529], [0.20780263587558276, 0.05964091775064807, 0.5355781635451086, 0.19697828272866058], [0.1548072660975189, 0.05693119636507551, 0.6870832288975152, 0.10117830853989036], [0.2515778503825343, 0.06884555415350842, 0.5206353586296844, 0.15894123673427293], [0.2502082138879303, 0.06929492536716562, 0.5157050182479485, 0.16479184239695566], [0.3018072961381886, 0.05567383433775666, 0.4695923942100859, 0.1729264752139689], [0.2986909924858732, 0.05520852238630639, 0.47672161316405576, 0.1693788718637646], [0.2905511942379554, 0.05310335913077515, 0.48879821560257913, 0.1675472309286903], [0.2941274853016611, 0.052905811277528594, 0.4902207108776087, 0.16274599244320162], [0.29288213862309254, 0.05273765012179552, 0.49009368855098373, 0.1642865226041282], [0.2912974801436656, 0.0528251128607631, 0.4905085307349025, 0.16536887616066875]], "ideal": "D", "sampled": "D", "correct": true}}
