{"type": "result", "data": {"idx": 0, "options": ["k = 0 and n = 1", "k = 1 and n = 0", "k = n = 1", "k > 1"], "observed": [[0.42999999999957, 0.32999999999967, 0.23999999999976, 0.0], [0.66999999999933, 0.07999999999992, 0.10999999999988999, 0.13999999999986], [0.07999999999992, 0.01999999999998, 0.41999999999958, 0.47999999999952], [0.03999999999996, 0.06999999999993, 0.7999999999992, 0.08999999999991]], "ideal": "B", "sampled": "B", "correct": true}}
{"type": "result", "data": {"idx": 1, "options": ["0", "1", "2", "3"], "observed": [[0.0999999999999, 0.16999999999983, 0.47999999999952, 0.24999999999975], [0.18999999999981, 0.2999999999997, 0.50999999999949, 0.0], [0.32999999999967, 0.40999999999958997, 0.04999999999995, 0.20999999999979], [0.2999999999997, 0.00999999999999, 0.36999999999963, 0.31999999999968]], "ideal": "D", "sampled": "D", "correct": true}}
{"type": "result", "data": {"idx": 2, "options": ["n = 1 and r = 6", "n = 1 and r = 7", "n = 2 and r = 5", "n = 2 and r = 6"], "observed": [[0.16999999999983, 0.17999999999982, 0.26999999999973, 0.37999999999962], [0.10999999999988999, 0.20999999999979, 0.47999999999952, 0.1999999999998], [0.23999999999976, 0.21999999999977998, 0.37999999999962, 0.15999999999984], [0.32999999999967, 0.13999999999986, 0.16999999999983, 0.35999999999964]], "ideal": "D", "sampled": "D", "correct": true}}
{"type": "result", "data": {"idx": 3, "options": ["4", "8", "16", "2sqrt(2)"], "observed": [[0.17999999999982, 0.03999999999996, 0.04999999999995, 0.72999999999927], [0.03999999999996, 0.00999999999999, 0.88999999999911, 0.05999999999994], [0.08999999999991, 0.48999999999951, 0.36999999999963, 0.04999999999995], [0.71999999999928, 0.17999999999982, 0.0999999999999, 0.0]], "ideal": "A", "sampled": "D", "correct": false}}
{"type": "result", "data": {"idx": 4, "options": ["2/69", "1/30", "2/23", "12/125"], "observed": [[0.18999999999981, 0.02999999999997, 0.48999999999951, 0.28999999999971], [0.0, 0.0, 0.63999999999936, 0.35999999999964], [0.03999999999996, 0.20999999999979, 0.60999999999939, 0.13999999999986], [0.04999999999995, 0.22999999999977, 0.12999999999987, 0.58999999999941]], "ideal": "C", "sampled": "A", "correct": false}}
{"type": "result", "data": {"idx": 5, "options": ["(S, +, x) is closed under addition modulo 10.", "(S, +, x) is closed under multiplication modulo 10.", "(S, +, x) has an identity under addition modulo 10.", "(S, +, x) has no identity under multiplication modulo 10."], "observed": [[0.0999999999999, 0.24999999999975, 0.47999999999952, 0.16999999999983], [0.37999999999962, 0.27999999999972, 0.26999999999973, 0.06999999999993], [0.36999999999963, 0.34999999999965, 0.0999999999999, 0.17999999999982], [0.38999999999961, 0.04999999999995, 0.38999999999961, 0.16999999999983]], "ideal": "D", "sampled": "C", "correct": false}}
{"type": "result", "data": {"idx": 6, "options": ["12*sqrt(2)", "6*sqrt(2)", "4*sqrt(2)", "1/(2*sqrt(2))"], "observed": [[0.17999999999982, 0.35999999999964, 0.38999999999961, 0.06999999999993], [0.23999999999976, 0.31999999999968, 0.41999999999958, 0.01999999999998], [0.32999999999967, 0.34999999999965, 0.07999999999992, 0.23999999999976], [0.1999999999998, 0.08999999999991, 0.47999999999952, 0.22999999999977]], "ideal": "C", "sampled": "B", "correct": false}}
{"type": "result", "data": {"idx": 7, "options": ["0", "10%", "25%", "50%"], "observed": [[0.00999999999999, 0.00999999999999, 0.33999999999966, 0.63999999999936], [0.00999999999999, 0.08999999999991, 0.78999999999921, 0.10999999999988999], [0.17999999999982, 0.48999999999951, 0.28999999999971, 0.03999999999996], [0.23999999999976, 0.1999999999998, 0.03999999999996, 0.51999999999948]], "ideal": "C", "sampled": "D", "correct": false}}
{"type": "result", "data": {"idx": 8, "options": ["nan", "I only", "II only", "III only"], "observed": [[0.0, 0.02999999999997, 0.43999999999955997, 0.52999999999947], [0.02999999999997, 0.0999999999999, 0.8199999999991799, 0.04999999999995], [0.07999999999992, 0.57999999999942, 0.00999999999999, 0.32999999999967], [0.45999999999954, 0.01999999999998, 0.06999999999993, 0.44999999999955]], "ideal": "C", "sampled": "D", "correct": false}}
{"type": "result", "data": {"idx": 9, "options": ["Every compact space is complete", "Every complete space is compact", "Neither (a) nor (b).", " Both (a) and (b)."], "observed": [[0.0, 0.0, 0.999999999999, 0.0], [0.0, 0.999999999999, 0.0, 0.0], [0.999999999999, 0.0, 0.0, 0.0], [0.0, 0.0, 0.0, 0.999999999999]], "ideal": "A", "sampled": "C", "correct": false}}
{"type": "result", "data": {"idx": 10, "options": ["10", "20", "25", "45"], "observed": [[0.0, 0.0, 0.11999999999988, 0.8799999999991199], [0.02999999999997, 0.0, 0.96999999999903, 0.0], [0.23999999999976, 0.75999999999924, 0.0, 0.0], [0.999999999999, 0.0, 0.0, 0.0]], "ideal": "D", "sampled": "D", "correct": true}}
{"type": "result", "data": {"idx": 11, "options": ["1/64", "15/64", "1/4", "3/8"], "observed": [[0.02999999999997, 0.12999999999987, 0.23999999999976, 0.5999999999994], [0.17999999999982, 0.05999999999994, 0.64999999999935, 0.10999999999988999], [0.05999999999994, 0.22999999999977, 0.14999999999985, 0.55999999999944], [0.0999999999999, 0.05999999999994, 0.48999999999951, 0.34999999999965]], "ideal": "B", "sampled": "D", "correct": false}}
{"type": "result", "data": {"idx": 12, "options": ["0", "1", "2", "3"], "observed": [[0.02999999999997, 0.00999999999999, 0.03999999999996, 0.91999999999908], [0.0999999999999, 0.06999999999993, 0.62999999999937, 0.1999999999998], [0.08999999999991, 0.5999999999994, 0.12999999999987, 0.17999999999982], [0.37999999999962, 0.18999999999981, 0.18999999999981, 0.23999999999976]], "ideal": "A", "sampled": "D", "correct": false}}
{"type": "result", "data": {"idx": 13, "options": ["4", "7", "10", "13"], "observed": [[0.13999999999986, 0.24999999999975, 0.30999999999968997, 0.2999999999997], [0.22999999999977, 0.2999999999997, 0.37999999999962, 0.08999999999991], [0.21999999999977998, 0.51999999999948, 0.0999999999999, 0.15999999999984], [0.28999999999971, 0.15999999999984, 0.26999999999973, 0.27999999999972]], "ideal": "B", "sampled": "D", "correct": false}}
{"type": "result", "data": {"idx": 14, "options": ["0.64", "0.72", "0.81", "0.95"], "observed": [[0.27999999999972, 0.28999999999971, 0.31999999999968, 0.10999999999988999], [0.12999999999987, 0.22999999999977, 0.12999999999987, 0.50999999999949], [0.10999999999988999, 0.11999999999988, 0.35999999999964, 0.40999999999958997], [0.0999999999999, 0.23999999999976, 0.37999999999962, 0.27999999999972]], "ideal": "D", "sampled": "A", "correct": false}}
{"type": "result", "data": {"idx": 15, "options": ["I only", "II only", "III only", "I and II only"], "observed": [[0.21999999999977998, 0.07999999999992, 0.04999999999995, 0.64999999999935], [0.15999999999984, 0.45999999999954, 0.23999999999976, 0.13999999999986], [0.31999999999968, 0.37999999999962, 0.16999999999983, 0.12999999999987], [0.43999999999955997, 0.16999999999983, 0.02999999999997, 0.35999999999964]], "ideal": "D", "sampled": "D", "correct": true}}
{"type": "result", "data": {"idx": 16, "options": ["I only", "II only", "III only", "I and II only"], "observed": [[0.01999999999998, 0.06999999999993, 0.0, 0.90999999999909], [0.05999999999994, 0.00999999999999, 0.84999999999915, 0.07999999999992], [0.01999999999998, 0.7499999999992499, 0.08999999999991, 0.13999999999986], [0.86999999999913, 0.06999999999993, 0.05999999999994, 0.0]], "ideal": "B", "sampled": "D", "correct": false}}
{"type": "result", "data": {"idx": 17, "options": ["-1/4", "-1/(4sqrt(2))", "0", "sqrt(2)"], "observed": [[0.1999999999998, 0.25999999999974, 0.46999999999953, 0.06999999999993], [0.17999999999982, 0.30999999999968997, 0.17999999999982, 0.32999999999967], [0.21999999999977998, 0.18999999999981, 0.38999999999961, 0.1999999999998], [0.08999999999991, 0.28999999999971, 0.20999999999979, 0.40999999999958997]], "ideal": "C", "sampled": "C", "correct": true}}
{"type": "result", "data": {"idx": 18, "options": ["I and II only", "III only", "I and III only", "I, II, and III"], "observed": [[0.30999999999968997, 0.04999999999995, 0.17999999999982, 0.45999999999954], [0.10999999999988999, 0.32999999999967, 0.32999999999967, 0.22999999999977], [0.45999999999954, 0.22999999999977, 0.30999999999968997, 0.0], [0.25999999999974, 0.30999999999968997, 0.00999999999999, 0.41999999999958]], "ideal": "D", "sampled": "C", "correct": false}}
{"type": "result", "data": {"idx": 19, "options": ["3", "e", "sqrt(5)", "0"], "observed": [[0.07999999999992, 0.01999999999998, 0.8799999999991199, 0.01999999999998], [0.01999999999998, 0.84999999999915, 0.05999999999994, 0.06999999999993], [0.93999999999906, 0.01999999999998, 0.01999999999998, 0.01999999999998], [0.01999999999998, 0.08999999999991, 0.06999999999993, 0.8199999999991799]], "ideal": "A", "sampled": "C", "correct": false}}
{"type": "result", "data": {"idx": 20, "options": ["I only", "II only", "III only", "I, II, and III"], "observed": [[0.1999999999998, 0.15999999999984, 0.0, 0.63999999999936], [0.0999999999999, 0.0, 0.6199999999993799, 0.27999999999972], [0.02999999999997, 0.58999999999941, 0.07999999999992, 0.2999999999997], [0.36999999999963, 0.27999999999972, 0.30999999999968997, 0.03999999999996]], "ideal": "D", "sampled": "D", "correct": true}}
{"type": "result", "data": {"idx": 21, "options": ["nan", "One", "Four", "Five"], "observed": [[0.12999999999987, 0.44999999999955, 0.27999999999972, 0.13999999999986], [0.30999999999968997, 0.04999999999995, 0.06999999999993, 0.56999999999943], [0.22999999999977, 0.05999999999994, 0.67999999999932, 0.02999999999997], [0.2999999999997, 0.2999999999997, 0.3999999999996, 0.0]], "ideal": "D", "sampled": "A", "correct": false}}
{"type": "result", "data": {"idx": 22, "options": ["I only", "II only", "III only", "I and II only"], "observed": [[0.30999999999968997, 0.46999999999953, 0.01999999999998, 0.1999999999998], [0.44999999999955, 0.07999999999992, 0.27999999999972, 0.18999999999981], [0.01999999999998, 0.23999999999976, 0.21999999999977998, 0.51999999999948], [0.25999999999974, 0.25999999999974, 0.43999999999955997, 0.03999999999996]], "ideal": "B", "sampled": "B", "correct": true}}
{"type": "result", "data": {"idx": 23, "options": ["2/81", "1/18", "2/27", "1/9"], "observed": [[0.1999999999998, 0.28999999999971, 0.32999999999967, 0.17999999999982], [0.20999999999979, 0.28999999999971, 0.14999999999985, 0.34999999999965], [0.1999999999998, 0.37999999999962, 0.22999999999977, 0.18999999999981], [0.06999999999993, 0.33999999999966, 0.25999999999974, 0.32999999999967]], "ideal": "A", "sampled": "C", "correct": false}}
{"type": "result", "data": {"idx": 24, "options": ["True, True", "True, False", "False, True", "False, False"], "observed": [[0.40999999999958997, 0.24999999999975, 0.28999999999971, 0.04999999999995], [0.51999999999948, 0.1999999999998, 0.02999999999997, 0.24999999999975], [0.6899999999993099, 0.01999999999998, 0.27999999999972, 0.00999999999999], [0.24999999999975, 0.24999999999975, 0.44999999999955, 0.04999999999995]], "ideal": "B", "sampled": "C", "correct": false}}
{"type": "result", "data": {"idx": 25, "options": ["I and II only", "I and III only", "II and III only", "III only"], "observed": [[0.32999999999967, 0.25999999999974, 0.11999999999988, 0.28999999999971], [0.25999999999974, 0.10999999999988999, 0.20999999999979, 0.41999999999958], [0.18999999999981, 0.05999999999994, 0.37999999999962, 0.36999999999963], [0.11999999999988, 0.22999999999977, 0.28999999999971, 0.35999999999964]], "ideal": "D", "sampled": "A", "correct": false}}
{"type": "result", "data": {"idx": 26, "options": ["9/2 days", "5 days", "41/8 days", "36/7 days"], "observed": [[0.17999999999982, 0.10999999999988999, 0.43999999999955997, 0.26999999999973], [0.07999999999992, 0.42999999999957, 0.28999999999971, 0.1999999999998], [0.37999999999962, 0.4999999999995, 0.11999999999988, 0.0], [0.41999999999958, 0.24999999999975, 0.04999999999995, 0.27999999999972]], "ideal": "D", "sampled": "C", "correct": false}}
{"type": "result", "data": {"idx": 27, "options": ["1/2", "1", "sqrt(2)", "pi"], "observed": [[0.18999999999981, 0.58999999999941, 0.18999999999981, 0.02999999999997], [0.18999999999981, 0.42999999999957, 0.17999999999982, 0.1999999999998], [0.42999999999957, 0.16999999999983, 0.25999999999974, 0.13999999999986], [0.21999999999977998, 0.08999999999991, 0.63999999999936, 0.04999999999995]], "ideal": "A", "sampled": "B", "correct": false}}
{"type": "result", "data": {"idx": 28, "options": ["f has all of its relative extrema on the line x = y.", "f has all of its relative extrema on the parabola x = y^2.", "f has a relative minimum at (0, 0).", "f has an absolute minimum at (2/3, 2/3)."], "observed": [[0.30999999999968997, 0.25999999999974, 0.38999999999961, 0.03999999999996], [0.27999999999972, 0.37999999999962, 0.12999999999987, 0.20999999999979], [0.37999999999962, 0.03999999999996, 0.50999999999949, 0.06999999999993], [0.15999999999984, 0.24999999999975, 0.35999999999964, 0.22999999999977]], "ideal": "A", "sampled": "C", "correct": false}}
{"type": "result", "data": {"idx": 29, "options": ["5", "6", "12", "15"], "observed": [[0.01999999999998, 0.0, 0.43999999999955997, 0.53999999999946], [0.02999999999997, 0.62999999999937, 0.33999999999966, 0.0], [0.58999999999941, 0.26999999999973, 0.0, 0.13999999999986], [0.42999999999957, 0.0, 0.0999999999999, 0.46999999999953]], "ideal": "B", "sampled": "C", "correct": false}}
{"type": "result", "data": {"idx": 30, "options": ["S(n0 + 1) is not true.", "S(n0 - 1) is not true.", "S(n) is not true for any n <= n0", "S(n) is not true for any n >= n0"], "observed": [[0.00999999999999, 0.0, 0.11999999999988, 0.86999999999913], [0.0, 0.04999999999995, 0.88999999999911, 0.05999999999994], [0.10999999999988999, 0.7999999999992, 0.02999999999997, 0.05999999999994], [0.20999999999979, 0.01999999999998, 0.03999999999996, 0.72999999999927]], "ideal": "C", "sampled": "D", "correct": false}}
{"type": "result", "data": {"idx": 31, "options": ["(0, 0, 1)", "(3/7, 3/14, 9/14)", "(7/15, 8/15, 1/15)", "(5/6, 1/3, 1/3)"], "observed": [[0.11999999999988, 0.26999999999973, 0.55999999999944, 0.04999999999995], [0.17999999999982, 0.60999999999939, 0.20999999999979, 0.0], [0.32999999999967, 0.36999999999963, 0.05999999999994, 0.23999999999976], [0.18999999999981, 0.20999999999979, 0.28999999999971, 0.30999999999968997]], "ideal": "B", "sampled": "C", "correct": false}}
{"type": "result", "data": {"idx": 32, "options": ["For no such integer n", "For 3, 5, 7, and 11 only", "For 3, 5, 7, 9, and 11 only", "For 4, 6, 8, and 10 only"], "observed": [[0.20999999999979, 0.47999999999952, 0.24999999999975, 0.05999999999994], [0.31999999999968, 0.16999999999983, 0.10999999999988999, 0.3999999999996], [0.16999999999983, 0.05999999999994, 0.52999999999947, 0.23999999999976], [0.02999999999997, 0.23999999999976, 0.62999999999937, 0.0999999999999]], "ideal": "B", "sampled": "B", "correct": true}}
{"type": "result", "data": {"idx": 33, "options": ["1", "2", "3", "4"], "observed": [[0.0, 0.06999999999993, 0.4999999999995, 0.42999999999957], [0.00999999999999, 0.2999999999997, 0.60999999999939, 0.07999999999992], [0.06999999999993, 0.26999999999973, 0.13999999999986, 0.51999999999948], [0.08999999999991, 0.01999999999998, 0.30999999999968997, 0.57999999999942]], "ideal": "C", "sampled": "C", "correct": true}}
{"type": "result", "data": {"idx": 34, "options": ["I only", "II only", "III only", "I, II, and III"], "observed": [[0.0, 0.35999999999964, 0.0, 0.63999999999936], [0.08999999999991, 0.01999999999998, 0.88999999999911, 0.0], [0.0, 0.45999999999954, 0.01999999999998, 0.51999999999948], [0.31999999999968, 0.20999999999979, 0.45999999999954, 0.00999999999999]], "ideal": "D", "sampled": "D", "correct": true}}
{"type": "result", "data": {"idx": 35, "options": ["x^2 + y^2 + z^2 + 8 = 6y", "(x^2 + y^2 + z^2)^2 = 8 + 36(x^2 + z^2)", "(x^2 + y^2 + z^2 + 8)^2 = 36(x^2 + z^2)", "(x^2 + y^2 + z^2 + 8)^2 = 36(x^2 + y^2)"], "observed": [[0.03999999999996, 0.1999999999998, 0.5999999999994, 0.15999999999984], [0.11999999999988, 0.77999999999922, 0.0999999999999, 0.0], [0.70999999999929, 0.05999999999994, 0.0, 0.22999999999977], [0.24999999999975, 0.0, 0.07999999999992, 0.66999999999933]], "ideal": "D", "sampled": "C", "correct": false}}
{"type": "result", "data": {"idx": 36, "options": ["y = 2x + 1", "y = 2x", "y = x + 2", "y = x + 1"], "observed": [[0.01999999999998, 0.0999999999999, 0.04999999999995, 0.82999999999917], [0.0, 0.02999999999997, 0.95999999999904, 0.00999999999999], [0.0, 0.8999999999991, 0.07999999999992, 0.01999999999998], [0.30999999999968997, 0.31999999999968, 0.26999999999973, 0.0999999999999]], "ideal": "A", "sampled": "D", "correct": false}}
{"type": "result", "data": {"idx": 37, "options": ["2", "3", "4", "5"], "observed": [[0.28999999999971, 0.46999999999953, 0.16999999999983, 0.06999999999993], [0.32999999999967, 0.10999999999988999, 0.03999999999996, 0.51999999999948], [0.14999999999985, 0.20999999999979, 0.33999999999966, 0.2999999999997], [0.0999999999999, 0.32999999999967, 0.35999999999964, 0.20999999999979]], "ideal": "A", "sampled": "A", "correct": true}}
{"type": "result", "data": {"idx": 38, "options": ["True, True", "True, False", "False, True", "False, False"], "observed": [[0.11999999999988, 0.33999999999966, 0.38999999999961, 0.14999999999985], [0.21999999999977998, 0.46999999999953, 0.18999999999981, 0.11999999999988], [0.37999999999962, 0.25999999999974, 0.18999999999981, 0.16999999999983], [0.1999999999998, 0.07999999999992, 0.35999999999964, 0.35999999999964]], "ideal": "A", "sampled": "C", "correct": false}}
{"type": "result", "data": {"idx": 39, "options": ["1", "2", "3", "4"], "observed": [[0.01999999999998, 0.01999999999998, 0.40999999999958997, 0.54999999999945], [0.04999999999995, 0.23999999999976, 0.5999999999994, 0.10999999999988999], [0.14999999999985, 0.36999999999963, 0.07999999999992, 0.3999999999996], [0.11999999999988, 0.04999999999995, 0.18999999999981, 0.63999999999936]], "ideal": "C", "sampled": "D", "correct": false}}
{"type": "result", "data": {"idx": 40, "options": ["the entire real axis", "a point", "a ray", "an open finite interval"], "observed": [[0.00999999999999, 0.96999999999903, 0.01999999999998, 0.0], [0.999999999999, 0.0, 0.0, 0.0], [0.0, 0.0, 0.00999999999999, 0.98999999999901], [0.0, 0.0, 0.999999999999, 0.0]], "ideal": "B", "sampled": "B", "correct": true}}
{"type": "result", "data": {"idx": 41, "options": ["finite", "cyclic", "of order two", "abelian"], "observed": [[0.0, 0.00999999999999, 0.0, 0.98999999999901], [0.00999999999999, 0.0, 0.98999999999901, 0.0], [0.0, 0.93999999999906, 0.00999999999999, 0.04999999999995], [0.96999999999903, 0.0, 0.02999999999997, 0.0]], "ideal": "D", "sampled": "D", "correct": true}}
{"type": "result", "data": {"idx": 42, "options": ["3", "4", "5", "8"], "observed": [[0.0999999999999, 0.14999999999985, 0.34999999999965, 0.3999999999996], [0.05999999999994, 0.0999999999999, 0.78999999999921, 0.04999999999995], [0.11999999999988, 0.50999999999949, 0.16999999999983, 0.1999999999998], [0.36999999999963, 0.23999999999976, 0.22999999999977, 0.15999999999984]], "ideal": "D", "sampled": "D", "correct": true}}
{"type": "result", "data": {"idx": 43, "options": ["II only", "III only", "I and II only", "II and III only"], "observed": [[0.17999999999982, 0.14999999999985, 0.33999999999966, 0.32999999999967], [0.21999999999977998, 0.24999999999975, 0.33999999999966, 0.18999999999981], [0.17999999999982, 0.28999999999971, 0.27999999999972, 0.24999999999975], [0.2999999999997, 0.1999999999998, 0.24999999999975, 0.24999999999975]], "ideal": "A", "sampled": "D", "correct": false}}
{"type": "result", "data": {"idx": 44, "options": ["1", "3", "5", "7"], "observed": [[0.18999999999981, 0.23999999999976, 0.28999999999971, 0.27999999999972], [0.22999999999977, 0.15999999999984, 0.40999999999958997, 0.1999999999998], [0.14999999999985, 0.26999999999973, 0.32999999999967, 0.24999999999975], [0.35999999999964, 0.08999999999991, 0.35999999999964, 0.18999999999981]], "ideal": "D", "sampled": "D", "correct": true}}
{"type": "result", "data": {"idx": 45, "options": ["True, True", "True, False", "False, True", "False, False"], "observed": [[0.6199999999993799, 0.1999999999998, 0.17999999999982, 0.0], [0.36999999999963, 0.30999999999968997, 0.02999999999997, 0.28999999999971], [0.36999999999963, 0.02999999999997, 0.48999999999951, 0.10999999999988999], [0.06999999999993, 0.18999999999981, 0.65999999999934, 0.07999999999992]], "ideal": "A", "sampled": "A", "correct": true}}
{"type": "result", "data": {"idx": 46, "options": ["\u03c0/12", "\u03c0/6", "\u03c0/3", "2\u03c0/3"], "observed": [[0.11999999999988, 0.27999999999972, 0.40999999999958997, 0.18999999999981], [0.10999999999988999, 0.28999999999971, 0.46999999999953, 0.12999999999987], [0.15999999999984, 0.34999999999965, 0.21999999999977998, 0.26999999999973], [0.10999999999988999, 0.16999999999983, 0.40999999999958997, 0.30999999999968997]], "ideal": "B", "sampled": "C", "correct": false}}
{"type": "result", "data": {"idx": 47, "options": ["3", "pi", "3pi", "3/2"], "observed": [[0.14999999999985, 0.6199999999993799, 0.20999999999979, 0.01999999999998], [0.3999999999996, 0.27999999999972, 0.04999999999995, 0.26999999999973], [0.11999999999988, 0.03999999999996, 0.14999999999985, 0.6899999999993099], [0.10999999999988999, 0.28999999999971, 0.55999999999944, 0.03999999999996]], "ideal": "B", "sampled": "B", "correct": true}}
{"type": "result", "data": {"idx": 48, "options": ["Only (II)", "Only (IV )", "(I) and (IV )", "(II) and (III)"], "observed": [[0.17999999999982, 0.06999999999993, 0.62999999999937, 0.11999999999988], [0.14999999999985, 0.42999999999957, 0.23999999999976, 0.17999999999982], [0.53999999999946, 0.03999999999996, 0.41999999999958, 0.0], [0.24999999999975, 0.25999999999974, 0.15999999999984, 0.32999999999967]], "ideal": "C", "sampled": "C", "correct": true}}
{"type": "result", "data": {"idx": 49, "options": ["f is Riemann integrable.", "There does not exist a countably infinite E of R such that f is nondifferentiable at every x \\in E.", "There does not exist an uncountable subset E of R such that f is nondifferentiable at every x \\in E.", "None of the above."], "observed": [[0.34999999999965, 0.07999999999992, 0.04999999999995, 0.51999999999948], [0.12999999999987, 0.1999999999998, 0.66999999999933, 0.0], [0.17999999999982, 0.50999999999949, 0.26999999999973, 0.03999999999996], [0.08999999999991, 0.25999999999974, 0.37999999999962, 0.26999999999973]], "ideal": "D", "sampled": "D", "correct": true}}
{"type": "result", "data": {"idx": 50, "options": ["the open first quadrant", "a closed curve", "a ray in the open first quadrant", "a single point"], "observed": [[0.12999999999987, 0.31999999999968, 0.1999999999998, 0.34999999999965], [0.16999999999983, 0.06999999999993, 0.38999999999961, 0.36999999999963], [0.04999999999995, 0.06999999999993, 0.47999999999952, 0.3999999999996], [0.00999999999999, 0.14999999999985, 0.6899999999993099, 0.14999999999985]], "ideal": "A", "sampled": "B", "correct": false}}
{"type": "result", "data": {"idx": 51, "options": ["1", "2", "p >= 1", "infinity"], "observed": [[0.05999999999994, 0.36999999999963, 0.02999999999997, 0.53999999999946], [0.28999999999971, 0.00999999999999, 0.55999999999944, 0.13999999999986], [0.01999999999998, 0.06999999999993, 0.20999999999979, 0.6999999999993], [0.27999999999972, 0.37999999999962, 0.31999999999968, 0.01999999999998]], "ideal": "B", "sampled": "B", "correct": true}}
{"type": "result", "data": {"idx": 52, "options": ["f is a homeomorphism.", "f is continuous and one-to-one", "f is continuous.", "f is one-to-one"], "observed": [[0.0, 0.03999999999996, 0.93999999999906, 0.01999999999998], [0.00999999999999, 0.98999999999901, 0.0, 0.0], [0.85999999999914, 0.03999999999996, 0.00999999999999, 0.08999999999991], [0.0, 0.0, 0.0999999999999, 0.8999999999991]], "ideal": "C", "sampled": "C", "correct": true}}
{"type": "result", "data": {"idx": 53, "options": ["12", "16", "12*sqrt(3)", "16*sqrt(3)"], "observed": [[0.2999999999997, 0.3999999999996, 0.20999999999979, 0.08999999999991], [0.17999999999982, 0.27999999999972, 0.32999999999967, 0.20999999999979], [0.34999999999965, 0.13999999999986, 0.3999999999996, 0.10999999999988999], [0.37999999999962, 0.18999999999981, 0.31999999999968, 0.10999999999988999]], "ideal": "C", "sampled": "A", "correct": false}}
{"type": "result", "data": {"idx": 54, "options": ["4", "7", "8", "12"], "observed": [[0.15999999999984, 0.16999999999983, 0.34999999999965, 0.31999999999968], [0.14999999999985, 0.22999999999977, 0.33999999999966, 0.27999999999972], [0.10999999999988999, 0.05999999999994, 0.76999999999923, 0.05999999999994], [0.0999999999999, 0.4999999999995, 0.12999999999987, 0.26999999999973]], "ideal": "A", "sampled": "A", "correct": true}}
{"type": "result", "data": {"idx": 55, "options": ["|x| \u2265 0", "|x \u00b7 y| \u2264 |x||y|", "|x| = 0 if and only if x = 0", "|x + y| = |x| + |y|"], "observed": [[0.0, 0.0, 0.0, 0.999999999999], [0.06999999999993, 0.0, 0.92999999999907, 0.0], [0.01999999999998, 0.84999999999915, 0.03999999999996, 0.08999999999991], [0.83999999999916, 0.0, 0.15999999999984, 0.0]], "ideal": "D", "sampled": "D", "correct": true}}
{"type": "result", "data": {"idx": 56, "options": ["4", "5", "6", "7"], "observed": [[0.13999999999986, 0.2999999999997, 0.35999999999964, 0.1999999999998], [0.21999999999977998, 0.24999999999975, 0.52999999999947, 0.0], [0.12999999999987, 0.43999999999955997, 0.04999999999995, 0.37999999999962], [0.31999999999968, 0.02999999999997, 0.34999999999965, 0.2999999999997]], "ideal": "B", "sampled": "D", "correct": false}}
{"type": "result", "data": {"idx": 57, "options": ["1 only", "2 only", "0 and 1 only", "0, 1, and 2 only"], "observed": [[0.0, 0.0, 0.999999999999, 0.0], [0.0, 0.6199999999993799, 0.37999999999962, 0.0], [0.23999999999976, 0.75999999999924, 0.0, 0.0], [0.13999999999986, 0.48999999999951, 0.02999999999997, 0.33999999999966]], "ideal": "D", "sampled": "C", "correct": false}}
{"type": "result", "data": {"idx": 58, "options": ["2", "\u03c0", "4", "3\u03c0/2"], "observed": [[0.24999999999975, 0.23999999999976, 0.30999999999968997, 0.1999999999998], [0.40999999999958997, 0.13999999999986, 0.2999999999997, 0.14999999999985], [0.16999999999983, 0.16999999999983, 0.34999999999965, 0.30999999999968997], [0.22999999999977, 0.12999999999987, 0.52999999999947, 0.10999999999988999]], "ideal": "C", "sampled": "B", "correct": false}}
{"type": "result", "data": {"idx": 59, "options": ["9", "8", "0", "-5"], "observed": [[0.38999999999961, 0.42999999999957, 0.01999999999998, 0.15999999999984], [0.23999999999976, 0.08999999999991, 0.17999999999982, 0.48999999999951], [0.0999999999999, 0.12999999999987, 0.51999999999948, 0.24999999999975], [0.13999999999986, 0.27999999999972, 0.55999999999944, 0.01999999999998]], "ideal": "A", "sampled": "A", "correct": true}}
{"type": "result", "data": {"idx": 60, "options": ["nan", "One", "Two", "Three"], "observed": [[0.01999999999998, 0.35999999999964, 0.6199999999993799, 0.0], [0.92999999999907, 0.01999999999998, 0.03999999999996, 0.00999999999999], [0.24999999999975, 0.00999999999999, 0.0, 0.73999999999926], [0.03999999999996, 0.0, 0.83999999999916, 0.11999999999988]], "ideal": "B", "sampled": "B", "correct": true}}
{"type": "result", "data": {"idx": 61, "options": ["20!/2^(10)", "10!/2^9", "10^(20) - 2^(10)", "10^(20) - 100"], "observed": [[0.7999999999992, 0.18999999999981, 0.0, 0.00999999999999], [0.05999999999994, 0.0, 0.0, 0.93999999999906], [0.00999999999999, 0.00999999999999, 0.95999999999904, 0.01999999999998], [0.0, 0.76999999999923, 0.22999999999977, 0.0]], "ideal": "A", "sampled": "A", "correct": true}}
{"type": "result", "data": {"idx": 62, "options": ["It is possible to place an linear order relation \u2264 on the complex numbers C such that (C, +, \u00d7, \u2264) is not an ordered field.", "It is possible to place a linear order relation on the complex numbers C which make (C, +, \u00d7, \u2264) an ordered field.", "Neither (a) nor (b)", "Both (a) and (b)."], "observed": [[0.30999999999968997, 0.03999999999996, 0.54999999999945, 0.0999999999999], [0.0, 0.26999999999973, 0.11999999999988, 0.60999999999939], [0.56999999999943, 0.08999999999991, 0.31999999999968, 0.01999999999998], [0.31999999999968, 0.1999999999998, 0.03999999999996, 0.43999999999955997]], "ideal": "A", "sampled": "C", "correct": false}}
{"type": "result", "data": {"idx": 63, "options": ["1/4", "1/3", "1/2", "2/3"], "observed": [[0.04999999999995, 0.10999999999988999, 0.3999999999996, 0.43999999999955997], [0.11999999999988, 0.03999999999996, 0.82999999999917, 0.00999999999999], [0.0999999999999, 0.41999999999958, 0.18999999999981, 0.28999999999971], [0.18999999999981, 0.01999999999998, 0.58999999999941, 0.1999999999998]], "ideal": "D", "sampled": "D", "correct": true}}
{"type": "result", "data": {"idx": 64, "options": ["The integers under addition", "The nonzero integers under multiplication", "The nonzero real numbers under multiplication", "The complex numbers under addition"], "observed": [[0.0, 0.28999999999971, 0.27999999999972, 0.42999999999957], [0.20999999999979, 0.58999999999941, 0.1999999999998, 0.0], [0.22999999999977, 0.02999999999997, 0.0, 0.73999999999926], [0.03999999999996, 0.0, 0.27999999999972, 0.67999999999932]], "ideal": "B", "sampled": "C", "correct": false}}
{"type": "result", "data": {"idx": 65, "options": ["4x + 6y", "x + y + 5", "9x + 4y", "4x - 9y"], "observed": [[0.13999999999986, 0.18999999999981, 0.44999999999955, 0.21999999999977998], [0.1999999999998, 0.15999999999984, 0.48999999999951, 0.14999999999985], [0.22999999999977, 0.18999999999981, 0.41999999999958, 0.15999999999984], [0.26999999999973, 0.22999999999977, 0.22999999999977, 0.26999999999973]], "ideal": "D", "sampled": "D", "correct": true}}
{"type": "result", "data": {"idx": 66, "options": ["0", "-2", "-sqrt(34)", "-sqrt(35)"], "observed": [[0.02999999999997, 0.03999999999996, 0.5999999999994, 0.32999999999967], [0.11999999999988, 0.2999999999997, 0.57999999999942, 0.0], [0.67999999999932, 0.31999999999968, 0.0, 0.0], [0.8199999999991799, 0.0, 0.07999999999992, 0.0999999999999]], "ideal": "C", "sampled": "D", "correct": false}}
{"type": "result", "data": {"idx": 67, "options": ["II only", "III only", "I and II only", "I and III only"], "observed": [[0.05999999999994, 0.0, 0.62999999999937, 0.30999999999968997], [0.06999999999993, 0.6199999999993799, 0.28999999999971, 0.01999999999998], [0.8999999999991, 0.01999999999998, 0.07999999999992, 0.0], [0.44999999999955, 0.05999999999994, 0.0, 0.48999999999951]], "ideal": "D", "sampled": "C", "correct": false}}
{"type": "result", "data": {"idx": 68, "options": ["\u03c0/3", "\u03c0/4", "\u03c0", "2\u03c0"], "observed": [[0.5999999999994, 0.05999999999994, 0.21999999999977998, 0.11999999999988], [0.11999999999988, 0.13999999999986, 0.23999999999976, 0.4999999999995], [0.04999999999995, 0.03999999999996, 0.62999999999937, 0.27999999999972], [0.0999999999999, 0.24999999999975, 0.32999999999967, 0.31999999999968]], "ideal": "A", "sampled": "A", "correct": true}}
{"type": "result", "data": {"idx": 69, "options": ["Sunday", "Monday", "Tuesday", "Wednesday"], "observed": [[0.31999999999968, 0.1999999999998, 0.22999999999977, 0.24999999999975], [0.15999999999984, 0.24999999999975, 0.36999999999963, 0.21999999999977998], [0.27999999999972, 0.20999999999979, 0.32999999999967, 0.17999999999982], [0.18999999999981, 0.32999999999967, 0.28999999999971, 0.18999999999981]], "ideal": "A", "sampled": "A", "correct": true}}
{"type": "result", "data": {"idx": 70, "options": ["\u221248/\u03c0 cm/min", "\u22124/(3\u03c0) cm/min", "\u22128/(3\u03c0) cm/min", "\u221216/(3\u03c0) cm/min"], "observed": [[0.15999999999984, 0.20999999999979, 0.3999999999996, 0.22999999999977], [0.22999999999977, 0.25999999999974, 0.35999999999964, 0.14999999999985], [0.23999999999976, 0.23999999999976, 0.0999999999999, 0.41999999999958], [0.20999999999979, 0.16999999999983, 0.32999999999967, 0.28999999999971]], "ideal": "D", "sampled": "C", "correct": false}}
{"type": "result", "data": {"idx": 71, "options": ["The system is consistent.", "The system has infinitely many solutions.", "The sum of any two solutions is a solution.", "Every solution is a scalar multiple of (-5, 1, 1, 0)."], "observed": [[0.20999999999979, 0.26999999999973, 0.30999999999968997, 0.20999999999979], [0.11999999999988, 0.5999999999994, 0.24999999999975, 0.02999999999997], [0.26999999999973, 0.21999999999977998, 0.42999999999957, 0.07999999999992], [0.08999999999991, 0.25999999999974, 0.32999999999967, 0.31999999999968]], "ideal": "D", "sampled": "C", "correct": false}}
{"type": "result", "data": {"idx": 72, "options": ["f(c)", "f(e^c)", "f(1/c)", "f(log c)"], "observed": [[0.0, 0.8799999999991199, 0.10999999999988999, 0.00999999999999], [0.51999999999948, 0.10999999999988999, 0.21999999999977998, 0.14999999999985], [0.17999999999982, 0.02999999999997, 0.23999999999976, 0.54999999999945], [0.04999999999995, 0.12999999999987, 0.7999999999992, 0.01999999999998]], "ideal": "D", "sampled": "B", "correct": false}}
{"type": "result", "data": {"idx": 73, "options": ["I only", "II only", "III only", "I and II only"], "observed": [[0.03999999999996, 0.02999999999997, 0.41999999999958, 0.50999999999949], [0.01999999999998, 0.58999999999941, 0.27999999999972, 0.10999999999988999], [0.5999999999994, 0.18999999999981, 0.14999999999985, 0.05999999999994], [0.31999999999968, 0.15999999999984, 0.13999999999986, 0.37999999999962]], "ideal": "D", "sampled": "C", "correct": false}}
{"type": "result", "data": {"idx": 74, "options": ["1/(2e)", "1/e", "e^2/2", "2e"], "observed": [[0.21999999999977998, 0.26999999999973, 0.33999999999966, 0.16999999999983], [0.20999999999979, 0.37999999999962, 0.25999999999974, 0.14999999999985], [0.22999999999977, 0.13999999999986, 0.44999999999955, 0.17999999999982], [0.15999999999984, 0.30999999999968997, 0.31999999999968, 0.20999999999979]], "ideal": "C", "sampled": "C", "correct": true}}
{"type": "result", "data": {"idx": 75, "options": ["H = 50", "T >= 60", "51 <= H <= 55", "H >= 48 and T >= 48"], "observed": [[0.15999999999984, 0.02999999999997, 0.70999999999929, 0.0999999999999], [0.0999999999999, 0.05999999999994, 0.83999999999916, 0.0], [0.40999999999958997, 0.18999999999981, 0.3999999999996, 0.0], [0.42999999999957, 0.44999999999955, 0.06999999999993, 0.04999999999995]], "ideal": "D", "sampled": "D", "correct": true}}
{"type": "result", "data": {"idx": 76, "options": ["True, True", "True, False", "False, True", "False, False"], "observed": [[0.20999999999979, 0.73999999999926, 0.04999999999995, 0.0], [0.52999999999947, 0.41999999999958, 0.0, 0.04999999999995], [0.88999999999911, 0.00999999999999, 0.08999999999991, 0.00999999999999], [0.2999999999997, 0.03999999999996, 0.63999999999936, 0.01999999999998]], "ideal": "D", "sampled": "B", "correct": false}}
{"type": "result", "data": {"idx": 77, "options": ["2", "1", "0", "-1"], "observed": [[0.27999999999972, 0.33999999999966, 0.30999999999968997, 0.06999999999993], [0.40999999999958997, 0.37999999999962, 0.0999999999999, 0.10999999999988999], [0.48999999999951, 0.04999999999995, 0.13999999999986, 0.31999999999968], [0.05999999999994, 0.05999999999994, 0.38999999999961, 0.48999999999951]], "ideal": "C", "sampled": "C", "correct": true}}
{"type": "result", "data": {"idx": 78, "options": ["x^2/9", "x^2/8", "x^2/4", "x^2"], "observed": [[0.21999999999977998, 0.20999999999979, 0.54999999999945, 0.01999999999998], [0.3999999999996, 0.33999999999966, 0.12999999999987, 0.12999999999987], [0.26999999999973, 0.16999999999983, 0.32999999999967, 0.22999999999977], [0.02999999999997, 0.1999999999998, 0.62999999999937, 0.13999999999986]], "ideal": "B", "sampled": "B", "correct": true}}
{"type": "result", "data": {"idx": 79, "options": ["True, True", "True, False", "False, True", "False, False"], "observed": [[0.34999999999965, 0.23999999999976, 0.38999999999961, 0.01999999999998], [0.4999999999995, 0.35999999999964, 0.06999999999993, 0.06999999999993], [0.4999999999995, 0.04999999999995, 0.31999999999968, 0.12999999999987], [0.16999999999983, 0.0999999999999, 0.67999999999932, 0.04999999999995]], "ideal": "B", "sampled": "B", "correct": true}}
{"type": "result", "data": {"idx": 80, "options": ["R", "The set of all functions from Z to Z", "The set of all functions from R to {0, 1}", "The set of all finite subsets of R"], "observed": [[0.02999999999997, 0.92999999999907, 0.03999999999996, 0.0], [0.999999999999, 0.0, 0.0, 0.0], [0.88999999999911, 0.0, 0.07999999999992, 0.02999999999997], [0.0, 0.00999999999999, 0.96999999999903, 0.01999999999998]], "ideal": "C", "sampled": "B", "correct": false}}
{"type": "result", "data": {"idx": 81, "options": ["24", "30", "32", "36"], "observed": [[0.04999999999995, 0.12999999999987, 0.43999999999955997, 0.37999999999962], [0.15999999999984, 0.25999999999974, 0.46999999999953, 0.10999999999988999], [0.18999999999981, 0.4999999999995, 0.1999999999998, 0.10999999999988999], [0.36999999999963, 0.17999999999982, 0.18999999999981, 0.25999999999974]], "ideal": "B", "sampled": "D", "correct": false}}
{"type": "result", "data": {"idx": 82, "options": ["4", "6", "8", "9"], "observed": [[0.12999999999987, 0.12999999999987, 0.57999999999942, 0.15999999999984], [0.04999999999995, 0.1999999999998, 0.72999999999927, 0.01999999999998], [0.27999999999972, 0.34999999999965, 0.13999999999986, 0.22999999999977], [0.24999999999975, 0.11999999999988, 0.40999999999958997, 0.21999999999977998]], "ideal": "B", "sampled": "D", "correct": false}}
{"type": "result", "data": {"idx": 83, "options": ["27", "28", "35", "37"], "observed": [[0.15999999999984, 0.22999999999977, 0.38999999999961, 0.21999999999977998], [0.31999999999968, 0.30999999999968997, 0.33999999999966, 0.02999999999997], [0.44999999999955, 0.26999999999973, 0.13999999999986, 0.13999999999986], [0.27999999999972, 0.06999999999993, 0.28999999999971, 0.35999999999964]], "ideal": "C", "sampled": "C", "correct": true}}
{"type": "result", "data": {"idx": 84, "options": ["local maximum at P and at Q", "saddle point at P and at Q", "local maximum at P and a saddle point at Q", "local minimum at P and a saddle point at Q"], "observed": [[0.23999999999976, 0.13999999999986, 0.33999999999966, 0.27999999999972], [0.14999999999985, 0.21999999999977998, 0.36999999999963, 0.25999999999974], [0.3999999999996, 0.31999999999968, 0.05999999999994, 0.21999999999977998], [0.28999999999971, 0.0, 0.27999999999972, 0.42999999999957]], "ideal": "C", "sampled": "C", "correct": true}}
{"type": "result", "data": {"idx": 85, "options": ["If A is open, then A = R.", "If A is closed, then A = R.", "If A is uncountable, then A = R.", "If A is uncountable, then A is open."], "observed": [[0.2680412371131257, 0.09278350515454352, 0.29896907216464025, 0.3402061855666596], [0.26262626262599736, 0.17171717171699827, 0.19191919191899806, 0.3737373737369962], [0.5252525252519947, 0.030303030302999693, 0.30303030302999695, 0.14141414141399858], [0.0999999999999, 0.08999999999991, 0.14999999999985, 0.65999999999934]], "ideal": "B", "sampled": "C", "correct": false}}
