{"type": "result", "data": {"idx": 1, "options": ["It loads the circuit moderately.", "It loads the circuit to maximum extent.", "It uses centre zero galvanometer instead of voltmeter.", "It does not load the circuit at all."], "observed": [[0.0, 0.0, 0.0, 0.999999999999], [0.0, 0.0, 0.999999999999, 0.0], [0.0, 0.999999999999, 0.0, 0.0], [0.999999999999, 0.0, 0.0, 0.0]], "ideal": "D", "sampled": "D", "correct": true}}
{"type": "result", "data": {"idx": 3, "options": ["30\u00b0 to 150\u00b0.", "30\u00b0 to 180\u00b0.", "60\u00b0 to 120\u00b0.", "60\u00b0 to 180\u00b0."], "observed": [[0.08999999999991, 0.24999999999975, 0.3999999999996, 0.25999999999974], [0.13999999999986, 0.23999999999976, 0.54999999999945, 0.06999999999993], [0.08999999999991, 0.2999999999997, 0.36999999999963, 0.23999999999976], [0.12999999999987, 0.26999999999973, 0.57999999999942, 0.01999999999998]], "ideal": "A", "sampled": "D", "correct": false}}
{"type": "result", "data": {"idx": 6, "options": ["Low.", "Very low.", "High.", "Almost zero."], "observed": [[0.01999999999998, 0.01999999999998, 0.95999999999904, 0.0], [0.03999999999996, 0.72999999999927, 0.02999999999997, 0.1999999999998], [0.34999999999965, 0.00999999999999, 0.63999999999936, 0.0], [0.0, 0.07999999999992, 0.14999999999985, 0.76999999999923]], "ideal": "C", "sampled": "C", "correct": true}}
{"type": "result", "data": {"idx": 7, "options": ["Amplitude stability", "Frequency stability", "Power stability", "Both A and B"], "observed": [[0.0, 0.0, 0.0, 0.999999999999], [0.0, 0.0, 0.999999999999, 0.0], [0.0, 0.999999999999, 0.0, 0.0], [0.999999999999, 0.0, 0.0, 0.0]], "ideal": "D", "sampled": "D", "correct": true}}
{"type": "result", "data": {"idx": 10, "options": ["High resistance when forward or reverse biased", "Low resistance when forward biased, while high resistance when reverse bias", "High resistance when forward biased, while low resistance when reverse bias", "Low resistance when forward or reverse biased"], "observed": [[0.0, 0.95999999999904, 0.03999999999996, 0.0], [0.999999999999, 0.0, 0.0, 0.0], [0.00999999999999, 0.0, 0.0, 0.98999999999901], [0.0, 0.0, 0.999999999999, 0.0]], "ideal": "B", "sampled": "B", "correct": true}}
{"type": "result", "data": {"idx": 12, "options": ["1", "2", "3", "4"], "observed": [[0.0, 0.10999999999988999, 0.13999999999986, 0.7499999999992499], [0.0, 0.23999999999976, 0.75999999999924, 0.0], [0.11999999999988, 0.84999999999915, 0.0, 0.02999999999997], [0.96999999999903, 0.01999999999998, 0.00999999999999, 0.0]], "ideal": "D", "sampled": "D", "correct": true}}
{"type": "result", "data": {"idx": 14, "options": ["1 ohm of resistance", "ratio of 1 V to 1 C", "ratio of 1 C to 1 V", "none of these"], "observed": [[0.0, 0.16999999999983, 0.82999999999917, 0.0], [0.78999999999921, 0.20999999999979, 0.0, 0.0], [0.3999999999996, 0.03999999999996, 0.0, 0.55999999999944], [0.0, 0.0, 0.23999999999976, 0.75999999999924]], "ideal": "C", "sampled": "C", "correct": true}}
{"type": "result", "data": {"idx": 15, "options": ["3", "6", "8", "9"], "observed": [[0.0, 0.0, 0.84999999999915, 0.14999999999985], [0.0, 0.31999999999968, 0.67999999999932, 0.0], [0.98999999999901, 0.00999999999999, 0.0, 0.0], [0.93999999999906, 0.0, 0.0, 0.05999999999994]], "ideal": "C", "sampled": "C", "correct": true}}
{"type": "result", "data": {"idx": 17, "options": ["General Advance Logic", "General Array Logic", "Generic Advance Logic", "Generic Array Logic"], "observed": [[0.0, 0.0, 0.0, 0.999999999999], [0.0, 0.0, 0.999999999999, 0.0], [0.0, 0.84999999999915, 0.0, 0.14999999999985], [0.71999999999928, 0.0, 0.27999999999972, 0.0]], "ideal": "D", "sampled": "D", "correct": true}}
{"type": "result", "data": {"idx": 19, "options": ["111.9 ohm", "11.19 ohm", "108 ohm", "115 ohm"], "observed": [[0.37999999999962, 0.31999999999968, 0.21999999999977998, 0.07999999999992], [0.1999999999998, 0.13999999999986, 0.21999999999977998, 0.43999999999955997], [0.08999999999991, 0.0999999999999, 0.60999999999939, 0.1999999999998], [0.05999999999994, 0.50999999999949, 0.2999999999997, 0.12999999999987]], "ideal": "A", "sampled": "A", "correct": true}}
{"type": "result", "data": {"idx": 20, "options": ["constant torque operation", "speed reversal", "reduced magnetic loss", "hormonic elimination"], "observed": [[0.97999999999902, 0.01999999999998, 0.0, 0.0], [0.0, 0.00999999999999, 0.0, 0.98999999999901], [0.0, 0.0, 0.98999999999901, 0.00999999999999], [0.0, 0.96999999999903, 0.02999999999997, 0.0]], "ideal": "A", "sampled": "A", "correct": true}}
{"type": "result", "data": {"idx": 21, "options": ["0.015 joule.", "0.15 joule.", "0.015 joule.", "1.15 joule."], "observed": [[0.03999999999996, 0.41999999999958, 0.38999999999961, 0.14999999999985], [0.12999999999987, 0.45999999999954, 0.17999999999982, 0.22999999999977], [0.06999999999993, 0.23999999999976, 0.2999999999997, 0.38999999999961], [0.15999999999984, 0.33999999999966, 0.32999999999967, 0.16999999999983]], "ideal": "B", "sampled": "B", "correct": true}}
{"type": "result", "data": {"idx": 23, "options": ["closed winding", "lap winding", "wave winding", "open type winding"], "observed": [[0.18999999999981, 0.33999999999966, 0.45999999999954, 0.00999999999999], [0.04999999999995, 0.12999999999987, 0.03999999999996, 0.77999999999922], [0.0, 0.0, 0.65999999999934, 0.33999999999966], [0.0, 0.86999999999913, 0.11999999999988, 0.00999999999999]], "ideal": "A", "sampled": "A", "correct": true}}
{"type": "result", "data": {"idx": 24, "options": ["Sinusoidal wave", "Triangular wave", "Sawtooth wave", "Both B and C"], "observed": [[0.0, 0.0, 0.0, 0.999999999999], [0.00999999999999, 0.44999999999955, 0.4999999999995, 0.03999999999996], [0.0999999999999, 0.46999999999953, 0.00999999999999, 0.41999999999958], [0.56999999999943, 0.00999999999999, 0.0, 0.41999999999958]], "ideal": "D", "sampled": "D", "correct": true}}
{"type": "result", "data": {"idx": 25, "options": ["1 KHz.", "5 KHz.", "10 MHz.", "10 KHz to 400 KHz."], "observed": [[0.0, 0.0, 0.0, 0.999999999999], [0.0, 0.0, 0.999999999999, 0.0], [0.0, 0.999999999999, 0.0, 0.0], [0.999999999999, 0.0, 0.0, 0.0]], "ideal": "D", "sampled": "D", "correct": true}}
{"type": "result", "data": {"idx": 26, "options": ["J = 0, K = 0.", "J = 1, K = 1.", "J = 0, K = 1.", "J = 1, K = 0."], "observed": [[0.00999999999999, 0.12999999999987, 0.55999999999944, 0.2999999999997], [0.17999999999982, 0.30999999999968997, 0.15999999999984, 0.34999999999965], [0.03999999999996, 0.02999999999997, 0.01999999999998, 0.90999999999909], [0.0, 0.0, 0.84999999999915, 0.14999999999985]], "ideal": "B", "sampled": "B", "correct": true}}
{"type": "result", "data": {"idx": 28, "options": ["0.32.", "0.67.", "0.45.", "0.27."], "observed": [[0.43999999999955997, 0.22999999999977, 0.20999999999979, 0.11999999999988], [0.3999999999996, 0.07999999999992, 0.0999999999999, 0.41999999999958], [0.17999999999982, 0.13999999999986, 0.57999999999942, 0.0999999999999], [0.24999999999975, 0.3999999999996, 0.11999999999988, 0.22999999999977]], "ideal": "B", "sampled": "A", "correct": false}}
{"type": "result", "data": {"idx": 29, "options": ["0", "1", "2", "10"], "observed": [[0.0, 0.0, 0.999999999999, 0.0], [0.02999999999997, 0.96999999999903, 0.0, 0.0], [0.999999999999, 0.0, 0.0, 0.0], [0.0, 0.0, 0.06999999999993, 0.92999999999907]], "ideal": "C", "sampled": "C", "correct": true}}
{"type": "result", "data": {"idx": 30, "options": ["LC.", "RL.", "RC.", "Any of the above."], "observed": [[0.11999999999988, 0.10999999999988999, 0.6199999999993799, 0.14999999999985], [0.07999999999992, 0.26999999999973, 0.1999999999998, 0.44999999999955], [0.08999999999991, 0.10999999999988999, 0.6899999999993099, 0.10999999999988999], [0.08999999999991, 0.14999999999985, 0.15999999999984, 0.5999999999994]], "ideal": "C", "sampled": "C", "correct": true}}
{"type": "result", "data": {"idx": 31, "options": ["simple and economical.", "accurate.", "reliable.", "all of the above."], "observed": [[0.999999999999, 0.0, 0.0, 0.0], [0.0, 0.0, 0.0, 0.999999999999], [0.0, 0.01999999999998, 0.97999999999902, 0.0], [0.04999999999995, 0.9499999999990499, 0.0, 0.0]], "ideal": "A", "sampled": "A", "correct": true}}
{"type": "result", "data": {"idx": 32, "options": ["product of its inductance and current through it.", "ratio of its inductance to current through it.", "ratio of current through it to its inductance.", "product of its inductance and rate of change of current through it."], "observed": [[0.0, 0.0, 0.0, 0.999999999999], [0.0, 0.0, 0.999999999999, 0.0], [0.0, 0.999999999999, 0.0, 0.0], [0.999999999999, 0.0, 0.0, 0.0]], "ideal": "D", "sampled": "D", "correct": true}}
{"type": "result", "data": {"idx": 35, "options": ["10", "100", "50", "1"], "observed": [[0.03999999999996, 0.01999999999998, 0.91999999999908, 0.01999999999998], [0.03999999999996, 0.5999999999994, 0.02999999999997, 0.32999999999967], [0.31999999999968, 0.04999999999995, 0.54999999999945, 0.07999999999992], [0.01999999999998, 0.12999999999987, 0.13999999999986, 0.70999999999929]], "ideal": "A", "sampled": "C", "correct": false}}
{"type": "result", "data": {"idx": 36, "options": ["Newton", "Ampere turn", "Weber", "Tesla"], "observed": [[0.0, 0.0, 0.999999999999, 0.0], [0.0, 0.999999999999, 0.0, 0.0], [0.999999999999, 0.0, 0.0, 0.0], [0.0, 0.0, 0.0, 0.999999999999]], "ideal": "C", "sampled": "C", "correct": true}}
{"type": "result", "data": {"idx": 38, "options": ["the output is LOW", "the output is HIGH", "the output follows clock", "the output follow input"], "observed": [[0.0, 0.0, 0.92999999999907, 0.06999999999993], [0.0, 0.91999999999908, 0.07999999999992, 0.0], [0.01999999999998, 0.97999999999902, 0.0, 0.0], [0.02999999999997, 0.0, 0.0, 0.96999999999903]], "ideal": "D", "sampled": "C", "correct": false}}
{"type": "result", "data": {"idx": 39, "options": ["500 Hz.", "250 Hz.", "400 Hz.", "625 Hz."], "observed": [[0.05999999999994, 0.23999999999976, 0.21999999999977998, 0.47999999999952], [0.02999999999997, 0.08999999999991, 0.71999999999928, 0.15999999999984], [0.06999999999993, 0.44999999999955, 0.26999999999973, 0.20999999999979], [0.15999999999984, 0.11999999999988, 0.44999999999955, 0.26999999999973]], "ideal": "B", "sampled": "D", "correct": false}}
{"type": "result", "data": {"idx": 42, "options": ["2", "4", "5", "6"], "observed": [[0.04999999999995, 0.16999999999983, 0.32999999999967, 0.44999999999955], [0.07999999999992, 0.20999999999979, 0.70999999999929, 0.0], [0.02999999999997, 0.38999999999961, 0.04999999999995, 0.52999999999947], [0.11999999999988, 0.0, 0.5999999999994, 0.27999999999972]], "ideal": "A", "sampled": "D", "correct": false}}
{"type": "result", "data": {"idx": 43, "options": ["open loop control system.", "closed loop control system.", "either A or B.", "none of the above."], "observed": [[0.0, 0.98999999999901, 0.00999999999999, 0.0], [0.80999999999919, 0.11999999999988, 0.0, 0.06999999999993], [0.0, 0.0, 0.0, 0.999999999999], [0.0, 0.0, 0.98999999999901, 0.00999999999999]], "ideal": "B", "sampled": "B", "correct": true}}
{"type": "result", "data": {"idx": 44, "options": ["it can have a number of values between the negative and positive peaks", "it is negative for one half cycle", "it is positive for one half cycle", "it has positive as well as negative values"], "observed": [[0.36999999999963, 0.0, 0.0, 0.62999999999937], [0.0, 0.0, 0.71999999999928, 0.27999999999972], [0.0, 0.00999999999999, 0.98999999999901, 0.0], [0.0, 0.999999999999, 0.0, 0.0]], "ideal": "A", "sampled": "A", "correct": true}}
{"type": "result", "data": {"idx": 45, "options": ["frequent modulation.", "frequency modulation.", "frequency moderator.", "frequent moderator."], "observed": [[0.0, 0.999999999999, 0.0, 0.0], [0.999999999999, 0.0, 0.0, 0.0], [0.0, 0.0, 0.0, 0.999999999999], [0.0, 0.0, 0.999999999999, 0.0]], "ideal": "B", "sampled": "B", "correct": true}}
{"type": "result", "data": {"idx": 46, "options": ["FIFO memory", "Flash memory", "LIFO memory", "LILO memory"], "observed": [[0.02999999999997, 0.0, 0.96999999999903, 0.0], [0.0, 0.8199999999991799, 0.0, 0.17999999999982], [0.93999999999906, 0.0, 0.05999999999994, 0.0], [0.0, 0.0, 0.0, 0.999999999999]], "ideal": "C", "sampled": "C", "correct": true}}
{"type": "result", "data": {"idx": 47, "options": ["Field resistance.", "Armature resistance.", "Residual magnetism of the generator.", "None of above."], "observed": [[0.18999999999981, 0.17999999999982, 0.54999999999945, 0.07999999999992], [0.08999999999991, 0.3999999999996, 0.12999999999987, 0.37999999999962], [0.48999999999951, 0.03999999999996, 0.36999999999963, 0.0999999999999], [0.04999999999995, 0.20999999999979, 0.40999999999958997, 0.32999999999967]], "ideal": "C", "sampled": "C", "correct": true}}
{"type": "result", "data": {"idx": 49, "options": ["1500 A.", "6000 A.", "2121.32 A.", "4242.64 A."], "observed": [[0.0, 0.91999999999908, 0.04999999999995, 0.02999999999997], [0.30999999999968997, 0.13999999999986, 0.54999999999945, 0.0], [0.00999999999999, 0.70999999999929, 0.0, 0.27999999999972], [0.20999999999979, 0.0, 0.5999999999994, 0.18999999999981]], "ideal": "C", "sampled": "B", "correct": false}}
{"type": "result", "data": {"idx": 50, "options": ["Buffers", "Decoders", "Accumulators", "Registers"], "observed": [[0.0, 0.0, 0.0, 0.999999999999], [0.0, 0.0, 0.999999999999, 0.0], [0.0, 0.999999999999, 0.0, 0.0], [0.97999999999902, 0.0, 0.0, 0.01999999999998]], "ideal": "C", "sampled": "D", "correct": false}}
{"type": "result", "data": {"idx": 51, "options": ["environmental errors.", "observational errors.", "instrument errors.", "all of the above."], "observed": [[0.0, 0.0, 0.00999999999999, 0.98999999999901], [0.0, 0.0999999999999, 0.8999999999991, 0.0], [0.0, 0.93999999999906, 0.05999999999994, 0.0], [0.9499999999990499, 0.01999999999998, 0.0, 0.02999999999997]], "ideal": "D", "sampled": "D", "correct": true}}
{"type": "result", "data": {"idx": 52, "options": ["Inaccurate.", "Unreliable.", "both A and B.", "none of the above."], "observed": [[0.0, 0.0, 0.999999999999, 0.0], [0.0, 0.42999999999957, 0.0, 0.56999999999943], [0.90999999999909, 0.0, 0.08999999999991, 0.0], [0.0, 0.04999999999995, 0.0, 0.9499999999990499]], "ideal": "C", "sampled": "C", "correct": true}}
{"type": "result", "data": {"idx": 53, "options": ["On Switch", "Zener diode", "Capacitor", "Off Switch"], "observed": [[0.0, 0.0, 0.0, 0.999999999999], [0.0, 0.0, 0.999999999999, 0.0], [0.0, 0.999999999999, 0.0, 0.0], [0.999999999999, 0.0, 0.0, 0.0]], "ideal": "D", "sampled": "D", "correct": true}}
{"type": "result", "data": {"idx": 54, "options": ["composite filter.", "crystal filter.", "m derived.", "constant k prototype."], "observed": [[0.0, 0.999999999999, 0.0, 0.0], [0.9499999999990499, 0.0, 0.0, 0.04999999999995], [0.0, 0.0, 0.0, 0.999999999999], [0.0, 0.0, 0.999999999999, 0.0]], "ideal": "B", "sampled": "B", "correct": true}}
{"type": "result", "data": {"idx": 56, "options": ["resolution.", "accuracy.", "precision.", "sensitivity."], "observed": [[0.43999999999955997, 0.0, 0.0, 0.55999999999944], [0.0, 0.0, 0.0, 0.999999999999], [0.0, 0.0, 0.999999999999, 0.0], [0.0, 0.999999999999, 0.0, 0.0]], "ideal": "A", "sampled": "A", "correct": true}}
{"type": "result", "data": {"idx": 58, "options": ["Open loop control system", "Closed loop control system", "Either A or B", "Nether A nor B"], "observed": [[0.0, 0.97999999999902, 0.01999999999998, 0.0], [0.84999999999915, 0.14999999999985, 0.0, 0.0], [0.0, 0.0, 0.0, 0.999999999999], [0.0, 0.01999999999998, 0.97999999999902, 0.0]], "ideal": "B", "sampled": "B", "correct": true}}
{"type": "result", "data": {"idx": 59, "options": ["PLD", "PROM", "PAL", "PLA"], "observed": [[0.0, 0.0, 0.18999999999981, 0.80999999999919], [0.0, 0.03999999999996, 0.95999999999904, 0.0], [0.02999999999997, 0.96999999999903, 0.0, 0.0], [0.16999999999983, 0.0, 0.0, 0.82999999999917]], "ideal": "B", "sampled": "D", "correct": false}}
{"type": "result", "data": {"idx": 63, "options": ["Carbon.", "Sulphur.", "Oxygen.", "Nitrogen."], "observed": [[0.00999999999999, 0.03999999999996, 0.91999999999908, 0.02999999999997], [0.0, 0.64999999999935, 0.11999999999988, 0.22999999999977], [0.2999999999997, 0.00999999999999, 0.58999999999941, 0.0999999999999], [0.0, 0.05999999999994, 0.0, 0.93999999999906]], "ideal": "A", "sampled": "C", "correct": false}}
{"type": "result", "data": {"idx": 64, "options": ["Pulse Modulators Frequency Modulators Phase Clocked loops", "Frequency Modulators", "Phase Clocked loops", "All the above"], "observed": [[0.0, 0.0, 0.0, 0.999999999999], [0.0, 0.0, 0.999999999999, 0.0], [0.0, 0.95999999999904, 0.03999999999996, 0.0], [0.98999999999901, 0.00999999999999, 0.0, 0.0]], "ideal": "D", "sampled": "D", "correct": true}}
{"type": "result", "data": {"idx": 65, "options": ["With normal frequeny supply the electromagnetic forces causes severe stirring action in the molten metal.", "Magnetic coupling between the primary and secondary circuit is poor.", "Both A and B.", "None of the above."], "observed": [[0.57999999999942, 0.0, 0.41999999999958, 0.0], [0.08999999999991, 0.36999999999963, 0.02999999999997, 0.50999999999949], [0.1999999999998, 0.05999999999994, 0.73999999999926, 0.0], [0.0, 0.50999999999949, 0.00999999999999, 0.47999999999952]], "ideal": "C", "sampled": "A", "correct": false}}
{"type": "result", "data": {"idx": 66, "options": ["the aluminium frame of the coil.", "the coil spring attached to the moving.", "eddy current disk.", "damping vane in the airtight chamber."], "observed": [[0.0, 0.0, 0.02999999999997, 0.96999999999903], [0.0, 0.0, 0.999999999999, 0.0], [0.0, 0.999999999999, 0.0, 0.0], [0.8799999999991199, 0.0, 0.0, 0.11999999999988]], "ideal": "A", "sampled": "D", "correct": false}}
{"type": "result", "data": {"idx": 67, "options": ["Resistance.", "Inductance.", "Capacitance.", "All of the above."], "observed": [[0.1999999999998, 0.28999999999971, 0.36999999999963, 0.13999999999986], [0.1999999999998, 0.41999999999958, 0.07999999999992, 0.2999999999997], [0.15999999999984, 0.04999999999995, 0.37999999999962, 0.40999999999958997], [0.07999999999992, 0.26999999999973, 0.18999999999981, 0.45999999999954]], "ideal": "B", "sampled": "C", "correct": false}}
{"type": "result", "data": {"idx": 69, "options": ["CB and fuse.", "Heat sink.", "Snubber circuit.", "Voltage clamping device."], "observed": [[0.90999999999909, 0.0, 0.08999999999991, 0.0], [0.0, 0.03999999999996, 0.0, 0.95999999999904], [0.01999999999998, 0.0, 0.97999999999902, 0.0], [0.0, 0.6899999999993099, 0.0, 0.30999999999968997]], "ideal": "A", "sampled": "A", "correct": true}}
{"type": "result", "data": {"idx": 70, "options": ["gross error.", "instrumental error.", "observational error.", "systematic error."], "observed": [[0.63999999999936, 0.0, 0.35999999999964, 0.0], [0.0, 0.05999999999994, 0.0, 0.93999999999906], [0.01999999999998, 0.0, 0.97999999999902, 0.0], [0.0, 0.999999999999, 0.0, 0.0]], "ideal": "A", "sampled": "A", "correct": true}}
{"type": "result", "data": {"idx": 71, "options": ["resistance.", "conductance.", "inductance.", "capacitance."], "observed": [[0.15999999999984, 0.20999999999979, 0.56999999999943, 0.05999999999994], [0.0, 0.36999999999963, 0.05999999999994, 0.56999999999943], [0.04999999999995, 0.01999999999998, 0.8999999999991, 0.02999999999997], [0.02999999999997, 0.7499999999992499, 0.11999999999988, 0.0999999999999]], "ideal": "B", "sampled": "A", "correct": false}}
{"type": "result", "data": {"idx": 72, "options": ["LED", "Fluorescent", "Incandescent", "High pressure sodium vapour"], "observed": [[0.93999999999906, 0.0, 0.05999999999994, 0.0], [0.0, 0.15999999999984, 0.0, 0.83999999999916], [0.9499999999990499, 0.0, 0.04999999999995, 0.0], [0.0, 0.13999999999986, 0.02999999999997, 0.82999999999917]], "ideal": "C", "sampled": "C", "correct": true}}
{"type": "result", "data": {"idx": 74, "options": ["Core less furnace.", "Indirect arc furnace.", "Either of above.", "Nither of above."], "observed": [[0.08999999999991, 0.10999999999988999, 0.71999999999928, 0.07999999999992], [0.07999999999992, 0.63999999999936, 0.13999999999986, 0.13999999999986], [0.36999999999963, 0.38999999999961, 0.16999999999983, 0.06999999999993], [0.03999999999996, 0.03999999999996, 0.05999999999994, 0.85999999999914]], "ideal": "B", "sampled": "C", "correct": false}}
{"type": "result", "data": {"idx": 75, "options": ["higher electrical conductivities.", "higher thermal conductivities.", "sufficient strength to sustain high pressure at elevated temperatures.", "all of above."], "observed": [[0.0, 0.0, 0.0, 0.999999999999], [0.0, 0.00999999999999, 0.98999999999901, 0.0], [0.00999999999999, 0.98999999999901, 0.0, 0.0], [0.999999999999, 0.0, 0.0, 0.0]], "ideal": "D", "sampled": "D", "correct": true}}
{"type": "result", "data": {"idx": 77, "options": ["heating occurs in the material itself.", "heating occurs due to high frequency.", "it can be used for drying the explosives.", "None of the above."], "observed": [[0.98999999999901, 0.00999999999999, 0.0, 0.0], [0.0, 0.0, 0.0, 0.999999999999], [0.0, 0.0, 0.999999999999, 0.0], [0.0, 0.97999999999902, 0.01999999999998, 0.0]], "ideal": "A", "sampled": "A", "correct": true}}
{"type": "result", "data": {"idx": 78, "options": ["high thermal conductivity.", "large surface area.", "high melting point.", "All of these."], "observed": [[0.0, 0.0, 0.0, 0.999999999999], [0.0, 0.0, 0.999999999999, 0.0], [0.0, 0.999999999999, 0.0, 0.0], [0.999999999999, 0.0, 0.0, 0.0]], "ideal": "D", "sampled": "D", "correct": true}}
{"type": "result", "data": {"idx": 79, "options": ["virtually induced emf.", "dynamically induced emf.", "static induced emf.", "none of these"], "observed": [[0.0, 0.999999999999, 0.0, 0.0], [0.96999999999903, 0.02999999999997, 0.0, 0.0], [0.0, 0.0, 0.0, 0.999999999999], [0.0, 0.0, 0.999999999999, 0.0]], "ideal": "C", "sampled": "B", "correct": false}}
{"type": "result", "data": {"idx": 80, "options": ["500 MVA", "400 MVA", "125 MVA", "100 MVA"], "observed": [[0.12999999999987, 0.54999999999945, 0.13999999999986, 0.17999999999982], [0.2999999999997, 0.13999999999986, 0.15999999999984, 0.3999999999996], [0.10999999999988999, 0.11999999999988, 0.21999999999977998, 0.54999999999945], [0.00999999999999, 0.21999999999977998, 0.6899999999993099, 0.07999999999992]], "ideal": "A", "sampled": "B", "correct": false}}
{"type": "result", "data": {"idx": 81, "options": ["moving faster or slower in an allowed orbit.", "jumping from one allowed orbit to another.", "being completely removed from an atom.", "jumping from one atom to another atom."], "observed": [[0.0, 0.999999999999, 0.0, 0.0], [0.999999999999, 0.0, 0.0, 0.0], [0.0, 0.0, 0.0, 0.999999999999], [0.0, 0.0, 0.999999999999, 0.0]], "ideal": "B", "sampled": "B", "correct": true}}
{"type": "result", "data": {"idx": 82, "options": ["1, 0, float", "High, Low, Float", "Both A and B", "Set, Reset, Halt"], "observed": [[0.47999999999952, 0.12999999999987, 0.38999999999961, 0.0], [0.18999999999981, 0.35999999999964, 0.0, 0.44999999999955], [0.0, 0.0, 0.88999999999911, 0.10999999999988999], [0.0, 0.11999999999988, 0.52999999999947, 0.34999999999965]], "ideal": "C", "sampled": "A", "correct": false}}
{"type": "result", "data": {"idx": 83, "options": ["mass element", "spring element", "dash-pot", "all of the above"], "observed": [[0.0, 0.0, 0.0, 0.999999999999], [0.0, 0.0, 0.91999999999908, 0.07999999999992], [0.0, 0.999999999999, 0.0, 0.0], [0.96999999999903, 0.02999999999997, 0.0, 0.0]], "ideal": "D", "sampled": "D", "correct": true}}
{"type": "result", "data": {"idx": 84, "options": ["160 \u00b5F", "10 \u00b5F", "40 \u00b5F", "5 \u00b5F"], "observed": [[0.999999999999, 0.0, 0.0, 0.0], [0.0, 0.00999999999999, 0.0, 0.98999999999901], [0.0, 0.0, 0.999999999999, 0.0], [0.0, 0.999999999999, 0.0, 0.0]], "ideal": "A", "sampled": "A", "correct": true}}
{"type": "result", "data": {"idx": 88, "options": ["low", "zero", "high", "unity"], "observed": [[0.0, 0.0, 0.999999999999, 0.0], [0.0, 0.999999999999, 0.0, 0.0], [0.999999999999, 0.0, 0.0, 0.0], [0.0, 0.0, 0.0, 0.999999999999]], "ideal": "C", "sampled": "C", "correct": true}}
{"type": "result", "data": {"idx": 89, "options": ["least time consuming.", "most simple.", "most simple and least time consuming.", "most accurate."], "observed": [[0.05999999999994, 0.11999999999988, 0.62999999999937, 0.18999999999981], [0.08999999999991, 0.46999999999953, 0.33999999999966, 0.0999999999999], [0.40999999999958997, 0.31999999999968, 0.20999999999979, 0.05999999999994], [0.13999999999986, 0.02999999999997, 0.40999999999958997, 0.41999999999958]], "ideal": "C", "sampled": "C", "correct": true}}
{"type": "result", "data": {"idx": 90, "options": ["high inertia.", "higher response time.", "large time constant.", "all of the above."], "observed": [[0.0, 0.0, 0.0, 0.999999999999], [0.0, 0.0, 0.98999999999901, 0.00999999999999], [0.0, 0.999999999999, 0.0, 0.0], [0.98999999999901, 0.0, 0.00999999999999, 0.0]], "ideal": "D", "sampled": "D", "correct": true}}
{"type": "result", "data": {"idx": 91, "options": ["Power transfer capability of the transmission line is increased", "Transmission line losses are reduced", "Area of cross section and volume of the conductor is reduced", "all of the above"], "observed": [[0.0, 0.0, 0.0, 0.999999999999], [0.0, 0.0, 0.999999999999, 0.0], [0.0, 0.999999999999, 0.0, 0.0], [0.999999999999, 0.0, 0.0, 0.0]], "ideal": "D", "sampled": "D", "correct": true}}
{"type": "result", "data": {"idx": 92, "options": ["high.", "low.", "moderate.", "infinity."], "observed": [[0.23999999999976, 0.75999999999924, 0.0, 0.0], [0.26999999999973, 0.01999999999998, 0.11999999999988, 0.58999999999941], [0.0, 0.1999999999998, 0.04999999999995, 0.7499999999992499], [0.06999999999993, 0.47999999999952, 0.44999999999955, 0.0]], "ideal": "B", "sampled": "B", "correct": true}}
{"type": "result", "data": {"idx": 94, "options": ["6", "4", "2", "1"], "observed": [[0.15999999999984, 0.21999999999977998, 0.51999999999948, 0.0999999999999], [0.18999999999981, 0.42999999999957, 0.16999999999983, 0.20999999999979], [0.16999999999983, 0.17999999999982, 0.3999999999996, 0.24999999999975], [0.05999999999994, 0.27999999999972, 0.27999999999972, 0.37999999999962]], "ideal": "C", "sampled": "C", "correct": true}}
{"type": "result", "data": {"idx": 95, "options": ["Regulator of a fan", "Microphone", "Resistance of a material", "Light switch"], "observed": [[0.0, 0.0, 0.0, 0.999999999999], [0.0, 0.00999999999999, 0.8799999999991199, 0.10999999999988999], [0.0, 0.4999999999995, 0.00999999999999, 0.48999999999951], [0.4999999999995, 0.23999999999976, 0.24999999999975, 0.00999999999999]], "ideal": "D", "sampled": "D", "correct": true}}
{"type": "result", "data": {"idx": 96, "options": ["product of the instantaneous current and rate of change of current.", "square of instantaneous current.", "square of the rate of change of current.", "temperature of the inductor."], "observed": [[0.9499999999990499, 0.0, 0.04999999999995, 0.0], [0.0999999999999, 0.67999999999932, 0.0, 0.21999999999977998], [0.26999999999973, 0.0, 0.22999999999977, 0.4999999999995], [0.0, 0.82999999999917, 0.08999999999991, 0.07999999999992]], "ideal": "A", "sampled": "A", "correct": true}}
{"type": "result", "data": {"idx": 98, "options": ["5 \u00b5F", "25 \u00b5F", "10 \u00b5F", "1 \u00b5F"], "observed": [[0.0, 0.0, 0.0, 0.999999999999], [0.0, 0.0, 0.999999999999, 0.0], [0.0, 0.999999999999, 0.0, 0.0], [0.98999999999901, 0.0, 0.0, 0.00999999999999]], "ideal": "D", "sampled": "D", "correct": true}}
{"type": "result", "data": {"idx": 100, "options": ["produces sinusoidal oscillations", "generates non sinusoidal waveforms", "generates sustained oscillations at a constant amplitude and specific frequency", "none of the above"], "observed": [[0.0, 0.0, 0.999999999999, 0.0], [0.0, 0.41999999999958, 0.0, 0.57999999999942], [0.999999999999, 0.0, 0.0, 0.0], [0.0, 0.0, 0.0, 0.999999999999]], "ideal": "C", "sampled": "C", "correct": true}}
{"type": "result", "data": {"idx": 102, "options": ["23 mA.", "40 mA.", "10 mA.", "60 mA."], "observed": [[0.06999999999993, 0.01999999999998, 0.90999999999909, 0.0], [0.04999999999995, 0.93999999999906, 0.00999999999999, 0.0], [0.8999999999991, 0.00999999999999, 0.03999999999996, 0.04999999999995], [0.05999999999994, 0.02999999999997, 0.05999999999994, 0.84999999999915]], "ideal": "C", "sampled": "C", "correct": true}}
{"type": "result", "data": {"idx": 103, "options": ["voltage.", "inductance.", "capacitance.", "flux."], "observed": [[0.2999999999997, 0.21999999999977998, 0.45999999999954, 0.01999999999998], [0.06999999999993, 0.4999999999995, 0.05999999999994, 0.36999999999963], [0.08999999999991, 0.07999999999992, 0.67999999999932, 0.14999999999985], [0.00999999999999, 0.52999999999947, 0.16999999999983, 0.28999999999971]], "ideal": "D", "sampled": "A", "correct": false}}
{"type": "result", "data": {"idx": 105, "options": ["LC circuit.", "RC circuit.", "RLC circuit.", "RL Circuit."], "observed": [[0.31999999999968, 0.26999999999973, 0.36999999999963, 0.03999999999996], [0.17999999999982, 0.05999999999994, 0.18999999999981, 0.56999999999943], [0.04999999999995, 0.13999999999986, 0.52999999999947, 0.27999999999972], [0.04999999999995, 0.4999999999995, 0.33999999999966, 0.10999999999988999]], "ideal": "D", "sampled": "A", "correct": false}}
{"type": "result", "data": {"idx": 106, "options": ["Less than 1", "0.", "1.", "none of these."], "observed": [[0.08999999999991, 0.0, 0.66999999999933, 0.23999999999976], [0.0, 0.9499999999990499, 0.04999999999995, 0.0], [0.8199999999991799, 0.17999999999982, 0.0, 0.0], [0.01999999999998, 0.0, 0.0, 0.97999999999902]], "ideal": "C", "sampled": "C", "correct": true}}
{"type": "result", "data": {"idx": 107, "options": ["Digital quantity", "Analog quantity", "Either Digital or Analog quantity", "nan"], "observed": [[0.0, 0.70999999999929, 0.28999999999971, 0.0], [0.53999999999946, 0.45999999999954, 0.0, 0.0], [0.0, 0.0, 0.0, 0.999999999999], [0.0, 0.0, 0.93999999999906, 0.05999999999994]], "ideal": "B", "sampled": "B", "correct": true}}
{"type": "result", "data": {"idx": 108, "options": ["30", "140.", "150.", "200."], "observed": [[0.17999999999982, 0.14999999999985, 0.4999999999995, 0.16999999999983], [0.15999999999984, 0.17999999999982, 0.58999999999941, 0.06999999999993], [0.26999999999973, 0.28999999999971, 0.21999999999977998, 0.21999999999977998], [0.15999999999984, 0.06999999999993, 0.43999999999955997, 0.32999999999967]], "ideal": "C", "sampled": "C", "correct": true}}
{"type": "result", "data": {"idx": 109, "options": ["high and high", "high and low", "low and low", "low and high"], "observed": [[0.03999999999996, 0.44999999999955, 0.02999999999997, 0.47999999999952], [0.06999999999993, 0.00999999999999, 0.91999999999908, 0.0], [0.0, 0.6199999999993799, 0.0, 0.37999999999962], [0.17999999999982, 0.0, 0.77999999999922, 0.03999999999996]], "ideal": "B", "sampled": "D", "correct": false}}
{"type": "result", "data": {"idx": 110, "options": ["reluctance of conductor.", "resistance of conductor.", "(A) and (B) both in the same way.", "none of above."], "observed": [[0.02999999999997, 0.56999999999943, 0.22999999999977, 0.16999999999983], [0.73999999999926, 0.24999999999975, 0.00999999999999, 0.0], [0.0999999999999, 0.01999999999998, 0.10999999999988999, 0.76999999999923], [0.01999999999998, 0.15999999999984, 0.57999999999942, 0.23999999999976]], "ideal": "C", "sampled": "B", "correct": false}}
{"type": "result", "data": {"idx": 111, "options": ["Snubber circuit.", "Fuse.", "Equalizing circuit.", "Circuit breaker."], "observed": [[0.999999999999, 0.0, 0.0, 0.0], [0.0, 0.0, 0.0, 0.999999999999], [0.0, 0.0, 0.999999999999, 0.0], [0.0, 0.999999999999, 0.0, 0.0]], "ideal": "A", "sampled": "A", "correct": true}}
{"type": "result", "data": {"idx": 113, "options": ["386 kbps - 2 mbps.", "2 mbps.", "2 mbps \u2013 1 gbps.", "100 mbps - 1 gbps."], "observed": [[0.0, 0.0, 0.6899999999993099, 0.30999999999968997], [0.0, 0.02999999999997, 0.96999999999903, 0.0], [0.63999999999936, 0.35999999999964, 0.0, 0.0], [0.14999999999985, 0.0, 0.0, 0.84999999999915]], "ideal": "D", "sampled": "C", "correct": false}}
{"type": "result", "data": {"idx": 114, "options": ["Voltage source", "Current source", "Both", "None of these."], "observed": [[0.0, 0.0, 0.999999999999, 0.0], [0.0, 0.999999999999, 0.0, 0.0], [0.999999999999, 0.0, 0.0, 0.0], [0.0, 0.0, 0.0, 0.999999999999]], "ideal": "C", "sampled": "C", "correct": true}}
{"type": "result", "data": {"idx": 116, "options": ["only series resonant frequency.", "only parallel resonant frequency.", "both series and parallel frequencies.", "neither series nor parallel frequency."], "observed": [[0.0, 0.06999999999993, 0.92999999999907, 0.0], [0.04999999999995, 0.73999999999926, 0.0, 0.20999999999979], [0.0, 0.0, 0.02999999999997, 0.96999999999903], [0.0, 0.0, 0.05999999999994, 0.93999999999906]], "ideal": "C", "sampled": "C", "correct": true}}
{"type": "result", "data": {"idx": 117, "options": ["LC oscillators", "RC oscillators", "Both LC and RC Oscillators", "nan"], "observed": [[0.10999999999988999, 0.06999999999993, 0.8199999999991799, 0.0], [0.03999999999996, 0.35999999999964, 0.0, 0.5999999999994], [0.51999999999948, 0.01999999999998, 0.42999999999957, 0.02999999999997], [0.0, 0.01999999999998, 0.01999999999998, 0.95999999999904]], "ideal": "B", "sampled": "C", "correct": false}}
{"type": "result", "data": {"idx": 118, "options": ["3 / 2.", "1 / 3.", "2 / 3.", "2 / 5."], "observed": [[0.15999999999984, 0.2999999999997, 0.4999999999995, 0.03999999999996], [0.1999999999998, 0.44999999999955, 0.31999999999968, 0.02999999999997], [0.35999999999964, 0.27999999999972, 0.0999999999999, 0.25999999999974], [0.13999999999986, 0.24999999999975, 0.2999999999997, 0.30999999999968997]], "ideal": "C", "sampled": "C", "correct": true}}
{"type": "result", "data": {"idx": 119, "options": ["ratio of absolute error and true value.", "absolute error.", "true error.", "none of the above."], "observed": [[0.96999999999903, 0.0, 0.0, 0.02999999999997], [0.0, 0.0, 0.15999999999984, 0.83999999999916], [0.0, 0.0, 0.999999999999, 0.0], [0.0, 0.999999999999, 0.0, 0.0]], "ideal": "A", "sampled": "A", "correct": true}}
{"type": "result", "data": {"idx": 120, "options": ["0.01 A.", "0.002 A.", "0.009 A.", "0.004 A."], "observed": [[0.08999999999991, 0.45999999999954, 0.33999999999966, 0.10999999999988999], [0.23999999999976, 0.02999999999997, 0.35999999999964, 0.36999999999963], [0.08999999999991, 0.22999999999977, 0.40999999999958997, 0.26999999999973], [0.10999999999988999, 0.16999999999983, 0.58999999999941, 0.12999999999987]], "ideal": "D", "sampled": "B", "correct": false}}
{"type": "result", "data": {"idx": 121, "options": ["An op-code fetch cycle", "A memory read cycle", "A memory write cycle", "An I/O read cycle"], "observed": [[0.999999999999, 0.0, 0.0, 0.0], [0.0, 0.0, 0.0, 0.999999999999], [0.0, 0.0, 0.999999999999, 0.0], [0.0, 0.999999999999, 0.0, 0.0]], "ideal": "A", "sampled": "A", "correct": true}}
{"type": "result", "data": {"idx": 122, "options": ["Reduces the overall gain.", "Complex and costly.", "Oscillatory response.", "All of the above."], "observed": [[0.0, 0.0, 0.0, 0.999999999999], [0.0, 0.0, 0.999999999999, 0.0], [0.0, 0.999999999999, 0.0, 0.0], [0.999999999999, 0.0, 0.0, 0.0]], "ideal": "D", "sampled": "D", "correct": true}}
{"type": "result", "data": {"idx": 124, "options": ["sinusoidally.", "non linearly.", "linearly.", "parabolically."], "observed": [[0.0, 0.999999999999, 0.0, 0.0], [0.999999999999, 0.0, 0.0, 0.0], [0.0, 0.0, 0.0, 0.999999999999], [0.0, 0.0, 0.999999999999, 0.0]], "ideal": "B", "sampled": "B", "correct": true}}
{"type": "result", "data": {"idx": 126, "options": ["40\u03c0 coulombs.", "80\u03c0 coulombs.", "10\u03c0 coulombs.", "none of these."], "observed": [[0.35999999999964, 0.27999999999972, 0.35999999999964, 0.0], [0.33999999999966, 0.35999999999964, 0.0999999999999, 0.1999999999998], [0.22999999999977, 0.07999999999992, 0.63999999999936, 0.04999999999995], [0.08999999999991, 0.36999999999963, 0.44999999999955, 0.08999999999991]], "ideal": "B", "sampled": "A", "correct": false}}
{"type": "result", "data": {"idx": 128, "options": ["0.", "0.5.", "1.", "none of above."], "observed": [[0.04999999999995, 0.13999999999986, 0.13999999999986, 0.66999999999933], [0.03999999999996, 0.07999999999992, 0.58999999999941, 0.28999999999971], [0.03999999999996, 0.33999999999966, 0.37999999999962, 0.23999999999976], [0.07999999999992, 0.1999999999998, 0.48999999999951, 0.22999999999977]], "ideal": "B", "sampled": "D", "correct": false}}
{"type": "result", "data": {"idx": 129, "options": ["3.33 %.", "2.66 %.", "2 %.", "1 %."], "observed": [[0.11999999999988, 0.84999999999915, 0.02999999999997, 0.0], [0.36999999999963, 0.05999999999994, 0.00999999999999, 0.55999999999944], [0.0, 0.01999999999998, 0.82999999999917, 0.14999999999985], [0.0, 0.73999999999926, 0.1999999999998, 0.05999999999994]], "ideal": "B", "sampled": "A", "correct": false}}
{"type": "result", "data": {"idx": 131, "options": ["MROM", "PROM", "EPROM", "EEPROM"], "observed": [[0.54999999999945, 0.44999999999955, 0.0, 0.0], [0.0, 0.0, 0.0, 0.999999999999], [0.0, 0.0, 0.97999999999902, 0.01999999999998], [0.0, 0.999999999999, 0.0, 0.0]], "ideal": "A", "sampled": "A", "correct": true}}
{"type": "result", "data": {"idx": 132, "options": ["stack pointer.", "program counter.", "both A and B.", "none of these."], "observed": [[0.0, 0.0, 0.03999999999996, 0.95999999999904], [0.0, 0.01999999999998, 0.97999999999902, 0.0], [0.0, 0.999999999999, 0.0, 0.0], [0.83999999999916, 0.0, 0.0, 0.15999999999984]], "ideal": "C", "sampled": "D", "correct": false}}
{"type": "result", "data": {"idx": 135, "options": ["Column number on periodic table.", "Atomic mass.", "Row number on periodic table.", "Atomic number."], "observed": [[0.01999999999998, 0.0, 0.00999999999999, 0.96999999999903], [0.0, 0.0, 0.999999999999, 0.0], [0.33999999999966, 0.65999999999934, 0.0, 0.0], [0.75999999999924, 0.21999999999977998, 0.0, 0.01999999999998]], "ideal": "C", "sampled": "D", "correct": false}}
{"type": "result", "data": {"idx": 137, "options": ["27.", "40.", "21.", "19."], "observed": [[0.1999999999998, 0.05999999999994, 0.40999999999958997, 0.32999999999967], [0.02999999999997, 0.22999999999977, 0.65999999999934, 0.07999999999992], [0.17999999999982, 0.6999999999993, 0.11999999999988, 0.0], [0.23999999999976, 0.18999999999981, 0.14999999999985, 0.41999999999958]], "ideal": "A", "sampled": "D", "correct": false}}
{"type": "result", "data": {"idx": 138, "options": ["P", "3P", "P/3", "None of the above"], "observed": [[0.03999999999996, 0.73999999999926, 0.21999999999977998, 0.0], [0.52999999999947, 0.31999999999968, 0.10999999999988999, 0.03999999999996], [0.30999999999968997, 0.13999999999986, 0.02999999999997, 0.51999999999948], [0.03999999999996, 0.04999999999995, 0.83999999999916, 0.06999999999993]], "ideal": "A", "sampled": "B", "correct": false}}
{"type": "result", "data": {"idx": 139, "options": ["Crystal oscillator.", "Hartley oscillator.", "Wien bridge oscillator.", "Relaxation oscillator."], "observed": [[0.00999999999999, 0.0, 0.02999999999997, 0.95999999999904], [0.02999999999997, 0.01999999999998, 0.9499999999990499, 0.0], [0.04999999999995, 0.7999999999992, 0.14999999999985, 0.0], [0.98999999999901, 0.00999999999999, 0.0, 0.0]], "ideal": "D", "sampled": "D", "correct": true}}
{"type": "result", "data": {"idx": 140, "options": ["DC only", "AC only", "Either AC or DC", "An Impulse"], "observed": [[0.0, 0.0, 0.999999999999, 0.0], [0.0, 0.999999999999, 0.0, 0.0], [0.95999999999904, 0.0, 0.0, 0.03999999999996], [0.0, 0.0, 0.0, 0.999999999999]], "ideal": "C", "sampled": "C", "correct": true}}
