{"type": "result", "data": {"idx": 0, "options": ["It is hard not to verify in our peers the same weakened intelligence due to emotions that we observe in our everyday patients.", "The arrogance of our consciousness, which in general, belongs to the strongest defense mechanisms, blocks the unconscious complexes.", "Because of this, it is difficult to convince people of the unconscious, and in turn to teach them what their conscious knowledge contradicts.", "It is difficult to convince people of the unconscious, and in turn to teach them what their conscious knowledge contradicts."], "observed": [[0.0, 0.0, 0.06999999999993, 0.92999999999907], [0.0, 0.24999999999975, 0.7499999999992499, 0.0], [0.00999999999999, 0.97999999999902, 0.00999999999999, 0.0], [0.02999999999997, 0.0, 0.0, 0.96999999999903]], "ideal": "D", "sampled": "D", "correct": true}}
{"type": "result", "data": {"idx": 1, "options": ["Tdc", "Tcd", "Tcc", "dTc"], "observed": [[0.28999999999971, 0.64999999999935, 0.0, 0.05999999999994], [0.24999999999975, 0.0, 0.0, 0.7499999999992499], [0.0, 0.0, 0.0999999999999, 0.8999999999991], [0.02999999999997, 0.22999999999977, 0.73999999999926, 0.0]], "ideal": "A", "sampled": "B", "correct": false}}
{"type": "result", "data": {"idx": 2, "options": ["Some large houses are bigger than some apartments.", "Some houses are bigger than all large apartments.", "Some large apartments are bigger than some houses.", "Some houses are bigger thatn some large apartments."], "observed": [[0.14999999999985, 0.0, 0.75999999999924, 0.08999999999991], [0.02999999999997, 0.44999999999955, 0.51999999999948, 0.0], [0.6999999999993, 0.11999999999988, 0.17999999999982, 0.0], [0.60999999999939, 0.23999999999976, 0.04999999999995, 0.0999999999999]], "ideal": "C", "sampled": "C", "correct": true}}
{"type": "result", "data": {"idx": 3, "options": ["Valid", "Invalid. Counterexample when G and H are true", "Invalid. Counterexample when G is true and H is false", "Invalid. Counterexample when H is true and G is false"], "observed": [[0.04999999999995, 0.28999999999971, 0.54999999999945, 0.10999999999988999], [0.15999999999984, 0.40999999999958997, 0.42999999999957, 0.0], [0.40999999999958997, 0.44999999999955, 0.06999999999993, 0.06999999999993], [0.31999999999968, 0.07999999999992, 0.34999999999965, 0.24999999999975]], "ideal": "A", "sampled": "C", "correct": false}}
{"type": "result", "data": {"idx": 5, "options": ["Some houses are smaller than all apartments.", "Every house is bigger than every apartment.", "Some apartment is smaller than every house.", "Some houses are bigger than every apartment."], "observed": [[0.1999999999998, 0.06999999999993, 0.41999999999958, 0.30999999999968997], [0.00999999999999, 0.02999999999997, 0.95999999999904, 0.0], [0.01999999999998, 0.82999999999917, 0.14999999999985, 0.0], [0.999999999999, 0.0, 0.0, 0.0]], "ideal": "D", "sampled": "D", "correct": true}}
{"type": "result", "data": {"idx": 7, "options": ["The university increases financial aid.", "The university does not increase financial aid.", "The board of trustees prevents it.", "The president fails to approve it."], "observed": [[0.0, 0.999999999999, 0.0, 0.0], [0.46999999999953, 0.0, 0.0, 0.52999999999947], [0.0, 0.0, 0.0, 0.999999999999], [0.0, 0.0, 0.999999999999, 0.0]], "ideal": "B", "sampled": "B", "correct": true}}
{"type": "result", "data": {"idx": 8, "options": ["E \u2283 F", "F \u2283 G", "H \u2283 ~E", "~H"], "observed": [[0.04999999999995, 0.05999999999994, 0.1999999999998, 0.6899999999993099], [0.10999999999988999, 0.08999999999991, 0.71999999999928, 0.07999999999992], [0.08999999999991, 0.78999999999921, 0.0999999999999, 0.01999999999998], [0.75999999999924, 0.07999999999992, 0.05999999999994, 0.0999999999999]], "ideal": "D", "sampled": "D", "correct": true}}
{"type": "result", "data": {"idx": 9, "options": ["L", "~L", "L \u2022 ~L", "L \u2228 ~L"], "observed": [[0.0, 0.0, 0.0, 0.999999999999], [0.0, 0.0, 0.999999999999, 0.0], [0.0, 0.97999999999902, 0.01999999999998, 0.0], [0.999999999999, 0.0, 0.0, 0.0]], "ideal": "D", "sampled": "D", "correct": true}}
{"type": "result", "data": {"idx": 10, "options": ["(\u2200x)[Kx \u2283 (\u2200y)(Py \u2283 Lxy)]", "(\u2200x)[Kx \u2283 (\u2200y)(Lxy \u2283 Py)]", "(\u2200x)(\u2200y)[(Kx \u2022 Py) \u2283 Lyx]", "(\u2200x)[(Kx \u2022 (\u2200y)(Py)) \u2283 Lxy]"], "observed": [[0.63999999999936, 0.35999999999964, 0.0, 0.0], [0.64999999999935, 0.0, 0.0, 0.34999999999965], [0.0, 0.0, 0.93999999999906, 0.05999999999994], [0.0, 0.7499999999992499, 0.24999999999975, 0.0]], "ideal": "A", "sampled": "A", "correct": true}}
{"type": "result", "data": {"idx": 12, "options": ["E \u2283 F", "F \u2283 G", "G \u2283 E", "~~F"], "observed": [[0.31999999999968, 0.35999999999964, 0.14999999999985, 0.16999999999983], [0.43999999999955997, 0.14999999999985, 0.07999999999992, 0.32999999999967], [0.30999999999968997, 0.03999999999996, 0.41999999999958, 0.22999999999977], [0.01999999999998, 0.48999999999951, 0.37999999999962, 0.10999999999988999]], "ideal": "D", "sampled": "A", "correct": false}}
{"type": "result", "data": {"idx": 14, "options": ["Valid", "Invalid. Counterexample when H, I, and J are false", "Invalid. Counterexample when H and I are true and J is false", "Invalid. Counterexample when I is true and H and J are false"], "observed": [[0.10999999999988999, 0.30999999999968997, 0.52999999999947, 0.04999999999995], [0.34999999999965, 0.25999999999974, 0.32999999999967, 0.05999999999994], [0.30999999999968997, 0.15999999999984, 0.43999999999955997, 0.08999999999991], [0.3999999999996, 0.35999999999964, 0.16999999999983, 0.06999999999993]], "ideal": "D", "sampled": "C", "correct": false}}
{"type": "result", "data": {"idx": 15, "options": ["(\u2203x){Fx \u2022 (\u2200y)[Dy \u2283 (\u2203z)(Vz \u2022 Rxyz)]}", "(\u2203x){Fx \u2022 (\u2203y)[Vy \u2022 (\u2203z)(Dz \u2022 Rxyz)]}", "(\u2203x){Fx \u2022 (\u2203y)(\u2203z)[(Vy \u2022 Dz) \u2022 Rxzy]}", "(\u2200x){Fx \u2283 (\u2203y)[Vy . (\u2203z)(Dz \u2022 Rxyz)]}"], "observed": [[0.9499999999990499, 0.02999999999997, 0.01999999999998, 0.0], [0.999999999999, 0.0, 0.0, 0.0], [0.18999999999981, 0.0, 0.07999999999992, 0.72999999999927], [0.01999999999998, 0.00999999999999, 0.96999999999903, 0.0]], "ideal": "B", "sampled": "B", "correct": true}}
{"type": "result", "data": {"idx": 16, "options": ["The university raises tuition.", "The governor approves of it.", "The board of trustees recommends it.", "None of the above"], "observed": [[0.03999999999996, 0.60999999999939, 0.17999999999982, 0.16999999999983], [0.18999999999981, 0.05999999999994, 0.6199999999993799, 0.12999999999987], [0.01999999999998, 0.06999999999993, 0.27999999999972, 0.62999999999937], [0.04040404040399959, 0.4646464646459953, 0.34343434343399654, 0.15151515151499848]], "ideal": "D", "sampled": "B", "correct": false}}
{"type": "result", "data": {"idx": 18, "options": ["Iwkj", "Ijwk", "Iwjk", "Ijkw"], "observed": [[0.11999999999988, 0.5999999999994, 0.25999999999974, 0.01999999999998], [0.45999999999954, 0.0, 0.50999999999949, 0.02999999999997], [0.43999999999955997, 0.05999999999994, 0.31999999999968, 0.17999999999982], [0.11999999999988, 0.0, 0.8799999999991199, 0.0]], "ideal": "B", "sampled": "B", "correct": true}}
{"type": "result", "data": {"idx": 19, "options": ["~Pa", "(\u2200x)(Ax \u2283 ~Px)", "~Ap", "(\u2200x)(Ax \u2022 ~Px)"], "observed": [[0.0, 0.62999999999937, 0.33999999999966, 0.02999999999997], [0.65999999999934, 0.0, 0.33999999999966, 0.0], [0.01999999999998, 0.41999999999958, 0.31999999999968, 0.23999999999976], [0.11999999999988, 0.0, 0.8799999999991199, 0.0]], "ideal": "B", "sampled": "B", "correct": true}}
{"type": "result", "data": {"idx": 21, "options": ["Msim", "Mmis", "Mims", "Mmsi"], "observed": [[0.38999999999961, 0.03999999999996, 0.22999999999977, 0.33999999999966], [0.63999999999936, 0.06999999999993, 0.27999999999972, 0.00999999999999], [0.52999999999947, 0.07999999999992, 0.34999999999965, 0.03999999999996], [0.55999999999944, 0.16999999999983, 0.15999999999984, 0.10999999999988999]], "ideal": "D", "sampled": "D", "correct": true}}
{"type": "result", "data": {"idx": 22, "options": ["All apartments are not bigger than some large house.", "No apartment is bigger than any large house.", "All large houses are not bigger than some apartment.", "No large house is bigger than all apartments."], "observed": [[0.06999999999993, 0.76999999999923, 0.04999999999995, 0.10999999999988999], [0.76999999999923, 0.00999999999999, 0.21999999999977998, 0.0], [0.03999999999996, 0.76999999999923, 0.05999999999994, 0.12999999999987], [0.15999999999984, 0.0, 0.83999999999916, 0.0]], "ideal": "B", "sampled": "B", "correct": true}}
{"type": "result", "data": {"idx": 23, "options": ["Valid", "Invalid. Counterexample when J and K are true and L is false", "Invalid. Counterexample when J is true and K and L are false", "Invalid. Counterexample when K is true and J and L are false"], "observed": [[0.08999999999991, 0.37999999999962, 0.42999999999957, 0.0999999999999], [0.42999999999957, 0.3999999999996, 0.15999999999984, 0.00999999999999], [0.2999999999997, 0.25999999999974, 0.17999999999982, 0.25999999999974], [0.21999999999977998, 0.13999999999986, 0.52999999999947, 0.10999999999988999]], "ideal": "C", "sampled": "B", "correct": false}}
{"type": "result", "data": {"idx": 24, "options": ["(P \u2261 D) \u2261 G", "(D \u2022 G) \u2283 P", "P \u2283 (D \u2022 G)", "P \u2261 (D \u2022 G)"], "observed": [[0.14999999999985, 0.0, 0.0, 0.84999999999915], [0.0, 0.0, 0.999999999999, 0.0], [0.0, 0.92999999999907, 0.06999999999993, 0.0], [0.42999999999957, 0.24999999999975, 0.26999999999973, 0.04999999999995]], "ideal": "D", "sampled": "D", "correct": true}}
{"type": "result", "data": {"idx": 25, "options": ["Inconsistent", "Consistent. Consistent valuation when D, E, and F are true", "Consistent. Consistent valuation when D and E are true and F is false", "Consistent. Consistent valuation when D and F are true and E is false"], "observed": [[0.27999999999972, 0.28999999999971, 0.2999999999997, 0.12999999999987], [0.24999999999975, 0.36999999999963, 0.27999999999972, 0.0999999999999], [0.1999999999998, 0.16999999999983, 0.56999999999943, 0.05999999999994], [0.46999999999953, 0.21999999999977998, 0.17999999999982, 0.12999999999987]], "ideal": "A", "sampled": "A", "correct": true}}
{"type": "result", "data": {"idx": 26, "options": ["P \u2228 (C \u2228 I)", "(P \u2228 C) \u2228 I", "P \u2228 C \u2228 I", "Options A and B"], "observed": [[0.0, 0.0, 0.92999999999907, 0.06999999999993], [0.0, 0.66999999999933, 0.27999999999972, 0.04999999999995], [0.12999999999987, 0.12999999999987, 0.27999999999972, 0.45999999999954], [0.0, 0.00999999999999, 0.01999999999998, 0.96999999999903]], "ideal": "D", "sampled": "C", "correct": false}}
{"type": "result", "data": {"idx": 27, "options": ["B \u2283 W", "W \u2283 B", "B \u2261 W", "Both A and B"], "observed": [[0.82999999999917, 0.16999999999983, 0.0, 0.0], [0.64999999999935, 0.0, 0.0, 0.34999999999965], [0.0, 0.0, 0.50999999999949, 0.48999999999951], [0.0, 0.16999999999983, 0.82999999999917, 0.0]], "ideal": "A", "sampled": "B", "correct": false}}
{"type": "result", "data": {"idx": 28, "options": ["Lt \u2228 Le", "Lx \u2228 Ly", "tL \u2228 eL", "Tl \u2283 El"], "observed": [[0.96999999999903, 0.02999999999997, 0.0, 0.0], [0.00999999999999, 0.0, 0.0, 0.98999999999901], [0.01999999999998, 0.0, 0.97999999999902, 0.0], [0.0, 0.97999999999902, 0.01999999999998, 0.0]], "ideal": "A", "sampled": "A", "correct": true}}
{"type": "result", "data": {"idx": 29, "options": ["Valid", "Invalid. Counterexample when E, F, and G are true", "Invalid. Counterexample when E and G are true and F is false", "Invalid. Counterexample when F and G are true and E is false"], "observed": [[0.14999999999985, 0.22999999999977, 0.56999999999943, 0.04999999999995], [0.23999999999976, 0.23999999999976, 0.40999999999958997, 0.10999999999988999], [0.47999999999952, 0.20999999999979, 0.23999999999976, 0.06999999999993], [0.34999999999965, 0.31999999999968, 0.17999999999982, 0.14999999999985]], "ideal": "A", "sampled": "C", "correct": false}}
{"type": "result", "data": {"idx": 30, "options": ["Inconsistent", "Consistent. Consistent valuation when A and D are true and B and C are false", "Consistent. Consistent valuation when A, B, and D are true and C is false", "Consistent. Consistent valuation when C and D are true and A and B are false"], "observed": [[0.11999999999988, 0.35999999999964, 0.41999999999958, 0.0999999999999], [0.35999999999964, 0.32999999999967, 0.22999999999977, 0.07999999999992], [0.3999999999996, 0.12999999999987, 0.33999999999966, 0.12999999999987], [0.44999999999955, 0.06999999999993, 0.38999999999961, 0.08999999999991]], "ideal": "B", "sampled": "B", "correct": true}}
{"type": "result", "data": {"idx": 32, "options": ["U \u2283 Z", "U \u2228 W", "~W", "~(X \u2261 ~Y)"], "observed": [[0.32999999999967, 0.0, 0.65999999999934, 0.00999999999999], [0.0, 0.8199999999991799, 0.03999999999996, 0.13999999999986], [0.93999999999906, 0.00999999999999, 0.04999999999995, 0.0], [0.21999999999977998, 0.2999999999997, 0.0, 0.47999999999952]], "ideal": "D", "sampled": "C", "correct": false}}
{"type": "result", "data": {"idx": 33, "options": ["The Aardvarks win their first game.", "The Bees don't win their first game.", "The Chipmunks win their first game.", "Both the Aardvarks and the Chipmunks win their first games."], "observed": [[0.0, 0.999999999999, 0.0, 0.0], [0.999999999999, 0.0, 0.0, 0.0], [0.0, 0.0, 0.0, 0.999999999999], [0.0, 0.0, 0.999999999999, 0.0]], "ideal": "B", "sampled": "B", "correct": true}}
{"type": "result", "data": {"idx": 35, "options": ["Valid", "Invalid. Counterexample when P, Q, R, and S are true", "Invalid. Counterexample when P and Q are true and R and S are false", "Invalid. Counterexample when P, R, and S are true and Q is false"], "observed": [[0.08999999999991, 0.51999999999948, 0.2999999999997, 0.08999999999991], [0.53999999999946, 0.12999999999987, 0.26999999999973, 0.05999999999994], [0.42999999999957, 0.1999999999998, 0.28999999999971, 0.07999999999992], [0.40999999999958997, 0.22999999999977, 0.26999999999973, 0.08999999999991]], "ideal": "C", "sampled": "B", "correct": false}}
{"type": "result", "data": {"idx": 36, "options": ["Valid", "Invalid. Counterexample when T and W are true and U is false", "Invalid. Counterexample when T is true and W and U are false", "Invalid. Counterexample when W is true and T and U are false"], "observed": [[0.04999999999995, 0.48999999999951, 0.37999999999962, 0.07999999999992], [0.40999999999958997, 0.30999999999968997, 0.26999999999973, 0.00999999999999], [0.32999999999967, 0.23999999999976, 0.22999999999977, 0.1999999999998], [0.16999999999983, 0.05999999999994, 0.65999999999934, 0.10999999999988999]], "ideal": "B", "sampled": "B", "correct": true}}
{"type": "result", "data": {"idx": 37, "options": ["The university raises tuition.", "The governor approves of it.", "The board of trustees recommends it.", "The governor approves of it and the board of trustees recommends it."], "observed": [[0.0, 0.0, 0.0, 0.999999999999], [0.0, 0.0, 0.999999999999, 0.0], [0.0, 0.999999999999, 0.0, 0.0], [0.999999999999, 0.0, 0.0, 0.0]], "ideal": "D", "sampled": "D", "correct": true}}
{"type": "result", "data": {"idx": 38, "options": ["The restaurant has peas.", "The restaurant does not have peas.", "The restaurant serves corn.", "The restaurant serves potatoes."], "observed": [[0.06999999999993, 0.92999999999907, 0.0, 0.0], [0.97999999999902, 0.0, 0.0, 0.01999999999998], [0.0, 0.0, 0.11999999999988, 0.8799999999991199], [0.0, 0.0, 0.999999999999, 0.0]], "ideal": "B", "sampled": "B", "correct": true}}
{"type": "result", "data": {"idx": 39, "options": ["(\u2200x)[Fx \u2283 (\u2200y)(Jy \u2283 Sxy)]", "(\u2200x)(\u2200y)[(Fx \u2022 Jy) \u2022 Sxy]", "(\u2200x)(\u2200y)[Sxy \u2283 (Fy \u2022 Jx)]", "(\u2200x)[Jx \u2283 (\u2200y)(Fy \u2283 Sxy)]"], "observed": [[0.55999999999944, 0.00999999999999, 0.04999999999995, 0.37999999999962], [0.0, 0.0, 0.52999999999947, 0.46999999999953], [0.02999999999997, 0.16999999999983, 0.7999999999992, 0.0], [0.8799999999991199, 0.11999999999988, 0.0, 0.0]], "ideal": "D", "sampled": "D", "correct": true}}
{"type": "result", "data": {"idx": 40, "options": ["The world is an idea.", "That the world is my idea is a truth valid for every living creature, though only man can contemplate it.", "In doing so, he attains philosophical wisdom.", "No truth is more absolutely certain than that all that exists for knowledge and therefore this world is only object in relation to subject, perception of a perceiver."], "observed": [[0.999999999999, 0.0, 0.0, 0.0], [0.0, 0.0, 0.0, 0.999999999999], [0.0, 0.0, 0.999999999999, 0.0], [0.0, 0.97999999999902, 0.01999999999998, 0.0]], "ideal": "A", "sampled": "A", "correct": true}}
{"type": "result", "data": {"idx": 41, "options": ["Tlc", "Tcl", "lTc", "cTl"], "observed": [[0.95999999999904, 0.0, 0.02999999999997, 0.00999999999999], [0.3999999999996, 0.16999999999983, 0.00999999999999, 0.41999999999958], [0.35999999999964, 0.0, 0.58999999999941, 0.04999999999995], [0.05999999999994, 0.18999999999981, 0.10999999999988999, 0.63999999999936]], "ideal": "A", "sampled": "A", "correct": true}}
{"type": "result", "data": {"idx": 44, "options": ["Valid", "Invalid. Counterexample when T, X, and Z are true and U and W are false", "Invalid. Counterexample when T and X are true and U, W, and Z are false", "Invalid. Counterexample when T, W, and Z are true and U and X are false"], "observed": [[0.1999999999998, 0.28999999999971, 0.37999999999962, 0.12999999999987], [0.3999999999996, 0.28999999999971, 0.2999999999997, 0.00999999999999], [0.28999999999971, 0.17999999999982, 0.43999999999955997, 0.08999999999991], [0.33999999999966, 0.30999999999968997, 0.27999999999972, 0.06999999999993]], "ideal": "A", "sampled": "B", "correct": false}}
{"type": "result", "data": {"idx": 45, "options": ["Bc \u2261 (Pm \u2228 Gm)", "Bc \u2261 (Pm \u2022 Gm)", "Bc \u2283 (Pm \u2228 Gm)", "Cb \u2283 (Pm \u2022 Gm)"], "observed": [[0.98999999999901, 0.0, 0.00999999999999, 0.0], [0.71999999999928, 0.0, 0.0, 0.27999999999972], [0.0, 0.0, 0.999999999999, 0.0], [0.0, 0.17999999999982, 0.75999999999924, 0.05999999999994]], "ideal": "A", "sampled": "A", "correct": true}}
{"type": "result", "data": {"idx": 46, "options": ["Nd \u2283 (Bj \u2022 Sl)", "Dn \u2261 (Bx \u2022 Ly)", "Nd \u2261 (Bj \u2022 Sl)", "Nd \u2283 (Bj \u2228 Sl)"], "observed": [[0.02999999999997, 0.0, 0.0, 0.96999999999903], [0.0, 0.0, 0.95999999999904, 0.03999999999996], [0.0, 0.83999999999916, 0.15999999999984, 0.0], [0.999999999999, 0.0, 0.0, 0.0]], "ideal": "D", "sampled": "D", "correct": true}}
{"type": "result", "data": {"idx": 47, "options": ["It's not the case that Marina's reading a Percy Jackson book entails that Izzy plays Minecraft, but Izzy's playing Minecraft does entail that Ashleigh doesn't stop by.", "If Marina doesn't read a Percy Jackson book, then Izzy plays Minecraft, which entails that Ashleigh doesn't stop by.", "Marina's reading a Percy Jackson book does not entail that Izzy plays Minecraft, but Izzy plays Minecraft provided that Ashleigh doesn't stop by.", "It's not true that Marina reads a Percy Jackson book only when Izzy plays Minecraft, but Izzy plays Minecraft only when Ashleigh stops by."], "observed": [[0.9499999999990499, 0.0, 0.04999999999995, 0.0], [0.16999999999983, 0.07999999999992, 0.07999999999992, 0.66999999999933], [0.8999999999991, 0.03999999999996, 0.05999999999994, 0.0], [0.0999999999999, 0.72999999999927, 0.0, 0.16999999999983]], "ideal": "A", "sampled": "A", "correct": true}}
{"type": "result", "data": {"idx": 49, "options": ["If my headache is dualist state, then your tickle is a physical state. Either everything is physical or everything is mental. But my broken toe is not a mental state. So my headache is not a dualist state.", "If my headache is dualist state, then your tickle is not a physical state. Either everything is physical or everything is mental. But my broken toe is not a mental state. So my headache is not a dualist state.", "If my headache is dualist state, then your tickle is not a physical state. If everything is physical then everything is mental. But my broken toe is not a mental state. So my headache is not a dualist state.", "If my headache is dualist state, then your tickle is not a physical state. Everything is either physical or mental. But my broken toe is not a mental state. So my headache is not a dualist state."], "observed": [[0.05999999999994, 0.44999999999955, 0.27999999999972, 0.20999999999979], [0.03999999999996, 0.03999999999996, 0.91999999999908, 0.0], [0.10999999999988999, 0.36999999999963, 0.12999999999987, 0.38999999999961], [0.06999999999993, 0.02999999999997, 0.8999999999991, 0.0]], "ideal": "B", "sampled": "B", "correct": true}}
{"type": "result", "data": {"idx": 50, "options": ["A", "~A", "B", "~B"], "observed": [[0.00999999999999, 0.62999999999937, 0.01999999999998, 0.33999999999966], [0.24999999999975, 0.04999999999995, 0.66999999999933, 0.02999999999997], [0.0, 0.42999999999957, 0.11999999999988, 0.44999999999955], [0.11999999999988, 0.03999999999996, 0.8199999999991799, 0.01999999999998]], "ideal": "B", "sampled": "B", "correct": true}}
{"type": "result", "data": {"idx": 51, "options": ["P", "N \u2283 ~O", "O \u2228 Q", "~P"], "observed": [[0.38999999999961, 0.11999999999988, 0.41999999999958, 0.06999999999993], [0.07999999999992, 0.38999999999961, 0.20999999999979, 0.31999999999968], [0.77999999999922, 0.01999999999998, 0.15999999999984, 0.03999999999996], [0.1999999999998, 0.35999999999964, 0.27999999999972, 0.15999999999984]], "ideal": "A", "sampled": "C", "correct": false}}
{"type": "result", "data": {"idx": 53, "options": ["The Aardvarks do not win their first game.", "The Bees win their first game.", "The Chipmunks do not win their first game.", "Either the Aardvarks or the Chipmunks do not win their first game."], "observed": [[0.0, 0.999999999999, 0.0, 0.0], [0.92999999999907, 0.0, 0.06999999999993, 0.0], [0.0, 0.07999999999992, 0.0, 0.91999999999908], [0.0, 0.0, 0.999999999999, 0.0]], "ideal": "D", "sampled": "B", "correct": false}}
{"type": "result", "data": {"idx": 54, "options": ["The Aardvarks do not win their first game.", "The Bees win their first game.", "The Chipmunks do not win their first game.", "Either the Aardvarks or the Chipmunks do not win their first games."], "observed": [[0.0, 0.0, 0.0, 0.999999999999], [0.00999999999999, 0.0, 0.98999999999901, 0.0], [0.0, 0.999999999999, 0.0, 0.0], [0.999999999999, 0.0, 0.0, 0.0]], "ideal": "B", "sampled": "D", "correct": false}}
{"type": "result", "data": {"idx": 55, "options": ["~Ia", "(\u2203x)(Ax \u2022 ~Ix)", "~Ai", "(\u2203x)(Ix \u2228 ~Ax)"], "observed": [[0.0, 0.97999999999902, 0.01999999999998, 0.0], [0.95999999999904, 0.0, 0.03999999999996, 0.0], [0.0, 0.0999999999999, 0.0, 0.8999999999991], [0.05999999999994, 0.0, 0.93999999999906, 0.0]], "ideal": "B", "sampled": "B", "correct": true}}
{"type": "result", "data": {"idx": 56, "options": ["Logically equivalent", "Contradictory", "Neither logically equivalent nor contradictory, but consistent", "Inconsistent"], "observed": [[0.52999999999947, 0.24999999999975, 0.14999999999985, 0.06999999999993], [0.14999999999985, 0.36999999999963, 0.02999999999997, 0.44999999999955], [0.30999999999968997, 0.02999999999997, 0.5999999999994, 0.05999999999994], [0.0999999999999, 0.52999999999947, 0.08999999999991, 0.27999999999972]], "ideal": "B", "sampled": "A", "correct": false}}
{"type": "result", "data": {"idx": 57, "options": ["Inconsistent", "Consistent. Consistent valuation when U, W, and X are true and T is false", "Consistent. Consistent valuation when W and X are true and T and U are false", "Consistent. Consistent valuation when T and U are true and W and X are false"], "observed": [[0.12999999999987, 0.48999999999951, 0.28999999999971, 0.08999999999991], [0.44999999999955, 0.18999999999981, 0.31999999999968, 0.03999999999996], [0.51999999999948, 0.26999999999973, 0.13999999999986, 0.06999999999993], [0.6899999999993099, 0.10999999999988999, 0.15999999999984, 0.03999999999996]], "ideal": "B", "sampled": "D", "correct": false}}
{"type": "result", "data": {"idx": 58, "options": ["Cs \u2283 Ej", "Sc \u2261 Ej", "sC \u2261 eJ", "Sx \u2261 Jy"], "observed": [[0.0, 0.999999999999, 0.0, 0.0], [0.999999999999, 0.0, 0.0, 0.0], [0.06999999999993, 0.0, 0.0, 0.92999999999907], [0.00999999999999, 0.0, 0.98999999999901, 0.0]], "ideal": "B", "sampled": "B", "correct": true}}
{"type": "result", "data": {"idx": 59, "options": ["(E \u2283 F) \u2228 (~C \u2283 S)", "(F \u2283 E) \u2228 (S \u2283 ~C", "(E \u2283 F) \u2228 ~(S \u2261 C)", "(E \u2283 F) \u2228 (~C \u2261 S)"], "observed": [[0.32999999999967, 0.0, 0.47999999999952, 0.18999999999981], [0.01999999999998, 0.06999999999993, 0.67999999999932, 0.22999999999977], [0.43999999999955997, 0.17999999999982, 0.37999999999962, 0.0], [0.55999999999944, 0.23999999999976, 0.0, 0.1999999999998]], "ideal": "D", "sampled": "D", "correct": true}}
{"type": "result", "data": {"idx": 60, "options": ["If neither Marina reads a Percy Jackson book nor Izzy plays Minecraft, then Emily stops working.", "If it's not the case that both Marina reads a Percy Jackson book and Izzy plays Minecraft, then Emily stops working.", "Either Marina not reading a Percy Jackson book or Izzy not playing Minecraft entails that Emily stops working.", "Emily stopping working is a sufficient condition for either Marina not reading a Percy Jackson book or Izzy not playing Minecraft."], "observed": [[0.01999999999998, 0.03999999999996, 0.93999999999906, 0.0], [0.13999999999986, 0.77999999999922, 0.07999999999992, 0.0], [0.8199999999991799, 0.06999999999993, 0.07999999999992, 0.02999999999997], [0.13999999999986, 0.0, 0.31999999999968, 0.53999999999946]], "ideal": "C", "sampled": "C", "correct": true}}
{"type": "result", "data": {"idx": 61, "options": ["There are those who use predicate variables; the values of these variables are attributes.", "Predicates are wanted in all sentences regardless of whether there are attributes to refer to.", "The dummy predicate 'F' is wanted generally for expository purposes.", "If we are going to quantify over attributes and refer to them, then clarity is served by using recognizable variables and distinctive names for the purposes, and not mixing these up with the predicates."], "observed": [[0.0, 0.0, 0.0, 0.999999999999], [0.0, 0.0, 0.999999999999, 0.0], [0.0, 0.999999999999, 0.0, 0.0], [0.90999999999909, 0.04999999999995, 0.0, 0.03999999999996]], "ideal": "D", "sampled": "D", "correct": true}}
{"type": "result", "data": {"idx": 62, "options": ["If Emily doesn't stop working then Russell makes dinner.", "Emily stops working unless Russell makes dinner.", "Emily stops working unless Russell doesn't make dinner.", "Emily doesn't stop working unless Russell makes dinner."], "observed": [[0.01999999999998, 0.2999999999997, 0.50999999999949, 0.16999999999983], [0.12999999999987, 0.40999999999958997, 0.45999999999954, 0.0], [0.17999999999982, 0.46999999999953, 0.0, 0.34999999999965], [0.55999999999944, 0.0, 0.33999999999966, 0.0999999999999]], "ideal": "D", "sampled": "D", "correct": true}}
{"type": "result", "data": {"idx": 63, "options": ["Ea \u2022 Ec", "Ea \u2022 c", "Ae \u2228 Ce", "Ex \u2022 Ey"], "observed": [[0.43999999999955997, 0.0, 0.55999999999944, 0.0], [0.01999999999998, 0.0, 0.01999999999998, 0.95999999999904], [0.32999999999967, 0.0, 0.66999999999933, 0.0], [0.0, 0.9499999999990499, 0.04999999999995, 0.0]], "ideal": "A", "sampled": "A", "correct": true}}
{"type": "result", "data": {"idx": 64, "options": ["Sx", "xS", "sP", "Ps"], "observed": [[0.9696969696959902, 0.0, 0.010101010100999898, 0.020202020201999796], [0.21999999999977998, 0.03999999999996, 0.37999999999962, 0.35999999999964], [0.54999999999945, 0.04999999999995, 0.3999999999996, 0.0], [0.7999999999992, 0.07999999999992, 0.04999999999995, 0.06999999999993]], "ideal": "D", "sampled": "A", "correct": false}}
{"type": "result", "data": {"idx": 65, "options": ["Iwjk", "Ijkw", "Ikjw", "Iwkj"], "observed": [[0.72999999999927, 0.03999999999996, 0.0999999999999, 0.12999999999987], [0.26999999999973, 0.0, 0.55999999999944, 0.16999999999983], [0.05999999999994, 0.11999999999988, 0.6999999999993, 0.11999999999988], [0.46999999999953, 0.08999999999991, 0.3999999999996, 0.03999999999996]], "ideal": "D", "sampled": "A", "correct": false}}
{"type": "result", "data": {"idx": 66, "options": ["Fe \u2228 Ss", "eF \u2283 Ss", "Fe \u2228 Es", "Fe \u2283 Ss"], "observed": [[0.0, 0.0, 0.0, 0.999999999999], [0.04999999999995, 0.0, 0.9499999999990499, 0.0], [0.0, 0.999999999999, 0.0, 0.0], [0.999999999999, 0.0, 0.0, 0.0]], "ideal": "D", "sampled": "D", "correct": true}}
{"type": "result", "data": {"idx": 67, "options": ["Valid", "Invalid. Counterexample when C and D are true", "Invalid. Counterexample when C is true and D is false", "Invalid. Counterexample when D is true and C is false"], "observed": [[0.04999999999995, 0.21999999999977998, 0.54999999999945, 0.17999999999982], [0.20999999999979, 0.3999999999996, 0.35999999999964, 0.02999999999997], [0.18999999999981, 0.51999999999948, 0.1999999999998, 0.08999999999991], [0.30999999999968997, 0.13999999999986, 0.41999999999958, 0.12999999999987]], "ideal": "A", "sampled": "D", "correct": false}}
{"type": "result", "data": {"idx": 69, "options": ["Some cookies have oatmeal. If something's not being a cookie entails that it doesn't have chocolate chips, then this cookie doesn't have oatmeal. So this cookie doesn't have oatmeal.", "Some cookies have oatmeal. If something is not a cookie and does not have chocolate chips, it doesn't have oatmeal. So this cookie doesn't have oatmeal.", "Some cookies have oatmeal. If something doesn't have oatmeal, then it is not a cookie and it doesn't have chocolate chips. So this cookie doesn't have oatmeal.", "Some cookies have oatmeal. If something's not having chocolate chips entails that it is not a cookie, then it doesn't have oatmeal. So this cookie doesn't have oatmeal."], "observed": [[0.04999999999995, 0.16999999999983, 0.70999999999929, 0.06999999999993], [0.02999999999997, 0.86999999999913, 0.05999999999994, 0.03999999999996], [0.11999999999988, 0.23999999999976, 0.35999999999964, 0.27999999999972], [0.08999999999991, 0.20999999999979, 0.5999999999994, 0.0999999999999]], "ideal": "A", "sampled": "C", "correct": false}}
{"type": "result", "data": {"idx": 70, "options": ["All of psychology has gotten stuck in moral prejudices and fears.", "No one has come close to understanding it as the development of the will to power.", "If a person even begins to regard the effects of hatred, envy, covetousness, and the lust to rule as conditions of life and furthermore, as factors essential to the general economy of life, he will begin to get seasick.", "Psychology becomes again the path to fundamental problems."], "observed": [[0.0, 0.0, 0.0, 0.999999999999], [0.0, 0.0, 0.999999999999, 0.0], [0.0, 0.999999999999, 0.0, 0.0], [0.999999999999, 0.0, 0.0, 0.0]], "ideal": "D", "sampled": "D", "correct": true}}
{"type": "result", "data": {"idx": 72, "options": ["[(B \u2228 D) \u2022 H] \u2283 L", "[L \u2283 (B \u2228 D)] \u2022 H", "L \u2283 [(B \u2228 D) \u2022 H]", "(B \u2228 D \u2022 H) \u2283 L"], "observed": [[0.12999999999987, 0.0, 0.84999999999915, 0.01999999999998], [0.02999999999997, 0.28999999999971, 0.28999999999971, 0.38999999999961], [0.28999999999971, 0.0, 0.70999999999929, 0.0], [0.02999999999997, 0.42999999999957, 0.03999999999996, 0.4999999999995]], "ideal": "A", "sampled": "C", "correct": false}}
{"type": "result", "data": {"idx": 73, "options": ["Valid", "Invalid. Counterexample when O and P are true", "Invalid. Counterexample when O is true and P is false", "Invalid. Counterexample when P is true and O is false"], "observed": [[0.20999999999979, 0.37999999999962, 0.30999999999968997, 0.0999999999999], [0.27999999999972, 0.2999999999997, 0.28999999999971, 0.12999999999987], [0.08999999999991, 0.06999999999993, 0.78999999999921, 0.04999999999995], [0.12999999999987, 0.57999999999942, 0.20999999999979, 0.07999999999992]], "ideal": "A", "sampled": "A", "correct": true}}
{"type": "result", "data": {"idx": 74, "options": ["Sk \u2261 Bl", "Bl \u2261 Sk", "Bx \u2283 Sy", "Bl \u2283 Sk"], "observed": [[0.0, 0.0, 0.08999999999991, 0.90999999999909], [0.0, 0.0, 0.999999999999, 0.0], [0.46999999999953, 0.50999999999949, 0.0, 0.01999999999998], [0.77999999999922, 0.0, 0.21999999999977998, 0.0]], "ideal": "D", "sampled": "D", "correct": true}}
{"type": "result", "data": {"idx": 75, "options": ["(G \u2283 H) \u2228 I", "(G \u2228 H) \u2283 I", "(G \u2283 H) \u2228 ~I", "(G \u2228 H) \u2283 ~I"], "observed": [[0.0, 0.37999999999962, 0.10999999999988999, 0.50999999999949], [0.0, 0.0, 0.999999999999, 0.0], [0.0, 0.97999999999902, 0.01999999999998, 0.0], [0.88999999999911, 0.0, 0.03999999999996, 0.06999999999993]], "ideal": "D", "sampled": "D", "correct": true}}
{"type": "result", "data": {"idx": 76, "options": ["Lm \u2228 ~(Jl \u2228 Ll)", "Lm \u2022 ~(Lj \u2022 Ll)", "Lm \u2022 ~(Lj \u2228 Ll)", "Lm \u2228 ~(Lj \u2022 Ll)"], "observed": [[0.06999999999993, 0.00999999999999, 0.85999999999914, 0.05999999999994], [0.58999999999941, 0.38999999999961, 0.01999999999998, 0.0], [0.84999999999915, 0.00999999999999, 0.13999999999986, 0.0], [0.30999999999968997, 0.23999999999976, 0.12999999999987, 0.31999999999968]], "ideal": "C", "sampled": "C", "correct": true}}
{"type": "result", "data": {"idx": 77, "options": ["(\u2203x)[(Ax \u2022 Cx) \u2022 (\u2203y)(Py \u2022 Nyx)]", "(\u2203x)[(Cx \u2022 Px) \u2022 (\u2203y)(Ay \u2022 Nxy)]", "(\u2203x)[(Ax \u2022 Px) \u2022 (\u2203y)(Cy \u2022 Nxy)]", "(\u2203x)(\u2203y){[(Ax \u2022 Cy) \u2022 Py] \u2022 Nxy)]}"], "observed": [[0.05999999999994, 0.46999999999953, 0.3999999999996, 0.06999999999993], [0.05999999999994, 0.93999999999906, 0.0, 0.0], [0.97999999999902, 0.0, 0.0, 0.01999999999998], [0.0, 0.06999999999993, 0.34999999999965, 0.57999999999942]], "ideal": "B", "sampled": "C", "correct": false}}
{"type": "result", "data": {"idx": 78, "options": ["Inconsistent", "Consistent. Consistent valuation when E is true and F, G, H, I, and J are false", "Consistent. Consistent valuation when E and H are true and F, G, I, and J are false", "Consistent. Consistent valuation when E and I are true and F, G, H, and J are false"], "observed": [[0.04999999999995, 0.3999999999996, 0.45999999999954, 0.08999999999991], [0.3999999999996, 0.27999999999972, 0.2999999999997, 0.01999999999998], [0.52999999999947, 0.25999999999974, 0.17999999999982, 0.02999999999997], [0.66999999999933, 0.03999999999996, 0.22999999999977, 0.05999999999994]], "ideal": "B", "sampled": "C", "correct": false}}
{"type": "result", "data": {"idx": 79, "options": ["(\u2203x)(Wx \u2228 Sx)", "(\u2203x)(Sx \u2228 Wx)", "(\u2203x)(Sx \u2022 Wx)", "(\u2203x)(Sx \u2283 Wx)"], "observed": [[0.04999999999995, 0.01999999999998, 0.92999999999907, 0.0], [0.0, 0.999999999999, 0.0, 0.0], [0.95999999999904, 0.0, 0.0, 0.03999999999996], [0.0, 0.0, 0.70999999999929, 0.28999999999971]], "ideal": "C", "sampled": "C", "correct": true}}
{"type": "result", "data": {"idx": 80, "options": ["(~F \u2283 E) \u2228 (C \u2261 ~S)", "(~E \u2283 F) \u2228 (C \u2283 S)", "(~F \u2283 E) \u2228 (C \u2261 S)", "~(F \u2283 E) \u2228 (S \u2283 C)"], "observed": [[0.65999999999934, 0.02999999999997, 0.15999999999984, 0.14999999999985], [0.5999999999994, 0.0, 0.35999999999964, 0.03999999999996], [0.32999999999967, 0.43999999999955997, 0.22999999999977, 0.0], [0.57999999999942, 0.25999999999974, 0.01999999999998, 0.13999999999986]], "ideal": "D", "sampled": "D", "correct": true}}
{"type": "result", "data": {"idx": 81, "options": ["Valid", "Invalid. Counterexample when A and B are true and C is false", "Invalid. Counterexample when A is true and B and C are false", "Invalid. Counterexample when B is true and A and C are false"], "observed": [[0.12999999999987, 0.35999999999964, 0.43999999999955997, 0.06999999999993], [0.32999999999967, 0.38999999999961, 0.24999999999975, 0.02999999999997], [0.30999999999968997, 0.26999999999973, 0.30999999999968997, 0.10999999999988999], [0.41999999999958, 0.15999999999984, 0.36999999999963, 0.04999999999995]], "ideal": "A", "sampled": "C", "correct": false}}
{"type": "result", "data": {"idx": 82, "options": ["(\u2200x)(\u2200y)[(Bx \u2022 Ny) \u2283 Lxy]", "(\u2200x)[Bx \u2283 (\u2203y)(Ny \u2022 Lxy)]", "(\u2200x)[(\u2203y)(Ny \u2022 Bx) \u2283 Lxy]", "(\u2200x)(\u2203y)[(Bx \u2022 Ny) \u2283 Lxy]"], "observed": [[0.0, 0.7999999999992, 0.00999999999999, 0.18999999999981], [0.85999999999914, 0.0, 0.13999999999986, 0.0], [0.0999999999999, 0.67999999999932, 0.03999999999996, 0.17999999999982], [0.03999999999996, 0.0, 0.95999999999904, 0.0]], "ideal": "B", "sampled": "B", "correct": true}}
{"type": "result", "data": {"idx": 83, "options": ["Utilitarian theory is embarrassed by the possibility of utility monsters.", "A utility monster gets enormous gains in utility.", "A utility monster gets gains in utility greater than the utility lost by the sacrifices of others.", "The sacrifices of even large numbers of other people are outweighed by the gains of the utility monster."], "observed": [[0.0, 0.0, 0.0, 0.999999999999], [0.0, 0.0, 0.28999999999971, 0.70999999999929], [0.0, 0.05999999999994, 0.93999999999906, 0.0], [0.0, 0.23999999999976, 0.06999999999993, 0.6899999999993099]], "ideal": "A", "sampled": "A", "correct": true}}
{"type": "result", "data": {"idx": 84, "options": ["Either Marina reading a Percy Jackson book or Ashleigh not stopping by is a necessary condition for both Russell making dinner and Izzy not playing Minecraft.", "Either Marina reading a Percy Jackson book or Ashleigh not stopping by is a necessary and sufficient condition for Russell making dinner and Izzy playing Minecraft.", "Marina reads a Percy Jackson book unless Ashleigh stops by if, and only if, both Russell makes dinner and Izzy doesn't play Minecraft.", "Either Marina reads a Percy Jackson book or Ashleigh does not stop by just in case both Russell makes dinner and Izzy doesn't play Minecraft."], "observed": [[0.00999999999999, 0.0, 0.00999999999999, 0.97999999999902], [0.00999999999999, 0.00999999999999, 0.97999999999902, 0.0], [0.26999999999973, 0.70999999999929, 0.01999999999998, 0.0], [0.73999999999926, 0.01999999999998, 0.0, 0.23999999999976]], "ideal": "D", "sampled": "D", "correct": true}}
{"type": "result", "data": {"idx": 85, "options": ["F \u2022 L \u2022 ~C", "(F \u2022 L) \u2022 ~C", "(F \u2022 L) \u2228 ~C", "C \u2022 (F \u2022 L)"], "observed": [[0.41999999999958, 0.57999999999942, 0.0, 0.0], [0.8199999999991799, 0.0, 0.0, 0.17999999999982], [0.38999999999961, 0.0, 0.30999999999968997, 0.2999999999997], [0.00999999999999, 0.01999999999998, 0.96999999999903, 0.0]], "ideal": "B", "sampled": "B", "correct": true}}
{"type": "result", "data": {"idx": 86, "options": ["H \u2228 (~G \u2283 J)", "~(H \u2228 G) \u2283 J", "(H \u2228 ~G) \u2283 J", "(H \u2283 ~G) \u2228 J"], "observed": [[0.01999999999998, 0.0, 0.97999999999902, 0.0], [0.0, 0.999999999999, 0.0, 0.0], [0.91999999999908, 0.0, 0.04999999999995, 0.02999999999997], [0.00999999999999, 0.0, 0.0, 0.98999999999901]], "ideal": "C", "sampled": "C", "correct": true}}
