{"type": "result", "data": {"idx": 0, "options": ["middle ages", "chess board", "kids story", "fairy tale", "castle"], "probs": [[0.35167647976680666, 0.08753516170409391, 0.107270565943298, 0.3357216269509776, 0.11779616553482383], [0.09743980953494065, 0.05818396368580403, 0.11394101252823464, 0.3003189827910864, 0.43011623135993426], [0.1281476410433217, 0.11133660622303208, 0.10138855420282379, 0.5837873554933102, 0.07533984293751231], [0.394131540181703, 0.1279458899412371, 0.3167551209764169, 0.10947509742559587, 0.05169235137504717], [0.12826961907634007, 0.12049883539895097, 0.10471532535669659, 0.25126044254961355, 0.3952557775183988]], "ideal": "D", "sampled": "A", "correct": false}}
{"type": "result", "data": {"idx": 1, "options": ["counter", "coffee table", "school room", "backpack", "bedside table"], "probs": [[0.27236577459881317, 0.15275665888515425, 0.16012057421810738, 0.19933283029987617, 0.21542416189804897], [0.18002750365412803, 0.15397924299271948, 0.15399550016127608, 0.36959586418704293, 0.1424018889048335], [0.1945224226142788, 0.14453989050522623, 0.18132246758730258, 0.21375159598609716, 0.2658636232070952], [0.2200872334630825, 0.146590458536248, 0.1714137370923668, 0.24184260130255852, 0.22006596950574414], [0.2455684767248491, 0.19122908437637262, 0.1942647339428491, 0.23440570428394558, 0.1345320005719836]], "ideal": "B", "sampled": "E", "correct": false}}
{"type": "result", "data": {"idx": 2, "options": ["cleanness", "wetness", "exfoliation", "use water", "hygiene"], "probs": [[0.05772958813593934, 0.02602190018602435, 0.03557349813990042, 0.10789493691372078, 0.772780076524415], [0.03277366656890104, 0.027386561441462835, 0.049980365479662316, 0.7581766359968275, 0.13168277041314636], [0.07056509176941196, 0.0878275418322219, 0.6803413121957741, 0.07875587948697926, 0.08251017461561279], [0.08934047038950516, 0.670700070676565, 0.074085987820943, 0.061418350551027664, 0.10445512046195915], [0.8618168976583674, 0.023326889324178444, 0.023330774801756708, 0.04862625270309732, 0.04289918541260003]], "ideal": "A", "sampled": "E", "correct": false}}
{"type": "result", "data": {"idx": 3, "options": ["table", "meeting", "drawer", "toilet", "garage"], "probs": [[0.8682822503372527, 0.03997586257378478, 0.029249284141107033, 0.03935875706578262, 0.02313384578207281], [0.014857211508501524, 0.01485814841903418, 0.016970351747616165, 0.026697418364944183, 0.926616869859904], [0.01839085040408055, 0.015609730661356867, 0.02289015668156449, 0.91462361032411, 0.028485651828888108], [0.027866918175608962, 0.03060724912863, 0.867104040489747, 0.03692350108666285, 0.03749829101935122], [0.06531169006407486, 0.7834588276153271, 0.05855373356306136, 0.04778950644473467, 0.04488624221280194]], "ideal": "A", "sampled": "A", "correct": true}}
{"type": "result", "data": {"idx": 4, "options": ["damage", "wonderful", "exhaustion", "orgasm", "lazy"], "probs": [[0.13009959167208565, 0.6017180546132453, 0.15454029689956386, 0.07074103345593385, 0.042901023259171264], [0.39591611460143705, 0.4281400553341493, 0.06364265994649464, 0.05615410354573782, 0.05614706647218123], [0.24648722820136307, 0.16941980889667776, 0.07758136780096109, 0.1642520117278653, 0.3422595832731328], [0.06550449779713018, 0.050226799390258405, 0.0665484284312274, 0.7501344568257253, 0.06758581745565864], [0.06291570930738445, 0.07355718675339538, 0.36788723930605965, 0.4302175118230517, 0.06542235271010881]], "ideal": "B", "sampled": "B", "correct": true}}
{"type": "result", "data": {"idx": 5, "options": ["enemies", "perform better", "sweat", "tension", "frostbite"], "probs": [[0.04457008565300739, 0.03160707350371031, 0.09736803390679695, 0.23001400148089832, 0.5964408053555871], [0.06421740376388126, 0.06422034674322771, 0.19782969427302197, 0.6388208293232046, 0.0349117257966644], [0.06843467005079101, 0.07285021190473444, 0.7834003508544343, 0.0516674328419499, 0.02364733424809036], [0.29472033833300226, 0.5092662856926164, 0.07223377779710165, 0.0733689855730731, 0.05041061250420655], [0.5239014312755828, 0.08823182652116686, 0.08419981096142085, 0.16487305372061342, 0.13879387742121607]], "ideal": "D", "sampled": "E", "correct": false}}
{"type": "result", "data": {"idx": 6, "options": ["free will", "choice", "will", "alcohol", "freedom"], "probs": [[0.2226178753676136, 0.526050831468924, 0.11198599432711238, 0.0852290731135387, 0.0541162256228114], [0.2774794656136394, 0.033148992309399675, 0.05818232434134514, 0.3403711267910105, 0.2908180908446053], [0.016235238347768962, 0.009325341555087754, 0.02289976050689322, 0.747455973272262, 0.20408368621798811], [0.027412222107391165, 0.04148431868576544, 0.453094620680684, 0.4259968614751103, 0.052011976951049144], [0.09002782671826313, 0.28180519583402913, 0.5183975850539843, 0.07587083654452134, 0.03389855574920211]], "ideal": "B", "sampled": "A", "correct": false}}
{"type": "result", "data": {"idx": 7, "options": ["bathtub", "washing area", "hotel", "shower stall", "department store"], "probs": [[0.08865788163318829, 0.05462436580947543, 0.07583274974037661, 0.7311557803002409, 0.04972922241671873], [0.08738083717026844, 0.1005823426064977, 0.6358313200669186, 0.10708960543580871, 0.06911589462050657], [0.15708209280063545, 0.5837609062549668, 0.08813073321052116, 0.11141053378565861, 0.059615733848218], [0.8523144029832543, 0.031535099836245875, 0.03253770210412691, 0.056220378092787085, 0.02739241688358575], [0.05637519722054117, 0.15088346374189815, 0.07239507775186133, 0.1683707211986089, 0.5519755399870905]], "ideal": "A", "sampled": "D", "correct": false}}
{"type": "result", "data": {"idx": 8, "options": ["new york city", "subdivision", "ring", "hazleton", "live in"], "probs": [[0.9113362407871374, 0.02126578467059863, 0.022464117659371726, 0.02299555277508297, 0.021938304007809262], [0.010842244485379795, 0.011816186190948307, 0.01590239170561896, 0.079509350825027, 0.8819298266930259], [0.026517777609412665, 0.02912583294059239, 0.05032561133212141, 0.7874984393738116, 0.10653233864406188], [0.04355097658360129, 0.0893636736214858, 0.7721572624616291, 0.053371291947571044, 0.04155679528571273], [0.1747732785127572, 0.7021855821466504, 0.04854173701004634, 0.0421708007808015, 0.0323286014497445]], "ideal": "A", "sampled": "A", "correct": true}}
{"type": "result", "data": {"idx": 9, "options": ["very entertaining", "fun", "slow", "competitive", "violent"], "probs": [[0.017321461680874627, 0.022419931197756184, 0.03186643844623757, 0.039660099594351586, 0.88873206898078], [0.025582908052405127, 0.03470313966471491, 0.039319653572750496, 0.8678044789061722, 0.032589819703957225], [0.040310737651182656, 0.08806200454560488, 0.8356878172919922, 0.022439563939928332, 0.013499876471291973], [0.1701188794326787, 0.7507805059670036, 0.026502513662999484, 0.03196592184657749, 0.020632178990740647], [0.9449257691296521, 0.014346335772634977, 0.012660460333109188, 0.017575969623164593, 0.010491465041439158]], "ideal": "E", "sampled": "E", "correct": true}}
{"type": "result", "data": {"idx": 10, "options": ["night sky", "galaxy", "outer space", "hollywood", "eat cake"], "probs": [[0.15769078423334235, 0.11358565514090474, 0.5680465313241516, 0.07222197473153864, 0.08845505447006262], [0.2371375638862471, 0.33971791443652455, 0.10859589699029075, 0.10527022613217073, 0.20927839845476687], [0.27806541942405794, 0.045394369479818904, 0.07031686760490258, 0.38624490166865744, 0.2199784417225631], [0.031392570581873176, 0.022790390995846038, 0.11131049691517662, 0.43361505861714567, 0.40089148278995845], [0.05648238184049188, 0.09760156327095004, 0.13550890021656958, 0.6367375399354639, 0.07366961463652465]], "ideal": "C", "sampled": "C", "correct": true}}
{"type": "result", "data": {"idx": 11, "options": ["new perspective", "entertained", "understanding", "hunger", "tired eyes"], "probs": [[0.36504298705362237, 0.10790172159324997, 0.4615961862939797, 0.04714514708456217, 0.018313957874585802], [0.03459848604967669, 0.6951704309441668, 0.0830291022028451, 0.05035590958805112, 0.13684607111526037], [0.3289515655403675, 0.04053608305047357, 0.04183084121395219, 0.5686182943426401, 0.020063215752566636], [0.026700023459580738, 0.053520776126692204, 0.7627323836713775, 0.061629011991309546, 0.09541780465104], [0.02871728133795911, 0.5548290258385724, 0.08643011200565101, 0.28791336379104926, 0.04211021692676814]], "ideal": "A", "sampled": "A", "correct": true}}
{"type": "result", "data": {"idx": 12, "options": ["initiate", "ignore", "question", "answer", "ask"], "probs": [[0.16358508289895565, 0.14898042490319047, 0.16620266559699126, 0.45197794173592026, 0.06925388476494233], [0.15592325757603498, 0.14425225124549027, 0.30542986671761513, 0.2003304302393607, 0.1940641941214989], [0.182062025770937, 0.1879098080154984, 0.14864254882294942, 0.33510374036678847, 0.14628187692382674], [0.23257165451788797, 0.14787733112652524, 0.16757212078170777, 0.28962503997692884, 0.1623538534969502], [0.18854050421762772, 0.14015347210008033, 0.1945921931525044, 0.29680720737534944, 0.1799066230544381]], "ideal": "A", "sampled": "D", "correct": false}}
{"type": "result", "data": {"idx": 13, "options": ["hair brush", "ladies bathroom", "art supplies", "shower", "hair salon"], "probs": [[0.24385334367210948, 0.0804169171937089, 0.5083664021254362, 0.08043444095914055, 0.08692889594960485], [0.05759646850241813, 0.057603293234371356, 0.03778090025443706, 0.05164218789646283, 0.7953771500123106], [0.19849034095411697, 0.06754095257607355, 0.04226401169765574, 0.6311751148481209, 0.06052957982403282], [0.010688134517793584, 0.013725834029871384, 0.03910008090669482, 0.032416284232028525, 0.9040696662136117], [0.03960383550264825, 0.024595971323460395, 0.04023113338962143, 0.8342294412461718, 0.06133961843809806]], "ideal": "C", "sampled": "C", "correct": true}}
{"type": "result", "data": {"idx": 14, "options": ["plastic bag", "pantry", "supermarket", "toaster", "prison"], "probs": [[0.012331446261856645, 0.01140579905503354, 0.01725551881023184, 0.927763216672093, 0.031244019100784958], [0.010089825612270086, 0.014796983118433124, 0.9299672037185474, 0.02328025497381965, 0.021865732476929765], [0.016499614617993524, 0.8733310844993091, 0.041485317742713974, 0.027207721478135865, 0.041476261561847506], [0.906649036118452, 0.012933826763122068, 0.010806687905179227, 0.049582368697066566, 0.020028080416180094], [0.008618085965326129, 0.007372378645561209, 0.010643188305743716, 0.015245905712432424, 0.9581204412709365]], "ideal": "D", "sampled": "D", "correct": true}}
{"type": "result", "data": {"idx": 15, "options": ["oven", "freezer", "plate", "tupperware", "grill"], "probs": [[0.11175598615017601, 0.6535274190986069, 0.07218775682359997, 0.07684687295243954, 0.08568196487517757], [0.7063782099963226, 0.07047711348245322, 0.1369507323900386, 0.04209795170361268, 0.04409599232757283], [0.09151777083668844, 0.3794691945114317, 0.07832206214901034, 0.07712570749478011, 0.3735652649080894], [0.05885292085186507, 0.03327731179131995, 0.03800846419138023, 0.8261213640315792, 0.04373993903385548], [0.039260584418342834, 0.0315540131348779, 0.741388550981629, 0.0668391801330755, 0.1209576712320747]], "ideal": "B", "sampled": "B", "correct": true}}
{"type": "result", "data": {"idx": 16, "options": ["jungle", "zoo", "kill", "india", "eat cake"], "probs": [[0.061901130237209105, 0.7781906781177668, 0.057257283899849576, 0.052136496092652765, 0.050514411552521725], [0.9244865513925529, 0.01859508149624946, 0.015538511429292625, 0.019643197547621588, 0.021736658034283395], [0.009581057184311705, 0.010771957034409219, 0.01721456616285708, 0.05140124914968116, 0.9110311703687408], [0.025365576948696754, 0.025765753233124532, 0.038677589326058574, 0.867045310685823, 0.04314576970629713], [0.03591351888875797, 0.04331950017154086, 0.8175572003806675, 0.05563626334192309, 0.04757351711711054]], "ideal": "B", "sampled": "B", "correct": true}}
{"type": "result", "data": {"idx": 17, "options": ["picture of sea side", "seaside town", "beach", "california", "see side picture"], "probs": [[0.04080928808413291, 0.0317835124827943, 0.06941870397303007, 0.8072037731469088, 0.05078472221313389], [0.101846911382351, 0.06891103113837993, 0.685298266511047, 0.05121774617524028, 0.09272604469298179], [0.15423382127677635, 0.5137353309295534, 0.11642908528344932, 0.07518143615053828, 0.14042032625968273], [0.5250182493055963, 0.04376984547755521, 0.11899103391886658, 0.07927172991387388, 0.2329491412841081], [0.06342404867515354, 0.03189196702881233, 0.07532550886291421, 0.21801713865992947, 0.6113413366731905]], "ideal": "D", "sampled": "D", "correct": true}}
{"type": "result", "data": {"idx": 18, "options": ["west virginia", "kentucky", "rocky hills", "scotland", "canyon"], "probs": [[0.7001803623617547, 0.23453937320445062, 0.029823731407539775, 0.01986874873536681, 0.015587784190888014], [0.9217856846785938, 0.020685254908959175, 0.018546139266837545, 0.0179750988472875, 0.021007822198322035], [0.010398958605253408, 0.016617562295167608, 0.02594228410388017, 0.5999581099827398, 0.347083084912959], [0.012543024549192155, 0.061255212313758065, 0.4057650282271711, 0.46722227047026355, 0.05321446433961514], [0.03742132941179791, 0.6952416637127125, 0.19306982332512396, 0.04175960861624382, 0.03250757483412189]], "ideal": "B", "sampled": "A", "correct": false}}
{"type": "result", "data": {"idx": 19, "options": ["office building", "office supply store", "desk drawer", "with dwight", "desktop"], "probs": [[0.11476181849399521, 0.09220663927447696, 0.5562332702249384, 0.18343416797966747, 0.05336410392692196], [0.13223605644787556, 0.574455474227172, 0.09232932878580248, 0.14755714817700316, 0.05342199226214677], [0.6649897421421936, 0.05047532336196492, 0.05810750037155183, 0.17901416877671616, 0.047413265247573486], [0.10986999412890745, 0.09107817574203872, 0.10004866793077574, 0.23633599373587888, 0.4626671683623992], [0.09959303589711282, 0.08002557008467774, 0.11644777531891548, 0.6103753588203645, 0.09355825977892938]], "ideal": "C", "sampled": "C", "correct": true}}
{"type": "result", "data": {"idx": 20, "options": ["work", "tacos", "mass", "play sports", "wrestle"], "probs": [[0.036147884190861776, 0.025237351812145127, 0.04429225605388933, 0.8493357384127348, 0.04498676943036891], [0.06959346707062919, 0.0852712470404143, 0.7368170049676233, 0.06338755064340683, 0.044930730177926384], [0.1683005240023391, 0.6452290948795051, 0.06289752183293973, 0.07827830194301502, 0.04529455724220099], [0.8617326829359725, 0.03367100645650347, 0.03641127753436054, 0.050163531559205506, 0.018021501413957947], [0.03366430513594019, 0.019946834293399225, 0.028354907722411962, 0.10213331991306819, 0.8159006328351804]], "ideal": "D", "sampled": "D", "correct": true}}
{"type": "result", "data": {"idx": 21, "options": ["math class", "math book", "in pythagorus' band", "orchestra", "music class"], "probs": [[0.02106668727311357, 0.011102615471939643, 0.025411409379029016, 0.5969959291136345, 0.3454233586622832], [0.05283241816887215, 0.02895390668508525, 0.24430911695579985, 0.6049940102127562, 0.06891054787748656], [0.23176341533530276, 0.15438879052309235, 0.5223863895515158, 0.055923873565396916, 0.0355375309246921], [0.7171965275690735, 0.19303695835561335, 0.029146030124839337, 0.031024371637610314, 0.029596112212863485], [0.13670858612119702, 0.01908837427111963, 0.03566442396447651, 0.04579747425122912, 0.7627411412919777]], "ideal": "E", "sampled": "D", "correct": false}}
{"type": "result", "data": {"idx": 22, "options": ["believe in god", "smoke marijuana", "desire to travel", "use weapons", "throw away"], "probs": [[0.029050419505832793, 0.017484341798320577, 0.6613283420142344, 0.2471397543586016, 0.04499714222301057], [0.05197281462336421, 0.6534058669755956, 0.05533765681378864, 0.21548810844924246, 0.02379555303800915], [0.8939602465718747, 0.005930436369588621, 0.008234217846479503, 0.08580482093118114, 0.006070278180876066], [0.0068749901799711475, 0.004991085265733808, 0.006984394971055779, 0.014900600529229044, 0.9662489289540103], [0.015803287069091853, 0.00973719002141049, 0.01966941761964702, 0.9045649917656955, 0.05022511342415508]], "ideal": "C", "sampled": "C", "correct": true}}
{"type": "result", "data": {"idx": 23, "options": ["mall", "grocery store", "grocery store", "shop", "supermarket"], "probs": [[0.5130007747867129, 0.03491236936147739, 0.05159972492239077, 0.35277261538019267, 0.047714515449226204], [0.027785224370981, 0.02376735942287897, 0.4811806274969849, 0.06826641582762126, 0.39900037278153383], [0.027971947510775773, 0.2132854159460662, 0.06504875408757285, 0.6176522958077262, 0.07604158654785895], [0.3010505370259863, 0.07611795343923942, 0.5043116098664434, 0.07615674116095617, 0.04236315840737474], [0.05774966139884938, 0.6611266431054947, 0.07189163886297434, 0.10301266325036709, 0.10621939328231444]], "ideal": "A", "sampled": "A", "correct": true}}
{"type": "result", "data": {"idx": 24, "options": ["digestive", "feel better", "sleepiness", "indigestion", "illness"], "probs": [[0.0330450813407698, 0.0227116898771742, 0.05983818645047931, 0.8013472393081486, 0.08305780292342818], [0.04792769518176943, 0.06059036640387528, 0.7738894646461654, 0.06658500283473211, 0.05100747083345784], [0.09455874385188516, 0.7211176021957942, 0.07841601075908163, 0.07030439245175875, 0.0356032506414802], [0.9123392207421023, 0.018788105722770572, 0.0223146292412239, 0.03122954274093106, 0.01532850145297221], [0.2287974242458044, 0.07087439403532093, 0.06354186032884476, 0.2475971020152495, 0.3891892192747804]], "ideal": "D", "sampled": "D", "correct": true}}
{"type": "result", "data": {"idx": 25, "options": ["club", "assembly hall", "meditation center", "meeting", "church"], "probs": [[0.8155684105727312, 0.028344490226750264, 0.07016908063027057, 0.05908829454092058, 0.026829723929327382], [0.014587717890130223, 0.01247927425196339, 0.018159729442554493, 0.02331803487921711, 0.9314552434361347], [0.017818788898477152, 0.020998381726300017, 0.03277819414085935, 0.8726543279380827, 0.05575030719628074], [0.028407097082314817, 0.042650346971209105, 0.8305517550712557, 0.03536758739819006, 0.06302321337703029], [0.06496405291411686, 0.7208456879700434, 0.07137597830165783, 0.048295404270369026, 0.09451887644381282]], "ideal": "A", "sampled": "A", "correct": true}}
{"type": "result", "data": {"idx": 26, "options": ["forest", "valley", "outdoors", "countryside", "woods"], "probs": [[0.0934729983367802, 0.6289731497796164, 0.09797511613786654, 0.13184178365349297, 0.04773695199224386], [0.6717103323178424, 0.09232981032192715, 0.0634676609413236, 0.12820116066250173, 0.04429103565640508], [0.027818888627555313, 0.017410348061349525, 0.02201201076513882, 0.08052026744750988, 0.8522384849984465], [0.029449939505419062, 0.019315706420131345, 0.028105156283956934, 0.8745745950466921, 0.04855460264380059], [0.05489606479911602, 0.05843921031779552, 0.758008923252515, 0.0891180450346778, 0.039537756495895617]], "ideal": "B", "sampled": "B", "correct": true}}
{"type": "result", "data": {"idx": 27, "options": ["music store", "create music", "zoo", "music room", "symphony"], "probs": [[0.015941611983518147, 0.012810503345385943, 0.02079497277185744, 0.06609502279947073, 0.8843578889997677], [0.033779404613619016, 0.024715212780361293, 0.04204095099765116, 0.7572363515546391, 0.1422280799537294], [0.06944559896699133, 0.07993675350673372, 0.48213252886087615, 0.23873371128484452, 0.1297514072805543], [0.14296656739052063, 0.6210792613818106, 0.07773750961735185, 0.09377936948062439, 0.06443729202969257], [0.9242218680264719, 0.01666489047763988, 0.014939067800307203, 0.022779432927144207, 0.021394740668436805]], "ideal": "E", "sampled": "E", "correct": true}}
{"type": "result", "data": {"idx": 28, "options": ["boat", "necessary to live", "edible", "unhealthy", "kitchen"], "probs": [[0.02904959232910097, 0.030208775945221818, 0.0530155383175008, 0.7917339358580784, 0.09599215745009805], [0.04543809016616344, 0.14217110831339033, 0.7109061757104197, 0.057450031150346484, 0.04403459455968], [0.16274804239019572, 0.6142826813057309, 0.07809458101716321, 0.06679980605470275, 0.07807488913220736], [0.6493762071015127, 0.08255555411430487, 0.06135356183399041, 0.11463760032858672, 0.09207707652160528], [0.022427148028630956, 0.02140082315063039, 0.027915986762727826, 0.046032657475545156, 0.8822233844824656]], "ideal": "D", "sampled": "D", "correct": true}}
{"type": "result", "data": {"idx": 29, "options": ["most offices", "fish department", "fancy restaurant", "government submarine", "chesapeake bay"], "probs": [[0.04225365224225309, 0.7491380776910387, 0.052597743504567744, 0.05776666175468293, 0.09824386470745758], [0.6426195654805297, 0.040446479807251676, 0.03250315933607165, 0.2597083866164958, 0.02472240865965114], [0.01370838839318874, 0.014823351943807954, 0.039058089143253774, 0.07072948643957919, 0.8616806839801704], [0.025195626023216983, 0.04122081314093998, 0.05813089638471466, 0.8412804430364617, 0.03417222131466671], [0.02369678565792261, 0.06391645931605087, 0.8421342324994235, 0.049013185967372856, 0.021239336459230096]], "ideal": "B", "sampled": "B", "correct": true}}
{"type": "result", "data": {"idx": 30, "options": ["case", "jewelry store", "shopping", "jewelery box", "hock"], "probs": [[0.0671040346679382, 0.843806307685193, 0.031216939904183536, 0.025682443086612116, 0.032190274556073116], [0.9487670500020683, 0.00937371126400931, 0.012132182512728526, 0.014634526087909154, 0.015092530033284715], [0.009461496263981446, 0.006503693748974904, 0.01187027624520357, 0.0216673932008288, 0.9504971404410113], [0.025790418789295604, 0.013807844093737604, 0.024232351438373323, 0.8482410713743562, 0.08792831420423723], [0.056737848703763805, 0.027873922701283287, 0.8341456858470571, 0.036368029357580045, 0.04487451329031584]], "ideal": "B", "sampled": "B", "correct": true}}
{"type": "result", "data": {"idx": 31, "options": ["dishwasher", "water fountain", "sand box", "toilet", "kitchen cabinet"], "probs": [[0.022066376566798288, 0.023860686809811855, 0.03064120113853244, 0.055485131732587616, 0.8679466036522698], [0.062245890708674645, 0.04146773630320421, 0.07054084240384681, 0.6591622054132195, 0.16658332507105483], [0.0579266230654174, 0.05976890199063522, 0.6426967166307468, 0.10492500309965913, 0.1346827551135415], [0.09267491342960547, 0.21549748444072037, 0.15044080111774522, 0.5091099871326372, 0.03227681377929178], [0.6514810808454958, 0.11145365322411527, 0.12829122901849743, 0.07425278977700542, 0.03452124703488599]], "ideal": "E", "sampled": "E", "correct": true}}
{"type": "result", "data": {"idx": 32, "options": ["office building", "internet cafe", "house", "school", "internet cafe"], "probs": [[0.9223229178354647, 0.016372039971052764, 0.018409420100609062, 0.023456160866615998, 0.019439461126257485], [0.009734835685737455, 0.008261867836218547, 0.014501184993975104, 0.09096039408002314, 0.8765417173040457], [0.018683874281718266, 0.016107672223787346, 0.029857831823155996, 0.900716032716115, 0.034634588855223344], [0.025312899314808922, 0.03920762050616913, 0.865090685824301, 0.045853653560100606, 0.024535140694620313], [0.07487550915130785, 0.8051275201672816, 0.056527557219379514, 0.0391617074623231, 0.02430770589970785]], "ideal": "A", "sampled": "A", "correct": true}}
{"type": "result", "data": {"idx": 33, "options": ["last word", "conclusion", "ikea instructions", "afterword", "epilogue"], "probs": [[0.09308544424563368, 0.0639786465089702, 0.0861053151919853, 0.410944519139715, 0.34588607481369577], [0.1389270712376258, 0.08970022878867265, 0.27635779768178603, 0.3494351181825611, 0.1455797840093544], [0.1349442889038065, 0.12096407173136156, 0.2948411084801078, 0.16799692682734324, 0.2812536039573809], [0.3621268597041553, 0.1557438086990524, 0.11576466347434294, 0.24509652139102586, 0.12126814663142348], [0.19869261385919704, 0.07660451302344932, 0.09838674668321377, 0.13449455395502322, 0.49182157237911667]], "ideal": "E", "sampled": "D", "correct": false}}
{"type": "result", "data": {"idx": 34, "options": ["fish market", "pet shop", "fishmongers", "intertidal zone", "obesity"], "probs": [[0.18294375460749193, 0.23128783244358525, 0.10263272087588021, 0.445971568449167, 0.03716412352387557], [0.10301065958727476, 0.31736221196989567, 0.3652984119892255, 0.10467184845044891, 0.10965686790315514], [0.39752394253155937, 0.09591655503682185, 0.06801994194915141, 0.3246470415613778, 0.11389251882108956], [0.07019725872482566, 0.10539517824511484, 0.49510816501606836, 0.23030172746701968, 0.09899767044697146], [0.1387348919968153, 0.29376420375747353, 0.2083240747243458, 0.20196111498243602, 0.15721571443892932]], "ideal": "C", "sampled": "A", "correct": false}}
{"type": "result", "data": {"idx": 35, "options": ["brush hair", "theater", "house", "dwelling", "bathhouse"], "probs": [[0.013719794529284133, 0.01832523097765534, 0.020123432232700467, 0.08539797648577749, 0.8624335656745826], [0.027250882255328027, 0.02295785271161089, 0.03610632822345867, 0.8752603531982824, 0.03842458351131994], [0.06815998947445324, 0.0660845480823144, 0.8178384537404186, 0.032710525730564294, 0.015206482872249419], [0.09336721275625383, 0.7943650627054385, 0.0434358011362294, 0.0322758808956691, 0.03655604240640911], [0.8492060922611835, 0.0802507700697849, 0.015925571365344077, 0.041625343375286596, 0.012992222828400917]], "ideal": "E", "sampled": "E", "correct": true}}
{"type": "result", "data": {"idx": 36, "options": ["poisonous gas", "homicide", "cinder", "nuclear weapons", "cyanide"], "probs": [[0.07497560474435427, 0.0641342358435026, 0.15879247016263376, 0.09335388361336346, 0.6087438055361459], [0.08070061859573707, 0.07581443857941539, 0.14617195288352894, 0.4367818999812753, 0.2605310898600433], [0.1614124995940071, 0.11994082270588813, 0.2970194353023923, 0.2207785049208089, 0.2008487373769036], [0.21044021606964802, 0.1886153631388497, 0.19775123580810214, 0.2540083976735021, 0.14918478720989803], [0.28482990171623446, 0.17271950378595163, 0.2150703647559605, 0.17015052854210516, 0.1572297010997482]], "ideal": "B", "sampled": "E", "correct": false}}
{"type": "result", "data": {"idx": 37, "options": ["players", "play games", "casino", "table", "toy store"], "probs": [[0.013227573742447965, 0.01386400048144103, 0.020488588366343746, 0.9277081592314746, 0.024711678078292627], [0.027983444903325275, 0.036500611835258524, 0.8439421983016233, 0.05834178854161009, 0.033231956318182786], [0.058956251074729474, 0.8269352537741573, 0.04181631163382413, 0.045926524520224506, 0.026365658897064614], [0.8857234135981118, 0.03251129767068822, 0.01673881153732567, 0.04142820842415849, 0.023598268669715795], [0.007688548075233391, 0.006227040010308265, 0.009131983827493414, 0.07411757079308384, 0.9028348571938811]], "ideal": "D", "sampled": "D", "correct": true}}
{"type": "result", "data": {"idx": 38, "options": ["read book", "own house", "apartment", "more rice", "warm coat"], "probs": [[0.012720431140653788, 0.012922299964354353, 0.021982747956855113, 0.03199107184690388, 0.9203834489912328], [0.01365041405561327, 0.01487736554819662, 0.039191171776158364, 0.8787154850416226, 0.053565563478409184], [0.028547259416986624, 0.06849339692998038, 0.8088665709246701, 0.06045926440501394, 0.03363350822334899], [0.05437755673100993, 0.7870524114375522, 0.06769135985711175, 0.04580263181602079, 0.045076040058305254], [0.9324427430858104, 0.015309280923083044, 0.018323948488062673, 0.019658846517524635, 0.014265180885519185]], "ideal": "E", "sampled": "E", "correct": true}}
{"type": "result", "data": {"idx": 39, "options": ["gap", "shopping mall", "bedroom", "laundromat", "bathroom"], "probs": [[0.2981712486501123, 0.5658913190928679, 0.056034109854674025, 0.04645306564641684, 0.03345025665592889], [0.9207512756765139, 0.013764222142795168, 0.016092996259189918, 0.021153756902366067, 0.028237748919134883], [0.009650582564609177, 0.007006525867764921, 0.014488829008494734, 0.1396641166372235, 0.8291899458219076], [0.02320792135954341, 0.02490245904597123, 0.0749196702545492, 0.8186218080698761, 0.05834814117006006], [0.03272579830158146, 0.0611382284541837, 0.8311334460546127, 0.04991301288734189, 0.025089514202280273]], "ideal": "B", "sampled": "B", "correct": true}}
{"type": "result", "data": {"idx": 40, "options": ["theater", "opera", "show", "television", "blockbuster feature"], "probs": [[0.9528524814048825, 0.010584901287761293, 0.011535401591231747, 0.014022898823767704, 0.01100431679235676], [0.017765968149792883, 0.009889075143629314, 0.017632055132089205, 0.02884582960867011, 0.9258670718658185], [0.03247468930334953, 0.013859357735094887, 0.026923125707359663, 0.9059391054571438, 0.020803721697052108], [0.04692282093506512, 0.03711885910141316, 0.8449761160459422, 0.04339961650571355, 0.027582587311865872], [0.13623828100505891, 0.6706695159798599, 0.0776334428004309, 0.07763101391108415, 0.03782774620356612]], "ideal": "A", "sampled": "A", "correct": true}}
{"type": "result", "data": {"idx": 41, "options": ["baggage compartment", "movie", "subway", "airplane", "cargo hold"], "probs": [[0.13209778462810928, 0.13843416088729063, 0.16963126269167883, 0.3706197252683679, 0.18921706642455338], [0.06046359184968731, 0.07763537959323741, 0.09815304775706424, 0.2247258116460485, 0.5390221690539625], [0.09151397235459004, 0.09441659176523395, 0.12124468588012878, 0.5696869237291236, 0.12313782617092367], [0.10978614128824896, 0.2051064146437871, 0.28039740468747576, 0.2150175938161173, 0.18969244546437086], [0.14756967125847453, 0.21471142766712747, 0.15468154846075102, 0.1895379423905616, 0.29349941012308534]], "ideal": "B", "sampled": "A", "correct": false}}
{"type": "result", "data": {"idx": 42, "options": ["eat", "think", "reading", "meditate", "fall asleep"], "probs": [[0.03457057572287068, 0.016722538042702313, 0.024331844157858485, 0.03919531886619609, 0.8851797231103724], [0.03799151904812006, 0.014882440827072034, 0.0251159388165422, 0.8860420631395121, 0.0359680380687536], [0.09613835739024948, 0.04201130537260196, 0.7686072529932608, 0.057880717823970466, 0.0353623663199172], [0.12752066028807174, 0.6898714616630052, 0.04880275376833852, 0.0721505105659649, 0.0616546136146196], [0.8773738054618174, 0.01938726787398365, 0.020002980080993726, 0.05835456316541035, 0.02488138331779482]], "ideal": "E", "sampled": "E", "correct": true}}
{"type": "result", "data": {"idx": 43, "options": ["eyes", "animal", "fingertips", "brainstem", "human body"], "probs": [[0.2732591513966377, 0.5696441912587887, 0.03816427545969372, 0.03816796349733613, 0.08076441828754367], [0.9233050210587066, 0.0153967837706396, 0.015518851279496511, 0.025387395023690047, 0.0203919487674672], [0.03184625239150395, 0.021383076974402258, 0.03666138713857035, 0.03553892746351712, 0.8745703559320063], [0.046328951100180836, 0.021887274660656805, 0.03184437781108964, 0.7250858612107142, 0.17485353511735852], [0.1494462700184334, 0.0470290724786273, 0.6699500357786811, 0.04150946980524773, 0.09206515181901051]], "ideal": "B", "sampled": "B", "correct": true}}
{"type": "result", "data": {"idx": 44, "options": ["ground", "subway", "bank", "bed", "street"], "probs": [[0.031214212474490494, 0.028426062004650653, 0.027549253532665904, 0.8777174874515475, 0.03509298443664535], [0.026371251109245743, 0.03928540727791587, 0.8270523906365898, 0.044524615180000185, 0.06276633569624847], [0.03835134466051965, 0.4636686305634843, 0.05537732152452657, 0.3845859651006335, 0.05801673805083603], [0.377972582156493, 0.08174856204230797, 0.4631885401840951, 0.051969302208741845, 0.0251210133083621], [0.024719176074799305, 0.06773140078906209, 0.0269453498859476, 0.0424007276432812, 0.8382033455069098]], "ideal": "D", "sampled": "D", "correct": true}}
{"type": "result", "data": {"idx": 45, "options": ["theater", "train", "bathhouse", "dwelling", "actors and actresses"], "probs": [[0.9224086895883575, 0.017161002189130824, 0.017708519273992935, 0.020863849434436827, 0.021857939414081862], [0.012572507419567617, 0.008916893074950322, 0.012774281250057274, 0.13738004913066432, 0.8283562690247604], [0.021793123129502635, 0.01878914033071243, 0.03097651869702035, 0.8916594302166854, 0.036781787526079184], [0.05940147433393362, 0.06324020713642944, 0.8076509161263424, 0.044159780772086765, 0.025547621531207702], [0.4856799407231886, 0.34443814713767684, 0.058934578779448556, 0.07108383118303992, 0.039863502076646094]], "ideal": "A", "sampled": "A", "correct": true}}
{"type": "result", "data": {"idx": 46, "options": ["packaging materials", "recycle bin", "box factory", "warehouse", "bowler hats"], "probs": [[0.94274163587926, 0.011683058036004914, 0.011413137469838441, 0.02050602816028734, 0.013656140354609344], [0.008982979904954738, 0.007805922718916903, 0.014929432774984744, 0.037248269604361964, 0.9310333948967816], [0.013239794526949478, 0.010723770867176043, 0.023420993659365556, 0.8260119048827532, 0.12660353596375573], [0.0358233598150002, 0.030644766754984305, 0.8029763637948504, 0.08597627962283616, 0.044579229912329], [0.049212084865524384, 0.7945145038116833, 0.05158673771804522, 0.046252173986390206, 0.058434499518356865]], "ideal": "A", "sampled": "A", "correct": true}}
{"type": "result", "data": {"idx": 47, "options": ["sick person", "hospital", "elderly person", "graveyard", "doctor's office"], "probs": [[0.9218623259468688, 0.018543803302647106, 0.017019742400668426, 0.023446449046804287, 0.01912767920301137], [0.0439053990445124, 0.02387112511261864, 0.027482629780587794, 0.06292766444110817, 0.841813181521173], [0.045669202437441374, 0.026849713573895814, 0.044270598053537356, 0.7609949224574561, 0.12221556337766928], [0.054693545121938386, 0.043946056735105994, 0.7552906133356402, 0.07248548282543875, 0.07358430188187669], [0.045041677612964015, 0.7621183564970351, 0.07545140553520266, 0.04871964190531538, 0.06866891834948284]], "ideal": "A", "sampled": "A", "correct": true}}
{"type": "result", "data": {"idx": 48, "options": ["park", "internet", "meeting", "library", "book"], "probs": [[0.017811424696686694, 0.026949062438798247, 0.03250666274351661, 0.8517352183105809, 0.07099763171041762], [0.04606386985080284, 0.05219734843632754, 0.869264606925256, 0.024085819628269927, 0.008388355059343723], [0.08842178268550907, 0.8390155277490624, 0.02782764419956053, 0.02167049941072535, 0.023064545855142685], [0.9528459742924403, 0.013070331434491118, 0.010421196192260637, 0.014467448626338142, 0.009195049354469789], [0.011583547401546435, 0.011404009839462976, 0.021813179096840565, 0.027574731381731138, 0.9276245321804188]], "ideal": "D", "sampled": "D", "correct": true}}
{"type": "result", "data": {"idx": 49, "options": ["stagnant", "stagnation", "tradition", "hunger", "paper money"], "probs": [[0.7619605411305709, 0.1647749042279886, 0.024878366968208793, 0.037936272721883914, 0.01044991485134785], [0.9090097396723356, 0.018284239237218808, 0.02744916973777649, 0.031349339743975545, 0.01390751150869362], [0.009834541800828555, 0.016087859642649707, 0.03379295718807462, 0.7575999391774221, 0.18268470209102505], [0.029657700088297694, 0.09424858240916238, 0.5774237330123714, 0.2815084069953183, 0.017161577394850233], [0.060637352755206694, 0.6418779866598485, 0.26340370460020396, 0.02527931804019109, 0.008801637844549801]], "ideal": "B", "sampled": "A", "correct": false}}
{"type": "result", "data": {"idx": 50, "options": ["cause irrational behaviour", "recur", "effectively treated", "managed", "cause suffering"], "probs": [[0.04400001290000617, 0.05476741364500974, 0.7802471270487492, 0.07034199253550054, 0.05064345377073435], [0.11478631453825762, 0.7034184493185149, 0.050954007746116296, 0.06646512596684172, 0.06437610233026941], [0.8503399395426886, 0.025880694097515897, 0.023021854200647954, 0.061613927831889244, 0.03914358422725832], [0.012895802683186408, 0.007067229022152283, 0.012022608563238703, 0.04945130521902879, 0.9185630544123938], [0.023206032900711125, 0.01510286960745513, 0.034033042570237294, 0.8781475945353572, 0.04951046028623927]], "ideal": "C", "sampled": "C", "correct": true}}
{"type": "result", "data": {"idx": 51, "options": ["cast iron stomach", "physical exertion", "shin splints", "adventure", "fatigue"], "probs": [[0.19666148573680944, 0.13514959710118513, 0.09438110071683033, 0.15083475297049267, 0.42297306337468243], [0.3586616026597659, 0.11461978001103341, 0.11112161310758444, 0.18038644432369375, 0.2352105597979225], [0.07571403568652058, 0.06375279926984553, 0.06579424342161744, 0.15061978769852846, 0.644119133823488], [0.1907216579913859, 0.0958909526983728, 0.0770688641431024, 0.29091524641413175, 0.34540327865300713], [0.33716364218634753, 0.09073259341104156, 0.0893548468867673, 0.2546038443163472, 0.22814507309949641]], "ideal": "C", "sampled": "B", "correct": false}}
{"type": "result", "data": {"idx": 52, "options": ["chess game", "scheme", "chess set", "checkers", "north carolina"], "probs": [[0.9364683917938301, 0.012450500915661087, 0.019743190432776163, 0.018985742082316848, 0.012352174675415812], [0.07518882611788344, 0.33701820559111795, 0.044908342856117604, 0.12996630901895703, 0.41291831631592396], [0.28909240139302367, 0.036185593622546613, 0.04574483413426412, 0.5933557947139233, 0.035621376036242325], [0.03508240971056434, 0.035636732886269895, 0.7502561527389994, 0.0999660678120549, 0.07905863675211153], [0.07682774645400219, 0.7640680356872875, 0.045882908605249025, 0.07804906792702206, 0.03517224122643917]], "ideal": "A", "sampled": "A", "correct": true}}
{"type": "result", "data": {"idx": 53, "options": ["isolation", "grief", "happiness", "relief", "angry"], "probs": [[0.04809715863364171, 0.04311635620945866, 0.18440855625494748, 0.664518341403648, 0.059859587398304166], [0.04152711395355366, 0.1383187444341702, 0.7479281271484429, 0.048565427704105074, 0.023660586659728138], [0.19458271239030697, 0.6481670132965802, 0.0631819159491214, 0.05575755463750811, 0.03831080362648335], [0.7830165171706119, 0.028742753169371815, 0.0377875507372566, 0.07171950074442675, 0.07873367807833291], [0.026868106594467728, 0.01604360702440932, 0.028161430518780596, 0.11859736502029633, 0.810329490742046]], "ideal": "C", "sampled": "D", "correct": false}}
{"type": "result", "data": {"idx": 54, "options": ["continue to grow", "plant themselves", "many colors", "smell good", "make pretty"], "probs": [[0.08396598513846765, 0.09078919750365783, 0.11658389901884145, 0.5308886525844961, 0.17777226565453688], [0.0889956098335048, 0.1537764909047901, 0.5368668832515171, 0.1179232925832331, 0.1024377233269549], [0.1832458193557409, 0.582414318145418, 0.09657375333658923, 0.07639124846455882, 0.06137486059769309], [0.6494061011481368, 0.12588549492591566, 0.08002384333878036, 0.06952367359698679, 0.0751608868901804], [0.09727795658818379, 0.07229263702766035, 0.08720758101624587, 0.16550878315580708, 0.5777130421121028]], "ideal": "D", "sampled": "D", "correct": true}}
{"type": "result", "data": {"idx": 55, "options": ["controversy", "responsibility", "resentment", "judge feelings", "hurt feelings"], "probs": [[0.037070700962416, 0.047602423950622495, 0.6888787412125037, 0.0523024287770109, 0.17414570499744694], [0.0825762257857085, 0.5302763182242538, 0.08005459904073567, 0.24667970262533154, 0.06041315422397047], [0.09523132974728103, 0.10961741595487016, 0.6929952996616231, 0.05427037378118597, 0.04788558075503968], [0.03682027569444975, 0.07097969560444557, 0.030532769528675008, 0.061683717485794334, 0.7999835415866353], [0.06444044530567682, 0.03503770073595631, 0.0517867962179476, 0.773394241356144, 0.0753408162842753]], "ideal": "C", "sampled": "C", "correct": true}}
