{"type": "result", "data": {"idx": 0, "options": ["an average of 10 times, with an rms deviation of about 4", "an average of 10 times, with an rms deviation of about 3", "an average of 10 times, with an rms deviation of about 1", "an average of 10 times, with an rms deviation of about 0.1"], "probs": [[0.31425335531887005, 0.16152548547671042, 0.22565583546206078, 0.29856532364235877], [0.3223463248534567, 0.15913162886799062, 0.25937586633687454, 0.25914617984167815], [0.31819508560127446, 0.1713594542952211, 0.19843095846391498, 0.3120145015395895], [0.3337242304945054, 0.1609142720538396, 0.2608597576357335, 0.24450173971592154], [0.345354919776876, 0.18011340765513012, 0.19882937069974913, 0.27570230176824473], [0.3480925106016764, 0.17741998235209894, 0.20709360208108146, 0.26739390486514325], [0.3125803470298992, 0.16199579833318092, 0.21408820150141833, 0.3113356530355016], [0.3259307048611538, 0.15965950011625205, 0.250259421733047, 0.2641503731895472], [0.3201724934283473, 0.16976519180276867, 0.19353375125281466, 0.3165285634160694], [0.33907740345648085, 0.15961688216621217, 0.2588426326756696, 0.24246308160163738], [0.3463964370379019, 0.17784548864049396, 0.19491956797793789, 0.28083850624366624], [0.349622626578934, 0.17801358763543063, 0.20806466910949892, 0.2642991165761364], [0.3142856061144302, 0.1653332859112392, 0.20221443472270612, 0.3181666731516245], [0.32469033146772336, 0.15305514054288605, 0.2767043278360423, 0.24555020005334824], [0.3142911335939799, 0.162898324245241, 0.19939894373504352, 0.32341159832573557], [0.3280655541111454, 0.15221778010448878, 0.2773963891406536, 0.24232027654371216], [0.3501609950811584, 0.1826123784232884, 0.200406748012127, 0.2668198783834262], [0.35824585491182964, 0.18255210192988836, 0.19871546622189745, 0.26048657683638454], [0.3385151968174022, 0.16718386356471077, 0.20899525215657347, 0.2853056873613135], [0.3494468733154036, 0.15848465734579775, 0.23187395128893587, 0.26019451794986276], [0.3403045832770505, 0.16298334298888204, 0.20057941971203586, 0.29613265392203164], [0.350911273731459, 0.15777195283212292, 0.24023040052796363, 0.25108637280845447], [0.3419246869363786, 0.1701588132759997, 0.2147572721398509, 0.2731592275477708], [0.3453230158543072, 0.17051912334289282, 0.216830381227793, 0.267327479475007]], "ideal": "B", "sampled": "D", "correct": false}}
{"type": "result", "data": {"idx": 1, "options": ["500 nm", "550 nm", "600 nm", "650 nm"], "probs": [[0.306077344956666, 0.2219127664603154, 0.2384873585978391, 0.2335225298851795], [0.30240979787663463, 0.222561016656554, 0.2352375536921821, 0.23979163167462925], [0.30124350481467516, 0.22165688209531786, 0.24552533786448288, 0.23157427512552411], [0.29751591984885284, 0.22404948697086358, 0.23686998374269044, 0.24156460933759313], [0.3040938675099501, 0.22377063331750482, 0.23828443882466704, 0.23385106024787802], [0.30618451411275227, 0.22192230320390485, 0.23456035110513784, 0.23733283147820503], [0.3086028694797903, 0.2235515415444936, 0.23610943553470815, 0.2317361533410079], [0.3098069865605515, 0.2261453669804106, 0.23147652585619932, 0.23257112050283854], [0.29558199641132926, 0.21753603217810602, 0.250559538577773, 0.23632243273279172], [0.2985002949758843, 0.22135802771384214, 0.23574432377030882, 0.24439735343996472], [0.29565938863689417, 0.21742370398517236, 0.25428127861041233, 0.2326356286675212], [0.2972282722708145, 0.21540355359242705, 0.24596489596939775, 0.2414032780673607], [0.30258130573314584, 0.2351458782445801, 0.23328081913521378, 0.22899199678706025], [0.30194684410135186, 0.23839690923695617, 0.22744570331317088, 0.23221054324852106], [0.29088736010991406, 0.21577458403001049, 0.2625983396297108, 0.23073971613036465], [0.29620120367725833, 0.21979281631585676, 0.24144925534470255, 0.24255672456218233], [0.2925117139218767, 0.2137106231409806, 0.2598313534100486, 0.2339463094270941], [0.2929918249409592, 0.21892453586918328, 0.24824945266674106, 0.23983418642311644], [0.304767732362784, 0.24237197996296658, 0.22227771909216104, 0.23058256848208838], [0.3046380417327543, 0.24240815230604534, 0.22060164303071048, 0.23235216283048987], [0.28997163665501957, 0.2183642736590171, 0.26342515957290985, 0.22823893001305348], [0.30021434124643526, 0.22091085548245581, 0.2425636278576393, 0.23631117531346965], [0.28706109520902584, 0.21615758536084578, 0.2690414488046541, 0.2277398705254743], [0.2986332564840081, 0.22311242587458446, 0.24313168949830158, 0.23512262804310582]], "ideal": "C", "sampled": "A", "correct": false}}
{"type": "result", "data": {"idx": 2, "options": ["There are no changes in the internal energy of the system.", "The temperature of the system remains constant during the process.", "The entropy of the system and its environment remains unchanged.", "The entropy of the system and its environment must increase."], "probs": [[0.24558893601855647, 0.24494925898995482, 0.2584819716409059, 0.25097983325058276], [0.21679287177572418, 0.24154398253183182, 0.24330722195573937, 0.2983559236367046], [0.272120429719867, 0.2671581943269723, 0.22298178235555388, 0.23773959349760684], [0.26582317749514783, 0.2695104101176638, 0.22501517159431586, 0.2396512406928725], [0.24694921809794287, 0.25830677918911116, 0.2261706210795557, 0.2685733815333902], [0.2128870794625094, 0.2487864679435307, 0.2839219483391102, 0.25440450415484966], [0.2582302429750158, 0.2382378613448005, 0.2593801059967195, 0.24415178958346417], [0.2250394589985714, 0.23920101637835475, 0.24483395350016435, 0.2909255710229095], [0.2891428768345653, 0.27506616708865855, 0.2057856768163889, 0.23000527916038724], [0.2759863055672538, 0.2670407215375673, 0.21946009337316516, 0.23751287942201374], [0.2774356562003866, 0.2766236919391143, 0.207240503897797, 0.23870014786270205], [0.24340392686055357, 0.2589655363917346, 0.25264342110948046, 0.24498711553823138], [0.30485180471548406, 0.2257101271181615, 0.23078233345200985, 0.23865573461434458], [0.3002588405866348, 0.2332703734213736, 0.22761101679297555, 0.23885976909901604], [0.31336392836798377, 0.23940385812534123, 0.2094708507728229, 0.23776136263385209], [0.30005498823339327, 0.24056810911371346, 0.2206273310968985, 0.2387495714559948], [0.32591992127735714, 0.2571645042465582, 0.19527169769134903, 0.22164387668473565], [0.31392732259472117, 0.2517942189918494, 0.20690433678942158, 0.22737412152400788], [0.29580814419648266, 0.2369701387518499, 0.22071446321824928, 0.2465072537334181], [0.2851786059627653, 0.23961371538051507, 0.24119294046721343, 0.2340147380895062], [0.30351501247954565, 0.25894620626145654, 0.1999144673160304, 0.2376243138429674], [0.28680790322558686, 0.2530320063883952, 0.22463374507069586, 0.23552634521532206], [0.3143990133209248, 0.27700654494992094, 0.19136305721762625, 0.217231384411528], [0.30622280097257754, 0.2700167040259339, 0.20185792744909647, 0.22190256745239204]], "ideal": "C", "sampled": "C", "correct": true}}
{"type": "result", "data": {"idx": 3, "options": ["a dye laser", "a helium-neon laser", "an excimer laser", "a ruby laser"], "probs": [[0.308440864055307, 0.17092743514259048, 0.26129832861194696, 0.2593333720901555], [0.3104443688578866, 0.1669436320619368, 0.2654993056463626, 0.2571126933338139], [0.307026542168958, 0.1742111165490047, 0.2481892817823294, 0.2705730593997079], [0.31386961420434883, 0.17572770568328402, 0.2543297561349309, 0.2560729238774362], [0.3076816705252505, 0.17354876774158773, 0.24940190463546638, 0.26936765699769544], [0.3141879251769158, 0.1786563140776128, 0.24673703329855268, 0.26041872734691873], [0.2938500475820623, 0.1679486558246446, 0.2648843644987864, 0.2733169319945067], [0.2955877184572271, 0.16654318569425267, 0.26485043761465876, 0.27301865813386145], [0.2892822113129956, 0.16799501083586552, 0.264903940678092, 0.2778188370730469], [0.29575452646270023, 0.17205183462645432, 0.26304299028631656, 0.26915064852452886], [0.29695381058556747, 0.1700124965443694, 0.2499675564203436, 0.28306613634971955], [0.30660348213814875, 0.1768761522331938, 0.2482893392705184, 0.268231026258139], [0.2870036704104784, 0.18033783404719245, 0.2527415789819577, 0.2799169164603714], [0.29597438594872066, 0.1793324244240943, 0.2594366514759115, 0.2652565380512735], [0.28274577010588325, 0.17219092927072327, 0.26921283393752093, 0.27585046658587253], [0.2929998810594266, 0.1732896669506392, 0.2690071027610173, 0.2647033491289169], [0.28890674045217246, 0.17790717945150739, 0.25517617194342956, 0.2780099080528906], [0.2923593135672716, 0.17854159536538478, 0.2542495353489323, 0.27484955561841135], [0.30549488378971257, 0.17089662463436098, 0.2474753632141642, 0.27613312826176223], [0.3121297200664057, 0.17198824159518675, 0.25288788612137075, 0.26299415211703675], [0.3073810338666618, 0.16409856079367927, 0.25289344785068724, 0.27562695738897175], [0.3167349052599001, 0.17175309102377734, 0.2507434151705187, 0.26076858844580386], [0.3073507157450314, 0.17211164019438174, 0.2490316107908719, 0.27150603316971494], [0.3086743652511913, 0.17407780883955634, 0.24240672585924322, 0.27484109995000916]], "ideal": "A", "sampled": "D", "correct": false}}
{"type": "result", "data": {"idx": 4, "options": ["The Heisenberg uncertainty principle", "The Pauli exclusion principle", "The Bohr model of the atom", "Nuclear hyperfine coupling"], "probs": [[0.2607946654775019, 0.2222028192327321, 0.27198728511016723, 0.24501523007959874], [0.2612021902121498, 0.22284697326051403, 0.2561480142836129, 0.2598028221437233], [0.244333911578271, 0.2065880627215158, 0.3123091505499673, 0.2367688750502459], [0.2541546561188855, 0.21164979353888982, 0.2629931608025468, 0.2712023894396779], [0.24126955864400965, 0.2028267085349389, 0.29648578163996814, 0.25941795108108334], [0.23899922128610795, 0.2037942290667681, 0.27515733649299723, 0.28204921305412667], [0.27530862237390796, 0.20400610838244118, 0.27192820475194307, 0.2487570643917078], [0.27511523921501657, 0.20593506665248862, 0.25567247318128933, 0.2632772208512055], [0.28085295618584893, 0.20981430453114022, 0.2672007799120126, 0.2421319592709982], [0.27853676673964817, 0.20955318210413623, 0.25193312761648456, 0.25997692343973106], [0.27203381058833614, 0.20689618585424935, 0.2587207555512153, 0.2623492479061992], [0.26613109508085003, 0.20347272741331254, 0.25967138229183273, 0.2707247951140047], [0.2530440540682981, 0.19811285720947258, 0.301685023378067, 0.24715806524416226], [0.25685513016993217, 0.20124757287873998, 0.26365676519618375, 0.27824053165514406], [0.27026600045639687, 0.22213638157614543, 0.26315358670633426, 0.24444403116112343], [0.26629237131472955, 0.2204549378071789, 0.2505275979544809, 0.26272509282361073], [0.25320172684643444, 0.20783381471692122, 0.2536513544909526, 0.2853131038456917], [0.2478929012765947, 0.19881172476210887, 0.2742419540607869, 0.2790534198005096], [0.24331911993510236, 0.19046569720087794, 0.3008183375065961, 0.26539684525742363], [0.24733889484887497, 0.19192778204275143, 0.27127032256675615, 0.28946300044161744], [0.2607498985044709, 0.20442699774763165, 0.2675745109178918, 0.2672485927300057], [0.25789994383110415, 0.20171706677024612, 0.25927666213418077, 0.281106327164469], [0.25266859309335, 0.20066084264687048, 0.2625162044279946, 0.28415435973178493], [0.24166902177095625, 0.1918948533374445, 0.2883650276263767, 0.2780710971652225]], "ideal": "B", "sampled": "B", "correct": true}}
{"type": "result", "data": {"idx": 5, "options": ["1/2", "1", "3/2", "5/2"], "probs": [[0.22633626913765312, 0.22596752498080816, 0.28435044192513115, 0.26334576385640757], [0.2309348892377416, 0.22352627075306858, 0.2704642551590193, 0.2750745847501705], [0.22429807481906952, 0.23299385604912645, 0.26276105639691116, 0.27994701263489286], [0.24146208884274592, 0.2265286810925179, 0.28037426708440444, 0.25163496288033177], [0.2290641665229615, 0.2201181947964849, 0.2581674456338207, 0.2926501929467329], [0.22911347912433755, 0.2004769801679802, 0.31621711029449956, 0.25419243031318267], [0.19672439697318386, 0.24654334413710433, 0.2912251309576704, 0.26550712783204145], [0.19892460706667928, 0.247373838070309, 0.27452369294444656, 0.2791778618185652], [0.18304718084433605, 0.21719387818768907, 0.33471534650302615, 0.26504359436494873], [0.19448051475365935, 0.23819460397687095, 0.2768133158639429, 0.29051156530552674], [0.18134368413829288, 0.21187482140702737, 0.3315813144238616, 0.27520017993081813], [0.18879071157461044, 0.22413654957163923, 0.309392427017035, 0.2776803117367153], [0.22562387438090684, 0.2676802138823939, 0.24020293294190997, 0.2664929786947893], [0.25851391972955023, 0.2665042499483082, 0.237198658645315, 0.23778317157682657], [0.19460095753215273, 0.21178698853203223, 0.32878810653957197, 0.2648239472962431], [0.20935539587199156, 0.22612067717852968, 0.279730852222322, 0.28479307462715675], [0.21324793137706488, 0.18812701664852402, 0.3466484053577556, 0.25197664651665547], [0.2074025956362926, 0.2189188087089843, 0.268674156976471, 0.3050044385782521], [0.21344651061823408, 0.2614534950861245, 0.24381811877543091, 0.28128187542021055], [0.2297288728899499, 0.244448523695843, 0.2748645368628059, 0.25095806645140123], [0.18800289927033087, 0.2128626256968305, 0.32252162691705816, 0.2766128480157805], [0.19996893105706207, 0.2212265712532648, 0.2958498177143016, 0.2829546798753715], [0.2129138527163462, 0.20795568511856716, 0.32759287461949416, 0.25153758744559246], [0.20240403106560748, 0.23842860045347708, 0.2683050552247364, 0.29086231315617905]], "ideal": "C", "sampled": "A", "correct": false}}
{"type": "result", "data": {"idx": 6, "options": ["V_0/5", "V_0/3", "V_0/2", "2V_0/3"], "probs": [[0.22629847979061687, 0.24813747392422963, 0.28823490665860946, 0.23732913952654405], [0.23251669903704836, 0.2668741563627232, 0.2820704793030932, 0.21853866519713522], [0.21833932586278687, 0.25088162712439677, 0.2870262689883817, 0.2437527779244347], [0.22829559783285158, 0.2659432927393701, 0.2944838448242485, 0.21127726450352977], [0.2219817058828992, 0.25458417802981737, 0.31483222154614793, 0.2086018944411355], [0.23119797154734176, 0.25700864576226307, 0.30769655563878473, 0.20409682695161038], [0.2323107604794465, 0.23184487566782522, 0.29594484409628496, 0.23989951965644332], [0.2359936123253388, 0.2583264150707843, 0.2732678096210054, 0.2324121628828715], [0.24166152648709988, 0.24871975929873216, 0.271445415247791, 0.238173298866377], [0.24473790061225584, 0.2676430722101036, 0.26994461622949933, 0.2176744108481412], [0.2422367857977868, 0.2530654593135534, 0.2805896615525733, 0.22410809323608652], [0.23994478938482028, 0.2542660273992967, 0.29066977335094096, 0.21511940976494204], [0.2178239057933365, 0.2352344831728831, 0.29581140251845794, 0.2511302084153224], [0.22226567398862684, 0.2510400861870593, 0.30070297719231137, 0.22599126253200244], [0.22573500196658244, 0.25139086686866297, 0.2745936728860421, 0.24828045817871244], [0.23087929530933335, 0.26069608716587106, 0.2845408362542289, 0.2238837811705667], [0.2321545287207607, 0.2623273847285167, 0.29066626533937706, 0.21485182111134554], [0.22632572868212605, 0.25152384482718054, 0.3159153665013491, 0.20623505988934426], [0.23703158605802774, 0.24094855010926905, 0.3327420154698348, 0.18927784826286845], [0.24328297736719748, 0.24741991230487087, 0.31812578910575634, 0.19117132112217533], [0.24131188153762317, 0.2610707619684748, 0.2942204220927647, 0.20339693430113734], [0.24322845039319577, 0.25878977772985834, 0.3054454028300969, 0.19253636894684897], [0.24662566917533071, 0.2668435652836617, 0.2911655393299028, 0.19536522611110477], [0.2347335666183342, 0.24761797485259568, 0.3389557599682407, 0.17869269846082947]], "ideal": "D", "sampled": "D", "correct": true}}
{"type": "result", "data": {"idx": 7, "options": ["0.25mc^2", "0.60mc^2", "0.67mc^2", "1.25mc^2"], "probs": [[0.2817152398287386, 0.27662348332286074, 0.23294494696694293, 0.20871632978145777], [0.2818168103413099, 0.2767087816915369, 0.2294079512128304, 0.21206645665432283], [0.27818426487048176, 0.2567005455237226, 0.25239273903230164, 0.212722450473494], [0.28038122411602656, 0.26650055446044263, 0.23888798833818545, 0.2142302329853454], [0.27016646069814865, 0.23042521221755227, 0.28621122664646054, 0.2131971003378385], [0.27458649461821893, 0.23426955586907697, 0.27766102135890164, 0.21348292805380242], [0.28681414461801846, 0.24445239468596455, 0.25634955593318576, 0.21238390466283122], [0.281543284626463, 0.24381992218440401, 0.25937500593452695, 0.21526178715460603], [0.28928509351698517, 0.24662542340673393, 0.24663029608644385, 0.21745918688983704], [0.28873636455222357, 0.24624132373727642, 0.2544009311421347, 0.2106213804683653], [0.2828687131122008, 0.24495287237102015, 0.24914629754912865, 0.2230321168676504], [0.29007216420634135, 0.24350736307130938, 0.2515259905943283, 0.21489448202802097], [0.2754282478159126, 0.23835332264692197, 0.2692815483516086, 0.2169368810855568], [0.27461982589061124, 0.2451976461522251, 0.2603887694929555, 0.2197937583642081], [0.2850874236646971, 0.24698044743241668, 0.2468121537254335, 0.2211199750774527], [0.2838934575067149, 0.2459694967629065, 0.25333826976453266, 0.21679877586584592], [0.2790515124518769, 0.241574183082265, 0.2526215016589267, 0.22675280270693135], [0.2849681547758452, 0.23914930643062557, 0.2581346217373583, 0.2177479169561709], [0.2694111643725413, 0.2298810677053644, 0.2944742011219444, 0.20623356670014992], [0.27553448899417965, 0.23501042229598337, 0.27853412263391963, 0.21092096597591736], [0.2925329418923104, 0.27010574129187864, 0.22378427611186588, 0.21357704060394506], [0.2935586869423086, 0.2709062099185881, 0.2246447801365321, 0.21089032290257123], [0.2926728899587313, 0.27006189642005013, 0.22712150077464904, 0.2101437127465695], [0.29363068935319003, 0.2666045427055783, 0.23517619071039197, 0.20458857713083967]], "ideal": "A", "sampled": "B", "correct": false}}
{"type": "result", "data": {"idx": 8, "options": ["Planck\u2019s constant", "Boltzmann\u2019s constant", "The Rydberg constant", "The speed of light"], "probs": [[0.22956093337508007, 0.19501732869037863, 0.2683626493055276, 0.30705908852901365], [0.2244369007254784, 0.19657381462795204, 0.29274828111427964, 0.2862410034322899], [0.23559130991064792, 0.2064933930498542, 0.24305048903258683, 0.314864807906911], [0.23188735196823596, 0.21959808139396042, 0.2839087205258906, 0.26460584601191306], [0.2550170237323594, 0.24520657560190817, 0.221766019818333, 0.2780103807473994], [0.2530252933249172, 0.2509036957966717, 0.23748478291044037, 0.2585862278679707], [0.21043835578244585, 0.27362543341761425, 0.24736143646150804, 0.26857477423843185], [0.20876538686114646, 0.275529393859267, 0.2574816750118687, 0.25822354416771787], [0.17312799134418616, 0.18055376139632706, 0.3841091336803608, 0.26220911347912595], [0.1745683181663371, 0.1904340471330905, 0.31599466421996636, 0.31900297038060604], [0.18629543758996173, 0.2134442659022192, 0.3432341566820555, 0.2570261397257636], [0.19892652923640736, 0.2346365372493633, 0.25559402271319603, 0.3108429107010333], [0.22464446721214706, 0.2494216859091246, 0.23963855204570014, 0.28629529473302817], [0.220868223261555, 0.264862201638492, 0.2583220523837555, 0.25594752261619746], [0.18167930568905868, 0.18363754175797234, 0.3843236209913675, 0.25035953146160145], [0.18618744332437326, 0.19687278273412626, 0.30242082022949557, 0.3145189536120049], [0.1989834963773435, 0.22405094573793277, 0.3276938893376091, 0.24927166844711457], [0.2123439758803693, 0.24287602302983533, 0.23353590068865965, 0.3112441003011357], [0.24515639243058537, 0.2594661712387018, 0.2240117043032748, 0.271365731927438], [0.24656367278993174, 0.26915626339344345, 0.2322381127982427, 0.2520419509183821], [0.19553419945668865, 0.20389646289693825, 0.35517528649593083, 0.2453940510504423], [0.21363990006694625, 0.21570725736845156, 0.26663687822536575, 0.30401596423923644], [0.20294612946486743, 0.21474467535769265, 0.3397195985531774, 0.2425895965242625], [0.2214911678878531, 0.2307672156505733, 0.2327885433555158, 0.3149530730060578]], "ideal": "A", "sampled": "A", "correct": true}}
{"type": "result", "data": {"idx": 9, "options": ["mc/2", "mc/(2^(1/2))", "mc", "(3^(1/2))mc"], "probs": [[0.24457090361739553, 0.25041859593216, 0.25950681387252883, 0.24550368647791565], [0.26603645083628086, 0.25137159225811173, 0.27701491114707266, 0.2055770456585347], [0.23636385443881056, 0.21700620325710612, 0.31635868074772167, 0.23027126145636162], [0.2300860984431835, 0.23951178367328665, 0.27663866919367786, 0.25376344858985195], [0.2667002558426475, 0.2421467344751176, 0.2930014002178535, 0.19815160936438142], [0.23126427938626548, 0.23692773358075425, 0.260842486543649, 0.27096550038933126], [0.24521145222119115, 0.22859221694567716, 0.2680053114623047, 0.258191019270827], [0.2783730203362228, 0.23924971045025126, 0.28038458760029983, 0.2019926815132261], [0.2531290352091384, 0.22488021848337136, 0.2719122469153289, 0.25007849929216136], [0.24971975383645534, 0.23458002505340814, 0.2653580009671928, 0.2503422200429437], [0.2925457786869123, 0.23941626722577372, 0.27654109638582847, 0.19149685760148555], [0.24388974539151098, 0.23264218517834812, 0.26749753550749, 0.25597053382265084], [0.22322870123452745, 0.25518526863928054, 0.2904939862648033, 0.23109204376138867], [0.21523010407873258, 0.2923316911713258, 0.25563704584013525, 0.23680115880980634], [0.23803878963535666, 0.2593155762395887, 0.256523605313225, 0.2461220287118297], [0.2378926908417973, 0.27615189961044007, 0.2477562017156711, 0.23819920773209155], [0.20065014959281546, 0.21882162474090439, 0.3142042896226686, 0.26632393594361153], [0.22103751205510058, 0.2374384892894493, 0.28458513534567914, 0.25693886320977094], [0.23862478490208686, 0.2491557784003574, 0.2968328639096149, 0.21538657268794087], [0.19483450633826108, 0.25595385596439296, 0.26061225711517894, 0.28859938048216704], [0.2689014374940907, 0.2344052195314606, 0.29088008400869275, 0.20581325886575597], [0.2204623204524783, 0.23276421322665808, 0.278549151306261, 0.2682243149146026], [0.18161109629278513, 0.21069446831904337, 0.31668258653938697, 0.2910118487487845], [0.20649307964167368, 0.22149297592809178, 0.29348751899645387, 0.27852642533378064]], "ideal": "D", "sampled": "B", "correct": false}}
{"type": "result", "data": {"idx": 10, "options": ["square", "hexagon", "cube", "tetrahedron"], "probs": [[0.2535313329810984, 0.24356415502430967, 0.2918254689308423, 0.2110790429637496], [0.2533068769905078, 0.24857824659446714, 0.29724179043964466, 0.20087308587538036], [0.24767966935064673, 0.2360840474739628, 0.3083771214829033, 0.20785916159248713], [0.24793845043178891, 0.2361012661801917, 0.3031249894923087, 0.2128352937957107], [0.252072390112817, 0.2531987986728849, 0.29328590191522075, 0.20144290919907734], [0.2573380912679533, 0.24691763536143932, 0.2817462216485194, 0.2139980516220879], [0.24365204169334476, 0.23225707851667082, 0.3081105786899334, 0.21598030100005094], [0.24629250144239015, 0.23246060204926716, 0.31492592778191386, 0.20632096862642882], [0.2567095718021345, 0.2506366930556493, 0.27551793638815125, 0.21713579865406496], [0.2526788115248725, 0.2408435940501649, 0.3042715191536854, 0.2022060751712772], [0.26065458679626907, 0.26800544849313945, 0.2695397613878826, 0.2018002032227089], [0.2586401518312805, 0.24633659031028501, 0.2898171971366802, 0.20520606062175434], [0.24366311726517684, 0.21981063482947463, 0.33042702075515007, 0.20609922705019848], [0.25065980479564165, 0.2189843454283991, 0.31852562656163114, 0.2118302231143281], [0.2667597015459718, 0.2542729751294785, 0.26871950232439723, 0.2102478209001525], [0.26174445517690903, 0.24171708472439948, 0.2982362388214994, 0.19830222117719204], [0.2653503816048407, 0.2566093014960202, 0.27074579364738, 0.2072945231517591], [0.25799039388088957, 0.23817974681528434, 0.3053426787747973, 0.1984871804290288], [0.259411011005493, 0.23169787571047212, 0.306421880489074, 0.2024692326949609], [0.25930059726329235, 0.2282528796043095, 0.2951428381846101, 0.21730368484778806], [0.2741148634943351, 0.2545572372752524, 0.27041532218227626, 0.2009125769481362], [0.26710443094059483, 0.2407480334548985, 0.28993962464177236, 0.20220791086273435], [0.26924627615432206, 0.24079000588646648, 0.27469896858122284, 0.21526474927798858], [0.2664731363246658, 0.2329405178510506, 0.29876281917794645, 0.2018235265463372]], "ideal": "D", "sampled": "D", "correct": true}}
{"type": "result", "data": {"idx": 11, "options": ["0.024 m", "0.048 m", "0.121 m", "0.242 m"], "probs": [[0.30455011580148805, 0.221606377066958, 0.2518781162826388, 0.22196539074891516], [0.2989172294598337, 0.21752448053681459, 0.2587268313696516, 0.22483145853370015], [0.3107575157651251, 0.22273521624381165, 0.24343224553704004, 0.2230750223540232], [0.30918339813190554, 0.2249432570990465, 0.24389515051474495, 0.22197819415430303], [0.3069821091279998, 0.22692904550336593, 0.24048284410464518, 0.2256060011639891], [0.31101293958535803, 0.2315722451169671, 0.23765859433158215, 0.21975622086609273], [0.3129574106761394, 0.22254838378809225, 0.24500365917920272, 0.2194905462565656], [0.30355004830081844, 0.22256969908200885, 0.250804137449403, 0.2230761150677697], [0.3101681491272092, 0.22051785402615376, 0.24313268869477855, 0.22618130805185846], [0.3058051350886869, 0.22246143055487885, 0.24695833006763473, 0.2247751041887995], [0.30568135692643106, 0.22081530750019474, 0.24705696839773603, 0.22644636707563814], [0.31650492074148434, 0.2285130287699915, 0.2364852541972357, 0.21849679619128848], [0.30754922670324114, 0.22556140870946523, 0.24087428989828646, 0.22601507458900716], [0.3096743020008566, 0.22356421419423989, 0.24615330235145536, 0.22060818135344812], [0.30965938026546586, 0.22535925954468067, 0.24267952098085716, 0.2223018391089963], [0.3157590282279543, 0.22444009444197585, 0.24351535372213187, 0.21628552350793792], [0.3030598921893019, 0.21375987466105606, 0.25859336886531864, 0.22458686418432341], [0.3086751883123706, 0.21604323182587454, 0.25533686607530603, 0.2199447136864488], [0.3071156189598829, 0.23238566861787668, 0.23482975711306692, 0.22566895520917352], [0.31828389517116285, 0.23515919549376166, 0.22852710568190504, 0.21802980355317048], [0.30861078548985854, 0.2245961263310502, 0.24355581361932724, 0.22323727445976402], [0.3192897140660477, 0.23054154214937778, 0.23657073078173996, 0.21359801290283453], [0.3116189128813805, 0.2129954971455425, 0.25169976063236466, 0.22368582924071231], [0.3138530207282416, 0.21450611627182897, 0.2515775225569929, 0.2200633403429365]], "ideal": "D", "sampled": "D", "correct": true}}
{"type": "result", "data": {"idx": 12, "options": ["Specific heat", "Thermal conductivity", "Electrical resistivity", "Hall coefficient"], "probs": [[0.24792618689991922, 0.21461710222772087, 0.277632275372378, 0.2598244353999819], [0.25884509084020435, 0.21400631962066632, 0.2408726960179736, 0.2862758934211557], [0.2599571904286484, 0.22847088828676745, 0.2431564443590009, 0.26841547682558325], [0.26705756382868057, 0.23119304727398518, 0.23710992576627218, 0.26463946303106206], [0.2704228798837677, 0.2184891137037107, 0.2187534752083636, 0.29233453110415797], [0.2631158232425788, 0.21936973927211514, 0.25280237195347954, 0.2647120654318265], [0.2377460080819204, 0.20732808983255124, 0.2832623635467042, 0.2716635384388241], [0.24811422833618552, 0.20658676582972044, 0.2437288168586656, 0.30157018887542847], [0.26310464737168454, 0.2311020791299507, 0.22552019355426073, 0.28027307984410404], [0.28533204961945297, 0.22815984145267312, 0.24443295231352277, 0.24207515651435113], [0.2627872565541226, 0.21543449482304958, 0.2121998848136639, 0.3095783637091639], [0.26871876304330833, 0.21331188299240106, 0.27545375967527064, 0.24251559418901994], [0.24659220484080557, 0.22022118656613945, 0.2554643566113513, 0.27772225188170363], [0.2531213835558906, 0.22256658142267977, 0.2507378533451711, 0.2735741815762585], [0.25169429180489344, 0.2194355427999406, 0.23881167170997503, 0.2900584935851909], [0.278508245917126, 0.21750906107634785, 0.26196920869114926, 0.24201348421537688], [0.2654002269032404, 0.22818916693746272, 0.22844995215560415, 0.27796065390369273], [0.28675508496277957, 0.22413970527791716, 0.2419068664070456, 0.2471983432522577], [0.2711012999606426, 0.20892091404674754, 0.23133045777347722, 0.28864732811913263], [0.2649196167001335, 0.21227351461533436, 0.25824017099659624, 0.2645666975879359], [0.2766615028405018, 0.20790516398682118, 0.22110578917263174, 0.2943275439000453], [0.2827289742355289, 0.20731561192757397, 0.27401316571495377, 0.23594224802194336], [0.2745979129993499, 0.22671492395518036, 0.22863878307440327, 0.27004837987106645], [0.2894712003933637, 0.2191273504536563, 0.24768581245789206, 0.24371563659508794]], "ideal": "D", "sampled": "C", "correct": false}}
{"type": "result", "data": {"idx": 13, "options": ["two hydrogen atoms and one helium atom", "four hydrogen atoms and one helium atom", "six hydrogen atoms and two helium atoms", "three helium atoms and one carbon atom"], "probs": [[0.2838233197590997, 0.21643393384539192, 0.28895307445476975, 0.21078967184073863], [0.3044037177198151, 0.22497732599843856, 0.2495728693716567, 0.2210460868100896], [0.27435407448579247, 0.19986197648228296, 0.30701172806250165, 0.21877222086942294], [0.29495620285070506, 0.21493674492271003, 0.26375481090657654, 0.22635224122000835], [0.27673742584705757, 0.18922868651090255, 0.3025677248915617, 0.23146616265047817], [0.26639818147127536, 0.19100204041195526, 0.305427424983493, 0.23717235303327633], [0.2857851428369771, 0.22153354018996438, 0.2754131894344825, 0.21726812743857601], [0.30747510147148616, 0.23097467533575378, 0.22948494673550376, 0.23206527635725632], [0.2800059956033067, 0.21538250467087472, 0.2743665318567349, 0.23024496776908368], [0.29732018585150566, 0.22359648992604075, 0.24191675044535504, 0.23716657367709854], [0.2805312871652452, 0.19646772740306745, 0.27720451352208425, 0.2457964718096031], [0.27524018695046126, 0.1944824932989082, 0.2872615499099161, 0.2430157697407144], [0.2675117512150557, 0.204086792387718, 0.3084355844481966, 0.2199658718490297], [0.29303603924807053, 0.22355837784620147, 0.25339287139336225, 0.23001271141236573], [0.2710846879483969, 0.21516516161301327, 0.28911798327898675, 0.2246321670596031], [0.2973384051424474, 0.22533257974912194, 0.24751623710053297, 0.22981277790789764], [0.268364642062242, 0.19704906934092484, 0.2957125945944801, 0.23887369390235305], [0.26061774074266114, 0.19011651544209093, 0.30803094229094274, 0.2412348014243052], [0.2594642677563881, 0.19340910303758319, 0.30895325998782974, 0.23817336911819897], [0.2601796504675286, 0.20345641089981586, 0.30305699865724467, 0.23330693987541085], [0.26308779885878325, 0.19633275241175585, 0.2971402925805358, 0.24343915604892505], [0.2603089368267185, 0.20207185755567772, 0.2986310600119853, 0.23898814550561845], [0.2630209663697461, 0.19933235940329228, 0.30180642455489987, 0.2358402495720618], [0.25706475970558623, 0.19650152323665174, 0.306722432344282, 0.23971128461348004]], "ideal": "B", "sampled": "B", "correct": true}}
{"type": "result", "data": {"idx": 14, "options": ["Lines in the infrared, visible, and ultraviolet regions of the spectrum reveal primarily the nuclear structure of the sample.", "The wavelengths identified in an absorption spectrum of an element are among those in its emission spectrum.", "Absorption spectra can be used to determine which elements are present in distant stars.", "Spectral analysis can be used to identify the composition of galactic dust."], "probs": [[0.31404912468630747, 0.21799860892500036, 0.21461765465974397, 0.25333461162894816], [0.3114476044811714, 0.21291054244790686, 0.2016971350273168, 0.2739447179436049], [0.3119885874676361, 0.20991527719312914, 0.216453623504844, 0.2616425117343908], [0.3020662828054133, 0.20187065590967687, 0.20190580774735822, 0.2941572534375516], [0.3069070072733521, 0.20013684628800446, 0.21664122390491655, 0.2763149224337269], [0.29811984297632205, 0.19764967260768407, 0.21389199791199856, 0.29033848640399534], [0.3295633890765178, 0.2251643605354081, 0.20695183295778685, 0.2383204173302873], [0.32764503305660797, 0.22211164729564364, 0.19188282117261324, 0.2583604983751351], [0.3291123856142722, 0.2162786754194983, 0.2051543623771905, 0.249454576489039], [0.3183346986452295, 0.20948821304133755, 0.19418436286891774, 0.2779927253445152], [0.32048725601080047, 0.20897848590640847, 0.20147522981722196, 0.2690590281655691], [0.31464266773892147, 0.20549307761521576, 0.20284269748089828, 0.27702155706496445], [0.305899716443547, 0.21913826320824134, 0.21418858956723894, 0.2607734306809727], [0.2961145043076993, 0.21231174466871022, 0.19376546142547818, 0.2978082894981122], [0.29925610415661547, 0.22285049989680164, 0.21472942616755783, 0.26316396967902506], [0.29448032815015474, 0.2195477518152355, 0.19447653283434246, 0.29149538710026734], [0.28238314387358665, 0.19772061703612087, 0.21768924591748584, 0.30220699307280663], [0.27954271016391086, 0.1989952146957718, 0.2245073284802739, 0.29695474656004345], [0.2867210038183903, 0.2186196464904291, 0.21543970907919663, 0.279219640511984], [0.28113254901935686, 0.2179004698773875, 0.21162755785256313, 0.2893394231506925], [0.28251327344244576, 0.22054653853415776, 0.2108511124720922, 0.28608907545130424], [0.28100998044213854, 0.22315195865640594, 0.2087350847731437, 0.2871029760283118], [0.2747977796576798, 0.2049335630748481, 0.22375279172892565, 0.2965158654385464], [0.2689777113989944, 0.2086714350468286, 0.2297966457825099, 0.29255420767166707]], "ideal": "A", "sampled": "B", "correct": false}}
{"type": "result", "data": {"idx": 15, "options": ["Bosons have symmetric wave functions and obey the Pauli exclusion principle.", "Bosons have antisymmetric wave functions and do not obey the Pauli exclusion principle.", "Fermions have symmetric wave functions and obey the Pauli exclusion principle.", "Fermions have antisymmetric wave functions and obey the Pauli exclusion principle."], "probs": [[0.34843143298075024, 0.22538114746073404, 0.18054000762475145, 0.24564741183376426], [0.34401044758710014, 0.22951853615013157, 0.1880758283557545, 0.23839518780701377], [0.3398340490194748, 0.22664733705724752, 0.1902655128825696, 0.24325310094070812], [0.33115594588914155, 0.23486388517463333, 0.1970544398511754, 0.23692572898504974], [0.34047891735480357, 0.23802472577246347, 0.1890619211640792, 0.23243443560865373], [0.3363281488082251, 0.2387758344173074, 0.18803396819141693, 0.23686204848305054], [0.3412033871371621, 0.23484140891777053, 0.18354277188304252, 0.24041243196202486], [0.34454838877979826, 0.2335342362199734, 0.1866502529203393, 0.23526712197988903], [0.33384281393527415, 0.24079847333407445, 0.18654932079833877, 0.2388093918323126], [0.33119798196815475, 0.24250235022418118, 0.19672917120768046, 0.2295704964999836], [0.342545295583545, 0.24315869443430743, 0.18407043538532092, 0.23022557449682665], [0.34762015417288256, 0.24284664922242813, 0.1866702409398114, 0.22286295556487792], [0.3318591813793213, 0.22832785673672393, 0.2022693483466685, 0.23754361343728628], [0.3414508402006114, 0.23096625504568236, 0.1907766461181599, 0.23680625853554635], [0.3355817544436332, 0.23449271658007448, 0.19342434453338725, 0.23650118434290507], [0.33929608732215705, 0.23689769637163158, 0.1923482033858383, 0.23145801282037307], [0.34638683952244753, 0.23811676386249808, 0.17897666455575195, 0.2365197319593024], [0.3394137817456524, 0.23711108452359744, 0.18825512561539395, 0.2352200080153562], [0.3437332254503238, 0.23258405678747401, 0.1962874385304085, 0.2273952791317937], [0.34344208237074614, 0.23971167204367105, 0.17860905824305676, 0.23823718724252607], [0.34677589969671707, 0.23468295436786082, 0.189023127805855, 0.2295180180295671], [0.3577903646860691, 0.23101765372450211, 0.18170065363762775, 0.229491327851801], [0.35318729626675427, 0.2351466986937592, 0.17796911461591863, 0.2336968903235679], [0.3524786531572723, 0.2310328781373734, 0.18332162497594578, 0.23316684362940854]], "ideal": "D", "sampled": "D", "correct": true}}
{"type": "result", "data": {"idx": 16, "options": ["The Heisenberg uncertainty principle", "The Pauli exclusion principle", "The Bohr model of the atom", "Nuclear hyperfine coupling"], "probs": [[0.2607946654775019, 0.2222028192327321, 0.27198728511016723, 0.24501523007959874], [0.2612021902121498, 0.22284697326051403, 0.2561480142836129, 0.2598028221437233], [0.244333911578271, 0.2065880627215158, 0.3123091505499673, 0.2367688750502459], [0.2541546561188855, 0.21164979353888982, 0.2629931608025468, 0.2712023894396779], [0.24126955864400965, 0.2028267085349389, 0.29648578163996814, 0.25941795108108334], [0.23899922128610795, 0.2037942290667681, 0.27515733649299723, 0.28204921305412667], [0.27530862237390796, 0.20400610838244118, 0.27192820475194307, 0.2487570643917078], [0.27511523921501657, 0.20593506665248862, 0.25567247318128933, 0.2632772208512055], [0.28085295618584893, 0.20981430453114022, 0.2672007799120126, 0.2421319592709982], [0.27853676673964817, 0.20955318210413623, 0.25193312761648456, 0.25997692343973106], [0.27203381058833614, 0.20689618585424935, 0.2587207555512153, 0.2623492479061992], [0.26613109508085003, 0.20347272741331254, 0.25967138229183273, 0.2707247951140047], [0.2530440540682981, 0.19811285720947258, 0.301685023378067, 0.24715806524416226], [0.25685513016993217, 0.20124757287873998, 0.26365676519618375, 0.27824053165514406], [0.27026600045639687, 0.22213638157614543, 0.26315358670633426, 0.24444403116112343], [0.26629237131472955, 0.2204549378071789, 0.2505275979544809, 0.26272509282361073], [0.25320172684643444, 0.20783381471692122, 0.2536513544909526, 0.2853131038456917], [0.2478929012765947, 0.19881172476210887, 0.2742419540607869, 0.2790534198005096], [0.24331911993510236, 0.19046569720087794, 0.3008183375065961, 0.26539684525742363], [0.24733889484887497, 0.19192778204275143, 0.27127032256675615, 0.28946300044161744], [0.2607498985044709, 0.20442699774763165, 0.2675745109178918, 0.2672485927300057], [0.25789994383110415, 0.20171706677024612, 0.25927666213418077, 0.281106327164469], [0.25266859309335, 0.20066084264687048, 0.2625162044279946, 0.28415435973178493], [0.24166902177095625, 0.1918948533374445, 0.2883650276263767, 0.2780710971652225]], "ideal": "B", "sampled": "B", "correct": true}}
