{"type": "result", "data": {"idx": 0, "options": ["r = k ln[A]", "r = k [A]^2", "r = k [A]", "r = k"], "probs": [[0.19651299420249804, 0.20930467232004862, 0.298264022167539, 0.2959183112099143], [0.19164729973160888, 0.19503217315357446, 0.3154781303453036, 0.297842396669513], [0.21266856564949554, 0.21946906859283807, 0.3028053821502542, 0.2650569835074122], [0.20239439906233778, 0.21011887801749699, 0.2963508411401818, 0.29113588167998344], [0.24274732170061694, 0.2179948687335411, 0.29192730781496923, 0.24733050165087272], [0.2095700893894414, 0.20468487758459175, 0.29322697040011136, 0.2925180625258555], [0.1839202614850621, 0.23302493639903157, 0.29239815034925337, 0.29065665166665294], [0.18176519868940405, 0.22325500843676568, 0.29839026924964096, 0.2965895235241893], [0.16903888673764209, 0.17720165318857897, 0.4027442811699013, 0.25101517880387764], [0.14815600214907143, 0.17936290798777813, 0.2593107819297879, 0.4131703078333625], [0.17350857992276436, 0.16855132092645994, 0.3957669076384855, 0.2621731914122902], [0.14883474560576224, 0.18038910087959809, 0.2487312033901868, 0.42204495002445286], [0.20083335039991485, 0.2797658145147938, 0.2568659782152802, 0.26253485677001115], [0.1991117298403946, 0.2620752453541941, 0.2656768560143869, 0.2731361686910244], [0.16028157352637523, 0.1709932437664117, 0.3948242781609138, 0.2739009044462992], [0.14197875990202125, 0.17218932714906068, 0.2374481083626445, 0.4483838044862736], [0.1745343033119204, 0.17570672665706463, 0.4021995901331498, 0.2475593797978651], [0.1671244824827154, 0.19631025485683737, 0.2319797758821098, 0.40458548667833744], [0.21408997792978948, 0.3079233811178348, 0.24574107295411723, 0.23224556789825848], [0.1988374173269129, 0.2873461289021042, 0.2535401024198327, 0.2602763512511502], [0.17058489452452272, 0.16348048312159555, 0.396004986901991, 0.26992963535189074], [0.15347472060389472, 0.1835045394640127, 0.2416712379462929, 0.42134950188579967], [0.16697075463738992, 0.16836258265592116, 0.4165090793995067, 0.24815758320718223], [0.15729807550076344, 0.18514013564434173, 0.23985782620680582, 0.417703962548089]], "ideal": "D", "sampled": "A", "correct": false}}
{"type": "result", "data": {"idx": 1, "options": ["all molecular bonds absorb IR radiation", "IR peak intensities are related to molecular mass", "most organic functional groups absorb in a characteristic region of the IR spectrum", "each element absorbs at a characteristic wavelength"], "probs": [[0.22918824383656197, 0.17572402247775798, 0.3782149721996003, 0.21687276138607972], [0.18636256732213363, 0.1748770054236565, 0.22455475066673442, 0.41420567648747547], [0.28706753678830055, 0.2936557276798045, 0.20806727121280066, 0.21120946421909423], [0.27517078554132157, 0.2972839607277042, 0.2152841038168604, 0.21226114981411381], [0.20799504587910242, 0.19066748235710482, 0.20309883679792357, 0.3982386348658692], [0.22605008364219595, 0.18443798192513453, 0.37216727258265925, 0.21734466175001024], [0.20342626862538696, 0.18527562638343886, 0.39135950216672016, 0.219938602724454], [0.17034438758411427, 0.18263967877706414, 0.23749219586537196, 0.40952373767344963], [0.2677775402927109, 0.27358234741283527, 0.21907081360625427, 0.23956929858819953], [0.26113803359361937, 0.29335962054297565, 0.21179291060503444, 0.23370943515837056], [0.1735173535091204, 0.18770820551538012, 0.22786537281982158, 0.4109090680556779], [0.19691999525127507, 0.18934019110754885, 0.388675843618016, 0.22506396992316008], [0.416345829704244, 0.18499666063107775, 0.18704624096944508, 0.2116112685952332], [0.4129600884048456, 0.18639537967956812, 0.19406922448824118, 0.20657530732734508], [0.38497135500974405, 0.18503464920768364, 0.2010618627819698, 0.22893213290060252], [0.3896020824639748, 0.1946314213065522, 0.18958091091320628, 0.22618558521626667], [0.3938348590933832, 0.18781939147024698, 0.20524550972316594, 0.21310023961320382], [0.39571060547118214, 0.19758054023255375, 0.1806512719018031, 0.22605758229446096], [0.22641482609608365, 0.18599000294151663, 0.19921342729702107, 0.38838174356537863], [0.2516999729992559, 0.17973592724611534, 0.3648293885841759, 0.20373471107045285], [0.20219509301547842, 0.1769105344833847, 0.21490392086741036, 0.40599045153372654], [0.2501702718262665, 0.18148190592568836, 0.3528235712066733, 0.21552425094137181], [0.3133615851088921, 0.2717221677031592, 0.20171457527050848, 0.2132016718174402], [0.3143661273050934, 0.2923661128531672, 0.18274596059363563, 0.2105217991481038]], "ideal": "C", "sampled": "C", "correct": true}}
{"type": "result", "data": {"idx": 2, "options": ["2", "3", "4", "5"], "probs": [[0.2178402095815256, 0.24603602287693144, 0.29553338882351976, 0.24059037861802318], [0.2154699435334538, 0.2471286059890259, 0.2919158165213126, 0.2454856338562077], [0.2155732766555794, 0.22878947296332988, 0.3211664866037036, 0.23447076367738712], [0.21083865429323578, 0.23452315523296344, 0.2948151440678722, 0.2598230463059286], [0.21136983912008528, 0.22436119279463804, 0.31960042831681323, 0.24466853966846344], [0.210293352582883, 0.216446936108879, 0.31808364388146065, 0.25517606732677733], [0.21362506169366013, 0.2265707287944889, 0.3126280354042355, 0.2471761740076155], [0.2158230957795462, 0.22895621909957053, 0.3014741196707297, 0.2537465653501536], [0.22187735966974925, 0.228311889497102, 0.30080365235170775, 0.249007098381441], [0.22113642595867367, 0.22419326493018374, 0.28198258805513204, 0.2726877209560105], [0.21811594066822898, 0.2209413796442343, 0.30033925172663417, 0.26060342786090257], [0.21677707977579644, 0.21632175990797237, 0.3037161140222783, 0.2631850461939529], [0.21730318987138408, 0.22721763291497232, 0.30383483025127395, 0.25164434686236964], [0.21985856351616503, 0.2333599994354538, 0.2840836728552117, 0.2626977640931695], [0.22058239752337494, 0.23422041627088946, 0.2897968417237377, 0.2554003443819979], [0.22450573253647335, 0.23841020038173583, 0.2771292750467068, 0.259954791935084], [0.21911226863792688, 0.22206028465375824, 0.2970335869800123, 0.2617938596283026], [0.22041781420781528, 0.2198655474046218, 0.30856231992959965, 0.25115431835796326], [0.2166552776878401, 0.22996004728282496, 0.302630266438552, 0.25075440849078295], [0.2151488959574127, 0.22148704526593724, 0.31026586887117985, 0.2530981898054702], [0.2233984917178869, 0.23721070585262932, 0.2887914478490048, 0.250599354480479], [0.22338914028967735, 0.23729700352741034, 0.28468522437353344, 0.2546286317093789], [0.21814435718262282, 0.22448283431669355, 0.30486246940425193, 0.2525103389964317], [0.22520785219263906, 0.22811363844629148, 0.30550422557400053, 0.2411742836870689]], "ideal": "D", "sampled": "B", "correct": false}}
{"type": "result", "data": {"idx": 3, "options": ["The I\u2212 : IO3\u2212 ratio is 3:1.", "The MnO4- : I- ratio is 6:5.", "The MnO4- : Mn2+ ratio is 3:1.", "The H+ : I\u2212 ratio is 2:1."], "probs": [[0.25560221073455636, 0.23878940937515364, 0.2640055417750521, 0.2416028380152379], [0.25274747984187784, 0.23985953984036848, 0.25704273961957924, 0.25035024059817446], [0.2626193243783152, 0.24163620891646778, 0.25886506611098226, 0.23687940049423473], [0.26165434715515473, 0.24455976483760458, 0.25404095647178826, 0.2397449314354524], [0.25066027416256254, 0.2342086320018304, 0.2629113236240589, 0.25221977011154817], [0.2544937209379608, 0.2378865104045956, 0.2631604451619811, 0.24445932339546245], [0.26161925812641573, 0.23316406159018097, 0.2617792071835042, 0.2434374729998991], [0.2616457264863353, 0.23322328227740974, 0.25781147901187684, 0.2473195121243781], [0.2720181209779829, 0.2424118216040803, 0.2478183357359508, 0.23775172158198596], [0.2781699514656265, 0.23659793325090933, 0.24956499783985617, 0.23566711734360798], [0.26379832622751115, 0.23882593212123612, 0.24800954756640844, 0.24936619398484428], [0.27610345026453287, 0.2347870477926162, 0.2515058367295388, 0.23760366511331213], [0.2695483009180336, 0.2256934676197002, 0.26549864208276436, 0.2392595892795018], [0.2644388197592175, 0.228550950946198, 0.26476849306417477, 0.2422417361304097], [0.2749830525090944, 0.23755155855353738, 0.2545168139459011, 0.23294857489146714], [0.27908140418122884, 0.23367512223767986, 0.2544513940556706, 0.23279207942542074], [0.2657134830685977, 0.24063333866574074, 0.2539401054128384, 0.23971307275282314], [0.2781216030195112, 0.23648339074646174, 0.25345103083032683, 0.2319439753037002], [0.2504632808086641, 0.23419565309023846, 0.26714143552405656, 0.24819963047704086], [0.24746486910885812, 0.23877902682388735, 0.26845980087903437, 0.24529630308822017], [0.26159900424248633, 0.25231102106432274, 0.250049501632481, 0.23604047296070993], [0.27162018415595873, 0.24608375129623056, 0.2556657194835582, 0.22663034496425255], [0.2604867660448676, 0.2513222246322707, 0.2531137613333216, 0.23507724788954007], [0.2757925606752048, 0.24598998585893536, 0.25168823443255545, 0.2265292189333044]], "ideal": "B", "sampled": "C", "correct": false}}
{"type": "result", "data": {"idx": 4, "options": ["always", "only for constant pressure processes", "only for constant temperature processes", "only for constant volume processes"], "probs": [[0.2966079711617455, 0.2089189588814671, 0.24813884494207455, 0.24633422491471288], [0.2973335727354616, 0.2062259495979844, 0.26082870750245923, 0.23561177006409476], [0.28970177232099703, 0.20402677629178306, 0.258042230696967, 0.24822922059025287], [0.2965384467623891, 0.20878009807138143, 0.25596911093967156, 0.2387123441265579], [0.2939818457371783, 0.20391557804816912, 0.2579075953418257, 0.2441949807728269], [0.29889649457656103, 0.21044760548922534, 0.24242445146778835, 0.24823144836642527], [0.2830658341084725, 0.23654142724715846, 0.22224471633133253, 0.25814802221303645], [0.2823051680226051, 0.2395522736996634, 0.2286539064806872, 0.24948865169704432], [0.21722161767694728, 0.15763637421938956, 0.3668889402976312, 0.258253067706032], [0.23972371932623804, 0.17920920785092953, 0.27778405776178744, 0.303283014961045], [0.2230158878947335, 0.1644238331406102, 0.35957091206119374, 0.25298936680346257], [0.24562070895330546, 0.18941792561577128, 0.2590497693302002, 0.30591159600072304], [0.2790161412528708, 0.2368146067146267, 0.22963592749975423, 0.25453332443274823], [0.28122566451445324, 0.24237667067150406, 0.22775985430824924, 0.24863781040579347], [0.22491730747357913, 0.1684870272706345, 0.3514246344214921, 0.2551710307342943], [0.24632794029526206, 0.19298987376235038, 0.2724490802082524, 0.28823310563413507], [0.21710191017894795, 0.1677148440993547, 0.3610081564718634, 0.25417508914983394], [0.24417838486504267, 0.19129225959699184, 0.27429859192617007, 0.2902307635117954], [0.2811569869237123, 0.23502729830775795, 0.23134665188860087, 0.25246906277992887], [0.2810528957876515, 0.23853646927285413, 0.2240842796365135, 0.25632635520298086], [0.2276411937033698, 0.16788467273730093, 0.3502303272272788, 0.2542438062320504], [0.24675820765411904, 0.1903297155905175, 0.26036360857267277, 0.3025484680826907], [0.21439723668338662, 0.16049809752289826, 0.36210122700884906, 0.26300343868486603], [0.23802917483961974, 0.18072130735731998, 0.280127904383306, 0.3011216133197543]], "ideal": "B", "sampled": "A", "correct": false}}
{"type": "result", "data": {"idx": 5, "options": ["3 lines", "9 lines", "5 lines", "7 lines"], "probs": [[0.26201259306395763, 0.24400947258388303, 0.254562221306074, 0.23941571294608538], [0.2629188596939382, 0.24868321416275374, 0.2555509507400546, 0.23284697530325338], [0.25760186099817045, 0.24366091552415095, 0.2706887464057235, 0.22804847697195516], [0.2609761279269511, 0.2468637154194101, 0.269973776612292, 0.22218637994134682], [0.25372635937587784, 0.24749354646869826, 0.2706339616708434, 0.22814613238458045], [0.258894290616636, 0.2485922835728443, 0.2633615096639261, 0.22915191604659366], [0.24320663468829404, 0.2566909644758885, 0.2635274388244935, 0.23657496191132396], [0.24486461644204494, 0.25843614722344, 0.2693998257457005, 0.22729941048881455], [0.24516255756977817, 0.25074942038305864, 0.265646797346438, 0.2384412246007252], [0.25183364371175065, 0.25365233040817736, 0.26448219617818136, 0.23003182960189064], [0.24957758929551083, 0.24743778248451706, 0.2748371742342405, 0.22814745388573163], [0.2577666793664824, 0.24778744562695784, 0.2624145902379949, 0.23203128466856485], [0.25249680121707796, 0.2582255822690712, 0.2569208068316314, 0.23235680958221944], [0.25097442418731136, 0.25667486357133407, 0.2632406730162318, 0.22911003912512282], [0.2531170214730577, 0.2549069491421877, 0.249727260267957, 0.24224876901679754], [0.2570075430763184, 0.2588874437980366, 0.2457319385421702, 0.23837307448347478], [0.24915459744552287, 0.25472800459269535, 0.2614650881902231, 0.23465230967155865], [0.25005638968836025, 0.25585207652030095, 0.258513334224698, 0.23557819946664071], [0.25087317821854976, 0.2606466710306828, 0.25925454494744793, 0.2292256057033195], [0.24327756824560404, 0.26063004521848243, 0.2632000187253015, 0.23289236771061203], [0.24808379635589334, 0.24981850010909135, 0.26458024581736606, 0.23751745761764928], [0.25311553475709814, 0.2508871853100706, 0.25738137957860147, 0.23861590025422985], [0.23992418167914972, 0.2471905388946759, 0.2741627272318593, 0.23872255209431506], [0.25096592678549473, 0.24871063600542495, 0.2675125340479208, 0.23281090306115948]], "ideal": "B", "sampled": "A", "correct": false}}
{"type": "result", "data": {"idx": 6, "options": ["Neutrons", "Alpha particles", "Beta particles", "X-rays"], "probs": [[0.3094143317243142, 0.2673172692287465, 0.2755070071467476, 0.14776139180019174], [0.30606587806067276, 0.2641942422067901, 0.27549793492489, 0.15424194470764713], [0.3048844428021139, 0.27835998765903613, 0.2736200473517755, 0.14313552208707447], [0.30099574625449693, 0.27088180988946203, 0.27270493721335803, 0.155417506542683], [0.305569277424239, 0.26777302019125143, 0.2808382385313602, 0.14581946375314936], [0.30104752923447153, 0.2705671746673745, 0.27652278127702334, 0.15186251472113063], [0.295658294762286, 0.2697409133304762, 0.2808646601286502, 0.15373613167858757], [0.2913111534814142, 0.26762528022310966, 0.27991918560802737, 0.16114438058744876], [0.29217277648331125, 0.279332863690359, 0.27546085673226184, 0.15303350299406798], [0.28679808544035623, 0.26997157526339105, 0.2755825776244405, 0.16764776157181224], [0.2843320752196912, 0.2692346056798459, 0.288069495174375, 0.1583638238260878], [0.29118779732635125, 0.26543665325128046, 0.27844867522388755, 0.16492687409848078], [0.2887165801129621, 0.2719619531365177, 0.27846023022638344, 0.1608612364241368], [0.28343442079570746, 0.2632637917732189, 0.2782376408298728, 0.17506414650120086], [0.30074708754550733, 0.26003285464926423, 0.27669297821457967, 0.16252707949064882], [0.29484710973077316, 0.2508401945232902, 0.2764858983623435, 0.1778267972835931], [0.27455036076618144, 0.2690977872235697, 0.28823317382879887, 0.16811867808145], [0.29332959211918574, 0.2615448197230694, 0.27232062408107316, 0.17280496397667172], [0.26979199049159075, 0.293816834658805, 0.28257581588780384, 0.15381535886180048], [0.2674533386640521, 0.29382699287237474, 0.27766128957979913, 0.16105837878377402], [0.2820696830467442, 0.2820185720638544, 0.27759051320161104, 0.15832123158779032], [0.2819115561249804, 0.27763534003156665, 0.2744310240833364, 0.1660220796601165], [0.2605735179777723, 0.3098489184300213, 0.27019186032954384, 0.15938570316266254], [0.274728787278275, 0.29719073905911747, 0.2676743090335517, 0.16040616452905573]], "ideal": "A", "sampled": "A", "correct": true}}
{"type": "result", "data": {"idx": 7, "options": ["Strong oxidizing conditions", "Low-spin electron configuration", "Metallic physical properties", "Unpaired electrons"], "probs": [[0.22744533078414664, 0.18723916726565795, 0.24286304049949548, 0.34245246135069995], [0.2279695685282432, 0.18898632838942714, 0.2803451674844841, 0.3026989354978455], [0.20930169208785457, 0.17340099551432325, 0.28705712722266413, 0.330240185075158], [0.2112322449472911, 0.16974958775730178, 0.2854231297684395, 0.33359503742696767], [0.2349137987642365, 0.20083777610720815, 0.2666431863818544, 0.29760523864670096], [0.2238650470748196, 0.18881209192772067, 0.22815579173667538, 0.35916706916078434], [0.24024992404710588, 0.1787227445281461, 0.23551904364612022, 0.3455082876786278], [0.24003865180056957, 0.1826315847248728, 0.2730056683894032, 0.30432409498515445], [0.2398971432222863, 0.17425767815966753, 0.24085463222159476, 0.34499054629645143], [0.24356175632114266, 0.1755093652200006, 0.2815010635645026, 0.29942781479435415], [0.258015114429938, 0.20102669888095312, 0.24317175550539546, 0.2977864310837134], [0.2678180674615617, 0.19628155521995325, 0.24091677724272031, 0.29498359997576473], [0.20967584846307172, 0.17641144989156907, 0.28295060989411397, 0.33096209165124524], [0.21167159306843764, 0.17277589898909515, 0.2812142204233396, 0.3343382874191276], [0.22554742615508325, 0.1914713325466572, 0.24824660274149238, 0.33473463845676715], [0.22640688715101195, 0.1906305700349912, 0.2914044260687294, 0.29155811664526743], [0.22365460797344003, 0.192984202171229, 0.22418376313219693, 0.359177426623134], [0.23883449317109917, 0.20105355376815268, 0.2667090515016324, 0.2934029014591158], [0.2521557509646984, 0.1873307525924272, 0.26489430663320906, 0.2956191897096654], [0.24217068064008324, 0.17741540769581737, 0.226425995218791, 0.3539879163453084], [0.2692174057276654, 0.1969928323577469, 0.24189955354148437, 0.2918902082731033], [0.2826480735644024, 0.1915575975916515, 0.24229170333654912, 0.28350262540739696], [0.2428469174433256, 0.17652162644704814, 0.2254922356157677, 0.35513922039385853], [0.2577228699499656, 0.18278531327716413, 0.2666166881423819, 0.29287512853048836]], "ideal": "D", "sampled": "D", "correct": true}}
{"type": "result", "data": {"idx": 8, "options": ["1:1", "1:3", "1:6", "2:3"], "probs": [[0.26393420908588067, 0.22964459776700274, 0.29165453957653914, 0.21476665347057747], [0.2575134451808362, 0.22767558219282094, 0.298539920056109, 0.21627105247023384], [0.25012020019534037, 0.20142439606036328, 0.3384409647376938, 0.21001443890660249], [0.25579668613478723, 0.21239985299369724, 0.31018357334513497, 0.22161988742638056], [0.2519773915747373, 0.20601139084458742, 0.3304706910062377, 0.21154052647443755], [0.2662445862884622, 0.21778902084752055, 0.2990733638244806, 0.2168930289395366], [0.2760590910635501, 0.2327459156280468, 0.2769483625611876, 0.21424663064721547], [0.27198860046527856, 0.23644052443524113, 0.277305126162455, 0.21426574883702526], [0.2588845673443221, 0.20514199708696193, 0.31860856774503216, 0.2173648677236838], [0.2512338868103111, 0.2120720436903326, 0.30493149866605024, 0.23176257073330603], [0.24836186312223968, 0.20599473134587787, 0.330672214316209, 0.2149711911156734], [0.25584287211252466, 0.2143176857709454, 0.30115238726561927, 0.22868705475091064], [0.24253767726380165, 0.20448395607810813, 0.3431347906246373, 0.2098435759334529], [0.2500842474138359, 0.21430220878511122, 0.3123160851834416, 0.2232974585176113], [0.24646691954454283, 0.2077440445062821, 0.3326360483216034, 0.2131529875275717], [0.2445081432444388, 0.21962435033022132, 0.3105343122708645, 0.22533319405447538], [0.24801214024997026, 0.2090971892324914, 0.32482745196118845, 0.2180632184563499], [0.24199451864317836, 0.2041699767529937, 0.33762905501370527, 0.2162064494901227], [0.2624595086771197, 0.22461959047993157, 0.30290596771471645, 0.21001493302823226], [0.2768949609255306, 0.23353945064503243, 0.2779288333067847, 0.21163675502265222], [0.262256354067326, 0.22108028826886944, 0.3130914866611194, 0.2035718709026851], [0.2715614316387964, 0.23652536107356284, 0.27766911931528504, 0.21424408787235572], [0.2633225243030164, 0.2053213356134212, 0.3138587082948731, 0.21749743168868924], [0.2475668191662223, 0.19621643422071955, 0.34522971507434846, 0.21098703143870964]], "ideal": "C", "sampled": "B", "correct": false}}
{"type": "result", "data": {"idx": 9, "options": ["T1, unlike T2, is sensitive to very low-frequency molecular motions.", "T2, unlike T1, is sensitive to very low-frequency molecular motions.", "T1, unlike T2, is sensitive to molecular motions at the Larmor frequency.", "T2, unlike T1, is sensitive to molecular motions at the Larmor frequency."], "probs": [[0.28306241949517275, 0.18046083898981127, 0.26863416047942684, 0.2678425809355891], [0.2693443934252389, 0.18281646343454128, 0.26783052483250414, 0.2800086182077156], [0.3001049801422806, 0.20038248895164945, 0.22865251045104934, 0.2708600203550206], [0.29202389279032304, 0.19794699252731512, 0.22955031348629595, 0.2804788010960659], [0.27280990640714137, 0.19387911592695767, 0.2626161120500142, 0.2706948655158868], [0.28587153977085783, 0.1880195168667695, 0.2469181305954023, 0.27919081266697043], [0.2678686678141708, 0.1876403391173596, 0.26618400213440757, 0.278306990834062], [0.2709486186233415, 0.18682837484398807, 0.2692834138600956, 0.27293959257257483], [0.2707834460827099, 0.19561349760681784, 0.26499172252771597, 0.2686113336827563], [0.2707577645507898, 0.1985287964145496, 0.24484920499260493, 0.2858642339420557], [0.27969976006483566, 0.20188207019863996, 0.24122055284261015, 0.27719761679391425], [0.27075309768978206, 0.1983677535321122, 0.240787799965553, 0.2900913487125527], [0.2987377509740286, 0.18744207078838176, 0.2311085657048726, 0.28271161243271703], [0.3084310453033003, 0.19038429003312413, 0.23138869262160508, 0.26979597194197047], [0.29629020224336144, 0.18613971109941557, 0.23682912750390245, 0.2807409590533205], [0.2883828921086727, 0.18655206539184058, 0.2606997826539018, 0.26436525974558495], [0.2979114651382081, 0.18400445578642438, 0.24929958579431444, 0.2687844931810531], [0.2877361008715233, 0.18346741123752303, 0.25223464898781817, 0.27656183880313545], [0.2797972219932838, 0.1959246814662291, 0.23779594541502347, 0.28648215102546365], [0.2768689989766771, 0.19062557814599176, 0.2706788181987927, 0.2618266045785384], [0.277236878844194, 0.1909720003413917, 0.23912432787411309, 0.29266679284030117], [0.2864239854291354, 0.191173466889419, 0.24306659760229893, 0.2793359499791467], [0.2844465630299531, 0.19298480161607412, 0.24931525810080193, 0.2732533771531709], [0.28773504063984756, 0.19218934784115688, 0.25211497763087015, 0.2679606337881254]], "ideal": "D", "sampled": "C", "correct": false}}
{"type": "result", "data": {"idx": 10, "options": ["3.02 ppm", "5.03 ppm", "10.56 ppm", "11.30 ppm"], "probs": [[0.2893825729840014, 0.20499466700244406, 0.2908064088655544, 0.21481635104800012], [0.28988869247585264, 0.2037551430405982, 0.29116411258860797, 0.21519205179494116], [0.2927284625693032, 0.21392378846424756, 0.2742479226984888, 0.21909982616796045], [0.2958973557683759, 0.21117179954408483, 0.28156625382569334, 0.21136459076184594], [0.2960482747244344, 0.21799922827688717, 0.2728796221674903, 0.21307287473118816], [0.3038575648957617, 0.2168064266226446, 0.27385920283439996, 0.20547680554719372], [0.295806250071561, 0.20781160269651106, 0.2835943316058541, 0.2127878155260738], [0.29457980830375724, 0.2101423920502089, 0.2865881962279221, 0.20868960331811176], [0.2930726364994136, 0.20437290957950902, 0.283270026964381, 0.2192844268566963], [0.29783956418399476, 0.2044996199105553, 0.28160084592859186, 0.2160599698768581], [0.2982604294198642, 0.20800799749225493, 0.2773477517490723, 0.21638382123880856], [0.30606287714758584, 0.21009968219086594, 0.27194955942295457, 0.2118878811385936], [0.29108598825404874, 0.22113604841405124, 0.2683258056372299, 0.21945215759467007], [0.29498949204431274, 0.21888196140004912, 0.2803387599852669, 0.20578978647037122], [0.29422463210116273, 0.21499933508872723, 0.2756875290781226, 0.21508850363198745], [0.29599983271977925, 0.2145438630259172, 0.28144262121466046, 0.2080136829396431], [0.2985055103822239, 0.2049064158457291, 0.28829460903660475, 0.2082934646354422], [0.30687731044088706, 0.20585797418297136, 0.2764894324787718, 0.2107752827973698], [0.29223383776456663, 0.2236779133905867, 0.26716635822811946, 0.21692189051672717], [0.2974957183079097, 0.22417024931796445, 0.2739861864473689, 0.20434784582675694], [0.2977276488502269, 0.219152841235431, 0.2721888463253113, 0.21093066348903078], [0.2997875049315494, 0.21892412983332893, 0.27386130123952107, 0.20742706389560062], [0.3017692014536867, 0.20399631861787024, 0.2869282407313987, 0.20730623909704432], [0.3082349093914224, 0.20517539097329784, 0.27970779772905274, 0.206881901806227]], "ideal": "D", "sampled": "D", "correct": true}}
{"type": "result", "data": {"idx": 11, "options": ["[The polarization relaxes exponentially: p(t) = [p(0) - peq]exp(-t/T1) + peq.]", "72.0 s", "56.6 s", "12.7 s"], "probs": [[0.24817610904810442, 0.2620337268145054, 0.23890229701242532, 0.2508878670249649], [0.24492194121000616, 0.25657582662782036, 0.25280774013863766, 0.24569449192353582], [0.24578168985770027, 0.26354792711483477, 0.2363817393543373, 0.25428864357312764], [0.2459778411731862, 0.2595513242089872, 0.2439962846987715, 0.2504745498190551], [0.2482178322988213, 0.2661503811488079, 0.24425963691027708, 0.2413721495420937], [0.24496682380818702, 0.2626357556928726, 0.2428674887086105, 0.2495299316903299], [0.2472571171164185, 0.2668047288807367, 0.2266693595818908, 0.25926879432095395], [0.2518651299760513, 0.26346392614578756, 0.23266538525275535, 0.25200555852540574], [0.2045861722884411, 0.22248325744206776, 0.28619120801468234, 0.28673936215480883], [0.21311508752107597, 0.20485212517275678, 0.24290958768411036, 0.3391231995220569], [0.20770714613389282, 0.22414889441344807, 0.2837278373432077, 0.28441612200945143], [0.2175395255330081, 0.2123624596491423, 0.2346407095746215, 0.3354573051432281], [0.24341506851630917, 0.2647439955540794, 0.22840374236819797, 0.2634371934614134], [0.2518045045452516, 0.2633650937914503, 0.22896798293935366, 0.25586241862394443], [0.20203500984078893, 0.2232081889882993, 0.28937566277471233, 0.28538113829619943], [0.21090790860284844, 0.2058553572773501, 0.24235922141278787, 0.34087751260701354], [0.2046325115074098, 0.22255296008061753, 0.28825272818367753, 0.2845618001282951], [0.214655071475498, 0.21284653244274274, 0.23895730075830796, 0.3335410952234513], [0.2543860115510055, 0.27459806610279186, 0.22427393827988001, 0.24674198396632263], [0.25290011980239596, 0.27503579442379583, 0.2210419293861789, 0.25102215628762936], [0.19729383287841057, 0.22139094767740772, 0.29594001171013684, 0.2853752076340449], [0.20769022036291498, 0.2091495952561326, 0.24226187981371475, 0.3408983044672376], [0.19602202782989236, 0.21994429169051938, 0.2938346178883146, 0.2901990624912736], [0.20595742190614505, 0.20741573901258817, 0.24597733819903864, 0.34064950078222817]], "ideal": "B", "sampled": "A", "correct": false}}
{"type": "result", "data": {"idx": 12, "options": ["4.6 mT", "27 G", "5.4 mT", "3.8 mT"], "probs": [[0.25270025069124863, 0.21159821202419138, 0.2826835341178409, 0.25301800306671907], [0.255611091826627, 0.2107993364123307, 0.28365865346933006, 0.24993091819171223], [0.26201917547261855, 0.22112274669331058, 0.26483057742910115, 0.25202750030496973], [0.28380654528014426, 0.20764399500993655, 0.2879684099848972, 0.22058104962502204], [0.2662285764419474, 0.22459072055587767, 0.2648088235000821, 0.24437187940209276], [0.28565238625843176, 0.21055203438990036, 0.28526102213754856, 0.21853455711411934], [0.24909331273170823, 0.21371168214496206, 0.2896660311180668, 0.24752897390526288], [0.24978831036958318, 0.21092097377746796, 0.29509050432692707, 0.2442002114260218], [0.25269120552559216, 0.21015821082042815, 0.2938917235156298, 0.24325886003834987], [0.25225779787547775, 0.21143734768060468, 0.29341182546977357, 0.24289302887414396], [0.25432557623005514, 0.21320649124655391, 0.2913468864670184, 0.24112104595637254], [0.24872520192869949, 0.21505178188540086, 0.2891814665329139, 0.24704154955298577], [0.2682211438778213, 0.22284712227212816, 0.2626939454813456, 0.24623778826870493], [0.28833427163059233, 0.2109280016530824, 0.28352283583658394, 0.21721489077974132], [0.258051473261622, 0.20951253727162442, 0.2820266358856476, 0.25040935348110605], [0.25745002583596643, 0.20900679566886673, 0.2856746145353722, 0.24786856385979464], [0.2855074107361435, 0.2104735076216986, 0.2873044907759418, 0.2167145907662161], [0.266334015119234, 0.2264089035876674, 0.2647206068644176, 0.24253647432868097], [0.26301926763734484, 0.2236906919209589, 0.26607036984391214, 0.24721967049778412], [0.2818511338139206, 0.21275922748995327, 0.28624912246055345, 0.2191405161355727], [0.2569283170166485, 0.21180369816677588, 0.28764896724777944, 0.24361901746879616], [0.25599797866150587, 0.21108529366694678, 0.2844788984203977, 0.24843782915114965], [0.283250668117411, 0.205627313403408, 0.2943379668399791, 0.21678405153920188], [0.26408862277940637, 0.22280181278141106, 0.26686935818896224, 0.2462402061502203]], "ideal": "A", "sampled": "D", "correct": false}}
{"type": "result", "data": {"idx": 13, "options": ["1:19:36:84:126:126:84:36:19:1", "1:9:36:84:126:126:84:36:9:1", "1:9:35:82:120:120:82:35:9:1", "1:8:28:56:70:56:28:8:1"], "probs": [[0.3073632281399911, 0.153156824998583, 0.21321528194730416, 0.32626466481412175], [0.2850034534646179, 0.15006388722349612, 0.2220950275437466, 0.34283763166813935], [0.2919898622350611, 0.15130543619165648, 0.2423035547472394, 0.31440114672604297], [0.2780585122987618, 0.14531584706546982, 0.21793343315726132, 0.3586922073785071], [0.27632163717121966, 0.15501224300150576, 0.21728960196186584, 0.35137651776540874], [0.2713105163097426, 0.1498234465515829, 0.21458019953549468, 0.36428583750317983], [0.3235839306984613, 0.15624448655473383, 0.2242431044354309, 0.29592847821137397], [0.29262357511241227, 0.1503918297380046, 0.21058952492471386, 0.3463950701248692], [0.3089185310752444, 0.15148101519796867, 0.22945728553835829, 0.3101431680884286], [0.2789872080563263, 0.14352240087724974, 0.2119137635679402, 0.36557662739848373], [0.28112250982576503, 0.15388278890922813, 0.2105547220877068, 0.3544399790773], [0.2748920157341237, 0.1505212246910478, 0.2143078467448118, 0.36027891273001666], [0.3104098551910736, 0.1558220293472138, 0.2567442204251906, 0.277023894936522], [0.29267228518993377, 0.1482222422279385, 0.21521643443388605, 0.34388903804824167], [0.3097924199452427, 0.14961790591120896, 0.22453709765402916, 0.31605257638951917], [0.28428233090601185, 0.1451723597079236, 0.22307493122783156, 0.347470378058233], [0.2857184409809496, 0.15172308681878155, 0.21044665572923, 0.35211181637103883], [0.2832055347397015, 0.1539547718318113, 0.22460718115993597, 0.3382325121685512], [0.27628945889855017, 0.15871847927892774, 0.21888219981862464, 0.3461098619038974], [0.27271341326440746, 0.15676636670201707, 0.220977784743994, 0.34954243518958145], [0.2629396954353919, 0.15955941615236746, 0.2100036473362794, 0.3674972409759612], [0.27258684822296875, 0.15300120183783805, 0.2197131481589732, 0.35469880168022], [0.24986576286839923, 0.15662417837531203, 0.2126069750392328, 0.38090308361705594], [0.27702110590219253, 0.15433735913972407, 0.22714236037929822, 0.34149917447878514]], "ideal": "D", "sampled": "B", "correct": false}}
{"type": "result", "data": {"idx": 14, "options": ["spin trapping provides more structural information than direct detection by EPR", "spin trapping makes it easy to quantify free radical intermediates", "steady state concentration of free radical intermediates is often too low to enable direct detection by EPR", "detection of spin adducts requires lower power than direct detection of radical intermediates"], "probs": [[0.3394101503767253, 0.16932233890305942, 0.1925639309102328, 0.2987035797099825], [0.3349198550360196, 0.17232600623103317, 0.20235424646295253, 0.2903998921699946], [0.32842606792184764, 0.16598057992557738, 0.21690066479809686, 0.2886926872544781], [0.3163640059349671, 0.16750582302150754, 0.19614107028038066, 0.3199891006631447], [0.3285905718474815, 0.16353997586522254, 0.22781774399386556, 0.2800517081934304], [0.3185100460178021, 0.16355561721013728, 0.20071374769844916, 0.31722058897361144], [0.3321613271000417, 0.18208990584518966, 0.18856756021089532, 0.2971812067438733], [0.32692536221266805, 0.1846496882157199, 0.20044257936197926, 0.2879823701096328], [0.3377434959333679, 0.17923283842250745, 0.19471566667272078, 0.2883079988714039], [0.31764723427484337, 0.17671822709827695, 0.19347605732490766, 0.312158481201972], [0.33384629085759837, 0.1945414037944622, 0.19554606985443193, 0.2760662353935075], [0.3219764732403503, 0.18484366877484615, 0.19153020703277363, 0.30164965085202994], [0.3208990335813411, 0.18354584152247685, 0.2089093631974585, 0.2866457615987235], [0.31075704557704315, 0.18057114153145773, 0.19905166622572917, 0.3096201465657699], [0.3101031091468441, 0.1890710684744869, 0.2150929058845449, 0.2857329163941241], [0.29692163618036743, 0.1882444293870372, 0.20447326889864406, 0.3103606654339513], [0.3088376521755371, 0.1632309704855766, 0.2346436828140219, 0.29328769442486435], [0.28847564524652797, 0.15495767264260957, 0.2603551291947405, 0.296211552816122], [0.32208171483633735, 0.17032863198007558, 0.21589662132488402, 0.29169303175870304], [0.3114465838771611, 0.1661384875803087, 0.19289460829246738, 0.32952032015006283], [0.32751291498972745, 0.19072484683983357, 0.1942463935084647, 0.28751584456197427], [0.31452247497274394, 0.1832128166969192, 0.1894626319218954, 0.3128020763084415], [0.3201562368503063, 0.16672832765317633, 0.2143295492217326, 0.29878588617478474], [0.29620973487456487, 0.1579553986656425, 0.24677507596080925, 0.2990597903989834]], "ideal": "D", "sampled": "B", "correct": false}}
{"type": "result", "data": {"idx": 15, "options": ["6.1445 x 10^-27 J T-1", "3.1445 x 10^-27 J T-1", "9.1445 x 10^-27 J T-1", "1.1445 x 10^-28 J T-1"], "probs": [[0.27521766569141126, 0.19670659619351535, 0.2417246406000741, 0.2863510974149993], [0.26871222655339433, 0.20126195549832746, 0.2322791253137637, 0.29774669253451447], [0.2741770486881894, 0.19441467811331128, 0.2370477204837936, 0.29436055261470573], [0.26599414152270906, 0.19623510565620006, 0.2336079751013578, 0.30416277761973304], [0.26271456868874316, 0.20464511518585332, 0.22742659190148648, 0.30521372412391706], [0.2670103728657848, 0.20163109307795996, 0.23095313744708168, 0.30040539650917353], [0.27044847201908495, 0.19943387507241586, 0.2305806244592663, 0.29953702834923285], [0.26687597032757276, 0.19843057399059286, 0.23432468318124747, 0.30036877240058696], [0.2721268059991927, 0.19909518355055816, 0.23199744067244848, 0.29678056967780064], [0.2716974494320798, 0.20037909444448346, 0.23131919360891076, 0.296604262414526], [0.26870928012751466, 0.20131004454596518, 0.23216057513301294, 0.29782010009350723], [0.2728672582701081, 0.20280787044511897, 0.23578081671352513, 0.28854405447124776], [0.274098571003407, 0.1989681094839668, 0.23721937479359914, 0.28971394461902705], [0.2614899277425583, 0.19899916646874755, 0.24062904713131733, 0.2988818585573768], [0.27006699827393316, 0.19906465113959904, 0.24101216370401185, 0.28985618678245595], [0.2711243452363245, 0.2030537517040757, 0.23458608541166745, 0.2912358175479323], [0.26819261506211123, 0.20248478347296064, 0.23216883489896514, 0.297153766465963], [0.2677386839277819, 0.20530998971137746, 0.23031917329397292, 0.29663215296686773], [0.25437487633218486, 0.19659644681654687, 0.23439174981206692, 0.31463692693920137], [0.25514257712025823, 0.19419295172516549, 0.235055155583216, 0.3156093154713603], [0.2609818953307326, 0.1939992813273766, 0.23702799487807336, 0.3079908283638174], [0.25791906539247933, 0.19329958576118375, 0.24900149554499965, 0.2997798532013372], [0.2632159966925618, 0.19566041812312276, 0.2351632486097268, 0.30596033647458865], [0.26050729721447313, 0.1966720013126159, 0.24004244384939125, 0.3027782575235197]], "ideal": "C", "sampled": "C", "correct": true}}
{"type": "result", "data": {"idx": 16, "options": ["I only", "II only", "III only", "I and III only"], "probs": [[0.19860129362735204, 0.24858616298417918, 0.27143643665958456, 0.28137610662888424], [0.19766385539366188, 0.2552124711742577, 0.2922139341666508, 0.2549097391654296], [0.20435601470811054, 0.24802613255881556, 0.2624644040798937, 0.2851534485531802], [0.2002577542943184, 0.2545652275472277, 0.286890911123186, 0.2582861069352679], [0.2166511021344777, 0.2754738207419196, 0.26121695659452876, 0.24665812042907392], [0.20974761870634026, 0.2668878515360452, 0.26515541268186865, 0.2582091169757459], [0.20288944220827848, 0.2662486831392321, 0.2690767743112204, 0.261785100241269], [0.19899050889409478, 0.2693030833928695, 0.2943707406226473, 0.23733566699038844], [0.18968017114768784, 0.25676983209709847, 0.28059774216293093, 0.2729522544922828], [0.19193695769680874, 0.2515184916530636, 0.30149105637472545, 0.2550534941754022], [0.21110346596657995, 0.2855867700650795, 0.2668922503488759, 0.23641751351946466], [0.20899511560205133, 0.2696898837164083, 0.2723148126282947, 0.24900018795324563], [0.1976361811667878, 0.24751695250429268, 0.2703159966700367, 0.2845308695588828], [0.19749868815656352, 0.25901626766069585, 0.2966031343460569, 0.24688190973668372], [0.19170626710366032, 0.23998124537480275, 0.28807881042343264, 0.28023367699810425], [0.19403883190176371, 0.24249125608573016, 0.3096037347128017, 0.2538661771997044], [0.2114421066000584, 0.277373931458454, 0.25906463682848474, 0.2521193250130028], [0.2178132105959272, 0.26408241602626603, 0.25841067678664814, 0.2596936964911586], [0.23548609717774202, 0.27251065586794204, 0.2627857703537943, 0.2292174765005216], [0.22822333529956765, 0.2683950920373758, 0.2668963034646598, 0.23648526909839668], [0.23799433875658904, 0.2711672903848007, 0.2698479713161736, 0.22099039944243665], [0.23093870393477947, 0.2589524829753081, 0.2783649099569363, 0.2317439030329761], [0.22265247334839192, 0.2744471348712436, 0.26860608847417294, 0.23429430320619152], [0.22660489517539292, 0.26624421675855514, 0.26882310096775824, 0.2383277869982937]], "ideal": "D", "sampled": "D", "correct": true}}
