{"type": "result", "data": {"idx": 0, "options": ["p = 4", "p = 8", "p = 12", "p = 24"], "probs": [[0.18966650036067023, 0.2277267791915731, 0.28342095859259236, 0.2991857617551643], [0.17151675137702335, 0.19962509569392398, 0.3789575212504253, 0.24990063157862735], [0.18809818098463074, 0.22574328028428467, 0.289618981474347, 0.2965395571567376], [0.16212672235129338, 0.19156119510942177, 0.3988278269194266, 0.24748425551985825], [0.19868436463542027, 0.28779507516463493, 0.2618690831794919, 0.25165147692045287], [0.1971533894341726, 0.28545886275297877, 0.26774218675797007, 0.24964556095487858], [0.19147938773325668, 0.22984291953296168, 0.2949890836031652, 0.2836886090306164], [0.17857579352930206, 0.21777341608690792, 0.3591762673741143, 0.24447452290967572], [0.18266220116782148, 0.199673739060555, 0.3341123709625816, 0.2835516887090419], [0.17895037890819201, 0.18373417304901235, 0.4072032747098916, 0.23011217323290403], [0.1941826972658347, 0.2995440483065486, 0.2642195067010645, 0.24205374762655218], [0.19939342139157493, 0.2886832654187482, 0.2708780467239345, 0.24104526636574228], [0.18800363783164684, 0.22561618201932998, 0.3079108435163822, 0.27846933653264094], [0.1683807372878494, 0.20514510569905184, 0.3887613713352541, 0.23771278557784462], [0.189055311497846, 0.21644521079946566, 0.31009966594008537, 0.284399811662603], [0.18717078862702724, 0.20127809045686193, 0.38184952732082383, 0.229701593495287], [0.19473797951500227, 0.32445095436536536, 0.2564199681213364, 0.22439109789829598], [0.1987718493462625, 0.3064248631271616, 0.2619577450819806, 0.2328455423445953], [0.20384222845890154, 0.23348640349468422, 0.3001939221829722, 0.262477445763442], [0.19995492098850434, 0.2255117229739304, 0.3131403829398421, 0.2613929729977231], [0.20968022075225862, 0.24785872539958506, 0.2767494403070457, 0.26571161344111066], [0.20885327767508755, 0.24284486832045263, 0.279432867132986, 0.26886898677147386], [0.20463354003271172, 0.24937079097432022, 0.28682793038682625, 0.2591677385061418], [0.21060423864708688, 0.24490443234534423, 0.2817704421263861, 0.2627208867811828]], "ideal": "C", "sampled": "D", "correct": false}}
{"type": "result", "data": {"idx": 1, "options": ["5", "7", "8", "9"], "probs": [[0.20462412520317047, 0.3057874349709306, 0.25635372825819525, 0.23323471146770366], [0.19896135925804725, 0.3022305324039047, 0.2534586153155633, 0.24534949292248479], [0.20185432738376202, 0.31123711066875837, 0.25302426155469965, 0.23388430029277996], [0.19796018005477387, 0.305417711921523, 0.24066611763415932, 0.25595599028954386], [0.20354645255476944, 0.3044294759986771, 0.26342985423895726, 0.2285942171075962], [0.20289664853878447, 0.3033756523015019, 0.25853859605174934, 0.23518910300796428], [0.20396488324591316, 0.2909557949142875, 0.2760726336593212, 0.2290066880804781], [0.2022754936529929, 0.2930405052297179, 0.2739216007339737, 0.23076240028331546], [0.19941816632054096, 0.28882586920679565, 0.2658752521438744, 0.245880712228789], [0.19935260116989859, 0.288793346590925, 0.24588716784977233, 0.2659668842894041], [0.20099032821688295, 0.2867517003168276, 0.2682489872417863, 0.24400898412450306], [0.19948144255073819, 0.28002953526557617, 0.27441608903048076, 0.2460729330532049], [0.20309173150899829, 0.29882885666948594, 0.266456174833228, 0.23162323688828784], [0.20242486892106457, 0.29338958856509767, 0.2659238874646338, 0.23826165494920393], [0.19696580165094116, 0.28973085117021946, 0.2627412715699977, 0.2505620755088416], [0.19954161641303472, 0.28448889080553824, 0.2659538427616515, 0.2500156499197755], [0.201091557721056, 0.2867595553111373, 0.2641651630137446, 0.2479837238540621], [0.20433909003388573, 0.28692049212746323, 0.26436928305916685, 0.24437113467948418], [0.20631712673031433, 0.2990309297739452, 0.266600877019925, 0.2280510663758155], [0.20220756227426895, 0.29756447226462673, 0.2695847709269237, 0.23064319443418063], [0.20246880339436002, 0.2933188843440252, 0.2659160375664734, 0.23829627459514136], [0.20189686131670176, 0.28785761352414324, 0.26892905448139487, 0.24131647057776012], [0.20193060628747425, 0.2878471526857314, 0.2651061634422626, 0.24511607748453168], [0.20675648130624769, 0.29483612490220573, 0.25112812960234954, 0.24727926408919704]], "ideal": "C", "sampled": "A", "correct": false}}
{"type": "result", "data": {"idx": 2, "options": ["1 over 5", "\u22125", "\u22121 over 5", "5"], "probs": [[0.22831985011917236, 0.16670931625622387, 0.2955434576045451, 0.30942737592005864], [0.20436280931255962, 0.16407667366438405, 0.28652254589594084, 0.3450379710271155], [0.24654457337990462, 0.18011795250936152, 0.2692408601557317, 0.30409661385500214], [0.26099773072086696, 0.17676649195722138, 0.2820540838233369, 0.2801816933985748], [0.20610605485324413, 0.1656442309101315, 0.26330879720362665, 0.3649409169329977], [0.25639026590435, 0.17361670213343908, 0.276741794417191, 0.2932512374450199], [0.22691378333257126, 0.19988112447470047, 0.27970529016596407, 0.2934998019267642], [0.20893574070235485, 0.2054493308673886, 0.2745166461568236, 0.31109828217343294], [0.21386639987080047, 0.18831004568183557, 0.29878787402575274, 0.2990356803216112], [0.200050938110179, 0.20284763278791823, 0.2750584821881741, 0.3220429468137287], [0.19697505843271237, 0.179078123890815, 0.3167249716475543, 0.30722184592891827], [0.19162378346685593, 0.18257372753401974, 0.3028170926796876, 0.3229853962194367], [0.24901983893230292, 0.19950680139095073, 0.2585331864217802, 0.2929401731549661], [0.26000970211990776, 0.18992064608342674, 0.27100428532327764, 0.27906536637338786], [0.21779491005150084, 0.1689947396347805, 0.29925227162229645, 0.31395807859142216], [0.18617537996246036, 0.16907907012923135, 0.2945931675978057, 0.3501523822105026], [0.23737100193342603, 0.17070638368629304, 0.3076675098379366, 0.28425510444234436], [0.19993990359780672, 0.17878235608365917, 0.262171443344193, 0.3591062968743411], [0.23319258488446834, 0.1994658916830002, 0.25074771791417444, 0.316593805418357], [0.25886489115443023, 0.19260235989860516, 0.27460597190223734, 0.2739267769447273], [0.21148823199541458, 0.1778335422099617, 0.30546775457188546, 0.30521047112273825], [0.20584796367017294, 0.175970122200535, 0.2969902157486518, 0.3211916982806402], [0.25055209546421114, 0.18335378714616757, 0.30096320211748295, 0.2651309151721383], [0.21523613263438907, 0.1987249464167884, 0.2654977023858602, 0.32054121846296235]], "ideal": "D", "sampled": "A", "correct": false}}
{"type": "result", "data": {"idx": 3, "options": ["4", "5", "6", "7"], "probs": [[0.21206036207939516, 0.2581818997601773, 0.29576629397295634, 0.23399144408747122], [0.2098990796311544, 0.25169044355482595, 0.3067786647552636, 0.23163181195875604], [0.20597569335463684, 0.25481727337051446, 0.30098679210235657, 0.23822024107249215], [0.20877228364090128, 0.2584343513821263, 0.2912372605027002, 0.24155610437427222], [0.21269758360490493, 0.26316178234511217, 0.2965988560707631, 0.2275417778792198], [0.21628769384509183, 0.2635561902127219, 0.29232568417027, 0.22783043167191624], [0.20881289863920924, 0.2426402938910165, 0.31456098894791296, 0.2339858184218613], [0.210010212489671, 0.2440044396274995, 0.3213936936326246, 0.2245916541502049], [0.21190862898308066, 0.24636629610132837, 0.30037014330735534, 0.24135493150823564], [0.21089874438926137, 0.2569203819423066, 0.27645380634560474, 0.2557270672228273], [0.21718597733569842, 0.2524256743599724, 0.2981060191408614, 0.2322823290634678], [0.21562082099453406, 0.25853224430484006, 0.2914914656217312, 0.23435546897889464], [0.20177425154660525, 0.24197529206093102, 0.3039913358379199, 0.2522591204545438], [0.2077197637475539, 0.24518010411879884, 0.317830548351637, 0.22926958368201028], [0.20169057250525133, 0.2380629813144411, 0.3040462479294215, 0.2562001981508861], [0.20641815045145825, 0.24739872669491592, 0.3111610319553281, 0.2350220907982977], [0.21334541477649052, 0.24424827824320547, 0.3068993182739477, 0.23550698860635633], [0.21817447242939259, 0.24969033894426163, 0.2949772178831762, 0.23715797064316957], [0.2116331065249508, 0.24211307275348884, 0.30897645758088116, 0.23727736304067923], [0.21318720278992243, 0.24022716281395945, 0.31128051873908985, 0.23530511555702827], [0.21540094588925723, 0.242656972344437, 0.3004495158424109, 0.2414925658238948], [0.21802437628151833, 0.24566889172822587, 0.2993022247745639, 0.23700450711569185], [0.21133016047748607, 0.23445209858457175, 0.3135671317263795, 0.2406506091115627], [0.2208327188246611, 0.2412237046996154, 0.2940678973151305, 0.243875679060593]], "ideal": "B", "sampled": "D", "correct": false}}
{"type": "result", "data": {"idx": 4, "options": ["4t = 112; $448", "4t = 112; $28", "t over 4 = 112; $448", "t over 4 = 112; $28"], "probs": [[0.19334151762752938, 0.2211548917920302, 0.2701301493931843, 0.3153734410872561], [0.17779706151798014, 0.21660238179481064, 0.24443944921970584, 0.36116110736750334], [0.19685468955700097, 0.2396706896633456, 0.26654623147621653, 0.2969283892034369], [0.19392660258261235, 0.24732169506460805, 0.2752290665828134, 0.2835226356699662], [0.190660604397987, 0.21810470004156865, 0.23856395056979174, 0.3526707448906526], [0.19623102245752685, 0.21099232135093293, 0.30116251108018954, 0.2916141450113507], [0.15878595410189636, 0.22636927662016246, 0.2767721116266044, 0.33807265755133675], [0.1900901701883177, 0.23888558858883446, 0.24591743186391204, 0.3251068092589358], [0.17365159806430117, 0.23981431542258988, 0.2752549524961105, 0.3112791339169985], [0.1897567900898007, 0.2498180940551655, 0.26954110650880525, 0.29088400924622854], [0.19395762056963495, 0.23600200871262317, 0.25857980212575354, 0.31146056849198833], [0.16663562504909712, 0.21591786072846378, 0.28957022919276415, 0.3278762849296749], [0.17463008277025563, 0.24106015675070588, 0.2809332483308754, 0.30337651204816307], [0.19368775186986004, 0.24723727998645334, 0.26679891345217144, 0.2922760545915152], [0.17811390224958798, 0.19755520825928172, 0.32444195969311573, 0.29988892969801456], [0.17922330434983763, 0.21165168914024543, 0.25042993574111555, 0.35869507066880135], [0.1807844313681475, 0.20531187643573134, 0.3071737243349085, 0.30672996776121264], [0.17065332828245708, 0.2080370634586198, 0.25782558319374566, 0.36348402496517745], [0.1887441901486747, 0.24083237706446914, 0.2720325629443971, 0.2983908697424591], [0.17667983997127415, 0.23656030701895184, 0.2936978427384006, 0.2930620101713734], [0.1604463231602644, 0.22136866543621445, 0.29238427989468996, 0.3258007314088312], [0.19767519535121664, 0.24439890316070562, 0.2598134836322507, 0.2981124177558271], [0.15601186220260202, 0.1994022399076759, 0.3225145291584896, 0.3220713686312325], [0.17989987669277885, 0.22265205448582642, 0.25945372160026847, 0.33799434712112625]], "ideal": "B", "sampled": "A", "correct": false}}
{"type": "result", "data": {"idx": 5, "options": ["9", "11", "26", "32"], "probs": [[0.18447636731465009, 0.20153454533284737, 0.3226885949040754, 0.29130049234842714], [0.1872458215539911, 0.2044201852004011, 0.3173236047106637, 0.29101038843494414], [0.18069214309321294, 0.2050645259533861, 0.30824922134255933, 0.30599410951084166], [0.17411268207998307, 0.205596449617065, 0.3086201662339005, 0.31167070196905144], [0.18646847922027338, 0.20365465871957894, 0.30122929359598744, 0.30864756836416024], [0.1811961531457903, 0.20737126467538408, 0.2970994412601918, 0.31433314081863384], [0.17827519079490287, 0.20554254375768094, 0.32135678771009707, 0.29482547763731914], [0.18435097013583499, 0.20761840352751462, 0.31708404891127545, 0.2909465773253749], [0.1800596496309428, 0.20761775406390373, 0.3121270080549475, 0.30019558815020597], [0.17383881624515263, 0.20208082187773874, 0.3031275136557699, 0.32095284812133873], [0.18267257509789028, 0.2105088680772081, 0.3022109567816838, 0.30460759994321784], [0.18060079897918718, 0.20502682601725475, 0.29364313359707583, 0.3207292413064822], [0.17947360871427614, 0.21018561718746226, 0.3062265216998003, 0.30411425229846123], [0.17995615719210664, 0.2124805621601912, 0.31420693905746394, 0.2933563414902382], [0.18413937364375046, 0.2088571668782167, 0.31394947039846466, 0.29305398897956814], [0.18605611107538572, 0.20621773859478745, 0.31399859103409095, 0.2937275591957359], [0.17913319969471478, 0.2065568360430647, 0.32006715175589207, 0.29424281240632844], [0.17870602276186268, 0.19968699214379362, 0.3237339902156807, 0.29787299477866297], [0.18079875138383997, 0.20863231703590712, 0.3040011181527192, 0.3065678133275337], [0.179395938515726, 0.2102735277718577, 0.30627345122989613, 0.30405708238252016], [0.18555702651331785, 0.20258476120682703, 0.3119443468768774, 0.2999138653029777], [0.18484471185609855, 0.20180571965924302, 0.30755876575139873, 0.3057908026332597], [0.1802747642731766, 0.20151362710625545, 0.3221644960866719, 0.29604711243389603], [0.1809853586226712, 0.19899503588184014, 0.3253729294604589, 0.29464667593502974]], "ideal": "C", "sampled": "A", "correct": false}}
{"type": "result", "data": {"idx": 6, "options": ["1.1 over 11", "11 over 11", "12 over 11", "11 over 12"], "probs": [[0.22685004768487269, 0.24930971858392523, 0.28404098746320355, 0.23979924616799853], [0.22193718950282734, 0.2555080721562636, 0.26496980202798553, 0.2575849362129235], [0.2099767562543952, 0.21679628737200096, 0.34779815825923754, 0.22542879801436627], [0.21670416839625517, 0.23496685219540386, 0.27605869540616884, 0.2722702839021721], [0.2116471944292257, 0.22885697736750826, 0.3138572228556352, 0.24563860524763081], [0.2216171009902246, 0.2329240267547479, 0.2958061176387115, 0.249652754516316], [0.22081758737792512, 0.25822246841657215, 0.27641061769375613, 0.2445493264117466], [0.21571343492158504, 0.2601683360027875, 0.2657350520304826, 0.2583831769451449], [0.21413103062948616, 0.20757834920563273, 0.33360672490847004, 0.24468389515641106], [0.21504867186844634, 0.20562584738059797, 0.28253634886124246, 0.2967891317897132], [0.20207221804028624, 0.21511586008304925, 0.29991972443442455, 0.28289219734223997], [0.20595409280914007, 0.20323205295008698, 0.2834654790395971, 0.30734837510117585], [0.21170339301649743, 0.23634027294448345, 0.3100153551688027, 0.24194097877021642], [0.21009889869075787, 0.2500108554712521, 0.2676679869523597, 0.2722222587856302], [0.2207870384478153, 0.25800417697811173, 0.2987471387051601, 0.22246164576891284], [0.22704760389668802, 0.24603837359414235, 0.27155279705859486, 0.25536122535057476], [0.20646519033936955, 0.22006352749962502, 0.2975541815957517, 0.27591710046525375], [0.20206048179362043, 0.19912112357169912, 0.34533809068304605, 0.25348030385163445], [0.20308056192039545, 0.2410370105882059, 0.30115352872897844, 0.25472889866242016], [0.20309865495756718, 0.2415535927734811, 0.2881900584551138, 0.2671576937138379], [0.2118952368835167, 0.25149915744080675, 0.2907369564512337, 0.24586864912444278], [0.21154665944844983, 0.23265290257988414, 0.2818060815052514, 0.27399435636641467], [0.20831705938159029, 0.22908157449281563, 0.3050883457517763, 0.2575130202738178], [0.20580779670586324, 0.215976514076981, 0.3158540160783895, 0.2623616730387663]], "ideal": "C", "sampled": "B", "correct": false}}
{"type": "result", "data": {"idx": 7, "options": ["3.6", "36", "0.01272", "12.72"], "probs": [[0.21749120624436788, 0.18333367728346572, 0.3353225538496246, 0.2638525625225418], [0.2251972239092381, 0.1826250416882219, 0.28246549644733854, 0.30971223785520147], [0.23574963645888866, 0.23790701157871483, 0.26190992016364023, 0.26443343169875627], [0.24830200155716642, 0.22822593620107462, 0.28501226221100284, 0.23845979993075614], [0.2232978228002682, 0.18679032006169544, 0.26293808610995917, 0.3269737709280772], [0.22203650406654074, 0.18581623773456413, 0.3580748033739238, 0.23407245472497132], [0.2072006998093143, 0.18163781815030297, 0.3559700144182309, 0.2551914675221518], [0.21998653648124072, 0.18403677092032744, 0.3029427437794432, 0.2930339487189887], [0.22952113579248065, 0.22465461004460155, 0.2715940596604279, 0.2742301944024899], [0.24431602620518994, 0.224748550317972, 0.2847853770439378, 0.24615004633290022], [0.2241051759480071, 0.19665668609773476, 0.2560365459657494, 0.3232015918885088], [0.22703661698921945, 0.19927910562188733, 0.3341317872110196, 0.23955249007787363], [0.23878382855601915, 0.20627339796964106, 0.2695647260147398, 0.2853780473596], [0.2444323489824324, 0.19831561153713304, 0.3226620112336966, 0.23459002814673793], [0.23009004382246703, 0.2050270350080454, 0.26752353509145604, 0.2973593859780316], [0.2538204453062444, 0.20287023180377975, 0.2957586005666345, 0.24755072222334135], [0.25349170722487957, 0.20404035459028808, 0.2953892437934304, 0.24707869429140197], [0.25623231360041837, 0.2078909513774956, 0.293831280028307, 0.24204545489377902], [0.235754248792628, 0.1794926688273564, 0.26057354651963094, 0.3241795357603846], [0.23405855194199318, 0.18114923889168874, 0.36016716476155264, 0.22462504430476543], [0.231723247846036, 0.177904154515605, 0.2561995539527966, 0.3341730435855624], [0.2297995456763645, 0.18350627073319334, 0.34814096531190863, 0.2385532181785335], [0.2606062215125361, 0.22513214570618975, 0.2898821744068009, 0.22437945827447323], [0.260927349302902, 0.2289939522514231, 0.28551113602644157, 0.2245675623192333]], "ideal": "B", "sampled": "C", "correct": false}}
{"type": "result", "data": {"idx": 8, "options": ["159.26", "2.224", "14,111", "126.26"], "probs": [[0.24000162599075778, 0.21668637442467498, 0.2699963232603778, 0.27331567622418945], [0.24745643489988928, 0.19731830038528622, 0.3063822914638424, 0.24884297315098208], [0.24378279249393378, 0.2037700919407941, 0.2657210707821483, 0.28672604468312385], [0.2518824822107285, 0.18878758597925768, 0.30192949015178255, 0.2574004415582313], [0.2649975379291787, 0.211403098511371, 0.2808058517770423, 0.24279351168240798], [0.2768025397977592, 0.21403478083854371, 0.2710652053085105, 0.23809747395518652], [0.23384383666924444, 0.2146506788314906, 0.2849286836835229, 0.266576800715742], [0.23682407758072485, 0.20121791947722512, 0.3082540997365243, 0.25370390310552576], [0.22145674620396, 0.20029362439418918, 0.30103097708631676, 0.27721865221553404], [0.22049410134557773, 0.19945015902835114, 0.29959995890839836, 0.28045578061767273], [0.2311958510165196, 0.1995613991753215, 0.3054000022940413, 0.2638427474141176], [0.22875040767289523, 0.21000584957883767, 0.29221996662078714, 0.26902377602747995], [0.2169663193152887, 0.22204578251474585, 0.28531408732234503, 0.2756738107476204], [0.22588224706775142, 0.2105318158654443, 0.30228871104078553, 0.26129722592601873], [0.21495025916182903, 0.20667820809101697, 0.3010019688601523, 0.27736956378700167], [0.21331047274761183, 0.20831395000821917, 0.2987554953501615, 0.27962008179400755], [0.22155066162442952, 0.21317386942719346, 0.2965495034241586, 0.2687259654242184], [0.2178523786678188, 0.22303522627963, 0.2865828999552946, 0.27252949499725654], [0.2552303449622969, 0.20365530857360228, 0.2921340850339486, 0.24898026133015222], [0.2641503293294903, 0.2106356832363876, 0.2795260929640579, 0.24568789437006422], [0.24584209525401096, 0.1991725652840893, 0.2997872665129596, 0.2551980728489401], [0.2369602173329858, 0.21403695640807782, 0.27478209135168746, 0.27422073480724896], [0.2460967155391218, 0.19026966747111757, 0.3040754315504083, 0.2595581853393524], [0.239908840032168, 0.20366469934027384, 0.26970387708100196, 0.28672258344655616]], "ideal": "D", "sampled": "A", "correct": false}}
{"type": "result", "data": {"idx": 9, "options": ["0.72", "0.702", "10.0571", "7.2"], "probs": [[0.2661836484729844, 0.22430566285253126, 0.27985710319845397, 0.2296535853760303], [0.2642489412795841, 0.2328568731441229, 0.24075903354798744, 0.2621351519283055], [0.2677748203009813, 0.2254506200326536, 0.2646766900751559, 0.2420978694912092], [0.2617832759026658, 0.22382547292595215, 0.2544814385887033, 0.2599098124826787], [0.25652247282499124, 0.19669504168607235, 0.2959796741907901, 0.25080281119814635], [0.251089885740808, 0.19843276150431177, 0.28522173847554555, 0.2652556141793347], [0.2665952960404801, 0.21425416424950713, 0.2891864988161073, 0.2299640407939055], [0.2760490353405529, 0.21808676934653723, 0.24028236087471858, 0.26558183433819127], [0.27586105874195377, 0.22863558273168258, 0.2647780517190867, 0.23072530670727692], [0.29505378444602653, 0.22261637778762616, 0.25778231406289887, 0.22454752360344843], [0.2703084945408402, 0.2067621648104853, 0.24614873526019043, 0.276780605288484], [0.2804205673589939, 0.19881799518835186, 0.2898178355133121, 0.23094360183934215], [0.2629044275347415, 0.21794367674961762, 0.28105231279148557, 0.2380995828241553], [0.2484128325929184, 0.21908064184382223, 0.2569936215620539, 0.2755129039012054], [0.26888762699861296, 0.22615357220205057, 0.26563956143406986, 0.23931923926526663], [0.2834580498135044, 0.22390140257173807, 0.2592537066192399, 0.23338684089551756], [0.24221944806537765, 0.21012312171742153, 0.2749391793929773, 0.2727182507242235], [0.2663337389609809, 0.2137527306348365, 0.275390783268183, 0.2445227470359996], [0.2573483960773014, 0.20987472561509915, 0.29270429288512884, 0.24007258532247053], [0.2580548563051683, 0.213724228922873, 0.27984971222239247, 0.2483712024495663], [0.2663838525388908, 0.23462736254629613, 0.25060051303681335, 0.24838827177799974], [0.2746640104575865, 0.22422262689877512, 0.27127539704597153, 0.22983796549766686], [0.25702497360520266, 0.2095760702877277, 0.269953221055692, 0.2634457349513776], [0.26880899870118574, 0.21910143549341718, 0.2652922351480145, 0.2467973305573826]], "ideal": "D", "sampled": "B", "correct": false}}
{"type": "result", "data": {"idx": 10, "options": ["150 + 400 + 200", "200 + 400 + 200", "200 + 450 + 200", "200 + 500 + 200"], "probs": [[0.22694964366446915, 0.25509982918483354, 0.2512115202412401, 0.2667390068094572], [0.22733251409444039, 0.25151303033231337, 0.24982234460862168, 0.27133211086462455], [0.21817543775380271, 0.23585585896017164, 0.29350763119045903, 0.25246107199556667], [0.21855249021762382, 0.24383044640529666, 0.2575189951913779, 0.2800980680857016], [0.21835194011912473, 0.23223316215188794, 0.28470746952610865, 0.2647074281028787], [0.22030393271793966, 0.24381851747362784, 0.2557069177240839, 0.2801706319843486], [0.226903993269522, 0.245237145477405, 0.25490373750318746, 0.27295512364988556], [0.22731507838397844, 0.2399354535072473, 0.2572228129199482, 0.27552665508882607], [0.2266618927089626, 0.2375462828000973, 0.26096822773053957, 0.2748235966604005], [0.220342652755241, 0.23999773023126247, 0.2618227742754197, 0.2778368426380768], [0.22618552561161923, 0.2388514386855276, 0.2585444565698252, 0.2764185790330279], [0.22114066275861768, 0.24096461715216586, 0.25675929737917796, 0.28113542261003854], [0.22056760220359858, 0.229269001301086, 0.30097660867805465, 0.24918678771726077], [0.2244557671186651, 0.24088104839058783, 0.25806029859405144, 0.2766028857966956], [0.2272531870861071, 0.23995170352371656, 0.26354992779763453, 0.26924518149254184], [0.22257488632099984, 0.2406817787543391, 0.26037412491259776, 0.2763692099120633], [0.22327378389986804, 0.24351683256575146, 0.2514067291962033, 0.28180265423817713], [0.22166189218834878, 0.23777423442348972, 0.26753818587461703, 0.2730256874135445], [0.22173246240182765, 0.22680602489256865, 0.28887282110273643, 0.26258869150286723], [0.22762212833340034, 0.2404919338132434, 0.25778914263618424, 0.27409679511717194], [0.23088886987509818, 0.24190701181396213, 0.2578813096938741, 0.2693228085170656], [0.22583087939997903, 0.24414620927297104, 0.2582154235251504, 0.27180748770189944], [0.2260538373073461, 0.2407676762216078, 0.25446313996248643, 0.27871534640855966], [0.22383903631830088, 0.23446594875094925, 0.27228484366450334, 0.26941017116624655]], "ideal": "C", "sampled": "B", "correct": false}}
{"type": "result", "data": {"idx": 11, "options": ["21", "7", "1", "None of these"], "probs": [[0.18799248615996375, 0.28885212968161217, 0.309383545924832, 0.213771838133592], [0.1963390766286931, 0.24264604573940815, 0.3038104862806519, 0.25720439125124683], [0.18080342352976644, 0.27338231421902764, 0.3369645576427547, 0.20884970450845125], [0.16057500241581202, 0.23926004765025308, 0.26399159428817603, 0.3361733555457589], [0.18798553572119167, 0.22869005669989456, 0.32925896815696737, 0.2540654393219464], [0.1488702148050211, 0.23981444535241472, 0.31413963433938985, 0.2971757054031743], [0.19781278661337606, 0.2809882247461493, 0.29628870771212956, 0.22491028082834502], [0.2074275612623688, 0.2371529042483642, 0.28787833449345945, 0.26754119989580755], [0.20253208296449848, 0.27461116569061494, 0.3131838673922061, 0.20967288385268046], [0.18936153036491196, 0.2452370560704365, 0.2797498148362703, 0.28565159862838124], [0.18997434703672542, 0.22752688144772246, 0.3176376724629555, 0.26486109895259663], [0.15975423155617577, 0.23802472648624542, 0.3025026619131854, 0.2997183799443934], [0.1882860036261444, 0.26754149393235244, 0.31980797168680775, 0.2243645306546954], [0.1651388829015626, 0.23114624272737744, 0.26338481507968364, 0.3403300591913763], [0.1871245111971088, 0.2701284071571233, 0.3333844641526285, 0.20936261739313938], [0.17890081074387174, 0.23913307841909354, 0.29481155116607405, 0.28715455957096064], [0.15344076314347688, 0.22154881718174882, 0.31875796072746476, 0.3062524588473095], [0.15111143070936503, 0.21813871939409157, 0.3094991285565551, 0.3212507212399883], [0.16054951664542463, 0.2430901752738401, 0.33889000594535074, 0.2574703020353845], [0.1435296578123585, 0.2579715030522911, 0.2888083245706333, 0.30969051446471707], [0.17053049073289425, 0.2504387013559854, 0.31801606643071817, 0.2610147413804022], [0.14678685584368983, 0.26389822754453474, 0.28229985058911694, 0.3070150659226585], [0.14957184043735147, 0.26889509761312114, 0.28302643543710576, 0.2985066264124216], [0.14094378262755164, 0.25730559610692927, 0.30233064741345855, 0.29941997375206053]], "ideal": "D", "sampled": "B", "correct": false}}
{"type": "result", "data": {"idx": 12, "options": ["8", "9", "49", "63"], "probs": [[0.21074473227703946, 0.24852331729658772, 0.28145416729454487, 0.25927778303182797], [0.2177123492056676, 0.25289387262002533, 0.2776557587600976, 0.2517380193142094], [0.2152880792190341, 0.26190540972431303, 0.2536246851913232, 0.2691818257653296], [0.2233635369221057, 0.2552832998867351, 0.2711504141886645, 0.2502027489024947], [0.2188270426975956, 0.2622917577610273, 0.2535877223252717, 0.2652934771161054], [0.21880723207778302, 0.2503544948691935, 0.2655993064138038, 0.2652389665392197], [0.21074075132708617, 0.25231707845540174, 0.28565416588472337, 0.25128800423278874], [0.21337239124172466, 0.2596093675292793, 0.28037181076029905, 0.24664643036869693], [0.22061026598049271, 0.26428903945325716, 0.2598830941111844, 0.2552176003550658], [0.2249223869126832, 0.25319535631424267, 0.27758158162577856, 0.24430067504729555], [0.21884289381699815, 0.2663533389301975, 0.25764387843416603, 0.25715988871863826], [0.2179256988788548, 0.25322591162368935, 0.26883085582182087, 0.26001753357563495], [0.21543040342398706, 0.26204470968806115, 0.2531535440349839, 0.26937134275296787], [0.2207799058234533, 0.2686514613969377, 0.2593183881394478, 0.2512502445401612], [0.21890175481199844, 0.262190063434702, 0.25358851650716036, 0.2653196651461392], [0.22071928441460947, 0.2645332593812237, 0.26351846047145844, 0.2512289956327084], [0.22554892445043725, 0.27473802714354034, 0.26955844342644886, 0.23015460487957357], [0.22222377026505635, 0.2749096113926992, 0.26145734990817365, 0.24140926833407075], [0.2187990927835327, 0.2621714692398557, 0.2454313711448043, 0.2735980667318073], [0.21720039195033325, 0.26023610648187057, 0.2674148896839563, 0.2551486117838398], [0.21621368501090005, 0.25507452701350597, 0.25829094260894797, 0.270420845266646], [0.21447496433609198, 0.25703895472458, 0.2725620906164193, 0.25592399022290874], [0.2178281396409598, 0.26937884089637143, 0.27248847481863736, 0.24030454454403138], [0.2179392938973907, 0.26956991161898924, 0.26439148972941456, 0.2480993046542055]], "ideal": "A", "sampled": "C", "correct": false}}
{"type": "result", "data": {"idx": 13, "options": ["6", "11", "8", "5"], "probs": [[0.1841178536230982, 0.25462538001375257, 0.28774002191527204, 0.2735167443478772], [0.1825866048574667, 0.2524602635709232, 0.28524353247282946, 0.27970959899878056], [0.16229793950496732, 0.21760165882308877, 0.34686912015372096, 0.27323128141822295], [0.17785103187278792, 0.23111908022948066, 0.2960899052377432, 0.2949399825599882], [0.16521362466311484, 0.21479065073992704, 0.34192617705245343, 0.2780695474445047], [0.17447893249922242, 0.2267775630625001, 0.3140196817185664, 0.2847238226197111], [0.18187048352347224, 0.2326332434466266, 0.30243839182385124, 0.2830578811060499], [0.17650052377305145, 0.2328518559445984, 0.29829975070653325, 0.2923478694758169], [0.18643368500940768, 0.23111444364986677, 0.30544203061622655, 0.277009840624499], [0.1838541599349978, 0.22793705419500598, 0.31083622108515785, 0.27737256468483834], [0.17899342569438395, 0.2360990686732286, 0.29766301967223524, 0.2872444858601522], [0.183629646878953, 0.23848055300711965, 0.3009621202644747, 0.2769276797494526], [0.15929835083689636, 0.2103539877708612, 0.3620732210468841, 0.26827444024535835], [0.16793916617325913, 0.22869128795091365, 0.3022496907930412, 0.301119854982786], [0.1793856269124882, 0.256024859640481, 0.2939061732622278, 0.27068334008480305], [0.1808881569257186, 0.2582166348566663, 0.2922145600154582, 0.2686806481021569], [0.1695320133765083, 0.23088130008532526, 0.3004432275524815, 0.29914345888568494], [0.15957418859312758, 0.21718515972773755, 0.3629013137349586, 0.2603393378441763], [0.16493570557173237, 0.21112759094619088, 0.34185769641173086, 0.2820790069703459], [0.17441755011669402, 0.22663670100578165, 0.31425960912364453, 0.2846861396538798], [0.18654006161791128, 0.25392466024229854, 0.2827169214586746, 0.2768183565811156], [0.1888175960834035, 0.257144786604701, 0.28644127504468375, 0.26759634216721173], [0.17925263292753685, 0.22945603970902903, 0.2985962571088388, 0.2926950701545953], [0.16203662227182208, 0.21729111474314694, 0.35202949353688273, 0.2686427693481482]], "ideal": "A", "sampled": "B", "correct": false}}
{"type": "result", "data": {"idx": 14, "options": ["10 bars of soap for $23.20", "16 bars of soap for $36.48", "13 bars of soap for $29.51", "12 bars of soap for $27.60"], "probs": [[0.27305418657096847, 0.21171550766072733, 0.27476492930831037, 0.24046537635999382], [0.26817716763777977, 0.20794699833381897, 0.2967871902161398, 0.22708864371226145], [0.260283969010194, 0.2080526885762573, 0.2877393874911999, 0.24392395482234872], [0.2670766790563023, 0.20079723596940852, 0.3005195051285961, 0.23160657974569313], [0.26586259993413425, 0.20781342431692906, 0.29404889306757215, 0.23227508258136448], [0.2615004582813801, 0.2076509439997637, 0.2987059727976554, 0.23214262482120085], [0.2674854873977374, 0.2155543171151055, 0.2777382607001267, 0.23922193468703037], [0.2625860351832194, 0.21173081430853496, 0.29980883892783067, 0.22587431148041495], [0.26474845012239895, 0.20357875220559618, 0.2929646328847008, 0.23870816468730408], [0.27256352518942817, 0.20478399706175493, 0.2880413617812054, 0.23461111586761152], [0.26390915713190705, 0.207772564751403, 0.29224207558925036, 0.23607620242743965], [0.2721270580000688, 0.20771836922895395, 0.27856471716710723, 0.24158985550387], [0.2742546457634101, 0.20602029252942097, 0.2892999307626279, 0.23042513084454108], [0.27071274130953493, 0.20186196867181755, 0.2998883217239995, 0.22753696819464805], [0.27334195372709086, 0.19913877544795874, 0.28867372867558516, 0.23884554204936526], [0.2737603864920675, 0.19783706060568182, 0.28914875650937955, 0.23925379629287105], [0.2685295263102483, 0.20018426475358095, 0.2928755493802346, 0.23841065945593617], [0.27532720152773127, 0.2035952030873074, 0.28606006073981854, 0.2350175345451428], [0.27135452221072387, 0.20874686226028594, 0.29543265257156986, 0.22446596285742032], [0.2688461461738275, 0.20683492101642656, 0.2930190475582404, 0.2312998851515055], [0.26961962759065783, 0.2042401609073389, 0.2849451431379794, 0.24119506826402387], [0.27861263099748446, 0.2061791774642292, 0.26782615772968793, 0.2473820337085984], [0.27146038410333184, 0.2009576409854203, 0.2827081978038367, 0.24487377700741111], [0.26615529059988247, 0.2031621990971268, 0.2811820083047002, 0.2495005018982906]], "ideal": "C", "sampled": "D", "correct": false}}
{"type": "result", "data": {"idx": 15, "options": ["5 minutes", "14 minutes", "34 minutes", "70 minutes"], "probs": [[0.22092826333029736, 0.2737335223619563, 0.28714137838679027, 0.2181968358209561], [0.22039596734227163, 0.2730719446862853, 0.29549917575742213, 0.21103291211402092], [0.21712293052175408, 0.26487142239650935, 0.3001576408467191, 0.21784800613501748], [0.21396093387194076, 0.28216910779886695, 0.2824314278444061, 0.22143853038478614], [0.21817246592072356, 0.2500256187952347, 0.31627799643640975, 0.21552391874763202], [0.2112857636214876, 0.2538428528697905, 0.3160832727806606, 0.21878811062806125], [0.23578817788704445, 0.27871986805513016, 0.2701299746045055, 0.21536197935331985], [0.23574559036899131, 0.2787894266745396, 0.27008834076075444, 0.21537664209571467], [0.21793408689703747, 0.2534946202978317, 0.2921592890924119, 0.23641200361271897], [0.227616499086052, 0.26084844441406146, 0.28668175426306386, 0.22485330213682267], [0.22162318557703342, 0.2423920816297146, 0.30643168545328464, 0.22955304723996733], [0.2300526132933932, 0.2555051369559029, 0.2942081005813092, 0.2202341490693947], [0.226838184360963, 0.2637823623317178, 0.28531230347639003, 0.22406714973092917], [0.2259203012669619, 0.27541011158737005, 0.27553149644463426, 0.2231380906010338], [0.23032108407454324, 0.25968297152531716, 0.28951563134059605, 0.2204803129595435], [0.24392322103073294, 0.2750142093466488, 0.27496741970259647, 0.20609514982002183], [0.22845337132990728, 0.24988416207145478, 0.2923082752577458, 0.22935419124089212], [0.2347006201509379, 0.24105937776539144, 0.30978056785346714, 0.21445943413020352], [0.2272131097333808, 0.2523320429817253, 0.2994469835807591, 0.2210078636041348], [0.22147163746526433, 0.25380647179926535, 0.3058943152121779, 0.21882757542329243], [0.22754033041464808, 0.26069490545199636, 0.29048864299201954, 0.221276121041336], [0.23642179800790558, 0.27506266792068007, 0.2792034322100282, 0.20931210176138618], [0.22473694197546104, 0.26156068877043204, 0.29163465708299857, 0.22206771207110834], [0.23380539960601268, 0.2556284031667725, 0.3035145356423946, 0.2070516614848202]], "ideal": "B", "sampled": "B", "correct": true}}
{"type": "result", "data": {"idx": 16, "options": ["18", "24", "25", "29"], "probs": [[0.1428991279295109, 0.24603915578705093, 0.36333272398850974, 0.2477289921949284], [0.15188591765518547, 0.25335963047834054, 0.36248344999005816, 0.23227100177641583], [0.1579348836940475, 0.27217118571487414, 0.3126677460755811, 0.2572261844154972], [0.15683817072901113, 0.2699341298340394, 0.3256719257657264, 0.24755577357122305], [0.15589820079284886, 0.26427567396316154, 0.33378184335741207, 0.2460442817865775], [0.14752328174541454, 0.24996590239340968, 0.3696578089574197, 0.2328530068037561], [0.14943560288385072, 0.2696242509680663, 0.34536530020216694, 0.23557484584591606], [0.15921869635154015, 0.28256222181829116, 0.34004595365631635, 0.2181731280738523], [0.1500497817813442, 0.2623408280145548, 0.3470889420705282, 0.24052044803357278], [0.15127014661497698, 0.256467573126312, 0.33409350111441216, 0.25816877904429886], [0.1557440608584109, 0.26796194908323495, 0.3490295707830444, 0.22726441917530976], [0.14392859374463166, 0.25186662362282364, 0.3546910968252319, 0.2495136857073128], [0.1636888904864814, 0.2908257375735866, 0.2990879251846169, 0.24639744665531507], [0.16227787006016614, 0.28360034744882207, 0.3209395264838283, 0.23318225590718347], [0.15687445739574823, 0.25368355234014645, 0.3457697537654429, 0.24367223639866245], [0.15036453899044938, 0.2470077128754781, 0.34200526222115446, 0.2606224858129181], [0.15419058500178523, 0.26958039400265926, 0.34033426639014563, 0.23589475450540986], [0.15801898585283006, 0.2724594635964842, 0.30804981634217465, 0.26147173410851104], [0.163837636578459, 0.27769949201848215, 0.3192504250907406, 0.23921244621231824], [0.15268639183563176, 0.2547949330192799, 0.3589630233573479, 0.23355565168774034], [0.1548775537193645, 0.25036980953187016, 0.35795228603025153, 0.2368003506185138], [0.14459673843432796, 0.23770513774007038, 0.35066946814920347, 0.26702865557639816], [0.15513035756613006, 0.267009651603553, 0.33688625658186755, 0.24097373414844941], [0.15598925946583111, 0.2731370925630183, 0.3086885511566464, 0.26218509671450413]], "ideal": "B", "sampled": "A", "correct": false}}
{"type": "result", "data": {"idx": 17, "options": ["(60/6)\u201412=a", "(60\u201412)/6=a", "(60-6)-12=a", "(60+12)/6=a"], "probs": [[0.22804899380602783, 0.2531038673328894, 0.2547497304870088, 0.26409740827407396], [0.22863362045881785, 0.23662892766526572, 0.287980071039606, 0.24675738073631046], [0.21620837818345703, 0.22915210851905513, 0.2942817342411028, 0.260357778956385], [0.2111259400633448, 0.22723931071870063, 0.3034502863580522, 0.25818446275990237], [0.23160801825591482, 0.24169053134885493, 0.278686106177118, 0.24801534411811227], [0.23029034641197108, 0.25764717881346644, 0.2536329849218119, 0.25842948975275054], [0.22507845682401376, 0.24429731830605733, 0.26364432977053603, 0.2669798949993929], [0.2288121180538552, 0.23163086628247725, 0.2884759177660393, 0.2510810977976282], [0.21904662249282006, 0.22866049406626054, 0.2863636910629011, 0.2659291922780183], [0.22091340358094377, 0.220063649988113, 0.2844705794624953, 0.2745523668684479], [0.23386897492855052, 0.23858276362689826, 0.27095422549748244, 0.25659403584706875], [0.2332357316976008, 0.24142606554001297, 0.25303843614908883, 0.27229976651329735], [0.20938249242272006, 0.2535652555803002, 0.2788556259421148, 0.25819662595486487], [0.20832529103126862, 0.250191908313285, 0.29065100654963394, 0.2508317940058124], [0.20901511918920937, 0.2611716726335731, 0.26801526943171994, 0.2617979386454976], [0.20580803425900254, 0.24349245828224084, 0.28274838849689576, 0.26795111886186085], [0.2126144021536882, 0.26134499904880143, 0.27607721087556, 0.24996338782195038], [0.20812081668319837, 0.2520562633007162, 0.27301486510244155, 0.2668080548136439], [0.22980853228033657, 0.23794647339746686, 0.2783449208951327, 0.2539000733270639], [0.22306077512448788, 0.24756193527431153, 0.2671904603451099, 0.26218682915609065], [0.23100048876483312, 0.2433193096262659, 0.27222573208104844, 0.2534544694278525], [0.22961387841748193, 0.24720270192527244, 0.25523113441206374, 0.2679522851451819], [0.22064373727488235, 0.23381594614385062, 0.2861425791054155, 0.25939773737585153], [0.2206721007603272, 0.2288364767799423, 0.28248664733922874, 0.26800477502050174]], "ideal": "B", "sampled": "D", "correct": false}}
