{"type": "result", "data": {"idx": 0, "options": ["(0, \u2013 3)", "(4, 1)", "(2, 2)", "(\u2013 4, \u20132)"], "probs": [[0.264444581707361, 0.22945120244559308, 0.28063925261554357, 0.22546496313150233], [0.269876462337647, 0.23068752423695407, 0.286683423193192, 0.21275259013220685], [0.26743470822775156, 0.23207285306300043, 0.27946116684678546, 0.22103127176246257], [0.2701195598922065, 0.23103104072127786, 0.28249303766464195, 0.21635636162187372], [0.28177366917476143, 0.2300027413437471, 0.27290539170629885, 0.2153181976751926], [0.2794188517139256, 0.22454450687689484, 0.27921524225042726, 0.2168213990587523], [0.2749391916837169, 0.22438382613130903, 0.2699379743337989, 0.23073900775117517], [0.2778981542935781, 0.23045361843028986, 0.26905959040038574, 0.22258863677574633], [0.2743779636830502, 0.22060986693650153, 0.2781712329654509, 0.22684093631499744], [0.2658053417478039, 0.22376317450440972, 0.2907994773931419, 0.2196320062546445], [0.2835247049331438, 0.23879350786244052, 0.25765432369192864, 0.22002746341248702], [0.27639577613676625, 0.23630209969011548, 0.26257429306784985, 0.22472783100526839], [0.2724963886761198, 0.22574965509002864, 0.280104653813524, 0.22164930232032753], [0.272357322914703, 0.22922488237785493, 0.28036726353843533, 0.21805053106900676], [0.25814158106460006, 0.2276117090297376, 0.3007772907429756, 0.2134694190626867], [0.2537486254915166, 0.22718618807904986, 0.30939972397571286, 0.20966546235372063], [0.27696157737115135, 0.24045604049793554, 0.2676481723956519, 0.21493420963526114], [0.2719593996765988, 0.24356947149259753, 0.2667401790286431, 0.21773094970216056], [0.27633148840780647, 0.22203713984112552, 0.2802360993378679, 0.22139527231320014], [0.2772716788127669, 0.21944451474770765, 0.2810949296293892, 0.22218887671013623], [0.27123070164636526, 0.23573229065761445, 0.2790957134548237, 0.2139412941411966], [0.2645885348055419, 0.23700574038042846, 0.276327967616105, 0.22207775709792466], [0.27569892178106264, 0.22869937928119996, 0.274835429318022, 0.22076626951971537], [0.2663103937836412, 0.23131862280439805, 0.28227376935043474, 0.22009721396152604]], "ideal": "D", "sampled": "D", "correct": true}}
{"type": "result", "data": {"idx": 1, "options": ["2500", "2", "50", "25"], "probs": [[0.2759252745244357, 0.2531887552903909, 0.2650331815062197, 0.2058527885789537], [0.2770749885002612, 0.25397973871701707, 0.26555436451231734, 0.20339090817040442], [0.27660144704189854, 0.24607449790910826, 0.27417261751695854, 0.20315143743203468], [0.3001947238828182, 0.237432028512697, 0.2600906011242623, 0.20228264638022248], [0.27877503142922166, 0.25158929091464516, 0.2713532690152316, 0.19828240854090154], [0.29955243168599716, 0.2386934536846168, 0.2615257125376687, 0.20022840199171732], [0.28718499630134886, 0.255425852009109, 0.25940863455064656, 0.19798051703889558], [0.28277833982955347, 0.2592514041141567, 0.2631323815708906, 0.19483787438539926], [0.2815299029472471, 0.24282083955580494, 0.2753068793609828, 0.20034237803596514], [0.2591308162004787, 0.24162538037078943, 0.2699112988804603, 0.22933250444827158], [0.2820036453025214, 0.24690863855558132, 0.2752778570865169, 0.19580985895538033], [0.25521011679064903, 0.24920308582693293, 0.2698353689541018, 0.22575142832831624], [0.2789402728520167, 0.24050332188451254, 0.27258075499404977, 0.207975650169421], [0.3004777729210783, 0.23765386638649005, 0.26267331835981056, 0.19919504223262108], [0.280545775274382, 0.24181980252559448, 0.2780454497960138, 0.19958897230400968], [0.256321553209445, 0.23892502840342567, 0.2706335525038445, 0.2341198657832848], [0.2986021682113153, 0.2344251905806659, 0.27803755218046416, 0.1889350889275546], [0.2647043426859268, 0.24672413992315714, 0.27528443519574647, 0.2132870820951696], [0.27692497599112303, 0.24244119947039192, 0.2742599330347678, 0.20637389140371726], [0.3002227380671122, 0.23751043842639638, 0.25849951466566, 0.2037673087408314], [0.2905294000811918, 0.25408482549033856, 0.27018079158942176, 0.18520498273904787], [0.2712478000958545, 0.2527597210637337, 0.2607690652829549, 0.21522341345745694], [0.2939859286552841, 0.23627419415325218, 0.2807627576195162, 0.1889771194719475], [0.26345430784677754, 0.24553571978257352, 0.2786833255223396, 0.21232664674830934]], "ideal": "C", "sampled": "A", "correct": false}}
{"type": "result", "data": {"idx": 2, "options": ["392", "336", "300", "297"], "probs": [[0.2411219924447217, 0.2357265650990317, 0.2861158847522722, 0.23703555760397435], [0.23966534433352402, 0.2377206533909542, 0.2835772931292198, 0.239036709046302], [0.24314246707001078, 0.23411035186527013, 0.28356933168363074, 0.23917784928108834], [0.2453293428971609, 0.23999748406401927, 0.2732893742857462, 0.24138379865307366], [0.23474256342175762, 0.2328873986832756, 0.29083483974953594, 0.2415351980454309], [0.23132821225808797, 0.22614353218965697, 0.29666950411602966, 0.24585875133622537], [0.2428788619132689, 0.23026572969441494, 0.2881724450248661, 0.23868296326745003], [0.24717558917911697, 0.23408365247292953, 0.28352582451846137, 0.23521493372949212], [0.24604425588638057, 0.23299460906456682, 0.28657951094087625, 0.2343816240081764], [0.2461394330377353, 0.23724673256498668, 0.2743777755095364, 0.24223605878774163], [0.2406615084760487, 0.234967252734701, 0.28436445749220857, 0.2400067811970417], [0.23597410318875917, 0.2273707687627396, 0.2935518324081601, 0.24310329554034116], [0.242514427838595, 0.24066277977410197, 0.2785754460030059, 0.23824734628429714], [0.24881850180521917, 0.2398472875116827, 0.2777808308323599, 0.23355337975073828], [0.24320714898082857, 0.23409267465195627, 0.2799094700506404, 0.24279070621657478], [0.24195297516443512, 0.23681712658242673, 0.28328311465855116, 0.23794678349458698], [0.24488265049639227, 0.23214688096546904, 0.2859490598735086, 0.23702140856463005], [0.24065388322393072, 0.22850580042576676, 0.29032970769764116, 0.24051060855266132], [0.23320214895648597, 0.2280937033025649, 0.29860283586662417, 0.24010131177432495], [0.22520604056234042, 0.22381375060782596, 0.3077525106434477, 0.2432276980863859], [0.22974984687876734, 0.2281535599622495, 0.2942518039387034, 0.2478447891202797], [0.22812452910049383, 0.22687977550145141, 0.30243766304806435, 0.24255803224999042], [0.24047560629115386, 0.23166426668734938, 0.29491987382025947, 0.23294025310123728], [0.23551827666788494, 0.2306914329298117, 0.29832929369804184, 0.2354609966042615]], "ideal": "A", "sampled": "C", "correct": false}}
{"type": "result", "data": {"idx": 3, "options": ["\\frac{7}{9}", "\\frac{8}{9}", "\\frac{5}{9}", "\\frac{9}{11}"], "probs": [[0.24048895358091613, 0.28036902187550844, 0.24842762194854132, 0.23071440249503414], [0.23578501181397793, 0.2790581458948975, 0.25898270638754783, 0.22617413580357676], [0.24532723789931646, 0.2728630940769902, 0.2573700883335308, 0.2244395795901625], [0.23106548644979127, 0.27760519333662753, 0.2698092637771599, 0.2215200563364213], [0.2479003778403625, 0.28446919994799136, 0.2441642393299067, 0.2234661827817394], [0.23582936821009778, 0.2835508882715869, 0.25082871315355176, 0.2297910302647635], [0.22970031199542443, 0.27606400844674356, 0.25988674161219494, 0.23434893784563707], [0.22577773849560848, 0.27125238561145787, 0.276177964296798, 0.22679191149613562], [0.23004737494075564, 0.28513163325319457, 0.26076313850656224, 0.2240578531994875], [0.22735202445188415, 0.281693441738722, 0.26953278362840505, 0.22142175008098874], [0.23646134488097548, 0.2887155158337649, 0.25157326832242294, 0.22324987086283662], [0.22940120098681024, 0.2844504117681248, 0.25568580624884546, 0.2304625808962195], [0.2402948850109059, 0.28445139100610745, 0.25204494217430967, 0.22320878170867695], [0.22902698812578656, 0.2840384244634785, 0.2673234343261424, 0.21961115298459252], [0.24005305705370394, 0.2931579525867769, 0.2402032160639895, 0.2265857741955296], [0.2372603643519736, 0.28971435753445396, 0.25251059969193085, 0.2205146783216416], [0.2326551263197333, 0.2930052323794202, 0.2512494958872108, 0.22309014531363566], [0.24582130813321837, 0.290955109460842, 0.24175227766684385, 0.22147130463909573], [0.23567524549988522, 0.28330692646054567, 0.2585314511994276, 0.2224863767401415], [0.22846710210842028, 0.28772271962817436, 0.254317861217959, 0.22949231694544633], [0.24207518945151893, 0.2907813960488764, 0.24566659303035931, 0.22147682136924535], [0.23309353686307085, 0.284491934881727, 0.2554864661285042, 0.22692806202669794], [0.2235555019221342, 0.290379043037776, 0.2650169988454059, 0.2210484560946839], [0.23561960456399297, 0.2876268922994996, 0.25436425206501767, 0.2223892509714897]], "ideal": "B", "sampled": "D", "correct": false}}
{"type": "result", "data": {"idx": 4, "options": ["(-inf, 10)", "(-inf, 9)", "(-inf, 8)", "(-inf, 7)"], "probs": [[0.24652872221772398, 0.2848236049374311, 0.26183489742744936, 0.20681277531739553], [0.24455638956236225, 0.27835754386852773, 0.27028635947046964, 0.20679970699864036], [0.23761445281513627, 0.2746230363571202, 0.27546742555724635, 0.21229508517049717], [0.243652530179319, 0.2817120467824544, 0.265292427951616, 0.2093429949866106], [0.23553454085422212, 0.27879432671841525, 0.27521968705344807, 0.21045144527391454], [0.240739185752971, 0.2806493812228508, 0.26846044052864715, 0.21015099239553098], [0.2435175997823623, 0.2751956663808901, 0.2654106397783777, 0.2158760939583699], [0.23939014255424135, 0.27281787175734945, 0.2738225974219622, 0.21396938816644698], [0.23416304237046118, 0.2730113226943691, 0.2717963714358156, 0.22102926339935414], [0.23701637197199693, 0.2783029162099685, 0.2644669492119415, 0.220213762506093], [0.235275137926582, 0.2766395550188878, 0.2711185853078833, 0.2169667216466469], [0.23958432672012114, 0.2771172821244642, 0.26750001308627186, 0.2157983779691428], [0.23543160098977747, 0.27021788340110997, 0.2755539293809086, 0.2187965861282039], [0.24100003362272296, 0.2745685658945819, 0.26908893192368805, 0.21534246845900712], [0.23046123635757215, 0.27740516842504137, 0.26766085223172464, 0.2244727428856618], [0.23868159947392695, 0.2761393785200545, 0.26859048006232855, 0.21658854184368995], [0.23448507485429043, 0.2712576091018263, 0.27635639903166004, 0.21790091691222327], [0.23718978739317034, 0.2700650296883698, 0.2774773446548671, 0.2152678381635927], [0.23836780726958115, 0.275803651248596, 0.2744476157979756, 0.2113809255838472], [0.2437809480119632, 0.27560330255861676, 0.2678268631377275, 0.2127888861916925], [0.22981866849421032, 0.27883013664631046, 0.27096643637441303, 0.22038475838506616], [0.24080216523381828, 0.27430069035080834, 0.2730598110721665, 0.2118373332432069], [0.2316687577484412, 0.27444814697502473, 0.2752461638209771, 0.21863693135555698], [0.2422701752281834, 0.2737446169839434, 0.2724977474014319, 0.21148746028644133]], "ideal": "C", "sampled": "B", "correct": false}}
{"type": "result", "data": {"idx": 5, "options": ["396", "72", "66", "36"], "probs": [[0.22611388224912723, 0.22492691537087597, 0.32204058283266784, 0.22691861944732897], [0.2582950553293758, 0.24899607523281783, 0.2492028437424419, 0.24350602559536447], [0.254241947122451, 0.241367358561569, 0.2570844926738624, 0.24730620154211755], [0.274575237523505, 0.25237009302789665, 0.2374161516997647, 0.23563851764883362], [0.25418878735394074, 0.24114098730392294, 0.26502887596649005, 0.23964134927564623], [0.23131356675011489, 0.22980868351286396, 0.31399486869390936, 0.22488288094311176], [0.23265228123190781, 0.21765684106303462, 0.2932054865124206, 0.2564853910926369], [0.2530972995072423, 0.23661084823344616, 0.25240123645525275, 0.25789061570405875], [0.28542233789556043, 0.26934702576405317, 0.22726178302508204, 0.21796885321530435], [0.2721431674749133, 0.27108047621581316, 0.2303693397277897, 0.22640701648148384], [0.24817606804273304, 0.2356271445515563, 0.2672230303020283, 0.24897375700368232], [0.2329531644491828, 0.22124700575712683, 0.31215301618066715, 0.2336468135130232], [0.2528590001339032, 0.23290007161106327, 0.252321813264914, 0.2619191148901195], [0.2657953162852073, 0.24065933760591782, 0.24498828878056442, 0.24855705722831048], [0.2709200543442682, 0.22896975151214624, 0.25442473614203226, 0.24568545790155327], [0.2618522824747248, 0.23004299861680286, 0.2573726657950104, 0.2507320530134619], [0.2626630130746844, 0.23788432137813653, 0.25765068013022624, 0.2418019853169528], [0.26057745838938534, 0.23419592225314037, 0.25771774687047666, 0.24750887238699762], [0.251261942025869, 0.23847701432474822, 0.2542587442662747, 0.2560022992831081], [0.2399014305799143, 0.2276461043024734, 0.28800422808640735, 0.24444823693120493], [0.2557008006272438, 0.24078265188882927, 0.25497499485707115, 0.24854155252685575], [0.23112717612946193, 0.216086361030284, 0.3244952607500197, 0.22829120199023434], [0.2744305688698256, 0.29987182763391385, 0.20964824838854113, 0.21604935500771943], [0.27184173462056666, 0.28797450658779494, 0.21766239402501722, 0.22252136466662115]], "ideal": "B", "sampled": "C", "correct": false}}
{"type": "result", "data": {"idx": 6, "options": ["0.16", "0.24", "0.3", "0.5"], "probs": [[0.2536113929246319, 0.2289320919643508, 0.26049653344262597, 0.25695998156839134], [0.25620885535559124, 0.22420713791063365, 0.25556026744252686, 0.2640237391912483], [0.25190656999353933, 0.20066334006175446, 0.2713244218655638, 0.2761056679791423], [0.25180185589065995, 0.2121884587847135, 0.2595611589756672, 0.27644852624895927], [0.2567583735071427, 0.2062134685703595, 0.2682013929308103, 0.26882676489168744], [0.2609813277775141, 0.21671337929763473, 0.24893981970385423, 0.2733654731209969], [0.25743268766961, 0.22160485884097603, 0.2601155224130724, 0.26084693097634154], [0.25701039643980317, 0.21444375491316822, 0.2598136028415384, 0.26873224570549015], [0.2504872046087951, 0.20558030594945054, 0.2694442231766517, 0.27448826616510263], [0.24907532702988103, 0.21298130171823515, 0.26040754107624253, 0.27753583007564125], [0.260136574480746, 0.20411133764133202, 0.2633223533367049, 0.2724297344412171], [0.2552991921333118, 0.21841793736499598, 0.2546528691388616, 0.2716300012628306], [0.24715892231499403, 0.21255458255804188, 0.26098068768214006, 0.279305807344824], [0.2521277665839791, 0.21706137058948466, 0.258869856570106, 0.2719410061564302], [0.247525807482199, 0.21949948041181985, 0.25340014315991577, 0.27957456884606535], [0.24632975456635517, 0.21885111925797635, 0.26072496173158743, 0.27409416434408107], [0.25309937435541646, 0.22156836920047315, 0.26473959488785526, 0.26059266145625515], [0.24156937360686404, 0.22498394881895345, 0.27281546996510975, 0.26063120750907276], [0.2648068447088689, 0.21102244288666155, 0.2597048955808124, 0.26446581672365715], [0.26833352443872754, 0.22414144871377664, 0.24770343301203385, 0.25982159373546193], [0.26326016373565225, 0.2198058432062953, 0.253984399233227, 0.2629495937248254], [0.25749672902055165, 0.23266516726878197, 0.2525950221408125, 0.2572430814698539], [0.2617104830311573, 0.2154552691010877, 0.2655540585749704, 0.2572801891927846], [0.24786656353776854, 0.21712648219302183, 0.2716284909087442, 0.26337846326046543]], "ideal": "C", "sampled": "B", "correct": false}}
{"type": "result", "data": {"idx": 7, "options": ["42", "12", "36", "39"], "probs": [[0.2048773646876582, 0.23063850744203804, 0.3040713712875662, 0.2604127564827376], [0.20778893241874105, 0.23398867595819242, 0.28553796237143503, 0.2726844291516315], [0.21134726155733252, 0.23784097599874146, 0.29047398074675507, 0.2603377815971709], [0.21975349215088413, 0.2253595921970491, 0.2924124641783553, 0.26247445137371145], [0.2117490375538448, 0.2274898933768818, 0.29570748077173675, 0.2650535881975366], [0.22292435328374158, 0.2181583959743735, 0.2967719258505209, 0.262145324791364], [0.19336493023242682, 0.23922794698427052, 0.3058413817302309, 0.2615657409530717], [0.1967732131765226, 0.23972406623761613, 0.2971228614581105, 0.26637985902775074], [0.18760253207591904, 0.24318289391972323, 0.3114296449196396, 0.2577849289847181], [0.199271649102311, 0.24278628823713494, 0.296581208676244, 0.2613608538843101], [0.18793605266122196, 0.2326114326482858, 0.31700465079952206, 0.2624478637909702], [0.19533961427226468, 0.2341830064365627, 0.3142967428162292, 0.25618063637494337], [0.20923559608539133, 0.2318694155062182, 0.29709960236560984, 0.2617953859427806], [0.2213059878517213, 0.223482481322664, 0.29500151556765003, 0.26021001515796466], [0.2047862020770773, 0.23056793669982067, 0.3043270570781309, 0.26031880404497115], [0.2154967933677707, 0.23156543073722707, 0.29162818190519385, 0.26130959388980834], [0.21897149268753135, 0.2176384348867195, 0.3059467192614071, 0.2574433530643421], [0.21330612895739864, 0.22553196547160267, 0.2983895837962261, 0.26277232167477255], [0.2044776857362011, 0.22317552896854018, 0.30412340614322525, 0.2682233790520335], [0.2181175778956197, 0.21688435772183454, 0.30445446395538295, 0.2605436003271628], [0.20312170379631475, 0.22876581206469188, 0.30170195842196573, 0.2664105256170276], [0.20652306693285974, 0.22889492595573907, 0.3021460563281841, 0.2624359506832171], [0.21402358154372686, 0.21272613740004143, 0.3177476619685137, 0.25550261898771803], [0.21085461657837573, 0.22638146239667115, 0.2990439787350471, 0.26371994218990596]], "ideal": "A", "sampled": "C", "correct": false}}
{"type": "result", "data": {"idx": 8, "options": ["\\frac{125}{648}", "\\frac{25}{648}", "\\frac{625}{648}", "\\frac{1}{648}"], "probs": [[0.25754881286353515, 0.2605578043879454, 0.25705826662977305, 0.2248351160187464], [0.25581515213993794, 0.25067273153350494, 0.2631864586684144, 0.23032565755814266], [0.25877832206977014, 0.2576998058732031, 0.25414054447223033, 0.22938132748479642], [0.2587378168599661, 0.24977588652402513, 0.2620782695699952, 0.2294080269460136], [0.25773525235459754, 0.26888763901882656, 0.237700343108249, 0.23567676541832686], [0.2604856568459157, 0.27173332187001514, 0.24043490706766074, 0.22734611411640843], [0.25452543819537254, 0.25754709584206364, 0.26219068537657275, 0.22573678048599105], [0.25664418933209315, 0.24383006987517603, 0.2683254182070389, 0.23120032248569192], [0.2557334861539351, 0.25883763640262686, 0.2513715289077393, 0.23405734843569873], [0.2567644272049456, 0.2479576616014038, 0.26023654698133125, 0.23504136411231935], [0.2624542077747657, 0.2696582038481854, 0.24226316446231358, 0.22562442381473535], [0.26046092867994, 0.2717533869324601, 0.24392251631696715, 0.22386316797063277], [0.2579586620948442, 0.25679660988847164, 0.2530889922018129, 0.23215573571487122], [0.26272771151311064, 0.2496096826782015, 0.2619379201558245, 0.22572468555286337], [0.26167272349038384, 0.2645961225693816, 0.2489280142120336, 0.224803139628201], [0.2608634194342189, 0.2556623778137848, 0.2559063694235127, 0.22756783322848356], [0.25977048275257214, 0.2627845108246279, 0.24712955949219378, 0.23031544683060615], [0.2559079191442536, 0.2628641685153809, 0.2471430711626765, 0.23408484107768895], [0.23374463267157575, 0.25974273291996364, 0.25635739776376215, 0.25015523654469846], [0.23723528847267936, 0.25969503488156676, 0.26444859492139666, 0.2386210816243572], [0.23082196595875687, 0.2605574584078977, 0.2653608182022343, 0.24325975733111113], [0.23072794879966546, 0.2604513686500401, 0.2694298842449802, 0.23939079820531425], [0.24012555179578876, 0.2628301381801989, 0.25930219886094114, 0.2377421110630712], [0.23735210221731015, 0.2638129152876324, 0.26006959436138094, 0.2387653880336765]], "ideal": "C", "sampled": "C", "correct": true}}
{"type": "result", "data": {"idx": 9, "options": ["8", "12", "10", "4"], "probs": [[0.22675417361376105, 0.2294564693936727, 0.2635469138358737, 0.28024244305669255], [0.22111917872608006, 0.22362860858971195, 0.29067707873380044, 0.26457513385040754], [0.21925905017956387, 0.22542772848992723, 0.27133476327127726, 0.28397845795923166], [0.2166832270507379, 0.21587822160764764, 0.3039217338246427, 0.2635168174169717], [0.22016918506736374, 0.22973607256677606, 0.29861567176755766, 0.2514790704983026], [0.22031013008805012, 0.23356948094507426, 0.2944957823907153, 0.2516246064761603], [0.22550176417810391, 0.23889032359849152, 0.2656702438576126, 0.26993766826579196], [0.22343074940249075, 0.2328491325019038, 0.28872185512394555, 0.2549982628716599], [0.23260120802272855, 0.23148619891726266, 0.27840767213841194, 0.2575049208215968], [0.2253220561714462, 0.2242792132910207, 0.3009744927131338, 0.24942423772439926], [0.22232349214714783, 0.23917384443275527, 0.29627811905759144, 0.24222454426250545], [0.2204712149210159, 0.23735910298001778, 0.29425692116869023, 0.24791276083027608], [0.22421060166187207, 0.23042729151288177, 0.2811852353353465, 0.26417687138989965], [0.21770208423040596, 0.23058142568602774, 0.29533087324136975, 0.25638561674219656], [0.2297311723002538, 0.23231843111576048, 0.28374290463471163, 0.25420749184927405], [0.2217205216489806, 0.22432919331650394, 0.3008276685401525, 0.25312261639436295], [0.21768178884946682, 0.2379901934031023, 0.2997564881812839, 0.24457152946614696], [0.22023083418125253, 0.23715693033029314, 0.29886066157069335, 0.24375157381776094], [0.21926959510248448, 0.24739443500531663, 0.2709280332928583, 0.2624079364993406], [0.22366825410478555, 0.25253067170629856, 0.26422960350939617, 0.2595714705795197], [0.2256560142759924, 0.24282636874234753, 0.27404710239341556, 0.2574705144882445], [0.22556181585860396, 0.24667522676318612, 0.26198310047723294, 0.265779856800977], [0.22618183154315186, 0.23985863862233903, 0.2795871752282463, 0.25437235450626283], [0.21730034374955395, 0.24156514167702237, 0.27280125425712043, 0.26833326021630327]], "ideal": "B", "sampled": "D", "correct": false}}
{"type": "result", "data": {"idx": 10, "options": ["13", "14", "1", "2"], "probs": [[0.2504694834240987, 0.2343256543141421, 0.29120094448995104, 0.22400391767180816], [0.26575240886165163, 0.22293442817685516, 0.28101793347495874, 0.23029522938653446], [0.25688500740850123, 0.23116525893076825, 0.26542015462963897, 0.24652957893109148], [0.2520250041795321, 0.23585213535648591, 0.25862568126072377, 0.2534971791032582], [0.2736320576880545, 0.2224356002118954, 0.2758368931684297, 0.22809544883162045], [0.24755809446356974, 0.23527830047872178, 0.2702238043939198, 0.24693980056378864], [0.24672110376275005, 0.22723600266091593, 0.3002308010754762, 0.2258120924008578], [0.25973239925487884, 0.21783979559507813, 0.28100127397649743, 0.24142653107354559], [0.25078998498852606, 0.22397147271947654, 0.26714347198059174, 0.25809507021140565], [0.23959457871902148, 0.22773101923572603, 0.2659529447289589, 0.26672145721629353], [0.27130848570894844, 0.21546852907572006, 0.2799698751880382, 0.23325310992729328], [0.23840511553302887, 0.22489479852140476, 0.27944607372607017, 0.25725401211949617], [0.248511608687351, 0.22544498403433086, 0.28196447664712804, 0.2440789305311901], [0.23282888529356585, 0.23553031680612838, 0.2705829441276811, 0.2610578536726247], [0.2462025396845523, 0.22323110364781049, 0.2791334348767002, 0.251432921690937], [0.22460980711121364, 0.22905884680841582, 0.2738175987923509, 0.27251374718801963], [0.2316491443670095, 0.23427593611972847, 0.2938378628101876, 0.2402370566030744], [0.2258913084107464, 0.2357249566244818, 0.28894777360960555, 0.2494359612551662], [0.2684394418924828, 0.22339206931741298, 0.2773648798188364, 0.23080360887126777], [0.25013485548379083, 0.23957069215763016, 0.27768599984253167, 0.23260845241604733], [0.2710610249051286, 0.2220375769501146, 0.27562855850000934, 0.2312728395447474], [0.2418976651814777, 0.23531035375297296, 0.2814372395759348, 0.24135474138961455], [0.24467718598780033, 0.2342437654499414, 0.28455048796669263, 0.2365285604955656], [0.24001697061071164, 0.2352714275373898, 0.28143117248330296, 0.2432804292685956]], "ideal": "D", "sampled": "A", "correct": false}}
{"type": "result", "data": {"idx": 11, "options": ["30", "64", "2048", "60"], "probs": [[0.24539189431335806, 0.2221186359547597, 0.306506858444549, 0.2259826111873332], [0.24137612044448067, 0.2254390451897107, 0.27909836586155545, 0.25408646840425314], [0.24380451801670155, 0.24220164478683853, 0.27684939317392543, 0.2371444439225345], [0.239909853912594, 0.2422627472298064, 0.2769493419109595, 0.24087805684664007], [0.22752935977021274, 0.21572139739908772, 0.29784361286138206, 0.2589056298693175], [0.23920108439908044, 0.2132784894921594, 0.31834555751802607, 0.2291748684907341], [0.25043329594015135, 0.21628543732387623, 0.30800449845095, 0.22527676818502237], [0.23937129615280495, 0.21999279824690304, 0.2766447621807263, 0.2639911433195657], [0.24578996757821137, 0.24794510755607266, 0.27469473255823684, 0.2315701922074791], [0.26228671090870637, 0.23931608021923506, 0.2714075324528816, 0.226989676319177], [0.2460456304595349, 0.21921685009169595, 0.2757344502570499, 0.2590030690917193], [0.26047311006781776, 0.20974788692724972, 0.30793459137980145, 0.221844411525131], [0.2435006353909277, 0.23082557432575015, 0.2851334640019036, 0.24054032618141855], [0.24170053052270193, 0.2328263978232732, 0.278984202179178, 0.24648886937484688], [0.24742592868714858, 0.238106653070481, 0.2849670350266638, 0.22950038311570659], [0.2466239594179537, 0.2336553598162026, 0.2798658269383911, 0.23985485372745258], [0.24667698877600663, 0.2374671172103378, 0.2758119486238503, 0.24004394528980527], [0.24618718759301664, 0.2261754490559259, 0.28811884782171493, 0.23951851542934252], [0.23428024698358801, 0.2153031261840202, 0.28805396387161114, 0.2623626628607806], [0.23560187218217407, 0.21331022677672654, 0.3182474970499318, 0.23284040389116756], [0.24029256401043272, 0.22096110878165298, 0.2778394221981682, 0.2609069049097461], [0.24819381151967992, 0.214504907162118, 0.31220208010839057, 0.2250992011098115], [0.24093538520310984, 0.2471297234049669, 0.2738211750710371, 0.2381137162208862], [0.25978891994358877, 0.23517330250573593, 0.2749501075283494, 0.23008766992232588]], "ideal": "D", "sampled": "C", "correct": false}}
{"type": "result", "data": {"idx": 12, "options": ["0", "1", "2", "4"], "probs": [[0.19867087296663763, 0.22406354055832262, 0.2999156251212087, 0.2773499612538311], [0.18589149690634013, 0.20668000288744265, 0.31785017722423553, 0.28957832288198165], [0.19768601047592435, 0.20961243849144326, 0.3077304500509233, 0.28497110088170907], [0.1898884269438509, 0.20468599482259728, 0.30483423752018535, 0.30059134061336645], [0.193403527121277, 0.21164004502564232, 0.32048103210105433, 0.27447539565202633], [0.18794301990520648, 0.21223282270542082, 0.31614251354792633, 0.2836816437414464], [0.19705108415371717, 0.20250018523842825, 0.316822514644359, 0.2836262158634956], [0.18333823157481766, 0.18857096780868796, 0.3288860173692529, 0.29920478314724147], [0.1930629817371121, 0.20458214592622764, 0.31564793928232193, 0.2867069329543383], [0.19594769469846357, 0.20723569699890854, 0.31966332074281717, 0.2771532874598107], [0.18502046441702266, 0.19017499966768558, 0.3320504774126727, 0.29275405840261903], [0.1929633021161712, 0.204079419354058, 0.3299020230440209, 0.2730552553857499], [0.18609433255156593, 0.20034857388229949, 0.32840139693305714, 0.28515569653307743], [0.1912544134997319, 0.20292483851110457, 0.3170797086750416, 0.2887410392141219], [0.1948786733813515, 0.20653001087418232, 0.31804640045700117, 0.28054491518746505], [0.19694804262867832, 0.20512009238098838, 0.33624123020499697, 0.2616906346853363], [0.18106938357123878, 0.1949294896249901, 0.3509162559481342, 0.2730848707556369], [0.20174291139654607, 0.20385054663097296, 0.3343935459991777, 0.2600129958733033], [0.20444692059955208, 0.21014911798077043, 0.30877726346810613, 0.27662669785157135], [0.20676688539751656, 0.21594249878240132, 0.2932186678769227, 0.2840719478431594], [0.2055893211518376, 0.20162193174697468, 0.31031119357952985, 0.28247755342165787], [0.2100166144762014, 0.2120131317168991, 0.31159434648003603, 0.26637590722686344], [0.2024394273555495, 0.20789933202571886, 0.3201022147812222, 0.26955902573750945], [0.21596752426800417, 0.21129328325205024, 0.31533280481720927, 0.2574063875627363]], "ideal": "D", "sampled": "D", "correct": true}}
{"type": "result", "data": {"idx": 13, "options": ["92", "93", "94.5", "95"], "probs": [[0.22571536896355823, 0.2363246083023258, 0.28507572409640086, 0.2528842985377151], [0.2192282643809992, 0.2296835894700144, 0.27276420184083744, 0.27832394420814893], [0.21825849682505125, 0.2357972973975583, 0.29336666620767987, 0.2525775394697106], [0.21793172085984358, 0.24682672687128634, 0.26689529813981344, 0.2683462540290566], [0.217723652698679, 0.22465367612976395, 0.29780673977734823, 0.2598159312942088], [0.2254786144930524, 0.22870461172728276, 0.2889905104790948, 0.25682626320057], [0.22940167440561707, 0.2363788897102296, 0.2849778192208667, 0.24924161656328664], [0.22218655875527582, 0.2324946751214624, 0.2676742294856192, 0.27764453653764254], [0.2332341819768368, 0.23679287729279563, 0.2724964320387141, 0.2574765085916535], [0.21790751812663148, 0.24676671621715987, 0.2669890522689859, 0.26833671328722275], [0.21702809306257154, 0.22379654310199, 0.2920361117423187, 0.26713925199311983], [0.22246707642137964, 0.2257532443513237, 0.29438316380443075, 0.25739651532286595], [0.23560399165783644, 0.25390777367657164, 0.27008220953151163, 0.24040602503408026], [0.2404743063068031, 0.25925400077927374, 0.2549299521510197, 0.24534174066290346], [0.24043366668850397, 0.2510211504896965, 0.2671294847926022, 0.24141569792919731], [0.23561146416147397, 0.25403575242165405, 0.2661787092201387, 0.2441740740967333], [0.24873909737403777, 0.2560847134245701, 0.2641047857626397, 0.23107140333875242], [0.24105152126149548, 0.25981285778348995, 0.2682252486046362, 0.23091037225037833], [0.21956740826106494, 0.24107870869556103, 0.2774882192264967, 0.26186566371687736], [0.23357564556610802, 0.24829313526491625, 0.2682981232776881, 0.24983309579128762], [0.21976578233428562, 0.24497163293296134, 0.2732937633717948, 0.2619688212609583], [0.22707025704497333, 0.2488884031523725, 0.27750942108240223, 0.2465319186202519], [0.23177105985436575, 0.2463168875234309, 0.27023228194895293, 0.2516797705732504], [0.22613553700569913, 0.2478721886625373, 0.2765651344976426, 0.249427139734121]], "ideal": "B", "sampled": "C", "correct": false}}
{"type": "result", "data": {"idx": 14, "options": ["R <= T <= M <= L", "L <= T <= M <= R", "R <= M <= T <= L", "L <= M <= T <= R"], "probs": [[0.2620231430857674, 0.2318417062574733, 0.22994541434297017, 0.2761897362137891], [0.2596037828898832, 0.2332998523896179, 0.2461099626706322, 0.2609864019498667], [0.26688859261717696, 0.23071582956861736, 0.23408556330970887, 0.2683100144044968], [0.26167990195042323, 0.23157757628166084, 0.23313140967353943, 0.2736111119943765], [0.2591624116139179, 0.23468981589651536, 0.24564959080442542, 0.2604981815851413], [0.258793886594018, 0.2325904036439763, 0.23801080525505441, 0.27060490440695134], [0.260959796254771, 0.22218596270884589, 0.23093848729987776, 0.2859157536365054], [0.2726231298359739, 0.22312837011753545, 0.24896787846483234, 0.25528062148165825], [0.259591154442364, 0.22620422461738468, 0.22972730605309774, 0.28447731478715355], [0.2680074194399505, 0.22451315148870668, 0.2584651333292604, 0.2490142956420824], [0.2772709859766859, 0.22877071922096415, 0.23427097590780155, 0.2596873187945484], [0.2736735898925337, 0.22937743021671836, 0.23658495786528808, 0.2603640219254599], [0.26235413157768905, 0.23221359798651997, 0.23543706183110097, 0.26999520850469], [0.26331561801184594, 0.23300640282685042, 0.23263640699444418, 0.27104157206685947], [0.26085999994142944, 0.23270202027470444, 0.23786728436158575, 0.26857069532228034], [0.2556394185979181, 0.23890772525617207, 0.24033913071499152, 0.2651137253309183], [0.26236775514840005, 0.23228412864269565, 0.2265910804045107, 0.2787570357043936], [0.2580749988297833, 0.2374447136879941, 0.2388673275470285, 0.26561295983519406], [0.26801466140407415, 0.22281094719294975, 0.26220240404956907, 0.246971987253407], [0.2564121522708446, 0.2252236340003041, 0.22861411015808444, 0.2897501034707669], [0.2763148206745217, 0.22976991189551543, 0.23320279665637322, 0.26071247067358966], [0.27838806559586476, 0.2297515524582985, 0.23321018663146365, 0.25865019521437305], [0.26071447519905644, 0.22551153933999177, 0.22357878419873672, 0.2901952011622151], [0.27223632142557763, 0.22459827695922588, 0.2502395845735111, 0.25292581694168537]], "ideal": "D", "sampled": "B", "correct": false}}
{"type": "result", "data": {"idx": 15, "options": ["16", "2\\sqrt{2}", "5", "5+2\\sqrt{13}"], "probs": [[0.21039452519713367, 0.25325231986933666, 0.2551813645351645, 0.28117179029836514], [0.2589877247551376, 0.25717413422873814, 0.2763586938104836, 0.2074794471056406], [0.19366516795314598, 0.21899140390092375, 0.32031317110226903, 0.2670302569436613], [0.18740047791813097, 0.22726577856750224, 0.33690822623144495, 0.2484255171829218], [0.2600824832656177, 0.26233741638421243, 0.26256582138296886, 0.21501427886720095], [0.2115807000062094, 0.26259673421727436, 0.2603202837540744, 0.26550228192244185], [0.21394107381174585, 0.2238087124543707, 0.26714322764417064, 0.2951069859897128], [0.2608883302878223, 0.2303537955544372, 0.29819001855878297, 0.2105678554989575], [0.2134763747240213, 0.22153852877785682, 0.28632518646238003, 0.2786599099357418], [0.2203083353830605, 0.2312151502607426, 0.3165971745772161, 0.23187933967898078], [0.27935524040745197, 0.25234706335287865, 0.26319522839515525, 0.2051024677445141], [0.2527211568591425, 0.24511378635825637, 0.26387491426399723, 0.23829014241860388], [0.19436585611596371, 0.211451780604261, 0.3196061205603039, 0.27457624261947133], [0.19466469270025213, 0.22169137659512472, 0.3294930555935937, 0.25415087501102945], [0.22004864779821978, 0.24879932030336582, 0.26129823531133267, 0.26985379648708174], [0.2385601848125316, 0.2543548643334665, 0.2801623940187672, 0.22692255673523468], [0.21656823279541432, 0.24859457077539807, 0.2794429867765251, 0.25539420955266245], [0.24056866404141347, 0.2565625569480014, 0.26291951142722464, 0.23994926748336048], [0.2623617389887729, 0.23555234423237412, 0.27299246596039006, 0.22909345071846293], [0.2244430415273861, 0.23103036785705158, 0.27579476604699554, 0.2687318244685668], [0.27940612612245697, 0.24650337922338195, 0.2689670880023823, 0.20512340655177883], [0.25457435464437644, 0.2356179023206367, 0.2715902287749523, 0.2382175141600346], [0.2279491824257047, 0.23093753593061583, 0.2848644979697734, 0.256248783573906], [0.2518555298748744, 0.23508309526128432, 0.27718532908723503, 0.2358760456766062]], "ideal": "D", "sampled": "D", "correct": true}}
{"type": "result", "data": {"idx": 16, "options": ["8", "3", "6", "9"], "probs": [[0.22324559582419748, 0.2360803677167682, 0.2982918784487629, 0.2423821579102714], [0.22097976832832095, 0.23024398429243031, 0.3049489006832603, 0.2438273465959884], [0.22282621926303323, 0.22856844150428454, 0.3028366059607403, 0.24576873317194195], [0.213746195395693, 0.2193927666596976, 0.2995259329589027, 0.2673351048857067], [0.2201215260964593, 0.22934978514554039, 0.3038718311520977, 0.24665685750590263], [0.21941752220362545, 0.2250929128195072, 0.2935382258690115, 0.26195133900785583], [0.22546672482818653, 0.24620809781759423, 0.283515985527357, 0.24480919172686222], [0.21470968743069163, 0.2419967389162291, 0.2831229609433257, 0.26017061260975355], [0.22328605247502617, 0.2400065701956992, 0.29430638425209804, 0.24240099297717654], [0.21422278240497128, 0.2340996493433369, 0.2961389929910698, 0.255538575160622], [0.2235630866130681, 0.2442886345695253, 0.2854934887974053, 0.24665478992000128], [0.22265241374374892, 0.24692247069624051, 0.2887120458578824, 0.24171306960212816], [0.22140074604321588, 0.23437086537011612, 0.2962342412105728, 0.24799414727609523], [0.21737861825565583, 0.21985462485411883, 0.2821272145151767, 0.28063954227504867], [0.22158095729349164, 0.22730812970285622, 0.3105435946759216, 0.24056731822773053], [0.21355400659163082, 0.22600777108185763, 0.3136652959023376, 0.24677292632417394], [0.21407299379571332, 0.22324051626001135, 0.2864435400212525, 0.27624294982302283], [0.2160547939314736, 0.23593364302043665, 0.2983156099868183, 0.24969595296127148], [0.2226723399137457, 0.22475187143295772, 0.3070541276169608, 0.2455216609363358], [0.21947006733979024, 0.2215403600158016, 0.2931577344573137, 0.2658318380870945], [0.2227370838331653, 0.23194981655914873, 0.3072088497812287, 0.23810424972645727], [0.2222404777781452, 0.2350558340314413, 0.301466912001027, 0.24123677608938646], [0.21687933154085107, 0.22587462584279372, 0.2944556982683024, 0.26279034424805275], [0.21943115531899202, 0.2321220864981127, 0.3027058153235457, 0.24574094275934957]], "ideal": "A", "sampled": "B", "correct": false}}
{"type": "result", "data": {"idx": 17, "options": ["-2", "-4", "-1", "1"], "probs": [[0.2704431929781839, 0.21678347237375745, 0.27369593755560195, 0.2390773969924567], [0.2325127651306108, 0.1950089873175821, 0.31557344446681934, 0.25690480298498775], [0.26941827739817675, 0.21753943612603827, 0.2767600797364541, 0.23628220663933083], [0.22804761610276744, 0.20175621512768369, 0.314373591939173, 0.25582257673037584], [0.246670495743664, 0.22381788156449947, 0.2608672043291054, 0.2686444182627311], [0.24181969052309166, 0.2226471553213493, 0.25954784120472857, 0.27598531285083044], [0.2640599388830036, 0.22004515586217663, 0.2712766906728279, 0.2446182144819919], [0.23427970960477476, 0.20268505829669678, 0.3082029154739717, 0.25483231652455673], [0.268857669901382, 0.2171665675944436, 0.27629999558695806, 0.23767576681721636], [0.2245996281041391, 0.2036212356853256, 0.31968631262481023, 0.25209282348572504], [0.24657103763819452, 0.22030018419060873, 0.2646365660638643, 0.2684922120073324], [0.24153687777299923, 0.21927424426491504, 0.2635203380178246, 0.2756685398442611], [0.2672165890185557, 0.2157909241730113, 0.2789959269632662, 0.23799655974516679], [0.23162892913160885, 0.1986994952346096, 0.30977521938972885, 0.2598963561440527], [0.2672018865796087, 0.2141755648741864, 0.2767992184361712, 0.2418233300100337], [0.23015408333896292, 0.19461460739725134, 0.3127096108654588, 0.26252169829832694], [0.24575058721903797, 0.22285499672695153, 0.26401017293719614, 0.26738424301681435], [0.2369426935674236, 0.2217930108086999, 0.2666751742096301, 0.2745891213142464], [0.2457340694082525, 0.2096042515068892, 0.2768617313355765, 0.26779994764928183], [0.24587942315567754, 0.20942774342679735, 0.2768238874379222, 0.2678689458796029], [0.24211357123726482, 0.21297311242655068, 0.2811035937283088, 0.2638097225078757], [0.2427923638634047, 0.21033964499246136, 0.28219915695046877, 0.26466883409366515], [0.25371776918897293, 0.20954793760677332, 0.277223965291074, 0.25951032781317973], [0.24269048100340804, 0.20688900966032758, 0.27774766912507126, 0.27267284011119314]], "ideal": "B", "sampled": "D", "correct": false}}
