{"type": "result", "data": {"idx": 0, "options": ["inflation had already impacted the economy before the fiscal stimulus.", "the economy initially had some unemployed resources.", "aggregate supply decreased.", "aggregate demand is steeply sloped."], "probs": [[0.2963007942097003, 0.2216613259442319, 0.24593607712408116, 0.23610180262198663], [0.3005348264551735, 0.22793384025596083, 0.2571066762484294, 0.21442465694043625], [0.2820811527375256, 0.22126084234199378, 0.2573260626337983, 0.23933194218668236], [0.27769552830972316, 0.2177833849634485, 0.2535126133452874, 0.2510084732815409], [0.3006803139844907, 0.23539166500884262, 0.24934706460943407, 0.21458095629723262], [0.29275069510246476, 0.22275648182657465, 0.2358441571907042, 0.24864866578025638], [0.3058310999291614, 0.20788129852300335, 0.25377639747441616, 0.23251120397341907], [0.3032004923279023, 0.2122682545052767, 0.271625735483, 0.21290551758382098], [0.2797158616543859, 0.2089141724956606, 0.25889193623320267, 0.25247802951675086], [0.2837860710837507, 0.20880090631546794, 0.262938630387952, 0.24447439211282934], [0.2989963292776565, 0.23009741304003958, 0.24391876158659292, 0.22698749599571097], [0.30082866546483594, 0.22131228444747325, 0.23446345326940032, 0.24339559671829045], [0.2886403500745143, 0.20285217461941663, 0.2711878418651236, 0.23731963334094547], [0.291140079469177, 0.20463755724767893, 0.2570668458681532, 0.24715551731499086], [0.2831963556245438, 0.2151426640661588, 0.24994097275110636, 0.25172000745819106], [0.2896354409871311, 0.21672781653836268, 0.2518261893787629, 0.2418105529957433], [0.2880833532546969, 0.21593636915718933, 0.23561514123751365, 0.2603651362506001], [0.2918369900219513, 0.22193917131912866, 0.25002993268388324, 0.23619390587503683], [0.3175146626738289, 0.19964158830496395, 0.26318800838920153, 0.21965574053200565], [0.32310507179702447, 0.19735224837106227, 0.22963813287164356, 0.2499045468602697], [0.3196325444691273, 0.20741570921026445, 0.24124200228016165, 0.23170974394044658], [0.32609128948765453, 0.20536266265246025, 0.2243661582245574, 0.2441798895353278], [0.29625682695569655, 0.19311187296164675, 0.2426116655846963, 0.2680196343979604], [0.30251409423390385, 0.19699491242554246, 0.25543500512876843, 0.2450559881117852]], "ideal": "B", "sampled": "D", "correct": false}}
{"type": "result", "data": {"idx": 1, "options": ["II III and IV only", "I and III only", "II and IV only", "III and IV only"], "probs": [[0.26526906688437973, 0.26982608032767696, 0.2419794016539559, 0.22292545103398742], [0.26471702445111556, 0.26940561542524244, 0.23987216827283428, 0.22600519175080777], [0.2727798602540661, 0.27295733308915615, 0.2354887793868366, 0.21877402716994115], [0.2778878509720434, 0.2653023302289782, 0.22871130702592649, 0.22809851167305195], [0.2660012722046834, 0.2746802743392561, 0.24092857950325933, 0.21838987385280115], [0.26556747147523113, 0.26571779440053955, 0.24382891085011132, 0.22488582317411798], [0.2783145647711579, 0.26437282953558344, 0.24088320492605367, 0.21642940066720498], [0.27469173071021696, 0.2631199359630679, 0.24349819121309982, 0.2186901420136153], [0.26233053204774154, 0.2550888061268349, 0.2654535472127582, 0.21712711451266534], [0.2700680832304908, 0.24683384962644242, 0.243272352839109, 0.2398257142039578], [0.25588000199441346, 0.2607342043367691, 0.26311892660488434, 0.22026686696393313], [0.26138743366090095, 0.2502805851107808, 0.2487890385022963, 0.23954294262602197], [0.2412987690342123, 0.2867357602397869, 0.2438886652394726, 0.22807680538652816], [0.23981143531785387, 0.2804815768915075, 0.24962951240427442, 0.23007747528636419], [0.232204061243499, 0.2758915680983209, 0.27421173041981556, 0.21769264013836456], [0.24479475979733423, 0.26518598591396736, 0.24755712219917467, 0.2424621319895237], [0.2239732444062373, 0.2743303775513023, 0.2766288816652235, 0.2250674962772369], [0.22880274863331068, 0.2639060537579186, 0.262233070638389, 0.24505812687038167], [0.24355279632614757, 0.28032667277413764, 0.24230159048702005, 0.23381894031269473], [0.23823505282649665, 0.27405452317157875, 0.24805129692381708, 0.2396591269781075], [0.22547149991927126, 0.2723494808453586, 0.2751352827741039, 0.22704373636126624], [0.23240547918761956, 0.2639428792902432, 0.25047047063306765, 0.25318117078906954], [0.21886970426739594, 0.2678396443432898, 0.2789903920459467, 0.23430025924336756], [0.2261902439581056, 0.260564762600617, 0.26317052854183776, 0.2500744647994397]], "ideal": "D", "sampled": "A", "correct": false}}
{"type": "result", "data": {"idx": 2, "options": ["The price level rises but real GDP falls.", "Both the price level and real GDP rise.", "The price level rises but the change in real GDP is uncertain.", "Real GDP rises but the change in the price level is uncertain."], "probs": [[0.30675740418156383, 0.2599763092128077, 0.21117138314391676, 0.22209490336171175], [0.3024032458718695, 0.2604694703030808, 0.2181646409139121, 0.2189626428111376], [0.27978557762366485, 0.20928533685029815, 0.28486949627038494, 0.22605958915565205], [0.28248273481635483, 0.20820187899766895, 0.24232067933279952, 0.26699470675317666], [0.27583732787238896, 0.21627060744580665, 0.2850877897888276, 0.22280427479297685], [0.2855368937426445, 0.21079892546211484, 0.23373142579040387, 0.26993275490483676], [0.3250129464698375, 0.20483458076116862, 0.23849241719933734, 0.23166005546965648], [0.32611370083408786, 0.20559218523830614, 0.2430010437722392, 0.2252930700553668], [0.33683900547409845, 0.20549989663244192, 0.2355933592498159, 0.22206773854364373], [0.33688657468506755, 0.2087372031975505, 0.2391772347694701, 0.21519898724791184], [0.3405648215843797, 0.21440926084689527, 0.22738319429096707, 0.21764272317775799], [0.3383060395379315, 0.21292296049849835, 0.2292453497418994, 0.21952565012167077], [0.266983811038615, 0.21580282173089077, 0.28031549272588385, 0.23689787440461038], [0.27513298389544505, 0.20928451416783803, 0.2431921064610476, 0.2723903953756693], [0.29424870449712925, 0.2567091026155108, 0.2151665421384958, 0.23387565064886418], [0.2951800226870042, 0.26171517369514197, 0.22264835236230243, 0.2204564511555514], [0.27828613827678206, 0.21515919153034885, 0.23101866011852562, 0.27553600997434347], [0.29125257889617767, 0.217568453862838, 0.27360212392452005, 0.21757684321646426], [0.2580441274689499, 0.21203603164275112, 0.2973298772474308, 0.23258996354086814], [0.26256743462093735, 0.20328507128239942, 0.23942287620628083, 0.2947246177903824], [0.29753008038510725, 0.25572976086369253, 0.21748615475079894, 0.22925400390040127], [0.29872594616075043, 0.2529211455146389, 0.22174600755795704, 0.22660690066665365], [0.27028985600645167, 0.20583847732995764, 0.23888285877925616, 0.28498880778433455], [0.28480881449712336, 0.20638492701373956, 0.28928929564444145, 0.21951696274469565]], "ideal": "D", "sampled": "B", "correct": false}}
{"type": "result", "data": {"idx": 3, "options": ["result in lower domestic prices.", "sometimes raise and sometimes lower the amount of the product sold domestically.", "lower the amount of the product sold domestically.", "raise the amount of the product sold domestically."], "probs": [[0.2929588432590568, 0.22571886928917026, 0.23982368346579827, 0.24149860388597466], [0.2962200045289412, 0.22450880704065185, 0.24631206688801985, 0.23295912144238706], [0.30196188246994043, 0.20533176682319257, 0.2399899768584875, 0.2527163737483795], [0.2983873112489896, 0.20623850866866858, 0.23363246271899987, 0.26174171726334194], [0.3183647393861933, 0.21640393135767785, 0.23004351554000682, 0.23518781361612204], [0.30324834130282097, 0.21300352790306554, 0.2299180592378823, 0.2538300714562312], [0.3188792859855087, 0.1971760599766507, 0.2371971826672936, 0.24674747127054703], [0.31460313880892526, 0.2005910992774107, 0.24138599580413206, 0.24341976600953194], [0.3250705800604422, 0.21056502427841534, 0.21677591748525807, 0.24758847807588436], [0.3155497861256092, 0.22090664174572944, 0.23426043635856314, 0.22928313567009823], [0.3504159695987765, 0.2414526158113334, 0.19369323261092475, 0.21443818187896532], [0.31975933906218607, 0.24946358797439752, 0.21603465078100884, 0.2147424220824076], [0.3001975625394327, 0.2034687637045535, 0.2452476547339389, 0.25108601892207494], [0.31038552057044977, 0.20102068480298352, 0.220663916734684, 0.26792987779188265], [0.3311178336539875, 0.21754684717943104, 0.21064538937719157, 0.24068992968938988], [0.32249531049739766, 0.22192647054895012, 0.22136585901244868, 0.23421235984120348], [0.29595402321171627, 0.204054418246225, 0.22371529373845406, 0.27627626470360467], [0.3054316432597275, 0.2170569663145734, 0.23007554499219476, 0.24743584533350432], [0.32078239796503877, 0.20757569679890095, 0.2347999249879153, 0.23684198014814498], [0.31670418527200106, 0.19593955312740435, 0.21823723150956698, 0.2691190299910276], [0.360468371453521, 0.21247265281015876, 0.1992878973603086, 0.22777107827601165], [0.3465202204018051, 0.2139516802507024, 0.20667414673100679, 0.2328539525164857], [0.298658175676618, 0.19658018035324384, 0.2259668063578603, 0.27879483751227785], [0.3118270588827179, 0.2082615463486438, 0.23502015714947355, 0.24489123751916475]], "ideal": "C", "sampled": "B", "correct": false}}
{"type": "result", "data": {"idx": 4, "options": ["expansionary monetary policy.", "contractionary monetary policy.", "a depreciating dollar.", "fiscal policy designed to reduce the budget deficit."], "probs": [[0.3108817292307612, 0.20240565830820828, 0.2342729980372611, 0.2524396143237694], [0.3174165080120546, 0.2165259549714735, 0.2352764299441398, 0.23078110697233203], [0.3401153784684581, 0.2080477239891777, 0.21556677564512056, 0.2362701217972437], [0.33936654560549157, 0.21073059501511143, 0.22529205530369747, 0.22461080397569952], [0.3428166210308581, 0.21970275042244194, 0.22090515492137566, 0.21657547352532427], [0.338810314537669, 0.20089011783706565, 0.2324172188878929, 0.22788234863737242], [0.32979165489902235, 0.20465960826374568, 0.22932626181492305, 0.23622247492230888], [0.3361011893458371, 0.2185254939512906, 0.2264766347096867, 0.2188966818931856], [0.3404086035271401, 0.20472530138606898, 0.2222765154102647, 0.23258957957652623], [0.33938147602915014, 0.20407802746406795, 0.22861435325797033, 0.22792614314881157], [0.34649924355265066, 0.2149375846804267, 0.22652442890975036, 0.2120387427571723], [0.3378666538298027, 0.2000517189287251, 0.23148117267316895, 0.2306004544683033], [0.33219528194920234, 0.20942907033256508, 0.22408533094072622, 0.23429031667750633], [0.3473333223512132, 0.20922513927588154, 0.2307171294076136, 0.2127244088652916], [0.3288657366900596, 0.20720067618205398, 0.23216594753327907, 0.23176763949460735], [0.3310887813237026, 0.2086793333083328, 0.24118945000143951, 0.219042435266525], [0.34601240315516507, 0.2082411584574014, 0.2372404265988924, 0.20850601168854113], [0.33576761171883146, 0.2083859648323603, 0.23730698654780538, 0.21853943680100285], [0.3160677802832592, 0.24444669118393741, 0.2236107703281731, 0.21587475810463028], [0.3333013554090342, 0.22767118428840868, 0.22175235383223202, 0.21727510637032507], [0.2997096910643243, 0.2353708252986212, 0.2437044490796011, 0.2212150344574534], [0.31176954504710064, 0.21966683862396838, 0.23837882277965944, 0.23018479344927156], [0.3332444876059457, 0.2172760613317798, 0.22872596509222598, 0.2207534858700485], [0.32314416281412917, 0.2171925869785228, 0.2285422350454933, 0.2311210150618547]], "ideal": "B", "sampled": "A", "correct": false}}
{"type": "result", "data": {"idx": 5, "options": ["nominal GDP falls.", "the nominal interest rate falls.", "bond prices fall.", "the supply of money falls."], "probs": [[0.29802387949824327, 0.2441745847219433, 0.24081641433215004, 0.21698512134766337], [0.29464164812362703, 0.24479116861743336, 0.25290733950153155, 0.20765984365740808], [0.2851191971875459, 0.22665118493402897, 0.2738982059115989, 0.21433141186682617], [0.286257343579932, 0.22769700460703576, 0.2708206651467168, 0.21522498656631545], [0.2879101037691216, 0.23555354771642725, 0.2671362757415664, 0.20940007267288477], [0.29574569175428006, 0.23498728168678976, 0.2504390701270281, 0.2188279563319021], [0.31001194176029134, 0.2423664475655451, 0.23554833144862336, 0.21207327912554022], [0.311043927371509, 0.24286142712970135, 0.24327414460354602, 0.20282050079524364], [0.2974668531557536, 0.23239060436519476, 0.2602694707928941, 0.2098730715861575], [0.30287478273685287, 0.23661545621816832, 0.25660670565800897, 0.20390305528696984], [0.3062379359892737, 0.2390108555316333, 0.25506734845471785, 0.19968385992437518], [0.3100223838972967, 0.24206352231466083, 0.23921959099761583, 0.20869450269042664], [0.29389601504998925, 0.23370369918239028, 0.26146247590754745, 0.21093780976007298], [0.2961657521527331, 0.23565965803052705, 0.2554750892547651, 0.21269950046197472], [0.2886491927618462, 0.2367066223174072, 0.26095419341832965, 0.21368999140241693], [0.2942221926951249, 0.24500418101762625, 0.249721501010055, 0.21105212517719385], [0.28971383836095693, 0.2304491618179054, 0.26197419348642687, 0.2178628062347108], [0.28847268650735586, 0.23296682881419978, 0.26491102968354885, 0.2136494548948955], [0.28866031763051203, 0.24379871783202728, 0.2639811038706966, 0.20355986056676406], [0.2923330279197116, 0.24350037442691844, 0.2477881089264289, 0.216378488626941], [0.2864439913244498, 0.24195941871783874, 0.26634730096540565, 0.20524928889230581], [0.29346717712927023, 0.2480371258027379, 0.24484571416518108, 0.21364998280281078], [0.28089414350000586, 0.22680889205995713, 0.274438841646953, 0.217858122693084], [0.28206413140861447, 0.23120222294396137, 0.2713094570571238, 0.2154241884903004]], "ideal": "B", "sampled": "B", "correct": true}}
{"type": "result", "data": {"idx": 6, "options": ["means that no inferior products will be produced.", "implies that the economy's output is distributed evenly.", "means that those who work hardest will get more.", "implies that resources are used to produce the goods and services society desires in just the right amounts."], "probs": [[0.27408674356580726, 0.1925875544355447, 0.20455509422164045, 0.32877060767700755], [0.2919970794027674, 0.18921298068677178, 0.3164794789903703, 0.20231046082009044], [0.2665063182222519, 0.19039687796114602, 0.21847184325763142, 0.32462496045897066], [0.2928101209350709, 0.18133962693009234, 0.3129930291158795, 0.21285722291895726], [0.3548703683596517, 0.2688556531143849, 0.18172452800469713, 0.19454945042126626], [0.36216505536779425, 0.2666596928961463, 0.1692028742384314, 0.20197237739762808], [0.26497555171247317, 0.1894022403378961, 0.20709842749995908, 0.3385237803496716], [0.28395485010547433, 0.1872386922677893, 0.32259714023501856, 0.20620931729171782], [0.25513604280781466, 0.18233643470371308, 0.2155801802658031, 0.34694734212266914], [0.28369418206498537, 0.18417576227992444, 0.3324582327936164, 0.19967182276147377], [0.34307740070504017, 0.2773766054009219, 0.1730402604740516, 0.2065057333199863], [0.3691233318152455, 0.2763355836791974, 0.1643758513987109, 0.19016523300684623], [0.2583099824435494, 0.19650065311312676, 0.22547038715401468, 0.31971897718930914], [0.2850266056218835, 0.1851120116359848, 0.31941422340932824, 0.2104471592328035], [0.2644350646664292, 0.19479028259312559, 0.2134622579657175, 0.3273123946747277], [0.2867487029929006, 0.19482424562973247, 0.32577114808622953, 0.19265590319113737], [0.3405361720499177, 0.2586959561641211, 0.18889003708723698, 0.2118778345987242], [0.34948447863964927, 0.2651141027113043, 0.1936945049821532, 0.1917069135668932], [0.4070256059228856, 0.19049262927747923, 0.19601452318962193, 0.2064672415100132], [0.4032225310399237, 0.1862057149224042, 0.18550960717730322, 0.22506214676036884], [0.40971944880622735, 0.19194481406923292, 0.1769911120509937, 0.22134462497354607], [0.4445591568502279, 0.186916217189217, 0.16943587361071907, 0.199088752249836], [0.3925678735155784, 0.17583136438821545, 0.19842097172980847, 0.23317979026639768], [0.4282808409971495, 0.17989809005109153, 0.19999527035164896, 0.19182579850010997]], "ideal": "D", "sampled": "D", "correct": true}}
{"type": "result", "data": {"idx": 7, "options": ["production within a nation's borders.", "production by a nation's citizens wherever they may be.", "income earned by the factors of production plus depreciation and indirect business taxes.", "(A) and (C)"], "probs": [[0.35893492511504893, 0.1770930220200213, 0.23115884798653816, 0.2328132047783916], [0.31631434431957595, 0.19216333614101633, 0.2314420674724711, 0.2600802519669366], [0.373691458256681, 0.19615810522984556, 0.20242301514440078, 0.22772742126907267], [0.3426168211562025, 0.2106972156150463, 0.22409566900730804, 0.22259029412144316], [0.26842962492867894, 0.1873036092047721, 0.26477434044927517, 0.27949242531727375], [0.30302727219412356, 0.1835019588286957, 0.27180162069463687, 0.2416691481825439], [0.3549036734181934, 0.18638150669829132, 0.23204681620731318, 0.2266680035762021], [0.30924148962200054, 0.199682480091043, 0.2407476496121499, 0.2503283805748065], [0.3616540377724013, 0.17825564474684152, 0.22909915103559778, 0.23099116634515937], [0.34373850046099286, 0.20467397533739476, 0.22828455056317531, 0.22330297353843706], [0.2705924510685218, 0.1857182681374798, 0.2663894295426054, 0.27729985115139294], [0.3071486995382228, 0.18871277850041313, 0.27058971328696335, 0.2335488085744007], [0.38057311231344626, 0.16820702943887, 0.21938330769182932, 0.23183655045585438], [0.33976818140232884, 0.17333514013151896, 0.24818249783962176, 0.2387141805265304], [0.371223316009674, 0.14489066362235467, 0.2504471539667554, 0.233438866301216], [0.3485897636924676, 0.1595150601487561, 0.24301862310506403, 0.2488765529537123], [0.3254359315690414, 0.18508924266202217, 0.23418274170526393, 0.25529208396367253], [0.3303930510308716, 0.18791143874303082, 0.2266161773368028, 0.2550793327892948], [0.2788177173874766, 0.14730556527252517, 0.2837229115041923, 0.29015380573580585], [0.28305525006585863, 0.1469231865694702, 0.3259633231725666, 0.24405824009210456], [0.29281448080082056, 0.14087874535574854, 0.2798834907659247, 0.2864232829775062], [0.3144534685392578, 0.14407765219807855, 0.30952979727586194, 0.23193908188680168], [0.3325832982078383, 0.15983540770812324, 0.2507555633982936, 0.25682573058574487], [0.33871801674799423, 0.16778517757808653, 0.23608583996063434, 0.2574109656132849]], "ideal": "D", "sampled": "C", "correct": false}}
{"type": "result", "data": {"idx": 8, "options": ["accounting cost", "switching cost", "inferior cost", "opportunity cost"], "probs": [[0.20319830763697241, 0.2142363722635737, 0.26561724345360677, 0.3169480765458471], [0.22777252915187227, 0.21175217082851333, 0.3421199474344241, 0.21835535248519033], [0.20007327494567978, 0.217531861788224, 0.26538924778494255, 0.3170056153811537], [0.2057182043585099, 0.20378249881613908, 0.3735918402298222, 0.21690745649552878], [0.27601364663483724, 0.26877144376885514, 0.23952637967346527, 0.2156885298228423], [0.27281057018858285, 0.2619562368740077, 0.24840820582980735, 0.21682498700760214], [0.2090611308604034, 0.2041275948081929, 0.265594750616217, 0.3212165236151867], [0.22993981270220912, 0.2010700075660735, 0.3519264144611325, 0.2170637651705849], [0.21239787878663816, 0.21396743292602582, 0.24195333231264773, 0.3316813558746883], [0.2331831007962694, 0.20399457214222871, 0.3461371361863183, 0.21668519077518358], [0.2943435267162497, 0.24572004009233356, 0.23326521761967786, 0.22667121547173888], [0.2931694817176613, 0.24476918179787588, 0.24340515924367329, 0.21865617714078955], [0.2058779001030084, 0.21369573471793402, 0.2689763009279211, 0.31145006415113646], [0.2132409544558811, 0.20487411623446986, 0.363893752715762, 0.21799117649388705], [0.21963791219723408, 0.21757414610632864, 0.24567642439417345, 0.3171115172022638], [0.24960289149163903, 0.21150972806753407, 0.32100965612868115, 0.2178777242121458], [0.2748129963600004, 0.2679261266917285, 0.23881275949474207, 0.21844811735352904], [0.28514223438206276, 0.26914557009790324, 0.23631886431241575, 0.20939333110761826], [0.30191643392627204, 0.21169615736108724, 0.25404734552557995, 0.23234006308706076], [0.2872509998876347, 0.20809941301797152, 0.26170167714276055, 0.24294790985163323], [0.3145087769605854, 0.21716328158810014, 0.23738880528288617, 0.2309391360684283], [0.3188686526008569, 0.2168890289645999, 0.24092859440441985, 0.2233137239301234], [0.2910947035451324, 0.22105946632765075, 0.24528564116672932, 0.24256018886048752], [0.3087909519363603, 0.21999749539082677, 0.24808543918036113, 0.22312611339245178]], "ideal": "D", "sampled": "D", "correct": true}}
{"type": "result", "data": {"idx": 9, "options": ["there is no cyclical unemployment.", "the inflation rate is zero.", "there is no structural unemployment.", "the nation is experiencing a recession."], "probs": [[0.315288504470991, 0.2042180089681372, 0.23240592380804573, 0.2480875626528261], [0.30641554172620633, 0.2080459985545549, 0.24059331000097595, 0.2449451496182628], [0.31168899865875077, 0.20180722180396524, 0.23353018560250366, 0.2529735938347803], [0.308842798773077, 0.2095444586799272, 0.24616970875872024, 0.23544303368827554], [0.31904667009550725, 0.21320837832407763, 0.2318231337898959, 0.23592181769051915], [0.32149449945735165, 0.21821316234710694, 0.23353522219513678, 0.22675711590040462], [0.3065592761591913, 0.20801906535815815, 0.24042888040350358, 0.24499277797914698], [0.3066871165922561, 0.21484033761260257, 0.2408065646646019, 0.23766598103053943], [0.30188350517039864, 0.2049339619848553, 0.24811469396935176, 0.2450678387753943], [0.30402442618889725, 0.20659302998278092, 0.24630956760317194, 0.24307297612514991], [0.31307391909774, 0.20944415584596957, 0.24224518644271434, 0.23523673851357604], [0.3138044522955797, 0.2037044048657621, 0.24290253581512636, 0.23958860692353182], [0.3073532672620404, 0.20539039983455015, 0.23379895785494026, 0.2534573749484692], [0.3034824683439865, 0.21580621276416684, 0.2419765853345325, 0.23873473345731414], [0.3020327613970175, 0.20827925264833158, 0.24069929423751182, 0.24898869161713902], [0.2986682310600197, 0.20922912343392913, 0.2457806580151608, 0.2463219873908903], [0.3147282553189939, 0.22389910779294864, 0.23940531550330016, 0.22196732128475727], [0.31348933832224507, 0.2160945619100435, 0.23496129406244476, 0.23545480560526666], [0.32045443295259424, 0.22438470529985868, 0.22907417544253522, 0.22608668620501185], [0.3182423459903398, 0.22636078633132137, 0.23443937648633242, 0.2209574910920064], [0.3145323803985072, 0.21704817012475033, 0.23575864814792957, 0.23266080122881286], [0.3176066671771096, 0.20939440157090994, 0.23434425096386438, 0.23865468018811606], [0.3181947374563687, 0.22282382179583626, 0.23810862782872952, 0.22087281281906548], [0.3271528032312233, 0.21536740131164936, 0.22666728017450424, 0.2308125151826231]], "ideal": "A", "sampled": "D", "correct": false}}
{"type": "result", "data": {"idx": 10, "options": ["pay that amount to its trading partners.", "have a positive value of equal magnitude on its capital account.", "depreciate its currency.", "appreciate its currency."], "probs": [[0.3163094755921462, 0.2236392962440202, 0.22751619124493183, 0.23253503681890172], [0.3149126580094699, 0.2228755370825851, 0.22324866213660172, 0.2389631426713433], [0.30476162998241574, 0.23291821877306754, 0.24852631992439758, 0.21379383122011913], [0.3110813703499679, 0.21358690517236043, 0.23144464992817493, 0.24388707444949675], [0.3122673332378925, 0.22806695101364655, 0.2471823841086207, 0.21248333153984023], [0.29792583302327474, 0.22115721809227065, 0.23227859444572982, 0.24863835433872478], [0.29784342199799096, 0.20725744651782024, 0.25437199687839956, 0.24052713450578922], [0.3020826532824353, 0.20719013797371733, 0.24665325510042135, 0.244073953543426], [0.307455564893501, 0.22762085155921594, 0.23533427362272777, 0.22958930982455525], [0.314707159964562, 0.21254701910277637, 0.23372361061619978, 0.23902221021646186], [0.3103011594447309, 0.21613975189163182, 0.23802690560265682, 0.23553218296098044], [0.30448058956196483, 0.2121721496837644, 0.2409825741271663, 0.24236468652710447], [0.31573694941224345, 0.21645055709104874, 0.2496874481189903, 0.21812504527771753], [0.32769254873738735, 0.20185286091616667, 0.23274456065088264, 0.23771002959556337], [0.33448463176594195, 0.22927821828697803, 0.21229622939644865, 0.22394092045063135], [0.3447853922499148, 0.2154581844591213, 0.21578225491273267, 0.22397416827823124], [0.3348505644977266, 0.21294671833114004, 0.21665381414569346, 0.23554890292543992], [0.3422242249702021, 0.21743168452748338, 0.22806598714398613, 0.21227810325832838], [0.3177118849777577, 0.2181452331005159, 0.24785102532037606, 0.2162918565013503], [0.31771479000594366, 0.2149718467667854, 0.22941145982270486, 0.23790190330456606], [0.3364592146879157, 0.22748102450189775, 0.2140730927724964, 0.2219866679376902], [0.3433962957695561, 0.22508280796295224, 0.2151605422531813, 0.21636035391431038], [0.3166273926366856, 0.22814438424643452, 0.218158236665315, 0.23706998635156487], [0.32135691170798325, 0.23498241511512877, 0.22816103564371137, 0.21549963743317657]], "ideal": "B", "sampled": "C", "correct": false}}
{"type": "result", "data": {"idx": 11, "options": ["The cash you receive from babysitting your neighbor\u2019s kids", "The sale of illegal drugs", "The sale of cucumbers to a pickle manufacturer", "The sale of a pound of tomatoes at a supermarket"], "probs": [[0.2567013799887494, 0.18557524679235557, 0.27590808269602674, 0.2818152904228683], [0.25805966505452294, 0.18229838117335873, 0.2955771210150112, 0.2640648326571071], [0.2689709800826169, 0.2005251228295834, 0.2511131017485619, 0.2793907952392378], [0.2917515380649809, 0.1901015667442354, 0.28965306710763633, 0.22849382798314738], [0.28628385064123246, 0.20204976199036936, 0.26125892994175437, 0.2504074573266438], [0.3023390589448035, 0.19544360364845373, 0.2797486913074236, 0.22246864599931918], [0.2538478747903139, 0.19058314531873627, 0.2746652744336024, 0.2809037053573474], [0.2531455754980619, 0.18290314076501962, 0.2987492978274096, 0.2652019858095089], [0.24436323308666108, 0.17931253784964687, 0.27926938407426166, 0.29705484488943035], [0.25746639793126846, 0.18164643102121547, 0.29925303756424293, 0.2616341333832731], [0.260461356308918, 0.18672860878733213, 0.28414329460188525, 0.26866674020186465], [0.2822835147098545, 0.1929545104310677, 0.2677533924311867, 0.25700858232789103], [0.26849851009544934, 0.1983762681285846, 0.2542613744481456, 0.2788638472278204], [0.29242928941814544, 0.1874476615167668, 0.29461400820009204, 0.2255090407649957], [0.24586193261072112, 0.17901594935057527, 0.28091529008917226, 0.29420682784953134], [0.263197340438193, 0.18136928024174886, 0.29431448260924004, 0.2611188966108181], [0.2910216965251486, 0.18815128415068624, 0.2909795262358323, 0.22984749298833287], [0.29107216809221814, 0.20058894151015821, 0.25944099874874843, 0.24889789154887523], [0.29165599989024893, 0.199291828297008, 0.2637438616641551, 0.24530831004858797], [0.30701800262784407, 0.19517273617304481, 0.27719627982001316, 0.22061298127909792], [0.27228657625663943, 0.1846754186270672, 0.2813075608318278, 0.26173044418446556], [0.28877259987211645, 0.18833038857199208, 0.2740191098467076, 0.2488779016091839], [0.30477138896559663, 0.19083292496035123, 0.28189134174908576, 0.22250434422496637], [0.30226783762936094, 0.2017321110602415, 0.25715245346552273, 0.23884759774487482]], "ideal": "D", "sampled": "D", "correct": true}}
{"type": "result", "data": {"idx": 12, "options": ["5 percent decrease", "\u00bc percent increase", "3 percent increase", "5 percent increase"], "probs": [[0.19947947856993667, 0.2560451962698535, 0.3240999329376956, 0.22037539212251422], [0.1944035738512185, 0.24958869812376855, 0.33094528314142024, 0.2250624447835927], [0.19729684585292354, 0.2574313917115897, 0.32037854668838567, 0.22489321564710116], [0.1962609320125557, 0.25615451118998955, 0.32380962851102024, 0.22377492818643452], [0.20427715776308059, 0.2582815289239094, 0.31175547835093503, 0.22568583486207497], [0.20091431133440796, 0.258254691440584, 0.3118088953297124, 0.22902210179529564], [0.18048805948812732, 0.23935768782613162, 0.3540793551424906, 0.22607489744325046], [0.1730993163517177, 0.24040130193803888, 0.35577492312025527, 0.23072445848998813], [0.1896161138821767, 0.26343742010343224, 0.31320217248645627, 0.23374429342793476], [0.19344270227405172, 0.2645155787203441, 0.31447586414053424, 0.22756585476506996], [0.18200623716074735, 0.2374746316810206, 0.3301474104469569, 0.25037172061127516], [0.18917568307975152, 0.24690774448589645, 0.33786517881747785, 0.22605139351687414], [0.20749948607546104, 0.2465351633997316, 0.3167035532172186, 0.22926179720758874], [0.19719029058601348, 0.24553809299213303, 0.3359278540253838, 0.22134376229646968], [0.21564947271279855, 0.2523946611393625, 0.3045898196041085, 0.2273660464437304], [0.22069340109684696, 0.25410798946783975, 0.3066520782000758, 0.21854653113523753], [0.20033675432710848, 0.234502809806769, 0.3257298115858901, 0.23943062418023242], [0.20842196045221842, 0.2401428371427719, 0.3282363712459392, 0.22319883105907048], [0.21779947497159163, 0.2428977827679603, 0.30249346927537907, 0.23680927288506898], [0.2170053422234014, 0.24241830406148968, 0.29701709744344285, 0.2435592561716661], [0.20989063692811258, 0.24161930739876372, 0.30550456499240336, 0.24298549058072033], [0.2160974197128048, 0.2486963011658508, 0.3145202257384153, 0.2206860532829291], [0.21237704155705514, 0.23710131642831622, 0.3045867681198709, 0.2459348737947577], [0.2096014885454163, 0.24135635431146518, 0.32470806946028546, 0.22433408758283305]], "ideal": "D", "sampled": "C", "correct": false}}
{"type": "result", "data": {"idx": 13, "options": ["more effective in X because the policy will increase net exports.", "more effective in X because the policy will decrease net exports.", "equally effective in X and Y.", "less effective in X because the policy will decrease net exports."], "probs": [[0.34127295522366036, 0.21385701317223674, 0.2271537814383116, 0.21771625006579132], [0.3589035623743385, 0.21749694967325556, 0.21375917214638976, 0.20984031570601613], [0.34334816502033916, 0.225717329189935, 0.22170000605452336, 0.20923449963520246], [0.33873259008320605, 0.222744398609048, 0.22209074429166445, 0.2164322669160815], [0.3575188677036365, 0.21352786778138044, 0.2164968348747137, 0.21245642954026933], [0.33625387166081255, 0.21093618634833658, 0.23820535765920373, 0.2146045842316471], [0.3519283830767609, 0.22056275603949768, 0.21830813584528802, 0.2092007249384534], [0.3779393490463948, 0.22377787861639456, 0.20330120924021122, 0.19498156299699937], [0.344378873177652, 0.22632018207789428, 0.22592151642917568, 0.20337942821527807], [0.3387183996123388, 0.2193853803974967, 0.222118253482344, 0.2197779664078205], [0.36651294873695706, 0.21035375875584156, 0.22184121275946553, 0.20129207964773582], [0.33688844721129296, 0.20981570138253042, 0.23150361037158332, 0.2217922409345933], [0.29668674754176233, 0.24629450575912232, 0.2458197398482235, 0.21119900675089182], [0.3022684932804925, 0.24328921692854436, 0.24260160280433804, 0.2118406868866251], [0.28874896663152183, 0.24719843650975482, 0.25856234464910305, 0.2054902521096203], [0.293690349226277, 0.23650416377050704, 0.2471589408991099, 0.22264654600410608], [0.285566845092913, 0.22992056382975296, 0.2680446305569713, 0.21646796042036273], [0.2816191357333842, 0.23025162858823592, 0.2644231358565185, 0.2237060997218614], [0.36176214981504984, 0.22974770231865468, 0.218892102567177, 0.18959804519911846], [0.3353308140896206, 0.22379143533852935, 0.23018027839743027, 0.21069747207441974], [0.3559524959572963, 0.22593366760835226, 0.2256558205608998, 0.19245801577345162], [0.3389055036507198, 0.21921835654083308, 0.22566175313491557, 0.21621438657353156], [0.32001082059553393, 0.22746349056661874, 0.2415650707708154, 0.21096061796703194], [0.3233754787996922, 0.2262607562497157, 0.24049838299886725, 0.20986538185172485]], "ideal": "D", "sampled": "A", "correct": false}}
{"type": "result", "data": {"idx": 14, "options": ["Unemployment falls with little inflation.", "Unemployment rises with little inflation.", "Unemployment falls with rampant inflation.", "Unemployment rises with rampant inflation."], "probs": [[0.36005508120653246, 0.2190758059173698, 0.21836604878265006, 0.20250306399344767], [0.353823905459783, 0.21558611414044113, 0.22187911302432578, 0.2087108672754501], [0.3289255895561546, 0.20338626810025623, 0.23721582402050076, 0.23047231822308842], [0.33215135332600726, 0.20228631792429805, 0.24695391950521947, 0.2186084091444752], [0.3252429310088156, 0.18915912426302128, 0.2576047969802503, 0.22799314764791284], [0.3289672728120681, 0.19736360285963314, 0.26050137819737307, 0.2131677460309257], [0.3478151948214333, 0.23257953030051387, 0.21446491987557814, 0.20514035490247468], [0.3640510006205722, 0.23605191270368725, 0.1981745748697787, 0.20172251170596178], [0.3024250268633732, 0.17844274638298885, 0.2935166954700685, 0.22561553118356942], [0.3151020219546154, 0.19202776596844584, 0.26145090091886863, 0.23141931105807018], [0.3163022602390172, 0.19264073093869907, 0.26245560457300365, 0.2286014041492801], [0.30765334685507517, 0.19651787566716883, 0.25151026995975795, 0.24431850741799804], [0.31682641255150196, 0.2221916383935835, 0.23186943623696005, 0.22911251271795446], [0.3123518340065555, 0.22945490599633053, 0.23581168137745215, 0.22238157851966184], [0.29839674524651444, 0.20267859703297975, 0.27629429922602206, 0.22263035839448378], [0.30275602772385113, 0.2122942412151783, 0.25895096691562697, 0.22599876404534364], [0.3132628360108915, 0.21606109068344184, 0.2478222437928641, 0.22285382941280252], [0.3021914823561546, 0.21866260979391264, 0.2430019865835202, 0.23614392116641256], [0.31230469416265094, 0.22594126913322227, 0.23593179795360386, 0.22582223865052292], [0.301268130510721, 0.21805925665105327, 0.2661179005833583, 0.21455471215486746], [0.29611100528324924, 0.2110065347345188, 0.2576867495330824, 0.23519571034914954], [0.28793402645289384, 0.22171578638375578, 0.25430157020226524, 0.23604861686108516], [0.2899119555660253, 0.21971195934005883, 0.2601601779200747, 0.2302159070738412], [0.30912501077429216, 0.22706398703962843, 0.22977644545189205, 0.23403455663418735]], "ideal": "A", "sampled": "A", "correct": true}}
{"type": "result", "data": {"idx": 15, "options": ["70%.", "30%.", "40%.", "90%."], "probs": [[0.26369854805216714, 0.27249833938734674, 0.2748400866710481, 0.18896302578943805], [0.2664115468356563, 0.2752575617046705, 0.2733365337774486, 0.18499435758222463], [0.2610511248102988, 0.27397501996623375, 0.2720279450119552, 0.19294591011151227], [0.2664023418876065, 0.275217064449, 0.2733534357677762, 0.18502715779561726], [0.2669861793108247, 0.26743851893975873, 0.2742099341084064, 0.19136536754101016], [0.26574649612193724, 0.2663853684878585, 0.27727546458822944, 0.19059267070197483], [0.2638485172700563, 0.26860845486530444, 0.2754484753847118, 0.19209455237992745], [0.26272758055898104, 0.2758757985591446, 0.27004193452155456, 0.19135468626031976], [0.26011052337503293, 0.268869336386417, 0.2845641927946527, 0.18645594734389734], [0.25372044383672837, 0.2706963540654249, 0.28194089001313744, 0.19364231198470927], [0.2530900126551316, 0.27846800033341695, 0.28123192719246304, 0.18721005971898846], [0.255943354105041, 0.2687980492323351, 0.27984663424306133, 0.1954119623195626], [0.2600505831554991, 0.27322556344404403, 0.27137191867922394, 0.19535193462123293], [0.26240822279201126, 0.27996256527541036, 0.2694143910523891, 0.1882148207801892], [0.25882173353294347, 0.27156836601069967, 0.2783293210683883, 0.19128057928796852], [0.25312516845094624, 0.2741310677889358, 0.2766375623854792, 0.1961062012746387], [0.2582974356661994, 0.2756171740131977, 0.27796148422675826, 0.1881239059938447], [0.2584478960339145, 0.27154169440968695, 0.26969949379105285, 0.20031091566534576], [0.267640471431671, 0.28111791607906594, 0.2622941732144322, 0.18894743917483084], [0.26734023088492775, 0.2808459275301917, 0.26596640348905204, 0.18584743799582845], [0.25836452839175084, 0.27561384436712244, 0.2779230773171021, 0.1880985498240246], [0.25644465131975824, 0.2734176692055481, 0.27138366079371856, 0.19875401858097505], [0.25620621748025874, 0.27746516549411127, 0.2798316782608678, 0.18649693866476222], [0.2604765852954296, 0.27344947643154016, 0.2672968168692199, 0.19877712130381028]], "ideal": "B", "sampled": "A", "correct": false}}
{"type": "result", "data": {"idx": 16, "options": ["prevent inflation.", "prevent recessions from occurring.", "prevent inflation and recessions from occurring.", "are government policies already in place that promote deficit spending during recessions and surplus budgets during expansions."], "probs": [[0.22549957706758159, 0.20890114331842027, 0.24914897228220007, 0.31645030723179807], [0.2403519975793813, 0.21180217824837957, 0.32378371581822174, 0.22406210825401734], [0.24557743964123663, 0.23836262521744334, 0.221395462729249, 0.29466447231207105], [0.2688787917356845, 0.23690027349159812, 0.2958617552202383, 0.19835917945247908], [0.30293619629691587, 0.2981473803222055, 0.19860899446408686, 0.20030742881679175], [0.3065534668803685, 0.31591425755057795, 0.20410301701634137, 0.17342925845271218], [0.21491582160152778, 0.19903325432187427, 0.2649224518684967, 0.32112847210810125], [0.2299518814467349, 0.20580620448300913, 0.32496329170305466, 0.2392786222672013], [0.24264686124929682, 0.24287520666042156, 0.21868282693544894, 0.29579510505483264], [0.25823986912528946, 0.2418095654277028, 0.29737735234769713, 0.2025732129993106], [0.30172851678692003, 0.28778457638723715, 0.19801026580737793, 0.21247664091846485], [0.30721130964068083, 0.29703360793004396, 0.21088288722313625, 0.18487219510613895], [0.23575475106996854, 0.225035288161326, 0.23324323493165167, 0.30596672573705375], [0.2666584094103701, 0.2276192767619396, 0.30271057467350726, 0.203011739054183], [0.2362212915118361, 0.22556418996092506, 0.24111150974272055, 0.29710300868451833], [0.2616607287511938, 0.22659780420477885, 0.31576547494003787, 0.19597599200398952], [0.32377116336138095, 0.28526960095605836, 0.19915027314594902, 0.19180896243661164], [0.3112337198174582, 0.2916967185534391, 0.20692851520708644, 0.1901410463220163], [0.3042144982446649, 0.19952903091315807, 0.23378650145021204, 0.262469969291965], [0.3263171557992086, 0.21387600999988246, 0.25058432297766164, 0.20922251112324725], [0.31281225471889956, 0.21150860732875418, 0.22223775583200633, 0.25344138202033994], [0.33833679049302146, 0.2178245303141128, 0.24351727597189704, 0.2003214031209687], [0.35643225698194625, 0.22259382401322206, 0.21623259337474893, 0.20474132553008276], [0.3469644240235684, 0.22351508173369017, 0.227230745937017, 0.20228974820572443]], "ideal": "D", "sampled": "D", "correct": true}}
