{"type": "result", "data": {"idx": 0, "options": ["a force that works through matter", "essentially a philosophical notion", "merely a property of a certain kind of matter", "a supernatural phenomenon"], "probs": [[0.22049617283855732, 0.24480523958095465, 0.35876327522117984, 0.17593531225930817], [0.22342768800582793, 0.26093177818437785, 0.2553482239282387, 0.2602923097815555], [0.2674055019526849, 0.311373313891348, 0.26022874530846096, 0.16099243874750616], [0.29144829943019784, 0.35038927716073176, 0.20800720463113923, 0.1501552186779312], [0.19754840137252022, 0.24192151064358625, 0.29943304804798204, 0.2610970398359115], [0.16269586251408724, 0.2215526302733316, 0.4513847625675279, 0.16436674454505323], [0.2130695996508079, 0.2641060312706468, 0.3526802308105375, 0.17014413816800777], [0.21141463746015238, 0.2844819852734049, 0.2576901758836205, 0.24641320128282224], [0.22424949522685425, 0.3004232718924811, 0.317321783472025, 0.15800544930863972], [0.21691795660999652, 0.3303590862283149, 0.24026615499237278, 0.2124568020693158], [0.1388674932916923, 0.20515561980473973, 0.43815840960655733, 0.21781847719701067], [0.1292645263104234, 0.1968543348624747, 0.46173131233195397, 0.21214982639514793], [0.30815319826412835, 0.25862287316316057, 0.2614206852612433, 0.17180324321146784], [0.3446017647368032, 0.26753457182051077, 0.2209370633319933, 0.1669266000106927], [0.26601832309630713, 0.2376961786003782, 0.3228125475676141, 0.17347295063570053], [0.24933647731447464, 0.24186284428783386, 0.2524103038838061, 0.2563903744138854], [0.2274517484512492, 0.22679310220575663, 0.3667392839642975, 0.17901586527869665], [0.21683935298119297, 0.2275000465061279, 0.2864887842169964, 0.2691718161956827], [0.1837430325524502, 0.32262635708542536, 0.2791362744161937, 0.2144943358459307], [0.16227796188525925, 0.2797009563255466, 0.4109009381449314, 0.14712014354426275], [0.12667550691623033, 0.21191778688116236, 0.4595778837654949, 0.20182882233711238], [0.1184677021777918, 0.20434490909927855, 0.49449076842366485, 0.1826966201992648], [0.18885846798567058, 0.41775271782555634, 0.26827840395399927, 0.1251104101347738], [0.18837160237505213, 0.3990139126966389, 0.24449449807973553, 0.16811998674857345]], "ideal": "C", "sampled": "C", "correct": true}}
{"type": "result", "data": {"idx": 1, "options": ["In ancient Rome, religious worship was decentralized and tended to vary with one's social position.", "In ancient Rome, religious worship was the source of much social tension and turmoil.", "In ancient Rome, religious worship was homogeneous and highly centralized.", "In ancient Rome, religious worship was revolutionized by the introduction of Christianity."], "probs": [[0.2667026996329738, 0.24788864336416896, 0.23460773072544308, 0.2508009261774141], [0.24746122216309416, 0.2431737707856379, 0.22854813249960504, 0.2808168744516629], [0.27382891959448824, 0.2799570220435294, 0.2079208909077015, 0.23829316735428085], [0.2674274822035475, 0.279770948852068, 0.21454960745065504, 0.23825196139372945], [0.2544086873276933, 0.251918911908707, 0.21390143034703332, 0.27977097031656634], [0.25797166264584354, 0.25133450693353715, 0.23250106425488767, 0.25819276606573166], [0.24669227021299892, 0.24633210916844692, 0.2560352232179177, 0.25094039730063644], [0.23422883703667374, 0.24172824929682962, 0.23631452292184135, 0.2877283906446552], [0.23185433553199036, 0.25449822813718287, 0.26441861600504896, 0.2492288202257778], [0.22576131741646388, 0.24279745687210114, 0.23140072130628903, 0.30004050430514595], [0.2207159995811999, 0.23651269075889572, 0.2499247491109786, 0.29284656044892576], [0.21962716337711266, 0.22673741656472124, 0.23583026930805903, 0.31780515065010706], [0.26292721609796843, 0.27323113110452546, 0.21440399649401232, 0.24943765620349378], [0.2579531371335522, 0.27222102877755694, 0.21729335186692728, 0.25253248212196355], [0.24466887478570534, 0.24829876790393088, 0.2581083216723231, 0.24892403553804063], [0.22995688481012183, 0.23222643586638939, 0.23229735048933367, 0.3055193287341551], [0.2307924398785242, 0.24159625890212047, 0.26356745549091903, 0.26404384562843625], [0.2290785746988204, 0.23327124016761042, 0.2260922179050981, 0.3115579671284711], [0.22401224742116294, 0.25762049128878295, 0.22565033211985752, 0.2927169290701966], [0.2273921322919487, 0.2532895618404282, 0.25315291818618585, 0.2661653875814372], [0.20686922040587757, 0.24550791474921524, 0.2531927412557994, 0.2944301234891078], [0.20576922286823218, 0.2334059441838815, 0.2387783193531523, 0.322046513494734], [0.20827460348569318, 0.2548642646165335, 0.2690152726064776, 0.2678458591912957], [0.21039817598151697, 0.2523832245698547, 0.2278578362279415, 0.30936076312068683]], "ideal": "A", "sampled": "A", "correct": true}}
{"type": "result", "data": {"idx": 2, "options": ["Many were accomplished scientists, who added important pieces to human understanding of the universe.", "They utilized new methods of communicating their ideas, such as salons and inexpensive printed pamphlets.", "Most rejected religion altogether and adopted atheism as the only credo of a rational man.", "Many believed that the new scientific discoveries justified a more tolerant and objective approach to social and cultural issues."], "probs": [[0.26847410199341626, 0.2365677654506627, 0.217031806685679, 0.277926325770242], [0.2715452394078399, 0.2445752097295091, 0.23192448112804506, 0.2519550696346059], [0.2680033783049112, 0.23408604014687412, 0.22490965162814122, 0.2730009298200734], [0.25740338815240627, 0.23236578805711072, 0.24374213849597753, 0.2664886851945055], [0.2842825608523138, 0.2582675179839027, 0.20776389227571826, 0.24968602878806526], [0.2802981096181399, 0.2550887129187497, 0.20239855045442545, 0.26221462690868497], [0.27953225787962005, 0.21948212710036646, 0.22470428382152793, 0.27628133109848557], [0.28058465058152493, 0.226955582463893, 0.24000448403322555, 0.25245528282135654], [0.2778437940382122, 0.2128690937596102, 0.23901471783920508, 0.2702723942629725], [0.280350740518687, 0.2162990835644209, 0.24510706593465878, 0.2582431098822333], [0.30186826437476966, 0.23836659247825953, 0.2106214345873591, 0.24914370845961173], [0.30167647294137684, 0.23466903759668897, 0.21060256030234023, 0.25305192905959395], [0.26020238188588907, 0.2619518974452312, 0.21866287614696406, 0.2591828444219157], [0.2502084038870406, 0.26431524357067, 0.22823698476301643, 0.257239367679273], [0.26149209551902064, 0.23407595649774715, 0.2357053090186058, 0.2687266388646264], [0.2678588450220073, 0.2377870337928137, 0.23783419597009584, 0.25651992511508315], [0.2601432761268457, 0.27039211582829525, 0.21248201707142653, 0.25698259087343256], [0.269298306995573, 0.27523957859983655, 0.20937370627891277, 0.2460884080256777], [0.2970317811361416, 0.2292346438764385, 0.21885905505438374, 0.25487451983303616], [0.2961262850502923, 0.22388591537280914, 0.20931442703640712, 0.2706733724404914], [0.312728157228902, 0.23029019740036358, 0.2068557379379919, 0.2501259073327425], [0.3144425310874316, 0.22633368252933103, 0.20161782791902844, 0.25760595836420896], [0.29739433524018855, 0.21762427685468716, 0.22164764998126846, 0.26333373782385583], [0.3083596481318919, 0.22002301780135083, 0.2151607242732548, 0.2564566096935025]], "ideal": "D", "sampled": "D", "correct": true}}
{"type": "result", "data": {"idx": 3, "options": ["The duke, as a member of the French nobility, is sympathetic to King Louis.", "The duke, as a member of the French nobility, is biased against the king because of his suppression of the nobility.", "The duke, as a member of the French nobility, supported the extension of the administrative, financial, military, and religious control of the central state over the French population.", "The duke, as a member of the French nobility, supported King Louis's preservation of the aristocracy's social position and legal privileges, while he removed their power."], "probs": [[0.21163833052498202, 0.26941506044740504, 0.2550112116818516, 0.26393539724576137], [0.20512155307630536, 0.259187855074351, 0.27163413973816297, 0.26405645201118066], [0.21235989572845682, 0.27925865591093835, 0.23701093029047035, 0.27137051797013445], [0.21494380598349802, 0.2891543934572145, 0.25743154839526194, 0.23847025206402553], [0.22124654553496245, 0.2930532264541637, 0.23032887738149846, 0.2553713505293754], [0.2273975027931325, 0.3059755977100766, 0.23691158072298452, 0.22971531867380637], [0.21770441398049803, 0.2666744986897392, 0.25030792872280727, 0.2653131585069555], [0.21026928407430087, 0.2555696329879056, 0.2655764182305534, 0.2685846646072402], [0.2273539785419141, 0.2700849513452119, 0.22742790320369094, 0.27513316680918304], [0.2210976365151089, 0.28756052681253463, 0.25389597195673147, 0.23744586461562503], [0.2423265874143507, 0.27876701948239246, 0.21200805900360997, 0.26689833399964685], [0.23991471108994025, 0.30239365853595207, 0.2284761024101828, 0.22921552786392485], [0.21216281072406487, 0.26206526548127196, 0.24613517887120534, 0.2796367448234578], [0.21622174976094008, 0.27121785280376504, 0.26507082578869373, 0.24748957154660114], [0.2200534626581659, 0.25159938246480573, 0.24032027716615575, 0.28802687761087264], [0.22039208142329836, 0.2652106324349468, 0.2739262323392621, 0.24047105370249272], [0.23562551244601262, 0.2650171597042057, 0.23373071053464534, 0.26562661721513636], [0.2318532363010101, 0.27064390758055473, 0.24640220789819656, 0.2511006481202386], [0.22744971850400164, 0.2616399565321821, 0.24208264411178312, 0.2688276807520331], [0.23713057447477867, 0.2728392264820257, 0.2485042735239992, 0.24152592541919646], [0.2461766453629934, 0.25605665108643516, 0.2242704794021402, 0.2734962240484312], [0.24991812927133886, 0.27824276268318265, 0.24016913411347743, 0.23166997383200102], [0.2509678639364786, 0.27152547642146496, 0.22174002558368375, 0.2557666339583727], [0.24227824397696301, 0.2742504301802937, 0.23484600637796513, 0.24862531936477814]], "ideal": "B", "sampled": "D", "correct": false}}
{"type": "result", "data": {"idx": 4, "options": ["that the lyrics from the popular song Deutschland \u00fcber alles (which eventually became the German national anthem) were the reason Germany started the war", "that the lyrics from the popular song Deutschland \u00fcber alles (which eventually became the German national anthem) were evidence of Germany's aggressive attitude", "that the reason Germany lost the war was that it was betrayed from within", "that Germany provided the ultimate framework for modern warfare"], "probs": [[0.3079097408304047, 0.24485957224570948, 0.2275129360111355, 0.21971775081275033], [0.3198730003532822, 0.2383401805171422, 0.23923816918069618, 0.2025486498488794], [0.29747635123139127, 0.22566305098661185, 0.23817074296476934, 0.2386898547172275], [0.28803176972511946, 0.23514253949894912, 0.2503512017335523, 0.2264744889423791], [0.3147613014037172, 0.238319628264925, 0.23468168868216427, 0.2122373815491935], [0.29104663184076984, 0.25306527295769177, 0.22708207503181366, 0.22880602006972475], [0.2922500284543438, 0.22536095302947942, 0.2383918392899111, 0.2439971791262657], [0.2997631981704403, 0.22518624027524234, 0.24781724438845637, 0.227233317065861], [0.29458277190259363, 0.22727036338383358, 0.22825302051723453, 0.24989384409633825], [0.30434094042470816, 0.2279136938872296, 0.2521359173918407, 0.21560944819622155], [0.29599453672811393, 0.23701718877789138, 0.2258481729170656, 0.24114010147692908], [0.3038328976277531, 0.24417500923143906, 0.2298231044129117, 0.2221689886278961], [0.27792942521177005, 0.2266238331568115, 0.23849850890635643, 0.256948232625062], [0.27367320654039695, 0.23805549738410767, 0.2610621154047257, 0.2272091805707697], [0.28831157944632074, 0.24227132622773642, 0.22125580073932974, 0.24816129348661312], [0.2916228982030922, 0.2418274956155141, 0.2551116867075056, 0.21143791937388814], [0.2720495583761183, 0.26187775707059857, 0.23295785035655198, 0.23311483409673117], [0.2748136356309237, 0.2506005018340981, 0.243050352128856, 0.23153551030612216], [0.30136391517486544, 0.22984303531732483, 0.24222010371647013, 0.2265729456913396], [0.28307967082290303, 0.2420597667487656, 0.23614092086224212, 0.23871964146608926], [0.30108774153988327, 0.24639313287645007, 0.21869089033042313, 0.23382823515324355], [0.3036856262473873, 0.2535299880987199, 0.22576855938058754, 0.2170158261733052], [0.28078966911622855, 0.24190725023253765, 0.23082774531279796, 0.24647533523843582], [0.2813981389301314, 0.2332275589105445, 0.24450442953929752, 0.24086987252002662]], "ideal": "B", "sampled": "D", "correct": false}}
{"type": "result", "data": {"idx": 5, "options": ["the Russian interest in French culture", "the spirit of camaraderie amongst the miners", "the sense of continual class struggle", "the need for noblesse oblige"], "probs": [[0.24325298495402226, 0.22991327134197384, 0.2839984084083279, 0.24283533519567593], [0.2436339149991163, 0.2340209826285625, 0.26751677983484246, 0.2548283224374787], [0.25463260355873407, 0.25029740853924315, 0.2564290578300701, 0.23864092997195271], [0.24908917774084957, 0.2468637639883832, 0.24916906286004992, 0.2548779953107173], [0.2428395928825184, 0.24461487265576096, 0.2583624018740381, 0.25418313248768254], [0.23688041455521425, 0.24041598316363438, 0.26449262304961346, 0.25821097913153795], [0.24285576873294196, 0.22594630379285507, 0.29249244489587356, 0.23870548247832943], [0.24478831884797295, 0.22975665328589273, 0.27710485455602973, 0.24835017321010455], [0.2571012522260787, 0.23901502851152245, 0.2628343842461498, 0.241049334916249], [0.257319684936903, 0.23519242947145136, 0.2587126156620859, 0.24877526982955975], [0.24912478027236687, 0.23356862363863806, 0.2566407918673413, 0.26066580412165374], [0.2458674013368787, 0.2319287657505803, 0.269130140516071, 0.25307369229647], [0.27222622655111256, 0.24172378664537042, 0.25736395672507184, 0.22868602997844523], [0.2674508869029955, 0.23955154835787046, 0.2532763367663515, 0.23972122787278255], [0.2828805870822576, 0.23215645097064044, 0.25110356139578754, 0.2338594004513144], [0.2778437518153031, 0.22956391360740735, 0.2501721158424818, 0.2424202186348078], [0.2685455003545705, 0.2384607422572111, 0.25241192420545583, 0.2405818330827626], [0.27458022794748305, 0.23612527981459425, 0.2514521068924101, 0.2378423852455126], [0.2494862228688722, 0.23593972704794597, 0.26549439037204886, 0.249079659611133], [0.24389244250164663, 0.22362935207590307, 0.28274127416851047, 0.24973693115393986], [0.26144496382974686, 0.22855136477304916, 0.2530327812488003, 0.2569708900484037], [0.25790391428395604, 0.22686664557671987, 0.26963011398971043, 0.24559932604961365], [0.25472549360605407, 0.23708387423421004, 0.26125288785625306, 0.24693774420348283], [0.2585523243832865, 0.23850164881206137, 0.2643994508895874, 0.23854657581506472]], "ideal": "C", "sampled": "C", "correct": true}}
{"type": "result", "data": {"idx": 6, "options": ["the size of landed estates", "the number of estates owned by an individual", "the monetary value of goods", "the amount of gold held"], "probs": [[0.21705423616763367, 0.21909517374075727, 0.3598001652566431, 0.20405042473496593], [0.24812021109602558, 0.24621786931025863, 0.26305826711830665, 0.24260365237540915], [0.2600380182006197, 0.29123896357484946, 0.24622145292680914, 0.20250156519772164], [0.25308967011259814, 0.2967170222807793, 0.22678259350747884, 0.2234107139991437], [0.22698820448667256, 0.23425353363038426, 0.27929972767123873, 0.25945853411170444], [0.21090298888958475, 0.22668571767924336, 0.32868549224427684, 0.23372580108689506], [0.23021268842302364, 0.23410335180802583, 0.33402279016015546, 0.20166116950879506], [0.2550569620439484, 0.2551417794483998, 0.24803878376156546, 0.2417624746460864], [0.274249162136173, 0.28159164959965083, 0.24349523715482196, 0.20066395100935422], [0.26710556148773684, 0.2938416731290978, 0.22437294828315232, 0.21467981700001298], [0.24935412029011508, 0.2437028993587678, 0.27067018762520145, 0.23627279262591566], [0.23587325212980928, 0.2398743629215692, 0.30420187112627234, 0.22005051372234918], [0.28717915489310253, 0.24246145827363486, 0.263492449287503, 0.20686693744575962], [0.2760347168770772, 0.2498882002861981, 0.23963600751799102, 0.23444107521873367], [0.28628402092323807, 0.239866383651756, 0.2708367922381887, 0.20301280308681724], [0.2833506124429085, 0.250515874442502, 0.24191401535961818, 0.22421949765497134], [0.2519690729719123, 0.23537178685951582, 0.28308937372549764, 0.2295697663430743], [0.25877787889104503, 0.2359584201350759, 0.2750337041629385, 0.23022999671094058], [0.22855398056605755, 0.23958379027831822, 0.27677002546403745, 0.25509220359158674], [0.2126307604602322, 0.23395384497159893, 0.3160629225047829, 0.23735247196338596], [0.24427540961855806, 0.248115960455699, 0.26707303919316444, 0.24053559063257848], [0.22871515834175699, 0.24175619306996446, 0.3043927044681112, 0.22513594402016737], [0.2332932789863275, 0.2627529360241955, 0.2743153139266425, 0.22963847096283443], [0.23524009127469445, 0.2648039937587224, 0.2720532295408039, 0.22790268532577923]], "ideal": "C", "sampled": "C", "correct": true}}
{"type": "result", "data": {"idx": 7, "options": ["De las Casas was exaggerating to support the start of African slavery.", "Columbus was biased in favor of himself in his writings.", "Columbus's men were nicer to the natives than were later expeditions.", "De las Casas wanted the Spanish to leave the Americas."], "probs": [[0.19664357600629848, 0.22194908557102866, 0.29128998515077215, 0.29011735317190074], [0.1912214486291734, 0.2259420934978995, 0.2963962598801729, 0.2864401978927542], [0.19885473247647645, 0.22636494375535599, 0.2790342610651507, 0.29574606260301683], [0.196019929390613, 0.23353956539319462, 0.2924893374442233, 0.2779511676719691], [0.18971088244044765, 0.2276237423844442, 0.2939473942530149, 0.28871798082209327], [0.194468102086941, 0.2298491941229988, 0.301935420813672, 0.2737472828763882], [0.2047134248090672, 0.23096055247736563, 0.28732775354517276, 0.2769982690683944], [0.19555475398595873, 0.23102991969152425, 0.2939972070756768, 0.27941811914684017], [0.20541375873418885, 0.23730543253432915, 0.2814293801503086, 0.2758514284811734], [0.20631136612949072, 0.2344391564623269, 0.2802029335279086, 0.27904654378027377], [0.19623287312561238, 0.23352098810604, 0.28325599851243344, 0.2869901401559142], [0.20447269384712727, 0.23236047075392494, 0.28220716536511936, 0.2809596699338284], [0.20686096259165915, 0.22278939517280877, 0.27918401773736545, 0.2911656243981666], [0.19997030792576567, 0.2271804694184048, 0.29377153950631724, 0.27907768304951225], [0.20438367126328355, 0.22364377973227428, 0.2887792885014718, 0.2831932604029703], [0.20703249294572493, 0.22285353309231284, 0.2877628590702202, 0.282351114791742], [0.2039754928731564, 0.22986398172452083, 0.2879785129726372, 0.27818201232968554], [0.2088035431652018, 0.2248046777975858, 0.2815630649772932, 0.2848287139599192], [0.19150073824398012, 0.22962616381733125, 0.2876237928579716, 0.291249304980717], [0.19722300178155983, 0.23295732636037464, 0.29666357345405187, 0.27315609830401366], [0.19154025326929006, 0.22967353118635947, 0.2874324874675063, 0.29135372797684417], [0.19665485911570685, 0.22699056901733966, 0.288548563221278, 0.2878060085456755], [0.1982803642551506, 0.23802277443412925, 0.2890085875698998, 0.2746882736408204], [0.19916545742988281, 0.23017777039093695, 0.28147570554223905, 0.2891810665369412]], "ideal": "B", "sampled": "C", "correct": false}}
{"type": "result", "data": {"idx": 8, "options": ["the spread of revolutionary ideas among the British working class in the eighteenth century", "the rise of the Luddite movement in Britain in the eighteenth century", "the replacing of traditional laborers by machines in the industrialization of Britain in the eighteenth century", "an increase in the use of child labor in eighteenth-century Britain"], "probs": [[0.31638194070221004, 0.192129781588468, 0.24767636498347823, 0.24381191262584376], [0.31584359780474924, 0.19934426845057931, 0.21118027515771937, 0.27363185848695204], [0.327406465974492, 0.2052103131804296, 0.22468428311485303, 0.24269893763022535], [0.3341510890849086, 0.2140996562535355, 0.20633908749492105, 0.24541016706663485], [0.285156995029544, 0.18572457132866418, 0.2333614974980643, 0.29575693604372755], [0.2904515179566708, 0.18323003697857693, 0.26287188339966727, 0.263446561565085], [0.33079719047222833, 0.18849301055434398, 0.24690106140735765, 0.23380873746607003], [0.3304852397192483, 0.1972931684076262, 0.20747326875012911, 0.2647483230229964], [0.3483672037858924, 0.2081933406325602, 0.20459438248631695, 0.23884507299523045], [0.3592987465290171, 0.21631953762750894, 0.19311015881485308, 0.2312715569286209], [0.30179095265231604, 0.18306769428806682, 0.22336755690725155, 0.2917737960523656], [0.31022381317159997, 0.18099496987149705, 0.2602114340371239, 0.24856978281977912], [0.34503098804732485, 0.1890580327760163, 0.22392409703989585, 0.241986882036763], [0.3600973999198232, 0.19541276664047946, 0.20379607102001654, 0.24069376231968076], [0.35567196339817314, 0.19179947325454277, 0.20688403883796602, 0.24564452440931805], [0.3733240997409711, 0.19655277100201818, 0.1972547051639032, 0.23286842399310753], [0.34260640483014565, 0.1860022433808861, 0.2097275429916735, 0.2616638086972947], [0.34664037303676254, 0.1854349793988554, 0.22089437809025086, 0.24703026937413125], [0.2652683814309751, 0.182401430850841, 0.2457943521820925, 0.30653583543609136], [0.27347722646839506, 0.18072423337082832, 0.27580586073024715, 0.2699926793305294], [0.27039547543226156, 0.18447492190207904, 0.23004191083208445, 0.315087691733575], [0.27806892079827955, 0.18529498465704067, 0.2723603451248101, 0.2642757493198696], [0.29889632159153795, 0.20558938994704326, 0.21596742317803969, 0.2795468651833791], [0.2988382622127651, 0.20258754791659125, 0.23371176767562857, 0.26486242209501504]], "ideal": "C", "sampled": "C", "correct": true}}
{"type": "result", "data": {"idx": 9, "options": ["Pride in the mastery of the military arts", "Chivalry", "Civic pride", "Patronage of the arts"], "probs": [[0.24113333994321676, 0.23637723215906672, 0.3235545061635919, 0.19893492163412463], [0.2144034025692606, 0.23355953045000252, 0.3912593365626777, 0.16077773031805914], [0.2589006644556108, 0.25387220815646466, 0.3019245176631925, 0.18530260962473208], [0.2331917514212664, 0.2419426815880982, 0.3632998357856611, 0.16156573110497427], [0.2883724653154975, 0.2952139157347273, 0.2569067584535798, 0.15950686039619544], [0.26880421831297674, 0.2700892348304127, 0.3017218365707001, 0.1593847101859104], [0.21884307263093247, 0.22128860650233861, 0.3645979165666286, 0.19527040420010033], [0.19578236922995546, 0.21667296337920217, 0.4237267202825823, 0.16381794700826005], [0.2318317168593822, 0.24969151983830254, 0.3209524989516827, 0.1975242642506325], [0.20935115458355025, 0.22615417977967242, 0.3966122926904143, 0.167882372846363], [0.23978595372341036, 0.2613590813231822, 0.3203233671060773, 0.17853159774733016], [0.23805142936710214, 0.23827934262753925, 0.34145617481631824, 0.18221305308904034], [0.29087488160539593, 0.23296421315266555, 0.2772768263514296, 0.19888407879050893], [0.24388597176360138, 0.2131985362197783, 0.36847480029728424, 0.1744406916193361], [0.26870203816295934, 0.23458041947464042, 0.29478977006079615, 0.2019277722016041], [0.23801708219055376, 0.21670052407005053, 0.36876660581715776, 0.17651578782223795], [0.28123378331778776, 0.24221068257337613, 0.30179321313174795, 0.17476232087708815], [0.30146199626044773, 0.24281395521861598, 0.28022584259063504, 0.17549820583030123], [0.32258651137980326, 0.23797357434595467, 0.27435830641563413, 0.16508160775860792], [0.27583196756465617, 0.21939213571738725, 0.3347154259346986, 0.17006047068325794], [0.30337549157016075, 0.23854579740003856, 0.28610057488502805, 0.17197813604477266], [0.2867290973376601, 0.2273095845948838, 0.30669191476616003, 0.17926940320129608], [0.30610864895339446, 0.23631368222982352, 0.2947235361233146, 0.1628541325934674], [0.31889891621261696, 0.23575274643924668, 0.27867576477125044, 0.1666725724768859]], "ideal": "C", "sampled": "D", "correct": false}}
{"type": "result", "data": {"idx": 10, "options": ["Utopian socialism", "Social conservatism", "Romanticism", "Social Darwinism"], "probs": [[0.2492160983017629, 0.23402387250145323, 0.2844363493103911, 0.2323236797863928], [0.23692755045715652, 0.23276532837260677, 0.3060538126810237, 0.22425330838921298], [0.23486851593581254, 0.22032276298929973, 0.3080094616696924, 0.23679925930519535], [0.24554839361911654, 0.23021576953290818, 0.3024595334456965, 0.22177630330227882], [0.24596039191290991, 0.23793346396491205, 0.2939676729733134, 0.22213847104886467], [0.2612023353315458, 0.2414513677117176, 0.2756941616259493, 0.22165213523078736], [0.26206633445980104, 0.2386253326892646, 0.27684476968857835, 0.22246356306235598], [0.25139770658475624, 0.2393980246363502, 0.2958451597348591, 0.21335910894403443], [0.24665539331734354, 0.2245192411990839, 0.3092361734384436, 0.21958919194512894], [0.23850095980467448, 0.22401664326384568, 0.30430159876586593, 0.2331807980656139], [0.25594184562811395, 0.24399834105907733, 0.29259307061467443, 0.20746674259813427], [0.25691271208507716, 0.24174213767230263, 0.27237978980767547, 0.22896536033494472], [0.23050671353896315, 0.23772646056985894, 0.30282027879996065, 0.22894654699121725], [0.23850414578448217, 0.2457793989928425, 0.30353810023290945, 0.21217835488976583], [0.23160515723296587, 0.24649555978694254, 0.3091765939880185, 0.21272268889207308], [0.22178774901721782, 0.2435777481299098, 0.31084864201111345, 0.22378586074175896], [0.24216527512735583, 0.24980767814380248, 0.29918771087552254, 0.20883933575331914], [0.22931059727658204, 0.24429949717609623, 0.30212144411112113, 0.2242684613362006], [0.24976157768839582, 0.23778575374894556, 0.29383377028792, 0.21861889817473862], [0.2651756107541984, 0.24123543498487915, 0.2755012213908306, 0.21808773277009186], [0.2542743200230085, 0.24244032391449782, 0.29072473749850974, 0.2125606184639839], [0.25401564672982746, 0.2426427232188911, 0.273549310133839, 0.22979231981744244], [0.24989766252979603, 0.23086531916044253, 0.30361966918563, 0.21561734902413143], [0.23677493629472002, 0.22589176890975335, 0.3021129667456829, 0.23522032794984374]], "ideal": "D", "sampled": "D", "correct": true}}
{"type": "result", "data": {"idx": 11, "options": ["Establish control of European states by democracy in the tradition of the Enlightenment.", "Suppress all voices in government other than his own and control all aspects of his citizens' lives.", "Suppress all nationalist revolutions across the continent.", "Suppress all speech but that of monarchs and the churches that they approve of."], "probs": [[0.2324961905320873, 0.23801377767945073, 0.25870255018720667, 0.2707874815012553], [0.24124688267153355, 0.24442229036661983, 0.2496207542411324, 0.2647100726207142], [0.22138740950434618, 0.25626178809637845, 0.25252517302714267, 0.2698256292721327], [0.2160910315338214, 0.2547737771661814, 0.23953668351475219, 0.289598507685245], [0.23420675096553958, 0.24421568212451183, 0.2728848159040317, 0.24869275090591686], [0.22436954747488166, 0.240824483037484, 0.2607289630131156, 0.27407700637451876], [0.21959270207485015, 0.23576885108126597, 0.2807340579834874, 0.2639043887603965], [0.2263764142763736, 0.2482235431422919, 0.26911225912264014, 0.25628778335869434], [0.22544898762382587, 0.23774849584551883, 0.27858213417671224, 0.25822038225394306], [0.2407248538707827, 0.24594002202495288, 0.2543184832771162, 0.2590166407271482], [0.2150853872084109, 0.21111422775064762, 0.30244305726841597, 0.2713573276725255], [0.23486874295303728, 0.21517957103545685, 0.2850223992473252, 0.2649292866641807], [0.26624523797218175, 0.24397819504747242, 0.24830121549563478, 0.24147535138471102], [0.2618218284040583, 0.24804011735700363, 0.23709584063615197, 0.2530422135027861], [0.2633618116115422, 0.21636334059458986, 0.27003177997749817, 0.2502430677163697], [0.2803049557984477, 0.21967378764606166, 0.24194832552271092, 0.2580729309327797], [0.25041034815191515, 0.21571817991960554, 0.27657258507823873, 0.25729888675024054], [0.2719123024681646, 0.21287987806933387, 0.26495837767814867, 0.2502494416843528], [0.23605158487812636, 0.24194515830594016, 0.28287626574531866, 0.23912699097061482], [0.22923801030125662, 0.2381790053063574, 0.26974455323336843, 0.26283843105901755], [0.23661588482600424, 0.22808394173612143, 0.28004032787920546, 0.25525984545866887], [0.2542207836850577, 0.22898721692656418, 0.2638060450290088, 0.25298595425936937], [0.22844192723794102, 0.23708041363193683, 0.27684092931424203, 0.25763672971588014], [0.24860599264093697, 0.23446234708971087, 0.2697042782379056, 0.24722738193144653]], "ideal": "C", "sampled": "C", "correct": true}}
{"type": "result", "data": {"idx": 12, "options": ["the International Workingman's Association", "Pierre-Joseph Proudhon", "the Congress of Vienna", "the Paris Commune"], "probs": [[0.23127990269494209, 0.2581758421944935, 0.2525709493929614, 0.25797330561760307], [0.24683711298079217, 0.26142689972627897, 0.2521806694639968, 0.23955531772893204], [0.22119578215633223, 0.24878958977310614, 0.271500539968604, 0.25851408800195763], [0.23430095866221826, 0.24033621251684714, 0.2694836161376477, 0.2558792125832869], [0.23608376083397373, 0.2538411915048435, 0.2643661796782295, 0.2457088678829532], [0.2506859637648409, 0.25115487351222937, 0.24092023431216844, 0.2572389283107613], [0.22478313406867342, 0.2688500840864434, 0.2437698804526658, 0.26259690129221736], [0.23138289951803412, 0.2687542656166537, 0.25354959802626464, 0.24631323673904756], [0.19582680449395534, 0.2416835201046635, 0.30128861368529963, 0.2612010616160815], [0.20209240324677513, 0.2479756585100716, 0.28002060708675736, 0.2699113310563959], [0.2146303057455963, 0.2511910795914275, 0.28325170275716677, 0.2509269118058094], [0.22529373242073572, 0.2616986412054457, 0.24534148706550174, 0.26766613920831683], [0.21731720862599624, 0.27744436261263644, 0.258993178580134, 0.24624525008123332], [0.23351816482714893, 0.2739798683551175, 0.24524552752239492, 0.24725643919533866], [0.20993180258064523, 0.2576553186865983, 0.27728354514920167, 0.25512933348355477], [0.21563401173479677, 0.2653551618383662, 0.2565444035111301, 0.2624664228157069], [0.22066700281481652, 0.23934307628521473, 0.2834578027118587, 0.25653211808811], [0.20668047664482878, 0.25609144565882386, 0.2715575098719836, 0.2656705677243637], [0.23471215805841086, 0.27118356801017246, 0.25720410386713777, 0.23690016996427893], [0.24397508797590003, 0.268752574893779, 0.23295368251855186, 0.25431865451176905], [0.22828385701204004, 0.2595785143900283, 0.272535133072222, 0.2396024954257096], [0.22192840937327568, 0.2687321683117882, 0.24744277437366527, 0.2618966478412708], [0.2222727636296547, 0.2336339607735573, 0.28970338206240503, 0.25438989343438295], [0.21054786990498642, 0.25081728765167194, 0.2743596907716949, 0.2642751515716467]], "ideal": "C", "sampled": "A", "correct": false}}
{"type": "result", "data": {"idx": 13, "options": ["Laissez-faire capitalism", "Mercantilism", "Industrialization", "Bullionism"], "probs": [[0.25473793199772665, 0.26150571128320593, 0.2745615418921832, 0.20919481472688425], [0.26340582964170445, 0.27431389686702357, 0.21718655524466166, 0.24509371814661032], [0.2801259243245714, 0.2784741305571713, 0.23847380988817288, 0.2029261351300844], [0.28532643827953774, 0.28367187301934793, 0.21775647022231295, 0.21324521837880134], [0.24083087977100806, 0.25065809112280263, 0.2505900524218122, 0.25792097658437707], [0.2299135888895912, 0.2357895636950147, 0.30311050556384556, 0.23118634175154854], [0.2533473258950984, 0.26369031082331346, 0.2683840273774687, 0.21457833580411942], [0.25666350123699844, 0.27524691817392183, 0.21791037914958042, 0.2501792013394993], [0.26574102437433106, 0.2852644962571579, 0.2407653963439114, 0.20822908292459966], [0.2638953845268229, 0.28370945797379526, 0.21805917564657745, 0.23433598175280443], [0.2304687568454573, 0.23936406488898077, 0.26329500265155825, 0.26687217551400366], [0.22096540204667328, 0.23380726670029578, 0.3009263991456467, 0.24430093200738423], [0.29488182504330435, 0.27876288111347164, 0.23504662861629214, 0.19130866512693187], [0.3069261266442258, 0.28143894250202706, 0.2094233451660162, 0.20221158558773095], [0.2871970364401305, 0.27143113035666716, 0.23990617272419534, 0.20146566037900698], [0.29382699725073813, 0.26959308979199514, 0.213617339708901, 0.22296257314836568], [0.2742047864788034, 0.2675120492382751, 0.2436955981652288, 0.2145875660176927], [0.27438689502059377, 0.26393331274433, 0.23658830982710738, 0.2250914823079688], [0.22511753773103355, 0.245398957189204, 0.2648687699897776, 0.26461473498998483], [0.22649341144402632, 0.23229282399796636, 0.3026343791589185, 0.23857938529908881], [0.2221202916316682, 0.23470614057536712, 0.2695289632268123, 0.27364460446615235], [0.21469560583315503, 0.2273895923176945, 0.3054631099613485, 0.2524516917878019], [0.248854756398662, 0.2761821283909389, 0.24715119614804704, 0.22781191896235203], [0.24892553684606386, 0.27223658558984176, 0.23617206511519961, 0.24266581234889473]], "ideal": "B", "sampled": "C", "correct": false}}
{"type": "result", "data": {"idx": 14, "options": ["provoking fear to drive their readers to action", "attacking the extreme communists who threatened to sink the entire movement", "demonstrating the understanding of the others in point of fact", "explaining the reasons for debunking opponents of communism"], "probs": [[0.3056150032927699, 0.23887079595813407, 0.22824461415743325, 0.22726958649166276], [0.293521949426444, 0.2314399251539511, 0.23887077683416783, 0.2361673484854371], [0.30818183604594074, 0.24282514641949338, 0.2250001530869381, 0.2239928643476278], [0.30218547129313045, 0.24211279684696216, 0.2340313608109665, 0.22167037094894088], [0.2939373850528511, 0.2318576127058868, 0.2339054941897137, 0.24029950795154836], [0.30387413951508513, 0.24534047013065247, 0.22630304433084056, 0.22448234592342184], [0.3075831486337289, 0.24002074835253506, 0.23267358192451257, 0.2197225209892235], [0.2959456653315218, 0.23304339546485664, 0.2440627144312366, 0.22694822467238496], [0.31222657950557686, 0.23619813158840697, 0.22852512170212014, 0.22305016710389605], [0.31573744977367474, 0.24073010984115356, 0.23297102992671292, 0.21056141035845874], [0.3053203775380649, 0.2277792359991694, 0.23280501016427071, 0.23409537619849496], [0.30595027941460196, 0.24438085785477057, 0.2292760725197983, 0.22039279011082916], [0.3011005773675259, 0.23567638937744517, 0.23567710463317176, 0.2275459285218572], [0.29243253787118856, 0.23808413032045936, 0.24645631768455242, 0.22302701402379965], [0.2957220287110118, 0.22606384078197522, 0.23854909123928758, 0.23966503916772539], [0.3024462849328352, 0.23458488982313136, 0.2361623565962889, 0.22680646854774453], [0.29674553426002026, 0.2268945689735229, 0.2501968703884495, 0.22616302627800733], [0.29572754214048863, 0.2349213291493179, 0.24042036410489437, 0.22893076450529906], [0.2963332831563255, 0.2299647778042664, 0.23922032115451425, 0.23448161778489382], [0.3051646351509105, 0.24252730605561176, 0.22870907185174763, 0.22359898684173007], [0.2952845008291211, 0.22030680712920325, 0.2415447460903157, 0.2428639458513599], [0.2999238028833783, 0.24154410893969114, 0.22839198663942964, 0.23014010143750094], [0.2916666014449188, 0.23337111222453394, 0.25112879647975417, 0.22383348975079312], [0.2916729282298893, 0.2405136632908423, 0.24221960790504984, 0.22559380047421854]], "ideal": "D", "sampled": "A", "correct": false}}
{"type": "result", "data": {"idx": 15, "options": ["the role of women in army regiments", "the running of a school for domestic servants", "the running of a school for girls", "the role of a woman in running her own domestic household"], "probs": [[0.23053772745211254, 0.235388681268995, 0.22965016958801215, 0.30442342159088026], [0.21965825047344936, 0.22182592248900412, 0.3775287736960168, 0.1809870532415297], [0.1891639027059486, 0.2137288834319699, 0.32299869286768146, 0.27410852089439997], [0.1600851338979764, 0.1995446621968577, 0.4528235101019097, 0.1875466937032562], [0.2775503396710365, 0.3963366448482905, 0.17363435028247176, 0.15247866509820124], [0.2623377481188957, 0.40152425168200834, 0.17295207339214402, 0.16318592670695192], [0.2387174105214388, 0.22721736469406686, 0.22856787185421554, 0.3054973528302788], [0.21006204185769406, 0.21371346709975292, 0.3962882160744154, 0.17993627486813765], [0.2308052514382652, 0.2263793382772823, 0.2209802153631634, 0.3218351948212891], [0.23746021014820445, 0.20651945210534156, 0.37381383020798414, 0.18220650743846986], [0.3208661329296316, 0.3024780406876216, 0.20192144508247797, 0.1747343812002688], [0.33277240888087767, 0.2947387738937261, 0.19959160980958005, 0.17289720731581618], [0.197518527303146, 0.20633293733418, 0.33159207784734834, 0.26455645741532563], [0.16312939656218062, 0.19705737516060018, 0.4472827514834194, 0.1925304766937998], [0.22732105848900191, 0.2392032444237878, 0.21420344708208003, 0.31927224990513026], [0.2401751947214991, 0.21214311454985382, 0.3634345639412129, 0.1842471266874342], [0.26929067358852626, 0.3209495400637019, 0.1964058191994501, 0.21335396704832174], [0.31599620452337845, 0.3246545541655397, 0.1939270674083478, 0.16542217380273408], [0.38617441157305793, 0.24634040544397845, 0.1983359457103798, 0.16914923717258382], [0.34639381842734773, 0.24649117517254726, 0.1981541037636415, 0.20896090253646352], [0.39546893255322063, 0.24825068196031408, 0.19232822092957264, 0.16395216445689265], [0.41003660510686746, 0.23419739746803248, 0.1911714438379219, 0.16459455348717814], [0.3317927121784296, 0.24736040828138578, 0.1975486129324775, 0.2232982665077071], [0.40361978998290843, 0.2341949904595815, 0.20515146543788593, 0.15703375401962413]], "ideal": "D", "sampled": "D", "correct": true}}
