{"type": "result", "data": {"idx": 0, "options": ["It demonstrates the difference between the internal and the external aspect of a rule.", "It refutes the natural lawyer' view of the role of morality in law.", "It explains the nature of power-conferring rules.", "It illuminates the concept of a rule."], "probs": [[0.2525242566809854, 0.21036526558679733, 0.3203975855983771, 0.21671289203384017], [0.24540201192729394, 0.20424208347307798, 0.32593182211733657, 0.22442408238229153], [0.26091616306945437, 0.22450211824482655, 0.28336953245022894, 0.2312121861354901], [0.2605000474863032, 0.22748644986688812, 0.291677538897397, 0.22033596364941171], [0.25207537034501104, 0.22699145632215187, 0.2866940753367834, 0.23423909789605366], [0.2601582485224397, 0.23070230275178535, 0.2958848564294586, 0.21325459219631637], [0.24135651822423584, 0.24646247553651843, 0.3017030313055556, 0.2104779748336901], [0.23267598691312183, 0.23751424530114673, 0.2997328862049126, 0.2300768814808188], [0.23455214056495383, 0.23575439610602061, 0.321957334335318, 0.2077361288937076], [0.23468993160865928, 0.2285329354415111, 0.3119241734397297, 0.22485295941009992], [0.22714871165865108, 0.2318613230950237, 0.31629669663127313, 0.22469326851505203], [0.2428247408974312, 0.2364909578178975, 0.29860924781527476, 0.2220750533693965], [0.25180032846793826, 0.24540445206095454, 0.2691117226808372, 0.23368349669026994], [0.2511397823100547, 0.24852716179606077, 0.281203172142901, 0.21912988365098351], [0.2355637366005096, 0.22576246816996434, 0.32338979355156383, 0.2152840015779622], [0.24130793272984835, 0.213855225032867, 0.3207632946761055, 0.22407354746117913], [0.2421778142210062, 0.24708077309045, 0.3026410937006624, 0.20810031888788139], [0.25241511305385594, 0.23827920141581493, 0.2784117078976064, 0.23089397753272267], [0.25555381557105217, 0.2451988792948928, 0.2689698378319265, 0.2302774672021285], [0.2593735494856972, 0.25278288500139845, 0.28174072921052573, 0.20610283620237863], [0.23358164725352018, 0.2168415784618974, 0.3256081044348312, 0.22396866974975127], [0.2511771954520281, 0.21585174224381426, 0.31388065683505295, 0.21909040536910465], [0.25148608528584443, 0.23747327213674485, 0.3048304228230338, 0.20621021965437691], [0.25905181024972324, 0.22986989988547368, 0.2813877253409179, 0.2296905644238852]], "ideal": "D", "sampled": "A", "correct": false}}
{"type": "result", "data": {"idx": 1, "options": ["It is misinterpreted as a prediction.", "His concept of status is misrepresented.", "It is taken literally.", "His idea is considered inapplicable to Western legal systems."], "probs": [[0.28248041410724506, 0.22876355604896143, 0.2807675254750394, 0.2079885042687541], [0.27194595334194605, 0.23367732760953633, 0.2913529872602934, 0.20302373168822424], [0.2869396209429857, 0.2435780167336073, 0.26770353314583706, 0.20177882907756992], [0.2824891549437255, 0.23275232659563946, 0.2765991132668091, 0.2081594050938259], [0.27559884147873465, 0.2368161572212321, 0.28183420229861195, 0.2057507989014213], [0.2772341237526537, 0.2244791373075559, 0.2843543758319204, 0.21393236300786997], [0.2803300833323385, 0.23084827567270774, 0.27905773282068685, 0.20976390807426695], [0.27237393231764934, 0.23444980822618616, 0.2832605711865031, 0.20991568816966139], [0.28917916744501915, 0.24974644927428785, 0.2545300347988577, 0.20654434838183533], [0.2804947197156792, 0.2536043524488522, 0.2625190317368249, 0.20338189599864373], [0.2775927359664276, 0.24661484745890577, 0.2716837999690378, 0.20410861650562884], [0.27988296744408814, 0.2271931320201655, 0.28348350522067506, 0.20944039521507127], [0.29530052667736784, 0.24653556552458145, 0.263065945914871, 0.1950979617831797], [0.2898331241044676, 0.23464822417165454, 0.27480899875382764, 0.2007096528700502], [0.2876138176515325, 0.2475763185842511, 0.26880116069016496, 0.19600870297405143], [0.2786552268188409, 0.23986363051126408, 0.28561251927123615, 0.19586862329865878], [0.283415104667588, 0.23290250846049948, 0.26833667948637224, 0.21534570728554028], [0.2802648544031259, 0.2339702248339333, 0.2824062406734348, 0.20335867998950605], [0.27266014432147884, 0.23465732436984613, 0.2792045855005899, 0.21347794570808507], [0.2706093828200304, 0.21938856270784543, 0.29105794860578615, 0.21894410576633805], [0.27178741308675547, 0.2378303330252262, 0.28736273307795834, 0.20301952071006002], [0.278759777518053, 0.22265022990861266, 0.2866228222560362, 0.21196717021729816], [0.27603050241003313, 0.23460599078556305, 0.2660332838616984, 0.2233302228427054], [0.2747120558940834, 0.24085189399694906, 0.26888018843823036, 0.2155558615707372]], "ideal": "A", "sampled": "C", "correct": false}}
{"type": "result", "data": {"idx": 2, "options": ["Depression of the 1930", "The rise of Fascism", "The international recognition of human rights after World War II", "The Bolshevik Revolution"], "probs": [[0.2567989749413535, 0.18443533226686137, 0.33643331117742675, 0.22233238151435836], [0.2631151597500435, 0.19562976967435497, 0.24256753196175534, 0.29868753851384616], [0.3127993140146057, 0.2137466583558751, 0.25605601832857244, 0.21739800920094676], [0.31422714971318555, 0.22174831231336198, 0.23486954411588884, 0.22915499375756362], [0.24368822246675972, 0.18974511399866748, 0.25837216833837706, 0.30819449509619573], [0.23973391172079736, 0.18589628294922467, 0.3391679626116128, 0.23520184261836516], [0.2576748055654937, 0.18568466048515692, 0.33309855061125027, 0.22354198323809904], [0.26126807536152874, 0.1948714078042035, 0.23732116462418734, 0.3065393521100804], [0.3124733110565388, 0.2399763720977107, 0.25259385639557896, 0.19495646035017147], [0.33589666600866863, 0.2536767313879916, 0.2255661059367177, 0.18486049656662204], [0.23787597173869032, 0.19783594007057376, 0.276690695804862, 0.2875973922858739], [0.22465570085069322, 0.18340270343058837, 0.37187776175313536, 0.22006383386558304], [0.3205369460342207, 0.2097931088266553, 0.2466387040165594, 0.22303124102256452], [0.3204896640748961, 0.21325546281919952, 0.2321276951872259, 0.23412717781867848], [0.31788425075291793, 0.22496161868237202, 0.25261826449870317, 0.20453586596600684], [0.3487631276269739, 0.22481090648277857, 0.23772167448641848, 0.188704291303829], [0.298056474356157, 0.22796105656844476, 0.25651662774749534, 0.2174658412279029], [0.33060806986363717, 0.21646416185121736, 0.25951111314085795, 0.19341665504428748], [0.23978592871178742, 0.1917409363909131, 0.2547944968030842, 0.31367863799421525], [0.23324404306993907, 0.18863296225817716, 0.3417206951377698, 0.23640229943411398], [0.23382467473979004, 0.19763096281559517, 0.27690308045495293, 0.2916412818896619], [0.219849834711464, 0.18218261816092204, 0.37575735337660304, 0.22221019365101088], [0.2878090824736165, 0.24203122381028835, 0.2636105496503717, 0.20654914396572352], [0.3143463683656467, 0.24420086673141017, 0.2503453753586797, 0.19110738944426345]], "ideal": "C", "sampled": "C", "correct": true}}
{"type": "result", "data": {"idx": 3, "options": ["There is no distinction between the two forms of legal reasoning.", "Judges are appointed to interpret the law, not to make it.", "It is misleading to pigeon-hole judges in this way.", "Judicial reasoning is always formal."], "probs": [[0.260182026899397, 0.20984694672284554, 0.23829515631043888, 0.2916758699673186], [0.26721278626668954, 0.22587644234652896, 0.23386456766962552, 0.2730462036171559], [0.26000914749910536, 0.216332486736971, 0.24565597608183895, 0.2780023895820847], [0.26848311609425807, 0.22682510452236807, 0.23491351394011775, 0.2697782653432561], [0.2518236934886879, 0.21611633894666535, 0.25380891558970087, 0.27825105187494587], [0.24979301540162618, 0.21079983676948655, 0.25931640684048746, 0.2800907408883998], [0.26469077474104413, 0.20046835239603553, 0.24272182986446666, 0.2921190428984537], [0.27264102884425684, 0.20986333174598662, 0.2389154547375621, 0.27858018457219447], [0.2792652540353337, 0.20838106359942293, 0.24043645980122202, 0.27191722246402134], [0.2901151944355292, 0.21324284909427768, 0.2352094991921341, 0.261432457178059], [0.26062157747523484, 0.2134865522171157, 0.24692156908427085, 0.2789703011233786], [0.269280443367223, 0.20749884785880535, 0.24378360479244549, 0.27943710388152615], [0.2643822391903925, 0.20697427975590138, 0.2501518390799972, 0.27849164187370884], [0.27380253637961943, 0.20777822100029827, 0.24744739019866643, 0.27097185232141585], [0.27640356375179287, 0.21630095466443247, 0.23809454268393734, 0.2692009387998373], [0.28494363171160986, 0.21632110425689943, 0.24203389159303837, 0.25670137233845236], [0.27143678470872645, 0.21902253057886206, 0.24915585290616446, 0.260384831706247], [0.2723185460342623, 0.2199727031364514, 0.24648581810044765, 0.26122293262883867], [0.252266976990909, 0.2099592567764259, 0.2545899786484458, 0.2831837874842193], [0.2463330513936272, 0.20462230150772787, 0.26402023825419585, 0.28502440874444906], [0.2619504410347784, 0.22143288614421727, 0.2403888624782041, 0.27622781024280024], [0.26755383209363587, 0.2127128658571786, 0.24199971193635844, 0.2777335900128271], [0.27169679782961426, 0.22595848957548498, 0.241628252195149, 0.26071646029975176], [0.26942089598794045, 0.22428813908670794, 0.24367030325584202, 0.2626206615695096]], "ideal": "C", "sampled": "C", "correct": true}}
{"type": "result", "data": {"idx": 4, "options": ["The POP will choose wealth over a compassionate society.", "The POP will choose equality over power.", "The POP will be unselfish.", "The POP will choose to protect the disabled."], "probs": [[0.3094830810714229, 0.2607945501543557, 0.24147851762741007, 0.1882438510468113], [0.3294203081224846, 0.2625647861267258, 0.22849170052185683, 0.17952320512893274], [0.2912427441299373, 0.2181658116038159, 0.29442896997325346, 0.19616247419299337], [0.3037602305108532, 0.21371823547133448, 0.2524966001258124, 0.23002493379199995], [0.3028043002423125, 0.19240275596848605, 0.3010077267884526, 0.20378521690074883], [0.289104585158295, 0.18530755019283254, 0.28522679631877945, 0.240361068230093], [0.3759033213521151, 0.18784221165199247, 0.23922934056381193, 0.19702512633208047], [0.3986603200436234, 0.19127801978826992, 0.21848750951228643, 0.19157415055582025], [0.3704383074866836, 0.1866849660686728, 0.2531257271513537, 0.18975099919328992], [0.3797188755448256, 0.1943167029770116, 0.2270391319023892, 0.19892528947577365], [0.38621665769902047, 0.17450138214726876, 0.24009242234626463, 0.19918953770744613], [0.37735423441928057, 0.17888373134731547, 0.23654572663325918, 0.20721630750014478], [0.28212162849466077, 0.20809903738801883, 0.31065541502707045, 0.19912391899024995], [0.3130281064503717, 0.2067291947017767, 0.25588945314380024, 0.22435324560405137], [0.3108248915711687, 0.25772907559293895, 0.24820729347943846, 0.18323873925645393], [0.328383296252728, 0.2638718721488181, 0.22594173780283566, 0.18180309369561826], [0.28337381131717465, 0.18745771607246137, 0.2860848988629865, 0.2430835736473775], [0.30063651352959875, 0.191200384085149, 0.3009998336580325, 0.20716326862721973], [0.2901250508174763, 0.1977671741576069, 0.30913088643829867, 0.20297688848661813], [0.28986749438717613, 0.19449431943489393, 0.28574961846447966, 0.22988856761345025], [0.31474175108081553, 0.2507343217260943, 0.2432670073484398, 0.19125691974465037], [0.3099229335474989, 0.2551153003914349, 0.23597393927598603, 0.19898782668508017], [0.2775034349507263, 0.1968743681245024, 0.2912421865655138, 0.23438001025925745], [0.2907591933173764, 0.19983651933081445, 0.3074319843599915, 0.20197230289181767]], "ideal": "A", "sampled": "B", "correct": false}}
{"type": "result", "data": {"idx": 5, "options": ["Law and Economics", "Critical Legal Studies", "Historical", "Natural Law"], "probs": [[0.41599355383508535, 0.2654570121933903, 0.19265512204196092, 0.1258943118295634], [0.4306136208858512, 0.2657926579376258, 0.18690177100138808, 0.11669195007513491], [0.4046052215020221, 0.26673306819812626, 0.20215504455831984, 0.12650666564153182], [0.3943113801773873, 0.2642960328879715, 0.20372725138198305, 0.13766533545265816], [0.40350957223871387, 0.273715744651146, 0.20802805600574742, 0.11474662700439268], [0.3872324343303769, 0.26753667791601937, 0.21614826367565962, 0.1290826239779441], [0.2637292444442234, 0.345546901191489, 0.24627500770013447, 0.14444884656415313], [0.26385261819547534, 0.3561608386827732, 0.2421703266208495, 0.13781621640090194], [0.20534976130681756, 0.27752402835580103, 0.3582820945363895, 0.1588441157009919], [0.22360513435735022, 0.27121143722172164, 0.26484548253613244, 0.2403379457847957], [0.18845902381442894, 0.2579416930417565, 0.40806987877579765, 0.14552940426801694], [0.2171568902686175, 0.27597344330134116, 0.2735582034546492, 0.2333114628753921], [0.2786284941360602, 0.32846495016412075, 0.2490791641063883, 0.1438273914934307], [0.27305052627496357, 0.3273026102973589, 0.2372322203553745, 0.162414642972303], [0.25028474997678574, 0.2636093975216561, 0.3352540283201346, 0.15085182408142356], [0.25349274275152145, 0.2675017416209702, 0.24940596518406666, 0.2295995503434417], [0.21430098156875094, 0.24053283750193546, 0.3816465550770152, 0.1635196257522984], [0.23207837340895157, 0.2528338730082402, 0.2981014251410883, 0.21698632834171994], [0.20882939979090048, 0.40376227488410654, 0.25370692826197255, 0.13370139696302039], [0.20889908384527542, 0.38616836642588426, 0.26225954682379293, 0.14267300280504733], [0.1777408149324062, 0.26765284338379886, 0.40384603144430914, 0.15076031013948582], [0.18449982723984146, 0.29663946779623357, 0.2759029227829803, 0.2429577820809447], [0.15917287290969584, 0.26387896344767825, 0.41098757349352183, 0.16596059004910405], [0.17683629689832436, 0.2714096903529555, 0.3293419778017673, 0.22241203484695282]], "ideal": "A", "sampled": "A", "correct": true}}
{"type": "result", "data": {"idx": 6, "options": ["All commands include some sanction.", "The concept of a command contains the likelihood that a sanction will follow failure to obey the command.", "Without a sanction the mere expression of a wish is not a command.", "A command confers power to change one's legal status."], "probs": [[0.30760419365667857, 0.23146758971283804, 0.2280140518914137, 0.23291416463906972], [0.32079983710418375, 0.2415606898292943, 0.21313216425231132, 0.2245073087142106], [0.293866979680893, 0.20436022901638565, 0.2793272899901066, 0.22244550121261475], [0.2920292491638246, 0.20991587397835812, 0.22697317460729938, 0.27108170215051786], [0.2930330931847317, 0.2038550078665011, 0.27431687709926206, 0.22879502174950514], [0.28589630976131564, 0.20231840615390356, 0.22925681556724184, 0.282528468417539], [0.3172270702585309, 0.20743279466093684, 0.2351467495198355, 0.24019338546069674], [0.33575749393920257, 0.21296554801718612, 0.21981979904360793, 0.2314571589000034], [0.3157489942555135, 0.2000960737281032, 0.24892709027613058, 0.23522784164025268], [0.3229354475293528, 0.20771666430616445, 0.22107248507885563, 0.24827540298562709], [0.33064293365386366, 0.20007659194738742, 0.24138909216211696, 0.227891382136632], [0.3239808726579945, 0.20527340775573016, 0.22544873094463005, 0.24529698854164522], [0.2908187334950777, 0.2121664009974982, 0.2768260671323237, 0.22018879827510035], [0.28910874455932284, 0.21466470612928268, 0.23195845685193597, 0.26426809235945853], [0.30312100501487843, 0.22825220565081286, 0.23915832098652953, 0.22946846824777917], [0.3086766806330553, 0.23595600614703466, 0.21809921506550806, 0.23726809805440194], [0.28063949521596976, 0.19570557479532164, 0.25905105083004365, 0.26460387905866495], [0.2904288725200607, 0.20215630228053108, 0.280561562144095, 0.2268532629553132], [0.3041776165684508, 0.20515531605152104, 0.2675729433562948, 0.2230941239237333], [0.2924640352710105, 0.20373855253438566, 0.22371782203569923, 0.28007959005890454], [0.32789863667046426, 0.23197178993415674, 0.22116680942498662, 0.21896276387039235], [0.3245051752525137, 0.23293764539806747, 0.21539148365204108, 0.22716569559737773], [0.2916692451592296, 0.19691389503724332, 0.24491594364405353, 0.26650091605947357], [0.30361323640847226, 0.19836398366005473, 0.2752545393652278, 0.22276824046624522]], "ideal": "D", "sampled": "B", "correct": false}}
{"type": "result", "data": {"idx": 7, "options": ["By denying its existence.", "By explaining the difference between the common law and civil law.", "By distinguishing certain features of the English legal system that facilitated the development of capitalism.", "By recognizing the importance of legitimate domination."], "probs": [[0.2172880800937099, 0.28425997916389023, 0.3052435860513915, 0.19320835459100835], [0.21503569712415083, 0.31445513746923676, 0.2601560833720248, 0.21035308193458763], [0.24552323653398148, 0.3877944167403339, 0.19933128948993817, 0.1673510571357465], [0.2408283799645875, 0.3926387130821503, 0.20493583379126637, 0.1615970730619958], [0.2181279743057522, 0.3504938974478853, 0.2401589530418875, 0.191219175104475], [0.21451024069696611, 0.3134510721414435, 0.30110066228774224, 0.17093802477384812], [0.21810156429764493, 0.24445598189257778, 0.33105922235306384, 0.20638323135671344], [0.2151051727451575, 0.2612914999865741, 0.28135692651204647, 0.24224640065622197], [0.2895285102576015, 0.32452531678634156, 0.19492494477096187, 0.19102122808509503], [0.29024128420317286, 0.31478343817946075, 0.23144496519538305, 0.16353031232198334], [0.24630323416963698, 0.31332251893311514, 0.2141785504332367, 0.2261956963640112], [0.26510472683071823, 0.2876294128386289, 0.2805189955263354, 0.16674686470431743], [0.3036861898408347, 0.25306893900897265, 0.2426905031373105, 0.20055436791288217], [0.2956003414275532, 0.25048728655065816, 0.2556176965151949, 0.19829467540659368], [0.32605971911091225, 0.2716803469481482, 0.2001651465643409, 0.20209478727659866], [0.3325868844653375, 0.2684499025076399, 0.230892091966428, 0.16807112096059462], [0.3234689735008968, 0.2959446520525909, 0.195125961429456, 0.18546041291705623], [0.34325735311908273, 0.29445217373044025, 0.20681060282951483, 0.1554798702209622], [0.2358309845638176, 0.26900855505782106, 0.26810083589557526, 0.22705962438278612], [0.2249131105537608, 0.24822749924211457, 0.33611223123100065, 0.190747158873124], [0.25936345036307484, 0.30066365896626707, 0.21261510884468826, 0.22735778172596977], [0.2739266022126096, 0.274840877913223, 0.28160451538157827, 0.16962800439258907], [0.299877464741283, 0.35237592455201217, 0.17843858895901618, 0.16930802164768866], [0.30900903855221673, 0.3405731573787367, 0.2013657391887509, 0.14905206478029567]], "ideal": "C", "sampled": "C", "correct": true}}
{"type": "result", "data": {"idx": 8, "options": ["It is a sin for humans not to apply reason.", "The principles of natural law are discoverable by reason.", "Natural law does not apply without good reason.", "The law of nature is the basis of all positive law."], "probs": [[0.24600932389976216, 0.2933250832268041, 0.251390684308721, 0.20927490846471272], [0.24871474501983679, 0.28633299467084483, 0.2785601019580754, 0.18639215825124297], [0.22710804164111656, 0.22880096263985977, 0.31799165832759396, 0.2260993372914297], [0.2399386244790636, 0.22685768521967847, 0.3014907746761319, 0.23171291552512602], [0.24922451003049273, 0.2583225926748489, 0.3024660303518795, 0.18998686684277882], [0.25181091954921014, 0.25721473649022086, 0.26620302791629175, 0.22477131594427724], [0.32465344180416833, 0.22719852285499534, 0.24283095829992637, 0.20531707694090998], [0.32167701367843604, 0.22436762856836884, 0.2719316007788464, 0.18202375687434866], [0.34265437718779573, 0.2509362697350382, 0.21245732901355957, 0.1939520239636065], [0.3342290917965056, 0.2440920842669322, 0.24957146491807825, 0.17210735891848392], [0.3646543702324534, 0.2703208165899313, 0.19947518707455092, 0.1655496260030644], [0.3490203968685591, 0.26310331018772204, 0.21638250671223386, 0.17149378613148497], [0.25224601119067164, 0.20420710771776926, 0.321602130023426, 0.22194475096813304], [0.26625553564316423, 0.1993119328809724, 0.30017254648105307, 0.23425998489481029], [0.2937194239972108, 0.2989161147883885, 0.2129047160936202, 0.19445974502078053], [0.295837866982313, 0.2821029294508481, 0.24660162604975086, 0.17545757741708806], [0.30260574363713716, 0.26011395064205606, 0.2237875428007639, 0.21349276282004284], [0.29126988536470627, 0.2535442298302919, 0.27123366571186164, 0.18395221899314018], [0.28483581964558835, 0.21233514265582243, 0.3050659046026862, 0.197763132995903], [0.2810487705031804, 0.20095415111925108, 0.2708496708770497, 0.24714740740051888], [0.3303163548879411, 0.30076705510091, 0.1988029122510557, 0.17011367766009317], [0.3179797231833052, 0.2941577434245637, 0.2134221941019259, 0.17444033919020518], [0.3022240400012107, 0.2293069362411074, 0.2378288656235331, 0.2306401580341488], [0.2902567554605283, 0.22994247538789295, 0.2875755598447238, 0.19222520920685487]], "ideal": "B", "sampled": "B", "correct": true}}
{"type": "result", "data": {"idx": 9, "options": ["Women can achieve equality through political pressure.", "Equality is impossible because men define women as different.", "The idea of 'woman' needs to be redefined.", "The world is phallocentric and oppressive."], "probs": [[0.27981818136483955, 0.2200143965860889, 0.26708802976154733, 0.2330793921875242], [0.2846171089950432, 0.22194938526619942, 0.2674002189726328, 0.2260332866661246], [0.26194041574450927, 0.20428086510819538, 0.2922852293514204, 0.24149348969587497], [0.2731542248280744, 0.20972123427497372, 0.26922308994785227, 0.24790145084909962], [0.2613479572674936, 0.21339017786604642, 0.3007916599447242, 0.22447020482173585], [0.27306703544112365, 0.21958710905463388, 0.2690437516016063, 0.2383021038026361], [0.28379930754442045, 0.20135383015966501, 0.27490191307310485, 0.23994494912280967], [0.2960136444268554, 0.20356454836584337, 0.2653719405453688, 0.23504986656193247], [0.2940210489342951, 0.2135556403648575, 0.255238987636046, 0.23718432296480133], [0.30395697375816216, 0.21232020628237677, 0.26404757878807666, 0.2196752410713844], [0.2955715490092501, 0.2129127925233475, 0.2605665442340225, 0.2309491141333799], [0.29699039456258614, 0.21391032634026516, 0.2744755148613159, 0.21462376413583284], [0.26906020248405293, 0.1938350854273046, 0.2910452869554967, 0.24605942503314573], [0.28365319541757167, 0.1981274008831827, 0.26679771738368024, 0.2514216862155654], [0.29773013893576994, 0.2112316128033284, 0.2545624299223244, 0.23647581823857727], [0.30544944684283837, 0.21167477332398188, 0.26549964349298144, 0.21737613624019833], [0.29406150734372555, 0.2151553598553055, 0.24975806100019576, 0.2410250717007732], [0.2918535427181104, 0.21185029725325108, 0.2785985428025099, 0.21769761712612865], [0.2755406200610232, 0.19840312002105323, 0.29315638539243727, 0.23289987442548626], [0.2849984339340345, 0.2021305172480937, 0.27193431827980463, 0.24093673043806715], [0.2976872070981482, 0.2109889419313225, 0.2623449602810203, 0.228978890589509], [0.3022751391987804, 0.21099218491543523, 0.27499739971971693, 0.2117352760660674], [0.2993753552137453, 0.2106519192246547, 0.2521753012881827, 0.2377974241734172], [0.2952398359480303, 0.21252404151221774, 0.27718362209409253, 0.21505250034565937]], "ideal": "A", "sampled": "B", "correct": false}}
{"type": "result", "data": {"idx": 10, "options": ["John Rawls", "Stammler", "Jerome Hall", "John Finns"], "probs": [[0.32845709257588235, 0.2713433003643534, 0.24684144205058015, 0.15335816490918408], [0.3148275268533781, 0.28134995276871233, 0.22926467313165602, 0.1745578471462535], [0.3189612281158307, 0.2595122417620748, 0.25542834017958505, 0.16609818984250938], [0.3295910109189028, 0.26437426004707926, 0.2368591760884172, 0.16917555284560076], [0.2867587549214713, 0.2563457824979048, 0.2559964396697056, 0.2008990228109183], [0.3135829930004569, 0.2554148245038363, 0.25139025958421307, 0.17961192281149374], [0.30790193720968745, 0.3211763692282155, 0.22725760798909264, 0.1436640854730044], [0.30514268902723457, 0.3284574942533037, 0.21485525158016588, 0.15154456503929586], [0.24420235684750718, 0.23951544998403176, 0.3371019312834116, 0.17918026178504942], [0.27383431789520873, 0.27277097103252207, 0.22565901277192874, 0.22773569820034045], [0.2133970761057241, 0.24842130024833936, 0.3552199144952955, 0.18296170905064102], [0.2522285132019709, 0.2632365665627596, 0.2468234898306375, 0.23771143030463196], [0.2680700282824207, 0.3023496450091831, 0.2503937631829782, 0.17918656342541803], [0.2742936014854796, 0.30953320857767397, 0.22986695168103857, 0.18630623815580785], [0.20801974270736026, 0.23846253326218284, 0.35753600403977376, 0.1959817198906831], [0.2201497125316225, 0.27286656061861786, 0.24046869630383635, 0.2665150304459233], [0.1993453353444072, 0.2250027507318561, 0.35939604040366613, 0.21625587342007058], [0.20785068283164235, 0.24190894127317544, 0.2696086208194391, 0.2806317549757431], [0.2624995669087593, 0.32528843987775724, 0.23403931803092465, 0.17817267508255882], [0.2732381820405473, 0.32324364778147263, 0.22915808854195693, 0.17436008153602317], [0.2016322194355427, 0.2619581662179435, 0.34652093964205355, 0.1898886746044603], [0.22185958919690738, 0.27952182290143013, 0.24627719817082974, 0.25234138963083275], [0.21489688862923226, 0.24281521458099137, 0.32666617082265964, 0.2156217258671167], [0.21581931731657653, 0.26348469051296225, 0.25116110219770055, 0.26953488987276064]], "ideal": "B", "sampled": "A", "correct": false}}
{"type": "result", "data": {"idx": 11, "options": ["Historical", "Analytical", "Command", "Sociological"], "probs": [[0.2783525800917573, 0.3011751084868406, 0.2340790857415043, 0.18639322557989785], [0.2699622946730127, 0.28300399878747456, 0.29963798522110613, 0.14739572121840655], [0.23934389648428248, 0.26264122125860223, 0.29221844670234554, 0.20579643545476978], [0.22915879231126507, 0.2637338081294882, 0.3277022887096273, 0.17940511074961935], [0.2739723108128611, 0.3313289383118505, 0.24509086442793834, 0.14960788634735006], [0.27525510451835866, 0.33288436624687734, 0.23178339239003495, 0.16007713674472904], [0.28043387646053036, 0.27107985189350553, 0.242462739773421, 0.20602353177254307], [0.26432193727699543, 0.2556976225300662, 0.32160801755502305, 0.15837242253791525], [0.2818483411983929, 0.25993970033907254, 0.2511369585739769, 0.20707499978855765], [0.2626990597373089, 0.2616198878735978, 0.3001115232372722, 0.17556952905182116], [0.3256036694317544, 0.3151781919895696, 0.21888248479543151, 0.14033565368324452], [0.3160828116158358, 0.3249529953756079, 0.20927980470950192, 0.14968438819905436], [0.25047637149316365, 0.26554198257392536, 0.2911303471242979, 0.19285129870861312], [0.23614297887449495, 0.25883753542472165, 0.33672294990492596, 0.16829653569585737], [0.27840237900828674, 0.2732456827818557, 0.26789291706184726, 0.18045902104801037], [0.25702348348908344, 0.27228733894486296, 0.3118752538845992, 0.1588139235814544], [0.2854812826074173, 0.3031885415962699, 0.25067887454741405, 0.16065130114889875], [0.276252192659716, 0.30205739891745337, 0.2613669154397658, 0.16032349288306483], [0.29478047173593497, 0.2733521244655522, 0.27603904232718973, 0.1558283613713231], [0.30367754529311386, 0.2857826522102086, 0.23681769204076628, 0.17372211035591126], [0.32792585059259427, 0.30356197375373134, 0.23152173943122092, 0.13699043612245346], [0.3306698202756183, 0.31051421162361165, 0.2094296216755292, 0.1493863463252408], [0.3185028982067058, 0.2813818114508669, 0.22907006396938373, 0.17104522627304358], [0.2975533991025381, 0.2833393598314712, 0.24911426747674878, 0.16999297348924194]], "ideal": "D", "sampled": "D", "correct": true}}
{"type": "result", "data": {"idx": 12, "options": ["Conflict.", "Love.", "War.", "Reciprocity."], "probs": [[0.182956969211789, 0.2555967049222906, 0.27159489007841253, 0.2898514356875079], [0.2097271618118617, 0.27061109925749544, 0.3364483017451395, 0.18321343708550336], [0.18519762708473822, 0.2587516086662824, 0.297215172535714, 0.25883559161326536], [0.20444702186117938, 0.2726610776809896, 0.3497280023763926, 0.17316389798143839], [0.2737774293413779, 0.33112925781171154, 0.23084804757384736, 0.16424526517306318], [0.28299992852063316, 0.33181455233631546, 0.22067802813412288, 0.1645074909089285], [0.16760467981794275, 0.264401725969049, 0.27666809327613, 0.2913255008368782], [0.19044366193232376, 0.28188180500606475, 0.3450779267043813, 0.18259660625723018], [0.1698113854031533, 0.2636126020825435, 0.29370108681514995, 0.2728749255991532], [0.17703695593494065, 0.2923631667798457, 0.34696799513208176, 0.18363188205313186], [0.24082835733950947, 0.3560839699175701, 0.23687038529144466, 0.16621728735147578], [0.24076162993770145, 0.3616056251642787, 0.2261049218579006, 0.17152782294011923], [0.1695668101141163, 0.28069111702019445, 0.29362323877259383, 0.2561188339930954], [0.17967774239885725, 0.29742011868095647, 0.35841337376845034, 0.16448876505173593], [0.16334444769610032, 0.2700399240593261, 0.2781838559284933, 0.2884317722160803], [0.17591656480584858, 0.3046704186988618, 0.3397345789966807, 0.17967843739860895], [0.24307374612485982, 0.38285549773056343, 0.22125199263577422, 0.15281876340880252], [0.2312199449889151, 0.38757521002773904, 0.22398944018110084, 0.15721540470224502], [0.3132849680063508, 0.2522597350264616, 0.25237441436470687, 0.18208088250248072], [0.32712673650202084, 0.24761737511636156, 0.22906250908077178, 0.19619337920084579], [0.31698901548857483, 0.25123955299490314, 0.2475711406477394, 0.18420029076878264], [0.30956613091811946, 0.2531447930933772, 0.24569117288245035, 0.191597903006053], [0.3254308298161535, 0.24261826230354408, 0.24273547484446956, 0.18921543293583287], [0.2986492305292824, 0.24805182955323177, 0.2684482415779674, 0.18485069823951847]], "ideal": "D", "sampled": "D", "correct": true}}
{"type": "result", "data": {"idx": 13, "options": ["That there is no distinction between law and morality.", "That there is a distinction between right and wrong.", "That facts about the world or human nature cannot normally ordain what ought to be", "That human rights are fundamentally unsound."], "probs": [[0.28546070624327063, 0.2654731531850291, 0.23244043835997105, 0.21662570211172918], [0.2910329487936617, 0.2548102812157655, 0.19992375967660328, 0.25423301021396955], [0.2799790113868736, 0.2158574920570681, 0.2705661855789302, 0.2335973108771281], [0.3009535625133927, 0.22467925807554937, 0.20286495679279626, 0.2715022225182616], [0.26411083338003727, 0.17455345390481639, 0.2996008097825857, 0.2617349028325606], [0.2588413992092661, 0.18446497892181657, 0.2878359896824413, 0.26885763208647606], [0.28603546956195697, 0.2346366275720615, 0.2517926915694008, 0.22753521119658074], [0.29035972680646144, 0.22792243275978524, 0.2157191867696339, 0.26599865356411945], [0.2889152510013636, 0.21586114487666674, 0.25411057848342167, 0.241113025538548], [0.26669188139043176, 0.20252413140339387, 0.23100115813979957, 0.29978282896637476], [0.25377795475832937, 0.17300017434118972, 0.296837542874299, 0.2763843279261819], [0.24516142873466706, 0.1749929293810928, 0.30430756829959305, 0.2755380734846471], [0.30793958440413877, 0.1998289346520608, 0.2547672054696542, 0.23746427537414624], [0.32477567641016486, 0.2040522274735826, 0.20881156866777562, 0.2623605273484769], [0.2913639333959305, 0.20446906101056864, 0.2649406869426874, 0.23922631855081344], [0.2789107436149721, 0.19272581369473335, 0.23415200853306958, 0.29421143405722494], [0.28398921236568325, 0.17308353860186604, 0.27441059722508887, 0.26851665170736183], [0.24357955480013996, 0.1583462922374728, 0.3021929786940949, 0.29588117416829235], [0.2381951624185791, 0.20202052290176958, 0.296489174686687, 0.2632951398929643], [0.23701639471068098, 0.21653644738416147, 0.28459009525314194, 0.2618570625520156], [0.23486093734214733, 0.2187887676790064, 0.28278033206527364, 0.2635699628135726], [0.22771554843718228, 0.22188447082976234, 0.2866589980038593, 0.2637409826291961], [0.2420090698654478, 0.22134376730279356, 0.26046076026247916, 0.2761864024692795], [0.2087264750119848, 0.19720216975037913, 0.29282931799475564, 0.3012420371428804]], "ideal": "C", "sampled": "A", "correct": false}}
{"type": "result", "data": {"idx": 14, "options": ["Individual stories are suspect.", "The law is static.", "Universal values are meaningless.", "Literature reproduces repression."], "probs": [[0.29986950305280247, 0.21113131623643347, 0.2616113981102848, 0.22738778250047928], [0.29889881607881374, 0.2105591594962323, 0.25280958411549664, 0.23773244020945736], [0.31474815857993726, 0.21825172844576657, 0.2462912128234616, 0.22070890005083452], [0.2979521795504191, 0.21312831657674963, 0.252231989063908, 0.23668751470892327], [0.29922642104175107, 0.2173493186822335, 0.25294204071269477, 0.23048221946332065], [0.2811974030630338, 0.20747098633764197, 0.27354509043260455, 0.2377865200667197], [0.28646726693927277, 0.23938275451275398, 0.2535559052074869, 0.22059407324048635], [0.28464946583200923, 0.23788371043058226, 0.2441586931557852, 0.2333081304816233], [0.28171709177061066, 0.21739211676331022, 0.2735949754441371, 0.22729581592194203], [0.2831332939113174, 0.2188236382560113, 0.2585879823517302, 0.239455085380941], [0.2715240459099692, 0.21984795061309004, 0.2678757051539126, 0.24075229822302813], [0.2723122713153918, 0.21739905098593096, 0.2689102171579707, 0.24137846044070654], [0.3025734126265267, 0.23777085540301124, 0.24424076077879858, 0.21541497109166347], [0.28410636512376697, 0.23039016351706826, 0.2598602369063689, 0.22564323435279587], [0.2824126481727475, 0.2148178517603633, 0.2748457491123012, 0.227923750854588], [0.28475044882055706, 0.2135773205434493, 0.2607094528693266, 0.240962777666667], [0.2727824449266402, 0.21094252167022806, 0.27822849151690066, 0.23804654178623105], [0.2871546361411164, 0.21873118819400286, 0.25864221872359283, 0.2354719568412879], [0.27973133739611644, 0.2270860109561989, 0.25994202879365663, 0.23324062275402802], [0.26048329081786625, 0.21808583707288823, 0.28300335578765634, 0.2384275162215892], [0.2675298313546771, 0.21025448798547622, 0.2771790192552799, 0.24503666130456675], [0.2694550156323868, 0.20866900680362652, 0.2751246392451773, 0.24675133821880937], [0.26801518401848895, 0.22070545613661086, 0.2736209116191504, 0.2376584481257498], [0.2851652332756721, 0.22776059936626444, 0.2531495837226928, 0.2339245835353706]], "ideal": "C", "sampled": "A", "correct": false}}
{"type": "result", "data": {"idx": 15, "options": ["Law as medium' describes law as a body of formal, general rules that control the state and the economy; 'law as institution' inhabits the 'lifeworld' and expresses its shared values and norms in institutional form.", "Law as medium' consists of the manner in which law is presented by the media; 'law as institution' describes the courts.", "Law as medium' concerns the manner in which the law expresses its rules in simplified terms; 'law as institution' refers to the formal declaration of laws by legislative bodies.", "Law as medium' is defined as the intermediate stage of legal development; 'law as institution' is the advanced stage."], "probs": [[0.3691797742122848, 0.19286867399466534, 0.21819908264484295, 0.21975246904820692], [0.38011565086113946, 0.19415372275280873, 0.20632961130043553, 0.2194010149856163], [0.38402484007883864, 0.19758178880568786, 0.20518452538538098, 0.2132088456300925], [0.3680291230314869, 0.2017138332182192, 0.21787891114379093, 0.21237813250650298], [0.3813064992046519, 0.19628314671937772, 0.2021799236333846, 0.22023043034258571], [0.3503544821879245, 0.19967394470143499, 0.22610465506126473, 0.2238669179493758], [0.3430948205978082, 0.23539161329014152, 0.20917224570250545, 0.2123413203095448], [0.34985503550845626, 0.23651206491012564, 0.200411096195207, 0.21322180328621107], [0.2902771532245276, 0.17869180439115792, 0.3057124018363416, 0.2253186404479729], [0.26681225099352684, 0.18808804081514366, 0.23134963100919073, 0.31375007708213876], [0.27964848693865235, 0.16958418739506792, 0.3139760242681051, 0.23679130129817458], [0.25802096721929985, 0.17472633717697011, 0.24162656066385613, 0.3256261348398739], [0.3509103953487438, 0.2160165905736437, 0.21233974395059066, 0.22073327002702184], [0.33441930517334156, 0.217683167561218, 0.2240787017179987, 0.2238188254474417], [0.2779389023502884, 0.17100261150080592, 0.32657629248214337, 0.2244821935667623], [0.26170491779653443, 0.17890773445206337, 0.24167194599965544, 0.3177154016517467], [0.27121480892546623, 0.17384686805287697, 0.32165386790316625, 0.23328445501849054], [0.25816670442274475, 0.17924225595652135, 0.2364629393052468, 0.32612810021548705], [0.3343784163839833, 0.24607608063115202, 0.19904264798577856, 0.22050285489908614], [0.31713362435111775, 0.24289029791848632, 0.21745592159575766, 0.22252015603463823], [0.268603320860775, 0.17324126996988248, 0.3234657000655466, 0.2346897090037959], [0.24625559515659515, 0.17600508294737238, 0.2415290659652381, 0.3362102558307944], [0.2703503329729345, 0.18001068858476402, 0.31535511735869304, 0.23428386098360846], [0.24976383891480478, 0.1842540706287568, 0.23013568608055945, 0.335846404275879]], "ideal": "A", "sampled": "A", "correct": true}}
{"type": "result", "data": {"idx": 16, "options": ["One is under a duty to obey the law without exception, regardless of its content.", "There is no duty to obey a law to which one hasn't agreed.", "The duty applies only to those who are directly affected by the law in question.", "The obligation arises independently of the precise legal provisions involved - unless there are grounds to justify a specific exception."], "probs": [[0.38325921839395805, 0.17891815836184646, 0.21391679981944006, 0.22390582332475542], [0.3841499216105379, 0.17356931385587535, 0.2620237650300606, 0.18025699940352616], [0.39874235979927786, 0.18622997956291126, 0.19617444859493363, 0.21885321194287724], [0.4045364976876705, 0.18606354848859377, 0.24437475930317562, 0.16502519442056005], [0.4599976148740329, 0.22172097360603477, 0.16280467044296038, 0.15547674097697192], [0.45800741819916585, 0.2245208885367569, 0.16501882424762476, 0.1524528689164525], [0.36008760329460343, 0.20589812097874644, 0.21021647749229164, 0.2237977981343585], [0.37008485194320084, 0.19856868682306153, 0.2523067891345441, 0.17903967199919352], [0.32955169674438856, 0.17959366737000299, 0.25868466493880743, 0.232169970846801], [0.33438242973243126, 0.17383419752621668, 0.27055455460917954, 0.2212288180321725], [0.40529664742921967, 0.23500646298254185, 0.18939792825774915, 0.17029896123048935], [0.39484248776469816, 0.22910021709146922, 0.17897773477234985, 0.19707956027148277], [0.38060173533018155, 0.21078313804670823, 0.18988795651921483, 0.2187271700038954], [0.3857484093368787, 0.20706172029461434, 0.23983119365148686, 0.16735867661702009], [0.33737435466956633, 0.1753247361696824, 0.26051982195453033, 0.2267810871062209], [0.3333618292868289, 0.1653355335228878, 0.2737311977808449, 0.22757143930943838], [0.40045081375040203, 0.22526670507026278, 0.20593459332617783, 0.16834788775315732], [0.3987744866124582, 0.22090631045195008, 0.17806302376458355, 0.20225617907100818], [0.514319421516416, 0.16731857266166397, 0.15780373307125065, 0.1605582726506694], [0.5164558963923159, 0.1683285261273219, 0.1588654243618145, 0.15635015301854766], [0.4849807104737046, 0.1483305477203865, 0.20031114515248385, 0.16637759655342502], [0.46762449745250956, 0.14775521882682657, 0.18177788092862657, 0.2028424026920373], [0.4597123905342352, 0.14080689405038255, 0.22615261568494727, 0.173328099630435], [0.4614436602991513, 0.13922827774254629, 0.179331432523165, 0.2199966293351374]], "ideal": "D", "sampled": "D", "correct": true}}
