{"type": "result", "data": {"idx": 0, "options": ["includes two or more alternatives", "classifies subjects", "affirms the antecedent or denies the consequent", "leads to a valid conclusion"], "probs": [[0.2635159570763035, 0.172788774138957, 0.30699763613842496, 0.25669763254631456], [0.2603127437662863, 0.17097734422694563, 0.34461141656205335, 0.22409849534471468], [0.3094961483241834, 0.21912638330323425, 0.22541322819481732, 0.24596424007776502], [0.3111090361760882, 0.19403010604825446, 0.31958091255806875, 0.17527994511758857], [0.3140324587830135, 0.2129379222282858, 0.252278138096596, 0.2207514807921047], [0.31374675032339217, 0.2121550589587726, 0.31794083115259314, 0.15615735946524212], [0.22713033039475106, 0.2006399840106591, 0.3292479314846742, 0.24298175400991567], [0.21282125690207665, 0.19733696879951246, 0.36187618428014673, 0.22796558991826413], [0.2751987103186444, 0.22070779890779035, 0.2820849246436616, 0.22200856602990365], [0.2600144561871654, 0.20222131319801293, 0.3072622257430058, 0.23050200477181584], [0.2083616231687099, 0.19608327423061736, 0.36522748259393767, 0.2303276199067351], [0.2414068728443972, 0.20343437788836322, 0.32363376018148854, 0.231524988985751], [0.3342509368994646, 0.20534113659418005, 0.21467193108652866, 0.24573599531982668], [0.30570886447081197, 0.1964093207046473, 0.30872342907451167, 0.18915838565002904], [0.3136773360404016, 0.1810284825825193, 0.27099257301075497, 0.2343016082663241], [0.2820066637415808, 0.17588148305511667, 0.3033474223018667, 0.2387644308014359], [0.35169281144020353, 0.2026296050329356, 0.2680183470585406, 0.17765923636832026], [0.33150839308301944, 0.20054055449535907, 0.21636321816123713, 0.2515878341603844], [0.30811789628762387, 0.2363834678890356, 0.22859841582873316, 0.22690021989460735], [0.30719773351448226, 0.23852324059559435, 0.2965890003409479, 0.1576900254489755], [0.282029237092705, 0.20312909477215602, 0.2903522805526733, 0.22448938748246564], [0.2955523342924105, 0.19960830508833888, 0.2806464647773457, 0.2241928957419049], [0.37544815609729437, 0.24125502282188713, 0.23334423499920343, 0.1499525859816151], [0.352117294751401, 0.24891158565011615, 0.18445630094864718, 0.21451481854983565]], "ideal": "A", "sampled": "D", "correct": false}}
{"type": "result", "data": {"idx": 1, "options": ["Changing the meaning of a word or phrase from one part of the argument to another.", "Confusing figurative language with literal language.", "Reasoning that ideas presented in an appealing manner are correct, regardless of the content of the message.", "Using emotionally charged language to create an impression about the subject of a claim, without making an argument that the language fits the subject."], "probs": [[0.25658973284212633, 0.19190054558085035, 0.2676837066238551, 0.2838260148531682], [0.2390668505330205, 0.18393799386661677, 0.3087944640090056, 0.26820069149135717], [0.2873671097373757, 0.2252953234878688, 0.21553701481358067, 0.27180055186117485], [0.2906000483967315, 0.22150059542077405, 0.2825187616131867, 0.20538059446930781], [0.29839934561847803, 0.24069445246907128, 0.2160267882119105, 0.2448794136005402], [0.3037909178492346, 0.23705700821124198, 0.252633891895962, 0.20651818194356136], [0.2333802982952402, 0.22407996163869068, 0.25913969838142453, 0.2834000415846446], [0.22498202992162453, 0.21538881107169647, 0.29519985002903115, 0.2644293088776479], [0.2586783016257112, 0.24435900182908962, 0.2198526131974778, 0.2771100832477214], [0.2610990223518738, 0.23789055216424465, 0.2621475575072084, 0.23886286787667307], [0.2722692448780475, 0.26474201282085974, 0.20995019061328257, 0.25303855158781013], [0.27716217268205195, 0.26088080585019097, 0.22371695110101347, 0.23824007026674357], [0.32504888807331134, 0.20806488452744668, 0.19944451743191685, 0.26744170986732513], [0.3231308604363216, 0.20758313866490646, 0.27373756199144816, 0.19554843880732375], [0.32108092304833624, 0.20237356422307928, 0.216630607821736, 0.2599149048068485], [0.30357268901967177, 0.1995055705035733, 0.2736017148459793, 0.22332002553077565], [0.38053402300844014, 0.2387344985961598, 0.20148383078944482, 0.17924764750595523], [0.36583049446424054, 0.23687622379931328, 0.1909136388596577, 0.2063796427767885], [0.3624298572177853, 0.200751170495939, 0.20159633455644713, 0.23522263762982856], [0.35565998086770245, 0.2028761892450771, 0.24573426703933435, 0.1957295627478861], [0.3501542351720847, 0.1910236392266623, 0.220731188898163, 0.23809093660309], [0.3411688106562619, 0.1945931108222587, 0.23945198237134666, 0.22478609605013272], [0.38649913664767516, 0.22381490466740733, 0.20784379539795494, 0.18184216318696259], [0.37525934536369177, 0.21762170219661695, 0.19888557788060426, 0.20823337445908702]], "ideal": "C", "sampled": "D", "correct": false}}
{"type": "result", "data": {"idx": 2, "options": ["significance", "snob appeal", "poisoning the well", "appeal to anonymous authority"], "probs": [[0.23064830896932104, 0.20438539979798187, 0.29212853309571085, 0.27283775803698623], [0.22571288383302315, 0.1845209625852505, 0.15966031191630436, 0.430105841565422], [0.29673668739212505, 0.2530391514048261, 0.17470523713272174, 0.2755189239703271], [0.3005159273058718, 0.2827290979691915, 0.18934311050197164, 0.2274118641229651], [0.22174592482340616, 0.18291066985025745, 0.15923323276636708, 0.4361101724599693], [0.25313692905253615, 0.21545003031349344, 0.2735150713421315, 0.2578979691918389], [0.20475525541775524, 0.1763215161289825, 0.3329494495968031, 0.28597377875645913], [0.203784307929889, 0.14621340172656747, 0.16587618486045588, 0.48412610538308765], [0.29208822729848544, 0.21187794749355715, 0.19761206814404791, 0.2984217569639095], [0.28495927368417157, 0.24578942747387666, 0.23219347449930539, 0.23705782424264638], [0.15728736709181013, 0.14343499494690357, 0.15187975083800404, 0.5473978870232823], [0.2237133681550426, 0.19602072236961912, 0.300821155279595, 0.27944475409574326], [0.33889151121105626, 0.208400759205255, 0.15444191028781934, 0.2982658191958694], [0.35710924008548917, 0.23657579637640047, 0.17681975224751817, 0.22949521119059219], [0.3288777319256385, 0.18421328889434982, 0.1764435399792571, 0.3104654391007545], [0.33351282772869345, 0.20871468819295472, 0.22065685183539618, 0.23711563214295567], [0.34073538600182735, 0.23440722327294, 0.1865347977253464, 0.23832259289988622], [0.35247773099692087, 0.21403928522466598, 0.18863780991078813, 0.24484517376762502], [0.18228337306494943, 0.18750003164622037, 0.1655499486951337, 0.4646666464936965], [0.20331455462159254, 0.22427591345040496, 0.3223111283112448, 0.2500984035167577], [0.15800493954032133, 0.16637332735782098, 0.16646699605707613, 0.5091547369447815], [0.20657622812112705, 0.20380103586066237, 0.31489872929285095, 0.2747240066253596], [0.28863581582050296, 0.24603438008300232, 0.21752737136204284, 0.2478024326344519], [0.2981896951766191, 0.22761669413530522, 0.21615822288976855, 0.25803538769830714]], "ideal": "C", "sampled": "C", "correct": true}}
{"type": "result", "data": {"idx": 3, "options": ["a specific type of false cause fallacy that argues that since two event happened at the same time one event must have caused the other", "arguing that an event that preceded another event necessarily is the cause of the second event", "arguing that since something is new it is necessarily good", "drawing a conclusion based on a comparison when the items being compared are not similar enough to support the conclusion."], "probs": [[0.30205671626035546, 0.19814079112183938, 0.20429477670408294, 0.2955077158137222], [0.3245164349062435, 0.1961054471597932, 0.2993073045495242, 0.1800708132844391], [0.28470709068589184, 0.1835495178650198, 0.21122344696723833, 0.32051994438185005], [0.2987466796747122, 0.1863642064498892, 0.29849729383728074, 0.21639181993811785], [0.36203955521421555, 0.26404648229681027, 0.1992349267034695, 0.17467903568550464], [0.35537210103295946, 0.25965532657887763, 0.18425215778892495, 0.20072041449923794], [0.31274121530592464, 0.2020055025315115, 0.21116123776766185, 0.274092044294902], [0.3484557866701715, 0.19480156896550518, 0.2833819985106327, 0.17336064575369053], [0.30194121596177975, 0.1857342570834392, 0.23097230491712648, 0.2813522219376546], [0.2897423548668314, 0.1755795653820227, 0.3077854857701059, 0.22689259388103997], [0.35395969354727175, 0.27455152831230956, 0.20351879876967985, 0.16796997927073887], [0.33916321898828644, 0.26397052797971743, 0.18657179452955325, 0.21029445840244287], [0.26327473548926084, 0.19535295406835204, 0.22101054597576777, 0.32036176436661934], [0.2906124678146045, 0.19011609820956513, 0.3087022694249879, 0.21056916445084248], [0.27666962143992335, 0.19559730587433827, 0.23577482996013377, 0.2919582426256046], [0.27017205145720846, 0.17966506838000046, 0.3249784908870179, 0.2251843891757732], [0.29308830378604245, 0.30657251295782756, 0.19760227808158218, 0.20273690507454784], [0.2879113127937007, 0.30585198224174254, 0.19088431337574208, 0.21535239148881466], [0.45580499680543163, 0.18652535695169706, 0.20176635379909896, 0.15590329234377232], [0.42175534201253856, 0.19002908540635272, 0.1843154739914195, 0.20390009848968918], [0.4607738783379483, 0.1797759803983206, 0.2068047194452202, 0.15264542171851087], [0.41229713573351884, 0.17996762959301305, 0.18548117852563314, 0.22225405604783496], [0.4175236696325348, 0.1767611599756994, 0.19422242954748475, 0.21149274074428104], [0.394943839573476, 0.17233205302827487, 0.19519616988160285, 0.2375279374166463]], "ideal": "D", "sampled": "D", "correct": true}}
{"type": "result", "data": {"idx": 4, "options": ["arguing that something should be done because that's the way it's been done in the past.", "arguing that an act should be carried out because it will not have any significant consequences, when there is no evidence of the effects", "reasoning that a conclusion is true because it's been claimed so often", "reasoning that a claim is true because so many people believe it is true"], "probs": [[0.3242970962486268, 0.21010371339118517, 0.24130480452249942, 0.22429438573768862], [0.30836924447955677, 0.20922280534167773, 0.2368018740655329, 0.24560607601323262], [0.3163126503006006, 0.21493812543800214, 0.23942021246602688, 0.2293290116953704], [0.3217224324197807, 0.2119203304400864, 0.24367048933172558, 0.2226867477084073], [0.3230291604672698, 0.20920179782205925, 0.24072965977168814, 0.22703938183898276], [0.32740536816728394, 0.2124718161083153, 0.23683935754373603, 0.2232834580806647], [0.32906722528821886, 0.2272062714586999, 0.22317361496878702, 0.2205528881842942], [0.32115364071495495, 0.2320931404596932, 0.22118835148983643, 0.22556486723551541], [0.33191812035102447, 0.21584866938816702, 0.25587511060063317, 0.19635809956017528], [0.32234126806524505, 0.22301511796591414, 0.2516661323603575, 0.20297748150848333], [0.31722731957121436, 0.20263751433383792, 0.2641462267307738, 0.21598893926417387], [0.3071441352060257, 0.21256305275221934, 0.2677289247245088, 0.21256388721724612], [0.34642120676121113, 0.22838228598363797, 0.21391966618068134, 0.21127684097446955], [0.3501899346415666, 0.23120432288731724, 0.22704725641862786, 0.19155848595248826], [0.34966409723933845, 0.20982480359698374, 0.23370261836252013, 0.20680848070115765], [0.3508775584179589, 0.21695678257198348, 0.24909480284784966, 0.18307085606220794], [0.35460517525459095, 0.2199084093851311, 0.23744020850193537, 0.18804620675834255], [0.36823322031242384, 0.22764412584013766, 0.22366214796134043, 0.18046050578609804], [0.33717459939288885, 0.21518159231152434, 0.22516411876161496, 0.22247968943397184], [0.3401217859679617, 0.2317526111297303, 0.2171596651205718, 0.21096593768173616], [0.32687192177865737, 0.19610915491678751, 0.24374053643469829, 0.23327838676985682], [0.3358972518154096, 0.2113541120964183, 0.2540499454162309, 0.1986986905719412], [0.33450404294185293, 0.21448595711783802, 0.24993477387203047, 0.2010752259682786], [0.3540270976968298, 0.22264717848826973, 0.2326569591625873, 0.1906687645523132]], "ideal": "C", "sampled": "C", "correct": true}}
{"type": "result", "data": {"idx": 5, "options": ["false criteria", "hasty generalization", "ad crumenam", "division"], "probs": [[0.1816071000753098, 0.21174188271643082, 0.25008121502999886, 0.3565698020782605], [0.20978994040209417, 0.22363404260920186, 0.25520410370646635, 0.3113719131822376], [0.17338348406656795, 0.22533417564361477, 0.2501205727171946, 0.3511617674726227], [0.1644657774611357, 0.22812951628651615, 0.24128795746333326, 0.3661167486890149], [0.21189300082314028, 0.25174730263376155, 0.24577272693522562, 0.29058696950787255], [0.17675825251770844, 0.24524341127402235, 0.23616851429522995, 0.3418298218130392], [0.19161263391862426, 0.2067581594790612, 0.2479517496569123, 0.35367745684540225], [0.2133283253298957, 0.21387853578936478, 0.25561704467312235, 0.3171760941076171], [0.18469217417777406, 0.21178779003886455, 0.234984308457718, 0.3685357272256434], [0.17774963377128752, 0.22431127724788594, 0.24855913219350498, 0.3493799566873215], [0.21510787947136453, 0.2330544660172601, 0.24203550044367803, 0.30980215396769734], [0.20286792212382934, 0.24104225273937196, 0.23551939074546197, 0.32057043429133675], [0.1828782761771869, 0.2194228386487537, 0.255309201909677, 0.3423896831643824], [0.1713047947012661, 0.21604296884824528, 0.24307658138044658, 0.369575654970042], [0.1777567661299342, 0.23423660591177423, 0.24442388876545312, 0.34358273909283843], [0.17004652573027257, 0.24276793362407006, 0.253115985563656, 0.33406955498200136], [0.17755196722234043, 0.2457938604437805, 0.2224264856588965, 0.3542276865749826], [0.18289791318283238, 0.26111257462740356, 0.24395442370053042, 0.3120350883892336], [0.23719024302390218, 0.24106827016642612, 0.2348833495906051, 0.28685813711906655], [0.200004008392301, 0.23755862952541026, 0.22130788530717704, 0.3411294766751117], [0.24362607297845262, 0.2438275664800957, 0.22671046850798385, 0.2858358919334678], [0.2208235495816317, 0.24621623018257632, 0.22561686556417018, 0.30734335457162176], [0.20513335479632144, 0.23222467993037293, 0.21290591991518515, 0.34973604525812046], [0.21390783784634604, 0.24604795870704652, 0.23291854558046027, 0.3071256577661472]], "ideal": "D", "sampled": "D", "correct": true}}
{"type": "result", "data": {"idx": 6, "options": ["responding to an argument with an expression of derision instead of a counter argument", "attempts to gain agreement based solely the feelings aroused by the message", "characterizing an opponent's position in such way to make it or its consequences appear to be ridiculous", "arguing actions should be taken to avoid negative results, when those results are exaggerated, unlikely, or irrelevant"], "probs": [[0.2768481116740438, 0.1814559277927607, 0.3110594199444642, 0.23063654048873133], [0.25340738890021164, 0.17460496721905835, 0.23359669742632447, 0.33839094635440553], [0.326427325882426, 0.2390871536900707, 0.20897821145747508, 0.22550730887002823], [0.343658745254483, 0.22935536501498255, 0.22386996445801308, 0.20311592517252136], [0.25812504462179303, 0.18492624712901526, 0.22324544854451303, 0.33370325960467867], [0.31083954968147487, 0.18590531410331232, 0.295108692537151, 0.20814644357806178], [0.2774010639718094, 0.1905070571486441, 0.2973581000471497, 0.23473377873239676], [0.24866212531431214, 0.18367208264910154, 0.2254796441347478, 0.34218614780183854], [0.30219512724543923, 0.22445609828885796, 0.23312133200934854, 0.24022744235635426], [0.30986642372688794, 0.21945407657434332, 0.22816200212101384, 0.2425174974777549], [0.25152477619516916, 0.17881560323834403, 0.23919478056423055, 0.3304648399022562], [0.27834728357392613, 0.18241925535762019, 0.3036691546136455, 0.23556430635480813], [0.3691654447966386, 0.20040629503501656, 0.1984704256087193, 0.23195783445962553], [0.390765887184581, 0.19475469571653625, 0.21716844190477566, 0.19731097509410708], [0.34321995543326106, 0.18625749090664187, 0.22617494383651432, 0.24434760972358274], [0.3476563795354914, 0.18275632507035425, 0.22203478876619825, 0.24755250652795607], [0.38205477457806386, 0.19180223282760384, 0.23318414634996443, 0.19295884614436784], [0.3702796962236899, 0.19468959913486042, 0.2023204532968928, 0.2327102512445569], [0.25573704406258263, 0.19065002173216064, 0.2176633243838837, 0.335949609721373], [0.3119935737535331, 0.19246846722329905, 0.2866353733049601, 0.20890258561820782], [0.2463317251902613, 0.17660844587420294, 0.2379208391357091, 0.33913898969982664], [0.2740780494558333, 0.17963886794555484, 0.3032422751851309, 0.2430408073134809], [0.34237174726750885, 0.22492399324867934, 0.23355437366807108, 0.1991498857157407], [0.3256748366875838, 0.23095180436077584, 0.21493575295050954, 0.22843760590113085]], "ideal": "A", "sampled": "C", "correct": false}}
{"type": "result", "data": {"idx": 7, "options": ["Appeal to ignorance", "Double negative", "Equivocation", "Burden of proof"], "probs": [[0.26031686301507934, 0.22405611131000427, 0.25055854016668155, 0.2650684854082348], [0.25578413935631544, 0.20942549163544977, 0.2619214809824258, 0.27286888792580904], [0.27034292025161805, 0.23999226448508656, 0.21872477557147949, 0.27094003959181595], [0.28674060530686857, 0.2342246507503509, 0.258837584511944, 0.22019715933083656], [0.2716266946743483, 0.22228740318653945, 0.2338447133161402, 0.27224118872297204], [0.30070957538458665, 0.238077834224735, 0.2509139477955721, 0.2102986424951063], [0.26685653921424657, 0.23688610326874218, 0.24497017656930542, 0.25128718084770585], [0.2586125769745865, 0.22162737280339087, 0.2605932691521117, 0.25916678096991097], [0.24947786331794156, 0.2326110611557175, 0.2556835260324185, 0.26222754939392245], [0.2513309456355019, 0.21785737896554713, 0.25383669513662493, 0.27697498016232597], [0.2596520223902095, 0.21299882548405846, 0.2788634639530188, 0.24848568807271315], [0.2594261323804192, 0.21800385222662105, 0.2581161712219193, 0.2644538440710404], [0.27118361397629576, 0.24518026774428622, 0.21600848756073235, 0.26762763061868566], [0.28140139157638183, 0.2410780751303446, 0.2579970619122915, 0.21952347128098207], [0.2527478638334088, 0.22208705209502602, 0.25523924887480004, 0.26992583509676515], [0.2504841498419386, 0.21107432161587322, 0.2491573207459052, 0.289284207696283], [0.27696974320784984, 0.23421892078347423, 0.27923653775208723, 0.2095747981565887], [0.2637411395009041, 0.2260526899179172, 0.2241202924045361, 0.2860858780766426], [0.2990105747877564, 0.21353168783436735, 0.23095776138380272, 0.25649997589407353], [0.32696249103368535, 0.2293504407966133, 0.24485471112500706, 0.19883235694469428], [0.27371427821930366, 0.18706547000721238, 0.28108284293407987, 0.25813740873940405], [0.27356299347581203, 0.1915652872197202, 0.26849010183972255, 0.26638161736474525], [0.2967976242961433, 0.2183771664169455, 0.27704244023644803, 0.20778276895046316], [0.28824350664480236, 0.2085839838860065, 0.22699334063336274, 0.27617916873582843]], "ideal": "A", "sampled": "A", "correct": true}}
{"type": "result", "data": {"idx": 8, "options": ["ignoring another person's arguments and attacking her character instead", "asserting an opposing arguer has taken an easily defeated position, which she has not really taken", "causing confusion during an argument by a lack of ability to engage in refutation", "using threats of harm instead of reasoning to gain agreement"], "probs": [[0.37628267509679175, 0.19421606385780046, 0.22621436893699756, 0.2032868920084102], [0.3727816827883562, 0.19139551544077002, 0.21430044725479125, 0.2215223544160825], [0.3659001559338503, 0.18606275144777962, 0.23941908123908637, 0.20861801127928375], [0.35354813929837015, 0.18433836100642273, 0.21284633872764724, 0.24926716086755984], [0.3554461703972069, 0.17708360184697533, 0.23547796114348854, 0.23199226651232926], [0.34683225468312845, 0.17676718967772986, 0.22798800597366653, 0.24841254956547518], [0.3612927061535943, 0.20293393146157157, 0.23131779868008268, 0.20445556360475142], [0.36007074054560584, 0.20243956448258482, 0.21343499737981944, 0.22405469749198992], [0.34980855283764395, 0.1997236192191422, 0.24617959579273363, 0.2042882320504802], [0.313894554072278, 0.20985170644740506, 0.21758581178333225, 0.2586679275969847], [0.3373255779603396, 0.1898678271262891, 0.2492179460457783, 0.22358864876759307], [0.31924299955559665, 0.2006448864447897, 0.22884764242054972, 0.2512644714790639], [0.353889039355237, 0.19182313629992667, 0.252441033841223, 0.2018467904036133], [0.34788476898939336, 0.18740641789638876, 0.22317421101522583, 0.24153460199899207], [0.3468576176671313, 0.1893899795041827, 0.25953314479179074, 0.20421925793689524], [0.31294035908430656, 0.20633906123958948, 0.23067447540837482, 0.25004610416772916], [0.317144781319375, 0.17486295102278165, 0.2698139250008659, 0.23817834255697745], [0.30122533437577653, 0.1827491819675802, 0.25579398867910197, 0.2602314948775413], [0.36026804561981846, 0.19265974481981385, 0.22638704695860518, 0.22068516250176254], [0.35242805406545025, 0.19123472556399362, 0.22304937573600586, 0.23328784453455026], [0.34606006738063144, 0.19088733194349672, 0.2407246976850111, 0.22232790289086077], [0.32621476050929443, 0.2022704034841446, 0.23035012183270076, 0.2411647140738602], [0.33284037805983374, 0.18614653963750977, 0.25370287514618867, 0.22731020705646782], [0.31506016214469784, 0.1954270746681673, 0.24571501056739817, 0.24379775251973665]], "ideal": "A", "sampled": "A", "correct": true}}
{"type": "result", "data": {"idx": 9, "options": ["Laudatory personality", "Guilt by association", "Reprehensible personality", "Circular reasoning"], "probs": [[0.21550186297380408, 0.29431957442081613, 0.2816732269493185, 0.20850533555606127], [0.2019588113212928, 0.2831010604545811, 0.29313174760783195, 0.2218083805162941], [0.1607307642537557, 0.2154240309976684, 0.3866066336245168, 0.23723857102405904], [0.15586417911878248, 0.2269925176870328, 0.302145123451536, 0.31499817964264876], [0.1682457998932648, 0.23532335019694003, 0.3664203449607198, 0.23001050484907537], [0.17446284704566983, 0.23884675326730112, 0.2898684014148939, 0.29682199817213517], [0.2899680180552911, 0.250997219224465, 0.2693421880533496, 0.1896925745668943], [0.2784296571929975, 0.2433849125857155, 0.2871136367033901, 0.1910717934178969], [0.29767233130339316, 0.25021168587089865, 0.26034137604017377, 0.19177460668553445], [0.286674567631264, 0.24697930354328687, 0.2786764287275477, 0.18766969999790148], [0.2895578530009466, 0.2612811106563925, 0.26818657717963135, 0.18097445906302959], [0.2980861752356876, 0.2645328421486979, 0.25974784072864865, 0.17763314178696585], [0.15933375296390775, 0.21030798865700714, 0.3952271996822189, 0.23513105859686614], [0.15193591331202738, 0.2177431485848025, 0.3086725931154304, 0.3216483448877397], [0.2288368160967154, 0.2938136712344673, 0.2725227434284745, 0.20482676914034278], [0.2150923300250603, 0.28790307877291027, 0.28529561417709803, 0.2117089769249314], [0.1771756831055181, 0.2351741457469408, 0.2812462704906809, 0.30640390055686023], [0.1737356412416846, 0.24258385190551882, 0.36742030232839573, 0.21626020442440086], [0.17901987258671415, 0.21727810992940413, 0.3772696329413303, 0.22643238444255143], [0.182046318571056, 0.21990203199863728, 0.2928460748842745, 0.3052055744460322], [0.22735746202579482, 0.2847480475617809, 0.2872091531466331, 0.20068533716579115], [0.23269982633647884, 0.28734934327113076, 0.2810889184193856, 0.19886191187300473], [0.17959224908355664, 0.22025175062224514, 0.28465887477145807, 0.3154971254227401], [0.1788069089534994, 0.22382315501522143, 0.37820624011875126, 0.2191636958125279]], "ideal": "B", "sampled": "B", "correct": true}}
{"type": "result", "data": {"idx": 10, "options": ["Appeal to ignorance", "Extension", "a priori", "Complex question"], "probs": [[0.24440491197049358, 0.1988499462405673, 0.2797323167044334, 0.27701282498450575], [0.22412336872318445, 0.190553092515178, 0.2594981905334161, 0.32582534812822145], [0.23477120604379925, 0.19106180612690793, 0.2863446644463693, 0.28782232328292356], [0.25063962115284216, 0.1821652826807319, 0.2646350303718313, 0.30256006569459465], [0.19648045911252596, 0.17248334707904522, 0.2919517028657442, 0.33908449084268466], [0.2473211100742755, 0.17163898816354745, 0.2778954033824993, 0.3031444982796777], [0.2682627955328543, 0.20496314151135434, 0.27075617695854054, 0.2560178858972508], [0.25379148123110584, 0.19050273297312198, 0.2591833173969485, 0.2965224682988237], [0.25296873228655886, 0.1903350828447605, 0.3036131903763961, 0.2530829943922845], [0.2415846956006906, 0.17872587377208976, 0.22866848790351163, 0.351020942623708], [0.21782250832990943, 0.16612320884318962, 0.3140053684699474, 0.3020489142569535], [0.2396751457261506, 0.16398547343781647, 0.23728586377384867, 0.35905351696218424], [0.28148210045860717, 0.20247840879322873, 0.2594685256221702, 0.2565709650259939], [0.2942544651149018, 0.1950466272805772, 0.24236054309390745, 0.26833836441061354], [0.2622771262860281, 0.1914911865996558, 0.29163211581174864, 0.2545995712025674], [0.26283326112085165, 0.18595600298774373, 0.21333244858031036, 0.3378782872110942], [0.26291921340400526, 0.16913987442441356, 0.28758722112302204, 0.28035369094855916], [0.23853725903442086, 0.17138325186992243, 0.23719128180728555, 0.35288820718837116], [0.21165111658840824, 0.174737483245542, 0.28642210361477516, 0.3271892964512746], [0.24476742773186688, 0.1754491969499855, 0.2751653924210642, 0.30461798279708346], [0.18724184015371326, 0.1643652046212877, 0.3253640878674478, 0.3230288672575512], [0.2087982060938357, 0.16441359114235374, 0.2377310316840809, 0.38905717097972964], [0.24295794237335996, 0.16362815606065986, 0.3002587169031436, 0.29315518456283657], [0.21560230527744909, 0.1646073733909125, 0.2420088165457113, 0.37778150468592714]], "ideal": "D", "sampled": "A", "correct": false}}
{"type": "result", "data": {"idx": 11, "options": ["Attacking the Person (ad hominem)", "Equivocation", "Begging the Question", "Appeal to Pity"], "probs": [[0.34458900008017573, 0.2363025432037822, 0.23998017964317947, 0.1791282769728626], [0.3175932168642978, 0.23905774948590564, 0.21762739119737637, 0.2257216423524202], [0.3505897119114966, 0.2600272220105014, 0.21541657399715805, 0.17396649198084393], [0.3271952769668948, 0.2663212934966409, 0.2137489999989801, 0.19273442943748417], [0.31207926473235287, 0.2241336952283524, 0.2385078923988801, 0.22527914754041461], [0.29076471921874153, 0.24408580360355925, 0.25539672372171374, 0.20975275335598548], [0.32558980095722084, 0.23057111751856724, 0.2607693335038524, 0.18306974792035954], [0.31274755854019626, 0.23204412362507776, 0.2109564628701116, 0.24425185486461437], [0.3350607604225535, 0.23007998896682152, 0.25222961239511005, 0.18262963811551491], [0.3060806302098135, 0.2349644233062019, 0.21998278138873215, 0.23897216499525242], [0.2671493371204416, 0.21086440116634542, 0.25826922826178733, 0.2637170333514257], [0.2606742822461354, 0.22985835491156617, 0.26399587008721936, 0.24547149265507903], [0.3577011929899736, 0.2346727619733015, 0.23008499232867227, 0.1775410526080526], [0.3320888777612691, 0.23916577577685466, 0.22363769339358516, 0.20510765296829103], [0.33263707157623335, 0.23968373236643536, 0.24638454613605948, 0.18129464982127177], [0.29830550255458205, 0.24042017038980465, 0.22464606984258123, 0.23662825711303204], [0.2951992329778654, 0.22248807383267885, 0.2553448829005054, 0.22696781018895038], [0.2908431545973574, 0.2268278564758588, 0.24055887397865597, 0.24177011484812785], [0.29536465687673025, 0.21877699250110683, 0.2517700270094045, 0.2340883235127584], [0.2790924525252303, 0.2342071463169749, 0.26905345112215745, 0.21764694993563735], [0.2654136458580566, 0.21597658417414412, 0.2607383766619651, 0.25787139320583413], [0.2606742757499098, 0.2261990375947964, 0.26006452021574644, 0.25306216633954737], [0.27958749888760925, 0.24218568971758098, 0.24963358788278045, 0.22859322341202928], [0.2681184708803995, 0.24769912657644927, 0.23967707154738238, 0.2445053308957689]], "ideal": "C", "sampled": "C", "correct": true}}
{"type": "result", "data": {"idx": 12, "options": ["Equivocation", "Affirming the Consequent", "Gambler's Fallacy", "Inconsistency"], "probs": [[0.3141860020712842, 0.21207070032516295, 0.236443948179026, 0.23729934932452681], [0.3154046629174453, 0.21295959389939964, 0.23719993938219633, 0.2344358037009587], [0.3074912520187939, 0.21753553202168954, 0.24272709315754878, 0.23224612270196776], [0.3029839739345116, 0.21787931347514913, 0.24668790765154977, 0.23244880483878952], [0.30945256810450356, 0.21589823386742718, 0.24817620585129743, 0.22647299207677182], [0.30605272823727575, 0.2204811969394083, 0.24579755568121595, 0.2276685190421], [0.303516527875216, 0.228195630640944, 0.2355736423622341, 0.2327141990216059], [0.305605484765255, 0.2230426172559118, 0.233466665429372, 0.23788523244946116], [0.29807818377133927, 0.22749749162749622, 0.24234512807009784, 0.23207919643106667], [0.2799884593210237, 0.23111929798439723, 0.24199936560358462, 0.24689287699099446], [0.2921961589192638, 0.2201149645244747, 0.2529493309743973, 0.23473954548186413], [0.2776481931072669, 0.22946132252878068, 0.24403178290214655, 0.24885870136180582], [0.2849366324119447, 0.2319010759374896, 0.2432215624324412, 0.23994072911812447], [0.2837843042892197, 0.23121804341176697, 0.24593226975622542, 0.2390653824427879], [0.28286693791499673, 0.23002056894263748, 0.24884913866122732, 0.23826335438113844], [0.26737848319983687, 0.2352008705380926, 0.2463087475993603, 0.2511118985627102], [0.2679181774562357, 0.22880846941592442, 0.26304388827566083, 0.24022946475217904], [0.2601692119005806, 0.23630932323222575, 0.25531337043046937, 0.24820809433672425], [0.31182229051120736, 0.22796377197662576, 0.24245863789192215, 0.21775529952024475], [0.31142063533735553, 0.23516542155929754, 0.23909101309064698, 0.21432292991269997], [0.30757184897053574, 0.22113139266153017, 0.24620502450969364, 0.22509173375824046], [0.29244692002134415, 0.22720131952878708, 0.23778831174941142, 0.24256344860045734], [0.3006331189883221, 0.22670051929916563, 0.2489818372038543, 0.22368452440865794], [0.2890391263363069, 0.23189348779107352, 0.24297281373178675, 0.2360945720408328]], "ideal": "D", "sampled": "A", "correct": false}}
{"type": "result", "data": {"idx": 13, "options": ["arguing that something is necessarily bad because it doesn't cost very much", "substituting individual stories for a larger sample when supporting a generalization", "arguing that what is true in nature must be true about humans", "the same thing as the  post hoc  fallacy"], "probs": [[0.3039812924546776, 0.20822415994851695, 0.2667669216584778, 0.22102762583832758], [0.2956884834749217, 0.22128363953252364, 0.2281014268079501, 0.25492645008460457], [0.3111443770940239, 0.2162279156196267, 0.2602584024965023, 0.21236930468984708], [0.31609859588414585, 0.22191585267476582, 0.225345027046542, 0.23664052429454635], [0.29148680837478463, 0.19849086397364257, 0.25479156535675007, 0.2552307621948227], [0.2902122394418743, 0.19416866905284355, 0.26561829049288, 0.2500008009124022], [0.31752045520108624, 0.1862087911385894, 0.27920176328004925, 0.2170689902802751], [0.3141295471117388, 0.19842564170645868, 0.22462150938254688, 0.26282330169925566], [0.3595869647973892, 0.2115885082149069, 0.224824494840804, 0.20400003204689984], [0.35078550793661767, 0.21456349424823531, 0.2362571401840908, 0.19839385753105623], [0.30986443620599763, 0.1991148918536105, 0.21876271392844054, 0.27225795791195134], [0.32655644413543516, 0.19640322027626575, 0.2611088752485473, 0.21593146023975177], [0.34067338194013236, 0.20592774141863437, 0.2480116300333141, 0.20538724650791917], [0.34072954982373194, 0.20801680717847412, 0.2114244942792451, 0.23982914861854882], [0.3654765947755741, 0.22844464605749953, 0.21423799755090872, 0.19184076151601767], [0.3589597481595251, 0.2295470134886875, 0.22675531086642053, 0.1847379273853669], [0.32859728716298037, 0.2068800540621841, 0.21046482651706408, 0.25405783215777145], [0.3466336325467604, 0.2079054651080644, 0.2556104285577501, 0.18985047368742508], [0.29755616628466997, 0.20196025372452917, 0.2479788697706865, 0.2525047101201144], [0.3002508923148504, 0.19411784697793638, 0.27017265958129705, 0.23545860102591612], [0.31390547749241315, 0.2273600250255199, 0.2041776329074768, 0.2545568644745901], [0.32806403908119375, 0.2193467118824739, 0.24585175120689526, 0.20673749772943706], [0.3355223238132648, 0.22071707246480574, 0.2112639844206308, 0.2324966192012987], [0.33449208234642713, 0.21971754400145943, 0.2539736590433412, 0.19181671450877227]], "ideal": "C", "sampled": "C", "correct": true}}
{"type": "result", "data": {"idx": 14, "options": ["Style over substance", "Question begging epithets", "Hypostatization", "Amphiboly"], "probs": [[0.26545442150453413, 0.22287526554059955, 0.2390997231438281, 0.2725705897110382], [0.24200628334834634, 0.2327828372367469, 0.23894708990230207, 0.28626378941260466], [0.27533421327898616, 0.2338101749456093, 0.23302889215149078, 0.2578267195239138], [0.26062894253253777, 0.23837969059914277, 0.24142264187041643, 0.25956872489790306], [0.23815946633459933, 0.23198140010870397, 0.23874301071674872, 0.29111612273994797], [0.2522022911804759, 0.23724051094964832, 0.24777922387768778, 0.262777973892188], [0.2627544559427277, 0.21609429810832453, 0.23772104008926215, 0.2834302057596856], [0.23662100024774765, 0.2266392491042696, 0.23832323434582608, 0.29841651620215665], [0.26047682496294, 0.2274643717814105, 0.2352788544501819, 0.2767799487054676], [0.21856206140249132, 0.24655536916869136, 0.24082539559692195, 0.2940571737318953], [0.22297214633893894, 0.22373760411104157, 0.23903536016444238, 0.3142548892855771], [0.20463897590735058, 0.24536550408182864, 0.24765855440492252, 0.3023369655058982], [0.2722521640907022, 0.2339663137569614, 0.23850324036766515, 0.25527828168467126], [0.24889674409378973, 0.24113559361168999, 0.24575720358779352, 0.26421045860672676], [0.2647809504354885, 0.223723689759816, 0.24682509509949194, 0.2646702646052036], [0.22313613189897183, 0.23995483336635218, 0.24560922773963303, 0.2912998068950429], [0.23351563510943804, 0.23676379022614813, 0.26147806641824917, 0.2682425081461646], [0.22234595978501293, 0.2425119542458739, 0.2447504662514782, 0.29039161961763493], [0.22469870743888726, 0.23995055255874573, 0.2514837681995678, 0.28386697170279923], [0.2293654267165986, 0.24772820243337343, 0.2556676604442582, 0.2672387103057698], [0.21388843119487036, 0.22452456760506248, 0.2551477069218584, 0.30643929417820875], [0.20576487172922886, 0.2426505946475417, 0.2521984241323039, 0.2993861093909255], [0.21485416268861257, 0.24642827737209155, 0.26763039425870133, 0.27108716558059454], [0.2078667226762354, 0.2526231818821165, 0.2506608478769718, 0.28884924746467633]], "ideal": "B", "sampled": "A", "correct": false}}
{"type": "result", "data": {"idx": 15, "options": ["Tu quoque", "Composition", "Appeal to the masses", "Appeal to reason"], "probs": [[0.2516095377493056, 0.23352839398326294, 0.23236772761953375, 0.28249434054789774], [0.2594716885347724, 0.2380477970309598, 0.2149768801560133, 0.2875036341782545], [0.2692279517381376, 0.24952386317142058, 0.21890158949093486, 0.2623465954995069], [0.26842829182401773, 0.24722635375133958, 0.25029825788769156, 0.23404709643695115], [0.266547884518852, 0.24825107678894606, 0.22060487833491962, 0.26459616025728233], [0.2649463931967197, 0.23697281665301426, 0.2632167558640252, 0.23486403418624083], [0.26163215863280864, 0.22472018151896003, 0.23780968855567772, 0.2758379711925536], [0.265906780931585, 0.23281157014426035, 0.22022587058726087, 0.2810557782368938], [0.27343702721002733, 0.26126754670611335, 0.21883008207919505, 0.24646534390466426], [0.2546136303106555, 0.25471805764517935, 0.23456918491851483, 0.25609912702565035], [0.25990531233193154, 0.24549287920959897, 0.2286032025079291, 0.2659986058505404], [0.24853253370824444, 0.24131536533115952, 0.2477843613505319, 0.26236773951006415], [0.28138510228517444, 0.23758520891630666, 0.21138246985295975, 0.26964721884555914], [0.2778461235804749, 0.240526732174443, 0.24328648679078885, 0.23834065735429324], [0.2679651379317301, 0.24492445585662634, 0.21767240760533846, 0.2694379985063051], [0.24407009015235684, 0.24465724062431773, 0.22859653019396922, 0.28267613892935617], [0.2852895302083341, 0.24690756567195948, 0.2342858051167956, 0.23351709890291084], [0.25121605768099686, 0.2513011433126731, 0.22011725930333254, 0.2773655396029975], [0.2652031362445778, 0.25093166895987123, 0.21253371776599522, 0.2713314769295557], [0.2620238168257848, 0.2458064670759154, 0.25631640429344577, 0.23585331170485402], [0.24861083922284247, 0.25425398347219424, 0.22202534971401114, 0.27510982749095214], [0.23843681878823939, 0.2547079768696245, 0.23039323206068468, 0.2764619721814514], [0.2684317946954663, 0.25526888317009166, 0.2422832805696712, 0.23401604146477087], [0.241526905296833, 0.2576124706250975, 0.22555624282423498, 0.27530438115383454]], "ideal": "C", "sampled": "C", "correct": true}}
{"type": "result", "data": {"idx": 16, "options": ["poisoning the well", "suppressed evidence", "appeal to pride", "appeal to the people"], "probs": [[0.2057649282677364, 0.21664381869522467, 0.23516856920845317, 0.34242268372858575], [0.1858060089433057, 0.2074284882252881, 0.40780932314802054, 0.19895617958338568], [0.20890974440168236, 0.23024998142130318, 0.22388044998256734, 0.3369598240944471], [0.23219305620543412, 0.23964698967395345, 0.3285688806528433, 0.19959107336776913], [0.2888278702660574, 0.3497256323590761, 0.19036279404976567, 0.17108370322510089], [0.30746383846295117, 0.33316208418086823, 0.19629316907468744, 0.1630809081814931], [0.21222785113119727, 0.24865244326489153, 0.2277361601363374, 0.3113835453675738], [0.20564851162761325, 0.225802808977435, 0.37421724196506545, 0.1943314373298863], [0.20073978600878803, 0.235158994770376, 0.2553785443050591, 0.3087226748157769], [0.16841598606285063, 0.22289920847418568, 0.3580961983186819, 0.2505886070442818], [0.24800707766924396, 0.3852043208870181, 0.20031886099240995, 0.16646974035132797], [0.23970460236316554, 0.3662649959318647, 0.19991753696133427, 0.1941128646436355], [0.21389768696825012, 0.2435691022097518, 0.22303968333398586, 0.31949352738801223], [0.23183012460103394, 0.25092207261249233, 0.3238872442568048, 0.1933605584296689], [0.189308786691904, 0.22192033461734725, 0.26889514119036784, 0.3198757374003809], [0.1503745384531389, 0.21204301170566736, 0.37995387818383886, 0.2576285715573549], [0.27088766480098325, 0.3035323231056092, 0.24107057625414505, 0.1845094357392625], [0.20758369562934234, 0.2939298152629654, 0.22975182530966642, 0.26873466369802584], [0.3939218222701018, 0.26339277622449997, 0.17718398569242563, 0.16550141571297255], [0.40256088968066067, 0.26021462676307155, 0.18347343800617352, 0.15375104545009424], [0.3333951681546588, 0.2605423447471643, 0.220867792682665, 0.18519469431551192], [0.3073852612160431, 0.2478914223677666, 0.20351777665490567, 0.24120553966128463], [0.3824603912218473, 0.25151414051393056, 0.2104775340715802, 0.15554793409264192], [0.3127020159333265, 0.2563013915624591, 0.20406690815731593, 0.2269296842468984]], "ideal": "D", "sampled": "D", "correct": true}}
