{"type": "result", "data": {"idx": 0, "options": ["Bargaining", "Satisficing", "Accepting", "Compromising"], "probs": [[0.20317369697446414, 0.27256777879850314, 0.3100555538821109, 0.21420297024492185], [0.20213660896986863, 0.2749817412068899, 0.3031459197567633, 0.21973572996647817], [0.1983428598486579, 0.27440203169209304, 0.31153628886085555, 0.2157188194983935], [0.1910263867332288, 0.27276926823556735, 0.3044880582909071, 0.23171628664029675], [0.21170707044868556, 0.27067703005944965, 0.29806366559862685, 0.21955223379323796], [0.21197269449742598, 0.26722035400397465, 0.2938779329472813, 0.22692901845131805], [0.2190912896446455, 0.29336961226600416, 0.2901184472116255, 0.19742065077772483], [0.21621461854842672, 0.29375527181534744, 0.2859609510004945, 0.20406915853573132], [0.2512563354454166, 0.3062408429268349, 0.23955542265960728, 0.20294739886814128], [0.2342849452772416, 0.289816877520402, 0.2776977932861569, 0.19820038381619948], [0.2270285818801078, 0.318089460074228, 0.25671652339389517, 0.19816543455176902], [0.24041057404228275, 0.30195843270505557, 0.2635435383192347, 0.19408745483342693], [0.18564684133917783, 0.2861218962942969, 0.32008980747569055, 0.20814145479083473], [0.18557738211447428, 0.2774091652036085, 0.3049871643314275, 0.23202628825048977], [0.21627423809613414, 0.28978429105317405, 0.27310759640309806, 0.22083387434759374], [0.20474938741142396, 0.282609994940362, 0.2971513226755638, 0.21548929487265023], [0.2060207667452055, 0.29856623550795114, 0.2680001974433969, 0.22741280020344642], [0.21608375212870357, 0.27609191676645745, 0.3039265093543283, 0.2038978216505107], [0.22054234320447733, 0.3046692725908504, 0.2697696226702797, 0.20501876143439257], [0.21245578562447137, 0.2938826469450158, 0.27665913926752883, 0.217002428062984], [0.23336202599343636, 0.2981305508950409, 0.24816786489889478, 0.2203395581126279], [0.23878525973598688, 0.2865764114994406, 0.26612176695422163, 0.2085165617103509], [0.24631337840994455, 0.30066282742218636, 0.2238974884585663, 0.22912630560930278], [0.25800598049572904, 0.2864670795879458, 0.2535339035366843, 0.20199303627964085]], "ideal": "B", "sampled": "B", "correct": true}}
{"type": "result", "data": {"idx": 1, "options": ["Framing bias", "Hindsight bias", "Over-confidence bias", "Heuristics"], "probs": [[0.24356213935449364, 0.2797207617396764, 0.2771374069514122, 0.19957969185441773], [0.22833745988894602, 0.2586038333335053, 0.33434351278944663, 0.1787151938881021], [0.25517881294289735, 0.2931528432843913, 0.264250878430568, 0.1874174652421434], [0.2492558136111334, 0.2819860959362956, 0.3071771653338209, 0.1615809250187501], [0.246623508708148, 0.32177092662898865, 0.26892184407042874, 0.1626837204924346], [0.24134151635140752, 0.3247145712050926, 0.2797769307810433, 0.15416698156245653], [0.23541202701115993, 0.2922703456111199, 0.27628440897165407, 0.19603321830606607], [0.2255526184810153, 0.26766270396417, 0.33563759919624886, 0.17114707825856584], [0.23668077312421495, 0.3078555533089675, 0.2732682918284039, 0.18219538163841364], [0.22142944227294126, 0.26654603477548733, 0.33887428091424016, 0.17315024193733125], [0.22810518529926666, 0.33703059423841913, 0.27717489916481697, 0.15768932119749723], [0.22013413725881656, 0.3354681333843059, 0.27990879293913745, 0.16448893631774006], [0.2708410443470709, 0.29665301573229197, 0.25140942264409494, 0.18109651717654218], [0.2625810982360624, 0.287714885695644, 0.2947314845595902, 0.15497253140870337], [0.2625346779560769, 0.2918443381494502, 0.26734405753323265, 0.1782769262612403], [0.24405944708617913, 0.2551792897800626, 0.32972062122088525, 0.17104064181287298], [0.2653338610860612, 0.33441373702519817, 0.2508562803017576, 0.149396121486983], [0.2617506306580031, 0.32501034956869773, 0.2512662931648075, 0.16197272650849173], [0.3091499049272395, 0.2811198657970583, 0.2509364597667064, 0.15879376940899584], [0.3085633814026306, 0.2848288416577659, 0.2578741907815551, 0.1487335860580484], [0.3061874897825746, 0.2784731768828266, 0.2604591625805261, 0.15488017065407272], [0.29956280289387793, 0.27665003306930314, 0.26256226708163977, 0.16122489685517913], [0.30300958135617095, 0.29768402587273973, 0.25327803172451485, 0.14602836094657445], [0.29697869995119885, 0.28732414763224706, 0.25598837468379126, 0.15970877763276284]], "ideal": "D", "sampled": "D", "correct": true}}
{"type": "result", "data": {"idx": 2, "options": ["The way things are.", "The way things are going to be.", "The way things should be.", "The way things were."], "probs": [[0.25738212080136863, 0.2649725933857144, 0.29355945742831374, 0.18408582828460324], [0.22291450864572918, 0.2771640204260949, 0.19182338390289935, 0.30809808692527657], [0.2882350854725544, 0.38114502313766285, 0.16771922513472073, 0.16290066615506196], [0.29014807504273615, 0.37841775445703757, 0.15659931067153468, 0.17483485972869162], [0.21090299121994807, 0.2462671252083604, 0.22265827816535014, 0.3201716053063414], [0.2197970282690686, 0.23025567709621025, 0.3659123996078074, 0.18403489492691372], [0.2629551887249252, 0.2704793810573942, 0.29004192349394503, 0.1765235066237356], [0.24729442593962603, 0.2932140528862517, 0.19366517661065363, 0.26582634446346864], [0.29993899908188193, 0.3665824507244253, 0.16914613313370266, 0.1643324169599901], [0.29731967599220643, 0.3692166451857326, 0.16002924500252033, 0.17343443371954065], [0.22813309726817943, 0.2462409585468099, 0.25202846524579325, 0.2735974788392174], [0.2281943776437248, 0.23126958997528488, 0.36128119707312994, 0.17925483520786034], [0.3201584160125782, 0.3001761361787652, 0.2015465647932927, 0.1781188829153639], [0.32621416932381664, 0.3016009077366724, 0.17880542840965816, 0.19337949442985275], [0.3090055378666129, 0.280770757193227, 0.22720160265085818, 0.1830221021893019], [0.307295466820036, 0.2836247640024403, 0.20904621168301854, 0.20003355739450515], [0.26115616118949975, 0.23031728193224632, 0.29343017138811467, 0.2150963853901392], [0.28526541587837956, 0.2591295242050441, 0.24525704977443974, 0.21034801004213657], [0.22900358989029515, 0.29819735437335787, 0.20658760952988273, 0.26621144610646424], [0.23122329206608044, 0.28751341362442606, 0.2995187729154156, 0.18174452129407787], [0.22834551672358983, 0.2793691795691008, 0.22265820534771638, 0.26962709825959297], [0.24756079157382593, 0.2630550045422416, 0.3008227437678978, 0.18856146001603463], [0.2739694497898269, 0.38019446667786677, 0.1729046008683571, 0.17293148256394925], [0.27491395843516536, 0.3867224935287202, 0.17298040766832729, 0.16538314026778717]], "ideal": "C", "sampled": "C", "correct": true}}
{"type": "result", "data": {"idx": 3, "options": ["The potential for entry into the industry", "The threat of substitute products", "The power of customers", "The level of rivalry"], "probs": [[0.24079505738003543, 0.3008598640132114, 0.2440392785418481, 0.21430579996490506], [0.23024322090230678, 0.2919625043577056, 0.29423260685839414, 0.18356166778159347], [0.24022875723820705, 0.2958318590822027, 0.23613092300914754, 0.2278084605704427], [0.23398269615114559, 0.28384392162368954, 0.29534481733139223, 0.1868285647937726], [0.2536695263479371, 0.3583547419196424, 0.21248078027506598, 0.17549495135735454], [0.2662869393559244, 0.3434713780536503, 0.21680828926779366, 0.17343339322263163], [0.2373441457511069, 0.2917290031618214, 0.25609102842631043, 0.21483582256076128], [0.23026985613993403, 0.2829437339900235, 0.29425496736966406, 0.1925314424003784], [0.23346806016607644, 0.26983185393651765, 0.26816664924771216, 0.22853343654969377], [0.24770402536740393, 0.25722780437836007, 0.2939195886866443, 0.2011485814675917], [0.24891190599264928, 0.30112877933841853, 0.2514220811387124, 0.19853723343021978], [0.2701370796331957, 0.2892276432590829, 0.2379133324955412, 0.20272194451218017], [0.21703598420970951, 0.2760407204929793, 0.2660505950460252, 0.24087270015128598], [0.21193026862617168, 0.2616526406249225, 0.3282632133554017, 0.19815387729350414], [0.21075415295111388, 0.2638893385878165, 0.2878607468337931, 0.2374957615272765], [0.22541801775716505, 0.25359742319447465, 0.31349809086179414, 0.20748646808656618], [0.24255235490757612, 0.3085208534885876, 0.258090466235101, 0.19083632526873529], [0.24514048923871518, 0.30277362011662873, 0.2530364058206304, 0.19904948472402567], [0.2835190678408067, 0.3121688756680909, 0.22287856704386205, 0.18143348934724032], [0.3060427514591914, 0.2980022639333548, 0.22276414264703945, 0.17319084186041434], [0.2760264410680809, 0.29494760659680086, 0.24947990477690324, 0.179546047458215], [0.3067390666109409, 0.2809945088492153, 0.23044462843087524, 0.1818217960089685], [0.295073164749731, 0.2703451336804203, 0.251151215311411, 0.18343048615843768], [0.3001414283831002, 0.26682171620474915, 0.24045953510471937, 0.19257732020743126]], "ideal": "D", "sampled": "D", "correct": true}}
{"type": "result", "data": {"idx": 4, "options": ["Margaret Thatcher", "Mikhail Gorbachov", "Nelson Mandela", "Bill Clinton"], "probs": [[0.26331394515810885, 0.3361423859238893, 0.2647708912708202, 0.13577277754718164], [0.2551270203075098, 0.3304604092047086, 0.2582562642511636, 0.15615630613661804], [0.2816758751587526, 0.3462351560246416, 0.24082824585413679, 0.131260722862469], [0.28418354044049915, 0.32408262261733956, 0.24166724803615652, 0.1500665888060048], [0.26736998555370733, 0.32851412889056475, 0.25620725748361084, 0.1479086279721171], [0.2655039012686391, 0.3027810020688931, 0.2849080136919614, 0.14680708287050642], [0.2882426251968408, 0.3348182289793847, 0.24458505607550515, 0.1323540896482694], [0.2868990089278321, 0.33053840188471373, 0.23557711347301744, 0.1469854756144367], [0.29701446156149186, 0.3323953598824628, 0.24037535901756274, 0.1302148194384826], [0.28627150394820955, 0.3312269946235893, 0.24139253073327213, 0.14110897059492905], [0.28157460267150075, 0.3226475369213106, 0.2538709006372899, 0.14190695966989872], [0.2762851971665127, 0.3175306570580368, 0.2679041881903699, 0.13827995748508068], [0.3030222401170238, 0.33388361828987245, 0.23932959493582667, 0.12376454655727709], [0.3048215210132953, 0.31173342463237036, 0.2434050589556476, 0.14003999529868674], [0.2860749363613156, 0.3327883183623358, 0.25381740925158053, 0.12731933592476807], [0.2778830826004618, 0.32183039185166706, 0.2590142190197376, 0.14127230642813352], [0.3000110685525337, 0.307741731374484, 0.2588044404724716, 0.1334427595005107], [0.2907190875311185, 0.3271736155544335, 0.25064348798505176, 0.13146380882939626], [0.27425865153486706, 0.32746846456437295, 0.24894838774541186, 0.14932449605534812], [0.27126340842827196, 0.3008141978910368, 0.2779739076526884, 0.1499484859280028], [0.2630077600216118, 0.3188170790353485, 0.2621599137520891, 0.1560152470909506], [0.25768661880429555, 0.31553256978713073, 0.2784565132347915, 0.1483242980737822], [0.28303848429002026, 0.3149624921828336, 0.25605397269308167, 0.14594505073406439], [0.27231463787216736, 0.33707240220513857, 0.25008240339639376, 0.14053055642630033]], "ideal": "D", "sampled": "C", "correct": false}}
{"type": "result", "data": {"idx": 5, "options": ["Work flow design", "Work schedule design", "Work rate design", "Work output design"], "probs": [[0.26047455873753766, 0.34960889291830244, 0.17646765444201368, 0.21344889380214624], [0.256110630721748, 0.33359756068238827, 0.19697984464046958, 0.2133119638553941], [0.2235600816652197, 0.2818068177572327, 0.27012761457004064, 0.22450548590750694], [0.23162908504629848, 0.29218530216595345, 0.22841246083460284, 0.24777315185314522], [0.229141980386708, 0.28916782137840136, 0.2687618434160407, 0.21292835471885], [0.23681576626222867, 0.3082748169426908, 0.2093819701830593, 0.24552744651202124], [0.2672143359874998, 0.3212469315579237, 0.1926483718157396, 0.2188903605388369], [0.2610664069391491, 0.3045336007767366, 0.2136819213415087, 0.2207180708426056], [0.25774551203491275, 0.30033672747996343, 0.22060296594687537, 0.22131479443824842], [0.24942569807244894, 0.2953048514143182, 0.22727887804266994, 0.22799057237056292], [0.2628965636393304, 0.3066036357185063, 0.21507280742352997, 0.21542699311863334], [0.26126502773838634, 0.31416137599062277, 0.2037015764046945, 0.22087201976629636], [0.2118059130070285, 0.2975003763363344, 0.2679596880996442, 0.22273402245699286], [0.2140204640117913, 0.3103013382586679, 0.22449736629412756, 0.25118083133541325], [0.23860844967363365, 0.34584304686902595, 0.2009589522876052, 0.2145895510697352], [0.23463342731881104, 0.34028312053431986, 0.2038839726857511, 0.22119947936111803], [0.22097035737973697, 0.310675992517815, 0.22462228942453047, 0.24373136057791753], [0.21185751976938377, 0.29313129261064347, 0.27217790340511155, 0.2228332841148612], [0.22916140467136076, 0.29827462734951166, 0.2563825471030824, 0.21618142077604516], [0.22869151146832487, 0.32162239185864994, 0.20524300021136757, 0.24444309636165765], [0.2525419965891423, 0.33384213843113036, 0.20013325510805008, 0.2134826097716773], [0.24682919678603943, 0.341748744215169, 0.189345315079828, 0.22207674381896358], [0.22763236543144458, 0.3008622616485576, 0.2243604875686067, 0.24714488525139108], [0.21578050183073305, 0.28496812497352414, 0.2687283037902666, 0.23052306930547622]], "ideal": "B", "sampled": "B", "correct": true}}
{"type": "result", "data": {"idx": 6, "options": ["Workers enjoy responsibility.", "Workers view physical and mental effort as a natural part of work.", "Workers like to show initiative.", "Workers like to be directed."], "probs": [[0.2632981538509285, 0.29976952072960555, 0.22382147607949315, 0.21311084923997278], [0.27032070946492553, 0.2939449802649377, 0.23014966798284386, 0.20558464218729292], [0.24223947115380723, 0.2509646527649427, 0.2949328852119952, 0.2118629907692549], [0.23929170612460232, 0.2489795610972011, 0.26243290936412494, 0.24929582331407166], [0.24783310291672975, 0.2694143354623316, 0.28837329146362484, 0.19437927005731379], [0.24664918340811728, 0.2731368460043269, 0.24635019161770327, 0.23386377886985255], [0.2925497591202964, 0.24363310632653543, 0.24471294877466201, 0.21910418567850615], [0.29109953963529145, 0.24251271059136248, 0.2517636343059417, 0.2146241153674044], [0.29593289336483064, 0.2425562626261785, 0.24353000882112544, 0.21798083508786545], [0.2954694374425199, 0.24583976334616484, 0.25103903188339377, 0.20765176722792147], [0.3018939494784776, 0.2514808773742965, 0.2375882714749213, 0.20903690157230462], [0.2942836074023293, 0.25660387443729804, 0.24233887319343445, 0.20677364486693822], [0.2494865320449947, 0.24674962090841637, 0.28550600577262036, 0.21825784117396854], [0.24696348973074772, 0.24519460266156687, 0.25856036330499044, 0.24928154420269494], [0.27587528267166733, 0.27731813237210134, 0.22364814086919346, 0.22315844398703785], [0.2797270458616291, 0.28083664594519114, 0.2303418253182773, 0.20909448277490247], [0.26001871672513277, 0.27928743662966116, 0.22929183918240745, 0.23140200736279862], [0.2649089018762771, 0.28355886684327325, 0.2594846409453354, 0.19204759023511425], [0.27447966264605556, 0.25146693720684665, 0.2779640008561404, 0.19608939919095741], [0.27598392138153405, 0.253554902839491, 0.23598075697503754, 0.2344804187039374], [0.3035646495775016, 0.29145328450547087, 0.20763659727663078, 0.19734546854039672], [0.30197226267806904, 0.2987482770046073, 0.2061507855261933, 0.19312867469113035], [0.2765843950407604, 0.26630143122100447, 0.23282770013947665, 0.22428647349875847], [0.2751049060083761, 0.2721697349250878, 0.26541077692520737, 0.18731458204132873]], "ideal": "D", "sampled": "B", "correct": false}}
{"type": "result", "data": {"idx": 7, "options": ["Referent", "Expert", "Reward", "Legitimate"], "probs": [[0.3135318159743536, 0.26455089447236996, 0.18483905492364713, 0.23707823452962928], [0.29586843975811866, 0.269755792728917, 0.25753794269093155, 0.17683782472203277], [0.3385036587376645, 0.28134751317071777, 0.15769121049257742, 0.22245761749904025], [0.33874832570895624, 0.2897902044426626, 0.22574736993000352, 0.14571409981837763], [0.3463899492871078, 0.3360888957641206, 0.16125722227868172, 0.15626393257008986], [0.36742347475192344, 0.33435720201963437, 0.16303382812300174, 0.1351854950054405], [0.30383569451863596, 0.29592061480782517, 0.17391143996632605, 0.2263322506072128], [0.28451442715660713, 0.30398070809185535, 0.23320403692774466, 0.17830082772379285], [0.27007529136817987, 0.28013637659132534, 0.23568671939400335, 0.21410161254649146], [0.26417580244283595, 0.29590183493516203, 0.2524196207270926, 0.1875027417949094], [0.30433471368196285, 0.3304518012573984, 0.19688876851417136, 0.16832471644646735], [0.305279967630373, 0.3468267035280571, 0.17110312022969823, 0.17679020851187158], [0.33652563404021435, 0.2844638057273986, 0.15448794457952802, 0.22452261555285902], [0.330432603637095, 0.30126852691941375, 0.21699557352863125, 0.15130329581486004], [0.2851173579407723, 0.26516279575557294, 0.23734274504195482, 0.21237710116169992], [0.2800949555369507, 0.2767331939172159, 0.2592955270045314, 0.18387632344130203], [0.35909815244204685, 0.3328703492340027, 0.16956789057799757, 0.13846360764595284], [0.33570278666818126, 0.3471448512239895, 0.15599653683553602, 0.1611558251722932], [0.39713792192355835, 0.2910572376871291, 0.14865750515933912, 0.1631473351299734], [0.42301582025184553, 0.2863550994600073, 0.1533140345266917, 0.13731504566145544], [0.3718370198831654, 0.28151285645530816, 0.18146139381501425, 0.16518872974651214], [0.37338935768760545, 0.2866309540189132, 0.15791651369666646, 0.18206317449681492], [0.419760281983378, 0.28433321618176605, 0.16176084646519762, 0.13414565526965833], [0.3904748078931746, 0.2953345863325479, 0.14353944787555364, 0.1706511577987238]], "ideal": "D", "sampled": "D", "correct": true}}
{"type": "result", "data": {"idx": 8, "options": ["Henry Fayol", "Max Weber", "Adam Smith", "Mary Parker Follett"], "probs": [[0.23402921853109385, 0.30995583531141163, 0.2238356470837871, 0.23217929897370743], [0.24535493577917974, 0.3143073728779141, 0.2653384050259847, 0.17499928621692143], [0.2155774320274356, 0.2600828331424139, 0.28209780803190554, 0.24224192669824493], [0.23056354429312984, 0.2691775777911905, 0.31092535519693354, 0.18933352261874614], [0.2566720476494698, 0.2993499903990483, 0.26101698822305014, 0.18296097362843172], [0.25805766829904214, 0.32044346207493085, 0.23166422652882965, 0.18983464299719735], [0.2616164982057262, 0.30596497651855203, 0.21392454204804268, 0.2184939831276791], [0.26789537468697966, 0.30768377044229117, 0.263583962050305, 0.16083689272042415], [0.24602061141026574, 0.28319197468321855, 0.26217463219264064, 0.20861278161387506], [0.23853226427439517, 0.2747099872533454, 0.2747099872533454, 0.21204776111891402], [0.264973620673324, 0.31415337960608086, 0.24879943958421255, 0.17207356003638258], [0.2552958656856706, 0.29899218368450703, 0.21857715114945264, 0.2271347993803698], [0.21066727290428305, 0.29722790578486946, 0.259026545601816, 0.2330782756090315], [0.21880448002448719, 0.30820553807853696, 0.2905481971918218, 0.18244178460515406], [0.21204510329033419, 0.3284954726367519, 0.25237596032479903, 0.2070834636481149], [0.20328699959064667, 0.31992657419491904, 0.26542584291840027, 0.211360583196034], [0.20710784812012045, 0.32541043532844005, 0.2747276506962126, 0.1927540657552269], [0.20990447385142566, 0.29640864881280343, 0.257654484221584, 0.23603239301418694], [0.26323647088865026, 0.31203026506254866, 0.23990046200440793, 0.18483280194439308], [0.2676293849677439, 0.33245554563058805, 0.2119639664676418, 0.18795110283402625], [0.26107454297316013, 0.3243129849109586, 0.23407776651425855, 0.18053470550162273], [0.2441050787826086, 0.3087207100630395, 0.21228767521454855, 0.23488653583980335], [0.23949636097076313, 0.3023586408055846, 0.26746611000006487, 0.19067888812358738], [0.23466264849547383, 0.27035697889072724, 0.26217242682081704, 0.23280794569298188]], "ideal": "B", "sampled": "D", "correct": false}}
{"type": "result", "data": {"idx": 9, "options": ["Frederick Taylor", "Seebohm Rowntree", "Henry Ford", "Max Weber"], "probs": [[0.24761575457957802, 0.27523085472215647, 0.2590363621452695, 0.21811702845299605], [0.24943781639936094, 0.27791646948408893, 0.21560049697390382, 0.2570452170426463], [0.26078757252488005, 0.2948295429824574, 0.24156233305955782, 0.20282055133310473], [0.24722405880709117, 0.28494582851119704, 0.21238471024824443, 0.25544540233346735], [0.24440801869594816, 0.2561048643364167, 0.251287706209556, 0.24819941065807913], [0.2266010776889863, 0.24188514003034378, 0.2661192873521336, 0.26539449482853633], [0.2639128784895413, 0.24696777022491526, 0.26742695962416246, 0.22169239156138099], [0.277355168394653, 0.24429710570957744, 0.2181851300108569, 0.26016259578491263], [0.30034365799487783, 0.29414426839175467, 0.19655565622635604, 0.20895641728701145], [0.27593619862134483, 0.2922460865196143, 0.20734907121443327, 0.22446864354460758], [0.2675332386891749, 0.2507191858827809, 0.23838196337250295, 0.2433656119555412], [0.2536980249285025, 0.24126676082086038, 0.28152159273076555, 0.22351362141987155], [0.29966609473009936, 0.2596262251848367, 0.24126568382149383, 0.19944199616357017], [0.2812779117110971, 0.24844509351422023, 0.21358120222228005, 0.2566957924524026], [0.30955924196906176, 0.28511844788091273, 0.19972158073626384, 0.20560072931376172], [0.28662702438349247, 0.285413175792763, 0.21229307351373622, 0.21566672621000835], [0.28600229534640687, 0.26427717589341354, 0.20103496019230363, 0.24868556846787593], [0.2847777817924816, 0.27507956993572164, 0.23226430317629418, 0.20787834499550256], [0.24616714598752742, 0.25018785144677624, 0.2574203976057484, 0.24622460485994793], [0.22434674048247033, 0.23583112570258777, 0.28522311358121566, 0.2545990201337262], [0.24654407041420953, 0.2833224023095289, 0.2163544361480615, 0.25377909102820007], [0.2355092395454801, 0.26225229313575427, 0.27819128992781805, 0.22404717729094759], [0.2577353157997978, 0.30195075720435977, 0.2020154327252467, 0.2382984941705957], [0.24862981210591326, 0.30930090408362776, 0.23330344605055114, 0.20876583765990783]], "ideal": "B", "sampled": "C", "correct": false}}
{"type": "result", "data": {"idx": 10, "options": ["John Kenneth Galbraith", "John Maynard Keynes", "Milton Friedman", "Alfred Marshall"], "probs": [[0.23334116536008928, 0.23350331979135194, 0.27666913635738244, 0.25648637839117633], [0.2275191179429726, 0.23143144749975197, 0.2831533168523484, 0.25789611760492703], [0.23107388726105899, 0.2242675438735603, 0.2784062159732995, 0.2662523527920812], [0.2222714506680587, 0.21941382526904177, 0.2723883010952984, 0.2859264228676011], [0.214432570531868, 0.21188010588971082, 0.28908402155554314, 0.284603301922878], [0.2184400739814959, 0.20599454946238016, 0.2763178985485965, 0.2992474779075274], [0.2376431751715966, 0.20661329605261758, 0.28642281033444744, 0.26932071834133836], [0.2371653765202822, 0.206412151435238, 0.29998555776457236, 0.25643691417990744], [0.2589132746957121, 0.2357047313856107, 0.25436934447174686, 0.2510126493469303], [0.24607343235912568, 0.22820480975596494, 0.2834241007454659, 0.24229765703944345], [0.263654625658734, 0.2366901126246292, 0.25180730950037084, 0.247847952116266], [0.24281299878276158, 0.2184024834890568, 0.2800871646098202, 0.2586973530183614], [0.2594553127219586, 0.20876047078373114, 0.2760082986681049, 0.2557759177262054], [0.25068214533206373, 0.20202818510896284, 0.27986347672524853, 0.2674261927337249], [0.28036727245176835, 0.236054394993971, 0.2546291535258852, 0.2289491789283754], [0.271719106161814, 0.225948906695567, 0.2803789460491583, 0.22195304099346072], [0.2637471454883479, 0.21590167400329527, 0.24767120535215637, 0.2726799750562005], [0.2523537836365804, 0.21341444231798287, 0.27743631185146933, 0.25679546209396736], [0.22157510283087553, 0.2116921159917651, 0.30315078205268314, 0.2635819990246762], [0.22328177584195516, 0.20688458350238012, 0.2868411710493494, 0.2829924695063153], [0.2626870415730621, 0.2391987747192333, 0.2587068224465334, 0.2394073611611712], [0.24479975564416745, 0.2235085599345407, 0.2865709278722852, 0.24512075644900663], [0.251362647815801, 0.22915856196438641, 0.251273300454623, 0.2682054896651896], [0.23921711804756773, 0.22534461464150665, 0.28428347201583265, 0.251154795195093]], "ideal": "C", "sampled": "B", "correct": false}}
{"type": "result", "data": {"idx": 11, "options": ["Mary Parker Follett", "Elton Mayo", "Lillian Gilbreth", "Frederick Taylor"], "probs": [[0.24147382016339416, 0.2595521172688314, 0.26261633240612264, 0.23635773006165176], [0.248447548411273, 0.25184026004659754, 0.26330891015224656, 0.23640328128988286], [0.2227919052076427, 0.208198571550824, 0.3368217201263426, 0.2321878030151907], [0.22827489331652492, 0.21358024753609955, 0.2609809001873089, 0.29716395886006663], [0.22900497228582545, 0.20579501371128717, 0.3327815135151701, 0.23241850038771725], [0.2275916107543689, 0.21654976057479203, 0.2728760919559142, 0.2829825366149248], [0.2569878513997635, 0.26303814034684303, 0.25824196298409785, 0.22173204516929562], [0.25673259369453977, 0.2517916968368258, 0.2551064896994168, 0.23636921966921767], [0.22399099478973244, 0.24410033293901692, 0.3130430205696082, 0.21886565160164242], [0.2281704131758092, 0.24925119053689382, 0.2527650632123468, 0.2698133329749502], [0.21648752687196696, 0.22298364339029167, 0.34483295675644077, 0.2156958728813006], [0.23260515579333688, 0.2388506048850193, 0.26609354812086716, 0.2624506911007767], [0.19680902653170024, 0.19873144026693368, 0.35327229426654466, 0.2511872388348214], [0.1950271158474432, 0.213046956235427, 0.29540628632044563, 0.29651964149668414], [0.1978016495506849, 0.25210446116787427, 0.3130821883365354, 0.2370117008449054], [0.2017505644506785, 0.24986790118890345, 0.2780208719678334, 0.27036066229258465], [0.16935318202014454, 0.21327733355781514, 0.35175537011219066, 0.2656141142098496], [0.1882980437642084, 0.19718374016125473, 0.34532224613965057, 0.2691959698348863], [0.21380497194469283, 0.2535983584031429, 0.3055439843595854, 0.22705268519257887], [0.20685961891576474, 0.26828958600234193, 0.26828958600234193, 0.25656120897955137], [0.21078146444156562, 0.2618655381178746, 0.3204757714163756, 0.20687722592418414], [0.2206618537982345, 0.27783851570814716, 0.2523001915425996, 0.24919943885101875], [0.16303413343441928, 0.22874238617259404, 0.36072002470104875, 0.2475034555919379], [0.18471647132798735, 0.2154231018546764, 0.3440066729442988, 0.25585375377303743]], "ideal": "B", "sampled": "B", "correct": true}}
{"type": "result", "data": {"idx": 12, "options": ["Strategic", "Operational", "Functional", "Developmental"], "probs": [[0.27815965644199575, 0.27075428574817734, 0.1762692980670284, 0.2748167596427985], [0.29191555329715013, 0.2712914211056393, 0.21927065961973574, 0.21752236587747478], [0.26233772222570967, 0.2590393798998054, 0.19407928566420268, 0.28454361211028223], [0.27051401538697817, 0.2711681167684248, 0.22268629403698253, 0.2356315737076145], [0.3158612690190091, 0.2844737895058438, 0.1820529631515913, 0.21761197822355577], [0.3159792768040117, 0.28859353492642664, 0.17075786247271188, 0.22466932569684975], [0.27533339630790765, 0.29834335150288266, 0.17081346597115335, 0.25550978611805636], [0.2936536371414263, 0.29447668787872494, 0.20945444701007568, 0.20241522786977312], [0.24426934882733284, 0.26444166107985434, 0.2345482487876635, 0.2567407412051493], [0.24680756416799143, 0.2670851528190399, 0.2225146342957441, 0.2635926486172246], [0.3007389351534949, 0.28338998975587176, 0.2052330703117814, 0.2106380046788519], [0.30070041262925856, 0.287167655476479, 0.1696921212939151, 0.24243981050034735], [0.25787679511159367, 0.29276172632456554, 0.1867598229501567, 0.2626016555136841], [0.2629524171089434, 0.3030647933180059, 0.2120187580373461, 0.2219640314357046], [0.23618859754193067, 0.26821077666612897, 0.22707957703821732, 0.26852104865372306], [0.23691480212397714, 0.2689217666852037, 0.22047311393906988, 0.2736903171517493], [0.2694151223665081, 0.2917391191908647, 0.2078659031123332, 0.23097985523029396], [0.2730602242357593, 0.2909159275325513, 0.17469667865983057, 0.2613271694718588], [0.30754671644790804, 0.2810924779436545, 0.18206961856036896, 0.22929118694806852], [0.30394847556659077, 0.28614206398287306, 0.1686592773325142, 0.24125018301802198], [0.2923121110458108, 0.2630262037397721, 0.2124838350130649, 0.2321778501013522], [0.2884163558194707, 0.262991428348945, 0.1678929924797012, 0.28069922325188307], [0.2792887812255631, 0.2627887545019793, 0.22196027136432028, 0.23596219280813727], [0.28573187757060836, 0.25640686961818354, 0.17986784605570258, 0.2779934066555055]], "ideal": "A", "sampled": "A", "correct": true}}
{"type": "result", "data": {"idx": 13, "options": ["Guiding, mentoring and motivating", "Guiding, commanding and motivating", "Guiding, demonstrating and motivating", "Guiding, mentoring and demonstrating"], "probs": [[0.2747558314114856, 0.2500791214144621, 0.24917003138598526, 0.22599501568806704], [0.26888628013215027, 0.2522425466036032, 0.2324320628603751, 0.24643911030387142], [0.28083440240146146, 0.26351692877284644, 0.2280521954658236, 0.2275964732598685], [0.27895605977004795, 0.25754908108444063, 0.24454945687813034, 0.21894540216738112], [0.2740186452591582, 0.25698232648187014, 0.232818514085376, 0.2361805140735957], [0.265381369942433, 0.24504961436100475, 0.26781407395030266, 0.22175494164625956], [0.2703857759918458, 0.26205087095934565, 0.24527912204910937, 0.22228423089969912], [0.2635581571660579, 0.2632558423987777, 0.22782627424781968, 0.24535972608734474], [0.26026525703054865, 0.25610154482990183, 0.25916328637447206, 0.22446991166507746], [0.2585722919401769, 0.2582333203102199, 0.23056977525594827, 0.2526246123936549], [0.2602960622226809, 0.2441055919942886, 0.27497162070931763, 0.22062672497371286], [0.26487692003833774, 0.2408833991845438, 0.2513078338561952, 0.24293184682092325], [0.2726358771051522, 0.2679963707655893, 0.2317537069088925, 0.22761404512036604], [0.2728064263195002, 0.2597411170149221, 0.24674998569628623, 0.2207024708692915], [0.2573403341113381, 0.24914396554291385, 0.26822202595704703, 0.22529367428870098], [0.2589707153469847, 0.24670144158225205, 0.24156971993324597, 0.25275812303751727], [0.26926454899002605, 0.24841397998233022, 0.2712787985530418, 0.21104267237460192], [0.2679428716042488, 0.25901400654387147, 0.22743673281426677, 0.245606388937613], [0.26378898237755616, 0.2673437137727593, 0.23089827708687424, 0.2379690266628103], [0.26238020078984786, 0.25370516236397517, 0.2683879612838476, 0.21552667546232937], [0.261800080511616, 0.24527840313842839, 0.2675808071822568, 0.22534070906769876], [0.2670686840743979, 0.24639573690811495, 0.25283092257832407, 0.2337046563391631], [0.2675490716957089, 0.2546744086290198, 0.26132581024724366, 0.21645070932802757], [0.2675589482253825, 0.2668450633524282, 0.22013445018322025, 0.24546153813896907]], "ideal": "A", "sampled": "A", "correct": true}}
{"type": "result", "data": {"idx": 14, "options": ["Incomplete information", "An agreed goal", "A structured problem", "High level of certainty regarding the environment"], "probs": [[0.3777784367024027, 0.23752487559999144, 0.19874018141962868, 0.18595650617797718], [0.38032496538419497, 0.23411794353346235, 0.20761715182995583, 0.17793993915238684], [0.3795494025700403, 0.22754449461972692, 0.20605745295438566, 0.18684864975584717], [0.3872132406815013, 0.23115723753794123, 0.2086288252324118, 0.1730006964481456], [0.36781470628046625, 0.23306799974500994, 0.21325461027521944, 0.18586268359930436], [0.38233296350293333, 0.24271674856872721, 0.19610357896049668, 0.17884670886784276], [0.3537445505915941, 0.2562879805179855, 0.2015848516507839, 0.1883826171396365], [0.34521218208271337, 0.2606663262980581, 0.21383680185544748, 0.18028468966378106], [0.35926006311340886, 0.22621447519825177, 0.22901450777787158, 0.18551095381046778], [0.33289947606424203, 0.23640536907327386, 0.21377655543072244, 0.21691859933176166], [0.32072652929526646, 0.2347086562856872, 0.2633953870541785, 0.18116942726486787], [0.3266470383280645, 0.2545693478542904, 0.2028316079945447, 0.2159520057231004], [0.353654314433307, 0.244218550770342, 0.2079202470595267, 0.1942068876368243], [0.3607795780420195, 0.25210785487592635, 0.20724087642682126, 0.17987169055523292], [0.3656235471468523, 0.2164839856191761, 0.22604594111956966, 0.19184652601440194], [0.3410411774771111, 0.22418391702317486, 0.20906743405158776, 0.22570747134812627], [0.3321025421806959, 0.2250193785636578, 0.260861466734738, 0.18201661242090827], [0.3282483019574548, 0.23647092985145643, 0.20067012906064963, 0.23461063903043916], [0.33874679113139955, 0.24746314057413404, 0.22268706889737608, 0.1911029992970903], [0.35000721659758055, 0.2602232175871746, 0.2069214792915334, 0.18284808642371148], [0.3092977908153647, 0.2126754458728711, 0.2920358391697482, 0.1859909240420161], [0.33087987690477455, 0.22751354356855555, 0.20516397668348432, 0.23644260274318554], [0.32110419387729333, 0.21757560642010373, 0.28528919388050233, 0.1760310057221006], [0.32966764251575714, 0.22299827139822093, 0.20428756790595878, 0.2430465180800631]], "ideal": "A", "sampled": "A", "correct": true}}
{"type": "result", "data": {"idx": 15, "options": ["Making people's strengths effective and their weaknesses irrelevant.", "Enhancing the ability of people to contribute.", "To operate the organisation's status system.", "Integrating people in a common venture by thinking through, setting and exemplifying the organisational objectives, values and goals."], "probs": [[0.2507844939810932, 0.2421759736944248, 0.25120780618086136, 0.25583172604362064], [0.26085953347103696, 0.24717177465042708, 0.2975857974240146, 0.19438289435452136], [0.2439785414097331, 0.22838267341382318, 0.27050602030275234, 0.2571327647736914], [0.26197950467949904, 0.2334401021104008, 0.29451559215726214, 0.210064800952838], [0.28013947185844995, 0.2715636451037812, 0.2537284753407356, 0.19456840759703317], [0.29533176291022856, 0.27569873885890245, 0.21866000209082054, 0.21030949604004842], [0.25205920997456954, 0.25139637655204206, 0.2451751867358252, 0.2513692266375632], [0.2610066714171827, 0.24938576296223866, 0.29801838254846463, 0.19158918297211405], [0.23088478237718527, 0.22638257520267252, 0.2838599468144021, 0.2588726955057401], [0.24669276543017088, 0.23214432940760904, 0.31716070048559114, 0.20400220457662893], [0.27505277764869623, 0.2819034670934266, 0.25349488096399697, 0.1895488741938801], [0.2804911517962807, 0.28553751959143325, 0.22147164406563366, 0.21249968444665235], [0.23665437532139888, 0.23549233812008236, 0.27033995370814085, 0.2575133327503779], [0.2464389427188644, 0.24102406919644256, 0.29715762424947406, 0.21537936373521896], [0.22683884201165602, 0.22906155881975285, 0.28938338157620996, 0.25471621749238116], [0.23901439423001988, 0.23364546098892322, 0.32152868272214563, 0.20581146195891123], [0.2683886169349108, 0.28387312809341514, 0.24373351435607357, 0.20400474051560052], [0.26655614770602165, 0.2796342414283402, 0.24954979491047702, 0.20425981585516112], [0.31593479290716975, 0.23883624794913014, 0.252904433601938, 0.19232452544176215], [0.32636551038236644, 0.24300461239186597, 0.22534615470737274, 0.20528372241839482], [0.3064356789645437, 0.2389546519123175, 0.26517299210121403, 0.18943667692192478], [0.3063187163917449, 0.2408355515580941, 0.23968686579660908, 0.2131588661535519], [0.3114365935014186, 0.22145894167592844, 0.26003018018983254, 0.2070742845328204], [0.3032170163698528, 0.22055590303688333, 0.2650776702703453, 0.21114941022291855]], "ideal": "C", "sampled": "D", "correct": false}}
{"type": "result", "data": {"idx": 16, "options": ["A theoretical assumption", "An illustration", "A theoretical model", "An example serving as a model"], "probs": [[0.32206165307427986, 0.2176816281804075, 0.22614319283275583, 0.23411352581255682], [0.31585731001659567, 0.21593682262745742, 0.2785922156646738, 0.1896136515912731], [0.33801781120443314, 0.2322201361358363, 0.20959720878897606, 0.22016484377075451], [0.3625283158969935, 0.2182906846955093, 0.23335899311110267, 0.18582200619639447], [0.3748168535210332, 0.25606640407664716, 0.19130503559270653, 0.17781170670961308], [0.38114161571886174, 0.24038464244057056, 0.20343824309587508, 0.17503549864469262], [0.30629927829717124, 0.21678035605111604, 0.2510740831563359, 0.2258462823953768], [0.3056245218191501, 0.20877951316090432, 0.305075324663163, 0.18052064025678255], [0.3231630517614409, 0.25551195472975236, 0.19394302032098995, 0.2273819730878168], [0.34903685295181514, 0.2541071252004648, 0.24361959823376378, 0.15323642351395628], [0.36760632536879273, 0.26733748907139093, 0.19060467819730698, 0.17445150726250938], [0.35518765779850014, 0.24267422832549063, 0.25571824192542875, 0.14641987185058047], [0.34031602229774227, 0.20950103981931542, 0.2142247227480656, 0.2359582150348767], [0.36391854282554664, 0.1933318227336194, 0.25324004886002144, 0.18950958548081254], [0.3266666981251192, 0.21724999467718714, 0.18695648667031373, 0.2691268204273799], [0.34988144557972894, 0.21760829115134397, 0.27647212556923556, 0.1560381375996915], [0.4011237799385271, 0.2303194334777517, 0.1692721048045132, 0.199284681679208], [0.39624209388829845, 0.23505263728689943, 0.20541754975105175, 0.16328771897375036], [0.37919412344504744, 0.21128522403130556, 0.20586792202315743, 0.20365273040048953], [0.3805465158521043, 0.19879383142977577, 0.22279204757954055, 0.19786760503857936], [0.3840446769807148, 0.2042028307710531, 0.20222038028602185, 0.20953211186221024], [0.37031591707842326, 0.19396181736664586, 0.2708205717042128, 0.16490169375071806], [0.3974469005664107, 0.21443228421451105, 0.1814045458850654, 0.20671626923401282], [0.3892451176332997, 0.22749103059660122, 0.19878510841660685, 0.18447874325349217]], "ideal": "D", "sampled": "D", "correct": true}}
