{"type": "result", "data": {"idx": 0, "options": ["Aging is related to an increase in vaginal lubrication", "Aging is associated with an increase in the frequency and number of orgasmic contractions in both sexes", "There is no significant relationship between aging and sexual responses in either sex", "Aging is related to some loss of erectile rigidity in the male"], "probs": [[0.31756534696077565, 0.1810890558018636, 0.25485673164476386, 0.24648886549259685], [0.300355766688885, 0.1822473284754796, 0.1934929220705392, 0.32390398266509624], [0.32144265405770434, 0.19976111649181236, 0.24619459369716984, 0.2326016356533135], [0.28288101274530114, 0.18894705092113095, 0.20259831863093344, 0.3255736176026344], [0.28364844416830975, 0.1735429511169131, 0.2419978086707703, 0.3008107959440069], [0.2632909597212107, 0.170438162796821, 0.22859114874441183, 0.33767972863755646], [0.3476023233007528, 0.16815029834691372, 0.2461236825096509, 0.2381236957426826], [0.32040545703005785, 0.16887587578591443, 0.18619536313590415, 0.32452330394812356], [0.3800716215013359, 0.19439675491286718, 0.2007722914248291, 0.22475933206096782], [0.3797105976688864, 0.19675492358825847, 0.20273548946429784, 0.22079898917855734], [0.330288454993339, 0.17391399260000742, 0.1863747155610489, 0.30942283674560467], [0.3459495552141788, 0.17234025637065153, 0.24850304051979308, 0.23320714779537657], [0.29988493319641407, 0.19015942155363483, 0.2698284846172206, 0.24012716053273045], [0.2696285883757344, 0.17702029907453562, 0.20173198283282193, 0.35161912961690805], [0.3436898341981079, 0.22174415320539553, 0.20960358095462553, 0.22496243154187104], [0.3411418889931303, 0.22481082527709034, 0.20745429648146946, 0.2265929891483099], [0.2771565235231368, 0.18324924457478145, 0.19987506566805438, 0.3397191661340274], [0.30753246404928936, 0.19486666014133291, 0.2698138396144383, 0.22778703609493944], [0.3173446058909645, 0.17135201392844432, 0.22794707117185403, 0.28335630890873714], [0.293445178641693, 0.17025290935282814, 0.22474505674812012, 0.31155685515735876], [0.3432074589149906, 0.18380964348294976, 0.18943650093081169, 0.28354639657124797], [0.3560486104764588, 0.1818402991888104, 0.24371542359801487, 0.2183956666367159], [0.3196056282083157, 0.18861835265116259, 0.20099460185528326, 0.2907814171852385], [0.3634015971565671, 0.19447341849160685, 0.23746447616623162, 0.20466050808559438]], "ideal": "D", "sampled": "B", "correct": false}}
{"type": "result", "data": {"idx": 1, "options": ["\u201cBlank slates\u201d", "Less intelligent than adults", "\u201cLittle scientists\u201d", "Shaped by culture"], "probs": [[0.23504682672513982, 0.2109909739584046, 0.3450834945964395, 0.20887870462001606], [0.2693133216417723, 0.22731202703301076, 0.26399491808128406, 0.23937973314393285], [0.3383558240929523, 0.28990929019937783, 0.19510044773503185, 0.176634437872638], [0.32850429412417775, 0.2768940031251579, 0.21483640370604778, 0.17976529894461654], [0.29118784825292265, 0.24603452909461201, 0.21944032280276773, 0.24333729974969762], [0.2592751383522158, 0.22898100314234696, 0.30190789696535364, 0.2098359614400836], [0.22624175052751547, 0.24484747311650948, 0.32156175956179556, 0.2073490166941795], [0.25337154425744324, 0.26601175263879195, 0.25190223011544305, 0.2287144728883217], [0.25391420341106963, 0.3112461520234512, 0.23286667116836587, 0.2019729732971133], [0.27218131991668737, 0.3234866116548968, 0.20394160429845093, 0.20039046402996497], [0.23203962693219157, 0.23627422395557413, 0.2827880042093134, 0.24889814480292094], [0.19905464949459162, 0.21551353263874523, 0.35821337883108756, 0.22721843893557558], [0.34023855592311963, 0.26566149594236443, 0.19907126428857835, 0.19502868374593754], [0.3295484532019033, 0.2570468225378068, 0.21541068276710937, 0.19799404139318058], [0.2842503870516003, 0.22179049912233037, 0.27799613109419735, 0.21596298263187202], [0.3170268237273763, 0.22894805667495066, 0.23455327746906787, 0.21947184202860517], [0.3024817867655265, 0.23234478088328864, 0.24586204082912094, 0.21931139142206388], [0.33316807941252685, 0.24092578831443678, 0.1987307487963041, 0.22717538337673224], [0.27587838725020664, 0.26884608256306586, 0.22818309536456172, 0.22709243472216584], [0.24598996705322201, 0.23902505990000053, 0.3094579921272584, 0.20552698081951906], [0.22099442934228597, 0.21821043028813253, 0.3198339879069264, 0.24096115236265508], [0.18701164701218356, 0.19320880162585077, 0.39941609496974434, 0.2203634562922213], [0.27167642113829865, 0.28514122960100247, 0.24611128864211404, 0.19707106051858483], [0.29696180971034336, 0.3123201382992255, 0.19134591232791523, 0.19937213956251587]], "ideal": "C", "sampled": "C", "correct": true}}
{"type": "result", "data": {"idx": 2, "options": ["about 68% of the observed scores for the test population lie within 15 points of the mean score", "about 68% of the individuals with a given cure score will have observed scores within 15 points of the true score", "about 15% of the scores are in error (i.e., they are not measuring the trait reliably)", "differences of up to 30 points represent the same true score"], "probs": [[0.3089921360298236, 0.22387146791791165, 0.2416684473313686, 0.2254679486208961], [0.296000723451589, 0.24490827684498914, 0.21242782787982, 0.24666317172360186], [0.30585744062412595, 0.24125210219438045, 0.2315778514041037, 0.22131260567738986], [0.2828789822677476, 0.24166201462436004, 0.2162266425768882, 0.25923236043100417], [0.2717787785126453, 0.24320854203704034, 0.22820843624028958, 0.25680424311002475], [0.2623746990895157, 0.23169784245558234, 0.2243964224829391, 0.2815310358719629], [0.3004568606450765, 0.2248717166220299, 0.2502056434561638, 0.22446577917672983], [0.2915955353268464, 0.2453999856435238, 0.21599966809975277, 0.24700481082987705], [0.3028060062162561, 0.2411729138324078, 0.23504069884569306, 0.22098038100564305], [0.2813565306967833, 0.25217174353886357, 0.20430303194701446, 0.26216869371733864], [0.27683964368912817, 0.2367786764861793, 0.23268380758819707, 0.2536978721364955], [0.2555001453948864, 0.2331485817541559, 0.21907935197187195, 0.2922719207790857], [0.2971840411966674, 0.2620935361691422, 0.22876546592911853, 0.21195695660507183], [0.27035804371701966, 0.27482514342189207, 0.20692779686790616, 0.24788901589318213], [0.2952848584569791, 0.25062870229871054, 0.23681237585523765, 0.2172740632890727], [0.27246634387330027, 0.27476690445030905, 0.1947933671336303, 0.2579733844427604], [0.24781066915330752, 0.23676527249726118, 0.2496450021507541, 0.2657790560986772], [0.24119131983465003, 0.23987374422159377, 0.2344181756267428, 0.2845167602170134], [0.24454829094348646, 0.2811298668103422, 0.23203475771014156, 0.24228708443602978], [0.23674034011647466, 0.26828383197409034, 0.22866201866387456, 0.2663138091455604], [0.2486076131629407, 0.26871543319174374, 0.23999960002884552, 0.24267735351647007], [0.23396351931139675, 0.25933885571747434, 0.2284047305355549, 0.278292894335574], [0.2342779303215423, 0.2417932861534367, 0.2604443689854118, 0.26348441443960924], [0.23061640214675602, 0.24389524391990905, 0.24902756138594812, 0.27646079244738686]], "ideal": "B", "sampled": "A", "correct": false}}
{"type": "result", "data": {"idx": 3, "options": ["An Apgar", "A teratogen", "Only a problem in the first 6 weeks", "A controlled substance"], "probs": [[0.30846509793989396, 0.22891302745605735, 0.2278435562001843, 0.23477831830386442], [0.32528642301415595, 0.21054387404219713, 0.26162666469620044, 0.20254303814744642], [0.25493622524547277, 0.18054005377811333, 0.3305210473337118, 0.2340026735427021], [0.29887292094166235, 0.1753185681538589, 0.2339248596859127, 0.291883651118566], [0.2916371480584995, 0.19825273454810402, 0.2975965693653568, 0.2125135479280397], [0.29071405960266455, 0.19353057730543338, 0.21788978899162345, 0.2978655740002786], [0.3764038979630768, 0.21409243343119697, 0.20000210402396035, 0.2095015644817659], [0.38801833405163466, 0.201660421445761, 0.2280146445401784, 0.18230659986242595], [0.38151440020560773, 0.2306832968958007, 0.21184784171846976, 0.17595446108012183], [0.41255738712361434, 0.22025835183655498, 0.2257161553616686, 0.14146810557816206], [0.38606644823464825, 0.23088861197572583, 0.2127054843900133, 0.1703394552996126], [0.3961296798132744, 0.24353912871700897, 0.21351527211101812, 0.14681591925869847], [0.28826931116082455, 0.19183447955120533, 0.31060135361426455, 0.20929485557370553], [0.3231965456640933, 0.18975403054750697, 0.20389777998534328, 0.28315164370305645], [0.32960674163383313, 0.26080247757211006, 0.22598436472540265, 0.18360641596865412], [0.32934769003233916, 0.2449498103329025, 0.25592880675829766, 0.16977369277646068], [0.32201309928136174, 0.21058536828947452, 0.2225660516138463, 0.2448354807153174], [0.2899335959323155, 0.20286984415977447, 0.3182409716906919, 0.1889555881172182], [0.27405549726460626, 0.20129191583122039, 0.3121034390675912, 0.21254914773658212], [0.26211537880924146, 0.19775831680691913, 0.21608738718907233, 0.32403891709476706], [0.32059604404039027, 0.2544252314078482, 0.23133805736579857, 0.19364066708596298], [0.326655194429193, 0.2708214698093852, 0.2341464504001933, 0.16837688526122846], [0.2698168576902131, 0.21274709160348107, 0.22813410584436858, 0.28930194476193727], [0.26004315969985003, 0.2157109955161269, 0.33234568427730204, 0.19190016040672095]], "ideal": "B", "sampled": "B", "correct": true}}
{"type": "result", "data": {"idx": 4, "options": ["needs analysis.", "job evaluation.", "summative evaluation.", "formative evaluation."], "probs": [[0.36760827106186905, 0.2329992939596406, 0.20834997045996292, 0.19104246441852737], [0.3771081138967516, 0.2346730932957592, 0.20706058472085287, 0.18115820798663634], [0.3805854859480329, 0.24080250796052058, 0.18998317135485818, 0.18862883463658836], [0.37665972109842716, 0.24948045608886726, 0.20912568269068868, 0.1647341400220169], [0.3970870554918212, 0.25103407347570644, 0.18078013713995414, 0.1710987337925182], [0.3919031800860706, 0.25923972546727686, 0.19518142354976106, 0.15367567079689143], [0.2733111421983984, 0.28141537725220367, 0.2320306931506628, 0.21324278729873508], [0.2824442982391201, 0.28131681677866155, 0.23239018020690166, 0.20384870467531674], [0.2513850889642223, 0.24254819386935372, 0.29076343338616617, 0.2153032836802578], [0.26092005550994135, 0.2638926882447961, 0.2618064064064005, 0.21338084973886198], [0.2673851251334788, 0.24989810583476665, 0.27733144161312073, 0.20538532731863382], [0.26876928999166233, 0.27550738636618427, 0.249321248367512, 0.20640207517464138], [0.3185477913189427, 0.2755837532912466, 0.2000074237379529, 0.20586103155185778], [0.32134784701298197, 0.28199009364959415, 0.22443803655815023, 0.17222402267927367], [0.2791177332122158, 0.23413212595028826, 0.27581313249690903, 0.2109370082405869], [0.29026932771466263, 0.254870935958711, 0.24872305994389368, 0.20613667628273272], [0.3106726546575587, 0.27229778193035703, 0.24535522959260847, 0.17167433371947577], [0.31765892151818254, 0.2873609874151584, 0.20504271370975008, 0.18993737725690898], [0.3335162748586846, 0.26663819350076934, 0.20640571720928777, 0.19343981433125826], [0.3322074164446892, 0.273632232424556, 0.22155380576948797, 0.17260654526126687], [0.2950690852524723, 0.2358699484289774, 0.26583992243850546, 0.20322104378004485], [0.30331411954707643, 0.2538502812131709, 0.24046406147459556, 0.20237153766515714], [0.30845111145792764, 0.26614418226584424, 0.24393935135638117, 0.18146535481984694], [0.3121153162422887, 0.277854446709004, 0.2114372582736362, 0.19859297867507106]], "ideal": "A", "sampled": "A", "correct": true}}
{"type": "result", "data": {"idx": 5, "options": ["a useful strategy for helping the client understand the present.", "a way for the client to avoid coming to terms with the present.", "\"the \"\"second layer\"\" of therapy.\"", "\"a way for achieving \"\"closure\"\" near the end of therapy.\""], "probs": [[0.31560677915585195, 0.2296977467830448, 0.25916780087980257, 0.1955276730813007], [0.32604892030223853, 0.2301906564658363, 0.24783857902905257, 0.19592184410287258], [0.3135578930064402, 0.2547773718579146, 0.2310116141803519, 0.20065312085529327], [0.3017996161338005, 0.23460627390761726, 0.2446050421766698, 0.2189890676819124], [0.3185347175934642, 0.2288691745975101, 0.23864174310078134, 0.21395436460824435], [0.29767647826192983, 0.21418154556668098, 0.26503816639273653, 0.22310380967865268], [0.3106086094638909, 0.25652487230082016, 0.24337824774535685, 0.18948827038993205], [0.3171959112086144, 0.2619915164442043, 0.23026339589816797, 0.19054917634901333], [0.28586465543428435, 0.24716391035177143, 0.2661486605459834, 0.20082277356796077], [0.28142848608063703, 0.23671585319059232, 0.2504453062760724, 0.2314103543526982], [0.2933167087745884, 0.2207597097194102, 0.2730811413962239, 0.21284244000977753], [0.27961253700421773, 0.21763847441823747, 0.26888554884955274, 0.23386343962799205], [0.32736169313013147, 0.23204069635810567, 0.2342346836620377, 0.20636292674972517], [0.32015615698473854, 0.22731278834454013, 0.24063375589825411, 0.21189729867246718], [0.3074501248126773, 0.2078767778628844, 0.2780804120644131, 0.2065926851600252], [0.3000875070377982, 0.2035649388293767, 0.26777764753141, 0.22856990650141518], [0.28676251001414776, 0.19795872564062844, 0.2898786408891275, 0.22540012335609627], [0.29594955286329194, 0.21457672436739095, 0.2527225650999929, 0.2367511575693242], [0.3119988348172388, 0.2499057575838476, 0.22566375951704498, 0.21243164798186867], [0.30942809117578524, 0.23727498592634036, 0.2424618118392088, 0.21083511095866558], [0.2911490884474562, 0.20921673502071858, 0.2746749601886661, 0.22495921624315912], [0.2926496092593316, 0.20461105078730993, 0.27270863812171414, 0.2300307017316443], [0.28969074587714905, 0.21929569030427043, 0.26677514312468664, 0.22423842059389387], [0.298881803406418, 0.23365734863414317, 0.2358846401319153, 0.23157620772752355]], "ideal": "B", "sampled": "A", "correct": false}}
{"type": "result", "data": {"idx": 6, "options": ["the efficiency of controlled memory processes", "metamemory skills, or knowledge about memory", "recognition memory", "the amount of factual memory knowledge available"], "probs": [[0.26010219810401314, 0.23711354951356287, 0.25638090109531675, 0.24640335118710727], [0.2568526229474495, 0.23628395441368774, 0.27167331764852276, 0.23519010489033998], [0.23773466475606853, 0.23403409564982558, 0.2608645143457625, 0.2673667251483434], [0.23450884570084637, 0.22747333684484347, 0.2612684705781211, 0.2767493467761891], [0.2500688545186576, 0.23711789711955816, 0.27656946819800704, 0.2362437800637772], [0.2432435492968108, 0.23245738895338533, 0.25464700511619565, 0.26965205653360824], [0.2304022174603481, 0.2456346603604098, 0.2609134160666969, 0.26304970601254524], [0.22938652334303578, 0.24676278231060508, 0.2745329737388736, 0.24931772050748552], [0.2088402360468879, 0.2301394790180856, 0.29053032395318573, 0.2704899608818408], [0.2046277285796735, 0.22547800018553202, 0.25494555396110113, 0.3149487171736933], [0.21470700202225335, 0.22349755463749368, 0.32475960251421593, 0.237035840726037], [0.2136453751602322, 0.22731182654348298, 0.2695056578100129, 0.28953714038627193], [0.21585737809935454, 0.24491431546486972, 0.2684231182194483, 0.2708051881163274], [0.21104914180021145, 0.23606827935789013, 0.2707871335004903, 0.28209544524140817], [0.20512134446004246, 0.22567973211176623, 0.3079299422173709, 0.2612689811108204], [0.20281062715989848, 0.22688334839931223, 0.272727276763953, 0.2975787475768363], [0.2008596539424614, 0.22472817038327522, 0.30162027924651114, 0.2727918963277522], [0.19899536963790557, 0.22892764549540487, 0.27559906652196575, 0.2964779182447238], [0.23664835877888146, 0.25037398185687965, 0.2785839951181779, 0.23439366414606097], [0.23483339739974238, 0.24276486803354466, 0.2536651118243852, 0.2687366226423277], [0.2265914678347017, 0.23208852109972358, 0.316927254168289, 0.22439275679728576], [0.22585158047801757, 0.2400929480550999, 0.26358798143611983, 0.2704674899307627], [0.209870171378872, 0.23103534828743635, 0.2869177417629478, 0.2721767384707438], [0.20320047133320382, 0.23020153892418152, 0.27284007855249826, 0.2937579110901164]], "ideal": "A", "sampled": "A", "correct": true}}
{"type": "result", "data": {"idx": 7, "options": ["Parkinson's disease", "Vascular Dementia", "a right frontal lobe tumor", "Alzheimer's disease"], "probs": [[0.3488377436300289, 0.18055870175221106, 0.23932228203175215, 0.23128127248600786], [0.34257609669645434, 0.16967829075780347, 0.2528046742664696, 0.2349409381792726], [0.3340110232199656, 0.17463319262059404, 0.25378954786190977, 0.23756623619753056], [0.31710017196792584, 0.17950906125164623, 0.24520376687583673, 0.2581869998045912], [0.3145802523006258, 0.1749764777552008, 0.27918907165152207, 0.2312541981926513], [0.3108406318288051, 0.18000556258539022, 0.25205167749906826, 0.25710212798673643], [0.3368393878850085, 0.18008210299843097, 0.24543962611603937, 0.23763888290052113], [0.3281304738154561, 0.17165082179824154, 0.26082857663322173, 0.2393901276530806], [0.31638737095467223, 0.16779283427440314, 0.26694713827024596, 0.24887265640067868], [0.31229341026997914, 0.17090332506378125, 0.26342713830220954, 0.25337612626403005], [0.3121813535378126, 0.16974744199009006, 0.26802805063428425, 0.25004315373781305], [0.32550200331678375, 0.17805149884154822, 0.25015893203261913, 0.2462875657090489], [0.30176437347738844, 0.18056072561962908, 0.27235743806555385, 0.24531746273742863], [0.2929270012819946, 0.17974873153183546, 0.2609900870805772, 0.2663341800055927], [0.3011172801288038, 0.17854258948396146, 0.2717431566366952, 0.24859697365053954], [0.2996571659742152, 0.17915037272569154, 0.2619954943394926, 0.2591969668606007], [0.28339169271113834, 0.17390594402916468, 0.26849518023712216, 0.2742071829225748], [0.27741252133102345, 0.17528382648486213, 0.29191531423173916, 0.25538833785237525], [0.292141556710593, 0.18269596992096226, 0.2800686061102225, 0.24509386715822223], [0.2848101938919583, 0.18689188916280222, 0.2572913544305571, 0.27100656241468235], [0.30639539535537363, 0.18286035280456994, 0.26148508165330364, 0.24925917008675277], [0.30688373859657825, 0.19305782645241815, 0.24908590690896945, 0.2509725279420341], [0.293953197804691, 0.1784484194605966, 0.2566809508949704, 0.27091743173974203], [0.28582650847276925, 0.17743136611968588, 0.281994793624668, 0.25474733168287683]], "ideal": "A", "sampled": "B", "correct": false}}
{"type": "result", "data": {"idx": 8, "options": ["unethical, because the client's needs were not addressed more directly", "unethical, because the psychologist should have delayed the trip and given the client an appointment for that afternoon", "unethical, because the psychologist should have called a physician directly", "ethical, because it was not possible to determine whether or not the client was being manipulative"], "probs": [[0.3235780443036949, 0.2051855417218752, 0.2279278588630852, 0.24330855501134468], [0.3155935265287982, 0.20306774064055105, 0.2268776344931803, 0.2544610982374705], [0.31398179188265385, 0.20370143042847697, 0.23315928179199594, 0.24915749579687327], [0.33631289001916415, 0.21740569172115645, 0.24502423403197035, 0.20125718412770907], [0.31154983109397516, 0.20500813154364736, 0.21621508692814936, 0.26722695033422816], [0.35505139489284554, 0.22956191221280392, 0.21727983780117405, 0.19810685499317648], [0.3215035545728502, 0.20212100745386774, 0.22917850654781632, 0.24719693132546575], [0.3258625615190824, 0.20145453810844718, 0.23556217899890763, 0.23712072127356276], [0.3179603421977985, 0.19827439788163614, 0.23745406454054033, 0.24631119528002504], [0.3186492669062443, 0.1954001962257756, 0.24094234763570743, 0.2450081891322727], [0.33988952126845, 0.20179645414425898, 0.22604263979852815, 0.23227138468876285], [0.33366200821731745, 0.20907458972441426, 0.22005415288474253, 0.23720924907352572], [0.31199136838164376, 0.20384651724217126, 0.23670362286441224, 0.24745849141177276], [0.3343177139424746, 0.21777594087330296, 0.2510227560745987, 0.19688358900962377], [0.3192204236665033, 0.20223736760978114, 0.23501053450141654, 0.24353167412229906], [0.3151774014164519, 0.19796329144753377, 0.23675101287527628, 0.25010829416073804], [0.35098280453203595, 0.2249634198630371, 0.22992117015443272, 0.1941326053504942], [0.3203371273950002, 0.21036872501840204, 0.22317306855037863, 0.24612107893621912], [0.30382133696490143, 0.20614482721741909, 0.21705676809424584, 0.27297706762343366], [0.34236779214632307, 0.2284104138552288, 0.22270088552831532, 0.2065209083701328], [0.31914573904660715, 0.20494760570860832, 0.21898449955180913, 0.2569221555929754], [0.32431935777521387, 0.2129620281697632, 0.2173196342769557, 0.2453989796780672], [0.33959630128325535, 0.22285592553771197, 0.22963114080516953, 0.20791663227386317], [0.3144667540017241, 0.2097050311863833, 0.22067818701081615, 0.2551500277010765]], "ideal": "A", "sampled": "D", "correct": false}}
{"type": "result", "data": {"idx": 9, "options": ["clarify boundaries between family members in order to reduce enmeshment.", "work initially with the most differentiated family member.", "\"use a multiple-therapist team to prevent any one therapist from becoming \"\"triangulated\"\" into the family system.\"", "\"issue specific \"\"directives\"\" designed to counteract dysfunctional processes.\""], "probs": [[0.3376629599939439, 0.24516708781104718, 0.20974184258059567, 0.20742810951441323], [0.33338167763324134, 0.251931335723072, 0.21142109911382315, 0.20326588742986348], [0.3449128413639487, 0.23893426778307164, 0.19929403663844542, 0.2168588541145343], [0.33252712585391586, 0.24564453590969698, 0.18993839336614238, 0.23188994477024477], [0.33995765444217, 0.25072026250239376, 0.20532207188937227, 0.2040000110660639], [0.3274772660093218, 0.24559220642925328, 0.204085347279486, 0.22284518018193888], [0.3290258747590847, 0.24838867790666788, 0.2074126775407399, 0.21517276969350757], [0.321666533889991, 0.25451114391954033, 0.21170876602635502, 0.21211355606411358], [0.33569447182073153, 0.24539764250461152, 0.20608161649540876, 0.21282626907924818], [0.31088820559981273, 0.24788008997167044, 0.20695345410055835, 0.23427825022795848], [0.3079302814911746, 0.2570165616905997, 0.22725462233969085, 0.20779853437853482], [0.29859226939076455, 0.24363549051232622, 0.22394986448432652, 0.23382237551258273], [0.3567748367429633, 0.23421084878486748, 0.187942564468663, 0.22107174990350623], [0.34613202050240616, 0.24032952605256777, 0.19023039011931667, 0.22330806322570937], [0.34268632017096806, 0.23754243196343552, 0.19536259477326795, 0.22440865299232848], [0.3303625832113682, 0.2401300483682523, 0.2009641796005841, 0.2285431887197954], [0.3181849419752463, 0.2406936883685698, 0.22425025699280324, 0.21687111256338062], [0.3188796984663566, 0.23367034244689655, 0.2180211427294914, 0.22942881625725545], [0.3437024601398556, 0.2534882686258942, 0.191686850890916, 0.2111224202433342], [0.3364502737118579, 0.2541278860593839, 0.18931349827969135, 0.22010834184906686], [0.3229641817793885, 0.2477568909946613, 0.2061037359596698, 0.22317519116628043], [0.31970558520057296, 0.23955316063014725, 0.205576202418995, 0.23516505165028478], [0.32505305071141954, 0.24185394829420434, 0.2169129051161265, 0.21618009577824962], [0.32048677324945246, 0.23650798118777194, 0.20906883232105214, 0.23393641314172345]], "ideal": "A", "sampled": "A", "correct": true}}
{"type": "result", "data": {"idx": 10, "options": ["A true experiment", "A cross-sequential cohort design", "A natural experiment", "A cross-sectional cohort design"], "probs": [[0.48314665303326176, 0.2012602775712134, 0.1603338372447542, 0.15525923205077066], [0.4809958839974296, 0.20776858110704655, 0.17286181761134664, 0.13837371718417718], [0.45834686229888966, 0.19691957260908274, 0.18294001968401957, 0.16179354530800805], [0.46699529185698563, 0.19764083327401907, 0.17799548537746082, 0.15736838939153447], [0.4909188746915087, 0.20558553932041435, 0.1697641312906255, 0.13373145459745145], [0.48969002885019186, 0.19778363421193548, 0.15997357963112796, 0.1525527572067447], [0.444216754673945, 0.1936053936283852, 0.18312360470224998, 0.17905424689541985], [0.45285292780560293, 0.19845746159867514, 0.19153119336342012, 0.15715841713230178], [0.4169849864579246, 0.1843871540665796, 0.20972933425612045, 0.1888985251193754], [0.45623067435758796, 0.19210436879445095, 0.18572509180574237, 0.16593986494221868], [0.4585655697507886, 0.2025782942953529, 0.17845057215173557, 0.16040556370212286], [0.46446188375754205, 0.208252171030029, 0.16857106245431194, 0.15871488265811698], [0.42744271236683284, 0.20813158772686763, 0.19063243836142962, 0.17379326144486987], [0.4334243535562059, 0.21110148725782815, 0.18461990354599114, 0.17085425553997483], [0.4270998537113336, 0.19207833705411828, 0.19898913798726509, 0.18183267114728305], [0.45803063853157705, 0.20233833503716395, 0.1781003134132332, 0.16153071291802581], [0.4308629888379646, 0.18785644695408799, 0.20071123244610398, 0.18056933166184344], [0.4600764283089177, 0.20011122820926167, 0.1788574036606716, 0.16095493972114905], [0.44488247561651423, 0.20438398114210996, 0.19267990896146056, 0.15805363417991528], [0.43465465561086475, 0.19553692603666192, 0.18478144590060686, 0.18502697235186646], [0.44988410990084365, 0.20998364371966094, 0.17521683608900462, 0.1649154101904908], [0.45577750548137447, 0.2192620834818826, 0.16173317303829055, 0.1632272378984524], [0.4095125144020001, 0.18685623625175615, 0.21223479282133115, 0.1913964564249126], [0.44274344376154773, 0.19843637645590215, 0.1887607248123366, 0.1700594548702135]], "ideal": "B", "sampled": "A", "correct": false}}
{"type": "result", "data": {"idx": 11, "options": ["recall of words", "verbal comprehension", "verbal learning", "production of speech"], "probs": [[0.2774137854298697, 0.27226606008668025, 0.23988777396664232, 0.2104323804168077], [0.25635412714829686, 0.2717291156933542, 0.25842762375911094, 0.21348913329923797], [0.264372535451813, 0.25163475426406884, 0.2802319311884531, 0.20376077899566505], [0.2559427580586022, 0.2548204026143182, 0.26220044100344125, 0.22703639822363833], [0.2690598288189577, 0.26809435281175586, 0.25544216465058067, 0.20740365361870572], [0.2705988287655121, 0.2736838459694883, 0.23370149729299033, 0.22201582787200924], [0.2719008204709417, 0.25115110344978037, 0.24686473992093055, 0.23008333605834735], [0.2623435932833944, 0.24203098539170217, 0.27361337163136235, 0.22201204959354104], [0.262855772094306, 0.2428424543323035, 0.2500139213850514, 0.24428785208833909], [0.25182906916435377, 0.23992357728124605, 0.2883683869715028, 0.21987896648289734], [0.27590323827468594, 0.2667699296940866, 0.23463584571900967, 0.22269098621221783], [0.2740220602764918, 0.27370544041763056, 0.2444436589632718, 0.20782884024260587], [0.25465268653029843, 0.25052145867588665, 0.2791626238294217, 0.21566323086439326], [0.24489378561769068, 0.24812340364175242, 0.27196344325261473, 0.23501936738794213], [0.257674876689101, 0.25363180416717696, 0.24529008930391036, 0.24340322973981168], [0.24595991874082607, 0.24964795630080266, 0.28613985861091795, 0.21825226624745328], [0.24992984903235135, 0.2654863635257589, 0.24095157145462293, 0.2436322158872668], [0.25876645022327227, 0.2628925222757578, 0.2787779354406152, 0.1995630919603547], [0.2819535517992816, 0.26833830080741367, 0.25172302874560315, 0.19798511854770157], [0.2877638296828422, 0.2737982232028894, 0.2266458536957674, 0.21179209331850102], [0.2921314754887956, 0.287038824457941, 0.2157984536520253, 0.2050312463012381], [0.2949047298462908, 0.2855832491355685, 0.22503150326649596, 0.19448051765164476], [0.2708567936319935, 0.26192801797858195, 0.23785848558761585, 0.22935670270180866], [0.2714625935202962, 0.25884214426733676, 0.2790673714458135, 0.1906278906665535]], "ideal": "D", "sampled": "D", "correct": true}}
{"type": "result", "data": {"idx": 12, "options": ["the child\u2019s intelligence.", "the child\u2019s \u201cbasic personality.\u201d", "the strength of the parent-child attachment.", "the parents\u2019 childrearing behaviors"], "probs": [[0.2039856168413037, 0.26700525482348253, 0.33156886183648093, 0.19744026639873286], [0.18373190138487364, 0.25156194343974797, 0.3739638085880008, 0.19074234648737753], [0.1986636846859824, 0.24427126709568486, 0.35401067661695107, 0.20305437150138164], [0.1839330980633684, 0.23624856849641038, 0.3875603742473964, 0.19225795909282478], [0.1833784118071034, 0.2650464237919861, 0.3552952984846214, 0.1962798658162891], [0.1930517645567793, 0.27612426051346123, 0.3369299668651665, 0.1938940079645929], [0.21723159174393725, 0.22267728046288784, 0.35790578907550524, 0.20218533861766966], [0.18836140824711886, 0.21347807764166354, 0.4041542771788452, 0.19400623683237236], [0.25505218667377155, 0.2634631473594639, 0.27383188226559924, 0.20765278360116532], [0.22415874716195405, 0.2425257829687524, 0.35504904720741615, 0.17826642256187739], [0.23776553568846556, 0.2799961268621829, 0.2760758697710527, 0.20616246757829884], [0.227654860732746, 0.2721333937293316, 0.320712070390574, 0.1794996750473484], [0.19896477162390944, 0.210861009176432, 0.3835431577843864, 0.20663106131527217], [0.17896225623261972, 0.2060196373268362, 0.4235182358507925, 0.1914998704897515], [0.23876459894176838, 0.25482326743438705, 0.2928872704213033, 0.21352486310254126], [0.20472710442662698, 0.2342716823066949, 0.38229594770113157, 0.17870526546554655], [0.22826519395622863, 0.2561360704541318, 0.30517695057492317, 0.21042178491471647], [0.21114494219016988, 0.24107398449564224, 0.360633348795968, 0.1871477244182199], [0.22796482656211406, 0.21069852377755907, 0.3605221402128979, 0.20081450934742895], [0.2409956794291089, 0.2120910489902427, 0.3568563301419644, 0.19005694133868403], [0.2598597070335806, 0.25766339511584424, 0.278921719181634, 0.20355517856894115], [0.2517239078113868, 0.2514572664409573, 0.32038836713244284, 0.1764304585152131], [0.267171796128679, 0.25044768672990186, 0.2859113173510129, 0.1964691996904063], [0.2549937963230724, 0.23594702777887264, 0.3301841914323594, 0.17887498436569557]], "ideal": "D", "sampled": "D", "correct": true}}
{"type": "result", "data": {"idx": 13, "options": ["is nonresponsive to visual or auditory stimuli and seems to be in a state of deep sleep.", "is confused and incoherent, may exhibit bizarre behavior, and is unable to care for him/herself.", "is alert and oriented and can remember and integrate remote and recent events but may have some impairment in judgment, planning, and abstract reasoning.", "is functioning at an intellectual level that is superior for his/her age, education, and demographic background."], "probs": [[0.293507980071103, 0.22751884633178424, 0.2792772525592751, 0.19969592093783767], [0.28559459956436767, 0.2356457753700209, 0.22523399178365625, 0.2535256331819552], [0.3289816530175102, 0.28907461659366196, 0.18429326185410386, 0.19765046843472397], [0.3300213463290333, 0.2945293407242022, 0.18328350656013992, 0.1921658062866245], [0.264582447246604, 0.24387107060285312, 0.21249560376380025, 0.27905087828674263], [0.2734898328507638, 0.23294630644376163, 0.28589314219476886, 0.2076707184107057], [0.303952349868674, 0.21800456423387957, 0.2807079976832895, 0.1973350881141569], [0.30159866806828983, 0.22665995357154176, 0.22023415563288382, 0.2515072226272846], [0.3615855222342598, 0.2803201931386979, 0.1664699142040748, 0.19162437032296747], [0.36829996654135505, 0.28508833472691686, 0.17043783022901476, 0.17617386840271332], [0.30853030542224336, 0.2509749866916347, 0.1870378730562729, 0.25345683472984903], [0.30897639119445197, 0.242995716398369, 0.26263887470238223, 0.18538901760479676], [0.3964228272574667, 0.20790399299116116, 0.19036990118552072, 0.20530327846585147], [0.4051327825717146, 0.21238263582199807, 0.19587199971719868, 0.18661258178908866], [0.3950184645842793, 0.2137480250533441, 0.18506253150862367, 0.20617097875375293], [0.39859377135494944, 0.2186946072372226, 0.19496778523318392, 0.18774383607464404], [0.44045053595517747, 0.21707702524049832, 0.16886488588358456, 0.17360755282073964], [0.41507553431598754, 0.22432632407796751, 0.17967006294614363, 0.1809280785599013], [0.26603506803675686, 0.23399967396901, 0.21030064475069585, 0.28966461314353725], [0.2702005384502575, 0.2301446245315917, 0.29125081187923274, 0.20840402503891808], [0.2782517331820868, 0.24863005801590404, 0.19733902515972637, 0.27577918354228276], [0.28304574312487624, 0.24455516402295205, 0.276925538108753, 0.1954735546434187], [0.32608493187489834, 0.3243848286428069, 0.1711874851059349, 0.17834275427635987], [0.31602867963687314, 0.32399066796653075, 0.18180139090088845, 0.1781792613957077]], "ideal": "B", "sampled": "C", "correct": false}}
{"type": "result", "data": {"idx": 14, "options": ["decline the request to testify.", "agree to testify only if she obtains consent from both parents.", "agree to testify only if she can evaluate all of the involved parties.", "agree to testify only if her familiarity with the child won''t bias her testimony."], "probs": [[0.3277052147236459, 0.2484632284116697, 0.23248992962360482, 0.1913416271410796], [0.3302819630089341, 0.2429809795678768, 0.24550465505336427, 0.18123240226982482], [0.32341648197417944, 0.24914690854758575, 0.229482607253336, 0.1979540021248988], [0.3322909772063797, 0.2446585744374711, 0.24356308577009253, 0.1794873624860567], [0.33821135755971526, 0.25285494325016616, 0.2290473878154589, 0.17988631127465968], [0.3393732010978834, 0.261693179581222, 0.22673484680769457, 0.17219877241320003], [0.33272087570677916, 0.2403405904529557, 0.23578523097064602, 0.19115330276961912], [0.33617500970168407, 0.23554624177601935, 0.2497065327680684, 0.17857221565422818], [0.3239398203782206, 0.2455255613818941, 0.22610848465957706, 0.20442613348030825], [0.3424473659685061, 0.2477902954412786, 0.23893721689406938, 0.17082512159614593], [0.34088870879579086, 0.23903802034848695, 0.23019900915704908, 0.1898742615986731], [0.35171299645195453, 0.2543422243587809, 0.22648380357021525, 0.16746097551904937], [0.3271024925916624, 0.236479625888087, 0.23941838801979629, 0.1969994934004543], [0.33553664873056044, 0.23530554067805126, 0.2536411805602235, 0.1755166299311648], [0.3250133201146959, 0.23547220314340234, 0.23422521444450742, 0.20528926219739435], [0.34006845947679637, 0.2424058019872493, 0.2451190650217985, 0.1724066734141558], [0.3439645017057387, 0.2413033138881728, 0.22903788553698803, 0.18569429876910046], [0.35447561209120665, 0.25255599239094756, 0.22149787510954855, 0.1714705203082973], [0.34565143228659145, 0.23127089894764527, 0.2449650058666028, 0.17811266279916044], [0.3488237105486982, 0.23714422117137743, 0.23989539263701307, 0.17413667554291132], [0.33859678137473526, 0.2269533262594081, 0.23980082508316672, 0.19464906718268993], [0.3511619217169504, 0.24268911414864996, 0.23360052354383185, 0.17254844049056778], [0.33962851309572695, 0.23130554191731578, 0.23689455066446932, 0.19217139422248797], [0.35623117746976307, 0.24253219002247162, 0.22613629359522658, 0.17510033881253873]], "ideal": "A", "sampled": "D", "correct": false}}
{"type": "result", "data": {"idx": 15, "options": ["goals serve 2 purposes: they are a basis for motivation and they direct behaviors", "goal attainment is maximized when goals are specific and highly difficult", "goal attainment is maximized when frequent feedback is given", "worker participation in goal-setting is also good"], "probs": [[0.31599294194420463, 0.21546004068306074, 0.23462086214398983, 0.23392615512874482], [0.3181580900827777, 0.2170671373388661, 0.22902411220167646, 0.23575066027667976], [0.3066733387797366, 0.21401392773592354, 0.2540190143921566, 0.22529371899218323], [0.2899599286635854, 0.2042092172832957, 0.21900592089471868, 0.28682493305840023], [0.3031237766309015, 0.20845723460701557, 0.2530005909696629, 0.23541839769242007], [0.28889617320986466, 0.1988949179450458, 0.22859129307368323, 0.2836176156714063], [0.2957115515131811, 0.2394146954686643, 0.22642825879020578, 0.23844549412794877], [0.30106571313708397, 0.23818784949781818, 0.22343069312722358, 0.23731574413787426], [0.2796775740057333, 0.19524061968818876, 0.30653816915275195, 0.218543637053326], [0.27353815183749136, 0.18725068960323832, 0.22013097849291316, 0.3190801799663572], [0.2663490811670071, 0.19197704182101347, 0.3129671858380273, 0.2287066910739521], [0.26102280614150025, 0.1828355341966899, 0.2320909946924815, 0.3240506648693283], [0.28821040055880925, 0.24631533758309007, 0.23665360319195763, 0.22882065856614303], [0.275073345349441, 0.23353081591281272, 0.21077106576881519, 0.28062477286893106], [0.28231757876434027, 0.20498514173365187, 0.2954573034944716, 0.21723997590753624], [0.27581676016025997, 0.19785192017210124, 0.21687867588977813, 0.3094526436778607], [0.2444966402035357, 0.19044844875454423, 0.3057632516195148, 0.2592916593224053], [0.2512774356410039, 0.18875874493311326, 0.2455015514174137, 0.3144622679084691], [0.2789102577559468, 0.2279443659537885, 0.24580479398310215, 0.2473405822071625], [0.26280294671397686, 0.22176692386285923, 0.2230652470783486, 0.2923648822448153], [0.2625743033068625, 0.1969954730226333, 0.30395557114621213, 0.23647465242429208], [0.26339259741056564, 0.1904689073372153, 0.22902014849279928, 0.31711834665941974], [0.24861380834117763, 0.19091161230182613, 0.2924847769824093, 0.2679898022745869], [0.2595596235862207, 0.18908555240273422, 0.24603012958599121, 0.3053246943250539]], "ideal": "B", "sampled": "A", "correct": false}}
