{"type": "result", "data": {"idx": 0, "options": ["Media release", "Media tour", "Press room", "Promotional days/weeks"], "probs": [[0.20992155996612252, 0.34719357925738664, 0.23923066969001128, 0.20365419098647955], [0.2153851027456577, 0.3657213340118977, 0.25129982077649105, 0.1675937423659535], [0.1790136370030794, 0.2693228979240314, 0.3451164909089725, 0.2065469740639167], [0.17681308879334767, 0.29181532373260904, 0.2735902193029914, 0.2577813680710519], [0.17741718622136396, 0.28710469172848135, 0.34969341230332607, 0.1857847096468286], [0.17575551305808143, 0.31784438610110577, 0.2502682171471754, 0.2561318835936374], [0.2759424920427904, 0.280349450663779, 0.2482814230544797, 0.19542663413895087], [0.2909449214015482, 0.28525068073106463, 0.2636383332726968, 0.1601660644946903], [0.28013777730047745, 0.2755406200610232, 0.255056589816337, 0.18926501272216237], [0.279728007872504, 0.28289861748810635, 0.2654681920204021, 0.17190518251898754], [0.3046022400641157, 0.2980896576656284, 0.24224056662045296, 0.15506753554980302], [0.2811535936484755, 0.2977410002908542, 0.24557443326602, 0.17553097269465034], [0.1698087403065406, 0.26362519668013523, 0.36444916231417507, 0.2021169005991491], [0.16870038694242123, 0.2872941620483302, 0.2861242719528491, 0.25788117895639945], [0.21064416199735872, 0.3266004420967267, 0.2583040969800166, 0.204451298825898], [0.20509618251038123, 0.3375505707850608, 0.2705622178380662, 0.18679102876649173], [0.17883911727070556, 0.3182165324369741, 0.24631384012620175, 0.2566305100661186], [0.16983603923303145, 0.28306918489876365, 0.3390073078827611, 0.20808746788544377], [0.15823259948101817, 0.2635363340114271, 0.3989741503793378, 0.1792569160282169], [0.17352377652238057, 0.2899076173868375, 0.2587043162342431, 0.27786428975653876], [0.22244790525667493, 0.3328532625827122, 0.2660040000709724, 0.17869483198964045], [0.20383701305271734, 0.33479310562273745, 0.2637537897671552, 0.19761609145738998], [0.17724681427037933, 0.2961376397354593, 0.25160238894099446, 0.2750131569531669], [0.15893392263253647, 0.2689642011850329, 0.3649591803185761, 0.20714269576385452]], "ideal": "B", "sampled": "B", "correct": true}}
{"type": "result", "data": {"idx": 1, "options": ["Quickly investigate to make certain your product is definitely the cause of the illness.", "Stop all sales of the product throughout the nation and issue a recall for that product.", "Stop sales of the product in the Albany, New York, market and issue a recall for that product.", "Issue a press release to the Albany, New York, market explaining how to treat the symptoms."], "probs": [[0.27577812709634997, 0.25918502771579804, 0.21171456029598248, 0.25332228479186947], [0.25548565385170974, 0.26216095683337254, 0.19203212855326077, 0.290321260661657], [0.28149838930524074, 0.2837011386886339, 0.18631973481220854, 0.24848073709391685], [0.2758496403418303, 0.30124491450158325, 0.1750201880756834, 0.247885256980903], [0.23744096567166584, 0.2169442837302786, 0.2372285943160232, 0.30838615618203236], [0.24813859543083583, 0.22292031839107054, 0.24675175932182072, 0.2821893267562729], [0.3022383035261173, 0.22979219135085727, 0.21906669251317737, 0.24890281250984805], [0.28702088332223996, 0.22910953373079604, 0.1914694997038852, 0.2924000831430788], [0.33494066689627744, 0.23387549466721705, 0.18589001615140582, 0.2452938221850997], [0.3307742128820121, 0.23096193026733564, 0.18229052150973898, 0.25597333524091326], [0.2855036428805156, 0.21576984750095682, 0.20570892664034263, 0.29301758287818497], [0.30454508828508103, 0.21592094967236858, 0.22071323783186872, 0.25882072411068163], [0.3259143628126614, 0.22572343721884594, 0.1943596808227157, 0.254002519045777], [0.3192930924994482, 0.23412762674567533, 0.18118377438260613, 0.2653955062722703], [0.3413743180104749, 0.21369895973747685, 0.19107148618788589, 0.2538552359641623], [0.33620040603493134, 0.2155292416735757, 0.18404621825624182, 0.2642241339352511], [0.31590561172749915, 0.21414651188219844, 0.2075225586968229, 0.2624253175934795], [0.32362527616439374, 0.21399859229566254, 0.2040063501394337, 0.25836978130051], [0.23775499702467703, 0.2329941506004669, 0.22995742810516587, 0.2992934241696902], [0.24736971766425792, 0.2383809494010076, 0.24154954735975906, 0.27269978547497536], [0.2605896475386958, 0.2513639218244159, 0.19870189432145433, 0.289344536215434], [0.278723980775558, 0.24631870913547685, 0.21050834339974758, 0.26444896658921757], [0.28297145015066727, 0.2647080798095425, 0.18965480294878564, 0.2626656669910046], [0.28892111344844057, 0.26126226390875035, 0.1943148494419623, 0.25550177310084676]], "ideal": "B", "sampled": "C", "correct": false}}
{"type": "result", "data": {"idx": 2, "options": ["community relations", "consumer relations", "employee relations", "public issues"], "probs": [[0.27002751019795024, 0.24506408733468096, 0.26364728020036415, 0.2212611221670046], [0.2744247398824669, 0.26124266565937043, 0.2563945727209525, 0.20793802163721017], [0.242208618994783, 0.18482040530887955, 0.35486628015368715, 0.2181046954426503], [0.27141073343423894, 0.19195073841082813, 0.2961280047597396, 0.24051052329519332], [0.2374121546507888, 0.1990163922110859, 0.34309923645403234, 0.2204722165840929], [0.26632606980521556, 0.20031432805442384, 0.28609216210365396, 0.24726743993670666], [0.27598610928854345, 0.22053140728252302, 0.2772873979125403, 0.22619508541639322], [0.28649967905994256, 0.24018332359773154, 0.26286864278072, 0.21044835446160592], [0.2583466585473156, 0.19675307853428792, 0.32305197368544275, 0.2218482891329537], [0.2684568424484368, 0.20497440984323664, 0.29227613964322846, 0.23429260796509804], [0.2585155627094145, 0.21342691458971502, 0.30945804250933556, 0.2185994800915349], [0.2619206685138288, 0.20966184761996087, 0.28515655649303584, 0.2432609272731745], [0.22059331174691021, 0.20893717677479226, 0.36558588246069595, 0.20488362891760156], [0.24569430970510742, 0.22634183009138295, 0.30333827115016054, 0.2246255889533491], [0.24529009323974996, 0.2595989030459531, 0.29718702142881703, 0.19792398218547985], [0.2408323472621463, 0.2720030884471194, 0.28344718041338024, 0.20371738377735404], [0.2152579160602889, 0.20433177356363127, 0.3573317878683474, 0.22307852240773243], [0.20100727076286853, 0.1968836576478395, 0.38377710029289597, 0.218331971196396], [0.24027203021030966, 0.2243495732321503, 0.3258385955961545, 0.2095398008613855], [0.26872346603339253, 0.2288858958517874, 0.27522880656436954, 0.2271618314504505], [0.2512620762115413, 0.2500661387809234, 0.2959545342612706, 0.2027172506462647], [0.25034420187686623, 0.2455365809232877, 0.2856522627990539, 0.21846695430079216], [0.24180439832785836, 0.20243481402860747, 0.3381089370541105, 0.21765185048942362], [0.2224102980394367, 0.1953212527831156, 0.36912090682632753, 0.21314754225112015]], "ideal": "B", "sampled": "B", "correct": true}}
{"type": "result", "data": {"idx": 3, "options": ["1917", "1922", "1925", "1927"], "probs": [[0.23986275073853972, 0.21172303905707998, 0.32495491165941953, 0.2234592984449608], [0.23239404307059158, 0.2085299969782021, 0.32501367215562676, 0.23406228769557957], [0.24273489774921433, 0.21445134599525015, 0.32368752839439063, 0.21912622776114488], [0.23447357115784995, 0.21372835335978407, 0.32288193699468937, 0.22891613838767663], [0.24523052205329782, 0.21324538864677467, 0.32692288861994695, 0.21460120057998053], [0.2388886397672517, 0.20796014676339253, 0.33400020497677874, 0.21915100839257703], [0.2527826575513627, 0.20633240302332811, 0.32648078638145145, 0.2144041529438577], [0.2531236334451146, 0.2067261127406427, 0.32207410564557293, 0.21807614806866973], [0.26503257145463094, 0.21302814241729406, 0.30722422778026665, 0.21471505824780832], [0.2509400061311713, 0.20481133423103187, 0.3140899602687713, 0.23015869926902555], [0.268812034532548, 0.21299189644400077, 0.307092790380596, 0.2111032785428552], [0.24957687403975226, 0.20074597597337915, 0.32775251050748694, 0.22192463937938164], [0.2549246885361361, 0.20816381583760457, 0.3240291524209772, 0.2128823431052821], [0.2517721690249824, 0.20573731071288334, 0.32545084242920247, 0.2170396777329318], [0.26934329244692196, 0.21337635395392673, 0.30257663402720747, 0.21470371947194383], [0.2548637877793398, 0.20806305168448344, 0.3140076930512666, 0.22306546738491012], [0.26764622327989124, 0.21192976830270532, 0.3103436231302816, 0.21008038518712185], [0.25854158013646866, 0.20799354896859273, 0.31409248238503457, 0.21937238840990406], [0.26212570849794625, 0.2107591244593839, 0.3182548975106183, 0.2088602694320515], [0.25985832838238976, 0.20900196390735387, 0.32071395271578235, 0.21042575489447402], [0.27547916767226593, 0.21485382316348164, 0.30008244511464505, 0.20958456394960734], [0.25826807268253715, 0.21072790258637397, 0.30849764889387954, 0.22250637573720936], [0.27240997550147605, 0.21904569862082615, 0.3013156354126022, 0.2072286903650956], [0.26780029729608484, 0.2154564825161936, 0.2964971319066451, 0.22024608818107644]], "ideal": "B", "sampled": "C", "correct": false}}
{"type": "result", "data": {"idx": 4, "options": ["Product-oriented", "Person-oriented", "Idea-oriented", "Message-oriented"], "probs": [[0.21180578432928066, 0.28115316384742983, 0.2620679955796197, 0.2449730561436698], [0.2104904290677095, 0.2666278103732328, 0.2905423256302707, 0.23233943482878694], [0.22170928779141172, 0.2988351374218587, 0.23852232807046114, 0.24093324661626841], [0.21123762426648152, 0.28908142444580803, 0.27369913456087164, 0.22598181662683878], [0.22490468954139023, 0.3178136097741246, 0.22759458759527246, 0.2296871129892127], [0.22143256491786614, 0.31783475382933113, 0.2346224179404251, 0.22611026321237762], [0.22019112764156726, 0.25766573121551123, 0.26782641610287844, 0.2543167249400431], [0.21755407748430997, 0.24290286002114275, 0.29969590899331533, 0.23984715340123194], [0.24879495048404138, 0.29542050643054363, 0.21774526587172252, 0.23803927711369247], [0.24376781319518162, 0.289440614585506, 0.2610083662601551, 0.20578320585915727], [0.25470132012653424, 0.3169361995877218, 0.2064180702721003, 0.2219444099136437], [0.2550593240286362, 0.3124546911268498, 0.2302001794882833, 0.20228580525623072], [0.23087962313488447, 0.2700781266132841, 0.24429452780865274, 0.25474772234317866], [0.22155720323429046, 0.2591288724152727, 0.2823519450494217, 0.23696197920101514], [0.2521095796538735, 0.2856186542935064, 0.22074674899913513, 0.241525016953485], [0.24879819893727811, 0.28176853897640347, 0.262421198533197, 0.20701206345312137], [0.26897910635432626, 0.3246669221295136, 0.19259470986280186, 0.21375926155335825], [0.27152410551461487, 0.3224035251176344, 0.206620144922041, 0.19945222434570972], [0.24338293435796526, 0.2848921460357348, 0.23468605031238643, 0.23703886919391345], [0.23863194101545884, 0.28807837626671035, 0.24089159786949454, 0.23239808474833626], [0.2669153630577751, 0.30736897766656, 0.2034842164678438, 0.2222314427078211], [0.26041773347065, 0.3044976637133094, 0.23152150556397127, 0.20356309715206933], [0.2693034530595406, 0.3302666692224685, 0.18971169841083826, 0.2107181792071526], [0.2710093178773321, 0.32694091415292187, 0.20602951327798266, 0.19602025459176334]], "ideal": "C", "sampled": "D", "correct": false}}
{"type": "result", "data": {"idx": 5, "options": ["to develop a vision statement", "to interpret trends for management", "to interpret the organization's business plan", "to consider the role public relations might play"], "probs": [[0.2096261797691441, 0.22206958795249654, 0.27254026719377555, 0.2957639649845838], [0.21467151174826077, 0.22346506028310525, 0.3635469105667135, 0.1983165173019204], [0.2123952507760322, 0.2179464995643107, 0.2839605211927648, 0.2856977283668923], [0.20983168241260308, 0.21123951440364797, 0.36964624339497565, 0.20928255968877327], [0.2468192054626649, 0.2419536036593241, 0.3069532604790716, 0.20427393029893937], [0.25084060054236706, 0.24885557218602875, 0.2689876218021994, 0.2313162053694048], [0.22066377429936715, 0.2033559114037635, 0.2740722935234461, 0.30190802067342326], [0.2271888520015256, 0.20539620210566234, 0.3672182802903259, 0.2001966655024862], [0.24391176203828827, 0.22438103445397467, 0.24654971448624566, 0.2851574889214914], [0.2322653611587073, 0.20922301084026554, 0.366403181325417, 0.19210844657561016], [0.2817381876166329, 0.2623287996040395, 0.2472666613917643, 0.20866635128756333], [0.28286544750180936, 0.2588817294673303, 0.2551282758067949, 0.20312454712406539], [0.22311507655914828, 0.20532152626898187, 0.28073986106956605, 0.29082353600230376], [0.21624405357695753, 0.19823851884053834, 0.3699078206361796, 0.21560960684632452], [0.23832012355447615, 0.22940787328858073, 0.24053048726700751, 0.29174151578993557], [0.22297724253621862, 0.21027032165422355, 0.37369833506478106, 0.19305410064477677], [0.27729025480358505, 0.265859216425059, 0.24172253904309612, 0.21512798962825985], [0.280060870026099, 0.26421074257581145, 0.2640643833640373, 0.19166400393405222], [0.2704219004367147, 0.23336508073157183, 0.28633544699474167, 0.20987757173697172], [0.2766495984016811, 0.23097841783506196, 0.25307774918346665, 0.23929423447979029], [0.301608631032604, 0.2558212654281518, 0.23289837634911834, 0.20967172709012585], [0.2976622834852358, 0.24804482981995596, 0.24733818696442178, 0.2069546996303864], [0.30064700686993256, 0.2427487860638586, 0.22709054227477898, 0.2295136646914298], [0.29774136679211244, 0.24399214581160297, 0.2545719260276463, 0.20369456126863827]], "ideal": "B", "sampled": "D", "correct": false}}
{"type": "result", "data": {"idx": 6, "options": ["When victims of abuse remain silent about the abuse", "When people hide their opinions if they do not agree with the majority", "When people hide their opinions if they are in disagreement with their close peers or family members", "When public relations uses opinion poll results to generate support for a particular issue"], "probs": [[0.22781697724516975, 0.24175731114838975, 0.2891527327858517, 0.24127297872058878], [0.22174666819739167, 0.259650319788717, 0.23483450708425122, 0.2837685048296401], [0.23475531972420194, 0.2697591580360217, 0.25459004529329016, 0.24089547684648624], [0.2342078983549514, 0.2917493879503325, 0.22555550930628662, 0.24848720428842946], [0.20566641975869798, 0.23346197254912987, 0.2429834418801356, 0.31788816571203654], [0.2063406885408753, 0.21959185925302213, 0.2884866041921169, 0.28558084791398564], [0.27306966618368217, 0.21845216858897606, 0.25741221052291063, 0.25106595460443115], [0.27410774482338457, 0.2233337777133304, 0.21192978409270471, 0.29062869327058033], [0.31815458898844023, 0.24228966640688512, 0.20839940567915496, 0.23115633882551967], [0.33456888791553296, 0.24378943440860446, 0.20683100817519398, 0.2148106694006686], [0.2815865915968552, 0.2225036505015262, 0.21088886573126336, 0.28502089207035525], [0.3131688190211287, 0.2213137265622774, 0.2375612074262581, 0.22795624689033575], [0.2783446990671971, 0.21595380351630397, 0.2537967042012544, 0.25190479311524455], [0.2894245770112702, 0.2180223678735139, 0.23019917993029235, 0.2623538750849235], [0.31599151143277276, 0.23013036755017766, 0.21691585428584506, 0.23696226663120448], [0.33848510656167785, 0.22852388490579645, 0.21903828295193925, 0.21395272548058644], [0.30380199525882656, 0.21825622209177045, 0.22323165991269467, 0.2547101226367083], [0.33607403442103734, 0.21990238783253782, 0.22125024260603934, 0.2227733350403855], [0.2085263908971398, 0.21931293931366735, 0.2547577061213263, 0.3174029635678665], [0.20628262746830334, 0.20978641195305786, 0.2937367216392166, 0.2901942388394222], [0.23746237081670613, 0.23042830705891326, 0.23256350947459534, 0.29954581254978524], [0.2619151057675034, 0.22018020358654536, 0.2804370098830311, 0.23746768066292018], [0.2511799260371105, 0.259143642782772, 0.22315272021587204, 0.2665237108642454], [0.2717957577372719, 0.2554415540273319, 0.2375206719852592, 0.23524201615013704]], "ideal": "A", "sampled": "C", "correct": false}}
{"type": "result", "data": {"idx": 7, "options": ["Research and evaluation", "Strategy and evaluation", "Strategy and implementation", "Objectives and implementation"], "probs": [[0.3346802244048383, 0.2794119673775573, 0.19794808031206595, 0.1879597278055384], [0.3287195709936725, 0.2741513374539348, 0.22368931277940846, 0.17343977867298427], [0.33451245228618426, 0.2787290894327709, 0.21021520225733034, 0.17654325592371448], [0.31313630935398606, 0.2862730323982068, 0.23015707728945378, 0.17043358085835336], [0.34562017075033624, 0.27026839269684905, 0.22064929694633392, 0.16346213950648072], [0.3262124608695263, 0.27122816036569564, 0.24339049689436162, 0.1591688817704164], [0.32210940599363697, 0.2605468371331444, 0.2092275501463331, 0.20811620662688557], [0.3181350684681509, 0.25711085240456466, 0.23758146592469842, 0.18717261310258607], [0.3278538237504063, 0.2784395176126347, 0.18512318750671256, 0.20858347103024644], [0.32883557143764314, 0.2788080482508122, 0.2134424904850135, 0.17891388972653116], [0.36838046261531565, 0.2883655471567863, 0.17184630290706548, 0.17140768722083255], [0.35124481767613397, 0.28797910472788835, 0.1947444884208153, 0.16603158907516238], [0.3198391294111588, 0.25478623074088425, 0.22803948006851393, 0.197335159679443], [0.31786641613644867, 0.2570495673414702, 0.24103737700221187, 0.1840466394198693], [0.3177210295561813, 0.27012606647513926, 0.20349388706157506, 0.20865901680710433], [0.32403431871119864, 0.2747842248350871, 0.21055293629956534, 0.19062852005414893], [0.3614503389019371, 0.28805797860039617, 0.17975461213348917, 0.1707370702641775], [0.3587265770699435, 0.30404268071186014, 0.17301894005977675, 0.16421180205841956], [0.32753506299558205, 0.25228759643892834, 0.24452550706802334, 0.17565183339746626], [0.3291306944250935, 0.2530890291785368, 0.24943495169313573, 0.16834532460323393], [0.32815236338898796, 0.27767709308584976, 0.20972122562399223, 0.18444931780117005], [0.3378280404910612, 0.2769137868229208, 0.21243644167770465, 0.17282173090831338], [0.36063521803551774, 0.2910055436652126, 0.18810497133824983, 0.16025426686101982], [0.3526919641451391, 0.29843137999313174, 0.1897500689026239, 0.15912658685910522]], "ideal": "A", "sampled": "D", "correct": false}}
{"type": "result", "data": {"idx": 8, "options": ["Defining the program", "Planning the program", "Taking action and implementing ideas", "Evaluation of the program"], "probs": [[0.23560439749997378, 0.3337808052498347, 0.19769421807023485, 0.23292057907995664], [0.22754740373679327, 0.3220803987347805, 0.1996043145515943, 0.25076788287683194], [0.18174037877114294, 0.25708890724856437, 0.326922426397367, 0.23424828748292567], [0.19140177043555773, 0.26644552545402894, 0.21540649875055892, 0.3267462052598544], [0.17397795550472617, 0.24531576821892118, 0.353013990514681, 0.2276922856616716], [0.18382130013590747, 0.2514595612197125, 0.24093184644757867, 0.32378729209680135], [0.2165488471441176, 0.28379754517831335, 0.2158706953386744, 0.2837829122388946], [0.20504891259262137, 0.26860728056703276, 0.2171741361050948, 0.309169670635251], [0.18878634636979835, 0.26762591194659985, 0.24529780473057353, 0.2982899368530283], [0.18559000554657742, 0.2591403308635942, 0.22300862266834895, 0.33226104082147945], [0.17962114778780536, 0.24622883267069487, 0.24757244059310868, 0.32657757884839106], [0.18422778223442213, 0.2449896669886346, 0.2460362053570909, 0.32474634531985236], [0.15830066016077463, 0.28310902189354825, 0.30862130111147135, 0.24996901673420574], [0.16662670421623152, 0.28418358294681895, 0.20609700723144325, 0.34309270550550625], [0.17076373098573125, 0.2915867566770791, 0.22244578597705353, 0.3152037262601361], [0.17374032475193923, 0.2832024949028636, 0.2121880469678042, 0.330869133277393], [0.14578408405335605, 0.26835976029038827, 0.2350013974817983, 0.3508547580744574], [0.14839544890827142, 0.26486313340399464, 0.3213947117007249, 0.26534670588700904], [0.1665759210632176, 0.2619909902848425, 0.31265264280511706, 0.2587804457468228], [0.17157659188546479, 0.26991171044260803, 0.2213711324317088, 0.33714056514021834], [0.1905268104105381, 0.3096232367798525, 0.21736116381257997, 0.2824887888970295], [0.19899677331236157, 0.3138299081557056, 0.20996295539314855, 0.27721036303878427], [0.1648038923575583, 0.263524860117309, 0.23754051325329978, 0.3341307341718329], [0.1623459659446277, 0.2556058015802719, 0.30500696268566374, 0.2770412696894367]], "ideal": "B", "sampled": "B", "correct": true}}
{"type": "result", "data": {"idx": 9, "options": ["ingratiation", "downplaying", "distancing", "nonexistence"], "probs": [[0.17888773018978485, 0.2741618237865534, 0.2366873692242258, 0.3102630766994359], [0.1712735469657801, 0.25217867270836725, 0.2479609883769892, 0.3285867918488634], [0.17854737009628355, 0.27375027942528085, 0.22569257355001535, 0.32200977682842025], [0.18712238965547445, 0.26111811396848655, 0.23978556690202393, 0.311973929374015], [0.1778663098634237, 0.2621917426323959, 0.25171503422127317, 0.3082269131829072], [0.19170661840031616, 0.26760355432944377, 0.2474385722460838, 0.29325125492415627], [0.17350649117462472, 0.2660717486803184, 0.24257547745255434, 0.31784628259250247], [0.16581379624375484, 0.24051276261877505, 0.2576897922933295, 0.33598364874414066], [0.17087670140484662, 0.2561874236692646, 0.24484546510837987, 0.3280904097175089], [0.1879840763025639, 0.23936451612456344, 0.2590155860669343, 0.3136358214059383], [0.17707732581926852, 0.23785542303709986, 0.2608594336972957, 0.32420781734633586], [0.19654663198035405, 0.2406905031066426, 0.2642983237285114, 0.2984645410844919], [0.17413168624889924, 0.261244110401848, 0.2380193102712044, 0.3266048929780484], [0.18820341858759748, 0.24907093495408658, 0.2489271387528658, 0.31379850760545014], [0.17189769188983325, 0.25024991852150386, 0.24251007669959165, 0.33534231278907123], [0.19293757643577378, 0.23655406695715656, 0.25354809699867303, 0.31696025950839657], [0.19312203216293472, 0.242144811757204, 0.2574293651536373, 0.30730379082622394], [0.19741626964396194, 0.23840616216687216, 0.25729538157819903, 0.3068821865109668], [0.19883754838784584, 0.2669479151509422, 0.22537513264064782, 0.3088394037205641], [0.21105644733751594, 0.27686194407740083, 0.22502378297652983, 0.28705782550855335], [0.19371679711962916, 0.2541272677842058, 0.23194949672211573, 0.3202064382740493], [0.21537318296245045, 0.2596191283630596, 0.2297342224070571, 0.29527346616743283], [0.21376000342615664, 0.2634972929691031, 0.2297680526742049, 0.2929746508305353], [0.22310714753880947, 0.2626554706825736, 0.2201512786548416, 0.2940861030237753]], "ideal": "B", "sampled": "D", "correct": false}}
{"type": "result", "data": {"idx": 10, "options": ["It hasn't", "Doubled", "Tripled", "Quadrupled"], "probs": [[0.23679833464636219, 0.2681312898744925, 0.23776910060902623, 0.2573012747701191], [0.23776288682471644, 0.27331057595426467, 0.24619934327225576, 0.2427271938487631], [0.24470196661886323, 0.2519705891357221, 0.24572758374141082, 0.2575998604040038], [0.24564969171139273, 0.2608423491926069, 0.25812682122202096, 0.2353811377739794], [0.23517396254494338, 0.27399323204379866, 0.23925652320545052, 0.2515762821058074], [0.24622341621107172, 0.28244548612324977, 0.23535194639963855, 0.23597915116603999], [0.298216925611316, 0.2283311532955503, 0.23270076960826014, 0.24075115138487357], [0.29611036178488787, 0.23013973233782586, 0.24201786515676746, 0.2317320406205188], [0.2864520549487718, 0.20949459073832788, 0.24598309395237616, 0.25807026026052415], [0.3060324878992323, 0.2037151367375726, 0.24313526577709435, 0.24711710948610074], [0.29246081226199516, 0.2170360781200488, 0.246810238641119, 0.24369287087683703], [0.310854061402024, 0.21013579709823718, 0.23187152585474421, 0.24713861554499458], [0.3002385496792962, 0.21916298566057119, 0.2456321120016514, 0.2349663525584812], [0.30806810119749145, 0.22471669648898612, 0.24783882865571394, 0.21937637355780845], [0.29850909555712096, 0.2081598968321526, 0.24075778185042865, 0.2525732256602978], [0.3185883211560594, 0.20216733516470511, 0.2413438594300185, 0.23790048414921702], [0.29763015658218384, 0.20725933896526347, 0.25494199608783596, 0.2401685082647167], [0.30345267506564017, 0.19553651205039455, 0.2522250451226889, 0.24878576766127639], [0.2885856456118934, 0.2275504334013343, 0.24339063502556224, 0.24047328586121003], [0.30396940132733735, 0.23588164064204079, 0.23328357832981308, 0.22686537960080877], [0.2838610368107856, 0.21711712749936915, 0.24330548577102598, 0.25571634981881924], [0.2996362700812951, 0.21527599965452116, 0.22339249812227993, 0.26169523204190376], [0.2847535227027834, 0.21099027360384942, 0.25178011498972924, 0.2524760886036379], [0.2981307252664865, 0.2012169837931788, 0.24039456604095258, 0.26025772479938214]], "ideal": "C", "sampled": "D", "correct": false}}
{"type": "result", "data": {"idx": 11, "options": ["They both require research monitoring.", "They both deal with acute risks.", "New organizational practices are developed as a result of each.", "Both have the potential to damage an organisation's reputation."], "probs": [[0.23243055091605686, 0.2335333113665297, 0.2550043501450575, 0.2790317874723559], [0.2164253825798158, 0.22479956669944914, 0.26895501405425437, 0.28982003656648064], [0.2350533192377672, 0.22924030166420187, 0.2579236068754302, 0.2777827721226007], [0.21944302972277108, 0.2238308257782392, 0.2764546655275535, 0.2802714788714362], [0.2308624489760109, 0.24321655523803035, 0.2490984759572708, 0.27682251972868793], [0.23317106413254557, 0.25701347373856137, 0.24314594628683062, 0.26666951574206244], [0.2284576675527023, 0.2258728228023432, 0.25829344215511885, 0.2873760673898357], [0.2128512028496561, 0.22089997590061303, 0.2766622387091492, 0.28958658244058166], [0.2361998698594327, 0.23365308244592414, 0.24665968097721663, 0.2834873666174265], [0.2218218180586874, 0.22565134203638168, 0.28254622639194266, 0.26998061341298824], [0.23928247746343434, 0.24413232866665696, 0.23842929656549133, 0.27815589720441736], [0.24037237520363014, 0.260110362735584, 0.24950499833085546, 0.25001226362993034], [0.21015841630507734, 0.22900379509412633, 0.265718392532766, 0.29511939596803033], [0.20115990044131635, 0.22935644473394312, 0.28278679495566844, 0.28669685976907205], [0.21132747281438446, 0.2411847371151395, 0.2508431188888248, 0.2966446710816512], [0.20541138067013426, 0.24091748118725706, 0.28331173307779717, 0.2703594049648115], [0.22640239178051746, 0.26170741339208886, 0.24045536334842804, 0.2714348313789656], [0.22878602359287084, 0.26398896155019413, 0.2538286040341795, 0.2533964107227555], [0.24195390168255684, 0.2284025617729476, 0.2485091015003694, 0.28113443494412615], [0.24679202961253788, 0.24351924292514512, 0.2447509728909512, 0.2649377544713658], [0.24285789555439352, 0.22934595431615104, 0.24142678799082917, 0.28636936203862623], [0.24921097239629578, 0.2494083382557017, 0.2542443009999944, 0.24713638824800815], [0.25236975768114056, 0.23799860120421973, 0.2427955680426219, 0.26683607297201783], [0.2529133742982537, 0.24161598493949454, 0.2584524336890616, 0.24701820697319013]], "ideal": "B", "sampled": "D", "correct": false}}
{"type": "result", "data": {"idx": 12, "options": ["1917", "1922", "1925", "1927"], "probs": [[0.23986275073853972, 0.21172303905707998, 0.32495491165941953, 0.2234592984449608], [0.23239404307059158, 0.2085299969782021, 0.32501367215562676, 0.23406228769557957], [0.24273489774921433, 0.21445134599525015, 0.32368752839439063, 0.21912622776114488], [0.23447357115784995, 0.21372835335978407, 0.32288193699468937, 0.22891613838767663], [0.24523052205329782, 0.21324538864677467, 0.32692288861994695, 0.21460120057998053], [0.2388886397672517, 0.20796014676339253, 0.33400020497677874, 0.21915100839257703], [0.2527826575513627, 0.20633240302332811, 0.32648078638145145, 0.2144041529438577], [0.2531236334451146, 0.2067261127406427, 0.32207410564557293, 0.21807614806866973], [0.26503257145463094, 0.21302814241729406, 0.30722422778026665, 0.21471505824780832], [0.2509400061311713, 0.20481133423103187, 0.3140899602687713, 0.23015869926902555], [0.268812034532548, 0.21299189644400077, 0.307092790380596, 0.2111032785428552], [0.24957687403975226, 0.20074597597337915, 0.32775251050748694, 0.22192463937938164], [0.2549246885361361, 0.20816381583760457, 0.3240291524209772, 0.2128823431052821], [0.2517721690249824, 0.20573731071288334, 0.32545084242920247, 0.2170396777329318], [0.26934329244692196, 0.21337635395392673, 0.30257663402720747, 0.21470371947194383], [0.2548637877793398, 0.20806305168448344, 0.3140076930512666, 0.22306546738491012], [0.26764622327989124, 0.21192976830270532, 0.3103436231302816, 0.21008038518712185], [0.25854158013646866, 0.20799354896859273, 0.31409248238503457, 0.21937238840990406], [0.26212570849794625, 0.2107591244593839, 0.3182548975106183, 0.2088602694320515], [0.25985832838238976, 0.20900196390735387, 0.32071395271578235, 0.21042575489447402], [0.27547916767226593, 0.21485382316348164, 0.30008244511464505, 0.20958456394960734], [0.25826807268253715, 0.21072790258637397, 0.30849764889387954, 0.22250637573720936], [0.27240997550147605, 0.21904569862082615, 0.3013156354126022, 0.2072286903650956], [0.26780029729608484, 0.2154564825161936, 0.2964971319066451, 0.22024608818107644]], "ideal": "B", "sampled": "C", "correct": false}}
{"type": "result", "data": {"idx": 13, "options": ["270", "600", "2,800", "5,200"], "probs": [[0.20011383590402776, 0.21639755566354926, 0.30747590613414255, 0.2760127021982804], [0.19404989479031792, 0.21649980542878947, 0.31761616465253406, 0.27183413502835857], [0.2021576673233312, 0.2254668392154663, 0.31052646963252173, 0.26184902372868074], [0.20412934097815674, 0.24215230390080403, 0.280954403792276, 0.2727639512287633], [0.20219870210948243, 0.229144874626504, 0.3107900069460918, 0.2578664162179217], [0.20644072003745018, 0.23741285854309213, 0.28879517744268635, 0.26735124387677134], [0.2080605352872847, 0.23572933756561126, 0.29093394926654964, 0.26527617778055446], [0.20614863008515044, 0.23732777366673946, 0.2976427242915985, 0.2588808718565116], [0.20997733188522158, 0.24167405426580021, 0.28057530937630537, 0.2677733043726729], [0.21858312513107417, 0.2325367365922959, 0.2828329545398786, 0.26604718363675134], [0.20733819590911837, 0.22787993804500678, 0.304356093609354, 0.26042577233652087], [0.21404067850892125, 0.23134356390094632, 0.2815033751220627, 0.2731123823680698], [0.2108831577755832, 0.2388161576261029, 0.28561346017762185, 0.2646872243206921], [0.21548951517902082, 0.24764836584093167, 0.28285943616007103, 0.25400268271997645], [0.2172770487093424, 0.25392426146082037, 0.2725904380562676, 0.25620825167356964], [0.22342746290457347, 0.24512246613915975, 0.2800253373108226, 0.25142473354544415], [0.21935514267143932, 0.2369277249614217, 0.29305348670691733, 0.2506636455602216], [0.21435955057686126, 0.22433276290939322, 0.3046135079098975, 0.25669417850384807], [0.2092215182936039, 0.24465692769992337, 0.2834485853462663, 0.26267296856020644], [0.214536831844515, 0.24292180259494173, 0.28160025784539433, 0.2609411076151489], [0.21160950395165265, 0.24370389410514115, 0.2871720876159816, 0.25751451422722454], [0.22227073872443479, 0.23662602546492226, 0.2788849431163593, 0.2622182925942837], [0.22417009362556545, 0.24607882291245645, 0.2814462952877933, 0.24830478807418482], [0.21844536902969033, 0.23231301507078028, 0.2916295441207859, 0.2576120716787435]], "ideal": "C", "sampled": "D", "correct": false}}
{"type": "result", "data": {"idx": 14, "options": ["Enabling", "Functional", "Normative", "Diffused"], "probs": [[0.23341532397045045, 0.24440527324028458, 0.2318677340494349, 0.29031166863983005], [0.23787986094181948, 0.252817604707494, 0.21800068343486942, 0.29130185081581705], [0.24498915669852353, 0.2606490552164735, 0.2081589400560121, 0.2862028479289908], [0.2510564699832816, 0.26695705253068486, 0.20655042546562424, 0.27543605192040926], [0.24287138834380614, 0.24984493848238995, 0.20535701245143895, 0.301926660622365], [0.24283656794657096, 0.25003303957711537, 0.21900825341897498, 0.2881221389573386], [0.22734535076945517, 0.24549700683131076, 0.23986968753129168, 0.2872879547679424], [0.2302414855058775, 0.25225450834331115, 0.23117182457603488, 0.28633218147477646], [0.23335963386107214, 0.2520803661142257, 0.22420871101811835, 0.2903512889065838], [0.22532410917413048, 0.2589603960255108, 0.22651784119725024, 0.28919765350310844], [0.23891755936140793, 0.2536557614549658, 0.21496567127939148, 0.29246100780423473], [0.22088862953361335, 0.24594742057248167, 0.23604954776787607, 0.2971144020260289], [0.25118454539694246, 0.25906290829383793, 0.20956876247310763, 0.28018378373611197], [0.25438833992286786, 0.2662287135522186, 0.2086470189078723, 0.27073592751704123], [0.24173748130560288, 0.25315767146860685, 0.21810106605939988, 0.2870037810663904], [0.23241975901186848, 0.25892385837826715, 0.21949529645632196, 0.2891610860535424], [0.2525818087292725, 0.2521249391203069, 0.21366508621321922, 0.28162816583720135], [0.23067527204457683, 0.24886412167635774, 0.22438453804348793, 0.29607606813557746], [0.2354086269081078, 0.24615686395815523, 0.2117279406655317, 0.30670656836820526], [0.23178893325395122, 0.2463174313060491, 0.2292217165002483, 0.29267191883975135], [0.2324107999508011, 0.2428760194107006, 0.21227159777736473, 0.31244158276113354], [0.2175631820937985, 0.23476594684160518, 0.2361489236118679, 0.3115219473527284], [0.24083574886191308, 0.25207289299611124, 0.21680709071354345, 0.2902842673284322], [0.22405923746128847, 0.2533275635780424, 0.22129107838391146, 0.30132212047675766]], "ideal": "C", "sampled": "C", "correct": true}}
{"type": "result", "data": {"idx": 15, "options": ["Audiences are more vulnerable and passive than ever before.", "Television viewing, in particular, creates increased activity in the right hemisphere of the brain.", "Active receivers are not uniformly affected by mass communication messages.", "Technology has led to increasingly passive recipients at the ends of message transmission systems."], "probs": [[0.2615183410465718, 0.24008594034085617, 0.2398194926656645, 0.25857622584690754], [0.2644730963724484, 0.23532311528493813, 0.25051228702616674, 0.24969150121644665], [0.27662174654421784, 0.2790125185413662, 0.21393588716919182, 0.23042984764522417], [0.2680002450674993, 0.2783607840259664, 0.22694744167442593, 0.22669152913210838], [0.27067232129251284, 0.2484008222569974, 0.2409945428130435, 0.2399323135374463], [0.26676271753249936, 0.2523614315518842, 0.2368170030585339, 0.24405884775708256], [0.24753275127615168, 0.245791967745519, 0.24202125853955148, 0.26465402233877783], [0.2515728883896826, 0.24186200982276979, 0.24989261847735725, 0.25667248321019037], [0.2448695636276345, 0.25466877599000515, 0.24662198491345247, 0.25383967536890784], [0.25500366469163244, 0.2525125779333412, 0.24445282284635794, 0.24803093442866841], [0.24875150989118466, 0.2546442486783171, 0.24665332205590695, 0.24995091927459132], [0.2528173662889114, 0.26249143869772384, 0.23489392151411734, 0.2497972733992474], [0.27776153631286865, 0.2589573148100111, 0.22444226332257694, 0.23883888545454326], [0.27601689097505333, 0.25697726008706473, 0.23335647580674249, 0.23364937303113945], [0.26073729212247787, 0.23543658148567154, 0.25372310714201746, 0.25010301914983313], [0.2722594222827515, 0.23419056038274608, 0.2521574572119521, 0.24139256002255025], [0.2750523306138738, 0.2560281975004886, 0.2396105754251905, 0.22930889636044713], [0.2844738193081675, 0.25657005262357513, 0.2257326345992541, 0.23322349336900328], [0.2959278601165825, 0.2398838370885101, 0.23265208058324896, 0.2315362221116584], [0.29067770076881344, 0.242931146045042, 0.23163037344926488, 0.23476077963687966], [0.28123911374262583, 0.23495944631851198, 0.2421806978287303, 0.24162074201013187], [0.2898825022323374, 0.23464200689109163, 0.2304782649501675, 0.2449972258264035], [0.2937937168123695, 0.2531893328529528, 0.23013024715656216, 0.22288670307811556], [0.30570826386893823, 0.25513974209766876, 0.21461846252051267, 0.2245335314128803]], "ideal": "C", "sampled": "D", "correct": false}}
{"type": "result", "data": {"idx": 16, "options": ["A politician", "A house of worship", "A government institution", "A publicly-traded company"], "probs": [[0.3844014336917707, 0.20929388457195447, 0.20240309548756596, 0.20390158614870882], [0.39771587245236106, 0.19671739929016308, 0.22542988097544084, 0.180136847182035], [0.37325574632379954, 0.21627625297572245, 0.1963821141098208, 0.21408588649065724], [0.3815427180973027, 0.21068488373266162, 0.2236913177697383, 0.18408108030029732], [0.42005956794680055, 0.2210295829109293, 0.18835304956270804, 0.17055779947956212], [0.4056265116170704, 0.22402869496532177, 0.2003170728530402, 0.1700277204645676], [0.38070651173995684, 0.2009758770846543, 0.2033653082265924, 0.2149523028487964], [0.3933436630771157, 0.18866120558075788, 0.23701966159685028, 0.18097546964527614], [0.37702566943310933, 0.20206089616872203, 0.19792636031803637, 0.22298707398013223], [0.3726446552288211, 0.19905447654250374, 0.24590766403049824, 0.1823932040981769], [0.4223507470170728, 0.20885518813593346, 0.19192775163900103, 0.17686631310799267], [0.40569561715837454, 0.2100338339595569, 0.21176108715800784, 0.1725094616240607], [0.36277474868321363, 0.2101311769832295, 0.20913454264890308, 0.21795953158465378], [0.36531801661107605, 0.20490243454772572, 0.24227238782035262, 0.18750716092084563], [0.3710988218874994, 0.20511909132812262, 0.20425042812347005, 0.21953165856090795], [0.36538756978993214, 0.2013326198058444, 0.24878057086306218, 0.18449923944116123], [0.39562154369166924, 0.21841563744884823, 0.2010515809798278, 0.18491123777965468], [0.3907698748729745, 0.22199693650762944, 0.21035412265274614, 0.1768790658666499], [0.4223999787861911, 0.20259956107797764, 0.19528848547971225, 0.17971197455611898], [0.40797502406294867, 0.20859065960632014, 0.2014378041041788, 0.18199651212655238], [0.4265564083626483, 0.19819967446729397, 0.19095356760499674, 0.18429034946506095], [0.41221506627893156, 0.2037006975119469, 0.20874953889993106, 0.17533469720919048], [0.406991535801215, 0.21131112938860702, 0.19144175595763743, 0.1902555787525405], [0.40501629095151126, 0.21301452178569794, 0.19860457780149626, 0.18336460936129453]], "ideal": "C", "sampled": "D", "correct": false}}
