{"type": "result", "data": {"idx": 0, "options": ["5 permanent members with veto power, 10 rotating members with no veto power", "5 permanent members and 10 rotating members, all with veto power", "10 permanent members with veto power, and 5 rotating members without veto power", "15 permanent members with veto power"], "probs": [[0.3871362497371915, 0.20405276147863913, 0.2033006849160656, 0.20551030376810375], [0.3428153301620592, 0.21157885856770803, 0.18875832488785035, 0.25684748628238246], [0.3984993517671177, 0.20030458864185233, 0.20249133394907567, 0.1987047255419543], [0.348106643409885, 0.20480419423941312, 0.19442031944359162, 0.2526688428071102], [0.3528303012742519, 0.21106012792444012, 0.19158144864257, 0.24452812205873792], [0.34676715848260875, 0.2042481634634479, 0.19725704464641955, 0.2517276333075238], [0.40930008274246976, 0.20914834424030906, 0.1927701354911358, 0.18878143742608536], [0.3632003420705042, 0.22086884408275215, 0.17951807645430193, 0.2364127372924417], [0.41201335801554295, 0.20712158390479704, 0.18782474378592182, 0.19304031419373813], [0.3864654254706788, 0.2136585223170374, 0.18482573166199423, 0.21505032045028954], [0.36596115874622637, 0.2155786571349892, 0.18386201284682915, 0.23459817117195528], [0.37550124145258373, 0.2142942206978287, 0.1945050482699932, 0.21569948947959436], [0.42369635171516723, 0.19386511126800202, 0.1930822042356231, 0.1893563326812076], [0.3625498467701199, 0.20366646650880105, 0.1904349355273984, 0.24334875109368065], [0.4110640654508142, 0.19706553490565307, 0.1963788595341933, 0.19549154000933944], [0.37974623558620546, 0.20353536582727186, 0.18459637851082802, 0.23212201997569465], [0.3674535562461789, 0.20012030599858802, 0.18181261960275644, 0.2506135180524766], [0.39463070071038864, 0.2018254099714536, 0.1804380878299275, 0.22310580138823025], [0.3821101657117337, 0.21505364244755695, 0.18008727638502842, 0.22274891535568092], [0.37463116453054124, 0.21066999512815762, 0.18219390377025063, 0.2325049364710505], [0.3807637974808175, 0.22105710363093062, 0.17956214989134264, 0.21861694889690922], [0.39253442305768876, 0.21729520803617447, 0.18504098994547472, 0.20512937886066201], [0.380274116954923, 0.20723894236399595, 0.17650841174744772, 0.2359785288336333], [0.409916526185954, 0.20972715628623517, 0.175964328270904, 0.20439198915690687]], "ideal": "A", "sampled": "B", "correct": false}}
{"type": "result", "data": {"idx": 1, "options": ["It allowed the US to intensify its involvement in Vietnam", "It illustrated the influence of public opinion on US foreign policy", "It enhanced Congressional control over the Vietnam War", "It curtailed US involvement in Vietnam"], "probs": [[0.2770609814089491, 0.22981996489521472, 0.2581274172684598, 0.23499163632737638], [0.2821615976135141, 0.23083944960371125, 0.25482002277836135, 0.23217892990441327], [0.2702293693749088, 0.2243757247700429, 0.2725761532510932, 0.23281875250395506], [0.26556810338273196, 0.2274633164854378, 0.26354091964200865, 0.24342766038982158], [0.2652310649716546, 0.2239322744404177, 0.267448119272425, 0.24338854121550269], [0.2565068640527945, 0.22663201727138632, 0.26658583081955917, 0.25027528775626], [0.28016915914594853, 0.23257696626244787, 0.2532037198290345, 0.2340501546625691], [0.28207930499356526, 0.227424558565754, 0.25105341892334504, 0.23944271741733567], [0.27458478361097216, 0.22432123275413623, 0.26817752309873993, 0.23291646043615166], [0.2634118316839303, 0.22210970021543722, 0.26137865755531026, 0.2530998104453222], [0.27554764109116653, 0.22193909187157923, 0.2649899900444107, 0.2375232768928435], [0.2643486182321422, 0.21933206260001603, 0.2582864386095672, 0.2580328804582746], [0.2725080088993787, 0.23700735048025948, 0.26647888023102534, 0.22400576028933647], [0.26668950912669714, 0.23195646700923692, 0.2645410895083054, 0.23681293425576053], [0.26636569498651275, 0.23158057486570127, 0.2726015624458479, 0.2294521676019381], [0.25960280328168606, 0.2293682442658544, 0.2616541864466892, 0.24937476590577032], [0.2481438294358116, 0.22612161258219626, 0.287493786559747, 0.23824077132224517], [0.2461978868536952, 0.22105840677618516, 0.27707078224419124, 0.2556729240259284], [0.2665592431755536, 0.24349896607348182, 0.25660184023198446, 0.23333995041898015], [0.25875537147052596, 0.24729201179010418, 0.25689135530354756, 0.23706126133582225], [0.2654660939904822, 0.2313165813453147, 0.26341563460576906, 0.23980168995843407], [0.2543041332019139, 0.22118001514905178, 0.26443555160394755, 0.2600802999450867], [0.2504536434622399, 0.2284076890595526, 0.2769524372255285, 0.24418623015267898], [0.24881194158670766, 0.21670347127083325, 0.28005131659014953, 0.2544332704523095]], "ideal": "A", "sampled": "A", "correct": true}}
{"type": "result", "data": {"idx": 2, "options": ["Terrorists", "Organized crime", "Drug traffickers", "China"], "probs": [[0.2300007113584565, 0.27072755306420154, 0.2257074780747333, 0.27356425740260865], [0.22112163067995516, 0.2665838380363384, 0.22119837166238288, 0.2910961595213235], [0.21789993668254665, 0.2606040277906529, 0.21377155501152512, 0.30772448041527534], [0.2141557718850863, 0.262327782416105, 0.20911610991305746, 0.3144003356857512], [0.2217419263239203, 0.2552560231541244, 0.2218461897472296, 0.3011558606747257], [0.22426026723138612, 0.26835840537906697, 0.23869119226495888, 0.26869013502458805], [0.23372423646496987, 0.28824806210496423, 0.22100082037623062, 0.25702688095383525], [0.22254139182726368, 0.2835380434706391, 0.21654292938928016, 0.27737763521281705], [0.20155806537105592, 0.24491226305729386, 0.25043865662635384, 0.3030910148452964], [0.1946299282901543, 0.2574059741658647, 0.22938107635412816, 0.31858302108985287], [0.19651803957994682, 0.2427860123506593, 0.2412635904685868, 0.31943235750080706], [0.21462697319207702, 0.2750840659871957, 0.2452269682686538, 0.2650619924520734], [0.22672960159895483, 0.2669591903419564, 0.2193259894628544, 0.2869852184962343], [0.2179825687791706, 0.27339702027099166, 0.21499873054861585, 0.2936216803012219], [0.20616840438475068, 0.24660288529918858, 0.25606039927009355, 0.2911683109459672], [0.20382076499808105, 0.25923448798448306, 0.2309014796979792, 0.3060432672194567], [0.20220259733871868, 0.24593935513746135, 0.2480789086605891, 0.30377913876323087], [0.21126203551656425, 0.2564063110155701, 0.22491088842453863, 0.307420764943327], [0.19676806617104478, 0.27092633456043175, 0.24100273073297918, 0.2913028684355443], [0.19438369901717778, 0.2825119028695894, 0.2550610747641923, 0.2680433232490405], [0.1835685019438131, 0.24881973118619227, 0.25467922522026937, 0.3129325415497253], [0.1973747432425722, 0.27986058172972955, 0.25282090523067774, 0.2699437696970205], [0.1835140287692615, 0.2585897445420121, 0.2526395916686142, 0.3052566349201121], [0.186120742954455, 0.2722478427540852, 0.23473306788442427, 0.3068983463070355]], "ideal": "D", "sampled": "A", "correct": false}}
{"type": "result", "data": {"idx": 3, "options": ["Richard Nixon", "George H. W. Bush", "Jimmy Carter", "Ronald Reagan"], "probs": [[0.4595701303426365, 0.20621503319235465, 0.2088861409612985, 0.1253286954037103], [0.4476058845277961, 0.20725445856479605, 0.2304511992912631, 0.11468845751614477], [0.45686437313564554, 0.21148259305381145, 0.20115386838231, 0.130499165328233], [0.4506953656222736, 0.2056603133472776, 0.2148524075531684, 0.1287919133772804], [0.47371066121509176, 0.2125940807833377, 0.19602673221515005, 0.1176685256864205], [0.46573416986176625, 0.20603340248093796, 0.19916241765526843, 0.12907000990202733], [0.3572852472880191, 0.30457208919036866, 0.21490072672456512, 0.12324193669704717], [0.34434257651616207, 0.3077026490670207, 0.23462555426152898, 0.11332922005528823], [0.2901556150301871, 0.23232334503706634, 0.3365220377030909, 0.14099900212965563], [0.2953532039823818, 0.2400917708633657, 0.2887291907975431, 0.17582583425670942], [0.3059142024781622, 0.24882254743539206, 0.31798766007783025, 0.12727558990861546], [0.33115462945761603, 0.25293294723483084, 0.24451262849415822, 0.17139979471339492], [0.3518698250992524, 0.32389668193970556, 0.19913327698405467, 0.1251002158769874], [0.3478253561169478, 0.3154988359083381, 0.21298107978764666, 0.12369472808706747], [0.30592926421893263, 0.23352275090496769, 0.3334216673809157, 0.12712631739518396], [0.308249831168821, 0.2465135603896629, 0.2701500653950431, 0.17508654294647297], [0.3169869231411764, 0.24597923821700363, 0.30521736000730215, 0.13181647853451778], [0.33435791727537156, 0.25516921279262883, 0.23204950985972198, 0.1784233599722776], [0.35968331838838014, 0.3357132499967544, 0.19676978127068212, 0.10783365024418333], [0.3592994533983693, 0.3205355692068091, 0.19996737239453607, 0.12019760490028555], [0.307357561086584, 0.23448833204280145, 0.34526078195623977, 0.11289332481437471], [0.3347523112334146, 0.2398570257228061, 0.2548207266427349, 0.1705699363010444], [0.2990255444652492, 0.2354559074242666, 0.3310332992649834, 0.13448524874550077], [0.3211371600306762, 0.2525391876445001, 0.2522134482608352, 0.17411020396398852]], "ideal": "A", "sampled": "A", "correct": true}}
{"type": "result", "data": {"idx": 4, "options": ["on nuclear weapons signed between the United States and the Soviet Union.", "cutting conventional arms in Europe.", "to be rejected by the U.S. Senate.", "mandating the elimination of many long-range nuclear missiles."], "probs": [[0.3283893318865928, 0.2189593813069529, 0.21468778482818454, 0.23796350187826973], [0.3403730493554755, 0.2158753190979648, 0.25489331048840375, 0.1888583209581559], [0.36126416918002957, 0.2226939797178734, 0.19553111491632183, 0.22051073608577515], [0.3470783738193555, 0.22355831999678918, 0.2512822598731922, 0.17808104621066306], [0.39062523255874704, 0.2517791948695651, 0.18610779661898694, 0.17148777585270092], [0.3788204732334212, 0.25208505609964177, 0.19496896570507616, 0.17412550486186085], [0.2899587538536135, 0.28134752155552734, 0.20167896750576034, 0.22701475698509876], [0.3004263639149647, 0.2816036641316144, 0.23205541071955416, 0.18591456113386673], [0.26292456369115763, 0.22480387498293805, 0.27888099603014366, 0.2333905651957607], [0.2685799260380516, 0.21550142441768005, 0.2886607007593234, 0.22725794868494495], [0.30958055985483346, 0.2683839459689701, 0.23926190673012188, 0.18277358734607457], [0.3020251899052078, 0.2663171211716314, 0.20975767938907416, 0.2219000094340866], [0.33157690352324304, 0.2746407553064814, 0.18182710895073734, 0.2119552321195382], [0.3127650553245298, 0.2750556971644255, 0.23320818192475848, 0.17897106548628616], [0.27970065830233165, 0.21413130417913764, 0.2692274072727327, 0.236940630145798], [0.28361420975429236, 0.20686229444872115, 0.27690675026667433, 0.23261674543031222], [0.32141260267299776, 0.2614775675714074, 0.2360562603254374, 0.18105356933015745], [0.34976501685913974, 0.25531320620100206, 0.18833771994297097, 0.20658405689688722], [0.3815243839836066, 0.25808173415464225, 0.1849132329040627, 0.17548064885768844], [0.37097144123182374, 0.2589275836685652, 0.19417753813709165, 0.17592343686251935], [0.3480884924752568, 0.21425076678485652, 0.25339099007126004, 0.1842697505686266], [0.3401364785133353, 0.20967527356659532, 0.22246248190748755, 0.22772576591258184], [0.33538053917300226, 0.21959855168656475, 0.25906445415419466, 0.18595645488623833], [0.36405907972810686, 0.21742294078610863, 0.20003330109404022, 0.21848467829174426]], "ideal": "D", "sampled": "A", "correct": false}}
{"type": "result", "data": {"idx": 5, "options": ["It ended the influence of American exceptionalism entirely", "Exceptionalism was enhanced by America's status as the 'leader of the free world'", "The extension of American power globally challenged core assumptions of exceptionalism", "Both b and c"], "probs": [[0.2580994107777973, 0.3146225260572304, 0.23761225098397823, 0.18966581208099403], [0.25186225394081363, 0.2717779237985343, 0.21492521142411902, 0.26143461073653296], [0.24413509265731148, 0.2982126607393728, 0.2510825805598908, 0.20656966594342488], [0.24341809786400284, 0.27508251216745233, 0.2248508944971483, 0.25664849537139656], [0.212306600604484, 0.21849113375011975, 0.26786976650852845, 0.3013324990368678], [0.21133863378461645, 0.23525125837586866, 0.26269979456568415, 0.2907103131738307], [0.2665279686246433, 0.2491775788485268, 0.26928608403108417, 0.21500836839574572], [0.25197469810149564, 0.22186946536066524, 0.22522134741048838, 0.30093448902735076], [0.28740684479909806, 0.29517961865004805, 0.20621850516306767, 0.2111950312877862], [0.2950132664751003, 0.2677681605409932, 0.23650042629859713, 0.20071814658530934], [0.2372487293206757, 0.2225013623537258, 0.21897668623120384, 0.3212732219943946], [0.24955946207176724, 0.23389637563891477, 0.3051638421013461, 0.21138032008797183], [0.284334872401159, 0.2501496113608909, 0.24996492636632084, 0.2155505897716292], [0.2619612812733949, 0.23054049906809432, 0.22711391744726694, 0.2803843021112438], [0.3088986689199856, 0.2631468317754079, 0.20801837990478414, 0.2199361192998224], [0.3023455530801728, 0.24991362539157433, 0.24210607234518824, 0.2056347490830646], [0.2633311410978686, 0.2507848702003381, 0.20824290499626993, 0.27764108360552336], [0.2851713639983179, 0.24345443013043158, 0.25145948305386256, 0.21991472271738796], [0.19903449712193463, 0.18343026934219928, 0.29769241806868046, 0.3198428153671856], [0.2023276060270458, 0.19867168068878435, 0.3075615419503219, 0.29143917123384794], [0.2504240423443258, 0.22726105015753326, 0.21369717796675286, 0.30861772943138804], [0.24473335211114547, 0.23647362343798095, 0.2946910603748772, 0.22410196397599638], [0.2392033558607317, 0.26212913576512265, 0.2174232517687589, 0.28124425650538676], [0.24876528605170964, 0.2641404529524882, 0.24835393950312415, 0.238740321392678]], "ideal": "D", "sampled": "C", "correct": false}}
{"type": "result", "data": {"idx": 6, "options": ["He believed that internal reform rather than international negotiation was the key to economic regeneration of the US", "He believed that German domination of Europe would be in US interests", "He always favoured isolationism", "All of the above"], "probs": [[0.29214264265399265, 0.2061644735501688, 0.25822491605493175, 0.24346796764090683], [0.3182077847791895, 0.19590205827938761, 0.3005344405708681, 0.18535571627055478], [0.28121645931867695, 0.22836145627369459, 0.24482396211702917, 0.24559812219059926], [0.29189825924989016, 0.20349327334196757, 0.3024925977432013, 0.20211586956494096], [0.3602705949224958, 0.2589602210703845, 0.20944895160262827, 0.17132023230449142], [0.3602167772951153, 0.25482583802851394, 0.19969156977598418, 0.1852658148003866], [0.2893956644453639, 0.21737884306788502, 0.25585598132221343, 0.23736951106453763], [0.3266419269307225, 0.2043557227751618, 0.2901638534423776, 0.17883849675173802], [0.2696018138376937, 0.23305081624290927, 0.26181381157957573, 0.23553355823982125], [0.2707481843408313, 0.2242438777606284, 0.28570871265109615, 0.21929922514744413], [0.35239352722239603, 0.2572450262871922, 0.225381695445241, 0.16497975094517078], [0.32797898372802164, 0.25518767882472915, 0.20338616353983593, 0.21344717380741327], [0.2659124433728381, 0.24456942079005722, 0.24235561487635343, 0.24716252086075127], [0.28613236543655096, 0.21908037362292077, 0.296608865231417, 0.1981783956091113], [0.2595536592542706, 0.23143087780705482, 0.26389690051284903, 0.24511856232582555], [0.26296992282785486, 0.22483722378317736, 0.28190009063196886, 0.2302927626569989], [0.3098878012270954, 0.25227967278043406, 0.24254268766812997, 0.19528983822434054], [0.2834353573382492, 0.2537187451042765, 0.2222230086502092, 0.24062288880726507], [0.32506190274108704, 0.2568050209859244, 0.22875062096436347, 0.18938245520862504], [0.31423917877868346, 0.24840172002814298, 0.2392054831624061, 0.1981536179307674], [0.32054812304836844, 0.2416455267392205, 0.24803316232814887, 0.18977318778426222], [0.2812371593616874, 0.24058050273308149, 0.2356510048220989, 0.2425313329831322], [0.2913470820590514, 0.23018160117080325, 0.2671196420652829, 0.21135167460486246], [0.2655728081922554, 0.23796474222054423, 0.23285838265300615, 0.2636040668341942]], "ideal": "A", "sampled": "D", "correct": false}}
{"type": "result", "data": {"idx": 7, "options": ["A strand of neo-isolationist sentiment", "A strand of internationalist sentiment", "An expression of American cultural superiority", "Increased incorporation of public opinion in foreign policy making"], "probs": [[0.34661182757726205, 0.22795796392068565, 0.2101761996535887, 0.21525400874846362], [0.3567036879688326, 0.24149302416135845, 0.24006240842139948, 0.16174087934840942], [0.3325731605298617, 0.19597967581072115, 0.25498642375066194, 0.2164607398087552], [0.32173319688997404, 0.20457274600091047, 0.26132082157738, 0.21237323543173547], [0.3740654773914625, 0.25009255853498785, 0.21639060327062937, 0.15945136070292024], [0.35024533564848004, 0.2526665477102726, 0.20543290938272663, 0.19165520715852075], [0.3591108482319503, 0.19911309474711208, 0.22192535794208584, 0.2198506989788518], [0.36922815988585816, 0.20741151580243708, 0.253248278074693, 0.1701120461370117], [0.35570639898358725, 0.20008036790397243, 0.22321284147672185, 0.2210003915357185], [0.3672548288820717, 0.20307031574409506, 0.25225448981764376, 0.17742036545618947], [0.40177302351232913, 0.2223198943416513, 0.2019760995312387, 0.1739309825147808], [0.3960186301672607, 0.21217893378071523, 0.21493514200289154, 0.17686729394913253], [0.29731860753900896, 0.20174691079029589, 0.288232475490357, 0.21270200608033807], [0.2840151999900282, 0.20804374787980834, 0.292067519037499, 0.21587353299266443], [0.32081954600103496, 0.2209957671537994, 0.24601063106047474, 0.21217405568469086], [0.32805904253928947, 0.22923305286807702, 0.26309939824245826, 0.17960850625017527], [0.3144591309802578, 0.249094445273951, 0.21881700071812482, 0.21762942292766638], [0.33164504167101333, 0.23205457625452738, 0.2459461837761027, 0.19035419819835656], [0.3902724930010135, 0.1969391229308192, 0.24383384787083523, 0.16895453609733208], [0.38211759921067434, 0.2017369717157806, 0.21029213068766525, 0.2058532982858798], [0.40811619766618873, 0.2088896514101001, 0.2144055696273851, 0.16858858119632605], [0.40748156878802627, 0.20518811923633168, 0.21095118785920672, 0.17637912401643532], [0.37244652382791227, 0.21255550736546644, 0.20478629489220063, 0.21021167381442063], [0.38374360248353384, 0.20259691169033306, 0.22833173784321867, 0.1853277478829144]], "ideal": "A", "sampled": "D", "correct": false}}
{"type": "result", "data": {"idx": 8, "options": ["The war reduced European population levels below that of the United States", "The United States seized German resources after the war", "European countries paid the United States for assistance", "The United States became a creditor country and financial centre, with European war spending boosting the US economy"], "probs": [[0.16489647818634443, 0.19032438664691936, 0.23159960600204726, 0.4131795290646889], [0.19787271908547785, 0.18920742537297458, 0.3796376698721593, 0.2332821855693883], [0.16512352978469858, 0.19656320525692808, 0.22460376210036015, 0.4137095027580132], [0.21060219091153862, 0.20930806978474986, 0.36762269779906015, 0.21246704140465134], [0.27502721955152665, 0.2885743422305249, 0.20654712923111043, 0.229851308886838], [0.2583310719320116, 0.30249641694812823, 0.21972730245750163, 0.21944520856235852], [0.16743627681033682, 0.1932648900992194, 0.239043027791734, 0.4002558051987098], [0.206150781996038, 0.19249242255413207, 0.365788692709156, 0.2355681026406739], [0.17433225587257092, 0.2076191840077687, 0.2266009382199858, 0.39144762179967457], [0.20331864056938218, 0.20370665190566997, 0.3605216741201368, 0.23245303330481104], [0.25567982360189867, 0.30900518023873363, 0.20778513571882024, 0.22752986034054745], [0.24772449217981207, 0.30954758926153025, 0.21130855924868963, 0.23141935920996806], [0.17064398016880256, 0.19991787670288413, 0.2215548985511567, 0.40788324447715657], [0.21809889048989822, 0.20833439812462767, 0.36035164650127405, 0.21321506478420008], [0.17908149955866046, 0.20347519216886908, 0.215260699369839, 0.40218260880263146], [0.20525552942057868, 0.19933079775160414, 0.36436153540429295, 0.2310521373235242], [0.2823614523401318, 0.31029746139247505, 0.20547054359015599, 0.2018705425772371], [0.2848123524854176, 0.3035903184232414, 0.1979561686926961, 0.21364116029864486], [0.36738655514897506, 0.2096087069541521, 0.1984979539687314, 0.22450678382814146], [0.35913648662646697, 0.21814858586173422, 0.21313005366086446, 0.2095848737509344], [0.3687837178455122, 0.2071681798365399, 0.2056269974149325, 0.21842110480301538], [0.3491714842391799, 0.20915016218194746, 0.21070071738787433, 0.23097763609099833], [0.3748029731015399, 0.21729254267791687, 0.20574324971675548, 0.20216123440378775], [0.36344649028629694, 0.21426586272358408, 0.19990540442428992, 0.22238224246582902]], "ideal": "D", "sampled": "D", "correct": true}}
{"type": "result", "data": {"idx": 9, "options": ["the president of the United States.", "the secretary of defense.", "the chairman of the Joint Chiefs of Staff.", "Congress."], "probs": [[0.3548599288961058, 0.22122841240424196, 0.23890242690148364, 0.18500923169816863], [0.34502777453786965, 0.20287682114002878, 0.3003803789315251, 0.15171502529057648], [0.3442359268321078, 0.20806017515962916, 0.26249960062263006, 0.185204297285633], [0.32782672366976473, 0.18955165788640033, 0.34299249900461315, 0.1396291193392218], [0.3941313325964664, 0.24638336894432528, 0.21813179550373765, 0.14135350285547066], [0.3813312237676752, 0.25339614587287895, 0.22424651011827718, 0.14102612014116866], [0.3111688010876861, 0.3096713834887191, 0.2091427618566963, 0.17001705346689852], [0.31419934882957856, 0.29044588531790794, 0.2337959934896087, 0.16155877226290483], [0.2502959817574057, 0.18227050792960578, 0.4024625660054294, 0.16497094420755917], [0.23163582146564737, 0.1832417858028614, 0.40059277406853133, 0.18452961856295988], [0.2620643337991384, 0.24618327248341768, 0.33163067200994184, 0.1601217216075021], [0.2520686798470383, 0.2597396191578474, 0.264307451116273, 0.22388424977884125], [0.3159706545160547, 0.3344730088603851, 0.19001073850265326, 0.1595455980209069], [0.3104111644437789, 0.3193005716272943, 0.21591732547261797, 0.1543709383563088], [0.25691013459602857, 0.2054926160884506, 0.37609675344764926, 0.16150049576787154], [0.2362625896694432, 0.21181972322729978, 0.3723584711179308, 0.17955921588532625], [0.24902108680233262, 0.24107793330341706, 0.355605994957977, 0.15429498483627332], [0.2530793471953708, 0.2609269838988033, 0.2781071579742333, 0.20788651083159262], [0.34771308299402204, 0.2920367419427659, 0.22101454434568876, 0.13923563061752328], [0.3384602069516276, 0.30236551162557096, 0.22162893412281087, 0.1375453471999906], [0.26616828633927114, 0.21006558908400266, 0.35615101126380216, 0.167615113212924], [0.2864769909549281, 0.2259587130928962, 0.25961007891651433, 0.2279542169356613], [0.2560567037820077, 0.19568914756275785, 0.38715888219653943, 0.16109526635869503], [0.28271980807100644, 0.2129542583183663, 0.28620176225116917, 0.21812417125945807]], "ideal": "D", "sampled": "A", "correct": false}}
{"type": "result", "data": {"idx": 10, "options": ["The US ignored the Third World", "Local developments were viewed through a geopolitical lens", "The US unreservedly supported decolonization", "None of the above"], "probs": [[0.21198418734337982, 0.30206799504120435, 0.25590455529514927, 0.23004326222026655], [0.2343899283778279, 0.2695652045363926, 0.22867391787612149, 0.267370949109658], [0.17227141043992467, 0.23795048180970815, 0.36432777745871964, 0.22545033019164754], [0.19010202584749827, 0.21847258506020686, 0.24506440756254494, 0.34636098142974986], [0.18162134558562198, 0.2149918856255576, 0.34576416527396114, 0.25762260341485926], [0.1736768730205406, 0.2121443387014813, 0.28265049208405885, 0.33152829609391926], [0.24216764441191482, 0.2407022642639301, 0.2703241327038053, 0.2468059585203498], [0.2499002739566922, 0.2099837001953039, 0.2551643176072685, 0.2849517081407354], [0.27297777748292135, 0.2547899858336166, 0.2229065067219304, 0.2493257298615316], [0.2805635672611108, 0.2360342477925159, 0.24954043698110878, 0.23386174786526454], [0.27002814409416726, 0.2376952916146048, 0.2287843674192526, 0.2634921967719754], [0.2618064245050642, 0.24901513381769885, 0.26746829942966627, 0.22171014214757065], [0.19055252981437287, 0.235791426340136, 0.35017111372171233, 0.22348493002377878], [0.20605113224267183, 0.21212579940003226, 0.2455695642455092, 0.3362535040117867], [0.25728544973669704, 0.31835139268957036, 0.2036724418745282, 0.2206907155992044], [0.2726763920108159, 0.2996145307947874, 0.21092292897243506, 0.21678614812196165], [0.20657768843492388, 0.23701332507147535, 0.23463980851211189, 0.32176917788148884], [0.22069410977540832, 0.2532013654455661, 0.32733812924926387, 0.19876639542976174], [0.176041970353345, 0.22186655632820676, 0.3404971557366945, 0.26159431748175377], [0.17535130416560074, 0.21763959200531025, 0.27236705609865663, 0.33464204763043237], [0.23862896433898034, 0.3059092002462548, 0.21908063673632866, 0.2363811985784362], [0.23166616713176388, 0.3062250476966771, 0.25661422652654664, 0.2054945585450124], [0.1893963032411664, 0.2386207722556849, 0.23252044511618258, 0.33946247928696605], [0.19681257617833442, 0.24817365786155404, 0.3412082936478452, 0.2138054722122663]], "ideal": "B", "sampled": "B", "correct": true}}
{"type": "result", "data": {"idx": 11, "options": ["It was the first time the US became involved in the Balkans", "It was the first time NATO used military force", "It was the first war won by airpower alone", "It was the first war to employ 'smart weapons'"], "probs": [[0.2610990923054458, 0.23515614164038912, 0.2603952508786621, 0.24334951507550298], [0.26204258981833817, 0.24357751735330244, 0.2575289385516886, 0.23685095417667074], [0.23241570243276033, 0.21264661529550458, 0.29753765017488015, 0.2574000319968549], [0.20809281120050352, 0.20955702901431278, 0.24648551661377843, 0.3358646430714053], [0.21645096464744998, 0.20786248706307406, 0.3242189440901186, 0.25146760409935737], [0.19893988067723362, 0.2066793503161028, 0.24698298413021108, 0.3473977847764525], [0.27247011252792736, 0.23401136345294435, 0.24725751207892852, 0.2462610118401998], [0.275608905395392, 0.24058438062003593, 0.24237886791126667, 0.24142784597330536], [0.24791438875103405, 0.2096409946470428, 0.28857293722128, 0.2538716792806431], [0.2280271900080339, 0.212310517363351, 0.24975552778825913, 0.309906764740356], [0.2427727430816111, 0.21197676656510603, 0.29658320543184374, 0.24866728482143913], [0.222850696848358, 0.20757277560704798, 0.25211064502396485, 0.3174658824206292], [0.22125438512897427, 0.22578952387070358, 0.2919336942122617, 0.2610223966880605], [0.19343350249282845, 0.2173631275268651, 0.2515138014448362, 0.33768956843547027], [0.2235799878612098, 0.21748931703776797, 0.29954317209109366, 0.25938752290992856], [0.207210949257483, 0.222097716371789, 0.26137328924227554, 0.30931804502845245], [0.18584239757947968, 0.1932442067853714, 0.2964391156204007, 0.3244742799147482], [0.18671448805125757, 0.19425371576771291, 0.297987703919231, 0.3210440921617985], [0.2200189167035467, 0.22843902620060622, 0.29978843626992824, 0.25175362072591884], [0.1965984462481371, 0.22100094617186158, 0.25983098921058, 0.32256961826942127], [0.2224812987594046, 0.22024959651785384, 0.3030793115652409, 0.2541897930575006], [0.20301142937929142, 0.2210914260253181, 0.2682361384432342, 0.3076610060521563], [0.19281884738634775, 0.19730274083276364, 0.29350575364417675, 0.31637265803671183], [0.19120488774049219, 0.19885727464866962, 0.28631981777785304, 0.32361801973298515]], "ideal": "C", "sampled": "B", "correct": false}}
{"type": "result", "data": {"idx": 12, "options": ["The character of a state's leader", "The distribution of power in the international system", "The distribution of power within a state's governmental system", "A state's political ideology"], "probs": [[0.2896264791199021, 0.3052797615222827, 0.21008780596539564, 0.19500595329241957], [0.27369394895677673, 0.295458108157176, 0.2048845141921199, 0.2259634285939274], [0.26775176128307987, 0.2099326315292184, 0.32577447070721843, 0.19654113638048332], [0.2729995589132233, 0.2256476465483509, 0.23140997037078445, 0.2699428240676413], [0.24587433428655509, 0.21186590735585198, 0.3139251627939611, 0.22833459546363183], [0.24912605429560322, 0.22289033896155486, 0.23986219582132554, 0.2881214108215164], [0.401399773256584, 0.22591636062763362, 0.17506287207657928, 0.19762099393920313], [0.37909357450510067, 0.21697070672297558, 0.19054306403324722, 0.2133926546386765], [0.4314539262654247, 0.2353604505828235, 0.1442506952216229, 0.18893492783012888], [0.4491525322254845, 0.22695376114043436, 0.1706413226766818, 0.1532523838573993], [0.39490979905947754, 0.23311579225116352, 0.1462317705008187, 0.22574263808854023], [0.45840807626359487, 0.23516536634310534, 0.15606896672455725, 0.1503575905687425], [0.29076912182411985, 0.19474925059734752, 0.32166101941684583, 0.1928206080616868], [0.2946452927881263, 0.20498060604283536, 0.2134061550913203, 0.2869679459777181], [0.37415347807152066, 0.27272419899697875, 0.16299297675381963, 0.19012934607768098], [0.3789173831672859, 0.2788201098827898, 0.17618734430342406, 0.1660751625465002], [0.2793555980353366, 0.21020893200063867, 0.1770410765697826, 0.33339439329424214], [0.3283854375691832, 0.21333136834557337, 0.2833029287278035, 0.17498026525743995], [0.23267086194618694, 0.2004179388146543, 0.325911198909939, 0.24100000022921975], [0.2354071543312322, 0.20739022822348643, 0.24873989439830807, 0.3084627229469733], [0.3260046243341598, 0.2778773009499192, 0.1660116165710377, 0.23010645804488333], [0.3713352347835392, 0.27944580199494745, 0.1878636311226708, 0.16135533199884253], [0.2601157128550767, 0.2252047359718185, 0.18955010173809456, 0.32512944933501026], [0.293169379204997, 0.2192834615488114, 0.3049693405323235, 0.18257781861386807]], "ideal": "B", "sampled": "B", "correct": true}}
{"type": "result", "data": {"idx": 13, "options": ["Leaders have incentives to lie", "If leaders revealed their programs, they would be more likely to be attacked", "Leaders will not always grant foreign monitors access to their nuclear programs", "ALL of the above"], "probs": [[0.2004525482386684, 0.19059270334434883, 0.29146989742776874, 0.317484850889214], [0.24587343997096137, 0.19769656950786488, 0.3161521600787416, 0.24027783034243216], [0.20833212445578025, 0.194977629090386, 0.2717832069092885, 0.3249070394445453], [0.2307836928966436, 0.19443582575867793, 0.33104465395015037, 0.24373582729452806], [0.284877266186639, 0.23583417777095983, 0.22201279962803866, 0.2572757563143625], [0.2705886146331033, 0.23840218000418648, 0.23897983843618498, 0.2520293668265252], [0.20558749137253055, 0.20814396438901378, 0.2897641062446747, 0.29650443789378095], [0.2360389118560386, 0.20859359513511877, 0.32822761425413066, 0.22713987865471197], [0.20337182584415406, 0.2026968479355659, 0.28656748361355605, 0.307363842506724], [0.24110857062125557, 0.20331715626543898, 0.3007846637908738, 0.2547896092224316], [0.27033692595639525, 0.23108261821343348, 0.23867687580582897, 0.25990357992434227], [0.25218493871185826, 0.23291436876624888, 0.24447065192120285, 0.27043004050068997], [0.20435190166337952, 0.19727955776867703, 0.2747577223832536, 0.3236108180846899], [0.2234342015589619, 0.200135430677649, 0.3405542474809747, 0.23587612018241438], [0.19516026680961304, 0.1884023965944835, 0.2925316051469035, 0.32390573134899997], [0.2335711637970039, 0.19058092504565244, 0.3049318881007643, 0.2709160229565793], [0.25997821656152553, 0.23627429764326338, 0.2293890816960907, 0.27435840399912037], [0.2604715719909946, 0.23305133229036154, 0.22279431093449006, 0.2836827846841538], [0.26890716354701755, 0.20963430714946202, 0.24579517907121293, 0.27566335013230747], [0.25287438566872694, 0.2097586337904369, 0.2659527181993928, 0.2714142622414433], [0.2634728331145276, 0.20224109892733366, 0.25988713678762615, 0.27439893107051255], [0.24979807807399929, 0.20081937903455177, 0.2501116878984342, 0.29927085489301475], [0.24706539877366082, 0.19864656325151725, 0.27643558792144746, 0.2778524499533745], [0.2532795180663866, 0.20057532184984314, 0.24257652141883207, 0.3035686385649382]], "ideal": "D", "sampled": "D", "correct": true}}
{"type": "result", "data": {"idx": 14, "options": ["the Senate.", "the president.", "the Secretary of State.", "the chairman of the Joint Chiefs."], "probs": [[0.29761359979554936, 0.2932167736361295, 0.24058603464897757, 0.16858359181934354], [0.28388618997050347, 0.3026324763199179, 0.19017433834894631, 0.22330699526063227], [0.28563015373338324, 0.26860405791379893, 0.265515196348318, 0.18025059190449988], [0.28422701355952895, 0.288570612640134, 0.1783168911755582, 0.2488854825247788], [0.2115528425695908, 0.17605887530034947, 0.39587578204221147, 0.21651249998784824], [0.22841936816586553, 0.1838605768559039, 0.349925412951044, 0.23779464192718658], [0.3355426539971063, 0.2309322093335159, 0.2631616035311752, 0.17036353303820256], [0.2989660963579324, 0.2372356248900453, 0.20109841816656585, 0.2626998604854564], [0.36371345950215367, 0.2749092403483813, 0.19341526298147144, 0.16796203706799354], [0.37834618055533087, 0.28099599896535676, 0.1741239007257726, 0.1665339196535398], [0.3099326331573423, 0.21726576462893557, 0.2363777862123706, 0.23642381590135148], [0.299380341123813, 0.20276429361355094, 0.32030806896785774, 0.17754729619477827], [0.32763703189626586, 0.229472582191859, 0.2660240709802885, 0.17686631483158657], [0.3155456373105192, 0.2384570978913923, 0.1742432817191452, 0.2717539829789433], [0.3635807876881847, 0.2924820140831943, 0.1748805466882266, 0.16905665144039436], [0.37755771905047497, 0.3030641331509059, 0.15595172111692585, 0.16342642658169326], [0.30354520223167153, 0.215746906143505, 0.20234043592664122, 0.27836745559818227], [0.3066648427337613, 0.18073026421231325, 0.32257847917302146, 0.19002641378090396], [0.19467774321692113, 0.20194033087171812, 0.3776022251705554, 0.22577970064080535], [0.2038248895825038, 0.21107360403999545, 0.31285550721056693, 0.2722459990669338], [0.2517660931027325, 0.3395309847113999, 0.18821606599046342, 0.22048685609540417], [0.2563282510929042, 0.33439886068339686, 0.2233469899766766, 0.18592589814702234], [0.24946032833734494, 0.3109843776955813, 0.19585168651547055, 0.2437036073516032], [0.25299532349837045, 0.27390007406267686, 0.27477918300768045, 0.19832541933127223]], "ideal": "B", "sampled": "B", "correct": true}}
{"type": "result", "data": {"idx": 15, "options": ["Required the United States and Russia to demobilize their armies", "Required the United States and Russia to dismantle a significant number of their nuclear weapons", "Prohibited the acquisition of new military bases", "Prohibited short-range nuclear weapons"], "probs": [[0.37557123786499047, 0.21358085631294924, 0.19250015282941776, 0.2183477528926425], [0.3842272929862644, 0.2085875812823018, 0.19388998419595926, 0.21329514143547454], [0.2916431383252096, 0.16048277673781278, 0.33692261071229485, 0.21095147412468276], [0.2633229117331959, 0.18054571207906236, 0.19910346866334827, 0.35702790742439344], [0.28417649422812297, 0.16394068274712428, 0.3329771458451197, 0.21890567707963304], [0.24612180129575592, 0.17143922063302894, 0.20428999375118345, 0.3781489842200317], [0.43579420176304023, 0.1624647853759794, 0.1850590716818382, 0.21668194107914218], [0.44628708885189783, 0.15889167547288569, 0.18948042108488078, 0.20534081449033567], [0.4452173973757805, 0.16085173479708834, 0.18602919680782548, 0.2079016709193057], [0.4538441502822452, 0.15667670173911252, 0.18408856616959424, 0.20539058170904803], [0.4322843889588331, 0.16375986254008973, 0.1923546378208783, 0.21160111058019887], [0.44485399785442103, 0.15844655271445565, 0.1890054522117534, 0.2076939971193699], [0.262446530507979, 0.15870045596861676, 0.3602742659767087, 0.21857874744669553], [0.23814125001818853, 0.1850719275129747, 0.21077023130380085, 0.366016591065036], [0.37094516111099407, 0.20766105065148266, 0.2023912251149565, 0.21900256302256677], [0.3743500616705022, 0.20665986168375755, 0.20137246830823025, 0.21761760823750995], [0.21827369275670952, 0.18052869495348786, 0.20889588565835882, 0.3923017265314438], [0.2780211650457466, 0.16061139583803635, 0.33695236849253607, 0.224415070523681], [0.25449755026842646, 0.16132361704513642, 0.35487486851019767, 0.22930396407623946], [0.2214584648387703, 0.1720549762076938, 0.20843902228178365, 0.39804753657175224], [0.3696784431814786, 0.2168616088540297, 0.20176382661476452, 0.2116961212497272], [0.36943192937696834, 0.2204156765307165, 0.19865722350237525, 0.2114951704899399], [0.2187053644824261, 0.17541482520093263, 0.1998938113282757, 0.40598599888836556], [0.27194641658605134, 0.15715096335931467, 0.35126452748031634, 0.2196380924743176]], "ideal": "B", "sampled": "B", "correct": true}}
{"type": "result", "data": {"idx": 16, "options": ["An American declaration that the US was always open to Chinese immigration", "An American proclamation that China should be divided up between the US, Japan and the European empires", "An American proclamation that China should be open to US trade and missionaries", "An American declaration of support for Chinese economic protectionism"], "probs": [[0.35240059562376863, 0.18031555143705563, 0.22659802096905268, 0.24068583187012305], [0.34759167351214626, 0.1808059838353487, 0.2067113996345428, 0.2648909429179622], [0.3897210111574932, 0.18464370230768756, 0.18327407685539915, 0.24236120957942006], [0.39747669104306693, 0.18812803361537198, 0.19288636167247353, 0.22150891356908756], [0.34954383444950604, 0.1876456709369281, 0.18377361915995324, 0.2790368753536126], [0.38275905170602353, 0.18123991105710643, 0.19802566755932682, 0.23797536957754317], [0.3647330727262341, 0.19003979934045176, 0.21100063537926705, 0.23422649245404706], [0.3584413176648799, 0.18690140264994387, 0.19785949291009747, 0.25679778667507874], [0.3679458388930422, 0.22788748953783056, 0.1821598654159578, 0.22200680605316944], [0.37944193952115424, 0.22786621615194796, 0.17432221317468577, 0.21836963105221197], [0.33048504562217634, 0.18046300234745363, 0.216666717805658, 0.27238523412471205], [0.34283576433913104, 0.17869255477467066, 0.22913857484965663, 0.24933310593654165], [0.39703835827783635, 0.17707958117202494, 0.17874773643975933, 0.24713432401037932], [0.41460028177822017, 0.17606960413560863, 0.19547987015975724, 0.213850243826414], [0.36073523756234566, 0.17096637187678612, 0.2017761319673941, 0.2665222584934741], [0.37896096137904933, 0.1687337730844896, 0.1934327603171637, 0.2588725051192974], [0.40378857858281403, 0.1742258719694992, 0.19338036157880678, 0.22860518776888], [0.397165781177587, 0.17152141288474726, 0.17636963986137574, 0.25494316597628996], [0.3283763527541802, 0.17108821867185603, 0.19855883715551337, 0.3019765913184504], [0.36382915481776107, 0.1671087095835974, 0.21667554326645774, 0.2523865922321838], [0.3314632972307353, 0.1597465377961827, 0.2312455555194173, 0.27754460935366465], [0.32925231769730856, 0.15870905701529608, 0.2571108226022436, 0.2549278025851518], [0.38329009360086874, 0.1734796515970692, 0.20471515369499454, 0.23851510100706746], [0.3736982233836607, 0.16657740869711787, 0.1879094037848734, 0.271814964034348]], "ideal": "C", "sampled": "C", "correct": true}}
