{"type": "result", "data": {"idx": 0, "options": ["This type occurs in binary systems.", "This type occurs in young galaxies.", "This type produces gamma-ray bursts.", "This type produces high amounts of X-rays."], "probs": [[0.4299417774535155, 0.046849707410741945, 0.34009456080187467, 0.18311395423388002], [0.47933066056444823, 0.05329743504446932, 0.19705881877623863, 0.2703130855148405], [0.567932556190144, 0.0902251641581581, 0.16689234300453573, 0.17494993654716504], [0.5635713759333741, 0.08986449291762566, 0.23002369665239886, 0.11654043439659774], [0.5542948381609322, 0.06733830040257403, 0.17276249708881206, 0.20560436424767808], [0.5318298435612655, 0.0695359623749666, 0.2773934000945966, 0.12124079386916763], [0.03899050052615367, 0.6413087736659006, 0.16729570402799682, 0.15240502167992845], [0.03449923615987497, 0.6847170608422714, 0.09676836311339493, 0.18401533978444667], [0.030021837246489113, 0.020985705235920842, 0.854068071242856, 0.0949243861747373], [0.026704235783680585, 0.016709335551930705, 0.032378754788297534, 0.9242076737761147], [0.026814636751715984, 0.015368114141504045, 0.8466664921592622, 0.11115075684752934], [0.022986018182173603, 0.012439591764526888, 0.030905091337980282, 0.9336692986153222], [0.04936462558798643, 0.6480685425685009, 0.1455427581216096, 0.15702407362189447], [0.04771066539378989, 0.6587326009536083, 0.17934209287767552, 0.11421464067492959], [0.031625236194439646, 0.02234458224376439, 0.8482336751754964, 0.09779650628629985], [0.02435991288556476, 0.016362109640323197, 0.02998989955403828, 0.9292880778200754], [0.043466436441507536, 0.028737708300721036, 0.8086404921800315, 0.11915536297774512], [0.022907714985799327, 0.018664726617922678, 0.030688881130082824, 0.9277386771662056], [0.04196429576621798, 0.6151604811380671, 0.13402378059842188, 0.20885144239731446], [0.03963060321319919, 0.6144279193607907, 0.19830527408095827, 0.14763620324503368], [0.032241722117968705, 0.023752803724130328, 0.8161522069155362, 0.12785326714234618], [0.023152848287521365, 0.015811587883691344, 0.03717541556198384, 0.9238601481668108], [0.03503436823121871, 0.040066688428147125, 0.7899033727232276, 0.1349955705174345], [0.01753570313920762, 0.023486405424943863, 0.028323109161635735, 0.9306547821742246]], "ideal": "A", "sampled": "A", "correct": true}}
{"type": "result", "data": {"idx": 1, "options": ["Its speed relative to you", "Its composition", "Its size", "Its distance from you"], "probs": [[0.18452688654894012, 0.05520401435061033, 0.0666769248441038, 0.6935921741563242], [0.23017103821427498, 0.07351369220775192, 0.536243036287585, 0.16007223319037883], [0.19756186113398516, 0.09609907201720079, 0.03678351267756066, 0.6695555540712476], [0.27841491671401325, 0.14421863105729693, 0.491584885293243, 0.08578156683543249], [0.14786810366189107, 0.6309596520551497, 0.047923387807007875, 0.1732488563759498], [0.1882355983617687, 0.596138608072822, 0.1060121561281548, 0.10961363733727793], [0.063728086087263, 0.12928121611091756, 0.08972256637563167, 0.7172681313262036], [0.07382429268087654, 0.1531334738103602, 0.5753469619987347, 0.19769527141001433], [0.05851167077189097, 0.12019060430553175, 0.0834996426800717, 0.7377980821425191], [0.06149690572540371, 0.1485558719802266, 0.55949640047677, 0.2304508217176253], [0.057932317614087826, 0.623520745921194, 0.10894872136834453, 0.2095982149963902], [0.05308448037535347, 0.6230898246995658, 0.11433042149735682, 0.2094952733277308], [0.13930459868639555, 0.11574306820964227, 0.03445936413442915, 0.7104929688695388], [0.20778685708693476, 0.1685998749698514, 0.5288180188345246, 0.09479524900869991], [0.11826322264444823, 0.07088592472910978, 0.060685345488018384, 0.7501655070384147], [0.1446982322348512, 0.09414732498562792, 0.5001064033355321, 0.26104803934398013], [0.1740055724890231, 0.6036478206809378, 0.13333308296136026, 0.08901352376867125], [0.1484851952907578, 0.6046269140107873, 0.05140619560090003, 0.19548169499754622], [0.5722274165285618, 0.1728506210120848, 0.05523445846866976, 0.19968750389070622], [0.5504575763340575, 0.20258446782527756, 0.12070203202340207, 0.12625592371724914], [0.5963345714201462, 0.0748567452380546, 0.121489461973249, 0.20731922126854224], [0.572474949241593, 0.0702250690918829, 0.11759685441260088, 0.23970312715390274], [0.6100426647966053, 0.13799163393042405, 0.1566618757715928, 0.09530382540136421], [0.5915041327220819, 0.12077817626559062, 0.05876735101932467, 0.22895033989298538]], "ideal": "D", "sampled": "D", "correct": true}}
{"type": "result", "data": {"idx": 2, "options": ["Because the molecules that compose the Earth's atmosphere have a blue-ish color.", "Because the sky reflects the color of the Earth's oceans.", "Because the atmosphere preferentially scatters short wavelengths.", "Because the Earth's atmosphere preferentially absorbs all other colors."], "probs": [[0.05363034798272947, 0.010189442473953012, 0.897996084965191, 0.03818412447812978], [0.08200201830638174, 0.010351671761494114, 0.03239139755084156, 0.8752549122812657], [0.11538272405730625, 0.8458027903521618, 0.01938423517547943, 0.0194302503150518], [0.13488349392416696, 0.821170023114717, 0.028473062424514427, 0.01547342043662779], [0.058067474154747535, 0.02019785923045193, 0.014738843016398709, 0.9069958234983854], [0.10959235235987794, 0.029232456222399297, 0.8385387049660032, 0.022636486351708694], [0.010594386989781476, 0.039623236236907125, 0.87902558859876, 0.07075678807454552], [0.010028895898359098, 0.06324780037611268, 0.03696444699528506, 0.8897588566302426], [0.019320991382685677, 0.8637286567847942, 0.07861630384155781, 0.038334047890976046], [0.01832799763215745, 0.8641494575768072, 0.049163240811644325, 0.06835930387941358], [0.009167440310784125, 0.02308118843568534, 0.06373901183978314, 0.9040123593137376], [0.009435844128390273, 0.02115948177077187, 0.8752525067379808, 0.09415216726283668], [0.9518792602823407, 0.018459564554292544, 0.013907710640401378, 0.015753464422956952], [0.9538608234721739, 0.01647626330739758, 0.01612211646006421, 0.013540796660354236], [0.9108119176501033, 0.01574071430206501, 0.04820179481762236, 0.02524557313020423], [0.9264544756697183, 0.015146124270534373, 0.025125398094608575, 0.03327400186513373], [0.9311797171808676, 0.019844769288813235, 0.03055464288603618, 0.018420870544295302], [0.9023580359987204, 0.024697014509021658, 0.017459714023601365, 0.055485235368670685], [0.04231028999977976, 0.028376738472353336, 0.021445219942494105, 0.9078677514853697], [0.05136375015181472, 0.030016763775509714, 0.8856291493280253, 0.032990336644671804], [0.03746408363609916, 0.008879206859758931, 0.08859824917757053, 0.8650584602265483], [0.030805805581930613, 0.007187888163603205, 0.910382731569945, 0.05162357458450486], [0.058171182556327146, 0.8856718396422671, 0.03598233144075698, 0.020174646260667187], [0.049340617347326345, 0.8674760740000824, 0.02309766432109432, 0.0600856442314738]], "ideal": "C", "sampled": "C", "correct": true}}
{"type": "result", "data": {"idx": 3, "options": ["The first time you drop a bowling ball and it falls to the ground proving your hypothesis.", "After you\u2019ve repeated your experiment many times.", "You can never prove your theory to be correct only \u201cyet to be proven wrong\u201d.", "When you and many others have tested the hypothesis."], "probs": [[0.01899116056690531, 0.360429247887821, 0.040385846773392374, 0.5801937446718827], [0.028550289144594145, 0.4251631988397677, 0.4725260595257075, 0.0737604523899216], [0.015554916466413011, 0.01081487560606851, 0.44969819196751515, 0.5239320158600251], [0.024470688355974966, 0.022317862321316384, 0.6894955343203737, 0.26371591490234764], [0.02809720366720318, 0.6428335380099012, 0.2421686096685409, 0.08690064855433105], [0.021127678506574817, 0.4593046198423516, 0.04755743680898297, 0.47201026474209606], [0.0853568919351279, 0.058797610677957135, 0.044200465681463366, 0.8116450316054604], [0.10001903196747527, 0.06417471938814504, 0.752097376891519, 0.08370887165285958], [0.0660280119386758, 0.027366343083825496, 0.049742549054740126, 0.8568630958227363], [0.18804888704562797, 0.04793625614917858, 0.7012509618231761, 0.06276389488203038], [0.21667063995271418, 0.5573366187529837, 0.10032390355823474, 0.12566883763605077], [0.20565403007764346, 0.5743637109980357, 0.13273010389442974, 0.08725215492988865], [0.015059377693987115, 0.015684161301711, 0.5363987577246139, 0.43285770317965816], [0.021448333103933532, 0.026819683390930084, 0.635767372810921, 0.3159646105942317], [0.02991276055596013, 0.09575586380945073, 0.04439472119175061, 0.8299366543428204], [0.08172352465249395, 0.18088969033061475, 0.6614112597076981, 0.07597552520917304], [0.03691738274086355, 0.26279826045225135, 0.04576472683194573, 0.6545196298749327], [0.061450777041474995, 0.7498431595659188, 0.1267761950697192, 0.06192986822286438], [0.1990668321039997, 0.05887180407356669, 0.647658874743718, 0.09440248897870444], [0.18770941319829124, 0.057162300867115955, 0.043934637349305486, 0.711193648485275], [0.679032661561282, 0.10272540623536784, 0.08109442387165028, 0.13714750823168018], [0.6866330087365274, 0.11276980789289866, 0.10927165735924366, 0.09132552591134346], [0.1450505996139488, 0.026730636725855805, 0.036170489678550376, 0.7920482738816649], [0.564795018978953, 0.058981359832480054, 0.315606742013742, 0.06061687907479774]], "ideal": "C", "sampled": "D", "correct": false}}
{"type": "result", "data": {"idx": 4, "options": ["Titan is the only outer solar system moon with a thick atmosphere", "Titan is the only outer solar system moon with evidence for recent geologic activity", "Titan's atmosphere is composed mostly of hydrocarbons", "A and D"], "probs": [[0.061972303466335414, 0.0380443386642329, 0.1580123561775065, 0.741971001591922], [0.052114952240686185, 0.04338615778278869, 0.20452827185874237, 0.6999706180177733], [0.08120990498050858, 0.05581627359301708, 0.049154163581359406, 0.8138196577451045], [0.12195130525030229, 0.11230983374863476, 0.5361000554418174, 0.22963880545927148], [0.08896615154704837, 0.08066354778977275, 0.12254079691538099, 0.7078295036477853], [0.14337291305966077, 0.1111967085021634, 0.509950514145436, 0.23547986419272604], [0.10020362474550698, 0.035545298173443846, 0.05428727668739007, 0.8099638002936428], [0.09353333730964275, 0.04930469751215834, 0.3355176395352352, 0.5216443255429613], [0.1463711216107273, 0.057997348362663806, 0.052375086195433705, 0.7432564437311954], [0.1606759741704036, 0.09151469337546607, 0.539132880429509, 0.20867645192462797], [0.16274511520159463, 0.10713940675230564, 0.31619641838982016, 0.4139190595562883], [0.21743609081682927, 0.12008228316742893, 0.34745166729862675, 0.3150299586171264], [0.09554632549695255, 0.031386577350316844, 0.031504292363034085, 0.8415628046897], [0.18805364912080785, 0.07999002831661327, 0.4728026249211511, 0.25915369754141765], [0.09318676215610247, 0.04055459959814551, 0.06455007206712068, 0.8017085660786112], [0.11489738107942424, 0.06752584440454536, 0.38727231803775375, 0.43030445637828074], [0.332104951865664, 0.10129298037617944, 0.3108728892825011, 0.2557291783756563], [0.17084623892821996, 0.07095897811999967, 0.26768503512255315, 0.4905097477292141], [0.13335115326263064, 0.07309349811995648, 0.12675761552400772, 0.6667977329933932], [0.1700756884988811, 0.11026016767748276, 0.30206174362774696, 0.41760240009589605], [0.1283532901964345, 0.14716844464261938, 0.1988168057850214, 0.525661459275906], [0.1720295870706168, 0.2252728157304736, 0.3067009014034193, 0.2959966956954965], [0.1802102644026728, 0.15409195025885372, 0.3289249111847719, 0.3367728740537069], [0.15739815490123008, 0.13090894371836131, 0.2635100401113087, 0.4481828611690943]], "ideal": "D", "sampled": "D", "correct": true}}
{"type": "result", "data": {"idx": 5, "options": ["m*v", "0.5*m/(R^3)", "0.5*m*(2GM/R)", "0.6*G(M^2)/R"], "probs": [[0.06540475731093806, 0.21769941594354922, 0.43631383128004664, 0.28058199536548467], [0.06651712928344931, 0.19735726692391253, 0.3780568474131438, 0.35806875627948553], [0.06914876969078836, 0.40007669806198587, 0.2794148338714234, 0.2513596982757883], [0.06882905370143526, 0.36191105421391684, 0.28620032891884734, 0.28305956306580377], [0.064495952593066, 0.3731675230012714, 0.2418984036667518, 0.32043812063890476], [0.06377102584001354, 0.35758224112548853, 0.310678570961031, 0.26796816197344947], [0.1385218135146181, 0.09882139915490298, 0.5275495694282081, 0.23510721780225546], [0.1386056099167663, 0.09488632888235919, 0.40631498338023614, 0.36019307772064496], [0.16746899048591612, 0.35708895042885214, 0.22702324918674432, 0.24841880979847433], [0.1679412708013932, 0.35142788442951683, 0.2581263241231001, 0.22250452054599307], [0.18857081649137927, 0.23836567295506994, 0.22479772048044083, 0.34826578997310886], [0.1832008814260746, 0.21492824255643014, 0.368500593243032, 0.2333702826744674], [0.3253697874077883, 0.12116790617462425, 0.3153106939081495, 0.23815161240942337], [0.27381482061602946, 0.1085193782260064, 0.28476702954795086, 0.3328987715100032], [0.3653833934556268, 0.19026117144562482, 0.21478294359968883, 0.22957249139905977], [0.371091414228528, 0.16466206040382075, 0.21983847174932233, 0.24440805351831], [0.31894039071996855, 0.1677745037420952, 0.21243909585686804, 0.30084600958108026], [0.3305008575782035, 0.1458372502024853, 0.31921427140147207, 0.20444762071782985], [0.29774964187186376, 0.10290258620827045, 0.27866278627869034, 0.3206849855411647], [0.2635234705612662, 0.09641843705197155, 0.33186179233732355, 0.3081962999494399], [0.309699691615504, 0.1582698035662376, 0.18792439885694523, 0.344106105861309], [0.3038415613630208, 0.13250945742943437, 0.34139626176296617, 0.22225271934458052], [0.2672406654580324, 0.2559788761311396, 0.16926347984330492, 0.3075169784675075], [0.29997324048944446, 0.22826099200458683, 0.2818477310760511, 0.18991803632990656]], "ideal": "C", "sampled": "C", "correct": true}}
{"type": "result", "data": {"idx": 6, "options": ["it was stripped away by the magnetic field when it rapidly decreased in strength", "it was broken into hydrogen and oxygen by ultraviolet light and the hydrogen was lost through thermal escape", "it was consumed by a civilization of thirsty Martians", "it was vaporized during a period of intense volcanism and was lost to space through thermal escape"], "probs": [[0.039391589815672076, 0.14814218574807406, 0.028565522883838877, 0.7839007014524197], [0.1132513530952, 0.21999323757500328, 0.605766927615921, 0.06098848161386311], [0.060168723658294884, 0.014306154287610595, 0.26259324476767376, 0.6629318771864048], [0.05484906459704892, 0.013052253121335695, 0.7268085518602214, 0.20529013032138776], [0.055311376809928856, 0.7194512727351973, 0.16877616633683953, 0.05646118401804181], [0.031605250499707416, 0.6344027263008686, 0.043140019981062525, 0.2908520031183737], [0.13034473329972165, 0.09670028477569785, 0.026480013842268807, 0.7464749679822948], [0.24956025613316846, 0.1323032395428555, 0.5686335114909247, 0.049502992733038764], [0.19293879714451895, 0.03456912388195611, 0.0965853105516109, 0.6759067683219304], [0.13620626033280758, 0.03296032037612282, 0.6018258001879155, 0.22900761900314148], [0.22072785614257226, 0.584714587766321, 0.1571798084238626, 0.037377747567246954], [0.10560980518609722, 0.5124652832550308, 0.03896823872570679, 0.34295667273315444], [0.012680722551079866, 0.03495749525228779, 0.23599081609383435, 0.7163709660028266], [0.012617110147059355, 0.029457568400313147, 0.6809334988156625, 0.2769918225369551], [0.011897358055940162, 0.17256154698675913, 0.07852389820319675, 0.7370171966541122], [0.012618702881941743, 0.17209082188271546, 0.5563653833790376, 0.25892509175629874], [0.01145811016386063, 0.5481048679267001, 0.1284923197777196, 0.31194470203170915], [0.010876214569636783, 0.5485061825532703, 0.1282269251996364, 0.3123906775774632], [0.5798782901448373, 0.176530165155332, 0.20078027870862586, 0.04281126589121017], [0.43114454563599125, 0.1491604903622792, 0.037927790103779765, 0.3817671737979424], [0.617645342188276, 0.1489641551990985, 0.1969214238135843, 0.03646907869902308], [0.4182256560075991, 0.14880106649593822, 0.04018991798983959, 0.39278335940661263], [0.4447302995320817, 0.051584859038887175, 0.18084198346583785, 0.3228428578632056], [0.387424963875682, 0.05028273861799421, 0.18613014528635688, 0.37616215211996024]], "ideal": "B", "sampled": "D", "correct": false}}
{"type": "result", "data": {"idx": 7, "options": ["Lunar rocks are composed of fragments pulverized by many impacts.", "Radioactive dating of lunar samples shows that they are older.", "The Moon's surface is more heavily eroded than the Earth's surface.", "The Moon's surface has more impact craters than the Earth's surface."], "probs": [[0.033951815407441716, 0.567552814355217, 0.051469506448324445, 0.34702586368900457], [0.04198409915616915, 0.6974662846098668, 0.2161282720847202, 0.044421344049231176], [0.02908165838006168, 0.011214315714359619, 0.5504197126668576, 0.40928431313871094], [0.0261514628432352, 0.011397813256452357, 0.2727877275268799, 0.6896629962734155], [0.05466959987729408, 0.1023099464017407, 0.8081029209754746, 0.03491753264550306], [0.030272233219347612, 0.09788301466354134, 0.018089108272803106, 0.8537556437442918], [0.37246271188111163, 0.06919118346883918, 0.04546004660995184, 0.5128860579400741], [0.5226174209655977, 0.06149041292572116, 0.36362720477469224, 0.0522649612339737], [0.3925959847780582, 0.031213213187183737, 0.0932671526266422, 0.4829236493081272], [0.4784983773872129, 0.035559601055357964, 0.3845009916647655, 0.10144102979268153], [0.5509204235160726, 0.2103991703000295, 0.19450684639349636, 0.044173559690392196], [0.5201305175716415, 0.3179627385803068, 0.0460937226124762, 0.11581302113556806], [0.013573020632089905, 0.026227422756821096, 0.7980390087182985, 0.1621605477927785], [0.013389061325305795, 0.02381594357922461, 0.10220465645897388, 0.8605903385364814], [0.012905531628755372, 0.6684725323738443, 0.08484311172725648, 0.2337788241701568], [0.013802392516653331, 0.7326334151058876, 0.16093859128977345, 0.09262560098767018], [0.010508936385447082, 0.022345466053634085, 0.040349240171566485, 0.9267963572893598], [0.01624233705242497, 0.03638803725640866, 0.8726459821958493, 0.07472364339531765], [0.06490240843261325, 0.057819097104637, 0.8511934784165054, 0.026085015946241616], [0.03874702929952511, 0.04436808628089132, 0.01519030403588546, 0.901694580283673], [0.03959749668224715, 0.8389783496813655, 0.08912776027099872, 0.0322963932653909], [0.03446727985408336, 0.8687703840270471, 0.03394323400560766, 0.06281910201326155], [0.029292134320178714, 0.00771062742945826, 0.031182937796421367, 0.931814300353934], [0.05106526187503843, 0.012395073531691251, 0.8857230395105598, 0.05081662498272408]], "ideal": "B", "sampled": "B", "correct": true}}
{"type": "result", "data": {"idx": 8, "options": ["Iron", "Hydrogen", "Methane", "Helium"], "probs": [[0.16916629817579226, 0.681929129051328, 0.053643409054259135, 0.09526116361860232], [0.17264366464932207, 0.627968845241498, 0.15784646546259476, 0.04154102454660262], [0.1069228510817367, 0.05251830402722328, 0.7106301832151469, 0.12992866157588387], [0.1294149365633935, 0.06318433244564163, 0.15015325517382774, 0.6572474757171528], [0.11364756018548311, 0.10210381961456431, 0.7194615654634298, 0.0647870546365074], [0.14424378307862845, 0.10888766790691316, 0.05614732112539912, 0.6907212277890373], [0.46152816418932197, 0.2510635736025484, 0.10939429690161474, 0.17801396520652016], [0.4449859776488042, 0.20578389300286432, 0.28279993563947453, 0.06643019360884617], [0.4545067569038257, 0.15865254675904666, 0.22064715254312772, 0.16619354369399128], [0.4908945515484872, 0.17440669866551467, 0.2144186563375394, 0.12028009334845052], [0.478682262566709, 0.19650995707609126, 0.2532488461497264, 0.07155893410746444], [0.49036962363011, 0.23899600563281626, 0.14615085948981074, 0.12448351114726304], [0.037124457312730584, 0.11404357320576824, 0.6890127084632875, 0.15981926091822357], [0.045439708307918894, 0.11762308473202295, 0.16816855308248121, 0.6687686537775519], [0.05913313499190023, 0.726118256423846, 0.09320885485066471, 0.1215397536336056], [0.06145776297948563, 0.7256767483002294, 0.14796965205897608, 0.06489583656131868], [0.058342930446016815, 0.09830523061993945, 0.24944850715496672, 0.5939033316790742], [0.038649548656132744, 0.07692220588230414, 0.8139820879209733, 0.0704461574406027], [0.12164664973451658, 0.10668269402238308, 0.7092038088687767, 0.06246684727430833], [0.10735070078327973, 0.09776469372562756, 0.05000658122804037, 0.7448780241630389], [0.13178545480712264, 0.7404533502928857, 0.07882153891511402, 0.048939655884871834], [0.12590780197522752, 0.7506192670366725, 0.06580916624928773, 0.05766376463881869], [0.13126819022899935, 0.06325781498781005, 0.17936153932210175, 0.6261124553610866], [0.0894483895689894, 0.05455602570789464, 0.7769368379527016, 0.07905874667041927]], "ideal": "D", "sampled": "B", "correct": false}}
{"type": "result", "data": {"idx": 9, "options": ["Near-Earth asteroids gradually disintegrate and spread out along their orbital path. When the Earth passes through the orbit of an asteroid we are bombarded by sand-sized particles which cause a meteor shower.", "Near-Earth asteroids disintegrate as they enter Earth's atmosphere creating hundreds of bright meteors that appear to radiate from a single location in the sky.", "The nuclei of comets disintigrate as they enter Earth's atmosphere creating hundreds of bright meteors that appear to radiate from a central location in the sky.", "The nuclei of comets gradually disintegrate and spread out along the comet's orbital path. When the Earth passes through the orbit of a comet we are bombarded by sand-sized particles which cause a meteor shower."], "probs": [[0.39624712730753586, 0.013616323830182077, 0.03787592999913436, 0.552260618763163], [0.5712250145497031, 0.02316811522896003, 0.31417791733083716, 0.09142895279052553], [0.4839782437779378, 0.0334019171773576, 0.04038563199485321, 0.44223420694985033], [0.39264689495671345, 0.03364404304684838, 0.5000801395842887, 0.07362892231214803], [0.4427230058538653, 0.20673411657199975, 0.04844623787490834, 0.3020966395992252], [0.6588596810934669, 0.15350800825558086, 0.036818512827153614, 0.15081379772379336], [0.1199242509886555, 0.1745144535109005, 0.122299008110111, 0.5832622872903158], [0.12613424841091112, 0.15568528431913403, 0.5738423314316857, 0.144338135738263], [0.0559357321654429, 0.05135678110440539, 0.36610086995037266, 0.5266066166797595], [0.05553563496329594, 0.04207281563192464, 0.6242013607650103, 0.27819018853975547], [0.13000910364252177, 0.26465060153168035, 0.4447967903582983, 0.16054350436752315], [0.12820475529508882, 0.27252290682351693, 0.24808990617945265, 0.3511824316019453], [0.22454055429502726, 0.2593406694018211, 0.2289266300523125, 0.2871921461508376], [0.15504444736779116, 0.17702024063592917, 0.5551847293806482, 0.11275058251564232], [0.061225178168353774, 0.030308984343312986, 0.46312663951315747, 0.4453391978751926], [0.046547316737739326, 0.02615951858324077, 0.6289160296471199, 0.29837713493191304], [0.14692045917892158, 0.33168342830025827, 0.4000550630354062, 0.12134104938539171], [0.09116169531944213, 0.2913626364465187, 0.07967923334921527, 0.5377964347848111], [0.6847757551849304, 0.09605427223422862, 0.03550654835067636, 0.1836634241301522], [0.690103255093744, 0.1131450049909786, 0.040571808899739284, 0.15617993091553262], [0.46637538443303544, 0.02213559850162003, 0.4519648136388088, 0.05952420332653764], [0.6486017566122072, 0.020643232699587715, 0.04405236029346219, 0.2867026502947343], [0.5825286385745497, 0.020118127374235847, 0.3330159192412631, 0.06433731470996394], [0.5822031835027269, 0.012002451982523699, 0.03556693837118633, 0.3702274260435498]], "ideal": "D", "sampled": "D", "correct": true}}
{"type": "result", "data": {"idx": 10, "options": ["Radiation pressure from the Sun's light pushes the ions away.", "The conservation of the angular momentum in the tail keeps it always pointing away from the Sun.", "The ions are following Keplerian orbits that lead away from the Sun.", "The solar wind electromagnetically \"blows\" the ions directly away from the Sun."], "probs": [[0.317635364917297, 0.3408165552670568, 0.22655493937047325, 0.11499314034518976], [0.27560932225251816, 0.3483402080704061, 0.10582089840219051, 0.2702295711749159], [0.3777156196450432, 0.10737206964820856, 0.39258808817080554, 0.1223242224359517], [0.30991339359370773, 0.09927712471301593, 0.1199682767659605, 0.4708412048273032], [0.2968840677097155, 0.07580956419027207, 0.4623869051860478, 0.16491946281398095], [0.3187048471103275, 0.0773589977115615, 0.12552460934747306, 0.47841154573062533], [0.20577579232303045, 0.16889096007412022, 0.45375806432362675, 0.17157518317920306], [0.2139289778645088, 0.25006054600210353, 0.18192270575827643, 0.3540877702751069], [0.18103064733326085, 0.11846790534745873, 0.5028765821086454, 0.19762486511065774], [0.22525540555459503, 0.2108433145905741, 0.19886852222167115, 0.36503275753316683], [0.21110855205324067, 0.08736205787643683, 0.3206024433155745, 0.3809269466547475], [0.19484521924413872, 0.08075921688568266, 0.31201828994582403, 0.41237727382436534], [0.11698263759662089, 0.25201687160168246, 0.4598098922295634, 0.17119059847212514], [0.09373039217115879, 0.24117606763534094, 0.12290661888111866, 0.5421869212123639], [0.1372519881315258, 0.36238770678150256, 0.322331288304009, 0.17802901668295576], [0.129680583739004, 0.4012108606535534, 0.13723821043316767, 0.3318703450742687], [0.11302974629585562, 0.06737841748648196, 0.1497592327523489, 0.6698326033653431], [0.12953700576244398, 0.07282470549399116, 0.6049937018639734, 0.1926445867796017], [0.19666676795742388, 0.09399914540740767, 0.5380654834263467, 0.1712686031088389], [0.19938257264838236, 0.10530912522187316, 0.18691767874111798, 0.5083906232886274], [0.14801698064405847, 0.4647560831704051, 0.16766066676066324, 0.21956626932485487], [0.13538636743549076, 0.39012926238657225, 0.1585652856883436, 0.3159190843896112], [0.16630615472309873, 0.0871832645126157, 0.23417955875957622, 0.5123310219047029], [0.19733636989545064, 0.09469978005612877, 0.47986170130977784, 0.22810214863862954]], "ideal": "D", "sampled": "B", "correct": false}}
{"type": "result", "data": {"idx": 11, "options": ["By observing the duration of a solar eclipse.", "By measuring the size of Earth's shadow on the Moon in a lunar eclipse.", "By comparing the maximum altitude of the Sun in two cities at different latitudes at the same time on the same day.", "By sending fleets of ships around Earth."], "probs": [[0.4002255583935245, 0.08730471498742495, 0.4834546177307201, 0.029015108788334517], [0.07272945248402093, 0.039237811849879387, 0.014702464973455747, 0.8733302705926255], [0.2801633387446911, 0.6447865776166926, 0.05831642021950205, 0.016733663319094937], [0.20416624369938105, 0.6695749515919287, 0.03150491737632692, 0.0947538872323628], [0.08181295459076748, 0.010893536801603647, 0.06391893744596648, 0.8433745710616645], [0.07363229618755006, 0.014724838090988865, 0.8023082145612423, 0.10933465106022487], [0.3215482057152804, 0.07227504009634288, 0.575656028063989, 0.03052072602440616], [0.0769415210834904, 0.033497622166425954, 0.013793931076717105, 0.875766925573348], [0.3918577160302349, 0.5234346325641314, 0.06750830364546316, 0.017199347660192345], [0.25497130372308424, 0.4923258993347323, 0.043411831483692855, 0.2092909653584847], [0.07651329157740386, 0.007994837977828375, 0.06368549678334351, 0.85180637356141], [0.15064054377009575, 0.015355496391668855, 0.659576122520615, 0.1744278372176493], [0.9060880470188901, 0.041104695429592684, 0.03871605004417428, 0.01409120740732591], [0.8818854202150943, 0.046006578689485, 0.01744526783563609, 0.0546627331597989], [0.9129409163157657, 0.03209813556619409, 0.04106817005222246, 0.013892777965799692], [0.4107392880852203, 0.03938569050952804, 0.02147622789056243, 0.5283987934146919], [0.6823374366457735, 0.019225729809212982, 0.16082002278391982, 0.1376168106610831], [0.4891428223523361, 0.017224079269085313, 0.04212757764412786, 0.45150552063444893], [0.005977041827073509, 0.027291317567601187, 0.11073109324124604, 0.8560005472640901], [0.007334980233357082, 0.04809255457769218, 0.7878845003338724, 0.15668796475505517], [0.006443242358503395, 0.02268522235360921, 0.04981964249633688, 0.921051892691549], [0.006965295440095013, 0.05148621968607489, 0.6454258226674248, 0.2961226621064324], [0.006775618715071545, 0.4688345618251695, 0.09511298836025883, 0.4292768309995027], [0.007992611659425155, 0.2866665462484963, 0.060252504468203676, 0.6450883375238847]], "ideal": "C", "sampled": "C", "correct": true}}
{"type": "result", "data": {"idx": 12, "options": ["a dwarf galaxy orbiting the Milky Way.", "the closest planetary nebula to the Earth.", "a bright star cluster discovered by Magellan.", "the outer arm of the Milky Way named after Magellan."], "probs": [[0.941880956746188, 0.012321358476138683, 0.023273908864850066, 0.022523775812845936], [0.9458604686583995, 0.012215281833580494, 0.020818202365598906, 0.02110604704243706], [0.9482715013714298, 0.02335679172970553, 0.007876239008377054, 0.02049546779050622], [0.9632717099604586, 0.016418022826013845, 0.007371411936229696, 0.012938855177279402], [0.9520843528200597, 0.014555770090670302, 0.011665816024387099, 0.02169406096486152], [0.9637647333351618, 0.011875512167273143, 0.011299033888042754, 0.013060720509504723], [0.007368581326267023, 0.9350081805645275, 0.030337652149607673, 0.02728558585961701], [0.007630391012066947, 0.9367742819118513, 0.030530207850586143, 0.025065119125482538], [0.004990059229178818, 0.004670206567714727, 0.970613857076809, 0.019725877026274388], [0.005460530004657291, 0.006526032705316133, 0.005624357227886284, 0.9823890799621561], [0.004232251063718051, 0.005030133484052055, 0.9701816398710889, 0.020555975481161583], [0.006403870741067205, 0.0070191048604761365, 0.008433571135199385, 0.9781434531632581], [0.0024548243343803454, 0.9656543384359544, 0.00909948897330572, 0.022791348156339854], [0.002312930862034413, 0.969262555847536, 0.010264111207507347, 0.018160401982933807], [0.002969480887957212, 0.0018814559388243097, 0.9746677205039826, 0.020481342569246597], [0.003262020353917717, 0.0020106254111282302, 0.005679682953944891, 0.9890476711809952], [0.0024607835899357407, 0.0027779271423100265, 0.9749460169431148, 0.01981527222462464], [0.0031754147072817133, 0.0033934387514140125, 0.006048528170211589, 0.9873826182710972], [0.003655067796227471, 0.9523238937861384, 0.016302869625065608, 0.027718168692563945], [0.003010508371227703, 0.9598149565092636, 0.01720640538141159, 0.019968129638075396], [0.00362025782812818, 0.002598048450593255, 0.9742153032668048, 0.01956639035448053], [0.005392675411612156, 0.0036017726518448095, 0.008471845627352193, 0.982533706209193], [0.0032831233247372416, 0.0034268370874406583, 0.9758271781121873, 0.017462861375629937], [0.004461476610507697, 0.004843776495344392, 0.006697460065413187, 0.9839972867287359]], "ideal": "A", "sampled": "A", "correct": true}}
{"type": "result", "data": {"idx": 13, "options": ["Actually water-ice is all over Mercury and not just at the poles.", "The pole is the only place fortunate enough to have had comet impacts", "Radar from the earth can only see Mercury's poles.", "These craters contain the only permanently shadowed regions on Mercury"], "probs": [[0.009231010083387963, 0.02044655796535133, 0.03148033296375737, 0.9388420988874823], [0.011599122047656675, 0.04381786571686735, 0.8517623784918399, 0.09282063364363348], [0.009535803987768226, 0.01977377554451668, 0.05925927073412662, 0.9114311496335764], [0.008453020175187918, 0.017179697132765816, 0.9118619514768644, 0.06250533111517752], [0.0086893245483654, 0.9020651167344683, 0.04625421075152055, 0.04299134786564256], [0.00847558907828388, 0.8957152412896495, 0.04323127422317302, 0.05257789530889025], [0.02260216238312782, 0.004576781902652519, 0.030994150823982262, 0.94182690479026], [0.03319536679628185, 0.00646670808916464, 0.922197593315657, 0.03814033169888234], [0.018991690083019104, 0.012314559843432661, 0.014816792180179181, 0.9538769577933559], [0.04509163417208048, 0.02083922382161014, 0.9078284675584521, 0.026240674347864635], [0.031178135990543133, 0.9104696768528959, 0.02400137833187764, 0.034350808724663354], [0.03731322864499086, 0.8840204726691726, 0.04885024188427071, 0.02981605670155652], [0.025765568966336024, 0.007879128643311386, 0.06977827512296184, 0.8965770271673992], [0.02319353137674505, 0.008050606365346496, 0.9241114929521561, 0.0446443692057436], [0.020625312552575586, 0.029114697422737784, 0.016885357296735154, 0.9333746326279386], [0.0399901335258857, 0.05811986175395344, 0.8681878685649485, 0.03370213605522942], [0.015454406175116515, 0.9354774101740442, 0.02008609193224061, 0.028982091618623355], [0.019019456753613356, 0.9267647936028011, 0.03779124198310022, 0.016424507560503676], [0.913390062354867, 0.011496956613167958, 0.05053448514212226, 0.024578495789831973], [0.9160558611199675, 0.010531991616261152, 0.04490318469385503, 0.028508962469934684], [0.9333322126227123, 0.03747052120488859, 0.01045136556648667, 0.018745900505908013], [0.9120851505607604, 0.042343580788339975, 0.02794469078305002, 0.017626577767874248], [0.9298775553210699, 0.028265112960888496, 0.015801252952754422, 0.026056078665288696], [0.9165567295360686, 0.026291385504418688, 0.04194287993442881, 0.01520900492510089]], "ideal": "D", "sampled": "D", "correct": true}}
{"type": "result", "data": {"idx": 14, "options": ["Virgo", "Laniakea", "Sculptor", "Bo\u00f6tes"], "probs": [[0.045650308750036596, 0.8858611742482349, 0.024254453511049143, 0.04423406339067662], [0.03850574551253769, 0.888792876702258, 0.016653631815709294, 0.05604774586949265], [0.04450555822161391, 0.02017545417275782, 0.8866707579581026, 0.048648229547542256], [0.01610387452178376, 0.006583020681410618, 0.006067226557581487, 0.9712458781392289], [0.03838224956266091, 0.013259555605946381, 0.8923075262212261, 0.05605066851015379], [0.015289910082544756, 0.0059314645527049235, 0.006877210677152554, 0.9719014145875853], [0.881637757327832, 0.05034435001730789, 0.022225610902520378, 0.0457922816523253], [0.8684497828090431, 0.05065031079853837, 0.017157954184841957, 0.06374195210756275], [0.8809067991000428, 0.051001852209742134, 0.02957500611616379, 0.03851634247406415], [0.8580494887488327, 0.0496647830637877, 0.018360624312318243, 0.0739251037750639], [0.8785321584723181, 0.037882161217575885, 0.028005453038209293, 0.05558022717190232], [0.8561614251387517, 0.040022801125348444, 0.0213384165151062, 0.08247735712078852], [0.0521426656456796, 0.034095727348544866, 0.865779085009611, 0.047982521896169354], [0.0194171615027633, 0.009800043211977931, 0.007796034837805105, 0.9629867603474546], [0.050433496752797506, 0.869054641653981, 0.03805839743567174, 0.04245346405757011], [0.04250962367738234, 0.8542085033296151, 0.024577251000148508, 0.07870462189284103], [0.01761317917970339, 0.008356236369230557, 0.012178011152667577, 0.961852573198416], [0.0419158928593373, 0.022802260019414263, 0.8535447533505769, 0.08173709367067979], [0.03547803701466446, 0.013082579422571098, 0.9068715758444735, 0.04456780761828755], [0.015385448850381709, 0.005907082616140743, 0.006539843841957139, 0.97216762459153], [0.043631273614562434, 0.8691623218229608, 0.031897614185506115, 0.05530879027697916], [0.04519666270905715, 0.8478579457498129, 0.024088727875025102, 0.08285666356609206], [0.016973106661974394, 0.005876731965948442, 0.010332363184494934, 0.9668177980875902], [0.039200461707400436, 0.014234112266118374, 0.878009722766798, 0.06855570315968532]], "ideal": "B", "sampled": "B", "correct": true}}
{"type": "result", "data": {"idx": 15, "options": ["Venus", "Mars", "Jupiter", "Saturn"], "probs": [[0.006722558947855565, 0.003660938699816793, 0.9424321694844485, 0.047184332767880165], [0.004819781312000734, 0.0019139628794445957, 0.045789055127518755, 0.9474772005810205], [0.01145500670679759, 0.8414780030720886, 0.04297947844641176, 0.1040875116746926], [0.012990102167648442, 0.8806214039246245, 0.0761966126350164, 0.030191881172691892], [0.004852284995682613, 0.0031148610290115796, 0.009284277384802914, 0.9827485764905264], [0.006995385891986445, 0.005301149883613304, 0.9690350914191238, 0.01866837270525335], [0.007505875206987418, 0.0045182258114033974, 0.9489341285460015, 0.03904177033559289], [0.005352596234810025, 0.0023846000083197166, 0.06164535492866262, 0.9306174487282203], [0.008105642937408848, 0.8796452178175703, 0.043196770758468214, 0.0690523683865349], [0.010233348819953685, 0.8658301947388332, 0.09278799342094, 0.031148462920270716], [0.005222631673554822, 0.004700058621392493, 0.021437592564768976, 0.9686397170403028], [0.006215972218909861, 0.006517477689701841, 0.9649839962100814, 0.02228255378129862], [0.2359332331772253, 0.03341486356783864, 0.061793345422115065, 0.6688585577328441], [0.5147428410955832, 0.054547859514162175, 0.41048664214556435, 0.02022265714468208], [0.19518528480213398, 0.020966633246844387, 0.08758576973742961, 0.6962623121136058], [0.2190553780177015, 0.03107683240447876, 0.7272474180603663, 0.022620371417436645], [0.47977518608744846, 0.3765002218377444, 0.12312245583388848, 0.020602136140919953], [0.4929600625872646, 0.40311407791516995, 0.08259117520328421, 0.02133468419428243], [0.005010953318299242, 0.0025686419402377466, 0.007758330051082719, 0.9846620745903578], [0.006264603461077922, 0.004021502207535204, 0.9741032540801321, 0.0156106401512627], [0.005151355759973697, 0.0019710929415412146, 0.01129412948358829, 0.9815834217148893], [0.0051886618147588826, 0.00295696329245049, 0.9736040931875868, 0.018250281605212627], [0.009273310863394254, 0.9582378502710847, 0.02020905516028261, 0.012279783605224068], [0.009423193879944402, 0.9589440839397206, 0.01702947426027861, 0.014603247820070307]], "ideal": "C", "sampled": "C", "correct": true}}
