{"type": "result", "data": {"idx": 0, "options": ["Cryptocurrencies, Expensive, Secure, Financial Crime", "Traditional currency, Cheap, Unsecure, Charitable giving", "Cryptocurrencies, Cheap, Secure, Financial crime", "Traditional currency, Expensive, Unsecure, Charitable giving"], "probs": [[0.2786606852697523, 0.05053052036106033, 0.5445474922665257, 0.12626130200266164], [0.2188284842576717, 0.06405500389271795, 0.06655004959444093, 0.6505664621551672], [0.39171947091411835, 0.42517481746361907, 0.0804063083636698, 0.10269940315860208], [0.41423504119811044, 0.4230313860892453, 0.07168513836386532, 0.0910484342487761], [0.1881592298882511, 0.0671618414010847, 0.045360059661026894, 0.6993188689496471], [0.30396574387633246, 0.041726404703550726, 0.5712360981675767, 0.08307175315257039], [0.11127134575791665, 0.4638109011203642, 0.32824534641113384, 0.09667240661057444], [0.08950667666320412, 0.3113440281120133, 0.05460821883364212, 0.5445410762911499], [0.10351482102171376, 0.5988684512497514, 0.219081058254569, 0.07853566937395093], [0.07124507768452056, 0.32694163550715877, 0.03876348931864469, 0.5630497973896894], [0.1049216108181671, 0.09465689091516352, 0.289911434905342, 0.5105100632613109], [0.08358866630089058, 0.06954156288893834, 0.28960055165358023, 0.5572692190565941], [0.5461477482327505, 0.2156988292788583, 0.13922297203667142, 0.09893045035170717], [0.54174975145136, 0.23389459635925305, 0.1085711243668025, 0.11578452772257145], [0.34874170589589526, 0.04570798736566901, 0.48399002713075046, 0.12156027950768514], [0.23195919321165903, 0.07563776361513777, 0.04346191986511622, 0.6489411232081091], [0.3331235559842632, 0.04244181748829879, 0.4991469028834687, 0.12528772354396514], [0.25646718112505024, 0.05612446336146823, 0.07828147507955657, 0.6091268803339102], [0.09324226866515643, 0.23946561203414457, 0.05821716145268372, 0.6090749577480119], [0.13591589914292423, 0.4463917794445438, 0.3264719810738934, 0.09122034023864747], [0.10592252735139879, 0.1032300089808302, 0.2834549116858051, 0.5073925518819881], [0.09305851163720896, 0.08957237737641634, 0.31232602704530193, 0.5050430838410717], [0.09393403919506872, 0.48240335999371997, 0.3453662898495595, 0.07829631086163022], [0.07669580120669767, 0.329453634656412, 0.04973068261324117, 0.5441198814236438]], "ideal": "C", "sampled": "C", "correct": true}}
{"type": "result", "data": {"idx": 1, "options": ["Unsafe practices, Wants, Fear, Trivial", "Unsafe practices, Distress, Fear, Serious", "Safe practices, Wants, Jealousy, Trivial", "Safe practices, Distress, Jealousy, Serious"], "probs": [[0.23738083855295675, 0.4842457143186932, 0.06102142543134526, 0.21735202159700306], [0.24300414531191988, 0.4451891419105203, 0.06734173049604372, 0.24446498218151297], [0.22186126368255799, 0.05485842978582445, 0.43609861063132954, 0.28718169580029185], [0.24162733005830467, 0.06709549214649625, 0.23000777531213154, 0.46126940238307634], [0.2930511023477026, 0.13260709749870406, 0.31817004924920966, 0.2561717508043863], [0.28673222679006527, 0.13481981328952541, 0.19476113688185331, 0.38368682293854717], [0.42832769454197306, 0.10202227854486941, 0.07722686459835873, 0.39242316221480145], [0.5845715479523187, 0.12155331222142024, 0.12367598298266538, 0.17019915674360273], [0.4163911235357607, 0.054895121750767814, 0.17045524379976779, 0.35825851081369803], [0.4102110830032978, 0.05152724334629971, 0.2086340316185022, 0.3296276419319134], [0.5675177589907378, 0.06789657620251506, 0.21659651300078753, 0.14798915170595964], [0.4685630230177558, 0.060194966749796575, 0.13892841467557848, 0.3323135954568826], [0.20955887172346102, 0.10294898203168604, 0.3944027867164545, 0.29308935942838726], [0.22576759589208223, 0.11013834263685292, 0.24894404989420926, 0.41515001147685754], [0.2453095638429154, 0.34187102227779087, 0.17972174741136662, 0.23309766636792872], [0.24796611476099475, 0.3608740986073508, 0.17445035394580888, 0.21670943258586037], [0.19889485802385112, 0.24699183081955445, 0.08259295031774824, 0.47152036073885367], [0.24509542455744449, 0.34899533648006503, 0.16264805642386043, 0.24326118243862196], [0.3228042931766428, 0.08742080393212782, 0.3759985848807717, 0.2137763179104698], [0.3416201738452589, 0.0971314979767772, 0.14906830556758421, 0.4121800225103868], [0.38734847149659757, 0.21895495043053853, 0.13627475618288645, 0.25742182178996653], [0.4327466137870423, 0.24849189301731067, 0.12253055345206179, 0.1962309396435799], [0.26771438584692836, 0.08861121808469762, 0.09019081561060192, 0.5534835803577485], [0.347565810876539, 0.09654548230522449, 0.27720024763393425, 0.2786884590842861]], "ideal": "B", "sampled": "B", "correct": true}}
{"type": "result", "data": {"idx": 2, "options": ["Employee rights", "Employee rights", "Employer duties", "Employee duties"], "probs": [[0.5449881776987175, 0.08639255817302534, 0.11517883530649425, 0.2534404287217909], [0.16890621547160822, 0.05191137925340588, 0.7164146048596043, 0.06276780031539114], [0.4036642515921807, 0.17949869708895194, 0.10182322788326337, 0.3150138233356158], [0.29353783794395283, 0.15055923339590202, 0.1385725484130393, 0.4173303801471162], [0.1996771055259198, 0.6236913553707856, 0.10396973745548059, 0.07266180154782008], [0.1742519190168007, 0.6001909230013805, 0.021780938610300955, 0.20377621927153164], [0.5449881776987175, 0.08639255817302534, 0.11517883530649425, 0.2534404287217909], [0.16890621547160822, 0.05191137925340588, 0.7164146048596043, 0.06276780031539114], [0.4036642515921807, 0.17949869708895194, 0.10182322788326337, 0.3150138233356158], [0.29353783794395283, 0.15055923339590202, 0.1385725484130393, 0.4173303801471162], [0.1996771055259198, 0.6236913553707856, 0.10396973745548059, 0.07266180154782008], [0.1742519190168007, 0.6001909230013805, 0.021780938610300955, 0.20377621927153164], [0.0651692256193834, 0.44991465627200766, 0.06552130706092436, 0.4193948109476685], [0.06065071913710241, 0.3287541261715394, 0.3365403679474127, 0.2740547866439329], [0.0651692256193834, 0.44991465627200766, 0.06552130706092436, 0.4193948109476685], [0.06065071913710241, 0.3287541261715394, 0.3365403679474127, 0.2740547866439329], [0.059392946527029845, 0.7735427610383493, 0.1134259770968382, 0.05363831523779437], [0.059392946527029845, 0.7735427610383493, 0.1134259770968382, 0.05363831523779437], [0.35486694098352933, 0.49475433444582995, 0.06483695965075276, 0.08554176481989517], [0.3553516954461992, 0.4669215559508129, 0.023385391795686286, 0.15434135670730473], [0.35486694098352933, 0.49475433444582995, 0.06483695965075276, 0.08554176481989517], [0.3553516954461992, 0.4669215559508129, 0.023385391795686286, 0.15434135670730473], [0.803790554306037, 0.050043643833623815, 0.09821556050840553, 0.047950241251958], [0.803790554306037, 0.050043643833623815, 0.09821556050840553, 0.047950241251958]], "ideal": "D", "sampled": "D", "correct": true}}
{"type": "result", "data": {"idx": 3, "options": ["Presenteeism", "Absenteeism", "Work-play balance", "Work-life balance"], "probs": [[0.009810679339834708, 0.006929287765087702, 0.02356887705842811, 0.9596911557366459], [0.02095141268215143, 0.013188426805597656, 0.9401943758735686, 0.02566578453867598], [0.007305942059783742, 0.01151208289385624, 0.004973223624699012, 0.9762087513216647], [0.008760043299165004, 0.011219069758611304, 0.9715530794745812, 0.00846780736762394], [0.033925393860885146, 0.9308776074446542, 0.01277070476243059, 0.022426293832030094], [0.05026604609007893, 0.8865003511107904, 0.043628901158624535, 0.019604701540503616], [0.0023063877436539626, 0.02920591937591626, 0.016578309378929828, 0.9519093834014928], [0.002559542032527911, 0.23056985766928945, 0.7311738735352507, 0.035696726662925074], [0.0023058777114954134, 0.01066297112719248, 0.018298516826685835, 0.9687326342346464], [0.0015248741670381826, 0.005115908731347775, 0.9765541358851683, 0.016805081116464723], [0.0032902916782287504, 0.03807456722526413, 0.9205931178684916, 0.038042023128015606], [0.003706323997282968, 0.14629921052804584, 0.13444080964241778, 0.7155536557322489], [0.013135302252765872, 0.009084108541906924, 0.006120888759134112, 0.9716597003462141], [0.013801204843385938, 0.00946758242354473, 0.9594525618454643, 0.017278650787624028], [0.027246385376496183, 0.008114709602796847, 0.1628505557306014, 0.8017883491901245], [0.008263422710434383, 0.003667829818005126, 0.9559432965419329, 0.03212545082960646], [0.023271561716017443, 0.9328957185654769, 0.024961287181209952, 0.018871432437288994], [0.01450838276874737, 0.924708373127072, 0.012780504490531537, 0.048002739513628455], [0.9697892968122607, 0.01370612130092893, 0.0060798292776286355, 0.010424752509195858], [0.9476433294360843, 0.023720721021795874, 0.012467423919841347, 0.016168525522260457], [0.6794311633835899, 0.016969422038409256, 0.2820747577530853, 0.021524656724906114], [0.8603008888036758, 0.010604346065854758, 0.013742245230162323, 0.11535251980033326], [0.9537467589342593, 0.023592166334891126, 0.011075473498539734, 0.011585601132315425], [0.9258990610295411, 0.025848495245450916, 0.007899636394576089, 0.040352807230437174]], "ideal": "D", "sampled": "D", "correct": true}}
{"type": "result", "data": {"idx": 4, "options": ["Industrial supply loops", "Industrial ecosystems", "Ecological ecosystems", "Corporate ecosystems"], "probs": [[0.017207540267647516, 0.6222116340333419, 0.0372431196295176, 0.3233377059694959], [0.012558706358190284, 0.8955592038698077, 0.055094797244879715, 0.03678729242714221], [0.01083686472523325, 0.06876508290509903, 0.7312168303373804, 0.18918122193227277], [0.013651043627420551, 0.05279034195780138, 0.03828498671535713, 0.8952736275994142], [0.010005342469481343, 0.06681742754817085, 0.8910189081784344, 0.03215832170388901], [0.014128319109779937, 0.09096143117078756, 0.019383188028948912, 0.8755270615905005], [0.20608204501489533, 0.03727144656473921, 0.03592321820035177, 0.7207232901200334], [0.25957723119593595, 0.037645583130013684, 0.6523796602592192, 0.05039752531484878], [0.14009670100277863, 0.05618817945763559, 0.01821526409270896, 0.7854998553468537], [0.5152537454768288, 0.09800010214652752, 0.3574848015285686, 0.029261350748080985], [0.7521561127770383, 0.09611988198092777, 0.02485173566724332, 0.12687226947479113], [0.6422712007260863, 0.08671451273230082, 0.23004268784013124, 0.040971598601481106], [0.02719290726621893, 0.010162224847313338, 0.6676331975596294, 0.2950116702268361], [0.0297155252666499, 0.013873576443054708, 0.10203963249430678, 0.854371265695968], [0.04222380598615248, 0.12540761547774487, 0.015310827280366125, 0.8170577511557361], [0.08076864701349128, 0.6918956585217503, 0.1936053699934448, 0.03373032437133908], [0.026202064665513284, 0.023347764704669288, 0.007207678237276317, 0.9432424922925198], [0.14947780875787375, 0.13067199823305212, 0.671547854591828, 0.04830233831724202], [0.03764543073763428, 0.011521163164667735, 0.9180467171359838, 0.03278668886172495], [0.03923917449175972, 0.014132409746309417, 0.014694847153854865, 0.931933568508064], [0.5187688374590851, 0.3695588206871628, 0.024777765057992698, 0.08689457669574649], [0.4225456841875438, 0.29676973542883633, 0.2455699327682744, 0.035114647515335815], [0.038709851600527485, 0.02346185440657747, 0.007087064549444144, 0.9307412293434592], [0.22143550147048557, 0.08000545615058313, 0.6657933553195092, 0.032765686959401116]], "ideal": "B", "sampled": "B", "correct": true}}
{"type": "result", "data": {"idx": 5, "options": ["Power imbalance, Benefits, Hoodwinked", "Power imbalance, Resources, Co-opted", "Informational asymmetries, Benefits, Hoodwinked", "Informational asymmetries, Resources, Co-opted"], "probs": [[0.08542008341099333, 0.2842573075260038, 0.14578903251121883, 0.4845335764517792], [0.07224337342885664, 0.5084957888534476, 0.12932595580244025, 0.2899348818152344], [0.10740755112880566, 0.11961444362155398, 0.33506310655627747, 0.43791489859334987], [0.10049057952893879, 0.12154620494437371, 0.3191302417998244, 0.45883297362686964], [0.079006324076808, 0.48276304386446345, 0.13125594686592143, 0.3069746850928038], [0.1003318120757512, 0.40225416165046435, 0.1459323956426706, 0.3514816305310944], [0.17207714552292838, 0.08457464768138133, 0.10929770225294345, 0.6340505044427301], [0.18722307914130332, 0.07175210402784205, 0.4176312929714631, 0.3233935237593735], [0.18685254197811202, 0.10728757295674676, 0.15631210781342358, 0.5495477771517], [0.20230949745842763, 0.09535513959588536, 0.5268901018762112, 0.17544526096948734], [0.2877430188785591, 0.35954159367872957, 0.08500159058700074, 0.26771379675568896], [0.2700909077201411, 0.3020698433255253, 0.11428321608823855, 0.31355603276609906], [0.09773143138297519, 0.18006651208346275, 0.30517362360968064, 0.4170284328239004], [0.0948683583555626, 0.17092201648509214, 0.32008686510282863, 0.4141227599565279], [0.09041689947704247, 0.3579651359083941, 0.13649544566604227, 0.41512251884852597], [0.08209597176122634, 0.5028802017873106, 0.16258419084277734, 0.2524396355087131], [0.07832043909427296, 0.2563608285988408, 0.22754080495844128, 0.437777927248463], [0.06827175022593189, 0.4860018482014986, 0.2161380180729209, 0.2295883833996341], [0.18576270513647625, 0.10680275299473516, 0.5187465284212086, 0.18868801334756058], [0.1892602998135933, 0.1302839951607269, 0.2047519426634863, 0.4757037622621948], [0.20929059911531228, 0.4219631632293149, 0.10207315371298235, 0.26667308384239413], [0.2209060170318172, 0.49280751695557, 0.081261777499488, 0.2050246884131216], [0.17326889558543193, 0.0953652862383113, 0.2151314068992035, 0.5162344111770553], [0.14357839065275002, 0.0669656090267959, 0.5395536459849263, 0.2499023542355446]], "ideal": "B", "sampled": "B", "correct": true}}
{"type": "result", "data": {"idx": 6, "options": ["hedonistic utilitarianism", "preference utilitarianism", "The Categorical Imperative", "ethics of care"], "probs": [[0.384404938011262, 0.3873172104088612, 0.18156039178993735, 0.04671745968995206], [0.39097415892868376, 0.4146543269465151, 0.056870534387587, 0.13750097963722438], [0.23963343958078745, 0.12556880126882666, 0.5964114035725837, 0.038386355477788806], [0.12119438702032806, 0.08657881055669805, 0.04163658334460058, 0.7505902189783886], [0.07767975537570537, 0.04498157894522287, 0.8093118326384589, 0.06802683294060347], [0.11852386865236686, 0.05416915235647002, 0.061972561494755336, 0.7653344173964105], [0.6750018073372428, 0.12201516716811847, 0.1471381824400091, 0.055844842954635474], [0.7161180000672757, 0.10920082871910132, 0.060423372422022, 0.11425779869158821], [0.44309188077064265, 0.12972634728192028, 0.38784915076593457, 0.039332621081489605], [0.35121933711788933, 0.08647669282704168, 0.04405574217849095, 0.5182482277765734], [0.4203280164469508, 0.04800598814372459, 0.45081919472013654, 0.08084680058917965], [0.3011407710006387, 0.040372355747627174, 0.050404081183371786, 0.6080827919683615], [0.14498655499659943, 0.5343279012874473, 0.2871857734935183, 0.033499770122444025], [0.10876611261088075, 0.27599340054770455, 0.047658730106659025, 0.5675817566347556], [0.15097059244681313, 0.5773257445898552, 0.23970019725889233, 0.032003465604440624], [0.11657741113460053, 0.47769561670341687, 0.039628044410555355, 0.3660989276514288], [0.07323616805881197, 0.051033643792568015, 0.6501522195852945, 0.225577968463309], [0.0656433789621731, 0.038471686300925186, 0.549381575891322, 0.3465033587455895], [0.06276845942208262, 0.13735612068991118, 0.6918796528774916, 0.10799576691053805], [0.07364278899851805, 0.12223454167641132, 0.08424977408723455, 0.719872895137848], [0.04709362632002919, 0.4056376026211357, 0.4598238586957889, 0.08744491226304829], [0.051126386343714796, 0.3671090381341543, 0.05419508420062455, 0.5275694912215001], [0.04653693010842367, 0.09372405872399568, 0.6050379000760461, 0.2547011109915481], [0.04318474290215578, 0.0788411640687812, 0.5294470771810632, 0.348527015747994]], "ideal": "B", "sampled": "B", "correct": true}}
{"type": "result", "data": {"idx": 7, "options": ["The only social responsibility of business is to its shareholders", "Managers should act in ways that balance the interest of society and shareholders", "The primary responsibility organizations have is to its employees", "The primary responsibility organizations have is to its stakeholders"], "probs": [[0.9246796780598675, 0.019382502374100146, 0.009315240047977508, 0.04662257941804029], [0.9313590139106426, 0.019715895370213912, 0.024349807270053755, 0.024575283349093386], [0.9013421470650803, 0.014009975167692836, 0.017286839141231716, 0.06736103852597027], [0.9069276373269329, 0.015044102736209077, 0.028820583301196582, 0.04920767653566532], [0.9437991970250669, 0.017522964863967164, 0.01718005530019888, 0.02149778271074855], [0.9154086840652594, 0.023706456650287568, 0.019758142587285282, 0.041126716597154576], [0.010463367486345312, 0.8900993037555556, 0.018009272615802867, 0.0814280560423189], [0.012800959961950215, 0.8970547427027127, 0.03654025132038425, 0.0536040459149633], [0.02166052997820184, 0.008116254833832885, 0.8779813167806093, 0.09224189830736901], [0.015934680626325897, 0.006240300091572702, 0.008593515676885436, 0.9692315035052352], [0.036582073374137714, 0.013011882053376143, 0.9089733973714894, 0.04143264710098429], [0.022361931355544196, 0.010419678894289797, 0.010097785136307418, 0.9571206045138682], [0.010599401846101121, 0.8387712498277934, 0.029638583448537703, 0.1209907647775445], [0.013781944390569945, 0.8235844346042345, 0.052275166954971974, 0.11035845395020301], [0.015491815790843739, 0.009364025181460836, 0.8796979513519281, 0.09544620757575448], [0.012764987624749992, 0.0063459498592731865, 0.009825733034649519, 0.97106332938131], [0.01842466602277806, 0.012869911701439352, 0.9053341898344367, 0.06337123234136055], [0.01225747746886406, 0.008137383583127511, 0.010776679980271115, 0.9688284588677507], [0.012864265799886735, 0.9225741977522897, 0.02322107682755124, 0.041340459520272085], [0.014661490993052919, 0.8579190273982934, 0.024068508327292796, 0.10335097318138085], [0.03004037401462031, 0.012970496578201983, 0.9180087474233136, 0.03898038188387976], [0.017145283781511665, 0.008452468010608392, 0.009283074581032221, 0.9651191735268386], [0.024646251799729253, 0.011218662324200717, 0.8939618980485822, 0.07017318772746456], [0.018825658525071298, 0.009598018731045706, 0.011764434464225827, 0.9598118881796422]], "ideal": "A", "sampled": "A", "correct": true}}
{"type": "result", "data": {"idx": 8, "options": ["Legal, Interactions, Mechanics", "Civil, Relations, Outcomes", "Political, Interactions, Outcomes", "Environmental, Relations, Mechanics"], "probs": [[0.22081412393247768, 0.30580110915753533, 0.41078977308993214, 0.06259499372004035], [0.16311156600211527, 0.32596198739587673, 0.08411305737099618, 0.42681338913102823], [0.26570341194633207, 0.2857206120837291, 0.3782398150126986, 0.07033616085724352], [0.18511481854278794, 0.27766531367250386, 0.05760099906387061, 0.4796188686208375], [0.21113948595633478, 0.04106343416514699, 0.3487273125983631, 0.3990697671801467], [0.17568269570361889, 0.029119077897126696, 0.4538580832010421, 0.3413401430982297], [0.1910104522779103, 0.41959605987007265, 0.3326307311744759, 0.05676275657752952], [0.12821947512422882, 0.35044279011812635, 0.05244474883197294, 0.4688929858256681], [0.2272724969369898, 0.2341064149584992, 0.48109762340939877, 0.05752346459510254], [0.15741239874541213, 0.19661126874713403, 0.03736742789101646, 0.608608904516426], [0.17813176761099608, 0.0344310611726737, 0.3591523282518882, 0.42828484286445456], [0.1572774707422173, 0.03245192407667176, 0.26909974036294193, 0.5411708647181659], [0.28305139306695287, 0.2429965851499168, 0.41976297858781, 0.05418904309531989], [0.18708002561787773, 0.26498567238312415, 0.04289162914454818, 0.5050426727544428], [0.21650933297805477, 0.3445804895815318, 0.39338979845431804, 0.045520378886095246], [0.18656895623248335, 0.28741788961248155, 0.042519682313123634, 0.4834934717419154], [0.18221946850797718, 0.016199200402476004, 0.4989589681240607, 0.3026223628654683], [0.1966423093208475, 0.025131467114263204, 0.2680227450237654, 0.5102034784411578], [0.0797972828968356, 0.3303726865960599, 0.23525546206539016, 0.3545745683417229], [0.07723419244751088, 0.2957045255630515, 0.32303381983526247, 0.3040274620541818], [0.08059659288725823, 0.17558272040556178, 0.36456161953064126, 0.3792590670765402], [0.06356440101070804, 0.16985269821655039, 0.1785092050833514, 0.5880736955893859], [0.08499471806388266, 0.125281910915748, 0.5254838776256011, 0.2642394932947671], [0.07575610218709092, 0.19691069484096213, 0.15405198214828905, 0.573281220723678]], "ideal": "B", "sampled": "A", "correct": false}}
{"type": "result", "data": {"idx": 9, "options": ["Dynamic", "Fluid", "Flexible", "Modern"], "probs": [[0.05797571366991647, 0.3067019845548838, 0.6255607208740704, 0.009761580801131061], [0.03294793183339667, 0.16536166810016897, 0.005973443979935351, 0.7957169559864743], [0.06046645566235777, 0.10022890292992329, 0.8300561496430933, 0.009248491664639917], [0.03571207631289524, 0.0740454094437343, 0.004486984722216751, 0.8857555294211642], [0.03730023678665782, 0.002518795616640938, 0.452370293541717, 0.5078106739550022], [0.029356502038731958, 0.002389615808529754, 0.33284116714503803, 0.63541271490769], [0.0541792311452947, 0.047918611100327954, 0.8861661022216304, 0.011736055432768096], [0.02280933240955191, 0.027328084802298536, 0.0047404632577908844, 0.9451221194303401], [0.04253120225858386, 0.893261827580222, 0.04957485070385085, 0.01463211935733668], [0.031807719576271855, 0.8969624594733668, 0.01171275554230117, 0.05951706530807572], [0.02338545670634508, 0.005400719717942824, 0.029211198576833897, 0.9420026248988825], [0.024473831923830958, 0.005722339140934411, 0.9142415674889021, 0.05556226134632851], [0.13001550066805725, 0.05402068691713368, 0.801695152636208, 0.01426865967862091], [0.0736817349437427, 0.03330152110118245, 0.005288264028613469, 0.88772847982647], [0.059624566212030536, 0.8834594792182685, 0.04264349824272576, 0.014272456226973032], [0.04686619075984536, 0.8854670779822618, 0.01024254222578228, 0.05742418893210163], [0.08565176059748178, 0.004213386123566819, 0.04236482233720616, 0.8677700308417482], [0.07645033542283708, 0.003853699505239192, 0.8630028811124804, 0.056693083859432024], [0.007983343668445653, 0.07563008031694478, 0.21862375729994055, 0.6977628186146837], [0.0071836798727692225, 0.034314879166531295, 0.24297936065167744, 0.7155220802090086], [0.007655699664804609, 0.13332038459595663, 0.03427450571508943, 0.82474940992416], [0.008152962430526071, 0.22865947793080044, 0.6669828650825149, 0.0962046944561724], [0.011226006516669482, 0.1057212358060685, 0.031983224397323026, 0.8510695331799533], [0.010991172126588669, 0.21351387766615726, 0.6855191391455233, 0.08997581096174682]], "ideal": "C", "sampled": "B", "correct": false}}
{"type": "result", "data": {"idx": 10, "options": ["Breadth, Clarity, Accuracy", "Disclosure, Detail, Accuracy", "Disclosure, Clarity, Accuracy", "Disclosure, Clarity, Efficiency"], "probs": [[0.1693268043912276, 0.07074509957452989, 0.6508487423302147, 0.10907935360404865], [0.15556857927431633, 0.08272989445119587, 0.09060008729314223, 0.6711014388813396], [0.25673091910802354, 0.34342426447536567, 0.2435093084605168, 0.15633550785607284], [0.26521053438268055, 0.3555501979048173, 0.1794747576675157, 0.1997645099449898], [0.11831391795788533, 0.05225811257706248, 0.10859783226304781, 0.7208301371020087], [0.14054754353851343, 0.0488129125311472, 0.7012940967846173, 0.10934544704571816], [0.19769527243133, 0.1368799143899116, 0.5147412214567497, 0.1506835916220094], [0.12424740923230929, 0.13187706382572517, 0.07863399866956261, 0.6652415281723979], [0.2455256069873986, 0.21499649159718512, 0.3657404984598992, 0.17373740285553257], [0.23996072455646683, 0.24044379886420325, 0.16911803231127315, 0.3504774441680488], [0.10273702012918766, 0.048193878984403166, 0.15027552562615698, 0.6987935751602673], [0.15701364184951863, 0.06422104193236682, 0.5351959907548006, 0.2435693253633225], [0.37904907132927806, 0.24618809328197788, 0.2280954143752339, 0.14666742091350166], [0.36190387350063247, 0.25348286918966356, 0.14309323868541673, 0.2415200185242901], [0.32750287486171187, 0.09299171900711087, 0.42539800862064797, 0.15410739741052365], [0.3858828275423979, 0.11882345092441558, 0.16533525627194007, 0.32995846516123667], [0.4143616550422687, 0.06996146903724484, 0.3196028114428926, 0.19607406437760588], [0.387744107031114, 0.0786276277641938, 0.18250903140473265, 0.351119233699973], [0.062491092548035074, 0.13956241081845103, 0.12637024156354906, 0.6715762549699618], [0.07132567164396429, 0.14544257799632304, 0.5934494303400231, 0.18978231991967223], [0.056806153658559407, 0.07893000315800455, 0.17958072844345593, 0.6846831146399897], [0.0904308679411864, 0.12516232513755202, 0.4796093978785529, 0.30479740894269985], [0.08348096340220432, 0.40812069550609714, 0.27988886069545776, 0.22850948029622106], [0.09028508217168904, 0.39185555078991097, 0.17529454628563762, 0.3425648206527802]], "ideal": "C", "sampled": "C", "correct": true}}
{"type": "result", "data": {"idx": 11, "options": ["Indistinguishable, Perpetual, Does not own its own assets", "Independent, Limited, Owns its own assets", "Independent, Perpetual, Owns its own assets", "Indistinguishable, Perpetual, Owns its own assets"], "probs": [[0.17900791498891785, 0.3164693899530028, 0.19583492588894266, 0.3086877690691437], [0.16655198625865114, 0.2859486074614027, 0.1479766832614052, 0.3995227229185486], [0.1729299190890014, 0.4698725106740803, 0.1589876680844552, 0.1982099020524549], [0.17791657674972586, 0.49032957321510134, 0.15518516441946462, 0.1765686855157132], [0.1676351538579891, 0.3413346208280113, 0.17164147883092362, 0.31938874638309533], [0.169122533343743, 0.3247743345096604, 0.23258319912127284, 0.273519932925332], [0.2288516413749986, 0.1581410755120447, 0.31332127114241776, 0.29968601187053423], [0.18027879822347156, 0.11340674709210972, 0.13568771304673427, 0.5706267415376618], [0.2506134611022866, 0.2838200067032621, 0.1633995636307039, 0.3021669684637312], [0.2485980493818056, 0.3118320392221844, 0.12722179762733044, 0.31234811366868775], [0.19052474134802402, 0.12213208668480682, 0.1533844935744258, 0.5339586782927286], [0.25156557338817825, 0.15411325916751, 0.38120987635938014, 0.21311129098492693], [0.30012979400353984, 0.2710595542579075, 0.23551540721424472, 0.19329524442431334], [0.2788817718044953, 0.28106850251491583, 0.1318627822473209, 0.3081869433332754], [0.2955201410835336, 0.27230970390566545, 0.14567522863493626, 0.28649492627585943], [0.29766150045845563, 0.29814310312911213, 0.1065215592925707, 0.2976738370198745], [0.29457993982474767, 0.15584318264884334, 0.243263465265459, 0.3063134121609342], [0.30946707344118346, 0.12194977864396495, 0.408343645106079, 0.1602395027087609], [0.19172889012835476, 0.2889138735576637, 0.13810504233384074, 0.3812521938801365], [0.20257694768715886, 0.2976705972996577, 0.2372235381806709, 0.2625289167325217], [0.2249680158923729, 0.24755500064917046, 0.11369731969219019, 0.41377966366625174], [0.26478697144859475, 0.33926571437322656, 0.22824599357365027, 0.16770132050451045], [0.2515388080242707, 0.46786881055475327, 0.13247511091312786, 0.14811727040785433], [0.2354509523640761, 0.48135451871512963, 0.15593572838680408, 0.1272588004339829]], "ideal": "C", "sampled": "C", "correct": true}}
{"type": "result", "data": {"idx": 12, "options": ["Private services, social, economic and environmental", "Public services, social, cultural and environmental", "Private services, cultural, economic and environmental", "Public services, social, economic and environmental"], "probs": [[0.13057133303379045, 0.022813664182222016, 0.014230624129052571, 0.8323843785549131], [0.19754633573807345, 0.013914597784785447, 0.7587936346709933, 0.029745431706166208], [0.06423154872519903, 0.01235086848411177, 0.020498919419879497, 0.9029186632708203], [0.29013885560572206, 0.013910418406089578, 0.6070528526747655, 0.08889787321342373], [0.06681387605010117, 0.8747903898679673, 0.02105274703551513, 0.03734298694640438], [0.047831366428362616, 0.8505351511856516, 0.017092280303631517, 0.08454120198237769], [0.38647365371685527, 0.06834941823262067, 0.02925601607393044, 0.5159209118765622], [0.46091287384892926, 0.02957770508832606, 0.4681962544394127, 0.04131316652331652], [0.28772171820163395, 0.021178664259456005, 0.09079470882698217, 0.6003049086119178], [0.3034072562552296, 0.014937472126862129, 0.5778968027218493, 0.10375846879603574], [0.35386503804053615, 0.5577549784476192, 0.02717068278900706, 0.06120930062283939], [0.28569483216433805, 0.520562491239628, 0.02074199152804171, 0.17300068496800838], [0.06595034607864368, 0.17156976937936383, 0.038130953719789036, 0.724348930722194], [0.14022100379572133, 0.41938087427111587, 0.25279193909651276, 0.18760618273662819], [0.09227313717596926, 0.17011777268375317, 0.08206537092605001, 0.655543719114209], [0.14114756698677283, 0.29080551004609423, 0.3867370556227073, 0.18130986724443932], [0.06619668672244822, 0.6793977654359837, 0.05925595722554572, 0.19514959051601102], [0.0688038745803433, 0.7343667416544727, 0.055454111883578565, 0.14137527178162515], [0.8840315778237491, 0.042938152467312675, 0.02665508372529244, 0.046375185883647814], [0.66977977974919, 0.05387379705207438, 0.02035353822101075, 0.25599288487770183], [0.909908439066561, 0.018389116383014326, 0.029540541196444947, 0.04216190325398188], [0.5437082994631202, 0.02838789351719448, 0.020260170590734698, 0.4076436363289356], [0.6578641636130945, 0.013384818875560544, 0.23479141027684589, 0.09395960713450706], [0.39593988149755605, 0.012974459428516476, 0.03764730358350333, 0.5534383553904102]], "ideal": "D", "sampled": "D", "correct": true}}
{"type": "result", "data": {"idx": 13, "options": ["Predatory pricing", "Deceptive pricing", "Price fixing", "Skimming"], "probs": [[0.02442522054102642, 0.9007952036006609, 0.027347914847084244, 0.04743166091120664], [0.02563917503152068, 0.8917125553641757, 0.038588299684584944, 0.0440599698197291], [0.01262811125071233, 0.009720749506848272, 0.9444916705507826, 0.03315946859165793], [0.011178126097219672, 0.006380849712679335, 0.01919137076633636, 0.9632496533237536], [0.028269735190337215, 0.022146728468054978, 0.9085942922571426, 0.0409892439844408], [0.01145655737639223, 0.008664687825211867, 0.011104311038782259, 0.9687744436596354], [0.8471146430249767, 0.10213421075657815, 0.017346017323002054, 0.03340512879543523], [0.7941287767161282, 0.1375189250080647, 0.030742113523339578, 0.037610184652488186], [0.563828857415171, 0.055260725853011894, 0.32951319254441624, 0.05139722408738109], [0.2914119262584664, 0.046303403528509736, 0.03456543181080576, 0.6277192383022112], [0.7111871039790476, 0.04450176231559374, 0.2081916933864535, 0.03611944021891078], [0.4125874671571385, 0.05180588142936087, 0.027041409995449225, 0.5085652413180365], [0.006346998167744731, 0.013211729285157363, 0.952052825359013, 0.028388447088060514], [0.0039749222224519315, 0.007323263648860188, 0.015199248936091316, 0.9735025650925844], [0.013792297685637734, 0.7429223389700593, 0.15277245592407193, 0.09051290732022221], [0.018608375814097765, 0.4182223302594375, 0.04456070950508457, 0.5186085843214084], [0.004122749117184451, 0.006046849675813762, 0.0200253177692807, 0.9698050833377395], [0.005636318629000679, 0.00927123810268966, 0.8453791299916851, 0.1397133131766248], [0.026573747909615173, 0.03255876396698741, 0.9002467117697747, 0.04062077625360491], [0.01149786485479994, 0.012835243125943996, 0.011038601157373146, 0.9646282907618807], [0.08937248520532275, 0.540780407504988, 0.31435011000543345, 0.055496997184244216], [0.05471980862699873, 0.2789150992258985, 0.03382927447022672, 0.6325358175768843], [0.010054124988267474, 0.005215951674361435, 0.030955119522426286, 0.9537748037149595], [0.010065793041514677, 0.006531674786072266, 0.7995811706034114, 0.18382136146899042]], "ideal": "B", "sampled": "B", "correct": true}}
{"type": "result", "data": {"idx": 14, "options": ["Normative, Descriptive and Economic", "Normative, Moral and Instrumental", "Political, Descriptive and Instrumental", "Normative, Descriptive and Instrumental"], "probs": [[0.103240387404211, 0.12308151816476536, 0.07771655928614066, 0.6959615350448821], [0.1844846217237803, 0.2090168399097684, 0.4511946907794234, 0.15530384748704085], [0.11795356028516962, 0.10275185435203898, 0.08723996547776133, 0.6920546197850299], [0.15657661210416118, 0.10302103998107826, 0.594941848493072, 0.14546049932167174], [0.10955599726242626, 0.6281686566591054, 0.1027663443343242, 0.1595090016441244], [0.10976835355222328, 0.6504376390764386, 0.09547205220260783, 0.1443219550687423], [0.08939938990724934, 0.08671156098232961, 0.06722916821619243, 0.756659880794208], [0.1926875862843516, 0.1417683385533275, 0.5166921564881597, 0.14885191857416138], [0.057115764709230625, 0.04188314971900927, 0.04929737093030039, 0.8517037145414613], [0.158914987725343, 0.06956570162575999, 0.5432337072356354, 0.2282856033132311], [0.19805742131245202, 0.3511510926817771, 0.2803241222946536, 0.17046736361111897], [0.18214386106471395, 0.33350802213525255, 0.10345784371402528, 0.3808902729860267], [0.08741329836285781, 0.11695427659324403, 0.10956231282705471, 0.6860701121168615], [0.10895312006782656, 0.13178614013634385, 0.5607828575885792, 0.19847788210722808], [0.06953400693663213, 0.07508715835367825, 0.0730685565839591, 0.7823102780257408], [0.1580065489238087, 0.132119116827629, 0.42145933419945886, 0.2884149999491062], [0.11082692894162899, 0.514292476975473, 0.19988140762406834, 0.17499918635882725], [0.10907425396613539, 0.5099911198411762, 0.16987613455166753, 0.21105849154099843], [0.24823711971549584, 0.39290598156764056, 0.17471794837953486, 0.1841389502373305], [0.2591356083797988, 0.41029147460716436, 0.14091631182449774, 0.18965660508853022], [0.25495511312056146, 0.13737115345485126, 0.4241452161927886, 0.18352851713180043], [0.23296765230560856, 0.1416395694941748, 0.127468382529789, 0.497924395570428], [0.2108686909027519, 0.09725775985864206, 0.5230063429655808, 0.16886720617303444], [0.24823201492561056, 0.11319246750514077, 0.2510230024662, 0.38755251500305077]], "ideal": "D", "sampled": "D", "correct": true}}
{"type": "result", "data": {"idx": 15, "options": ["Work-life balance", "Healthy and safe working conditions", "Employee privacy", "Free Speech"], "probs": [[0.00705861937505848, 0.9692330006083044, 0.016896529159854002, 0.006811850756805064], [0.005814843206388873, 0.9648552920794731, 0.020926177268567814, 0.008403687345591888], [0.0040916184887751375, 0.007181435463711092, 0.9827978666993629, 0.005929079248136349], [0.003405516255140394, 0.006588413898969812, 0.012040721676583988, 0.9779653480692811], [0.0026611843286779755, 0.0046682477613371205, 0.9855287596453215, 0.007141808164669559], [0.0037282677117145375, 0.005661675302325552, 0.013599164113451391, 0.9770108927725326], [0.9796145744680401, 0.009241206117278288, 0.005713807555147977, 0.005430411759542171], [0.9777864246508019, 0.01008303953003337, 0.005699430658393586, 0.006431105060767445], [0.984567865447981, 0.006042716893314216, 0.004347909530527657, 0.005041508028180099], [0.9846873325471983, 0.005807120548896986, 0.005260916568261349, 0.004244630235634811], [0.9843459387293747, 0.0056818117451733095, 0.004184972742350038, 0.005787276683078849], [0.9856273079803181, 0.005394185330542948, 0.004909575940661583, 0.004068930648472542], [0.0036419806869109907, 0.00540450433118046, 0.9850219162718371, 0.005931598610080781], [0.003247667077954279, 0.005589572519161084, 0.00970843700270858, 0.9814543233001948], [0.008200020427719421, 0.9722072940355045, 0.01038041539435749, 0.00921227004243775], [0.006972737327086067, 0.9704197177307894, 0.01619835555863249, 0.006409189283494537], [0.0048082534426761485, 0.005957770679895246, 0.008482249781545775, 0.980751725995874], [0.0038451125616079905, 0.004802099015638751, 0.9866074349380195, 0.004745353384730169], [0.001988786692698057, 0.00557655383329406, 0.9840829115706642, 0.008351747803345735], [0.002612101652746838, 0.006364457490344355, 0.015378383453793117, 0.9756450573031299], [0.0024212173244230312, 0.9658682250164573, 0.017400883090052905, 0.014309674469088202], [0.002028049791932705, 0.96687111436231, 0.021964927626622686, 0.00913590811915217], [0.0030212870693009397, 0.00683564485600179, 0.0098637872419369, 0.980279280732749], [0.002389869333343733, 0.006993048676324712, 0.9846618110079679, 0.005955270882357826]], "ideal": "B", "sampled": "B", "correct": true}}
{"type": "result", "data": {"idx": 16, "options": ["To make a profit", "To procure resources", "To communicate with shareholders", "To mediate between the organisation and the environment"], "probs": [[0.30995507706863495, 0.062197541177178364, 0.0197391084703093, 0.608108273183868], [0.32580491457504857, 0.05691124073145362, 0.5299102475680193, 0.08737359702548017], [0.24880577076952207, 0.016912186424691, 0.04046849716356107, 0.6938135455422528], [0.5303832422878179, 0.018627282535273994, 0.30936420155790467, 0.14162527351901988], [0.6497181044398953, 0.12959807022536143, 0.13018469803222382, 0.0904991272025095], [0.7258882754799235, 0.13216145385725478, 0.022274968949295017, 0.11967530161352048], [0.06871019146985625, 0.407165610152121, 0.023420402384263052, 0.5007037958937492], [0.07927937968806527, 0.4769859333185561, 0.38342492233275743, 0.060309764560619504], [0.043064152227454425, 0.006220601393320987, 0.7736459027204633, 0.17706934355876092], [0.023088679908801205, 0.0048652109218875195, 0.018138585010918588, 0.9539075240583845], [0.0632719161006317, 0.0499519926728825, 0.8297723953223645, 0.057003695804123906], [0.042530810654696896, 0.036241288827169364, 0.009999775315751372, 0.911228125102394], [0.017476187382843483, 0.6028649719519146, 0.03936354145388151, 0.34029529911133866], [0.016054574644701298, 0.8596392504537942, 0.05358504483545509, 0.07072112996605086], [0.015350118118931383, 0.016337514629332386, 0.8038330150071035, 0.1644793521446463], [0.01069032213734109, 0.010300382368828591, 0.027585943807051847, 0.9514233515867769], [0.012114130643809598, 0.01011872252055169, 0.9358129712096033, 0.04195417552603431], [0.013630226683273492, 0.009881099201034698, 0.02502311313953174, 0.9514655608761539], [0.029804011857932383, 0.9086811371350295, 0.029626111272064645, 0.031888739634950834], [0.030011979467201678, 0.9305010114291595, 0.013026071872776553, 0.02646093713085614], [0.05126305575830094, 0.02640786885794658, 0.8711068983949457, 0.05122217688883101], [0.03684771739643621, 0.020577626426837685, 0.008968400619328364, 0.9336062554574165], [0.03811730291386574, 0.007736615672589116, 0.9021183437779957, 0.052027737535547944], [0.039598638499882384, 0.008039304404153066, 0.02210261902798383, 0.9302594379679925]], "ideal": "A", "sampled": "A", "correct": true}}
