{"type": "result", "data": {"idx": 0, "options": ["the matrix, if stored directly, is large and can be clumsy to manage", "it is not capable of expressing complex protection requirements", "deciding whether a process has access to a resource is undecidable", "there is no way to express who has rights to change the access matrix itself"], "probs": [[0.5347673126740028, 0.07454560213943767, 0.24674233762924166, 0.14394474745731875], [0.5097703493610416, 0.08088031711498866, 0.0673229814641097, 0.34202635195987874], [0.5084247477187473, 0.27008797885491115, 0.07411534425396861, 0.1473719290723688], [0.48983468370084016, 0.26152719645199657, 0.06599221339298153, 0.18264590635418368], [0.5108689645502428, 0.09744452470027218, 0.0681329734289112, 0.3235535372205681], [0.5362292035464904, 0.09615682749659023, 0.21280245290293692, 0.15481151595398332], [0.11467929121789043, 0.38856144317981633, 0.320907706073273, 0.17585155942900274], [0.11092546789382489, 0.4184990232800599, 0.07355756261131734, 0.39701794611480434], [0.13126973113451582, 0.34187444938024936, 0.31622892720849555, 0.21062689217673475], [0.1573890215203076, 0.4502674883889609, 0.08540455024527462, 0.30693893974545666], [0.19619169726041952, 0.08308047827897665, 0.27246782509436546, 0.4482599992662532], [0.21356588787047265, 0.0841344458689157, 0.3306343699944111, 0.37166529616619665], [0.46840664936766946, 0.32700185481602456, 0.0785768310025226, 0.12601466471377307], [0.429550209651515, 0.3321114095169388, 0.06276075457313633, 0.17557762615840583], [0.6659716642154485, 0.04608700050910636, 0.16319599476777033, 0.12474534040770155], [0.6783055749157768, 0.0472555992213051, 0.048836020756290247, 0.22560280500663507], [0.5899500910299098, 0.06636648404513143, 0.1346666813553735, 0.2090167434695874], [0.6293357280564865, 0.06021446531381614, 0.06646258308975873, 0.24398722343996718], [0.19706940142723467, 0.3972817696679635, 0.06770184520698694, 0.3379469835978163], [0.20953764734473845, 0.3997461468624535, 0.2220938624407681, 0.16862234325203646], [0.24802220523711735, 0.055475479965597124, 0.3291999110496951, 0.36730240364757794], [0.29605683562526786, 0.05447745932248916, 0.28748522137738464, 0.36198048357483065], [0.23295059531282128, 0.2920257125930249, 0.22011228306119074, 0.25491140893297276], [0.26399140225064927, 0.3758189637710934, 0.06446992778257474, 0.29571970609567855]], "ideal": "A", "sampled": "C", "correct": false}}
{"type": "result", "data": {"idx": 1, "options": ["{-6,-2, -1, 1, 2, 6}", "{-6, -2, -1, 0, 1, 2, 6}", "{-6, -3, -2, -1, 1, 2, 3, 6}", "{-6, -3, -2, -1, 0, 1, 2, 3, 6}"], "probs": [[0.12968294986658138, 0.1787527154321669, 0.3491894256472096, 0.3423749089540389], [0.14053536633936833, 0.17946474567534895, 0.4609704341635331, 0.21902945372175853], [0.10744733665021132, 0.29836489604406924, 0.23281001264155016, 0.3613777545641784], [0.12002435649943224, 0.30007206587394347, 0.29299164445002795, 0.2869119330766075], [0.10929518821264854, 0.3093889249097685, 0.338448499341213, 0.24286738743636732], [0.11491076995215059, 0.367258481737162, 0.23943084131848222, 0.27839990689220373], [0.14679495370926846, 0.11588893317606566, 0.38586308036732725, 0.3514530326473253], [0.15032101255277683, 0.11526530646125475, 0.4978968018290124, 0.2365168790569551], [0.14288538226574077, 0.20111955172997328, 0.22932330914417393, 0.4266717567600984], [0.18492506394663735, 0.2165300604461772, 0.3959147086651623, 0.20263016684200613], [0.1600884022446755, 0.292782391329478, 0.23430151477037098, 0.31282769155547663], [0.18844410077393411, 0.3250461741862521, 0.2487344633772367, 0.23777526156257392], [0.1367619863790406, 0.12625262671633672, 0.25664430175691977, 0.48034108504770184], [0.17532976957492952, 0.13978823039189475, 0.3974840858337863, 0.2873979140994045], [0.143232950864339, 0.1616598227760545, 0.18326763446483385, 0.5118395917947701], [0.1841699116767507, 0.16314619221335538, 0.45740661656975684, 0.1952772794401324], [0.182086875598465, 0.25179148886166175, 0.20197107291550814, 0.36415056252435446], [0.21579775992546973, 0.25764775423183167, 0.30355839065498647, 0.22299609508770876], [0.18719368758409027, 0.1388282616748488, 0.3684771619163948, 0.30550088872466724], [0.2073661378178417, 0.15838238345827105, 0.3797548820905698, 0.2544965965333074], [0.19644652302659082, 0.2035128791180716, 0.19764943891747577, 0.4023911588378738], [0.23316432915760768, 0.22996014348398236, 0.2794129192367697, 0.2574626080216266], [0.21500359630611854, 0.1878853372925485, 0.23427072260391635, 0.36284034369743096], [0.23545438438617006, 0.18988331985926218, 0.3118593834701325, 0.2628029121844328]], "ideal": "C", "sampled": "D", "correct": false}}
{"type": "result", "data": {"idx": 2, "options": ["1:4", "1:3.5", "1:1", "1.1:1"], "probs": [[0.24117257932395605, 0.3921653014977332, 0.18741932638455291, 0.17924279269376403], [0.2340237092333698, 0.3526923778394485, 0.15534653509240118, 0.2579373777347671], [0.2465100243733589, 0.15725247703143935, 0.4267832772519274, 0.16945422124329132], [0.2706194991831637, 0.15607026584272204, 0.17107866367958172, 0.4022315711945273], [0.2537457314436594, 0.15751629470656756, 0.3621247138678441, 0.22661325988193898], [0.2515398353212646, 0.1633769086935063, 0.2317364436267755, 0.35334681225846265], [0.35956899117694274, 0.2589115090413851, 0.18831685999571118, 0.1932026396859454], [0.32561582618039536, 0.24926322370671194, 0.1593744325509844, 0.2657465174618957], [0.3087672803429871, 0.24572232911151531, 0.2640285654305745, 0.18148182501490784], [0.29773425782833346, 0.24483882763181813, 0.15630228077074193, 0.30112463366910636], [0.29924096667748745, 0.21714619670173857, 0.26646979920397434, 0.21714303731678888], [0.3011537877571887, 0.1986855781155865, 0.24055379236471466, 0.25960684166251036], [0.1464221664075608, 0.35407514641978, 0.33453719919626157, 0.1649654878764033], [0.14325899857977445, 0.35875841220070126, 0.15850113496773985, 0.3394814541517799], [0.12505542178770013, 0.49276776420595203, 0.2034148590120497, 0.17876195489430372], [0.12517421348179958, 0.46664243685861084, 0.14126974040717136, 0.2669136091524244], [0.1394385301220364, 0.17153580307705005, 0.3471893044975569, 0.34183636220337615], [0.13788873380326147, 0.15558275901087176, 0.44080852838510726, 0.265719978700755], [0.2101561137423938, 0.21428867712084534, 0.3457615374523149, 0.22979367158445763], [0.2060478762527099, 0.2366877397447337, 0.1969866551264968, 0.3602777287760451], [0.24040616864896378, 0.2760380955148166, 0.24415178955166722, 0.23940394618453156], [0.2393041832361203, 0.29313797829446037, 0.2083692505892131, 0.25918858778018405], [0.17783708391873623, 0.18417882760342283, 0.31092195612150514, 0.3270621322563209], [0.163531734787145, 0.161935772003905, 0.43054855754932475, 0.24398393555962222]], "ideal": "B", "sampled": "B", "correct": true}}
{"type": "result", "data": {"idx": 3, "options": ["C1: (3,3), C2: (4,4), C3: (6,6)", "C1: (3,3), C2: (6,6), C3: (12,12)", "C1: (6,6), C2: (12,12), C3: (12,12)", "C1: (0,0), C2: (48,48), C3: (35,35)"], "probs": [[0.3753003343344936, 0.18142034652369776, 0.25685468596528915, 0.18642463307653137], [0.3895070046431162, 0.20561563065354527, 0.1274705450728178, 0.27740681953052193], [0.27641330735712955, 0.1302700175579211, 0.4214162914594054, 0.17190038352555362], [0.2584176331958773, 0.1507027618663357, 0.1109488535754032, 0.4799307512623631], [0.3127908905026704, 0.12807166546201507, 0.3012921342689776, 0.25784530966634933], [0.3023240427427596, 0.13895345356592645, 0.15897197142458838, 0.3997505321667262], [0.22727525537492582, 0.4034471343392554, 0.18915191183234065, 0.18012569835346443], [0.22222508968673702, 0.3977572372616542, 0.11824691475456314, 0.2617707581970512], [0.2527623466922344, 0.18791235520145738, 0.36921051613023126, 0.19011478187607533], [0.24579665298592904, 0.21062043872480285, 0.13919267197418433, 0.40439023621508274], [0.2153950106795561, 0.1426155760561487, 0.3665275935083793, 0.2754618196559133], [0.26175685146603217, 0.16603683310296635, 0.2140082593214672, 0.35819805600954674], [0.17069304106031313, 0.2807866098461414, 0.38308513303078173, 0.16543521596277427], [0.1423878933488124, 0.2891434670429066, 0.09811457316747647, 0.4703540663407956], [0.18131487879211486, 0.29079599371929044, 0.3562278770410273, 0.17166125034757784], [0.15995259454321537, 0.31816199490185365, 0.12142113089633565, 0.400464279558599], [0.16592127192561137, 0.16042090787538982, 0.26930906873793337, 0.4043487513610776], [0.14675517255592568, 0.1307563340202079, 0.4106748003608474, 0.3118136929630287], [0.23035905882354998, 0.18835260251156805, 0.2934413223248987, 0.28784701624000997], [0.22757364391522786, 0.19692139572977532, 0.18605205270505926, 0.3894529075499511], [0.21728264385507937, 0.19674850024225285, 0.3123915807242451, 0.2735772750784001], [0.2242123449274225, 0.2122312122514165, 0.2211413112230781, 0.34241513149807246], [0.22574325114933674, 0.15431714444211747, 0.26198289346093834, 0.3579567108476222], [0.21092547988180327, 0.1432602484954935, 0.3021347982785959, 0.34367947324408427]], "ideal": "A", "sampled": "A", "correct": true}}
{"type": "result", "data": {"idx": 4, "options": ["{AND, NOT}", "{NOT, OR}", "{AND, OR}", "{NAND}"], "probs": [[0.17957239645948184, 0.22168011723697825, 0.1956716922630287, 0.4030757939405355], [0.19950039168654266, 0.1841068182968274, 0.4053000316357013, 0.21109275828094012], [0.18183715470994283, 0.1416569806775882, 0.27621117803053946, 0.400294686481917], [0.19207705045541687, 0.1350462310103657, 0.42683740644235546, 0.24603931199186224], [0.19998831886491, 0.18630425011934007, 0.39919704249245547, 0.21451038842330641], [0.22626174373533, 0.21794915120423258, 0.301326904623335, 0.254462200337103], [0.1993959124530538, 0.1641055373194684, 0.21183600989689527, 0.4246625402305815], [0.20660604468709515, 0.1559254409235357, 0.4131638092464566, 0.22430470504291175], [0.2278458060579671, 0.12674438176132988, 0.26323663030409733, 0.3821731817766044], [0.19426156215272616, 0.11641937575700152, 0.427546315817365, 0.26177274617291163], [0.1968387247819325, 0.2876624889287289, 0.2971768201783061, 0.2183219660110325], [0.19852247781621504, 0.3122866663020919, 0.2602745081395449, 0.22891634764215985], [0.17976181589337392, 0.15594400315291085, 0.2708382165382824, 0.3934559643154202], [0.18706937209046087, 0.15091881686173972, 0.36823186628851945, 0.293779944659281], [0.17532174807219686, 0.16957936681627342, 0.23536992892930034, 0.41972895608224164], [0.17571412314601328, 0.15690154895114172, 0.4004657396493875, 0.26691858815345726], [0.1793999493121722, 0.2686486937332846, 0.3147962027076711, 0.2371551541468604], [0.1688978704780849, 0.32090938758431675, 0.2820736779543851, 0.22811906388320016], [0.2505606946229658, 0.16337289293439244, 0.3679908102156198, 0.2180756021270204], [0.2810497902012266, 0.176903759119476, 0.2841995685346133, 0.25784688204469636], [0.25227001929269127, 0.23785018567499486, 0.289850135601756, 0.22002965933055763], [0.2522376996516345, 0.24685459763635828, 0.2612495263957107, 0.23965817621630817], [0.27958595245577483, 0.14699438950605054, 0.32863585293144937, 0.2447838050067367], [0.2845034126313075, 0.15287286361893285, 0.3340495804675683, 0.22857414318218883]], "ideal": "C", "sampled": "D", "correct": false}}
{"type": "result", "data": {"idx": 5, "options": ["M = 10, m = 10", "M = 10, m = 1", "M = 7, m = 4", "M = 6, m = 4"], "probs": [[0.16143020692308635, 0.2427310611144049, 0.29669076167337877, 0.29914797018912725], [0.17231844436592736, 0.27792722881092846, 0.2605833944409221, 0.2891709322822072], [0.16045198479381226, 0.29693914224347373, 0.24565774969572954, 0.2969511231669812], [0.15591563157485355, 0.3069134975857626, 0.2800544504297388, 0.25711642030965304], [0.16352527667943886, 0.2864743059814564, 0.2532577553854846, 0.29674266185360537], [0.15825461415771772, 0.29498600519932383, 0.2744721032081076, 0.2722872773348473], [0.20343159137787228, 0.15848868065841412, 0.33014329508105533, 0.3079364327826552], [0.22397187919151473, 0.18207517473818008, 0.3018539736135778, 0.29209897235671284], [0.21668681568733064, 0.2997959391459209, 0.1549045303517228, 0.3286127147150469], [0.21791125996525956, 0.2788005598718165, 0.2814830798349137, 0.22180510022803193], [0.22266858406767762, 0.27880142450034123, 0.1713827555923237, 0.32714723573967913], [0.22529059160848863, 0.2691016669886502, 0.2808190926145703, 0.22478864868828846], [0.3116096404939443, 0.16703597799115572, 0.22880710715855174, 0.29254727425634525], [0.2943086682533703, 0.15032747533526497, 0.30844884314194565, 0.24691501316940312], [0.3206833673445994, 0.1952629722572858, 0.18170171308589766, 0.3023519472122021], [0.3120614966010063, 0.1806877784023866, 0.2837132322310205, 0.22353749266559605], [0.3162500805115171, 0.2566501216935758, 0.17533078418865494, 0.2517690135062492], [0.318448552474192, 0.2524982828737228, 0.20841794657131046, 0.22063521798077237], [0.3023302764207847, 0.16154180453288627, 0.23601029736600673, 0.30011762158031907], [0.2810868494209197, 0.14078557904413985, 0.3352717203757036, 0.24285585105923255], [0.31718694234484096, 0.18422841541734675, 0.18214519085245515, 0.31643945128536655], [0.30892605504889353, 0.16825639961130134, 0.3106076713029663, 0.21220987393683585], [0.3267898805021531, 0.20820640342732524, 0.19977315811041868, 0.26523055786008787], [0.3338324535262914, 0.1981690487284789, 0.23539957104023412, 0.23259892660499343]], "ideal": "C", "sampled": "C", "correct": true}}
{"type": "result", "data": {"idx": 6, "options": ["I only", "III only", "I and II only", "I and III only"], "probs": [[0.13909335191916505, 0.12907822472504676, 0.23018160083661998, 0.5016468224191516], [0.14284514610597177, 0.1336864506148577, 0.3938343362120744, 0.329634066967103], [0.14003802108420832, 0.2532005838858702, 0.18703169080565243, 0.4197297041242772], [0.11931333889088613, 0.22163696384576348, 0.22773804274128864, 0.43131165442204694], [0.14309129958138908, 0.2228035594087615, 0.3178990280781156, 0.31620611283174294], [0.13417944173692214, 0.23086169055519576, 0.2152307381814823, 0.4197281294264105], [0.1351623386647972, 0.11226657248127457, 0.3118151921094483, 0.44075589664448117], [0.14125916270081604, 0.11061218032351881, 0.39529919670980235, 0.3528294601658694], [0.14479998029397417, 0.22207046961225518, 0.21486594994994657, 0.41826360004383334], [0.14227149644019962, 0.21320974686734065, 0.31309212449232654, 0.3314266321001192], [0.14445299854642826, 0.2742306540263056, 0.22722480406443332, 0.3540915432628306], [0.1461625021333921, 0.27422957946837867, 0.2255135535453956, 0.35409436475283335], [0.20991909099984715, 0.1699860582996065, 0.1826811813560783, 0.4374136692444498], [0.17751741068214108, 0.14015623096065635, 0.2379375203406673, 0.4443888379165436], [0.20754826958983194, 0.13698244201491072, 0.1886193062042379, 0.46684998209102624], [0.20227466426498628, 0.13318191389500417, 0.3361698949926112, 0.3283735267474195], [0.2088924870801716, 0.20730243569197238, 0.186544394980174, 0.39726068214769084], [0.20183560389102298, 0.18156464855155982, 0.3101230258561197, 0.30647672160129447], [0.24176081863830962, 0.17143303009770502, 0.2776476400098535, 0.30915851115412607], [0.23422135111735878, 0.16412618136393886, 0.23237867884571892, 0.36927378857296755], [0.22049179978817796, 0.27444476274161833, 0.19350241513871488, 0.3115610222314984], [0.20623327398157446, 0.27643147239184257, 0.19083912724936022, 0.32649612627722163], [0.2297688221050087, 0.18325378594650946, 0.18752116523129717, 0.3994562266171934], [0.24139443184501191, 0.18217655708693792, 0.23992024662724581, 0.33650876434080146]], "ideal": "C", "sampled": "D", "correct": false}}
{"type": "result", "data": {"idx": 7, "options": ["I only", "II only", "III only", "I and III"], "probs": [[0.15663856577266075, 0.13014607440899592, 0.18825339495596544, 0.5249619647623819], [0.14872398770931525, 0.13126118906396164, 0.2418739150443905, 0.4781409080823278], [0.1716454723150394, 0.12311924405162593, 0.18665623779541113, 0.5185790457379347], [0.1510362910948298, 0.11715164245444104, 0.3840895560364189, 0.3477225103143109], [0.16875098351697895, 0.29254529021456477, 0.18705562150316, 0.35164810466529045], [0.1761992367902289, 0.2940092908914388, 0.221851224360097, 0.3079402478582303], [0.16901017245384323, 0.12736916336293186, 0.18927647941468048, 0.514344184668524], [0.14849794274242406, 0.11320414912217246, 0.28354139049817817, 0.4547565175372085], [0.16227468702385406, 0.15042998643592706, 0.17545634832542426, 0.5118389781147881], [0.16654832663849425, 0.15555808420668799, 0.23393573085949784, 0.44395785819531575], [0.1664292898521972, 0.155680215944664, 0.32697299814295505, 0.350917495960179], [0.16960219972541696, 0.1627613251937937, 0.2920527570698564, 0.37558371791092876], [0.18851513972147863, 0.09969273893364834, 0.17605726525587445, 0.535734855988997], [0.15226719576442593, 0.09438746541564699, 0.4075554892571205, 0.34578984946280084], [0.175275168753094, 0.13658332739079448, 0.1584273642356454, 0.5297141395204961], [0.19228764156809686, 0.1390584186160611, 0.20912545577537925, 0.459528483940471], [0.1786636323716759, 0.22493470914813343, 0.31480185976085157, 0.28159979861932327], [0.19075047918637988, 0.2449598626062497, 0.20869005726917308, 0.355599600838182], [0.3059503122646209, 0.14162465031324248, 0.2018028160753544, 0.3506222212467881], [0.29569551816437606, 0.16396598629342377, 0.2375702119339139, 0.30276828350829277], [0.28934762352105453, 0.14955956655344305, 0.23757181223662205, 0.3235209975888878], [0.2962181989686193, 0.13516958039324498, 0.23625713123383182, 0.3323550893042986], [0.27152555130467265, 0.2195117938952796, 0.21645155109061592, 0.2925111036094408], [0.2877088157802768, 0.20283581261825612, 0.18976211163178408, 0.3196932598696674]], "ideal": "B", "sampled": "D", "correct": false}}
{"type": "result", "data": {"idx": 8, "options": ["It is inherently nonassociative because some numbers have no exact representation.", "It is inherently nonassociative because there have to be upper and lower bounds on the size of numbers.", "Associativity can be achieved with appropriate roundoff conventions.", "Some rational numbers have no exact representation."], "probs": [[0.3790626825211931, 0.25792716764292467, 0.08847743997047036, 0.2745327097653908], [0.3545379975301485, 0.28274904076263185, 0.24086579700258037, 0.12184716460464794], [0.3543571603217246, 0.07345663225794062, 0.3860891693388539, 0.18609703798147065], [0.40046158031807194, 0.07466930414771607, 0.23770768565694514, 0.287161429777269], [0.34818651919841204, 0.1841111722484809, 0.33743052549439395, 0.13027178295872166], [0.38783267396710863, 0.21798420771549218, 0.06887279598953874, 0.32531032222784373], [0.2646989735840383, 0.39899320212568595, 0.09150847956673971, 0.24479934462353797], [0.25565214248091933, 0.3950616349087872, 0.21107874105477586, 0.13820748145552553], [0.2925047375953296, 0.08088569471975494, 0.44678496490006436, 0.17982460268486475], [0.3806838155211977, 0.10226156389353627, 0.24063628095920994, 0.2764183395260589], [0.28910194534239814, 0.25564916383220904, 0.32888388113797856, 0.1263650095874222], [0.3029969832660018, 0.3017774051517104, 0.07391749479417545, 0.32130811668812637], [0.0801076178533305, 0.5801953283750043, 0.14114606929160176, 0.19855098438006072], [0.07918691008569657, 0.5860238906918013, 0.12868448051189937, 0.20610471861060667], [0.09170695268841478, 0.41414977565898237, 0.26445722426135476, 0.2296860472912475], [0.10288583431170142, 0.48792089512368175, 0.17033433058708194, 0.23885893987752835], [0.10356412587952592, 0.32140263942522684, 0.34483703392029763, 0.23019620067493438], [0.09695633643600578, 0.3118384826670097, 0.31915128609236687, 0.27205389470461727], [0.32430056551868075, 0.22381270534760878, 0.28521351561841574, 0.16667321341529182], [0.3109061137448696, 0.2835530324952994, 0.08975317157076436, 0.3157876820890506], [0.2879179371149722, 0.19561081429421714, 0.39119063286143674, 0.12528061562936968], [0.2610190153165905, 0.25296655995592915, 0.06726862756544014, 0.4187457970620485], [0.25809840208086793, 0.08729906087826626, 0.45120634835330853, 0.2033961885875636], [0.2227307625597625, 0.09397033839271478, 0.3409054655445046, 0.3423934334030102]], "ideal": "C", "sampled": "A", "correct": false}}
{"type": "result", "data": {"idx": 9, "options": ["If the owner modifies the file, another user who does not share will see the changes.", "If the owner renames the file, other users will not be able to access it.", "If the owner is allowed to delete a file, dangling links may result.", "If any user who shares the file appends to it, others who share it will not be able to access the new disk blocks."], "probs": [[0.05815822154412468, 0.04005186919091686, 0.6900723805145891, 0.21171752865036236], [0.07672366807065278, 0.06957923344107574, 0.21507233820596908, 0.6386247601823235], [0.06559015139490579, 0.5544237841816987, 0.10545434121752056, 0.2745317231058488], [0.06465081276392794, 0.5263830410330806, 0.18775430827429113, 0.22121183782871148], [0.08064886843123965, 0.0973114301850416, 0.13198265063724096, 0.6900570506464744], [0.07944254526006501, 0.07742106246000978, 0.644218132892624, 0.19891825928728696], [0.06623006237807491, 0.03503646267944069, 0.7001347021519204, 0.1985987726905849], [0.09171938484101796, 0.06213138259037574, 0.18671787944940213, 0.6594313530191799], [0.06398335003836012, 0.5903913250277157, 0.08656067074818262, 0.25906465408574586], [0.0554796269719127, 0.547042851085849, 0.208442486853305, 0.18903503498891724], [0.09844580085421514, 0.12840665955008596, 0.08721021069502032, 0.6859373288007057], [0.07388284655715346, 0.07363194986527737, 0.6998547135182314, 0.15263048995932949], [0.5991454461898365, 0.0563735983645897, 0.10205317693782263, 0.2424277784077663], [0.5146061211292656, 0.060027719479102154, 0.19028570231489422, 0.23508045697676466], [0.553330546959207, 0.08015985251577014, 0.11330045619075452, 0.2532091442342683], [0.4795273136240535, 0.08014935906899824, 0.26734155537046667, 0.1729817718364932], [0.5166999122218895, 0.10176886972780128, 0.1512696968595634, 0.2302615210907455], [0.48031763295381363, 0.09236811991233716, 0.260048668700851, 0.16726557833299746], [0.2120664333791374, 0.05814534735973599, 0.11353641413250845, 0.6162518050286243], [0.14225727356153886, 0.047164525324328334, 0.653437646458547, 0.1571405545555802], [0.21877413372019383, 0.09730051336141446, 0.09015522714719722, 0.5937701256712045], [0.11879623148732704, 0.06574416137159737, 0.6782409832067456, 0.13721862383433986], [0.20074752622229294, 0.45493130494655865, 0.13846003083543976, 0.20586113789570376], [0.20316511446521243, 0.42753034526739053, 0.19276784509716513, 0.17653669507023975]], "ideal": "C", "sampled": "C", "correct": true}}
{"type": "result", "data": {"idx": 10, "options": ["None", "III only", "I and II only", "I, II, and III"], "probs": [[0.04086627058894562, 0.06750455553130699, 0.07531316399726322, 0.8163160097825081], [0.04824092287682324, 0.11814504431131634, 0.6710839175467352, 0.1625301151651105], [0.050495898263155335, 0.09146010372768854, 0.0966447995366313, 0.7613991983725159], [0.04527581935642088, 0.11556906507344986, 0.6383015425999685, 0.2008535728701553], [0.0728936932207579, 0.4170354585155586, 0.2639416506406331, 0.24612919752305498], [0.08034185394608076, 0.43436927856487956, 0.26345404306163955, 0.221834824327405], [0.08728729294558903, 0.04019399996558879, 0.09863272152890866, 0.7738859854599326], [0.12270602495717366, 0.07606299595729507, 0.6231049097104566, 0.17812606927507948], [0.08359204790650017, 0.09580057037760555, 0.05916415343480539, 0.7614432281810752], [0.07988024904488593, 0.09861978775206101, 0.7292922107795795, 0.09220775232344924], [0.0761867850117422, 0.696801959739552, 0.0879594554365842, 0.13905179971213094], [0.0780873639758111, 0.675353834734663, 0.1518754868485083, 0.09468331434102407], [0.16039883270936633, 0.04827921150678423, 0.13658960118341434, 0.6547323545004574], [0.14225632647044928, 0.05702440892371218, 0.6163443341933018, 0.184374930312528], [0.12452035753099157, 0.08075478425912286, 0.06622577531912893, 0.7284990827907729], [0.11985375552717026, 0.0992733079618078, 0.6856918386392958, 0.09518109777171896], [0.08854330305469921, 0.6921306168497403, 0.0819425487413527, 0.13738353125418498], [0.0882797087004502, 0.6861003924753223, 0.1563937097450321, 0.0692261889791985], [0.5210591543321438, 0.07191373864857263, 0.2146235334300093, 0.19240357348927645], [0.5209952672149579, 0.07373632978188396, 0.23388410088071762, 0.17138430202245547], [0.5035987246080404, 0.19502506845161882, 0.11564279870279007, 0.18573340813753061], [0.47347397131238184, 0.19474575495408178, 0.20681909020384012, 0.12496118342969872], [0.5225524159572256, 0.1739904606035598, 0.12398474742401468, 0.17947237591519855], [0.5324170848729979, 0.1773199456705189, 0.1793834629424779, 0.11087950641398775]], "ideal": "D", "sampled": "D", "correct": true}}
{"type": "result", "data": {"idx": 11, "options": ["n", "n + 1", "n + 2", "2n"], "probs": [[0.22505440345073502, 0.3775155515387571, 0.17459636289630828, 0.22283368201420353], [0.21208528805247995, 0.3388948389032974, 0.24940741708124856, 0.19961245586298776], [0.20122267795489576, 0.25490654019262504, 0.33302518963834415, 0.21084559211415196], [0.20019034500179098, 0.27624697657289266, 0.2289814007383222, 0.2945812775869735], [0.19245414661378005, 0.31720414081979126, 0.28545439002410394, 0.20488732244232707], [0.18475527883958742, 0.3086570297733477, 0.17594020023239268, 0.3306474910546752], [0.292574594680129, 0.30767958488031183, 0.1763048519784396, 0.22344096836112365], [0.271085180744565, 0.2842394451699695, 0.23881483411122575, 0.20586053987424205], [0.29354991151909204, 0.1876703521442397, 0.28838025922680915, 0.23039947700986443], [0.2865032293096217, 0.19196594139099643, 0.23334548522740386, 0.2881853439719737], [0.26156338043182675, 0.30474928010618485, 0.2556634514203893, 0.17802388794160065], [0.2554905670941239, 0.2952601398891363, 0.18084260203559543, 0.268406690881139], [0.20442163079088513, 0.24663691159505186, 0.361635276693046, 0.18730618082102093], [0.22074863878287584, 0.2636951442480342, 0.20374916536044735, 0.3118070515086598], [0.2254804342709482, 0.3104394192305807, 0.26549517366211095, 0.19858497273634151], [0.22190771566612702, 0.2974578914814139, 0.19390815008492665, 0.28672624266752844], [0.21015370979921982, 0.2666567249597579, 0.2352742735305073, 0.2879152916105187], [0.19953694744994094, 0.23589061201131997, 0.3022984074414558, 0.2622740329972893], [0.2272511725517753, 0.2520079138543197, 0.31744154051645856, 0.20329937297744877], [0.22482964752712944, 0.2522824533743317, 0.18536299412159538, 0.3375249048769351], [0.22261359961062824, 0.30670254326288593, 0.2798382857425341, 0.1908455712839534], [0.22483891231840952, 0.31088904886922214, 0.1838954065543439, 0.28037663215802067], [0.2308124846683274, 0.19062182332758015, 0.2525199971873828, 0.32604569471670064], [0.23701913664598864, 0.19841173816746083, 0.2847166975865928, 0.27985242749996514]], "ideal": "A", "sampled": "B", "correct": false}}
{"type": "result", "data": {"idx": 12, "options": ["3", "8", "10", "13"], "probs": [[0.2043928106062129, 0.3723413498970752, 0.20399696096046105, 0.21926887843626205], [0.20588257906876845, 0.36628241141977613, 0.2133006531117949, 0.21453435629966], [0.21943722583128014, 0.2795979276696213, 0.28105883185293623, 0.21990601454616268], [0.21916526472364622, 0.2966548894666932, 0.25416827675469644, 0.23001156895497685], [0.22029138681592977, 0.35211987732842176, 0.2241667336503518, 0.20342200210529582], [0.21672354214387443, 0.352564880347409, 0.20887996784435844, 0.22183160956437073], [0.21638141501084654, 0.36506258564627325, 0.1931561065551611, 0.22539989268771782], [0.21491644652715788, 0.3606677242302416, 0.2124463960385954, 0.21196943310400373], [0.22551143653407213, 0.2234113006136856, 0.3366921720580441, 0.2143850906942083], [0.24177643683700709, 0.26030808270053335, 0.23026984103015657, 0.2676456393323032], [0.23970292458940387, 0.2669021514339293, 0.29424604043270475, 0.19914888344396087], [0.24663134363198416, 0.2939694772568869, 0.2175467163317042, 0.24185246267943683], [0.19760377020547493, 0.3585132153590118, 0.22346120738373496, 0.22042180695176522], [0.19277041302677075, 0.37156552753600264, 0.2222809122854933, 0.21338314705175693], [0.21076601479924809, 0.28790174140708336, 0.3018158831810791, 0.19951636051258792], [0.2205590184521308, 0.3194388044690808, 0.21405858459773264, 0.24594359238104366], [0.21238007629046024, 0.2505728265498722, 0.3243188270991535, 0.21272826996050176], [0.22041185553091255, 0.27984238544002726, 0.25615270122637374, 0.24359305770268747], [0.1817292293805224, 0.39514580454080483, 0.2090534302627226, 0.21407153571593726], [0.18092949060880603, 0.39744179752378106, 0.1884704862692787, 0.23315822549815957], [0.21455042972051835, 0.29083216325307754, 0.29497866248101323, 0.1996387444453899], [0.2267864834699966, 0.32603309580277123, 0.20722094961898674, 0.23995947100823317], [0.18778838746434182, 0.3164325000066519, 0.2727249321525232, 0.22305418027649543], [0.18817800145625901, 0.3281908305793, 0.23918294058547437, 0.24444822727896792]], "ideal": "A", "sampled": "A", "correct": true}}
{"type": "result", "data": {"idx": 13, "options": ["Routing packets through the network", "Reliable delivery of packets between directly connected machines", "Reliable delivery of large (multi-packet) messages between machines that are not necessarily directly connected", "Dealing with differences among operating system architectures"], "probs": [[0.01205096330338455, 0.060773852773591854, 0.8111215855329291, 0.11605359829009468], [0.011530361528162813, 0.05310732637881361, 0.022310192652380628, 0.9130521193406603], [0.007953486388972466, 0.25542679149683284, 0.6744354862311193, 0.06218423578306914], [0.007206133045899788, 0.25717118319216015, 0.019097361427607946, 0.7165253222343132], [0.011354273631812363, 0.005357776083227638, 0.15477366978704057, 0.8285142803979477], [0.007886379849188717, 0.004180651755100244, 0.37978630458494045, 0.6081466637107468], [0.017615514168288503, 0.010381246755939854, 0.9098198927883283, 0.06218334618743847], [0.02305919004926797, 0.010227016415514259, 0.017076451890602733, 0.9496373415446373], [0.010122760483247489, 0.9163109697654792, 0.029692051622762897, 0.04387421802849056], [0.011694836168528263, 0.9113979166260603, 0.027508522861870745, 0.049398724243525025], [0.02222397979344452, 0.00580605182279029, 0.020711897108599376, 0.9512580711751716], [0.017765171972504604, 0.005366167541390777, 0.9218689890650591, 0.05499967132105959], [0.25940112671889626, 0.01843111166361194, 0.684854503989432, 0.037313257528032016], [0.3257536218012842, 0.018594786636469206, 0.01979777289386116, 0.6358538185683816], [0.4844297957705975, 0.4446327674079347, 0.03259964842734634, 0.03833778829412553], [0.4701007132018886, 0.4503253284876011, 0.030819505998282804, 0.04875445221221635], [0.3892526300234531, 0.011466952166526297, 0.024942354080150324, 0.5743380636298637], [0.20891774991352519, 0.010772365439874488, 0.7403793406887146, 0.03993054385788229], [0.008686701859893009, 0.007698902010701009, 0.1299151119060662, 0.8536992841233366], [0.00563394370399371, 0.006038893281084033, 0.4105162775846947, 0.5778108853302139], [0.008112361513006924, 0.01779651653432269, 0.025866089507463615, 0.9482250323452245], [0.005747777659115014, 0.018867145137605665, 0.8697653411141512, 0.10561973598912433], [0.010660305444575498, 0.27246353351002073, 0.033785206403270145, 0.6830909545421503], [0.012126183586000736, 0.15809147564126821, 0.7382763487786106, 0.09150599189413339]], "ideal": "C", "sampled": "C", "correct": true}}
{"type": "result", "data": {"idx": 14, "options": ["I only", "II only", "III only", "I and II only"], "probs": [[0.18679344341170892, 0.16079083256823, 0.21462220418560976, 0.43779351973445874], [0.15983863696024825, 0.1407855306738763, 0.43685680428034007, 0.2625190279855316], [0.18388740180567886, 0.1449376484672246, 0.22307361126588215, 0.44810133836121246], [0.15851528559702718, 0.12517194569639153, 0.31699718946516553, 0.3993155791414064], [0.19976514379888663, 0.2554278826400657, 0.26568253011157955, 0.2791244433494673], [0.204526168584922, 0.25713761707890215, 0.2025587019679472, 0.3357775122682298], [0.2075472844912685, 0.16481947315238357, 0.2091286945374328, 0.4185045477189239], [0.1680408214047946, 0.1376279752764871, 0.4222547615011635, 0.27207644171754114], [0.1868178596299617, 0.16007784758868074, 0.2067119031036338, 0.44639238957772176], [0.16313343859483018, 0.1387090382891878, 0.33063173000910473, 0.3675257930068772], [0.1785671764019382, 0.25475595598268136, 0.3309607732229477, 0.23571609429240767], [0.18902025426289754, 0.3018217123176748, 0.19877421217122002, 0.31038382114820806], [0.18972521125416694, 0.14833761433644246, 0.23757197116970993, 0.42436520313969195], [0.156196820385316, 0.12211812322556553, 0.3499642339462948, 0.37172082234281467], [0.1810797360754632, 0.15910024951012264, 0.2222169901715593, 0.4376030241428536], [0.14677292713082915, 0.13602224628485543, 0.3540731285791946, 0.3631316979051211], [0.16240388641579398, 0.23760116791806354, 0.2893668371274827, 0.31062810843866173], [0.1450676574331652, 0.2126944690227651, 0.35822601862262093, 0.28401185482145114], [0.27668321448444444, 0.2134338860360554, 0.24516962756103952, 0.264713271818457], [0.277171647375988, 0.21160186065775788, 0.19962738497179552, 0.3115991068944579], [0.27058038414591434, 0.23272355916118312, 0.24150663629447755, 0.25518942029842323], [0.2603534637466516, 0.2329952973997136, 0.21454934454774668, 0.292101894205874], [0.2595564360410513, 0.1742205811721846, 0.2451400807794062, 0.3210829019073694], [0.24002563196563853, 0.14760558607592933, 0.32058331367857434, 0.2917854681798686]], "ideal": "A", "sampled": "D", "correct": false}}
{"type": "result", "data": {"idx": 15, "options": ["a^M = a", "(ax)^M = (xa)^M", "(xy)^M = y^Mx^M", "None of the above"], "probs": [[0.16666898066685848, 0.29592042798209656, 0.33009569598503324, 0.20731489526603894], [0.1768525885169557, 0.325825362123565, 0.14215774350843904, 0.3551643057510234], [0.14804362855565703, 0.35220080493530453, 0.291872961770327, 0.20788260463870128], [0.1465504189382328, 0.4019759559766024, 0.14788078480272016, 0.30359284018244087], [0.16253548181094243, 0.08065643279319089, 0.41660464575695033, 0.34020343953892074], [0.1475636614497349, 0.08294187720086399, 0.4697369751821604, 0.2997574860672159], [0.27087229454130757, 0.17108889597129467, 0.35996569182494015, 0.1980731175624585], [0.3228772757791958, 0.19123382386872873, 0.14494896860141598, 0.3409399316506525], [0.21027641970804503, 0.36334672624779996, 0.1863212629714355, 0.24005559097273002], [0.2250750812374068, 0.38879219686313293, 0.22688581810328823, 0.15924690369616173], [0.3055555406222678, 0.11131754370199884, 0.2072351437616978, 0.37589177181402506], [0.18292165345112557, 0.11697698386557985, 0.5528363334405445, 0.14726502914275696], [0.2920828752427263, 0.15714910130983295, 0.35088711237881515, 0.19988091096863644], [0.33513123239188064, 0.17489278776718273, 0.1678028554146028, 0.3221731243263159], [0.27966432355504817, 0.29892264006158586, 0.1979410555552058, 0.2234719807281574], [0.3025442038183419, 0.31765142544100566, 0.2411103464676513, 0.1386940241730153], [0.3262787580776259, 0.105321236824835, 0.2174652904548962, 0.35093471454264474], [0.285505988020564, 0.12070772636505794, 0.43638191404475984, 0.15740437146961989], [0.07943120323082895, 0.1970529661140628, 0.3581898993181519, 0.36532593123697404], [0.07320677118860279, 0.19522419462596413, 0.4280200190580914, 0.3035490150273605], [0.08941151460736617, 0.31018620021283805, 0.24741978705813691, 0.3529824980216466], [0.09214743970888996, 0.28815950083661235, 0.43614255465949575, 0.18355050469500564], [0.06754318981519457, 0.38096737305619605, 0.2393339517338344, 0.31215548529477394], [0.08346855753256424, 0.3950660148810509, 0.3406223888991313, 0.18084303858726733]], "ideal": "D", "sampled": "C", "correct": false}}
{"type": "result", "data": {"idx": 16, "options": ["The wait is expected to be short.", "A busy-wait loop is easier to code than an interrupt handler.", "There is no other work for the processor to do.", "The program executes on a time-sharing system."], "probs": [[0.08575251441939065, 0.3910797919679583, 0.12743256430988392, 0.39573512920278947], [0.09535425741167537, 0.3428087593209086, 0.36844195106823285, 0.193395032099187], [0.07209164858197283, 0.07239512862550725, 0.4870733115991972, 0.3684399110933316], [0.07416909397135746, 0.0844246875362776, 0.27102016720100036, 0.5703860511913702], [0.06539436148286251, 0.43737649959866487, 0.33017179568207333, 0.1670573431363846], [0.05851806660631437, 0.46419291314580186, 0.08485697245892634, 0.3924320476889542], [0.3502330409954042, 0.0624988523167541, 0.11686768004482014, 0.4704004265429965], [0.327686111781514, 0.0491749526792646, 0.3792003162969253, 0.24393861914229573], [0.29769631897491594, 0.29599083138739857, 0.04707393734430163, 0.3592389121933687], [0.32590944266074023, 0.1509959453838082, 0.40084283781956137, 0.12225177403591089], [0.15846239989690036, 0.6025596470115789, 0.056584906200116775, 0.18239304679141147], [0.17567542759044286, 0.6015851752021808, 0.10266823868375437, 0.12007115842362859], [0.06630094284267507, 0.033639784091071274, 0.5093559514610321, 0.39070332150521786], [0.06320306463618536, 0.040641081788220214, 0.2557279306741586, 0.6404279228014075], [0.1039659707355648, 0.5288911523029107, 0.05115868364899696, 0.31598419321252397], [0.11508593879154055, 0.40878345387077064, 0.36800223798328513, 0.10812836925439373], [0.0642195628533212, 0.42435711473364496, 0.039923754713209345, 0.4714995675998289], [0.09705227478298065, 0.312741583998926, 0.4860703315924618, 0.10413580952564586], [0.1424702755424337, 0.04779673678056735, 0.6103710474601108, 0.19936194011689495], [0.11664675473945305, 0.06433908829364461, 0.07288178281301458, 0.7461323740538978], [0.15075312648833375, 0.5839326099297795, 0.07976968944440394, 0.18554457403750332], [0.1627258176856538, 0.5463734717082344, 0.18054128544851622, 0.11035942505760897], [0.14003723964943865, 0.11073897407607368, 0.04746379223371813, 0.7017599939407698], [0.16558442679414898, 0.08828709296189453, 0.6422685078946091, 0.10385997224932916]], "ideal": "D", "sampled": "B", "correct": false}}
