{"type": "result", "data": {"idx": 0, "options": ["k = 0 and n = 1", "k = 1 and n = 0", "k = n = 1", "k > 1"], "probs": [[0.24555682856527736, 0.1674015106695863, 0.25468798694217915, 0.3323536737229615], [0.2446145967108905, 0.16778615986031017, 0.332865840390776, 0.2547334029380119], [0.23673803336889687, 0.21096088640124755, 0.21583600426497648, 0.3364650758648951], [0.24141058188527204, 0.2057356603813915, 0.2918024545602949, 0.26105130307304264], [0.24031711660423782, 0.2141591609938358, 0.3184154872888467, 0.22710823501308308], [0.23946126801464196, 0.22099624440311297, 0.29106720819624177, 0.24847527928600793], [0.22773049744985144, 0.17729060475925779, 0.23674083111726474, 0.3582380665736311], [0.23664956358245945, 0.16642290770550786, 0.3489402833350286, 0.24798724527700583], [0.206851759557999, 0.22929982808407848, 0.19730555944308675, 0.3665428528148397], [0.21051890287042044, 0.2219726521940324, 0.30450094443016384, 0.26300750040538384], [0.24556837294293918, 0.30328183279322213, 0.22269854896818228, 0.2284512451956593], [0.2181468598017274, 0.28161964994459016, 0.24424625347576223, 0.2559872366778994], [0.23066126810824383, 0.18498262353522354, 0.2244091686188499, 0.3599469396376867], [0.2216579000827827, 0.1907425513442643, 0.3182130162706539, 0.26938653220228875], [0.20780213609109915, 0.1739732133637577, 0.2404961972391281, 0.37772845320603177], [0.2242224793629446, 0.18475878553958786, 0.331889726454069, 0.2591290085433874], [0.21723572523518042, 0.25054080679542456, 0.2484594738842878, 0.2837639939851102], [0.20268220396376066, 0.23281058814533853, 0.31569333851207615, 0.24881386927883858], [0.22911221688703376, 0.3064951520384121, 0.29183952884296405, 0.1725531021315793], [0.2272500970260684, 0.3247708870343185, 0.2130562677750713, 0.23492274806454427], [0.22688451992486774, 0.3213524637989711, 0.2415027558444498, 0.21026026033171283], [0.22522812715409174, 0.3231412610658118, 0.20907871608418435, 0.24255189559588952], [0.2168702626234733, 0.31817942044785436, 0.2295376400454551, 0.23541267678321848], [0.20866591640005985, 0.2890870115318841, 0.29884874841396897, 0.20339832355410004]], "ideal": "B", "sampled": "D", "correct": false}}
{"type": "result", "data": {"idx": 1, "options": ["0", "1", "2", "3"], "probs": [[0.14651668439319743, 0.27858985651442053, 0.3261970499033497, 0.24869640908904436], [0.1275020601005931, 0.21650557325257347, 0.293546301494936, 0.36244606505188887], [0.12748885224300519, 0.23076407263498527, 0.4185377966688053, 0.22320927835320392], [0.12214296307898939, 0.2386348081445516, 0.30213134008421694, 0.3370908885922209], [0.12171810515434117, 0.2054415514436241, 0.38083834636602976, 0.29200199693603024], [0.1212590440939116, 0.23283909393921803, 0.35211820829109103, 0.29378365357578023], [0.2180865990165043, 0.19291735726784295, 0.35822197571410097, 0.2307740679015516], [0.21588771558584183, 0.18388123740490328, 0.29399963913107113, 0.30623140777818564], [0.2437578153551141, 0.2864692424348905, 0.2279763894761912, 0.2417965526337934], [0.24217435559721015, 0.28817968058602794, 0.2727908025082653, 0.19685516120848473], [0.2027248698493208, 0.282073538255046, 0.20428834225055026, 0.3109132495450726], [0.18634540688123044, 0.2477335873822476, 0.38606025941338534, 0.17986074622313705], [0.22617478555763332, 0.17511284761764304, 0.3663237333342758, 0.23238863339043622], [0.22052647898471434, 0.1697192885437265, 0.2932657350987722, 0.3164884972727902], [0.19550224951730083, 0.389479972225476, 0.21379072989954995, 0.201227048257672], [0.1954804529125665, 0.3811313647567567, 0.25588155272615404, 0.1675066295045341], [0.21329372745476938, 0.28029539071051873, 0.19483812346480864, 0.31157275826991787], [0.2016306120456505, 0.23848418303791766, 0.3802469375345189, 0.17963826728189933], [0.21451803659919172, 0.15602680319203535, 0.34963256883621513, 0.2798225912725704], [0.20038064675403688, 0.15763343348108128, 0.36212882286749104, 0.2798570967973909], [0.19366787163789886, 0.3320982422747453, 0.21146938298746631, 0.26276450299988924], [0.18402569756977497, 0.3081691147617529, 0.3399124264136002, 0.1678927611548705], [0.18951275726246206, 0.3228197214671837, 0.20365480465714839, 0.2840127165132058], [0.18560794474698772, 0.2954733879230149, 0.31988931505159257, 0.19902935217840126]], "ideal": "D", "sampled": "B", "correct": false}}
{"type": "result", "data": {"idx": 2, "options": ["n = 1 and r = 6", "n = 1 and r = 7", "n = 2 and r = 5", "n = 2 and r = 6"], "probs": [[0.18890749272572546, 0.22527042144420947, 0.28911065301887606, 0.29671143271119294], [0.1857568701209473, 0.21296614378949127, 0.32357836018531305, 0.27769862580423965], [0.192711623369795, 0.23250324948503673, 0.20550656412031496, 0.3692785629248438], [0.20026359128756424, 0.21037624939127045, 0.3543079273491699, 0.23505223187199703], [0.19835595738550296, 0.24632964564050105, 0.2309315090524742, 0.32438288782150054], [0.19867690266191637, 0.2246600602370939, 0.3337951154388782, 0.24286792156211473], [0.18477775436576208, 0.19904673192029018, 0.31796203138447515, 0.2982134822294639], [0.17527391839048218, 0.17941035701436442, 0.3358301326367333, 0.3094855918583986], [0.1905367844631489, 0.217999129802392, 0.2162777365340143, 0.37518634910042337], [0.203216656957821, 0.2329891920683852, 0.24042696099566796, 0.32336718987811774], [0.18404375248075397, 0.20856997610404027, 0.2862162125787546, 0.3211700587364417], [0.19115111059015022, 0.2199510831158002, 0.2952871763863041, 0.29361062980772495], [0.18514316934156372, 0.22065746111883572, 0.27253973055952846, 0.32165963888006405], [0.2013870608186387, 0.21565187231504324, 0.3294417921492295, 0.25351927461707907], [0.18319039512674865, 0.25032767014409263, 0.24067096738559507, 0.3258109672435565], [0.19039425541143862, 0.24251351976922972, 0.2444575731402836, 0.3226346515790394], [0.19501141623771712, 0.18937701588562464, 0.31841123889610706, 0.29720032888055475], [0.1945223825292741, 0.20744550199783252, 0.27275087515596547, 0.3252812402169321], [0.1813166482009671, 0.28029682022576896, 0.26881200799196137, 0.2695745234813191], [0.19113139937549933, 0.2796324360119913, 0.28524071086202274, 0.2439954536504779], [0.17508957960413918, 0.20351524587254696, 0.36500588651793525, 0.2563892879053938], [0.1851203061124339, 0.21855554679853836, 0.2922867596774463, 0.3040373873115841], [0.1874420997164239, 0.21794507528706872, 0.3108428633215202, 0.2837699615749905], [0.1895626252251789, 0.24913801267457517, 0.2312983407940201, 0.3300010212062051]], "ideal": "D", "sampled": "D", "correct": true}}
{"type": "result", "data": {"idx": 3, "options": ["4", "8", "16", "2sqrt(2)"], "probs": [[0.23693676019711846, 0.20185483498350468, 0.2212490173407729, 0.339959387378606], [0.22192064324875088, 0.1843942995492968, 0.3357779526635681, 0.2579071044383845], [0.22106230659419565, 0.21882489225125776, 0.23162730810197385, 0.3284854929525765], [0.22424250260711637, 0.19941059678060047, 0.3162398378622319, 0.2601070626500538], [0.22351715780823225, 0.34873622579373753, 0.21075266764197603, 0.21699394865605479], [0.216458534661389, 0.32801858535086464, 0.20601647667169182, 0.2495064032160433], [0.15992059482752194, 0.3292864255056811, 0.2056746653894879, 0.30511831417728524], [0.16660370397667906, 0.3143083539093131, 0.3216197329186824, 0.19746820909532492], [0.17429094651467567, 0.20368545980532474, 0.29011322978474685, 0.33191036379525635], [0.18176292077781364, 0.19882778672431273, 0.3656195606722859, 0.25378973172557406], [0.16853806420951215, 0.39484718425813486, 0.22452628608062286, 0.21208846535174017], [0.17505094410678962, 0.3837094809548137, 0.22128459609497309, 0.21995497874340889], [0.19864631908602226, 0.2928860958545181, 0.21434230705819834, 0.29412527790124193], [0.21502143858333952, 0.28922031819553784, 0.2765032151371004, 0.21925502798400276], [0.21853094735040654, 0.20163301585118595, 0.29380861804026476, 0.28602741865813597], [0.2261968033757406, 0.2062487240894264, 0.322590158635553, 0.2449643137992817], [0.2159460240518125, 0.31210441143986717, 0.23297371234151784, 0.23897585206680624], [0.20898259853084522, 0.29989532521275636, 0.2400565536695799, 0.2510655224868213], [0.3057829232938308, 0.24174974037290395, 0.21670360066374147, 0.23576373556953722], [0.29710041978293245, 0.22083198126122794, 0.23094852474253216, 0.2511190741132877], [0.2982911103380214, 0.2131127830701797, 0.26742930857821834, 0.2211667979135732], [0.31147682186555786, 0.21702047374848554, 0.2191966370496317, 0.25230606723631677], [0.2940977261149549, 0.19208683216868477, 0.2686186942122404, 0.24519674740412525], [0.29897685315006306, 0.19684968360223573, 0.23504458603740727, 0.2691288771102959]], "ideal": "A", "sampled": "D", "correct": false}}
{"type": "result", "data": {"idx": 4, "options": ["2/69", "1/30", "2/23", "12/125"], "probs": [[0.20466159183079022, 0.24931963365519633, 0.2908275968531205, 0.2551911775608938], [0.20627386402359357, 0.24934936359160828, 0.2715692689406367, 0.2728075033441512], [0.2036846037698068, 0.2620165542741638, 0.2900957318635175, 0.2442031099925122], [0.19279080139446955, 0.2524627768037933, 0.23756641644726326, 0.3171800052544877], [0.1956021820237885, 0.23915687330237495, 0.30299877497650596, 0.26224216959734525], [0.19484423071124823, 0.25267546683920816, 0.261705338823005, 0.29077496352656557], [0.13970236040317674, 0.33234256431777437, 0.2761792131475929, 0.2517758620314559], [0.13691171507489514, 0.31406626104280205, 0.28256053780498075, 0.2664614859773116], [0.13530655654399532, 0.27276325258487794, 0.34357384974412836, 0.24835634102699736], [0.14104199249004432, 0.2788664193201842, 0.23845176331323936, 0.34163982477653254], [0.13323165398783177, 0.22844394380648742, 0.3455242835004655, 0.29280011860521754], [0.13663265316918788, 0.25563731476464374, 0.27101638770993086, 0.33671364425625183], [0.1793439967594391, 0.3056501514473953, 0.27611135474067366, 0.23889449695251633], [0.1710612604834721, 0.2868873288136279, 0.24538027106249535, 0.2966711395404186], [0.18182785940552626, 0.19767896446863797, 0.36017505365125785, 0.2603181223745782], [0.1893940915457684, 0.21708931946355373, 0.24601966106358936, 0.34749692782708963], [0.17411275579890564, 0.1878879010351682, 0.34230730237622337, 0.29569204068971683], [0.17698352879760024, 0.204808216124421, 0.27722072558006977, 0.3409875293978863], [0.17452379849267424, 0.27181706935757727, 0.27254616086573125, 0.281112971184008], [0.17354628148673298, 0.2767017572865216, 0.27718692622230845, 0.27256503490442735], [0.16302579497733022, 0.21940982061332742, 0.34185946555567226, 0.27570491875367303], [0.17525594179541068, 0.250571124092175, 0.25691661644929054, 0.3172563175631147], [0.16727690224277633, 0.19789899450242546, 0.35622305315669944, 0.27860104999811286], [0.18129280021679758, 0.22741125442272125, 0.2597511628747605, 0.3315447823857476]], "ideal": "C", "sampled": "A", "correct": false}}
{"type": "result", "data": {"idx": 5, "options": ["(S, +, x) is closed under addition modulo 10.", "(S, +, x) is closed under multiplication modulo 10.", "(S, +, x) has an identity under addition modulo 10.", "(S, +, x) has no identity under multiplication modulo 10."], "probs": [[0.190701642310227, 0.2030283349771372, 0.23732276059710372, 0.36894726201554146], [0.1825246724729012, 0.1953364463466869, 0.3310785508945679, 0.2910603301858529], [0.22317614495418214, 0.18544923476056804, 0.2529496880109943, 0.33842493217426345], [0.2096260253874742, 0.1789785012706437, 0.33571830438608746, 0.27567716885580335], [0.17438897788831803, 0.3348300805442997, 0.2050242276837887, 0.285756713783578], [0.18679915479366518, 0.3489102501212769, 0.22267540761664273, 0.24161518736842438], [0.18740476816662668, 0.17263016637014403, 0.2216973400846362, 0.41826772527860245], [0.20391497231862177, 0.14823118527828566, 0.37360877704074025, 0.27424506526234815], [0.21172589525384017, 0.17423850143815375, 0.22990549929680074, 0.384130103911201], [0.1630124051261994, 0.14395849774933017, 0.4617630450597618, 0.2312660519647034], [0.18679985269701582, 0.39090489609126633, 0.18898223753676538, 0.2333130135749597], [0.1859462256927158, 0.42557561175535025, 0.19288914247398928, 0.19558901997795256], [0.20186056081285159, 0.17474812802627862, 0.2140593432702943, 0.4093319677905581], [0.2098712284992213, 0.15627008514066895, 0.355740719072624, 0.27811796718749376], [0.19109150515278212, 0.17033097806433445, 0.21781821753893257, 0.4207592991439469], [0.1897278193977934, 0.1535846858648837, 0.4087240184052871, 0.24796347623204257], [0.17190248389606594, 0.3359693751781715, 0.21352010732990412, 0.2786080334958665], [0.17800724780150157, 0.3445147033692514, 0.21522902672951663, 0.26224902199973843], [0.3879932798941458, 0.14357444246539314, 0.1883709558837638, 0.28006132165670433], [0.4256465709513109, 0.16032088746198078, 0.23234758837919822, 0.18168495310750488], [0.380272818423551, 0.14715043381955042, 0.16167460872342063, 0.3109021389334611], [0.4413290007598781, 0.16913228454577464, 0.20160425672744547, 0.18793445786688556], [0.370746635347045, 0.1629041732770285, 0.21503615084290986, 0.251313040433], [0.40073778399938825, 0.16325076799460186, 0.2133009156548899, 0.2227105322511154]], "ideal": "D", "sampled": "D", "correct": true}}
{"type": "result", "data": {"idx": 6, "options": ["12*sqrt(2)", "6*sqrt(2)", "4*sqrt(2)", "1/(2*sqrt(2))"], "probs": [[0.17954507846669382, 0.23774777094353278, 0.30037544737394567, 0.28233170311582517], [0.19783472683665695, 0.24565344517841453, 0.2515045972660639, 0.3050072306188727], [0.18247731011011303, 0.22578218638893213, 0.309653245645744, 0.28208725775520943], [0.20235336971387788, 0.24211239817113253, 0.26859646454859915, 0.2869377674663986], [0.20117970414651937, 0.22532223199882703, 0.22176902685958957, 0.3517290368950491], [0.21849938579607503, 0.24226448880748228, 0.2334628615119748, 0.30577326378446534], [0.18672658278971377, 0.21452412759113462, 0.32011574852283303, 0.27863354099632787], [0.1981998079134449, 0.21720920580741626, 0.26346870521224475, 0.321122280966902], [0.19505259073194403, 0.24177714231898365, 0.2676525585727943, 0.2955177082762745], [0.21652020896826277, 0.25957005225489954, 0.30058499626216156, 0.22332474241468217], [0.1927498599001017, 0.22532391722238204, 0.20235504746349928, 0.37957117531399936], [0.22973576536721563, 0.2664393117763459, 0.24591889910625234, 0.2579060236501814], [0.18704075348106636, 0.20739773912935908, 0.33195691166370034, 0.2736045956258474], [0.19822357684691813, 0.21686927817967466, 0.2605703530286664, 0.3243367918447366], [0.1863839699978917, 0.2182127354780028, 0.3118526032591727, 0.2835506911649298], [0.21124378851513304, 0.23610102578229436, 0.30323259811282105, 0.2494225874897709], [0.18879521123677367, 0.21940943633244686, 0.19595670464684947, 0.3958386476839367], [0.22362757172892617, 0.2754757419962471, 0.21832500465442986, 0.2825716815203909], [0.18332997657068503, 0.17975482035726179, 0.2945089841740222, 0.3424062187980307], [0.18858260388459253, 0.18280704747422377, 0.313311746143163, 0.315298602398021], [0.1925837561341177, 0.19633618342293951, 0.23404294626316607, 0.37703711407978735], [0.2057773224039064, 0.21061743445434372, 0.2905670409730661, 0.2930382020686953], [0.19637046993645713, 0.1902318962245414, 0.24515139091073335, 0.3682462428282796], [0.2034807527354848, 0.19989941128341154, 0.26642575683087977, 0.33019407905022397]], "ideal": "C", "sampled": "C", "correct": true}}
{"type": "result", "data": {"idx": 7, "options": ["0", "10%", "25%", "50%"], "probs": [[0.10691823860813499, 0.17412836540944238, 0.35727018507459574, 0.36168321080782384], [0.09405482074907107, 0.17464941735935363, 0.3912854648098374, 0.34001029698171753], [0.10820611311606264, 0.2331130189686655, 0.21637956057762028, 0.4423013072376445], [0.1084307617019437, 0.2790770115228616, 0.36965639713174064, 0.24283582954347227], [0.11649861758578584, 0.2783800201366212, 0.23906200937934097, 0.36605935279825685], [0.11503509754422327, 0.2891233606393089, 0.3198881460101778, 0.27595339570629446], [0.12253245488036694, 0.16714765867400044, 0.35991122692696514, 0.3504086594186752], [0.117298338983935, 0.16252838689658627, 0.37192069906275255, 0.34825257495672285], [0.12294450975536128, 0.29189621702336954, 0.21824966852297303, 0.36690960459827104], [0.12735501210000885, 0.30666656731052416, 0.3327878377602705, 0.2331905827292122], [0.12192476251511063, 0.3276833592136164, 0.22341957822672057, 0.32697229994456417], [0.12501140869438346, 0.3267872145134217, 0.32409842597439315, 0.22410295071778533], [0.16169245449769135, 0.17010709947458288, 0.2681509108881275, 0.400049535039591], [0.15070870036935866, 0.17511440797733335, 0.45058029442479247, 0.22359659712850655], [0.15875942418644057, 0.18561461930592557, 0.2216299611427807, 0.43399599526484484], [0.13786935463313268, 0.17594765100471788, 0.46542144027751325, 0.2207615539846373], [0.15863015991245097, 0.34430351301251244, 0.24650732141823722, 0.2505590055568067], [0.16715721498302888, 0.3586677291743076, 0.24354932117984, 0.23062573456283933], [0.1756129534412089, 0.15399019635347835, 0.2779189282239396, 0.39247792188136604], [0.1890498525410093, 0.1679103160679465, 0.3856187082446654, 0.2574211230463693], [0.1903883241820195, 0.19330850185900209, 0.23554798467890659, 0.3807551891800648], [0.18192432798885538, 0.18666931510160406, 0.37478055943106775, 0.25662579737848706], [0.18583252830188218, 0.2959208045820197, 0.24672189419991866, 0.27152477281619763], [0.18377956928222164, 0.27691296072804905, 0.2925380193991338, 0.2467694504905966]], "ideal": "C", "sampled": "D", "correct": false}}
{"type": "result", "data": {"idx": 8, "options": ["None", "I only", "II only", "III only"], "probs": [[0.15005223374790697, 0.21072468898258037, 0.31081082447092917, 0.32841225269859636], [0.16315788060255756, 0.22555064737802027, 0.2605755804110368, 0.35071589150837773], [0.16960881267646877, 0.2355332483226186, 0.29180316941816586, 0.30305476948274807], [0.16456078396147594, 0.2441431338553391, 0.29563606377981316, 0.2956600183033991], [0.18132987574129888, 0.2011050519790942, 0.2722671368942863, 0.34529793528532443], [0.17817650492634565, 0.2027172489347479, 0.29769757133702723, 0.32140867470187157], [0.16348590555731757, 0.14455747922440937, 0.39528798600130294, 0.2966686291169855], [0.18929125783445727, 0.1693816239503478, 0.3072194537192315, 0.3341076643959574], [0.16704639231530513, 0.2351677819792638, 0.25761540385489157, 0.3401704217505436], [0.17561447865287447, 0.2453340799450203, 0.3299346243912595, 0.24911681691083662], [0.16743277277042282, 0.18830867776322865, 0.22003552085247008, 0.42422302851387483], [0.16855586309539825, 0.19053064100615688, 0.3531752711977338, 0.2877382246006949], [0.23651952418654132, 0.17473394931222047, 0.3096262329814521, 0.2791202934197903], [0.22888232012605647, 0.18247101877678068, 0.32215645331559906, 0.26649020768154497], [0.23139042785996886, 0.20342599004276052, 0.23820239195046897, 0.3269811900468079], [0.23972368468694816, 0.21957114476305184, 0.305999845703217, 0.23470532474677694], [0.23272942660260262, 0.21099529364652034, 0.26274236077370877, 0.2935329188771731], [0.2311454396674932, 0.22284063357448092, 0.27788316635394517, 0.26813076030408606], [0.2147333772670766, 0.1732253183029183, 0.2878232249469223, 0.3242180793831127], [0.21146294498649454, 0.17813064461194425, 0.3257016399232651, 0.28470477037831465], [0.2038459410487911, 0.1802723845920534, 0.22213988168882554, 0.39374179257031383], [0.2066332702501038, 0.18379180207861767, 0.33530474630122836, 0.27427018127004565], [0.21234203318608644, 0.22381388231091398, 0.2590793375632841, 0.3047647468397218], [0.20443379394123484, 0.22628499379036354, 0.29745330414894283, 0.2718279080194532]], "ideal": "C", "sampled": "C", "correct": true}}
{"type": "result", "data": {"idx": 9, "options": ["Every compact space is complete", "Every complete space is compact", "Neither (a) nor (b).", " Both (a) and (b)."], "probs": [[0.11926323661867141, 0.16267113436831404, 0.34997374667827474, 0.3680918822347382], [0.1093610101166367, 0.14458150018801272, 0.408541556335975, 0.33751593325937884], [0.1641722132746497, 0.20959643964737648, 0.18601110235112522, 0.44022024462683307], [0.16733648237743678, 0.18453884763462455, 0.39981647595457126, 0.24830819393336018], [0.1466963474473414, 0.3033640353815649, 0.20211065860017324, 0.3478289584709149], [0.15070913023054494, 0.27182306905609965, 0.33944785821152923, 0.23801994240183266], [0.07693403781847148, 0.3233114937054273, 0.2712841300521612, 0.32847033832395617], [0.06821746423295084, 0.30041773638189745, 0.3568164141791436, 0.27454838510599733], [0.12727196863435844, 0.18270403979873776, 0.27525164287112847, 0.41477234859577256], [0.11764894476206349, 0.15615737162758284, 0.34109356305733385, 0.385100120453039], [0.11047921738329879, 0.23887132224351756, 0.3177343760811656, 0.33291508419201726], [0.11003804402862752, 0.22981910289011248, 0.2676469026016775, 0.3924959503795852], [0.13658301692109026, 0.16967701886392506, 0.17332350680651187, 0.5204164573084517], [0.1378862976073186, 0.18268310710148497, 0.46082675187291283, 0.21860384331828708], [0.11286207240301804, 0.13092279343532945, 0.307242062172294, 0.44897307188936025], [0.1227940885360063, 0.1472616945582036, 0.4019428493785192, 0.32800136742727887], [0.16597806418886996, 0.2684014426533263, 0.3638693482545482, 0.20175114480327141], [0.13802514286704562, 0.25475499126032697, 0.2669453922481297, 0.3402744735245012], [0.21410928891277367, 0.21910689322109692, 0.20112499438477693, 0.3656588233813574], [0.22141432146302092, 0.22481410407207625, 0.36068984741265864, 0.19308172695225492], [0.16746353132478312, 0.13936016382531954, 0.38637692799916595, 0.3067993767507326], [0.21994221550941467, 0.16925472194754518, 0.30061369398427135, 0.3101893684587768], [0.27582262968372107, 0.22328541169844965, 0.32487093301435005, 0.17602102550347531], [0.2511438410443396, 0.19042930071965675, 0.2396216794153661, 0.31880517872062986]], "ideal": "A", "sampled": "D", "correct": false}}
{"type": "result", "data": {"idx": 10, "options": ["10", "20", "25", "45"], "probs": [[0.09952578072615206, 0.1732636424670675, 0.3479687493597969, 0.3792418273469763], [0.09738377472169095, 0.15835935176117164, 0.4204659971835394, 0.32379087623359604], [0.10825116366036518, 0.27543810372784217, 0.3157174706409099, 0.3005932618708819], [0.11460074477530374, 0.28398379435957594, 0.2954506995558612, 0.30596476120925875], [0.12119491156781383, 0.2913090208406582, 0.3254836331683301, 0.262012434323197], [0.11864473866721624, 0.2525168888196012, 0.31013812349531067, 0.31870024891786025], [0.23298424214459146, 0.2695921711337929, 0.2270964469797709, 0.27032713964183885], [0.22465378802979832, 0.24441174213832703, 0.2350033429838346, 0.29593112674804656], [0.21515971336757692, 0.31720710357071563, 0.26152538815015375, 0.20610779481154842], [0.1970893453190368, 0.2581160284598628, 0.3345345422339353, 0.2102600838871604], [0.2290505673173037, 0.290800037185088, 0.2419604379324192, 0.2381889574651971], [0.22529460286016909, 0.2426101835728947, 0.32012783064991274, 0.21196738281701957], [0.1992849213547424, 0.21172071112095517, 0.3074329038266347, 0.2815614635976625], [0.20621800732713305, 0.2077876982795795, 0.24342707928721935, 0.3425672150060755], [0.20668415254634873, 0.26342399813532485, 0.33421025042758506, 0.19568159879076022], [0.2083197105838303, 0.2332086966432111, 0.2654323485740008, 0.29303924409895354], [0.20050505867338156, 0.2605563298855398, 0.2290489336625994, 0.30988967767847597], [0.2092982320821771, 0.2201447449266463, 0.3240353316783456, 0.246521691212827], [0.21344989586549118, 0.18046516017638467, 0.30743094322503356, 0.2986540006330861], [0.2087841544078126, 0.1700664248979045, 0.2990924653683698, 0.3220569552259216], [0.18805370922663153, 0.27398738129698863, 0.28447782966616236, 0.2534810797102126], [0.2001167912802659, 0.24709680104632037, 0.2778510090553692, 0.27493539851805304], [0.19257068643112701, 0.27300975449780396, 0.24821716214081932, 0.2862023968302462], [0.19122893695229487, 0.2324761342019571, 0.2783729530815332, 0.29792197566421263]], "ideal": "D", "sampled": "B", "correct": false}}
{"type": "result", "data": {"idx": 11, "options": ["1/64", "15/64", "1/4", "3/8"], "probs": [[0.18848069500511627, 0.3267962805694348, 0.25694436162026396, 0.22777866270516772], [0.18305969597676328, 0.3120670775921129, 0.2566371000765409, 0.24823612625459004], [0.18335223929729755, 0.2589009141858558, 0.3416929013159431, 0.2160539451008858], [0.19048544986861635, 0.29664659159162093, 0.21790799007193198, 0.2949599683678525], [0.17377942314602499, 0.24016036249325853, 0.3482028353647337, 0.23785737889598885], [0.18518134779274278, 0.28356670911724, 0.254990032815242, 0.27626191017475954], [0.26746607588486393, 0.23090696738091043, 0.27522480252925746, 0.22640215410496523], [0.2525958689871912, 0.20907843406465135, 0.2867372418531562, 0.25158845499498583], [0.24228282472716356, 0.300343694111922, 0.2380790723363656, 0.2192944087245569], [0.23361521408884145, 0.30888989184068105, 0.24528181112300088, 0.2122130828474863], [0.24172575998238593, 0.2921140496001282, 0.19649562860726122, 0.26966456171020897], [0.24182479156325723, 0.28157725954785184, 0.24897370297722043, 0.22762424581166812], [0.18721209422525706, 0.24174696487029265, 0.326469109769463, 0.24457183103499494], [0.19661453985547614, 0.284962978951367, 0.24809077955028916, 0.2703317015428758], [0.18782337891676976, 0.3521107998773225, 0.22916844098821956, 0.23089738011769578], [0.1824747438319022, 0.3379904804642865, 0.2547152839895322, 0.2248194916142749], [0.21050495636309496, 0.2827316788469301, 0.22230366604118013, 0.28445969864881426], [0.20772451215791662, 0.2666516113188499, 0.28276378502250643, 0.24286009140073245], [0.21226633303797415, 0.19354841976503107, 0.3279719380287985, 0.2662133090681927], [0.22319456830052262, 0.22351383673160977, 0.29605406872011836, 0.25723752614772244], [0.22164348190223757, 0.27592722924219165, 0.22867730718762927, 0.27375198156795083], [0.2144437259810893, 0.27055582071429246, 0.2725069378310094, 0.24249351537361705], [0.2131229662425849, 0.2940334004816706, 0.22028189614275945, 0.2725617370329801], [0.20655643803255921, 0.2789273801940489, 0.28551908688801686, 0.2289970947853565]], "ideal": "B", "sampled": "B", "correct": true}}
{"type": "result", "data": {"idx": 12, "options": ["0", "1", "2", "3"], "probs": [[0.3089215408378938, 0.16093221069845767, 0.24394706800332164, 0.28619918036032116], [0.26154723667393404, 0.14701407746199677, 0.3118302746056514, 0.2796084111584128], [0.27783900983246385, 0.18762690012002764, 0.2427883355947589, 0.29174575435276867], [0.2710665225961823, 0.17644018140834167, 0.2286855103849478, 0.32380778551052347], [0.27427859753273215, 0.2212748328801521, 0.2401914801251845, 0.2642550893619131], [0.28226825578491754, 0.2281799553014366, 0.24001111914583415, 0.2495406696678178], [0.16775529462143737, 0.3523325838910209, 0.22426437520409706, 0.25564774618345026], [0.16555778740309837, 0.33524110625426723, 0.25588266249093317, 0.24331844375170708], [0.17337029997138773, 0.15786104054812217, 0.40066564292727197, 0.268103016453225], [0.17839288205382953, 0.16862525809959608, 0.2317375861562198, 0.4212442735903494], [0.16118238559770715, 0.2544559056825077, 0.34528537088247996, 0.23907633773729922], [0.16150615719658729, 0.28124815256968544, 0.23351288888461189, 0.3237328012491339], [0.1437394860500871, 0.3741544586700926, 0.21833580278350012, 0.263770252396302], [0.14431455853467987, 0.39237527480350604, 0.21498696731731204, 0.24832319924450813], [0.18791842052308946, 0.18132288008380157, 0.29718003805283816, 0.33357866124026464], [0.1831330870478831, 0.19448599456270735, 0.25026640130617395, 0.37211451698324177], [0.16750919054344632, 0.17177850010652435, 0.4009111857214257, 0.25980112352861046], [0.17509745901393128, 0.17949181819204632, 0.30474944382716046, 0.3406612788668564], [0.14529175883502923, 0.3791905467655621, 0.21986948569284503, 0.2556482086065698], [0.14677406624051412, 0.39193527885511686, 0.21696670452424413, 0.24432395028011822], [0.1806159451104895, 0.21663419910414436, 0.3113809555548462, 0.29136890013050193], [0.17998167632809478, 0.24273601835421854, 0.24370400083875915, 0.33357830437892105], [0.19568482996161124, 0.19153233890540633, 0.31322023115778896, 0.2995625998752118], [0.200981681902988, 0.20171367537029036, 0.2549360977793231, 0.34236854484739193]], "ideal": "A", "sampled": "A", "correct": true}}
{"type": "result", "data": {"idx": 13, "options": ["4", "7", "10", "13"], "probs": [[0.1817047184895977, 0.23784223558272613, 0.27861863022506594, 0.30183441560261215], [0.1769414351162908, 0.21256906431688438, 0.29522275848145735, 0.3152667419853701], [0.1841680494035902, 0.18060545249284585, 0.3375067746527508, 0.297719723350804], [0.18685273515933948, 0.17450030095901373, 0.3504527284188451, 0.2881942353627908], [0.17855042017525682, 0.21699108585172705, 0.3089349901512846, 0.295523503721722], [0.1736660659522465, 0.2135722720840924, 0.2935493291088126, 0.31921233275483835], [0.19242671455302873, 0.2685748929418146, 0.23207464317887158, 0.3069237492262997], [0.18947200565966418, 0.2590216464434303, 0.2316808391253759, 0.3198255086715556], [0.16876412269088875, 0.18681031476124751, 0.3579749103584693, 0.2864506520893988], [0.18783436639097625, 0.19794235136488036, 0.2959897638853377, 0.3182335182587981], [0.17600921822230559, 0.18013907602727489, 0.343897271056819, 0.29995443459357957], [0.18050412007155892, 0.17425510587859827, 0.30942274153797333, 0.33581803241185987], [0.14102969662127834, 0.3066615516777755, 0.28420206172010326, 0.2681066898808568], [0.1422480996770205, 0.30104646528505885, 0.2610092097435659, 0.29569622519436684], [0.14437867753804318, 0.25377598220932845, 0.3671064228532595, 0.234738917299346], [0.15595872140105785, 0.2635109328728485, 0.24007055615432038, 0.34045978947176175], [0.15278401039227124, 0.19244974458467334, 0.34556632306782864, 0.3091999218552166], [0.16021086106283422, 0.1882741336887259, 0.3049916488055296, 0.3465233563429108], [0.1669121831772986, 0.27956147912618684, 0.28053981053943106, 0.27298652705709764], [0.16799058492357913, 0.2841653296104072, 0.24828137916223567, 0.29956270620380426], [0.17183662017599302, 0.2281033282305194, 0.3504541659177829, 0.249605885575695], [0.17584334331188756, 0.22441124793680267, 0.2732495745958951, 0.32649583405541627], [0.1669093348491562, 0.18507914481760843, 0.35744802247420615, 0.2905634977590424], [0.16865716633938838, 0.17633187422860608, 0.30356598147997443, 0.3514449778520185]], "ideal": "B", "sampled": "A", "correct": false}}
{"type": "result", "data": {"idx": 14, "options": ["0.64", "0.72", "0.81", "0.95"], "probs": [[0.23518514012593963, 0.2551800688362264, 0.2383268588939916, 0.27130793204383985], [0.23027118575902858, 0.2558809446159539, 0.2393972899419846, 0.27445057958304164], [0.233230732343725, 0.2527377112539378, 0.2415004020150736, 0.27253115428726216], [0.23509022054851728, 0.25862936550755733, 0.23420495411828443, 0.2720754597256254], [0.21799439477032462, 0.251791367205949, 0.2674177634615719, 0.2627964744621398], [0.22080332849331036, 0.2492272637657846, 0.2652195798601209, 0.2647498277807698], [0.23005519867113228, 0.26690006622604767, 0.23735104680231686, 0.26569368820049993], [0.21537645483597562, 0.25490364122692083, 0.24989580540218953, 0.2798240984349229], [0.21293594271258115, 0.23207680061073283, 0.2888366381250319, 0.2661506184516643], [0.2229723684292638, 0.24773148565398986, 0.22917053733272533, 0.3001256084840181], [0.19525718518204843, 0.2406509049451105, 0.3013268279332137, 0.2627650818396244], [0.2098121866331223, 0.24776186505456876, 0.2693714312628519, 0.27305451694944255], [0.22190152352799644, 0.26595626910585635, 0.23982158270056375, 0.27232062456556927], [0.22050448456885294, 0.26296029245728747, 0.2393974463232003, 0.2771377765506686], [0.2338424368164161, 0.24406956879212666, 0.2627446050394159, 0.25934338925203976], [0.22968724497419163, 0.2373545116362529, 0.22868198615635732, 0.3042762571331955], [0.2007515367875786, 0.22880875596149058, 0.30254715088145173, 0.2678925562694767], [0.21613701151500678, 0.2468766769440266, 0.2654313308557642, 0.27155498058520067], [0.1844894521725267, 0.2861550023434225, 0.2507506478147065, 0.2786048975693539], [0.18864080182736373, 0.2805392589140545, 0.2514830848390507, 0.2793368543195409], [0.18610047468568278, 0.2549352198858593, 0.2881410951528531, 0.27082321017560207], [0.19913976065096708, 0.2612514623086221, 0.25563348645522177, 0.28397529048519854], [0.19112877994013747, 0.2373837421454569, 0.2835353349124678, 0.2879521429019233], [0.18866425495540523, 0.23845391484958378, 0.27617547649283325, 0.29670635360217573]], "ideal": "D", "sampled": "A", "correct": false}}
{"type": "result", "data": {"idx": 15, "options": ["I only", "II only", "III only", "I and II only"], "probs": [[0.16606518226272662, 0.22466723351849954, 0.2515145688152078, 0.357753015303567], [0.15998678782294576, 0.20576730737986462, 0.41394408755229617, 0.22030181714488292], [0.1696073227815266, 0.18523329408752026, 0.2637215901123118, 0.3814377929186477], [0.1533740393277412, 0.1533650995885572, 0.34429468523699036, 0.3489661757467219], [0.15470047749818341, 0.34866387058203263, 0.283957239778815, 0.2126784120409833], [0.16375444945543458, 0.3433328191457624, 0.2098794783272418, 0.2830332529715683], [0.17634220349914279, 0.2085773222215406, 0.24531635177014285, 0.36976412240916573], [0.15838003570822104, 0.18584139310167766, 0.41291320577900603, 0.2428653653111002], [0.1825478243469815, 0.18791915865812506, 0.2529785812725182, 0.3765544356223796], [0.1688770850343966, 0.16056775233507697, 0.33989974442810683, 0.33065541810242854], [0.16096715245818866, 0.30649913607843776, 0.32944933620018996, 0.20308437516317543], [0.17464007396158318, 0.33775859313403334, 0.21307887476185716, 0.2745224580425229], [0.14006037406353622, 0.18694096625859014, 0.2856955370827637, 0.38730312249511695], [0.12328647347653411, 0.15801337192496187, 0.3736163972248363, 0.3450837572736731], [0.13845636940178696, 0.2030325686453825, 0.26637357403571504, 0.39213748781713426], [0.128115198796223, 0.17340791805897054, 0.36631350610771035, 0.3321633769370947], [0.1261945693628769, 0.3141463915143824, 0.2997254053720725, 0.25993363365063926], [0.12356145625015266, 0.2950735953905641, 0.32095608523787994, 0.2604088630213825], [0.2265099518843333, 0.2796058027000764, 0.2673849028860222, 0.22649934242956973], [0.23862732548665946, 0.2793945334631954, 0.20135597219161247, 0.28062216875852625], [0.2287660710481947, 0.2891991527756646, 0.27697502158679665, 0.2050597544893217], [0.22946689338124512, 0.30283962759815186, 0.2092937071781683, 0.258399771742427], [0.24494315600211694, 0.18340120452174008, 0.28911685733355574, 0.28253878204259103], [0.23114788987503826, 0.16813870089972488, 0.3330682644213575, 0.26764514470388423]], "ideal": "D", "sampled": "D", "correct": true}}
{"type": "result", "data": {"idx": 16, "options": ["I only", "II only", "III only", "I and II only"], "probs": [[0.17936886897151608, 0.18327658630605004, 0.2529815276818292, 0.3843730169406022], [0.15947337273831244, 0.16654924312014804, 0.41853835000615186, 0.25543903403538565], [0.17804922886732283, 0.17633848838833874, 0.23579467821318542, 0.40981760443114096], [0.1620180133415523, 0.14943685162247675, 0.3442589498796723, 0.34428618505631386], [0.1714407989521661, 0.31525479794774547, 0.24834234012125153, 0.2649620628788363], [0.16999733181064655, 0.2935569598469564, 0.24971351122784632, 0.28673219701454067], [0.1725326096372549, 0.20574158798794218, 0.25151467104112646, 0.3702111312336766], [0.14590423405247296, 0.18093400401353638, 0.4109145490993799, 0.26224721273462337], [0.1708443051002154, 0.17975822322394897, 0.25203378765468615, 0.39736368392113763], [0.1515365489144754, 0.1525064656992971, 0.34625212659420185, 0.34970485869202866], [0.14798314566992515, 0.2890902689885037, 0.3386490026702413, 0.2242775825713424], [0.16029014952365703, 0.3083410901405473, 0.22423176017589605, 0.307137000059928], [0.163355434158189, 0.18044595538856248, 0.23671260200903851, 0.4194860083442224], [0.14309605206821024, 0.15810448421210513, 0.35695293525556526, 0.341846528364135], [0.16435312478500602, 0.15556021928732722, 0.26470096668053306, 0.41538568914713336], [0.1452919841495246, 0.13075676659143293, 0.35744145172914266, 0.3665097974299152], [0.15093041844970434, 0.25738102654705486, 0.3323396678527568, 0.25934888705048637], [0.15986088218840486, 0.24666548916616912, 0.2859767695217561, 0.30749685902366264], [0.21185402136100223, 0.30207147316826716, 0.23307938858769614, 0.252995116783034], [0.2153009336689812, 0.2964902986343558, 0.22126171939406922, 0.26694704820258347], [0.21004879921123357, 0.2213945715260114, 0.31772818202707603, 0.2508284471356661], [0.2188104515535295, 0.2347972790502731, 0.23478732516893092, 0.31160494412726747], [0.22152465082372225, 0.17792632389457935, 0.3184604521181562, 0.2820885730635301], [0.21600326434020928, 0.17521739760997515, 0.29986090935655674, 0.30891842859326085]], "ideal": "B", "sampled": "D", "correct": false}}
{"type": "result", "data": {"idx": 17, "options": ["-1/4", "-1/(4sqrt(2))", "0", "sqrt(2)"], "probs": [[0.19746788918636862, 0.3044994778556616, 0.3228145022822273, 0.17521813057574107], [0.19021145429670192, 0.31614538029273975, 0.1989638709727629, 0.2946792943378198], [0.17902838282935107, 0.2854552235188835, 0.36432469235938825, 0.1711917011923758], [0.16496700182744076, 0.2605172254577864, 0.2729639197916673, 0.3015518528231214], [0.1959977692077181, 0.2081742191059316, 0.2852021537625997, 0.3106258578237555], [0.18108143138965768, 0.21095716519724705, 0.30812073272343343, 0.29984067058967667], [0.26547515324692317, 0.24602189931055438, 0.3042529733339446, 0.18424997400857682], [0.2520701825500143, 0.26253596647503236, 0.18767884890058373, 0.29771500197435835], [0.25647604177315536, 0.27987168687010966, 0.28817220592071824, 0.1754800653360048], [0.2518348474575786, 0.27767427121485583, 0.22052451632292058, 0.2499663649046356], [0.25741526898596084, 0.1904729633933211, 0.28544746115009123, 0.26666430637063], [0.28281132764047123, 0.207321748409961, 0.25394982124680215, 0.2559171026027671], [0.1689120167242453, 0.3057616695622725, 0.3372611112270745, 0.18806520238639432], [0.15590965316767183, 0.2890500221768559, 0.231308866600356, 0.3237314579551429], [0.17583295233949822, 0.38185781837229593, 0.25099526132759364, 0.1913139678606244], [0.16193176719713878, 0.3758027587017428, 0.21244406353820428, 0.2498214104629147], [0.1511501878916086, 0.2595109509055813, 0.27683666011473756, 0.312502200988101], [0.16789607738474746, 0.26930915824920393, 0.3506035470207686, 0.21219121724529488], [0.1898172648421911, 0.23203608617393726, 0.2808753086852007, 0.2972713401986521], [0.1791274091141251, 0.25099544062015827, 0.26100032381169075, 0.30887682635404246], [0.2053288808243452, 0.29236160039370224, 0.2189653520402773, 0.2833441666416551], [0.21993437043416236, 0.3386847448075135, 0.22782624708606977, 0.21355463757225612], [0.16984814606895166, 0.21339929962788018, 0.3098277180148696, 0.30692483618831445], [0.18796437069389174, 0.22505185379428813, 0.38414380470092674, 0.20283997071088333]], "ideal": "C", "sampled": "B", "correct": false}}
