{"type": "result", "data": {"idx": 0, "options": ["It is hard not to verify in our peers the same weakened intelligence due to emotions that we observe in our everyday patients.", "The arrogance of our consciousness, which in general, belongs to the strongest defense mechanisms, blocks the unconscious complexes.", "Because of this, it is difficult to convince people of the unconscious, and in turn to teach them what their conscious knowledge contradicts.", "It is difficult to convince people of the unconscious, and in turn to teach them what their conscious knowledge contradicts."], "probs": [[0.10233733585986825, 0.10893531630697861, 0.24508008190587352, 0.5436472658272735], [0.11973192584129438, 0.13054247278564302, 0.2676514401645811, 0.4820741611084838], [0.1644980367724933, 0.30186183478208695, 0.2696230803779655, 0.26401704796745357], [0.1363030640051311, 0.17392305328054586, 0.426211600765059, 0.26356228184924985], [0.18010910843654365, 0.30695385516728246, 0.24089608674203447, 0.27204094955415165], [0.11909968737788595, 0.24722575211625059, 0.36323981852037834, 0.2704347418854617], [0.10497024485478004, 0.15693657784099088, 0.2733009958481034, 0.46479218135611594], [0.09859739466214265, 0.1654449728065086, 0.22220223128564098, 0.5137554011457234], [0.1203922600323961, 0.31709871086803465, 0.325889545675694, 0.23661948332384553], [0.09080621436445155, 0.19723390333707963, 0.34143967807024533, 0.370520204128214], [0.1491309356357247, 0.24597208082677444, 0.36978973452693453, 0.23510724891055443], [0.0850561491684059, 0.18109341096265813, 0.34896625085609273, 0.3848841889128462], [0.23413136376203378, 0.24536101056259904, 0.2774699696566857, 0.24303765591866758], [0.1865966123256878, 0.1801319714247714, 0.33921843996696993, 0.29405297618257115], [0.21688083036573474, 0.18916361791651004, 0.2894015617011086, 0.3045539899166433], [0.2009827851477743, 0.215148599301027, 0.2185541972426187, 0.3653144182085897], [0.12666005360311916, 0.4113157089552151, 0.22984439258478198, 0.23217984475687004], [0.1265218702012803, 0.3756127744987219, 0.20820439847274375, 0.2896609567272502], [0.2164924773639033, 0.21685799652802523, 0.21598845069327247, 0.3506610753148089], [0.21563620447886633, 0.2625197036244088, 0.25761906771451165, 0.26422502408222537], [0.2403279271452252, 0.1603484413773964, 0.3348226451522187, 0.2645009862251563], [0.1884303921533298, 0.14996999997665758, 0.3514301593135987, 0.3101694484564106], [0.20782251712469368, 0.26422706566072623, 0.26470175610767804, 0.2632486610069148], [0.1912643627263925, 0.24414215780996823, 0.21628770884530393, 0.34830577051832057]], "ideal": "D", "sampled": "D", "correct": true}}
{"type": "result", "data": {"idx": 1, "options": ["Tdc", "Tcd", "Tcc", "dTc"], "probs": [[0.22105256190650208, 0.314796984575736, 0.22321523626892575, 0.24093521714882607], [0.221609318492781, 0.2929915063041532, 0.2925007833752837, 0.1928983917277947], [0.2052453206100878, 0.14162333518497655, 0.38869577920761084, 0.26443556489733655], [0.20941945890716382, 0.1634937583365333, 0.26176883998244904, 0.3653179426738534], [0.19672515354090864, 0.17082012780959963, 0.41218472184026106, 0.22026999670922995], [0.1954035664268049, 0.22138936678347118, 0.20807465521448362, 0.3751324114752292], [0.23582786902431785, 0.3074704332175392, 0.2232156226677738, 0.23348607499035953], [0.23546143401181502, 0.27743382741018496, 0.2986777558683767, 0.18842698260961122], [0.22856507214181732, 0.18544702629116683, 0.3274125268580096, 0.2585753746090197], [0.2129628293845917, 0.1853471711346631, 0.28203532343844556, 0.31965467594230074], [0.1997781625271867, 0.17936653001645708, 0.4253710209813566, 0.1954842863749992], [0.2175095019191703, 0.2622922567860756, 0.21711034886762076, 0.30308789232712324], [0.15252358103293287, 0.1525064743122703, 0.44148833949051924, 0.25348160506427647], [0.17181544344023097, 0.20402620852404146, 0.3008380935549667, 0.3233202543807603], [0.16070754830646147, 0.25981992407416027, 0.3225705816500927, 0.25690194586928644], [0.15934454228648334, 0.2641818966064844, 0.2763864304926094, 0.300087130514436], [0.14676877494034293, 0.19667663539387464, 0.3471885028480695, 0.30936608671772614], [0.1540944624107742, 0.18984157329396148, 0.3769754763955703, 0.27908848779970685], [0.2084778864554735, 0.287690018342609, 0.3091755148806927, 0.19465658022121485], [0.19955980565933945, 0.30185279685732364, 0.1979388371354282, 0.3006485602479001], [0.21382312638232034, 0.24370515831649664, 0.3496716168506649, 0.19280009835051984], [0.22401131340749894, 0.2869924350897865, 0.22617166056518065, 0.26282459083751286], [0.2074688398293418, 0.18302815555985869, 0.2869156665097691, 0.3225873380010327], [0.20102302663374047, 0.16693370264854634, 0.34189815677958224, 0.2901451138381208]], "ideal": "A", "sampled": "B", "correct": false}}
{"type": "result", "data": {"idx": 2, "options": ["Some large houses are bigger than some apartments.", "Some houses are bigger than all large apartments.", "Some large apartments are bigger than some houses.", "Some houses are bigger thatn some large apartments."], "probs": [[0.22273409530373664, 0.26250406470816345, 0.3279437855246941, 0.1868180543634132], [0.23362338963411874, 0.2947719225437762, 0.1865882116985934, 0.2850164760235053], [0.22847272060501506, 0.32159289306402067, 0.24553336165457817, 0.20440102457639375], [0.215551400390246, 0.2837826479625524, 0.17657564730314967, 0.3240903042440446], [0.2118578331054596, 0.13260567939947926, 0.4356336758916202, 0.2199028115034414], [0.2345705833310807, 0.14298345792138883, 0.3638400638386023, 0.25860589480893154], [0.2053678889737979, 0.20412564487978116, 0.41555415941718254, 0.17495230662925565], [0.2239788989537486, 0.2915974062268252, 0.24080180216329733, 0.24362189255612196], [0.19269355514129852, 0.193041272763085, 0.4468611898171241, 0.16740398217849695], [0.2133540445209558, 0.268154978296215, 0.2654668089775223, 0.25302416810530026], [0.1986492107583229, 0.14504202069847352, 0.37551469559089373, 0.2807940728523253], [0.21598540788056694, 0.18117577899219897, 0.28175902547123016, 0.32107978755602073], [0.25109024772796196, 0.279629995855554, 0.2679072023380452, 0.20137255397843437], [0.22812765089441975, 0.2530138680327771, 0.18036027943539487, 0.33849820153740123], [0.23100822930271386, 0.247335836715764, 0.3335178718278289, 0.1881380620537134], [0.2506283863654813, 0.27697933140601977, 0.19442578659846205, 0.2779664955300196], [0.23694824221852678, 0.14973491922433987, 0.34267912323424043, 0.2706377152228723], [0.2471448686542653, 0.15800048301171946, 0.3457711727114183, 0.24908347552259877], [0.18485689403307812, 0.26589174134787913, 0.34011474408736553, 0.20913662043169137], [0.1770423318428738, 0.2127916877101168, 0.384549397978706, 0.22561658236831778], [0.17081558639287933, 0.2878659286733869, 0.28566898426427406, 0.2556495005694744], [0.17814057415651346, 0.3098391861992114, 0.22658399254649764, 0.2854362469977928], [0.17813939940192228, 0.19008698628020038, 0.4087212407512673, 0.22305237346662385], [0.19635559431739558, 0.2620171810413665, 0.28350519762306653, 0.25812202691817465]], "ideal": "C", "sampled": "A", "correct": false}}
{"type": "result", "data": {"idx": 3, "options": ["Valid", "Invalid. Counterexample when G and H are true", "Invalid. Counterexample when G is true and H is false", "Invalid. Counterexample when H is true and G is false"], "probs": [[0.18601956889581558, 0.1863665993086654, 0.23606933118004417, 0.39154450051545414], [0.18169987572197777, 0.18485602114860394, 0.23735455729934757, 0.3960895457300738], [0.20961178026987023, 0.3019888321810741, 0.17858665563837833, 0.30981273181070385], [0.21005756297176703, 0.28549289185239235, 0.2820750574885842, 0.2223744875872464], [0.2075865475205847, 0.29034267471662134, 0.17167103370517334, 0.3303997439576224], [0.2167736548770267, 0.2832955232522858, 0.28818031937824845, 0.21175050239242893], [0.13847791107380628, 0.17264967706581102, 0.3059681293757796, 0.38290428238460494], [0.13446431466554254, 0.15997169176997525, 0.3218796777782711, 0.38368431568619993], [0.1437467738946722, 0.3340915497438702, 0.21565300668774767, 0.3065086695736987], [0.14766153567536122, 0.2766998124211634, 0.2544822450853166, 0.32115640671814966], [0.13017526215425101, 0.3633532423811123, 0.1948712024756036, 0.31160029288903335], [0.14263680789680774, 0.2937585079141736, 0.2571379407281553, 0.30646674336086616], [0.1904712865923082, 0.26296275368996885, 0.17347820301859668, 0.37308775659914145], [0.1649568254986563, 0.213892656254622, 0.4414365275600039, 0.17971399058672982], [0.20868388316843245, 0.14395726661433494, 0.2930303046085082, 0.3543285455087251], [0.19452885615732016, 0.13736329395646224, 0.3213539301811032, 0.3467539196051184], [0.18915220202108035, 0.35749132762555863, 0.24566189347573505, 0.20769457677762582], [0.18278391179934764, 0.2824919530795748, 0.15602472499552938, 0.3786994100255634], [0.18656375030077976, 0.2571035783908956, 0.16590970093656254, 0.39042297027177697], [0.16483463891969802, 0.20998667278183106, 0.45144679528303505, 0.17373189291544783], [0.19840186446762043, 0.1374695361165696, 0.25930177192491033, 0.4048268273909121], [0.19355183632308298, 0.13174717969303626, 0.33576137409144774, 0.3389396097924368], [0.1969909080491295, 0.35167379684489336, 0.2513087556813913, 0.20002653932457315], [0.18842314322841003, 0.2800851151711146, 0.14786337031441, 0.38362837118606846]], "ideal": "A", "sampled": "C", "correct": false}}
{"type": "result", "data": {"idx": 4, "options": ["If it's not the case that both Izzy plays Minecraft and Ashleigh stops by then Russell makes dinner.", "If it's both not the case that Izzy plays Minecraft and Ashleigh stops by then Russell makes dinner.", "Izzy playing Minecraft and Ashleigh stopping by entails that Russell makes dinner.", "Russell's making dinner is a sufficient condition for Izzy not playing Minecraft and Ashleigh stopping by."], "probs": [[0.1617917975239571, 0.2747217486785347, 0.35407986056862273, 0.20940659312888046], [0.16700114719087408, 0.28856820256665944, 0.29076089398834176, 0.2536697561541457], [0.1479941138773455, 0.3513969670587929, 0.258599926740533, 0.242008992223324], [0.1538179066993636, 0.32811897640795457, 0.29076125122350205, 0.2273018655691991], [0.154343667048692, 0.27740813405683196, 0.3491925259937255, 0.21905567280074634], [0.16700104238221755, 0.2741668257522843, 0.316882833901275, 0.24194929786424288], [0.13262735633173475, 0.3756166393752512, 0.27475174951453035, 0.21700425467846685], [0.13749448786339463, 0.36726617419177465, 0.24468031711616786, 0.25055902072865954], [0.13970846111603544, 0.2740232760819091, 0.37317074315674165, 0.2130975195452968], [0.1519185193803195, 0.26693930753672285, 0.24165656496760415, 0.339485608015337], [0.14358016259790987, 0.18764832650314955, 0.4670795655791561, 0.20169194521979172], [0.16042724971815822, 0.23843025723704245, 0.2588108963251869, 0.34233159661962054], [0.10435005190796347, 0.4410382058057439, 0.21710326027733415, 0.23750848190894747], [0.10295264252289041, 0.42250378202257954, 0.22273314116700096, 0.2518104341875133], [0.10256074658828557, 0.36233927832590923, 0.33499272989979584, 0.20010724508601635], [0.09690017995524593, 0.37217207958608656, 0.19414657930553897, 0.3367811610531183], [0.11471408157606518, 0.12893339612718602, 0.5581880400274104, 0.19816448216933938], [0.10791145696192259, 0.12347040222020506, 0.5502393224956793, 0.21837881822221883], [0.10445913120136274, 0.3718841605041479, 0.3130362812033842, 0.21062042699110656], [0.11837699668282607, 0.3843366215448083, 0.18911870509746057, 0.30816767657490624], [0.1020296848317871, 0.32870609115573374, 0.38120796547654073, 0.18805625843592738], [0.1159884792407752, 0.36429182115656383, 0.14979683729245638, 0.36992286221021176], [0.11015548505593958, 0.09891754931424107, 0.5929718622084511, 0.19795510332135113], [0.10006243507761907, 0.08937646866846677, 0.6011650178136044, 0.20939607834031096]], "ideal": "B", "sampled": "A", "correct": false}}
{"type": "result", "data": {"idx": 5, "options": ["Some houses are smaller than all apartments.", "Every house is bigger than every apartment.", "Some apartment is smaller than every house.", "Some houses are bigger than every apartment."], "probs": [[0.12579206100178783, 0.19868167423891755, 0.2073482874523662, 0.4681779772069156], [0.11959201095773012, 0.15894813002345995, 0.538583505522621, 0.18287635339620584], [0.13018665803768112, 0.1400700205999264, 0.2654708239228124, 0.4642724973395672], [0.13760391147125217, 0.14162249269337418, 0.3667278829119998, 0.3540457128233863], [0.13739638277656938, 0.24019502730370781, 0.4173724305599504, 0.2050361592597597], [0.1404321217465012, 0.32721376003979513, 0.2024381814916857, 0.3299159366220202], [0.13648726326640676, 0.11414069047492932, 0.1644297905512211, 0.5849422556074635], [0.12965455453424277, 0.10205593688136196, 0.6161860410063599, 0.1521034674780566], [0.1300248412998017, 0.10370918827173968, 0.2486683767628392, 0.5175975935656343], [0.14706078572534453, 0.10125107919257417, 0.534418256553566, 0.217269878428489], [0.17179465966902324, 0.40334992266668895, 0.23244566096732627, 0.19240975659697226], [0.17193742831841838, 0.4090152778513678, 0.20134097973981896, 0.21770631399039347], [0.1104586383014768, 0.17510476864974212, 0.22381957612469505, 0.4906170168240788], [0.12442103603252437, 0.22243491506662197, 0.3093515901376208, 0.3437924586632467], [0.11698558761367578, 0.15311615437687215, 0.29107719290378165, 0.43882106500566936], [0.13094079850739487, 0.15803869815319996, 0.4386705056961013, 0.2723499975432796], [0.14107673915444066, 0.24754970709191693, 0.27502689821132786, 0.3363466554422918], [0.148978038201857, 0.20842307842445199, 0.4168329841658789, 0.22576589910781164], [0.20842785091412275, 0.12386760660525663, 0.4715009017193136, 0.1962036406613128], [0.2205523782199978, 0.16033927868647505, 0.1831701544338704, 0.4359381885596456], [0.2044161765536656, 0.40339767966601076, 0.18498024081086686, 0.20720590286945717], [0.1950378697476003, 0.39538784950432343, 0.18195043829108634, 0.22762384235697822], [0.20515245656473277, 0.10996221838317247, 0.24457579753771141, 0.440309527414377], [0.1977185361865123, 0.09476652423038187, 0.5113978404885348, 0.19611709899455748]], "ideal": "D", "sampled": "D", "correct": true}}
{"type": "result", "data": {"idx": 6, "options": ["Valid", "Invalid. Counterexample when K and L are true", "Invalid. Counterexample when K is true and L is false", "Invalid. Counterexample when L is true and K is false"], "probs": [[0.20394804881863987, 0.24410248906112617, 0.26082813098429, 0.2911213310359348], [0.19183476266498825, 0.22868971677499556, 0.2800863862583301, 0.2993891342016888], [0.2100039232006666, 0.32986040109632003, 0.20522138309301216, 0.2549142925100153], [0.2384808811445619, 0.3401558463945024, 0.2096403036659531, 0.2117229686949845], [0.20758708062430103, 0.3228195462003085, 0.19731039687267765, 0.27228297620271447], [0.23618999292082754, 0.342150943928874, 0.21003247363513144, 0.21162658941515644], [0.16286106006658527, 0.19946177813698315, 0.33933808041582586, 0.2983390812806315], [0.154719120342172, 0.17423803880679212, 0.36945607184657586, 0.3015867689044609], [0.16690838199196611, 0.29738758505312185, 0.23122494578685354, 0.3044790870680714], [0.17245093009799076, 0.2764551285370506, 0.20551556751077776, 0.34557837375417194], [0.1492235732040847, 0.3259932710902706, 0.20756808536538715, 0.3172150702402577], [0.1616648421328109, 0.3086156031443224, 0.19081761334968045, 0.3389019412732015], [0.19760265798685564, 0.28354043693659087, 0.21357140636646202, 0.3052854986100817], [0.18461463733741942, 0.24160284777723556, 0.40701061902116953, 0.16677189576418763], [0.2007730516520958, 0.1720604191672923, 0.27548226458786557, 0.3516842644927351], [0.19218603964045106, 0.17909662270608928, 0.2746791277332961, 0.3540382098201808], [0.20746699010124936, 0.2915632101060422, 0.30060197855095827, 0.20036782114174995], [0.19284074967597326, 0.24373208830350176, 0.1592357002874241, 0.404191461633092], [0.19809021521844442, 0.2723073638711843, 0.21747890359145303, 0.312123517218908], [0.18461376629487364, 0.22524527359567972, 0.4167770015114388, 0.17336395849801978], [0.18926979352962173, 0.16935313227900495, 0.24919936506996132, 0.3921777090214125], [0.19538429159046045, 0.1831475916599339, 0.2744690340136318, 0.3469990826359788], [0.22025989800884768, 0.2719963459240637, 0.2976347614927826, 0.2101089944743178], [0.20493005734565067, 0.22236403405838803, 0.1731557364660874, 0.39955017202986515]], "ideal": "D", "sampled": "D", "correct": true}}
{"type": "result", "data": {"idx": 7, "options": ["The university increases financial aid.", "The university does not increase financial aid.", "The board of trustees prevents it.", "The president fails to approve it."], "probs": [[0.07412009892236762, 0.5400810000280628, 0.14528030211688892, 0.24051859883269708], [0.07286030582209184, 0.5876284633802856, 0.155705881906052, 0.18380534879155683], [0.08064411262911163, 0.1070703680392715, 0.5019604171209141, 0.3103251021107215], [0.07375663395140056, 0.11600249642693392, 0.15677382464390716, 0.6534670448777601], [0.07032294736783874, 0.11255739206833758, 0.5727274422312579, 0.2443922182325899], [0.06752841816530876, 0.1145983392644976, 0.11458957746788671, 0.7032836650023079], [0.4321818911819905, 0.1305224979751277, 0.15553202295023827, 0.28176358779265753], [0.4948041353257251, 0.1435025389190908, 0.18560832914953113, 0.17608499650564421], [0.3749393087166315, 0.21617780601249414, 0.11235779884962634, 0.2965250863212254], [0.45401861628843865, 0.18599356578880583, 0.2318869633450218, 0.12810085447772274], [0.46967811175336655, 0.2640357297461732, 0.09751456100881666, 0.1687715973916279], [0.48698567437810736, 0.18343076358600152, 0.20380238855874094, 0.1257811733771384], [0.12652601218584614, 0.09074170235035822, 0.4894120482664944, 0.29332023709729], [0.15251540171417216, 0.10074213086414029, 0.24883017424602633, 0.4979122930756629], [0.16436323907466213, 0.46078606316512116, 0.11672716239823985, 0.2581235352619818], [0.16682049968746343, 0.4940269169273082, 0.2686286046209586, 0.07052397866426752], [0.135705549111206, 0.3033864366348302, 0.1036336844800645, 0.457274329673872], [0.1873090706548541, 0.3101126439878948, 0.42461674966656476, 0.0779615355906957], [0.11329539192391931, 0.08912172451832917, 0.5610087955581786, 0.2365740878995973], [0.12438617427424153, 0.09226628482211768, 0.18060466927789462, 0.6027428715257337], [0.14215844823383397, 0.5240937317777836, 0.11222492624255177, 0.221522893645822], [0.13897801254822312, 0.5284588526663374, 0.24824015554877826, 0.08432297913665768], [0.11772802473685477, 0.2552213080403244, 0.09952469669761707, 0.5275259704251929], [0.17169966219398625, 0.26277610341439406, 0.47399942664918826, 0.09152480764242693]], "ideal": "B", "sampled": "B", "correct": true}}
{"type": "result", "data": {"idx": 8, "options": ["E \u2283 F", "F \u2283 G", "H \u2283 ~E", "~H"], "probs": [[0.1323797627013762, 0.24919882934953402, 0.42049177641422414, 0.19792963143486442], [0.13136807438938236, 0.26341738048757757, 0.3032064489314163, 0.30200809609164847], [0.12568006543776852, 0.4217645742707059, 0.22761304178218453, 0.224942318409327], [0.13911230828424553, 0.4276260011716665, 0.22846765261820054, 0.20479403782587347], [0.1462968844970623, 0.2649462369428315, 0.27666468635430663, 0.3120921921057986], [0.14876024089848633, 0.28500518596471786, 0.36754763470740986, 0.1986869383293727], [0.18207614865130672, 0.21110637378345018, 0.4060815531718047, 0.2007359242934371], [0.18830111353526863, 0.2112271291569702, 0.3008357377465944, 0.29963601946116714], [0.15499057259589782, 0.3988067642165022, 0.22724516197640474, 0.2189575011111824], [0.16097192248762646, 0.40369138595068366, 0.2132034575047573, 0.22213323395691936], [0.18425049271911073, 0.23195313581145338, 0.3083686205073004, 0.27542775086214744], [0.17218610504566734, 0.2544466623774964, 0.3616403580929386, 0.2117268743838975], [0.2764279394965765, 0.2212141428112872, 0.2754048282802522, 0.22695308931189592], [0.29676589321879415, 0.2338451739846776, 0.27132026659117403, 0.19806866610534182], [0.2603793204795122, 0.2915981304737867, 0.24079524023733434, 0.20722730870935485], [0.26638490044197916, 0.2714745571418585, 0.2758605134288065, 0.1862800288873801], [0.29038134360581375, 0.25420477097366834, 0.27373058456268007, 0.18168330075783695], [0.2893676801355755, 0.2502667744977158, 0.2588039764089255, 0.20156156885779475], [0.16913073939564463, 0.2629928346393399, 0.2445534607369722, 0.32332296512804376], [0.17695039828114184, 0.2935160857934128, 0.35114110331885495, 0.17839241250659046], [0.1583676199500317, 0.30861729845406216, 0.23488023420690388, 0.2981348472890151], [0.15729103465743496, 0.2942479493835578, 0.3523630097013306, 0.19609800615767692], [0.14432998352465348, 0.4316714086225978, 0.22047685397643152, 0.20352175377632864], [0.14410239429020896, 0.4182928460719666, 0.2187946013113063, 0.21881015822651748]], "ideal": "D", "sampled": "C", "correct": false}}
{"type": "result", "data": {"idx": 9, "options": ["L", "~L", "L \u2022 ~L", "L \u2228 ~L"], "probs": [[0.07383308043631845, 0.05422609065674558, 0.11626285504562019, 0.7556779737612934], [0.0772361605055037, 0.04835359524931903, 0.6734381440327385, 0.2009721001124392], [0.08583126848579882, 0.10779928363805123, 0.11542591283977008, 0.690943534936395], [0.09201088351445805, 0.08205140675380594, 0.6524373099718322, 0.17350039965990416], [0.08731890160299564, 0.5743324025777983, 0.147498005248993, 0.19085069047020972], [0.08898391908069368, 0.5299867678559946, 0.179396689365949, 0.20163262359734122], [0.0797425023092067, 0.08724516222375636, 0.11312761333684233, 0.7198847220301924], [0.09847075219184279, 0.10084154457298358, 0.5756922294813405, 0.2249954736538475], [0.07597483352032655, 0.1011274735356301, 0.1663406693344406, 0.6565570235095753], [0.09151875459121658, 0.08479278601891947, 0.6084451277958584, 0.2152433314940136], [0.0778709422143249, 0.5412204326383896, 0.1824504338576667, 0.19845819118959845], [0.08004067241717401, 0.5078181842920709, 0.1690767398648549, 0.24306440332591628], [0.1287233118420331, 0.08701251404733758, 0.08334529073313705, 0.700918883277478], [0.13960131895071778, 0.0983752367257674, 0.5920227306130924, 0.17000071361039998], [0.1268586901013216, 0.08167958661828133, 0.12684665111335824, 0.6646150720670484], [0.1613521528928531, 0.07621410635109607, 0.5519979194270314, 0.21043582122899285], [0.10706012828328715, 0.5651542519542111, 0.1463034919097152, 0.18148212775276631], [0.11033153924811563, 0.5679446665732794, 0.1223375497321853, 0.1993862443464244], [0.4500698405777092, 0.14701625420933756, 0.143339839061666, 0.2595740660512888], [0.4248673925297383, 0.15688572284185154, 0.21913096585220077, 0.19911591867622136], [0.44879469833605645, 0.10231608215444768, 0.2091221536864471, 0.23976706572306133], [0.42831392638943244, 0.10494513601820617, 0.19497284096772638, 0.271768096524641], [0.4005013049586775, 0.2246666067620965, 0.21268609320253118, 0.162145994976696], [0.4037253780877209, 0.2317744676956383, 0.15593311733651055, 0.20856703678012015]], "ideal": "D", "sampled": "D", "correct": true}}
{"type": "result", "data": {"idx": 10, "options": ["(\u2200x)[Kx \u2283 (\u2200y)(Py \u2283 Lxy)]", "(\u2200x)[Kx \u2283 (\u2200y)(Lxy \u2283 Py)]", "(\u2200x)(\u2200y)[(Kx \u2022 Py) \u2283 Lyx]", "(\u2200x)[(Kx \u2022 (\u2200y)(Py)) \u2283 Lxy]"], "probs": [[0.16192791207318666, 0.1667876627230397, 0.39680531024551063, 0.27447911485826415], [0.17027312663004507, 0.1929617705490216, 0.3837122265677322, 0.2530528761531776], [0.16923449260755952, 0.22670428144733995, 0.3384049787844458, 0.2656562470606687], [0.16559107866190811, 0.1970655649225207, 0.3679911618491622, 0.26935219446640973], [0.1579006313385449, 0.26396780194559866, 0.3545633492270203, 0.22356821738883736], [0.14908984218674284, 0.22243156553594576, 0.3569603251906436, 0.27151826698668113], [0.1582651567864698, 0.16813080880154938, 0.4241533595870057, 0.24945067472497626], [0.16781038312217494, 0.20685749416664365, 0.3758506190941553, 0.24948150351701545], [0.16569316649868285, 0.15236270654562903, 0.4602366389206718, 0.22170748793502884], [0.15754985789075204, 0.15569641010070534, 0.36974572554890445, 0.3170080063596263], [0.15765687742455758, 0.23662028863450013, 0.3877706512599993, 0.21795218258094456], [0.14922964527674745, 0.21830727057716307, 0.30914381856790146, 0.32331926547818984], [0.13949544249720422, 0.25450746876179003, 0.31068702632847983, 0.2953100623125024], [0.13019620806975804, 0.20160772604977267, 0.40564788174444594, 0.2625481840360101], [0.1469099104789066, 0.249927894300364, 0.3103662479210524, 0.29279594719967844], [0.12388322570985226, 0.16995168078424489, 0.38603982232412143, 0.3201252710817862], [0.1328991576014713, 0.21359969177059243, 0.4037432944255238, 0.24975785610238782], [0.13471496010425751, 0.22737027626943337, 0.3482575429679596, 0.2896572205583378], [0.1442433665064219, 0.2823149068847046, 0.31626543474960545, 0.2571762917592583], [0.13361829596675837, 0.23261998484517382, 0.3638861050361622, 0.2698756140518956], [0.15973302519525323, 0.26689706682918063, 0.3084117764132676, 0.2649581314623018], [0.1377671018081704, 0.2103986130425818, 0.2825640844690855, 0.3692702005801514], [0.14141327382272964, 0.1528692674281621, 0.4422251353832649, 0.2634923232658435], [0.1451809197256161, 0.1699408389505624, 0.3757603121107899, 0.309117929113045]], "ideal": "A", "sampled": "A", "correct": true}}
{"type": "result", "data": {"idx": 11, "options": ["Logically equivalent", "Contradictory", "Neither logically equivalent nor contradictory, but consistent", "Inconsistent"], "probs": [[0.09493374965727572, 0.1822849813383721, 0.3965572986419808, 0.3262239702623812], [0.10940831703149437, 0.16386410367347673, 0.293284744525534, 0.4334428346694951], [0.08542557243216599, 0.2840181767362647, 0.3294441735679488, 0.301112077163618], [0.0921526743895078, 0.29162592108267005, 0.3463340565248416, 0.2698873479029663], [0.08902956156174574, 0.15961154610971573, 0.24533007441529386, 0.506028817813234], [0.09225020005076848, 0.197184266214704, 0.4224353983258238, 0.2881301353087127], [0.126033615874246, 0.17255101755034652, 0.39980157289153173, 0.30161379358386814], [0.14192421869099744, 0.13679233526722176, 0.28163105404598393, 0.43965239189577393], [0.12797357631671166, 0.32819956288256585, 0.22197758286662062, 0.3218492778341065], [0.1334863260730652, 0.3309250654683804, 0.23421267504407536, 0.30137593331447154], [0.13187595763309082, 0.19414496695205222, 0.19804716599093272, 0.4759319093239257], [0.13494756615180317, 0.19636335628227847, 0.3868539895507858, 0.28183508791512246], [0.3309793422707195, 0.1512048136592482, 0.25866882055093227, 0.2591470234190762], [0.352145639921944, 0.16130150132417023, 0.24163208550329252, 0.24492077315059324], [0.3028179133902165, 0.18950604989610462, 0.21977741050125008, 0.2878986261124295], [0.3318388466742582, 0.1828909421102221, 0.20155902274543366, 0.283711188370098], [0.30944972528863274, 0.22249605713030293, 0.2207809773581924, 0.24727324012286056], [0.3360287088361562, 0.20073827335887132, 0.21782259478425697, 0.24541042292071572], [0.17216012641149894, 0.11922990341131674, 0.2334417679284019, 0.47516820214878985], [0.18313840912712817, 0.1429682891420101, 0.38846889026101306, 0.28542441136986335], [0.17267992915615327, 0.14947613595571976, 0.17035320112520586, 0.5074907336629082], [0.20929117695681418, 0.16728110792421222, 0.34456026502891235, 0.2788674499900634], [0.2046512639559616, 0.29425887352405844, 0.2246634765169268, 0.2764263859030566], [0.1794005288482818, 0.3040620146934626, 0.24520372601392798, 0.2713337303443196]], "ideal": "B", "sampled": "C", "correct": false}}
{"type": "result", "data": {"idx": 12, "options": ["E \u2283 F", "F \u2283 G", "G \u2283 E", "~~F"], "probs": [[0.172307476800715, 0.1921832332049912, 0.4116952887454669, 0.2238140011488287], [0.16764497660255062, 0.18019628416226594, 0.38527747662682876, 0.26688126250836797], [0.17572785580192452, 0.27862048023526986, 0.2988823931749716, 0.24676927068783647], [0.17330751078053927, 0.26009541992142554, 0.34189976014027024, 0.22469730905775487], [0.17230451760693957, 0.32257393469727597, 0.20573017994051615, 0.2993913676552668], [0.1635136749152928, 0.31939993235158326, 0.22966063726947533, 0.2874257553636472], [0.2629970074799985, 0.20595398555395858, 0.25221031114275627, 0.27883869572330117], [0.23494746549526688, 0.16630106694482918, 0.37237806655533395, 0.22637340090457145], [0.2078434583877087, 0.2668991650104387, 0.287403938234265, 0.2378534382675908], [0.20513074786894345, 0.2561256459127264, 0.320817782975313, 0.21792582314303174], [0.21907611280101086, 0.315003309506735, 0.2605468173485294, 0.20537376024372506], [0.20688803956006424, 0.29623790989264315, 0.2564272319700183, 0.2404468184772624], [0.25057463890190534, 0.1510394402063549, 0.3574829896745141, 0.2409029311172273], [0.2649828379791405, 0.1504290364331627, 0.3489360945952954, 0.23565203089240294], [0.28015851605353687, 0.17291450639187234, 0.30160176229287955, 0.24532521516170153], [0.27230822999958293, 0.16764409158302784, 0.33086676385155916, 0.22918091446583128], [0.2745053207628064, 0.23430389372372132, 0.22623748998556556, 0.2649532954279083], [0.2815871548382083, 0.2416286798942654, 0.2388125007882261, 0.23797166437930095], [0.26497966175036797, 0.19584573692874654, 0.2761744315508898, 0.26300016966999457], [0.2698962581013968, 0.20820159710575847, 0.22248237121575948, 0.29941977347707205], [0.2730063530408013, 0.2456272929643465, 0.23475790200688756, 0.2466084518879761], [0.24931999042037048, 0.2042447733820382, 0.29665008576716184, 0.24978515033044113], [0.21919326899450417, 0.2959582388807442, 0.21110080618535665, 0.27374768583939574], [0.22593664039073896, 0.31113485123481244, 0.21185944127948367, 0.25106906699495257]], "ideal": "D", "sampled": "D", "correct": true}}
{"type": "result", "data": {"idx": 13, "options": ["Valid", "Invalid. Counterexample when E, F, and G are true", "Invalid. Counterexample when E and F are true and G is false", "Invalid. Counterexample when E, F, and G are false"], "probs": [[0.26161762452674714, 0.2203196101124303, 0.28064218207805675, 0.23742058318274292], [0.26493986873267283, 0.24392193011117436, 0.2690648123162937, 0.22207338873987204], [0.2888681134212231, 0.27883535247428215, 0.20643998074390082, 0.2258565532606071], [0.2767271891352037, 0.2901366621657986, 0.16595054454876268, 0.2671856040502236], [0.26375072923315035, 0.2152605438135578, 0.29986484108978434, 0.22112388576350794], [0.2524876866942907, 0.21498858958850536, 0.25539117980140014, 0.2771325438158171], [0.1614549515027163, 0.2647398128305911, 0.35607255940066485, 0.21773267616601316], [0.17533331054907328, 0.27248716552757585, 0.33401186524645315, 0.21816765857690756], [0.17779578700022394, 0.34723808011430174, 0.28570966189105834, 0.18925647089441214], [0.1758231901435142, 0.2922577544607443, 0.18349109877698783, 0.3484279565187644], [0.18707433907231136, 0.33478457178798365, 0.21953273897536407, 0.25860835006433786], [0.1961149083507508, 0.27227059119742536, 0.21952924208632052, 0.312085258265503], [0.210740632119474, 0.32961700151300566, 0.2152283961217954, 0.24441397014573665], [0.22260859383526058, 0.30670484391528957, 0.17471934625602625, 0.29596721589342334], [0.2377458110951742, 0.1698406524771809, 0.3611588703242697, 0.23125466600337305], [0.22016772130288154, 0.19547794829841433, 0.20683013464858482, 0.3775241956501208], [0.2492214572944395, 0.18229450351753354, 0.3064616151299512, 0.2620224239580736], [0.23726160773986452, 0.1537228193596535, 0.267876795127072, 0.341138777673411], [0.1609458017960944, 0.2588467525854835, 0.364820680671212, 0.2153867648472078], [0.16314422185336108, 0.2507886995409453, 0.3096325894738007, 0.27643448903189155], [0.17838320814442982, 0.33010516678761365, 0.22512167307261707, 0.2663899518953487], [0.1847593887420243, 0.2583523531813887, 0.2289300805126532, 0.32795817746393363], [0.18331249725060242, 0.3546065864341613, 0.24862290313688415, 0.2134580130783365], [0.17440039085159736, 0.26522242000412943, 0.21577243131165713, 0.34460475773260246]], "ideal": "C", "sampled": "A", "correct": false}}
{"type": "result", "data": {"idx": 14, "options": ["Valid", "Invalid. Counterexample when H, I, and J are false", "Invalid. Counterexample when H and I are true and J is false", "Invalid. Counterexample when I is true and H and J are false"], "probs": [[0.24730166802418127, 0.22163479628325677, 0.30771389091481105, 0.22334964467774265], [0.2408000646322341, 0.21586911957971916, 0.2927808675192142, 0.25054994816883686], [0.28311506111915385, 0.30018441444581695, 0.19088338007712885, 0.22581714425787894], [0.28304680816986294, 0.30719218874459786, 0.1841215203185213, 0.22563948266702077], [0.26054803956818107, 0.26369638611232815, 0.20375289056271126, 0.2720026836567957], [0.2624704853322636, 0.2624433132408644, 0.23985746567200045, 0.23522873565489963], [0.17777759764391501, 0.2903104669975509, 0.3340092454048223, 0.19790268985372422], [0.16935270234131652, 0.2695576734516037, 0.32131238965055425, 0.2397772344565387], [0.18577860030267357, 0.3463460654593144, 0.24853033812882724, 0.21934499600915908], [0.1837830037636495, 0.3023054852477096, 0.14786056736741618, 0.36605094352122647], [0.18595420926425327, 0.3535440716913054, 0.22036054040001923, 0.2401411785444329], [0.1780871220863196, 0.2789317892798586, 0.19027273424525606, 0.35270835428854336], [0.21940974712944988, 0.33913945041532073, 0.19813698712407485, 0.2433138152311681], [0.2212680276448331, 0.33087896071308376, 0.23747430151330862, 0.21037871002877484], [0.25447255322658546, 0.20451697686459616, 0.2952285095835175, 0.24578196022530024], [0.23701699102460433, 0.19413612708298117, 0.2157417483938992, 0.3531051333985183], [0.2666519420594888, 0.22182608357096412, 0.33181512415719644, 0.17970685011236245], [0.23005647026679443, 0.2220943405990645, 0.1686153478097027, 0.3792338412244411], [0.19833706077807414, 0.3113824833770809, 0.22382718391836467, 0.2664532718264699], [0.1980696052454999, 0.3128098607245717, 0.28570024459967586, 0.20342028933025297], [0.22504834382340091, 0.24138806603903867, 0.27251910073161667, 0.2610444893059437], [0.2127195599010688, 0.19901964300051034, 0.23075873150292184, 0.3575020654955023], [0.2298786258026193, 0.28832034946606044, 0.3093166437202821, 0.17248438091106216], [0.20075365638708345, 0.26274872935644356, 0.17166797632663156, 0.3648296378298442]], "ideal": "D", "sampled": "A", "correct": false}}
{"type": "result", "data": {"idx": 15, "options": ["(\u2203x){Fx \u2022 (\u2200y)[Dy \u2283 (\u2203z)(Vz \u2022 Rxyz)]}", "(\u2203x){Fx \u2022 (\u2203y)[Vy \u2022 (\u2203z)(Dz \u2022 Rxyz)]}", "(\u2203x){Fx \u2022 (\u2203y)(\u2203z)[(Vy \u2022 Dz) \u2022 Rxzy]}", "(\u2200x){Fx \u2283 (\u2203y)[Vy . (\u2203z)(Dz \u2022 Rxyz)]}"], "probs": [[0.13668760119452053, 0.2045609647775109, 0.33998834440684544, 0.3187630895211089], [0.14033338060564024, 0.2561832055352553, 0.2378693251683486, 0.3656140885907559], [0.14324853428135784, 0.1764316318757223, 0.3902047825685391, 0.2901150511743912], [0.12764362172285512, 0.17183398948901563, 0.25548546347158835, 0.44503692521652344], [0.1410474313813036, 0.19352282288293787, 0.32916222649634164, 0.3362675191394261], [0.118956514221603, 0.16070269268832282, 0.2423907255269707, 0.4779500674630951], [0.1503476216149828, 0.19073912228325002, 0.3419015705725367, 0.31701168542922664], [0.14886273193872313, 0.20060464054802665, 0.3010809889790632, 0.349451638434197], [0.14251513534983826, 0.27763904349315666, 0.22477881831686036, 0.3550670027401558], [0.1499647475231436, 0.2627449718045379, 0.3301403482720403, 0.25714993230028865], [0.14010362165333765, 0.2549955507084988, 0.21384292524030304, 0.3910579022978454], [0.14753974162531924, 0.22260724755298783, 0.3597292502152527, 0.270123760506437], [0.12699324734761216, 0.19643015591112634, 0.38234534669490905, 0.29423124994637406], [0.11686706242410834, 0.18229234337256162, 0.2598191502822898, 0.4410214438210457], [0.11230150316205544, 0.314527043325642, 0.22833377605195215, 0.3448376773603553], [0.11792081468670204, 0.3345494740765041, 0.2823018109751143, 0.26522790016168385], [0.11449449222419232, 0.24835617610799318, 0.21221705476352992, 0.42493227680428625], [0.11162161811495604, 0.18949543721492312, 0.4671258587034184, 0.23175708586670898], [0.1437676853984354, 0.18404620842163638, 0.29431674503969196, 0.3778693610402217], [0.11944562171587732, 0.15838288353563398, 0.2566769850082271, 0.4654945096402538], [0.13851640453489023, 0.20688234733438468, 0.2589031458720463, 0.3956981021586646], [0.13387765320325795, 0.17171287283409672, 0.4078888428124723, 0.2865206310501565], [0.11377448901031936, 0.19722416421439323, 0.2264090263108788, 0.462592320364397], [0.114416021713062, 0.141008727115951, 0.5249333802247411, 0.21964187084626427]], "ideal": "B", "sampled": "B", "correct": true}}
{"type": "result", "data": {"idx": 16, "options": ["The university raises tuition.", "The governor approves of it.", "The board of trustees recommends it.", "None of the above"], "probs": [[0.25889620905508787, 0.22237809046566723, 0.33505834873581086, 0.18366735164342843], [0.21756365048453186, 0.20401255612042876, 0.12940784678841213, 0.4490159465066419], [0.24552996748091438, 0.2379469354380792, 0.35035883316990984, 0.1661642638111153], [0.25663161364991816, 0.24917866152834192, 0.12452419341674667, 0.3696655313050094], [0.25866335664589246, 0.08788062700092898, 0.24972633463713634, 0.4037296816160293], [0.19893814817655794, 0.07963203029407674, 0.3431205130937167, 0.3783093083356423], [0.226025424276464, 0.23321165359794746, 0.3626125947228572, 0.17815032730273725], [0.18094016934302884, 0.2169491040354539, 0.13551291363778645, 0.4665978128837446], [0.2146695424160411, 0.38557689426959524, 0.22758416770966863, 0.1721693955047017], [0.2505945563800643, 0.4466790084064456, 0.16534223771398734, 0.13738419739949276], [0.2515662931011776, 0.09403886473222947, 0.19329862707421097, 0.4610962149923761], [0.2139739654480687, 0.09496355040781503, 0.4935850784653155, 0.19747740557878724], [0.2901996551064679, 0.2387638245430534, 0.3138511435514275, 0.1571853766990328], [0.2935733697521066, 0.26010473888108787, 0.13566682694524648, 0.31065506432154943], [0.275999365273087, 0.33946798508423637, 0.2222367332838959, 0.16229591625877615], [0.3159708231419284, 0.38699706875045115, 0.15846351747889897, 0.1385685905287366], [0.33211906009071746, 0.09781364068089592, 0.22599410471275752, 0.34407319441563505], [0.33871696613697116, 0.09781485844254971, 0.38678653982029987, 0.17668163550018365], [0.06614701592579235, 0.27089835249969774, 0.2940912484470128, 0.36886338302746774], [0.060608161346907954, 0.21943426793242368, 0.3081894285266422, 0.4117681420940197], [0.06876082970234638, 0.26962318868293134, 0.26448531353468757, 0.3971306679800251], [0.07949933566132927, 0.3006045850320477, 0.39826686326778116, 0.22162921593884533], [0.06320183019201173, 0.30501561055130183, 0.280830429635902, 0.35095212952078175], [0.07474774641436595, 0.33702744717516475, 0.3773133290955205, 0.2109114772149408]], "ideal": "D", "sampled": "C", "correct": false}}
