{"type": "result", "data": {"idx": 0, "options": ["(0, \u2013 3)", "(4, 1)", "(2, 2)", "(\u2013 4, \u20132)"], "probs": [[0.23488606680711804, 0.21262392141062222, 0.1985681309322391, 0.3539218807500041], [0.25062011840320564, 0.22248716053246576, 0.34457739640220114, 0.1823153245621216], [0.2231973347662369, 0.1657948479985403, 0.22010455623784386, 0.3909032608973958], [0.23885987758378582, 0.15970990929030884, 0.3176759630060537, 0.2837542500198583], [0.2503448313015949, 0.28130208115401384, 0.25516916206788637, 0.21318392537651246], [0.24768215115495062, 0.27181348126572147, 0.18474755543879545, 0.29575681204052906], [0.21666301671511912, 0.24348839194688537, 0.19305045401249976, 0.34679813722549196], [0.23416249053275034, 0.2530424585006842, 0.3319213021156221, 0.18087374875092527], [0.20386477851474932, 0.2300859991327283, 0.21529870365709913, 0.35075051859540685], [0.21126638167232423, 0.2205070213657228, 0.3189000849665716, 0.24932651189538577], [0.23810373153601488, 0.33058604229762034, 0.2236446084016657, 0.2076656176647181], [0.2287554930051903, 0.32309734475227875, 0.18487105531647136, 0.2632761068260539], [0.2115345686954505, 0.23091162365869008, 0.22369871078874276, 0.333855096757112], [0.22482123069025065, 0.2140345504686261, 0.28251444726457375, 0.27862977147655865], [0.20296008588046185, 0.24284843777967857, 0.2135380111587151, 0.3406534650811517], [0.2067736883276869, 0.22407516324946722, 0.3245561939208388, 0.24459495440199897], [0.2258229666271947, 0.2820703364543716, 0.20562775308646106, 0.2864789437319684], [0.21541790335497144, 0.2966875834461985, 0.22611503251424, 0.26177948058459505], [0.2784244356978122, 0.2211154168441445, 0.28324881649495326, 0.21721133086309657], [0.28065048837469675, 0.2122304694563976, 0.1808395311748699, 0.32627951089403223], [0.2957995387019708, 0.25252182415245195, 0.24237819813903222, 0.20930043890653985], [0.27280287788512325, 0.2220939698325194, 0.19180476309773145, 0.31329838908463387], [0.26965589631275905, 0.16131677110319387, 0.2124638627760015, 0.35656346970804037], [0.26449949786010946, 0.16703537190693984, 0.28642304203439367, 0.2820420880985622]], "ideal": "D", "sampled": "D", "correct": true}}
{"type": "result", "data": {"idx": 1, "options": ["2500", "2", "50", "25"], "probs": [[0.22422009775183238, 0.21357792057280783, 0.26106759300039, 0.30113438857495517], [0.20441198917340703, 0.20683653634832808, 0.26152439258382987, 0.32722708179443216], [0.24815574549822733, 0.2505742542134396, 0.23823342153708602, 0.26303657865123264], [0.25569841548758826, 0.24309649228870067, 0.3001042217415204, 0.20110087038218774], [0.2507811992698293, 0.2583247317864007, 0.22010817203988148, 0.27078589680389925], [0.24907709961996416, 0.2519780650407027, 0.3274113309981398, 0.17153350424120337], [0.13101740559205707, 0.33791871293768455, 0.2668674499623432, 0.2641964314079236], [0.12482848178980249, 0.3212571372611576, 0.2602276747208387, 0.2936867061282282], [0.11723274218055857, 0.29474279668702924, 0.34040115566250784, 0.24762330536989724], [0.12086735259120852, 0.2800251822224013, 0.40818517293191625, 0.19092229215449097], [0.11929587997805591, 0.35208056720589026, 0.29226115607013325, 0.2363623966459272], [0.11045107045704379, 0.35234902865675327, 0.3650440339881096, 0.17215586679809153], [0.16853830367157605, 0.3553390926150533, 0.24666298882467555, 0.22945961478867855], [0.17853276009467584, 0.35016895243344925, 0.3096324007893344, 0.16166588658253514], [0.1560221355174615, 0.21289014590017255, 0.35715930500485604, 0.273928413477528], [0.1675187884433135, 0.19814659782864594, 0.4411926295464009, 0.193141984081645], [0.16619937211166666, 0.33307660295028235, 0.30914315899937894, 0.19158086583866693], [0.18400298810990598, 0.36746093007838787, 0.2358593753302934, 0.21267670638141975], [0.2007047251424839, 0.2863658384995634, 0.24339643439767025, 0.2695330018603051], [0.218829895992782, 0.28106522751562346, 0.3323361875248255, 0.16776868886676705], [0.1974793034220081, 0.21516485976183544, 0.3094213178160018, 0.2779345189001393], [0.18656654946822046, 0.21633498835555184, 0.42117059471634766, 0.17592786735988591], [0.1819318979526723, 0.3623329190198613, 0.2861537650696946, 0.16958141785778016], [0.18913344055084572, 0.3806442684047191, 0.24147398606388626, 0.18874830488055655]], "ideal": "C", "sampled": "D", "correct": false}}
{"type": "result", "data": {"idx": 2, "options": ["392", "336", "300", "297"], "probs": [[0.17220785238546588, 0.17622074552467018, 0.2815713650707883, 0.37000003691907246], [0.1713304811715695, 0.1705813775005, 0.2737224456492042, 0.38436569557873523], [0.22359184286199188, 0.16936285092795553, 0.3435577593108773, 0.26348754679918457], [0.23009042879008718, 0.15387573214709344, 0.3777886578163827, 0.23824518114643445], [0.19198708482283555, 0.19575770152673516, 0.28938651685419353, 0.32286869669623186], [0.208841077222949, 0.20161818800360815, 0.33871616681358074, 0.2508245678598588], [0.25277454971661145, 0.17436775474382968, 0.2808007218653093, 0.2920569735742614], [0.21382029997350036, 0.14811589393749958, 0.2842214197636234, 0.35384238622538583], [0.2569560384951224, 0.16596274685254095, 0.2823026945049894, 0.29477852004734595], [0.2879390125770301, 0.16924026914215062, 0.35552027480202636, 0.18730044337880397], [0.23381627407551722, 0.19314464342853024, 0.255865782538507, 0.3171732998574681], [0.24962972665228753, 0.1834238790107638, 0.3533670552712895, 0.2135793389656567], [0.1877208754978143, 0.20540361300206697, 0.3562991913250543, 0.2505763200750614], [0.21287417709364398, 0.2078461469661402, 0.33334138005558256, 0.24593829578463164], [0.16757150791426328, 0.2828193210010221, 0.30208324886292964, 0.24752592212178465], [0.20884452314719013, 0.3336119071852626, 0.2754667562691399, 0.18207681329840675], [0.18652045230930223, 0.18503106144730289, 0.32092873746771067, 0.30751974867566884], [0.202468375564004, 0.20488726014722, 0.321095276819503, 0.2715490873692825], [0.22688579153228922, 0.155320138137352, 0.3052216537429948, 0.31257241648737344], [0.25374946738871357, 0.16386726178368954, 0.33354476844278375, 0.2488385022848237], [0.2458730232950214, 0.20945928584274742, 0.2505833345054522, 0.29408435625676893], [0.24511129322767816, 0.19160638117583703, 0.35531984501646524, 0.20796248048001817], [0.23653511825308618, 0.14127786911532034, 0.3401392942092847, 0.2820477183223186], [0.23973640828743123, 0.14434795150524637, 0.33676362548158323, 0.27915201462573613]], "ideal": "A", "sampled": "B", "correct": false}}
{"type": "result", "data": {"idx": 3, "options": ["\\frac{7}{9}", "\\frac{8}{9}", "\\frac{5}{9}", "\\frac{9}{11}"], "probs": [[0.22761032552059476, 0.2676345621462104, 0.2661696349218146, 0.23858547731137453], [0.21381150867110393, 0.23845563818255924, 0.22807696652195583, 0.31965588652437565], [0.21979661461711084, 0.26030940675851844, 0.2832624155128973, 0.23663156301146754], [0.21136884594207728, 0.22588034237741167, 0.22160621374924225, 0.3411445978312633], [0.21708224862800887, 0.19350265024630933, 0.296656136777375, 0.2927589642483133], [0.21204932761552797, 0.19762907537935928, 0.2663489883608763, 0.32397260854425475], [0.2213835757225791, 0.2484664293358285, 0.2783785003045628, 0.2517714945370246], [0.20834228798590101, 0.21406342261423572, 0.24544393666548808, 0.33215035263435777], [0.2074648940832191, 0.2673901589432311, 0.28301856310890083, 0.2421263837646436], [0.2143709240982436, 0.25463063386078927, 0.24193649693202615, 0.2890619450089601], [0.2185470510146976, 0.20448920385832822, 0.2741940568863967, 0.30276968814058447], [0.21784099840002988, 0.1914505732798942, 0.3067041975020759, 0.2840042307179942], [0.24097809862142344, 0.27673658988225064, 0.22678892619230612, 0.25549638520399043], [0.22870776164253936, 0.22038592664090265, 0.22783242214680816, 0.32307388946974464], [0.2640265454543688, 0.26498140299467904, 0.22016760230607427, 0.2508244491448601], [0.252547742462607, 0.2273729240439032, 0.2282265532526617, 0.2918527801408105], [0.2327081273639719, 0.19325826314482508, 0.270531899053294, 0.30350171033791523], [0.24940452637890784, 0.19494371417559028, 0.29735241968569803, 0.2582993396598225], [0.20575367724332128, 0.19596804591559228, 0.31256409324014356, 0.2857141835009376], [0.21539917061086597, 0.21928713296616056, 0.2537152643427749, 0.31159843198019366], [0.22089342080458207, 0.22783345140275352, 0.2411400893595735, 0.31013303833308625], [0.21866963793153463, 0.21193602592650895, 0.29836476912377496, 0.27102956691818825], [0.20321513836355562, 0.23335599508534136, 0.2825641603780003, 0.2808647060730848], [0.2094888411043231, 0.2341251397757649, 0.30174696893425057, 0.25463905008567994]], "ideal": "B", "sampled": "C", "correct": false}}
{"type": "result", "data": {"idx": 4, "options": ["(-inf, 10)", "(-inf, 9)", "(-inf, 8)", "(-inf, 7)"], "probs": [[0.23850919752410288, 0.2898916537889953, 0.23115235138202056, 0.24044679720487042], [0.19429888189301311, 0.21125710646630488, 0.2293208823364761, 0.3651231292041947], [0.17692054584535846, 0.28957668905213396, 0.3076395592886291, 0.22586320571389043], [0.17130315955472225, 0.2781013711905828, 0.2758981413723412, 0.2746973277823671], [0.16426173235770164, 0.26717908635318427, 0.2569171206628168, 0.3116420605262867], [0.1607409489473228, 0.25280386658339166, 0.3158099855079773, 0.27064519886128524], [0.23063848029109463, 0.27028884345716625, 0.2553883710479694, 0.2436843051037831], [0.20392184325429163, 0.22527156458718556, 0.21207845234140216, 0.35872813971712125], [0.22871267893695427, 0.2647057192910431, 0.27055898565949604, 0.23602261601250712], [0.23383995809146985, 0.2732520020221098, 0.24504264924914573, 0.24786539053727516], [0.18123371822064827, 0.24239337990500975, 0.22028550444826447, 0.356087397326066], [0.19120400100881593, 0.2354990867076659, 0.3335176677008256, 0.23977924448270493], [0.19738179776570253, 0.27136536280877976, 0.3153229981424338, 0.2159298411830589], [0.18829333826564287, 0.2664149175240827, 0.20316654331491318, 0.34212520079536163], [0.2489496498584027, 0.28054266522140253, 0.21803407210411807, 0.2524736127160897], [0.2398511152108891, 0.2713312179058002, 0.2379907113694953, 0.2508269554138045], [0.20099211773037604, 0.2344285577473359, 0.21732780032735524, 0.34725152409493415], [0.21628527514977255, 0.2583889576611802, 0.29501328316987996, 0.230312483919156], [0.1849767485777164, 0.27443933239990204, 0.2546570598711955, 0.28592685905119913], [0.17205656020342192, 0.23015618842593782, 0.32452359691586447, 0.2732636543547759], [0.20658378385912723, 0.24294447505619268, 0.22035313574132656, 0.3301186052433668], [0.21415560369977968, 0.24074886809404789, 0.3474349930423772, 0.19766053506380665], [0.1742743778461625, 0.2317706550963236, 0.26009158722807507, 0.33386337972942715], [0.1975530130830989, 0.2763934354827039, 0.3000697051200725, 0.22598384621413678]], "ideal": "C", "sampled": "C", "correct": true}}
{"type": "result", "data": {"idx": 5, "options": ["396", "72", "66", "36"], "probs": [[0.2220909207336964, 0.28249876673590857, 0.2612509936994384, 0.23415931873096743], [0.1932992899650698, 0.26153317137745746, 0.239183901353883, 0.3059836372035899], [0.27595939452544577, 0.2225891804616198, 0.22697448003957332, 0.2744769448733596], [0.27620408907404853, 0.22600741855985695, 0.2778862940725719, 0.21990219819352005], [0.1904673728255426, 0.22927422074818452, 0.2440377797156002, 0.3362206266106842], [0.222091349262023, 0.259060355059402, 0.32058072139682076, 0.19826757418176358], [0.22697308858598902, 0.2583262439595478, 0.2749253904707215, 0.23977527688375053], [0.1950068156308223, 0.2191671620204449, 0.24028426346819592, 0.34554175878053456], [0.20975930779903326, 0.3166794865930833, 0.24330742757687998, 0.23025377793101123], [0.2113495666637531, 0.31155329559119926, 0.32155879841113205, 0.15553833923392424], [0.1923222430366205, 0.2949842064596064, 0.17447739073111235, 0.33821615967265845], [0.21164505387449337, 0.31089567058101175, 0.3284761653318655, 0.14898311011261453], [0.15665389498185797, 0.3188767804585484, 0.24733687809840543, 0.27713244636119766], [0.15494320897809258, 0.32790994491204484, 0.24514017087745407, 0.2720066751324169], [0.13931543652608386, 0.27981460350218457, 0.32595398592535135, 0.25491597394638676], [0.15164907613243572, 0.28933728819616267, 0.35183382394456114, 0.20717981162684834], [0.155206509207352, 0.35383414429629145, 0.23259461091987033, 0.2583647354764816], [0.14556178867325886, 0.3404060339622492, 0.27447228637690213, 0.23955989088758534], [0.19979526799090694, 0.21772988323020093, 0.25105731098259765, 0.3314175376962819], [0.2367990218357434, 0.25790147472619085, 0.2837831529786634, 0.22151635035938722], [0.1753304231334137, 0.3169212817676875, 0.23549454225209268, 0.27225375274681546], [0.18998428128545836, 0.3381641273687947, 0.28591272551121033, 0.18593886573454574], [0.21098110210139384, 0.3076461909453311, 0.2866442514412846, 0.19472845541199812], [0.19327884597577805, 0.29592753899830215, 0.2878657111098898, 0.22292790381603808]], "ideal": "B", "sampled": "C", "correct": false}}
{"type": "result", "data": {"idx": 6, "options": ["0.16", "0.24", "0.3", "0.5"], "probs": [[0.266403338469954, 0.2937285182624516, 0.2061950161932856, 0.2336731269743183], [0.24906759263131548, 0.2683371755377582, 0.2610074248441807, 0.2215878068867555], [0.247874649525226, 0.18974586394846282, 0.29961944116343414, 0.2627600452628736], [0.2718053170899699, 0.20634993673200908, 0.2388166145933085, 0.2830281314847111], [0.2289249621588371, 0.25490916400563024, 0.28639872418052875, 0.22976714955501412], [0.24305615971251046, 0.29491304673402563, 0.2103194144858225, 0.25171137896766516], [0.2913769014464112, 0.24740074965336256, 0.19647637338821963, 0.264745975411993], [0.27993271746518295, 0.22496123049878244, 0.2371666630955462, 0.2579393888404624], [0.29716485057827846, 0.17959039297900753, 0.25465751552521604, 0.2685872408175086], [0.3047726326048064, 0.18779252193366638, 0.2566421802614985, 0.2507926651000271], [0.2483366499365198, 0.28762406063245666, 0.2342719420187243, 0.2297673473123104], [0.2569148083054214, 0.319890791647865, 0.20805144626523564, 0.21514295368147732], [0.11392022799033982, 0.3366991242194095, 0.2829836066854065, 0.26639704100485373], [0.11986431182876384, 0.3765645659009691, 0.24591729319369857, 0.25765382897656014], [0.13812795247277937, 0.2911122496773689, 0.2911097459597956, 0.2796500517900433], [0.13641806300777617, 0.3169987984089153, 0.2764585092136749, 0.27012462926961966], [0.12710671674148885, 0.2744412876069693, 0.34157908983786506, 0.25687290571368676], [0.1296866059037169, 0.29986827169504515, 0.3074356140495184, 0.26300950825171804], [0.1781400000405945, 0.32961876563888876, 0.27004147410362206, 0.22219976011690465], [0.1941565700840758, 0.3640881239638587, 0.21354603646813347, 0.22820926938393074], [0.17158963587266415, 0.35827095129920505, 0.2382377233032302, 0.23190168942488742], [0.17462103168374685, 0.4026685810011637, 0.19938467885845676, 0.223325708356631], [0.22684811012023204, 0.20522528268729084, 0.28835043506373853, 0.2795761720287497], [0.22516774184836205, 0.21660439476528764, 0.2791070472049381, 0.2791208160814107]], "ideal": "C", "sampled": "B", "correct": false}}
{"type": "result", "data": {"idx": 7, "options": ["42", "12", "36", "39"], "probs": [[0.21732866373084844, 0.23403340289910599, 0.28444597040201014, 0.26419196286804575], [0.21601194158929524, 0.23491631321216697, 0.2438240024800033, 0.305247742618533], [0.22055503809658866, 0.2916010928357387, 0.2213866331279666, 0.2664572358396927], [0.22443841606738166, 0.28643682197517883, 0.24785432588259276, 0.24127043597484554], [0.22196612580257372, 0.2614995453653339, 0.18910337705251676, 0.3274309516795879], [0.22932272520266364, 0.25542546749150863, 0.22929465164924123, 0.2859571555565873], [0.18851503711021333, 0.24160290748291846, 0.2983643186409042, 0.27151773666597245], [0.1865849206760573, 0.24956773348716355, 0.2564006077701291, 0.30744673796664695], [0.1713425142768211, 0.3060120765829823, 0.2618064725093258, 0.26083893653085505], [0.16743564740078007, 0.307477540413616, 0.2847631283848058, 0.24032368370077986], [0.1818472788638539, 0.32408264742168624, 0.24751975844782786, 0.24655031516661627], [0.17671715292072848, 0.2835446182955574, 0.2981945018687088, 0.24154372681498776], [0.2624632210163736, 0.2756276370702437, 0.19847941076598896, 0.26342973104741635], [0.2673824611425062, 0.2715108161569043, 0.2624724667798595, 0.19863425582073962], [0.24323880334894363, 0.2771595436663542, 0.24748879799884582, 0.23211285488585343], [0.24458177351934474, 0.26495053902591686, 0.2430928516785618, 0.24737483567617274], [0.29138345682369987, 0.2896483555145474, 0.23872570141911476, 0.18024248614262367], [0.27452709750805265, 0.2823219739489017, 0.17181038414984265, 0.271340544293189], [0.24030822606366697, 0.2573809424921113, 0.17313130631067367, 0.3291795250335485], [0.23988207288154048, 0.2388816600175712, 0.2669621401890895, 0.25427412681177414], [0.2358221651560972, 0.22590944083897363, 0.2505691652300321, 0.2876992286748839], [0.2261741923507957, 0.19306338772461207, 0.31211184277411813, 0.26865057705045864], [0.2465092952309064, 0.31106216759638833, 0.22707093809693182, 0.215357598975784], [0.24238489904667562, 0.3111002204621764, 0.18180175772912582, 0.2647131226620204]], "ideal": "A", "sampled": "C", "correct": false}}
{"type": "result", "data": {"idx": 8, "options": ["\\frac{125}{648}", "\\frac{25}{648}", "\\frac{625}{648}", "\\frac{1}{648}"], "probs": [[0.23759058230472788, 0.3142340572254609, 0.18153805715052018, 0.2666373032192972], [0.2564584370151177, 0.32481210445095254, 0.25887784329664004, 0.1598516151372702], [0.26221890163420086, 0.19994650866135324, 0.26073388584827223, 0.277100703756192], [0.2561472428303453, 0.19447738562347022, 0.26320735107835447, 0.28616802036783595], [0.2751945568442518, 0.19179283534813807, 0.3340133706909637, 0.19899923701665106], [0.27354981438847004, 0.2172374487533451, 0.2202895422831691, 0.2889231944749969], [0.215642414788366, 0.2935159161643748, 0.2234379908111577, 0.2674036781360961], [0.24519501929769028, 0.3242832779540775, 0.2832652301840638, 0.14725647246416135], [0.24515931885397063, 0.17763119662117613, 0.30324874392532586, 0.2739607404995337], [0.24866919401849033, 0.18517697445355086, 0.2631752992616297, 0.3029785321663472], [0.2478778026085902, 0.20585624420628737, 0.3206241317637713, 0.2256418213213439], [0.2527285366780174, 0.22695018254728513, 0.20753978488139185, 0.3127814957933116], [0.209075603118763, 0.28451611231152396, 0.24727593953587002, 0.25913234493382514], [0.21469358645992592, 0.30332060698418867, 0.2362867963003801, 0.2456990101554871], [0.20404395052649651, 0.24089575843018288, 0.29620428771840973, 0.25885600322490493], [0.21552059946692337, 0.2603083576210561, 0.24040822428509523, 0.28376281852691904], [0.22648229944876427, 0.19337921650948486, 0.2954352347171447, 0.2847032492246123], [0.22367356073744724, 0.18935080627598588, 0.2854250758495555, 0.3015505570370174], [0.20465615771800977, 0.23833267731365765, 0.3374732899674967, 0.21953787490082877], [0.19400790501340126, 0.25661460614240167, 0.271509077362211, 0.2778684113819917], [0.1915437217644709, 0.25121286174463625, 0.3151751104621499, 0.24206830592876039], [0.20502032315097604, 0.27691265185216685, 0.2416294516546483, 0.2764375732422026], [0.22281944889305313, 0.1721380118770843, 0.29934135728216144, 0.30570118184770756], [0.226143342323294, 0.16874031028128744, 0.3079249772003249, 0.2971913700950875]], "ideal": "C", "sampled": "A", "correct": false}}
{"type": "result", "data": {"idx": 9, "options": ["8", "12", "10", "4"], "probs": [[0.2071997397023453, 0.21413112098179735, 0.28590931629687066, 0.29275982291899766], [0.2097640505029413, 0.23256438064863155, 0.2856659603843135, 0.2720056083641251], [0.2255126708615379, 0.24049896008337673, 0.2190104294179469, 0.3149779395371499], [0.20808174175620608, 0.23393668017626243, 0.30401357758379655, 0.2539680003837338], [0.20468743617571397, 0.2769443080535572, 0.23652703371781336, 0.2818412219529026], [0.20439467425316132, 0.29176971657391576, 0.26198382006598836, 0.24185178900694568], [0.1921059112029143, 0.2339656146453504, 0.2850036301509094, 0.28892484390081064], [0.2058815499976568, 0.27105178546557485, 0.2576203714627654, 0.2654462929740013], [0.19550012503525765, 0.2408965106248808, 0.2505397384351521, 0.31306362580470604], [0.19125273651115793, 0.23848290645328102, 0.2718156992929653, 0.29844865764258194], [0.19684660378592955, 0.2551802788532443, 0.2742249817570501, 0.2737481355037742], [0.1883231769522428, 0.24996055108743523, 0.287200897075045, 0.274515374785263], [0.20578328638329235, 0.24385546383686685, 0.24922589340035134, 0.3011353562794752], [0.19428379972264426, 0.26348275036460667, 0.3001086497255682, 0.2421248000871786], [0.2084177674005243, 0.21974761464116288, 0.2761438540240356, 0.2956907638342871], [0.19657843214168752, 0.22108926850460683, 0.29054755452526154, 0.2917847447284556], [0.19804755984423314, 0.29543171129047924, 0.26540245943703605, 0.24111826932826283], [0.19633660668310662, 0.2861534703840306, 0.2433056324504655, 0.2742042903824088], [0.20222068719405395, 0.2607943135383743, 0.22734018028844677, 0.30964481887912565], [0.19558037642902423, 0.2714730880464615, 0.27635491922339256, 0.25659161620114546], [0.1991910360415785, 0.2337201998188071, 0.2835385101996676, 0.2835502538399338], [0.19003352653568154, 0.2292016106299383, 0.2847585471982638, 0.2960063155361035], [0.19597127882626686, 0.2529508732844527, 0.2934795136801317, 0.257598334109161], [0.19548192499864628, 0.2456257631939833, 0.28053830706159055, 0.2783540046457921]], "ideal": "B", "sampled": "D", "correct": false}}
{"type": "result", "data": {"idx": 10, "options": ["13", "14", "1", "2"], "probs": [[0.2522803662639153, 0.24016430913660924, 0.26884760063378466, 0.2387077238656889], [0.2383308139126103, 0.2369619124643542, 0.25978083032369464, 0.2649264431993524], [0.28308569011945456, 0.2510603719842291, 0.20062409502512984, 0.26522984277117334], [0.27401841869215676, 0.23576934981848696, 0.293997780988516, 0.19621445040083935], [0.24660557915410566, 0.2946653614532445, 0.187246127170452, 0.271482932122222], [0.24434918060556407, 0.2795986132193381, 0.2993705204839365, 0.1766816855911603], [0.19611550451192022, 0.27544681714738184, 0.2830109336797013, 0.24542674456099597], [0.1909858310538361, 0.28277319867215545, 0.2554184004346998, 0.270822569739309], [0.19819393992826362, 0.23821013334600627, 0.3005906295172254, 0.26300529710850445], [0.20442258548127043, 0.2607949076212058, 0.27397424793881914, 0.2608082588587062], [0.18502936544043314, 0.256676161342568, 0.28817219053611715, 0.27012228258087045], [0.19074733552340495, 0.2627481861780786, 0.30010101606747897, 0.24640346213103934], [0.19626355860105765, 0.32407707726013907, 0.18902418703612706, 0.2906351770026643], [0.1790506836005257, 0.30331907833661087, 0.30282496313014406, 0.2148052748327088], [0.21381839815217724, 0.1720402874911756, 0.3091352259326029, 0.3050060883240437], [0.2190725835385729, 0.18022095158818924, 0.33599386645500195, 0.2647125983182366], [0.1926026439851113, 0.25399134447840427, 0.3431186098547724, 0.21028740158170023], [0.2327765028163898, 0.29818976933798746, 0.18890096067734066, 0.28013276706827206], [0.2151375206140339, 0.3117904203081715, 0.1869027909201474, 0.2861692680576596], [0.19963689648272853, 0.2788303616369349, 0.3152035866867838, 0.20632915509356486], [0.23677236588322292, 0.16569108268404273, 0.2981475795533689, 0.2993889717793649], [0.23671113278379238, 0.15522957490861264, 0.3580600672917902, 0.24999922491577914], [0.23702379584059438, 0.3020615333419696, 0.28203432359495473, 0.17888034712248044], [0.25548989492191293, 0.33115843204695805, 0.16179559244967961, 0.2515560804814381]], "ideal": "D", "sampled": "A", "correct": false}}
{"type": "result", "data": {"idx": 11, "options": ["30", "64", "2048", "60"], "probs": [[0.149001757600392, 0.30748192797241675, 0.31845797705744905, 0.22505833726972557], [0.14347014311262205, 0.3213230138857785, 0.25929560624012615, 0.27591123666148154], [0.16070748845279473, 0.32453697535622905, 0.2898489779079859, 0.22490655818298758], [0.1610523708937738, 0.33939066139155705, 0.2634462116404242, 0.23611075597425377], [0.14212708801764123, 0.2250048707133281, 0.3325399899147662, 0.3003280512542738], [0.14678318538926055, 0.21318892313248747, 0.34186037442356493, 0.2981675169546826], [0.17828640563919432, 0.2214920714326314, 0.31597524309877173, 0.28424627972939887], [0.18036227848438893, 0.24114830782349947, 0.2915574747016462, 0.286931938890462], [0.19633522174015217, 0.3452493566496924, 0.23634429037891144, 0.22207113113125276], [0.18522605669032097, 0.31765986551933373, 0.2583172937839726, 0.23879678390638254], [0.18453706116771004, 0.23324193534035395, 0.31943205880692305, 0.26278894458499746], [0.17572371073369278, 0.23272545458633978, 0.36896283818435727, 0.22258799639560642], [0.21702171035204904, 0.23189980522189582, 0.30233538974486124, 0.24874309458118027], [0.2372612687209568, 0.24957280859711986, 0.22819047046825228, 0.28497545211366987], [0.1992662876919857, 0.3240089388752131, 0.25318980204854047, 0.2235349712842701], [0.19181773540632271, 0.3137541570377029, 0.23536641059014607, 0.25906169686583863], [0.22917603102445439, 0.24490401872370265, 0.2829743311090805, 0.24294561904277315], [0.21738561780746526, 0.24484232240404186, 0.272054079044781, 0.2657179806436986], [0.1378870535583562, 0.2666982582065426, 0.3069798305087003, 0.28843485762638477], [0.14531830663692732, 0.25201349404193585, 0.2900935936628541, 0.3125746055582788], [0.14898223764954982, 0.2893747865029443, 0.30108181019144437, 0.2605611655560573], [0.14997882507307356, 0.293073717278937, 0.3399478305151979, 0.21699962703277575], [0.15118126464667564, 0.3548151841651738, 0.24528712496793012, 0.24871642612021672], [0.14298566364554463, 0.3342646259425611, 0.322774193566099, 0.19997551674580488]], "ideal": "D", "sampled": "C", "correct": false}}
{"type": "result", "data": {"idx": 12, "options": ["0", "1", "2", "4"], "probs": [[0.22759160204183143, 0.29910035569995874, 0.22535508170200336, 0.24795296045621557], [0.2117469366902325, 0.2749626890262537, 0.2593245773700051, 0.2539657968135049], [0.20784051124651814, 0.20976838562876535, 0.3814145350963438, 0.2009765679283685], [0.2155300746763458, 0.23113235632876472, 0.22977798415121667, 0.3235595847436702], [0.20344332517823238, 0.2542075634496954, 0.2983941178633598, 0.24395499340870855], [0.20759357133462403, 0.26446295127030733, 0.22709264413233984, 0.30085083316272654], [0.2253064987419134, 0.3614002591033302, 0.21915625769322936, 0.19413698436152615], [0.22411168914521784, 0.3580254383193053, 0.1989141092275425, 0.2189487632079211], [0.2052771231569515, 0.18754977551634341, 0.41364546313896905, 0.19352763808773218], [0.22917692861171687, 0.20144203630235266, 0.21363386511955862, 0.3557471698663836], [0.20488372147802109, 0.19240863336276512, 0.36232420277902877, 0.24038344228019348], [0.2247826743341891, 0.20986450005822124, 0.2369505383751037, 0.32840228713249775], [0.16571846085787598, 0.34382202104201814, 0.30816260072678986, 0.18229691727331332], [0.16937977538156415, 0.3521229625702061, 0.20743776463841468, 0.27105949730981377], [0.17988191849326637, 0.28350954156393, 0.36627751232437467, 0.17033102751842494], [0.1897683394156645, 0.29278709668877, 0.19657050783564917, 0.320874055959915], [0.16339226925139033, 0.1843740317385613, 0.37164866468607005, 0.28058503422397424], [0.17853354246942787, 0.18706002103298772, 0.3264726872151025, 0.3079337491824794], [0.18026830533200577, 0.30112690676227494, 0.2779168689268151, 0.24068791887888957], [0.1775595984474307, 0.29840384103233564, 0.24638347699923915, 0.27765308342099343], [0.1820531675259903, 0.2546652035060378, 0.31691367002696097, 0.24636795884101906], [0.19098847873981223, 0.26617195002026806, 0.21805742283752078, 0.3247821483023977], [0.18463759950587524, 0.2112327978962226, 0.3108463983166203, 0.2932832041812786], [0.19171953897529698, 0.20976763751284017, 0.28056644815555154, 0.31794637525630937]], "ideal": "D", "sampled": "A", "correct": false}}
{"type": "result", "data": {"idx": 13, "options": ["92", "93", "94.5", "95"], "probs": [[0.05870334991410518, 0.16177453704437025, 0.5610997346100679, 0.21842237833145747], [0.062486119798714115, 0.19974123678631597, 0.1883792354597217, 0.5493934078552499], [0.06759183418810132, 0.4710211380506954, 0.2856890990032703, 0.17569792865793515], [0.08455339612826349, 0.4817051515850422, 0.25196134676895465, 0.18178010541775427], [0.04937059388102214, 0.19819147902999945, 0.26497299323442225, 0.4874649337545412], [0.06936278430404913, 0.24261661120266034, 0.4478434054710838, 0.24017719892220046], [0.09223062580653031, 0.14123400235506295, 0.5341242368284227, 0.23241113491000845], [0.08454721672170896, 0.1629787341662001, 0.19239049361055363, 0.5600835554015495], [0.10875528248180714, 0.5216248900179171, 0.20513725373364325, 0.16448257366662197], [0.12498217104674879, 0.4961668596434599, 0.2607825827393967, 0.11806838647039627], [0.07882922462007459, 0.2414087851427889, 0.17766306794010012, 0.5020989221970248], [0.0977363496486616, 0.24562309816175593, 0.4983007677708069, 0.15833978431878648], [0.4009343210037204, 0.17690980312978385, 0.2407403930516081, 0.1814154827148959], [0.3838415287174549, 0.17202669141735202, 0.2374437352418168, 0.20668804452338516], [0.4021084066809699, 0.2526874277606087, 0.1749191323754821, 0.17028503308296078], [0.36304873508829244, 0.23340128501232424, 0.26976106734235084, 0.13378891245705232], [0.37041247833884794, 0.24820156145286792, 0.17604016561598992, 0.20534579449230322], [0.37256912792587255, 0.25561552868890686, 0.22679597427034281, 0.1450193690148983], [0.08557959721933717, 0.18286607133153943, 0.21544848876662678, 0.516105842582515], [0.11482465476642914, 0.18739509003016896, 0.4223687667534175, 0.2754114883499966], [0.10337424703385781, 0.28084645674814046, 0.17375533570155413, 0.4420239604164367], [0.11912998306659904, 0.2828008046394857, 0.4271136149879221, 0.17095559720598064], [0.1344149057152668, 0.42283821038022, 0.20690295266766298, 0.23584393113687202], [0.1516685825070443, 0.4168363020481523, 0.25835414842977156, 0.17314096691502856]], "ideal": "B", "sampled": "C", "correct": false}}
{"type": "result", "data": {"idx": 14, "options": ["R <= T <= M <= L", "L <= T <= M <= R", "R <= M <= T <= L", "L <= M <= T <= R"], "probs": [[0.2031917673229931, 0.28155391189518797, 0.25126562538837466, 0.2639886952934458], [0.20328927828974985, 0.2734634015770035, 0.2746728501990653, 0.24857446983419523], [0.18489595378008278, 0.322616248677142, 0.19183332099440348, 0.3006544764483599], [0.18568354505990017, 0.3195687229191583, 0.20030728034849143, 0.2944404515724751], [0.20800383080817503, 0.2421796830011489, 0.2926022182577547, 0.2572142678328986], [0.20196996473467874, 0.22832411731723018, 0.30376359656970797, 0.26594232127838396], [0.21518052715628821, 0.18402967478379506, 0.30209085744221303, 0.2986989405176915], [0.22916945035182995, 0.18264261811237573, 0.33741909165239825, 0.25076883978340775], [0.20404317895909418, 0.15885813705093926, 0.3469829341892115, 0.2901157497007546], [0.2129582629277279, 0.15458516271385897, 0.4016808189888079, 0.23077575526960353], [0.21371732346899255, 0.35021135073213877, 0.14176948070852136, 0.2943018449903367], [0.21540122005565543, 0.35041340871454185, 0.14382758583694671, 0.2903577852928575], [0.18059929258761856, 0.31207687362468106, 0.19034433749749916, 0.316979496190202], [0.1826766873765349, 0.32306500955174206, 0.21024491519416721, 0.28401338777755664], [0.20157879572212511, 0.22927247284843352, 0.2956686189005148, 0.27348011242894016], [0.20819887004968618, 0.23491779795447998, 0.3237850533727555, 0.2330982785230801], [0.2099330768951575, 0.3035659624577339, 0.22174719158617012, 0.26475376896092845], [0.20990877898426347, 0.3047509099175295, 0.2507767645039764, 0.23456354649423292], [0.21683841633116863, 0.1615241686151051, 0.36598408010278344, 0.25565333485095443], [0.20462900217928554, 0.15322312550727563, 0.3591480170638218, 0.28299985514962894], [0.21847966151553452, 0.340443195808336, 0.1418912462244198, 0.29918589635169873], [0.2152781163385396, 0.3379594567950454, 0.15200726877865967, 0.29475515798775687], [0.2226573841262001, 0.19723946154906505, 0.2781916426294846, 0.301911511595227], [0.23505871749362792, 0.18852434830620385, 0.32818086170977034, 0.24823607239039772]], "ideal": "D", "sampled": "D", "correct": true}}
{"type": "result", "data": {"idx": 15, "options": ["16", "2\\sqrt{2}", "5", "5+2\\sqrt{13}"], "probs": [[0.2057947131581766, 0.26009146105867564, 0.28231316399427425, 0.2518006616888616], [0.21150473147998125, 0.23100329040640222, 0.21488295742525076, 0.3426090205883671], [0.21233562775739204, 0.26930603859143737, 0.2636874814946754, 0.25467085205650714], [0.22686494257335588, 0.2925006807225609, 0.26832545422638104, 0.21230892237771423], [0.23437042306840938, 0.2622882737301762, 0.22614154085265717, 0.2771997622487487], [0.2295793918382256, 0.2661652934018973, 0.305964354686549, 0.19829095997332835], [0.2154124781855547, 0.2187964058253242, 0.28642721539700816, 0.2793639004921131], [0.22258789002947132, 0.2002146686693727, 0.26588213065253286, 0.3113153105486358], [0.21575548094600794, 0.24403754601970803, 0.29664751624501345, 0.24355945668928294], [0.20498507346970676, 0.22594332697210995, 0.31247817124799404, 0.2565934282102131], [0.24154655077879425, 0.2410132742520507, 0.2900902713430003, 0.2273499035261559], [0.23568578603728485, 0.23564173868000254, 0.31109045100846555, 0.21758202417424813], [0.1882056179920614, 0.2566746114786812, 0.2933029322083258, 0.2618168382209174], [0.21040694204117844, 0.2920488558113273, 0.2734873486288376, 0.22405685341865564], [0.20037347579504286, 0.2915224100692996, 0.2868849234584177, 0.2212191905772513], [0.19502444158870802, 0.2849632894287734, 0.23795939435670557, 0.28205287452581373], [0.19805347668602105, 0.2841994454227066, 0.32326335156267866, 0.19448372622860458], [0.21614989223352238, 0.31987975867959945, 0.21073296664078187, 0.25323738234609855], [0.30203089375291803, 0.23656142718244114, 0.19383353046178603, 0.26757414850288225], [0.29355992758260796, 0.24565536478317138, 0.2793454726025001, 0.1814392349317214], [0.30649956427300573, 0.17386894776699938, 0.2725066665440524, 0.2471248213159456], [0.30800394472779313, 0.18609972125643903, 0.2945192438425367, 0.21137709007322197], [0.2715834224547916, 0.2725140887125571, 0.2839862460904477, 0.17191624264220362], [0.3189203182501651, 0.28981121026070805, 0.18934138440716028, 0.20192708698198222]], "ideal": "D", "sampled": "D", "correct": true}}
{"type": "result", "data": {"idx": 16, "options": ["8", "3", "6", "9"], "probs": [[0.2067359915487568, 0.22087841476383363, 0.2932660945856946, 0.27911949900171396], [0.21721130480341116, 0.21340494651013592, 0.3159369164647745, 0.2534468321216892], [0.21638050592183738, 0.26153277700761857, 0.2534658651338003, 0.2686208518367428], [0.21436014682269344, 0.25402522228042784, 0.30164403708890725, 0.22997059370794398], [0.21235319107346842, 0.2847293465891973, 0.23600557466765407, 0.26691188756968043], [0.21757772054679475, 0.288113098306988, 0.25587575291160614, 0.23843342813462143], [0.16733875990473077, 0.3236346931674612, 0.2549937786553122, 0.25403276817247056], [0.1651015029626373, 0.3176954255838336, 0.2937572189543411, 0.22344585239918635], [0.16290140426875288, 0.2603134158293709, 0.2898487793152685, 0.2869364004866065], [0.1657932324440109, 0.26708422823826544, 0.30320473468367415, 0.2639178045340725], [0.15997259813002018, 0.35774088364123324, 0.24064856297304862, 0.24163795515569642], [0.16180297721324705, 0.371658890150534, 0.21305621134776134, 0.25348192118845553], [0.20893365932759836, 0.27569488325821684, 0.24284308628592802, 0.2725283710282563], [0.20148824787016328, 0.27276499801316856, 0.30010475788681124, 0.22564199612985425], [0.20605286155126387, 0.22410771896854415, 0.2860114755562764, 0.28382794382388943], [0.19782318632398985, 0.21977943963924448, 0.31622033141984757, 0.2661770425169157], [0.20341707717679022, 0.2856720472646404, 0.2822451839680365, 0.22866569149054294], [0.20761617188849887, 0.29624168454017996, 0.228465604336116, 0.2676765391351919], [0.22975740291219277, 0.2548774131019891, 0.25242605106990323, 0.2629391328159391], [0.23225569756005088, 0.25957924160760204, 0.2566397148194941, 0.25152534591285075], [0.23613505529408704, 0.21206234943126315, 0.28590533890685116, 0.2658972562678103], [0.22685523539314423, 0.21523553976944615, 0.2683265970480904, 0.2895826276893304], [0.23235071812285765, 0.24624191645880883, 0.2890808442553857, 0.2323265210629578], [0.2366797125459992, 0.2603424856280196, 0.23847713570675425, 0.2645006660192145]], "ideal": "A", "sampled": "D", "correct": false}}
{"type": "result", "data": {"idx": 17, "options": ["-2", "-4", "-1", "1"], "probs": [[0.15507492296792663, 0.24818837565072074, 0.30763134619674537, 0.2891053550846228], [0.15950907517357024, 0.24751636993758744, 0.3025774315249136, 0.29039712326392053], [0.1663293212909948, 0.3093826472337229, 0.22074253168213243, 0.3035454996931549], [0.16214150470980115, 0.2839210767124938, 0.3425038247197762, 0.21143359375795814], [0.1665941522012115, 0.29159350393993905, 0.23432139557778542, 0.3074909481810566], [0.16706544339553894, 0.2925366563588603, 0.32305094484924823, 0.21734695529635709], [0.1812253781589529, 0.2805703379009043, 0.25858846670505575, 0.27961581713509204], [0.1803922795687155, 0.2754766692350805, 0.2727840202826318, 0.27134703081356515], [0.18269215294001034, 0.26420980354572215, 0.27690052011246985, 0.2761975233018033], [0.1813710190449608, 0.2473929540844321, 0.30721647895995324, 0.26401954781064707], [0.19734461735666703, 0.27446541024700305, 0.2524819337663692, 0.2757080385299663], [0.1883082259881135, 0.2617686718094503, 0.2749460844645329, 0.2749770176379086], [0.1664703802492331, 0.2737672211312317, 0.26594713992744456, 0.29381525859208135], [0.15863755394254925, 0.24797541215238852, 0.3594347294174237, 0.23395230438764164], [0.15153638720297388, 0.2531925515230626, 0.3144665733133491, 0.28080448786063056], [0.15324389792208024, 0.23585901404799017, 0.32301171299818887, 0.2878853749317565], [0.16608687161017796, 0.33282424691065066, 0.26640307575793454, 0.2346858056212401], [0.16205625236452803, 0.3254972412525906, 0.2142712437161024, 0.2981752625667832], [0.1851517330518342, 0.22859026012367412, 0.2457987040115234, 0.3404593027129597], [0.1787840172620273, 0.21513535387025068, 0.36602512711005103, 0.2400555016576749], [0.1851322081107623, 0.23027099745206844, 0.2883758323755555, 0.2962209619616188], [0.17780637721244166, 0.2195278499448414, 0.3066885586671924, 0.2959772140755298], [0.20403416820989184, 0.28273289820154945, 0.25977729920349213, 0.2534556342850826], [0.18442089785416266, 0.26814926374740283, 0.22455333360653956, 0.3228765046918867]], "ideal": "B", "sampled": "D", "correct": false}}
