{"type": "result", "data": {"idx": 0, "options": ["a force that works through matter", "essentially a philosophical notion", "merely a property of a certain kind of matter", "a supernatural phenomenon"], "probs": [[0.043630639304018386, 0.005948901106166307, 0.9318440614963346, 0.018576397993478762], [0.12602578104014026, 0.014155414932816909, 0.0178914884026738, 0.8419273155243676], [0.02914251885557534, 0.9395314307613208, 0.014187441364263274, 0.017138608918849847], [0.03016148912270646, 0.9345264555528959, 0.010363225986725838, 0.024948829237694693], [0.157560120631824, 0.008944120217925063, 0.035360236813220425, 0.7981355222370102], [0.0312586760515628, 0.003234293148856786, 0.947240231639795, 0.018266799059808613], [0.03202116019645813, 0.020315770151050728, 0.9286939171542493, 0.018969152398261743], [0.05715343445691076, 0.13640056701993658, 0.01579953719001596, 0.7906464612331362], [0.02788557436252819, 0.9183289544408574, 0.03288544946351931, 0.02090002163307367], [0.023710435296288385, 0.9303023036060775, 0.011830482771750419, 0.034156778225887974], [0.04295774223518449, 0.005230551412103127, 0.2593331541397363, 0.6924785521129783], [0.017727790170304777, 0.0031376350718566254, 0.954433738831939, 0.024700835825884764], [0.9497836971022098, 0.02493392560121415, 0.008388404516958102, 0.016893972679634283], [0.9350892405653649, 0.030916905844003393, 0.00745704227275133, 0.026536811217902443], [0.9396052349748282, 0.00729219844709665, 0.03394867080543896, 0.019153895672648667], [0.9398390866601707, 0.0077517064602141, 0.010215904028808061, 0.04219330275079177], [0.9320717629071235, 0.006718377091901883, 0.03765360126740626, 0.023556258633551787], [0.9445477284396768, 0.006204177783854029, 0.010939159921776038, 0.03830893375469715], [0.04252397997609178, 0.13332920919307886, 0.02530467732357428, 0.7988421334072675], [0.01674507642892402, 0.011739593049946383, 0.944365361157245, 0.027149969263899953], [0.03434399287155748, 0.007351360087297712, 0.24148154070173403, 0.7168231062394227], [0.019254231975500066, 0.003786451209686831, 0.9476028739263754, 0.0293564427884217], [0.014574911862747902, 0.929834734526326, 0.03042144433028337, 0.025168909180646213], [0.015094616069888142, 0.9450713078377051, 0.012221364255124635, 0.027612711737275603]], "ideal": "C", "sampled": "C", "correct": true}}
{"type": "result", "data": {"idx": 1, "options": ["In ancient Rome, religious worship was decentralized and tended to vary with one's social position.", "In ancient Rome, religious worship was the source of much social tension and turmoil.", "In ancient Rome, religious worship was homogeneous and highly centralized.", "In ancient Rome, religious worship was revolutionized by the introduction of Christianity."], "probs": [[0.2691219102548401, 0.1492213917906971, 0.4908106418205958, 0.09084605603387516], [0.11212076573397481, 0.06491889660421955, 0.03657803125187266, 0.7863823063099187], [0.45797988852021315, 0.25697505603048343, 0.18904939893075237, 0.09599565641853865], [0.3868616575486532, 0.23325200563027093, 0.12077047186490145, 0.2591158648561706], [0.1281015308087445, 0.015284374403746985, 0.3936344043431633, 0.4629796903443482], [0.11591582664211493, 0.01988405251549856, 0.7996525127811815, 0.06454760796118664], [0.11899669940314576, 0.6172785821463486, 0.19620222042374408, 0.06752249792676944], [0.08321983335711688, 0.37800716303596754, 0.06019493544382935, 0.4785780680630925], [0.03581674265143248, 0.01872027344530729, 0.9006436978226128, 0.044819285980640465], [0.013498831014871357, 0.006682615582725667, 0.00979517610848179, 0.9700233771939019], [0.030692782882883136, 0.005157299789008837, 0.8992379691960053, 0.06491194803209449], [0.014056386142617514, 0.0033269242585476045, 0.01800102809696268, 0.964615661401857], [0.026618480918149015, 0.7269043340509, 0.14485343500853484, 0.1016237499223885], [0.020017706985975204, 0.6964954064500956, 0.07711690128369816, 0.20636998518021968], [0.02959794555323087, 0.043898647052919994, 0.8608785592669093, 0.06562484802695658], [0.011099294585559668, 0.010673494408785504, 0.013303513809728497, 0.96492369709593], [0.005710553755206925, 0.0037174856325117712, 0.9610091297935671, 0.029562830718731677], [0.014269645351024578, 0.008163552904453742, 0.0417681641305444, 0.9357986375139643], [0.018339480986573842, 0.4286184699140984, 0.23945989810607474, 0.3135821508932428], [0.02065750740488517, 0.5758027841977953, 0.26251004021577856, 0.14102966808154258], [0.014271756420141841, 0.023990520742085707, 0.8747855939286338, 0.08695212880913147], [0.005952488473675492, 0.011790156343824599, 0.02248904002536961, 0.9597683150571111], [0.005368852179963496, 0.009011514331000541, 0.9236708896206685, 0.06194874376835487], [0.0067767908335303354, 0.011110403022914769, 0.02871687247569779, 0.9533959335678407]], "ideal": "A", "sampled": "A", "correct": true}}
{"type": "result", "data": {"idx": 2, "options": ["Many were accomplished scientists, who added important pieces to human understanding of the universe.", "They utilized new methods of communicating their ideas, such as salons and inexpensive printed pamphlets.", "Most rejected religion altogether and adopted atheism as the only credo of a rational man.", "Many believed that the new scientific discoveries justified a more tolerant and objective approach to social and cultural issues."], "probs": [[0.02032084834501291, 0.08530156815737691, 0.1412775182359955, 0.7531000651616061], [0.012835767808705427, 0.035760286361535665, 0.878248504979366, 0.07315544075037274], [0.014279402338528244, 0.025168215395195172, 0.22278419499495233, 0.7377681871713407], [0.012169342540265879, 0.019207428892519984, 0.7838757119577651, 0.18474751650944185], [0.01209169548536334, 0.4895581716794434, 0.37235218881640625, 0.1259979439187954], [0.012733326902622091, 0.4981506226062757, 0.14407631208862753, 0.34503973830247336], [0.06972709850857385, 0.04179694184496043, 0.10610748572510935, 0.7823684738213512], [0.03572798500329378, 0.018111554943099916, 0.8904684792652694, 0.05569198068831506], [0.09768837258784877, 0.02812084601228304, 0.07863604445072744, 0.7955547368491338], [0.08934232720750448, 0.019592930977147763, 0.8094190135049559, 0.08164572821036507], [0.07034172857035226, 0.6983935747779365, 0.11312952333281853, 0.11813517321888806], [0.07883182264337574, 0.7038092078028632, 0.08987558369072664, 0.12748338576302445], [0.01217165828540142, 0.026752275088398822, 0.30832219903498176, 0.6527538674912436], [0.00756718731294291, 0.016370036960327627, 0.8332998687612946, 0.14276290686541573], [0.01781152650860191, 0.06690326296275369, 0.09454490042904488, 0.820740309999619], [0.01606301088161672, 0.05670141318828037, 0.8215393892311927, 0.10569618659889474], [0.0121854494293002, 0.4276625649235345, 0.14324799294417018, 0.4169039926029741], [0.013189879999494064, 0.3958033808785004, 0.45389728411201935, 0.13710945490999502], [0.37553256938578095, 0.025952584429382614, 0.5166543699991338, 0.08186047608570919], [0.3561627477385938, 0.03577250014762599, 0.08471129915942777, 0.523353452854382], [0.4424526272709271, 0.3137899029667008, 0.1086026592631861, 0.13515481039918958], [0.359192467861364, 0.4224437253958885, 0.06831396396397904, 0.15004984267877186], [0.3262649975239356, 0.03526766250037887, 0.11392807848086081, 0.5245392613948149], [0.2829938222832353, 0.028455439607645364, 0.5781817431360126, 0.11036899487311407]], "ideal": "D", "sampled": "D", "correct": true}}
{"type": "result", "data": {"idx": 3, "options": ["The duke, as a member of the French nobility, is sympathetic to King Louis.", "The duke, as a member of the French nobility, is biased against the king because of his suppression of the nobility.", "The duke, as a member of the French nobility, supported the extension of the administrative, financial, military, and religious control of the central state over the French population.", "The duke, as a member of the French nobility, supported King Louis's preservation of the aristocracy's social position and legal privileges, while he removed their power."], "probs": [[0.038789343777446715, 0.2904481252571989, 0.3190058769643376, 0.35175665390099087], [0.04121441276750444, 0.2242697820816901, 0.5761676185813884, 0.1583481864694392], [0.03850633677018236, 0.31993329294220024, 0.3338382993892906, 0.3077220707983198], [0.03926541541624703, 0.15568527661583567, 0.6695140008395593, 0.13553530702836714], [0.031357478096043674, 0.5239895393096627, 0.33964615510228874, 0.10500682739201375], [0.029540919849959917, 0.5947862787080566, 0.2671254658757666, 0.10854733546622597], [0.05681695932280582, 0.12955920046399283, 0.3821412625755861, 0.431482577537622], [0.053017946523483454, 0.09393491850893675, 0.6750920021910027, 0.17795513267655647], [0.06044386638659421, 0.2466217879011811, 0.2783444600214172, 0.41458988559082244], [0.05383627448016627, 0.13410020770077577, 0.5597531631220071, 0.2523103545970403], [0.05890749108823256, 0.33169305288913264, 0.3700245943323614, 0.23937486159025279], [0.05291653629383074, 0.28940342994337553, 0.3602078337951462, 0.297472199867642], [0.18606200340653106, 0.059253973442224495, 0.49123534797350665, 0.2634486750777548], [0.15555077462652184, 0.05629831548718269, 0.6611776084527646, 0.12697330133354554], [0.3272669742309704, 0.13019371029309335, 0.19696846769772386, 0.3455708476782016], [0.16157891318411524, 0.09301172537809349, 0.468434260816297, 0.27697510052147883], [0.14251527786974483, 0.39660201234144205, 0.09970346410168768, 0.36117924558711845], [0.18853464461258654, 0.2920646537777846, 0.29595778111430726, 0.22344292039532795], [0.1890390987709649, 0.04254119005967843, 0.6598582434545424, 0.10856146761480931], [0.29159407218663763, 0.06333291887055244, 0.45079952935810097, 0.19427347948470763], [0.46353543664341534, 0.15413155325213573, 0.16118968178599322, 0.22114332821844493], [0.2630363137159967, 0.1574215237551309, 0.2578963832877077, 0.32164577914115694], [0.1986118424425395, 0.16626499862687358, 0.08343365350143117, 0.5516895053291848], [0.2837626991923545, 0.16985369766494385, 0.31109849932501266, 0.23528510371769368]], "ideal": "B", "sampled": "D", "correct": false}}
{"type": "result", "data": {"idx": 4, "options": ["that the lyrics from the popular song Deutschland \u00fcber alles (which eventually became the German national anthem) were the reason Germany started the war", "that the lyrics from the popular song Deutschland \u00fcber alles (which eventually became the German national anthem) were evidence of Germany's aggressive attitude", "that the reason Germany lost the war was that it was betrayed from within", "that Germany provided the ultimate framework for modern warfare"], "probs": [[0.07120445535002883, 0.7395104126212847, 0.09751194068961706, 0.0917731912390474], [0.06201778871064021, 0.7577498398141088, 0.06152275386785269, 0.11870961750741872], [0.0717423355724517, 0.07772325792460004, 0.738928673737102, 0.11160573266583505], [0.0894361838978065, 0.4175348311929686, 0.08356760578855564, 0.4094613790206729], [0.06360698279635751, 0.03119384275717601, 0.7851362064354962, 0.12006296791098288], [0.0966951593886715, 0.08906373536831075, 0.3620713946574039, 0.45216971048562316], [0.4385874735809037, 0.09842035306989183, 0.32843844897042385, 0.1345537242787743], [0.5343408436073014, 0.12724638448786096, 0.10849237376745337, 0.22992039803737316], [0.41856078292147003, 0.34896419499326914, 0.1085446526213527, 0.12393036936390366], [0.45096879378398785, 0.3345102439584764, 0.05557759042512334, 0.15894337173242276], [0.45024807715404774, 0.1314969477743013, 0.17347792263768524, 0.24477705233397423], [0.4518007409137335, 0.07797570580567514, 0.2686274435897538, 0.201596109590826], [0.13966507448541024, 0.02040575859625002, 0.76954866957642, 0.07038049724192798], [0.37114772534122065, 0.061661486357774194, 0.1281891732111049, 0.43900161498990475], [0.2904197672982182, 0.49409613787272355, 0.10307018235768968, 0.11241391237134445], [0.27107327999700137, 0.49083568279201306, 0.07301578085236658, 0.165075256258613], [0.4045760026009352, 0.033151688217505734, 0.11084706497559187, 0.4514252441059782], [0.23658554389052944, 0.01904752255732851, 0.5971485212352028, 0.14721841221695414], [0.06073304905817482, 0.0335405064345346, 0.8006884528162143, 0.10503799159109775], [0.08919356310599458, 0.0642844523893795, 0.3967667280821078, 0.44975525632252017], [0.10010948716189871, 0.5483265601552546, 0.15649150704082912, 0.19507244554203437], [0.09431588780806255, 0.4153062313875791, 0.26050536908418936, 0.2298725116201793], [0.09072393233191663, 0.30255546727499155, 0.10078671257323937, 0.5059338877198498], [0.07553347652729929, 0.13200670826584177, 0.5602083066495784, 0.23225150845726433]], "ideal": "B", "sampled": "B", "correct": true}}
{"type": "result", "data": {"idx": 5, "options": ["the Russian interest in French culture", "the spirit of camaraderie amongst the miners", "the sense of continual class struggle", "the need for noblesse oblige"], "probs": [[0.03575761322312209, 0.023607070403788205, 0.9056132721563742, 0.035022044116692734], [0.07667975307683911, 0.16873391140752866, 0.1539503319926091, 0.600636003423029], [0.051208593088705325, 0.8064018505282474, 0.09940262611730649, 0.042986930165725086], [0.042009002222844344, 0.8633379257659, 0.04902079339569818, 0.04563227851556656], [0.08033204084225135, 0.08008692913140684, 0.25219492081675343, 0.5873861091096056], [0.04748145346538069, 0.024964910678993788, 0.8728702200195847, 0.05468341573601937], [0.04557461270715719, 0.006528367924649186, 0.9165495773860379, 0.031347441882167655], [0.2205354368564474, 0.025114758442615317, 0.22052399141389262, 0.5338258131870329], [0.0597601072849507, 0.8586889387326259, 0.03041117855174527, 0.051139775330658], [0.07808482387723854, 0.8374008924385595, 0.05286318171908667, 0.031651101865129636], [0.16472846670422664, 0.08566398873139616, 0.03315361202649708, 0.7164539324378716], [0.07088238033446383, 0.025691412536366542, 0.8741364327249782, 0.029289774304192245], [0.7945743758824116, 0.014889788918379143, 0.15824075193341758, 0.03229508316579596], [0.8756823075473802, 0.011639634635938697, 0.07412365672341302, 0.03855440099326721], [0.8663606801642383, 0.07473970620909054, 0.01830268194186599, 0.040596931584809114], [0.8784599634235308, 0.05971507300527417, 0.0412074051369233, 0.020617558334288407], [0.8874808967296506, 0.03463153399699559, 0.015427698751871817, 0.062459870421470845], [0.8380234809622332, 0.036061178287569016, 0.10164808850647616, 0.024267252143726555], [0.11122595307879739, 0.016653523940215315, 0.31105846601236126, 0.5610620568686343], [0.04361874480872032, 0.006368043181700771, 0.9121053069153874, 0.03790790499420931], [0.1231317386748348, 0.13259256383931065, 0.03087431503158554, 0.7134013823542783], [0.05808244973876287, 0.028434271272936646, 0.8832524607256417, 0.030230818162678526], [0.05941056961098496, 0.8316474827399485, 0.0280539646972695, 0.08088798285179868], [0.09426146583968599, 0.727072101032921, 0.13221212940707455, 0.04645430362033082]], "ideal": "C", "sampled": "C", "correct": true}}
{"type": "result", "data": {"idx": 6, "options": ["the size of landed estates", "the number of estates owned by an individual", "the monetary value of goods", "the amount of gold held"], "probs": [[0.03287747801265221, 0.013526415023038514, 0.9214834472983949, 0.032112659565918085], [0.0530470614859903, 0.02288166375463977, 0.014460434847365452, 0.9096108398120202], [0.04270277124884381, 0.8373866307687021, 0.06335793773805706, 0.056552660144413125], [0.03287635016746609, 0.8633076931290903, 0.019946989045261376, 0.08386896755819394], [0.06568678780994847, 0.00818400680056282, 0.052101785893725, 0.874027419395774], [0.027980131105471272, 0.005265537635881655, 0.9273755982055654, 0.03937873295308392], [0.03339845093130051, 0.014702363842560776, 0.9234935141158783, 0.02840567101025803], [0.04923185549353056, 0.02079104244096588, 0.013544785250662264, 0.9164323167148586], [0.04671242562846432, 0.8512389712900559, 0.05024577000469775, 0.05180283297677747], [0.03777276462898405, 0.8591732633985423, 0.019953055069795562, 0.08310091680265966], [0.07441803275648314, 0.009214231660001114, 0.12287946764590879, 0.793488267837614], [0.02948008213590469, 0.0055104779012647345, 0.9201611683169443, 0.04484827154587603], [0.6383500438886764, 0.04903517565822418, 0.26862548585155316, 0.04398929450153926], [0.7419228328341179, 0.04913234307680195, 0.015044588623062438, 0.19390023536600737], [0.6296548260301172, 0.08403248219210181, 0.23581395770739047, 0.050498733970367506], [0.6720816914673617, 0.11113571738291089, 0.019462960422010133, 0.19731963062770577], [0.41171624003311974, 0.010658848884977859, 0.49667362847104574, 0.08095128251085622], [0.6334049424736742, 0.012651310301734607, 0.22501636654668997, 0.1289273805779065], [0.02179445324850233, 0.05598132608377675, 0.1253714144057996, 0.7968528061619365], [0.011693870867016338, 0.013412702280822008, 0.9161318984941174, 0.05876152825804706], [0.02334232401829999, 0.04891263751938928, 0.26154989351929475, 0.6661951448430014], [0.014772795695588106, 0.017651891325534904, 0.8777513804985657, 0.08982393238029009], [0.019220145598937793, 0.6212058968346923, 0.18839227255909283, 0.17118168490727476], [0.023893279302312078, 0.640308851585318, 0.15971568440415304, 0.17608218460820546]], "ideal": "C", "sampled": "C", "correct": true}}
{"type": "result", "data": {"idx": 7, "options": ["De las Casas was exaggerating to support the start of African slavery.", "Columbus was biased in favor of himself in his writings.", "Columbus's men were nicer to the natives than were later expeditions.", "De las Casas wanted the Spanish to leave the Americas."], "probs": [[0.04515685376317084, 0.04695755172789753, 0.4637093173691289, 0.44417627703981033], [0.0450238692294941, 0.05216616709408148, 0.5698046234369591, 0.3330053401394929], [0.051577303806572126, 0.1093745501157726, 0.23385929895547725, 0.6051888470221681], [0.06177605739707539, 0.15962436527503945, 0.5070104108935674, 0.2715891663343117], [0.059474422552698705, 0.13981981362007692, 0.2830212283757419, 0.5176845353514863], [0.052102532877771515, 0.11158329656992057, 0.5925389528574345, 0.24377521759485707], [0.06887771674853499, 0.05468206208045693, 0.3685032022957086, 0.507937018775301], [0.0797557810615329, 0.06296386665870807, 0.5387857048511598, 0.31849464732858374], [0.06657237593480288, 0.07292346675790824, 0.3221768494485147, 0.5383273077587529], [0.06699532661612095, 0.07035342410481882, 0.5866555178594544, 0.275995731319589], [0.07334359093465155, 0.22984207016194716, 0.301389427042074, 0.39542491176131134], [0.07191855419120878, 0.22024901524683096, 0.4097019133646749, 0.2981305170972987], [0.08799781014691224, 0.07200108585417592, 0.14251555022883197, 0.6974855536700704], [0.11569528233778602, 0.08169210318288572, 0.5244888875544423, 0.2781237268248982], [0.08143833347893661, 0.051344663281997785, 0.3515808708114333, 0.5156361323276549], [0.07003647255417708, 0.045736551185517185, 0.6436893265736671, 0.24053764958664062], [0.12664433065023867, 0.2315385072302441, 0.3157775331801966, 0.3260396288393146], [0.11063387402759509, 0.27277704688148074, 0.254695727466295, 0.3618933515246314], [0.14981987625671175, 0.08688170263166928, 0.27299511256031433, 0.4903033084513154], [0.12062544782931475, 0.07231953798828641, 0.5466584019966033, 0.26039661208577347], [0.09911346475625066, 0.06681285769015033, 0.394201201699725, 0.43987247575385996], [0.10360296012700096, 0.06746429968472474, 0.5591256012514226, 0.26980713883686763], [0.11234488706349943, 0.2617883200562996, 0.3406472255523869, 0.28521956722782266], [0.13447725888143716, 0.21996471058127828, 0.3167953955706546, 0.32876263486661]], "ideal": "B", "sampled": "D", "correct": false}}
{"type": "result", "data": {"idx": 8, "options": ["the spread of revolutionary ideas among the British working class in the eighteenth century", "the rise of the Luddite movement in Britain in the eighteenth century", "the replacing of traditional laborers by machines in the industrialization of Britain in the eighteenth century", "an increase in the use of child labor in eighteenth-century Britain"], "probs": [[0.059974881628368414, 0.10760225474077846, 0.7380210735303706, 0.0944017900004739], [0.016065286522352697, 0.03554985052973627, 0.019879930634776083, 0.9285049322131176], [0.052808862091173414, 0.5180186959429234, 0.33053917073692074, 0.09863327112901595], [0.0525465259681774, 0.5792115868869321, 0.07570459712653199, 0.29253728991836186], [0.019378131980998775, 0.008974401923217305, 0.11400337415198745, 0.8576440918437875], [0.03786520331530631, 0.027929227951696424, 0.8004936186467493, 0.13371194998624378], [0.16269731498545, 0.060410791972467265, 0.7092889326425402, 0.06760296029952301], [0.0376456784446463, 0.018843014394069362, 0.01667071163296417, 0.9268405954283251], [0.10915003259942438, 0.7527721174268627, 0.0782913492495239, 0.059786500624168785], [0.11891939552648263, 0.7513094732154607, 0.04397241654838869, 0.08579871460964608], [0.05524530100179761, 0.01184724256270656, 0.05514842408122234, 0.8777590322542534], [0.10780952672716873, 0.02436838018085905, 0.8115107871702064, 0.05631130582179032], [0.35170969432095595, 0.02255728825425356, 0.566108070442764, 0.05962494688201847], [0.540624678482629, 0.026490722603372527, 0.06126466453189488, 0.37161993428211276], [0.47423617263587486, 0.32601380512855316, 0.09920504016896518, 0.10054498196661794], [0.46675050270756, 0.33169303351223084, 0.05917043046234842, 0.142386033217851], [0.5413340761100185, 0.03204513317092478, 0.06950337576329521, 0.3571174148557297], [0.4806965868155518, 0.029583587392204076, 0.42254836192365014, 0.06717146376857562], [0.022067773434372925, 0.014663420593734836, 0.1436287660037325, 0.81964003986814], [0.044054455194790176, 0.042436902043563006, 0.735386433445854, 0.17812220921580738], [0.026061365185261958, 0.03377185647098617, 0.06752511764722745, 0.8726416605965317], [0.05146623380210471, 0.07075714047499464, 0.7787698663757165, 0.09900675924720923], [0.039943552156610614, 0.5992841197382399, 0.09579758650254541, 0.26497474150260014], [0.04757076351298881, 0.556232863973449, 0.2656698532460463, 0.1305265191675246]], "ideal": "C", "sampled": "C", "correct": true}}
{"type": "result", "data": {"idx": 9, "options": ["Pride in the mastery of the military arts", "Chivalry", "Civic pride", "Patronage of the arts"], "probs": [[0.006341692247195704, 0.008064437763744816, 0.9387900731290492, 0.04680379675999345], [0.009310549275171864, 0.011271668600457531, 0.4184289555381682, 0.5609888264862202], [0.007840057953275349, 0.875129779943717, 0.02997611015978245, 0.08705405184322647], [0.011154637064987314, 0.8376405707215634, 0.1158213779578637, 0.03538341415557348], [0.013745269632758107, 0.11568860274212253, 0.032628766200020955, 0.8379373613251017], [0.01842680842017213, 0.03257834169425608, 0.9205740008227801, 0.028420848962788608], [0.00349489333245705, 0.004677359459282198, 0.9443954853296407, 0.04743226177863275], [0.0048177510317507395, 0.006157836695758222, 0.5435985961224427, 0.44542581605003545], [0.005708617143659427, 0.07764844447868807, 0.018281853553835156, 0.8983610847238354], [0.007441701033046722, 0.19032265405974788, 0.7455615934158356, 0.0566740513913898], [0.004938939933797011, 0.011145949819579896, 0.012608277549770244, 0.9713068325968496], [0.004705944188243532, 0.00763818321599522, 0.9623841494966588, 0.025271722999123104], [0.728965178564684, 0.01569399501430526, 0.01622185777136584, 0.2391189685496667], [0.6294662066833362, 0.02232015675023244, 0.32913660743199835, 0.019077029034440987], [0.7273300794447672, 0.010165774814396311, 0.011923960937993871, 0.2505801847028207], [0.7926995463471844, 0.01392170923585426, 0.16717001465333636, 0.026208729663615763], [0.8555971253725673, 0.1101524470270947, 0.014455021357351933, 0.01979540614298854], [0.8322782720991115, 0.13813699565233958, 0.009267326184025166, 0.020317405964511547], [0.09955811977952946, 0.026925211114641415, 0.03177131049492148, 0.8417453585109236], [0.06751815551392211, 0.026925414865704968, 0.8769430548073681, 0.028613374713021483], [0.08682995202058683, 0.013766576154330893, 0.01244956897280314, 0.8869539027522624], [0.05052135475804025, 0.007425865017143759, 0.9219522794112291, 0.02010050071359614], [0.13321873596823175, 0.8014267387376737, 0.03189914383669276, 0.03345538135740052], [0.1551738934385384, 0.7959606036187932, 0.015933319981910284, 0.032932182860770154]], "ideal": "C", "sampled": "C", "correct": true}}
{"type": "result", "data": {"idx": 10, "options": ["Utopian socialism", "Social conservatism", "Romanticism", "Social Darwinism"], "probs": [[0.00782375205973893, 0.004775307052522975, 0.0038662158183849927, 0.9835347249693464], [0.009421351951706746, 0.004956548087397791, 0.9724478375485792, 0.013174262312302903], [0.009616358298025837, 0.0019051646977662376, 0.007982976832601662, 0.9804955000716113], [0.008572551324810608, 0.001863196440262118, 0.9688831292672985, 0.020681122867631147], [0.017797233923325134, 0.9462192162364195, 0.02107460378422174, 0.014908945956053408], [0.014588338495825562, 0.954798313716525, 0.01124329986234982, 0.01937004782528988], [0.008205471740335384, 0.004901298939402674, 0.0048050290661660455, 0.9820882001540872], [0.010816800619667666, 0.005512917515435636, 0.9664532849741965, 0.017216996790699792], [0.008878059004384545, 0.0024094199159372413, 0.01092304938879654, 0.9777894715908635], [0.008082990991325336, 0.0024858226281928722, 0.9633813909249872, 0.026049795355508554], [0.02103603868654126, 0.933192435360641, 0.02556432860726685, 0.020207197245553424], [0.019798307349427783, 0.9360880265018566, 0.014766361733827388, 0.029347304314894015], [0.004827981082180881, 0.0030328440279945136, 0.006701201263537424, 0.9854379735262858], [0.005125728715427774, 0.0033806007174988187, 0.9638570242002594, 0.027636646266829754], [0.004011911201152415, 0.0032297855386742252, 0.010121254514243292, 0.9826370486459156], [0.004325299787412499, 0.0037495349737161976, 0.9645571721454378, 0.027367992993425894], [0.00789240934005683, 0.9443552510024945, 0.022663387919859317, 0.025088951637598663], [0.010464741545597497, 0.9390337135560448, 0.021916617149825936, 0.0285849276485356], [0.9708687656114089, 0.007555873474037233, 0.010693176854328083, 0.010882183960225342], [0.9742361946796331, 0.006795909460464698, 0.005667410138189711, 0.013300485621717388], [0.9654116145448448, 0.007864450732993607, 0.01340106457667446, 0.013322870045495743], [0.9661072125178736, 0.008148382844236777, 0.006816995662801664, 0.018927408875074707], [0.9683006030938979, 0.003129902578057385, 0.012965870842038247, 0.015603623386019736], [0.9653429845037464, 0.0036545651368960815, 0.012522888334658241, 0.01847956192471478]], "ideal": "D", "sampled": "D", "correct": true}}
{"type": "result", "data": {"idx": 11, "options": ["Establish control of European states by democracy in the tradition of the Enlightenment.", "Suppress all voices in government other than his own and control all aspects of his citizens' lives.", "Suppress all nationalist revolutions across the continent.", "Suppress all speech but that of monarchs and the churches that they approve of."], "probs": [[0.009199288229855863, 0.003385588389355117, 0.059619076153059454, 0.927796047127737], [0.01670792665563313, 0.007173450108851202, 0.8884922746686403, 0.08762634846686407], [0.011497789797935637, 0.03670267614147951, 0.019938722167220615, 0.9318608117933533], [0.0177543511014833, 0.12965968283063112, 0.8227645917154564, 0.02982137425244647], [0.015473014979504032, 0.6817397847564228, 0.026375726625764394, 0.27641147353831136], [0.012108826668046635, 0.7101060572928305, 0.22137080019745167, 0.05641431574166854], [0.01664249475844019, 0.01467254199220361, 0.4363639094203143, 0.5323210537290409], [0.0137710334739342, 0.016701034256126963, 0.548851572535811, 0.4206763596341437], [0.0365849892333493, 0.23094590433466833, 0.06961425052027623, 0.6628548558116822], [0.03059926110919612, 0.11320523703349489, 0.8263821240270826, 0.029813377730219387], [0.024655771737781145, 0.35530033165932634, 0.07112476140224822, 0.548919135100644], [0.03302579204203204, 0.6307469150899196, 0.301469331681874, 0.03475796108620875], [0.20268817333656372, 0.020626915812281665, 0.021233074419431883, 0.7554518363317261], [0.23503728399227744, 0.01545273992483327, 0.7305534635534909, 0.0189565124294076], [0.5000970933236579, 0.012163671890174504, 0.03504522440914324, 0.452694010277027], [0.6074936818998365, 0.010789342961559471, 0.36527973244393547, 0.01643724259468107], [0.5387206317900922, 0.3970805791760253, 0.04038804885965152, 0.02381074007422697], [0.708613465591502, 0.24077562908910427, 0.028465799436670425, 0.022145105782730316], [0.399016559713376, 0.06405033849636232, 0.04612536821177163, 0.49080773347848766], [0.31679904570389633, 0.03405075658071103, 0.5881180295911933, 0.061032168024177415], [0.378555043762266, 0.0334677955602516, 0.05657196246430346, 0.5314051981131641], [0.642539962374321, 0.029930749627063196, 0.29466204323216455, 0.03286724466647717], [0.7946551689325121, 0.11724010983767426, 0.04957934398757299, 0.03852537714223377], [0.770142583247189, 0.13981011736021498, 0.05537229030068399, 0.034675008991917056]], "ideal": "C", "sampled": "D", "correct": false}}
{"type": "result", "data": {"idx": 12, "options": ["the International Workingman's Association", "Pierre-Joseph Proudhon", "the Congress of Vienna", "the Paris Commune"], "probs": [[0.037563620160669005, 0.024555261005364527, 0.8724752851690688, 0.06540583356487237], [0.15552178313561724, 0.1651668035918819, 0.10705656847528812, 0.5722548446972272], [0.053624171619448754, 0.7382458951625683, 0.09991306387542068, 0.10821686924257966], [0.05866154143545537, 0.7480328967204523, 0.07165678868158226, 0.1216487730625252], [0.1461400609102574, 0.08521983895284327, 0.35819065443538434, 0.4104494456015179], [0.04576060410229171, 0.01651812996280755, 0.8775273975227724, 0.06019386831213909], [0.04292787662845546, 0.007010250683498473, 0.9122984964758866, 0.037763376112164224], [0.24882516972414748, 0.0844326818113612, 0.1471223237777375, 0.5196198245867506], [0.09998334878261769, 0.7089716394782691, 0.07556304799536068, 0.11548196364376652], [0.09998244287903349, 0.6738156369178441, 0.0804458361854223, 0.14575608391771389], [0.2044567441511924, 0.07244968373959676, 0.13231771195147374, 0.5907758600577588], [0.05007256798381832, 0.010689382778798785, 0.8879476098051472, 0.0512904393322284], [0.6759167276266298, 0.04478566362386397, 0.20414621004607375, 0.07515139860342862], [0.7233984129598104, 0.05538744407319213, 0.12449818181418432, 0.09671596105279547], [0.7170068711023603, 0.09885414062599257, 0.07131239519411005, 0.11282659297752397], [0.6597806887293024, 0.08889055652695525, 0.11434112072321827, 0.1369876339205216], [0.6700338144637136, 0.08962451034315004, 0.10860287174766153, 0.13173880334547422], [0.6025307886939676, 0.07569046594953252, 0.19555683167145158, 0.12622191358506385], [0.1543199640893712, 0.07459780617993217, 0.3220553886222334, 0.44902684100846635], [0.04826249073421137, 0.012198249927028778, 0.8857871746335123, 0.05375208460526479], [0.15469599558509448, 0.12844547835244483, 0.10738179824300606, 0.6094767277194516], [0.0486714769448687, 0.02710043708149822, 0.8357478343173073, 0.08848025155630872], [0.06484720215042175, 0.76730891960592, 0.05879684656722191, 0.10904703157641951], [0.06133604153750293, 0.7229976474242563, 0.08677794853513061, 0.12888836240314186]], "ideal": "C", "sampled": "C", "correct": true}}
{"type": "result", "data": {"idx": 13, "options": ["Laissez-faire capitalism", "Mercantilism", "Industrialization", "Bullionism"], "probs": [[0.6642212744991352, 0.0385306618047733, 0.22649070395665172, 0.07075735963943613], [0.8136640452957696, 0.039082109560947285, 0.053054796728026786, 0.09419904831525334], [0.5573688064322272, 0.3321731396566901, 0.045856294563100794, 0.06460175924796227], [0.5548415261374224, 0.32748346639353504, 0.03940853166641146, 0.07826647570262753], [0.8593225437542891, 0.021599524666952377, 0.04937856540129799, 0.06969936607748653], [0.7419957414802556, 0.018035916592946736, 0.18122728503327082, 0.05874105679350884], [0.1850268660360788, 0.3091971229382058, 0.37437711142890473, 0.13139889949679795], [0.2005198010246989, 0.4412861823753841, 0.11398278042407214, 0.2442112360758378], [0.1550807802638137, 0.35772831190144355, 0.3806612010328831, 0.10652970670186462], [0.16654224625872205, 0.4219166588370308, 0.09192755812014225, 0.31961353668411635], [0.22492014654935538, 0.04472632397338295, 0.5450081630582672, 0.18534536631899506], [0.19362521839804084, 0.03415687292865541, 0.430413010491716, 0.3418048980816066], [0.6769791853947205, 0.21260354318136618, 0.05150018237144638, 0.058917088952458126], [0.6783822967053963, 0.20892174335126978, 0.041880465974601586, 0.0708154938687335], [0.6168690509322935, 0.039844645416718734, 0.2754576506674915, 0.067828652883491], [0.7011901952561785, 0.03568536003315536, 0.04852630919183163, 0.21459813541885517], [0.6758593800586715, 0.02421241603102571, 0.2381826721247161, 0.06174553168559994], [0.7391111858644229, 0.02536639446414741, 0.06015058795882231, 0.17537183161258488], [0.0911733172471899, 0.5294426422699163, 0.16996518696008703, 0.20941885342279895], [0.07958499414798732, 0.37784516779555993, 0.3619430011636098, 0.1806268367928257], [0.08406595406291797, 0.11970048850514835, 0.5961524308194193, 0.20008112651253815], [0.06863666284588679, 0.10770168673518364, 0.5059520218534747, 0.31770962846545453], [0.09154446840145893, 0.1986780736055864, 0.541138440278765, 0.16863901761418496], [0.0772406288997107, 0.31158086725707795, 0.23830975507199068, 0.372868748671226]], "ideal": "B", "sampled": "A", "correct": false}}
{"type": "result", "data": {"idx": 14, "options": ["provoking fear to drive their readers to action", "attacking the extreme communists who threatened to sink the entire movement", "demonstrating the understanding of the others in point of fact", "explaining the reasons for debunking opponents of communism"], "probs": [[0.6091010969898005, 0.12664683242305524, 0.12931930894889992, 0.13493276153822933], [0.5225831408542471, 0.16374881234153993, 0.2119593322527464, 0.101708714451465], [0.4848948459965169, 0.10640151398509747, 0.3205644968728297, 0.08813914304557238], [0.2991370712743252, 0.07930685328310491, 0.1996176311001639, 0.4219384442424078], [0.3628695566450009, 0.15763132544873856, 0.38921186449262096, 0.09028725331364326], [0.3369853198980896, 0.1304035185779973, 0.08284061017805842, 0.44977055124585436], [0.16214913373068948, 0.6338450360383212, 0.09101586304492207, 0.11298996708607366], [0.2151853374444973, 0.5451036786523421, 0.1411629024114171, 0.09854808139172769], [0.14686674953981038, 0.054511995528523365, 0.7358137626110851, 0.06280749222060318], [0.19809373344567163, 0.1037524685228108, 0.15790379239640098, 0.5402500055350952], [0.17719493313810275, 0.08230906565996547, 0.6735173454767348, 0.06697865562518861], [0.21962924410651705, 0.13771401479179238, 0.09381838140294359, 0.5488383595987606], [0.18233716314302045, 0.592972703266022, 0.15349565688204633, 0.07119447660889587], [0.16035069245721198, 0.4015107856526971, 0.14091712442351503, 0.29722139736656017], [0.1855681192325893, 0.065074260506624, 0.6909125483816738, 0.058445071779130504], [0.22954433940940888, 0.1362670040522343, 0.12386206446442849, 0.5103265919739316], [0.1514188665665447, 0.07717501673435652, 0.6348957579851466, 0.1365103586139484], [0.15923299565203106, 0.10941307187178324, 0.3552955007323936, 0.3760584316437912], [0.19918859585032853, 0.5284996832485569, 0.19342423450154553, 0.07888748629955357], [0.14308122473982007, 0.5121980245631313, 0.06738375313543019, 0.27733699746163626], [0.19283577517837297, 0.07083543694275224, 0.6769787541656804, 0.05935003361317929], [0.2505910441460175, 0.14398538260391083, 0.10697342103487296, 0.4984501521151828], [0.1537394720731092, 0.055623589669006025, 0.6739683750249091, 0.11666856313297262], [0.18754882842055035, 0.08114067763108959, 0.3503933572230888, 0.3809171366252767]], "ideal": "D", "sampled": "A", "correct": false}}
{"type": "result", "data": {"idx": 15, "options": ["the role of women in army regiments", "the running of a school for domestic servants", "the running of a school for girls", "the role of a woman in running her own domestic household"], "probs": [[0.00284475982673455, 0.0013341254975267733, 0.0033003337694088477, 0.9925207808063525], [0.0032958450620560647, 0.0014752160542842439, 0.9829134413583707, 0.012315497425305076], [0.0030135672814313764, 0.0011179352881548641, 0.006980076789028139, 0.9888884205413812], [0.002674553543378867, 0.0010478732446076737, 0.9763273278691004, 0.019950245242905174], [0.0023348023317787767, 0.971018678738848, 0.012037848310687518, 0.014608670518666687], [0.0026355975951626613, 0.9619807849126871, 0.010874782859070902, 0.024508834533086075], [0.0060707207496948625, 0.0011063190152160074, 0.006142826648343468, 0.9866801334867674], [0.00457391401241523, 0.0009746483523926881, 0.9847191424208059, 0.009732295114368532], [0.004548575540662214, 0.00269659334776792, 0.0025814516069257065, 0.9901733794046567], [0.006294643636204715, 0.0022727263241940263, 0.9846015756815012, 0.006831054258094718], [0.006730101893358089, 0.9778321671590694, 0.0062940229578086855, 0.009143707889747525], [0.005121335837629043, 0.979457505168609, 0.009233136333964146, 0.006188022559814416], [0.004876529639508092, 0.0011682861875106148, 0.011674578693261519, 0.9822806053797423], [0.0032652424411387672, 0.0008524993725336289, 0.9814532964940014, 0.014428961592343215], [0.004606743159927711, 0.002918541857783451, 0.003070486532023969, 0.9894042283502567], [0.005271191288108118, 0.0024250221612308344, 0.9830315201832417, 0.009272266267424015], [0.006043126369402095, 0.97004685607093, 0.007652870058007921, 0.016257147401641366], [0.004142056032455591, 0.9719599580804353, 0.014823042782852826, 0.009074943004241597], [0.9790937434729694, 0.002735308918707336, 0.008121118829694421, 0.01004982867864001], [0.9732247311040694, 0.0032410191369576704, 0.005861988200344902, 0.017672261458640436], [0.9792016503705931, 0.00595738928170651, 0.0038895947569463343, 0.01095136549075156], [0.9800094587613409, 0.00486512662975441, 0.007799983265048644, 0.0073254312438727764], [0.9704546026625286, 0.005957886537940111, 0.004782832588280644, 0.018804678111244935], [0.9734915794956485, 0.004393559069743485, 0.01302395387041069, 0.009090907464182875]], "ideal": "D", "sampled": "D", "correct": true}}
