{"type": "result", "data": {"idx": 0, "options": ["1", "3", "8", "16"], "probs": [[0.10832063919957487, 0.20158982451156837, 0.2625064751834196, 0.4275830610054386], [0.10452680904745784, 0.18960159334536192, 0.4282530144825655, 0.27761858302462894], [0.10764222504909765, 0.2274572851515199, 0.25785173516390225, 0.4070487545354874], [0.1145535027980951, 0.21110912296789755, 0.43050402626183204, 0.24383334787217648], [0.1112027610594813, 0.43712178616167396, 0.23224434859740445, 0.21943110408143537], [0.1073614990879974, 0.39245901084257795, 0.2625403077332557, 0.23763918223615757], [0.15056757934097387, 0.20989189127165384, 0.2229482965959278, 0.41659223269144763], [0.15120226343930984, 0.19184557443836192, 0.38659420419894797, 0.27035795782337163], [0.1520507694525349, 0.18488649568077853, 0.26009433136372273, 0.40296840340295514], [0.15179163580896649, 0.16447385006538595, 0.42000340572335176, 0.26373110830229707], [0.14398323598429003, 0.3787340885131324, 0.24980808033999646, 0.22747459506258494], [0.13714244092740402, 0.375560882468847, 0.2522513082386977, 0.23504536826505348], [0.17010697399682592, 0.24895640448384546, 0.2722714813631076, 0.3086651400562246], [0.16412506637437793, 0.2119637470162892, 0.3592003553436763, 0.2647108311656586], [0.17218458180681592, 0.2756930311428537, 0.2725148669780557, 0.27960751997227884], [0.15447856678404975, 0.2103762306674581, 0.37482916848161585, 0.260316033966878], [0.16241781201017613, 0.35407187561761844, 0.25493545059472933, 0.22857486167747892], [0.15767513901317082, 0.378047304733323, 0.2371399273614858, 0.227137628792011], [0.21617159481130402, 0.2955052469655116, 0.2742573713587974, 0.2140657867643796], [0.22493036284161175, 0.2798431201734555, 0.2244124129885074, 0.27081410389642824], [0.21016341051616932, 0.3032822826713152, 0.2910721621752125, 0.19548214453730797], [0.21821612434835816, 0.2959582147143785, 0.2238020825410866, 0.26202357829618006], [0.19401730706674689, 0.2922605847129302, 0.2895731548988666, 0.22414895322147055], [0.1864685886193719, 0.30328494785462456, 0.2708075745954975, 0.23943888883050773]], "ideal": "C", "sampled": "D", "correct": false}}
{"type": "result", "data": {"idx": 1, "options": ["int(x [,base])", "long(x [,base] )", "float(x)", "str(x)"], "probs": [[0.9132797438313678, 0.047698941802623185, 0.024961841320818284, 0.014059472945206937], [0.9235802844199162, 0.05041859145124687, 0.00733105705965654, 0.018670066969190265], [0.9054541284143518, 0.025852872807679037, 0.050650314693328057, 0.018042683984656943], [0.938431071995819, 0.02480736778438069, 0.00969162333744546, 0.027069936782345295], [0.9308880226032763, 0.009908497519426535, 0.03804633242357901, 0.02115714735373133], [0.9474042570704817, 0.008907535291995668, 0.019740871156861083, 0.02394733638068454], [0.028814550143223153, 0.9377787952771413, 0.020321806744272457, 0.01308484773535569], [0.021514439839293343, 0.953362739451049, 0.009092718980999908, 0.01603010162865353], [0.03750320393611195, 0.022263954571569, 0.9270710564384964, 0.013161784953816664], [0.029820747271074192, 0.02711957426714517, 0.009567672818374945, 0.9334920055433876], [0.042028214934086774, 0.009364799947271194, 0.9266943236493786, 0.021912661369248583], [0.03526412331171523, 0.008231219891426757, 0.020763053106767296, 0.9357416035900958], [0.01756012477578579, 0.9307875131653345, 0.03813312619735509, 0.013519235761535131], [0.013672292192936449, 0.9560114535342124, 0.010005144248120457, 0.020311109924711992], [0.019807609041972502, 0.029514657129442404, 0.933881493524574, 0.01679624020401041], [0.018031121000343823, 0.04857691862495077, 0.012298743977628718, 0.9210932162970836], [0.023036717939468206, 0.008320962551080651, 0.9321421455206956, 0.03650017388874075], [0.015583033460890953, 0.007476997281205762, 0.02639990362380817, 0.9505400655340902], [0.018939417197370516, 0.9125004790846537, 0.048708299691752374, 0.01985180392620173], [0.015946267130093776, 0.936885399971336, 0.01589750361021902, 0.03127082918833695], [0.023298831882741622, 0.0374277693863013, 0.9180399457857242, 0.02123345284525218], [0.018458330984680464, 0.038898052608099296, 0.016671539083623507, 0.9259720772236021], [0.018052207183284718, 0.009012426367809075, 0.9391643638427805, 0.03377100250614069], [0.015311245711651789, 0.009005482366922675, 0.026922964791141906, 0.9487603070302598]], "ideal": "A", "sampled": "A", "correct": true}}
{"type": "result", "data": {"idx": 2, "options": ["The file is broken into packets for transmission. The packets must be reassembled upon receipt.", "The file is broken into packets for transmission. The user's browser must request each packet in order until all packets are received.", "The server attempts to connect directly to the user's computer. If the connection is successful, the entire file is sent. If the connection is unsuccessful, an error message is sent to the user.", "The server repeatedly attempts to connect directly to the user's computer until a connection is made. Once the connection is made, the entire file is sent."], "probs": [[0.4613452890815951, 0.23569071651347867, 0.12333597179729568, 0.17962802250763135], [0.4767325914546788, 0.2603565792878245, 0.07986601050381881, 0.18304481865367742], [0.3245305353897963, 0.07210799753966604, 0.5215529485868867, 0.08180851838366893], [0.39433459104340307, 0.0926743486290736, 0.12330931000171695, 0.38968175022582596], [0.31266237099888805, 0.05240511212331881, 0.5593264249998513, 0.0756060917779277], [0.4335281106126395, 0.07420233910874795, 0.1644992309562784, 0.3277703192223253], [0.41875286362429637, 0.30399217033612125, 0.1189113667755612, 0.15834359916404597], [0.3954620774616618, 0.36565043347489173, 0.08097507544500604, 0.15791241351842716], [0.28679176776397497, 0.0872175551656781, 0.523206008426453, 0.10278466854387248], [0.3599728540501267, 0.11839388979723163, 0.17607722827157712, 0.3455560277810661], [0.2480140986808005, 0.05459171444794923, 0.6090423142353973, 0.08835187253585251], [0.3795999392481335, 0.09350822718892379, 0.19321822650289455, 0.33367360696002746], [0.03238027585066548, 0.5935143350880688, 0.3006901623085702, 0.07341522665268074], [0.04153030634774915, 0.6246648882427747, 0.1012950757836154, 0.23250972952586088], [0.04109815490918474, 0.5425121875867143, 0.324504197609983, 0.09188545979413897], [0.04613278269113781, 0.5791533678406536, 0.11562382094787221, 0.25909002842035334], [0.03814146451364888, 0.05437785315085664, 0.7961057748049908, 0.1113749074305039], [0.03713631618258717, 0.054900164146854134, 0.7927334496908152, 0.1152300698797392], [0.017381638152742154, 0.5832041876343718, 0.3067675415120126, 0.09264663260086413], [0.022797455258099515, 0.5430924003866427, 0.16032819235994075, 0.27378195189531784], [0.022862051726601686, 0.49696905605706704, 0.3511955505351907, 0.12897334158113705], [0.027567499986958517, 0.5637407742758063, 0.16708485737723905, 0.24160686825997368], [0.023046258589336063, 0.08903468654314196, 0.7668824878784355, 0.12103656688907695], [0.025075467202748638, 0.09342412344901506, 0.7507021302920865, 0.1307982789561494]], "ideal": "A", "sampled": "A", "correct": true}}
{"type": "result", "data": {"idx": 3, "options": ["Compressing the image in a way that may lose information but will suffer only a small loss of image quality.", "Creating the gray scale of an image by averaging the amounts of red, green, and blue in each pixel and assigning this new value to the corresponding pixel in the new image. The new value of each pixel represents a shade of gray, ranging from white to black.", "Creating the negative of an image by creating a new RGB triplet for each pixel in which each value is calculated by subtracting the original value from 255. The negative of an image is reversed from the original; light areas appear dark, and colors are reversed.", "Modifying part of the image by taking the pixels in one part of the picture and copying them to the pixels in another part of the picture."], "probs": [[0.06058701410905541, 0.6099770969083667, 0.22526893419038105, 0.1041669546922153], [0.05569269302605659, 0.7080578317404257, 0.06410227531169403, 0.1721471998218475], [0.07481592511616321, 0.2671806445820566, 0.5567614287612132, 0.10124200144058032], [0.09461248956312546, 0.3798438765787161, 0.11078049946380114, 0.4147631342943399], [0.07324636754282893, 0.06511488996784269, 0.6946658097757845, 0.16697293261353177], [0.07621044651228766, 0.0722961228868357, 0.5230437693219842, 0.328449661178907], [0.599246027994835, 0.08232337247253853, 0.20780994942223666, 0.11062065001041396], [0.61356839237353, 0.1070152934148, 0.06058275598163615, 0.21883355813002947], [0.5108139022292766, 0.2051482560572456, 0.18069030672117686, 0.10334753489233477], [0.45895011952936243, 0.18652214396495534, 0.1034471721161563, 0.2510805642895239], [0.6257770766352941, 0.042523785126254404, 0.1830757949344172, 0.14862334320403095], [0.5573487358517533, 0.04429197652886069, 0.23557148534735844, 0.16278780217203423], [0.1606148593535884, 0.08410421221159038, 0.6462169709432682, 0.10906395739155464], [0.23386493768484207, 0.14216355554568394, 0.10624263562144608, 0.51772887104803], [0.1387855771546394, 0.6062955297076238, 0.1635497293609179, 0.09136916367680575], [0.12228651759390664, 0.5530507857071656, 0.1083435839016148, 0.21631911269729767], [0.22447395225288053, 0.06260296215671474, 0.24985695495530716, 0.46306613053509144], [0.13425143748129034, 0.04893544498033008, 0.6594924962527527, 0.15732062118561585], [0.08146652654980795, 0.08878206787154251, 0.6651490142272202, 0.1646023912514478], [0.08410652722444636, 0.11426642441530403, 0.48189036321275597, 0.3197366850474843], [0.07318128969014095, 0.5861880334569043, 0.15681578052455603, 0.1838148962283921], [0.07410692573805841, 0.46439962574521787, 0.24379638442871843, 0.21769706398798977], [0.09318203948145384, 0.36287387976796154, 0.19010220657697957, 0.3538418740736236], [0.07531090531013344, 0.2887016774830788, 0.4566935384400793, 0.17929387866671562]], "ideal": "C", "sampled": "B", "correct": false}}
{"type": "result", "data": {"idx": 4, "options": ["How long the program takes to run", "How many programming statements the program contains", "How much memory the program requires as it runs", "How much storage space the program requires as it runs"], "probs": [[0.36438007633046593, 0.3643564720793427, 0.12350995928283279, 0.14775349220735517], [0.3616282914694554, 0.3652667688998103, 0.1350234308085568, 0.13808150872219302], [0.42391016642093204, 0.09169724116581467, 0.36895168436278036, 0.11544090795048007], [0.48918969149082026, 0.1190691587792399, 0.14714639330227214, 0.24459475632765562], [0.42464316333626106, 0.10146551410225105, 0.3652879137408732, 0.10860340872062302], [0.46983880255543475, 0.1263805692773999, 0.1683726206845169, 0.23540800738264905], [0.39243977574290256, 0.34821844930302565, 0.11294103075000002, 0.14640074410407627], [0.3976412839640605, 0.34339825567372806, 0.12303575205270993, 0.13592470820948863], [0.49474611627981274, 0.1473844661606888, 0.20206948704368158, 0.15579993041581966], [0.49859269752017626, 0.15029690778145416, 0.1926444698793415, 0.1584659247190424], [0.5001189055039348, 0.15446707602009624, 0.19584233467278986, 0.14957168370318386], [0.5128794470127719, 0.1541192860329855, 0.1843880208156691, 0.14861324603856482], [0.16302356166365423, 0.29644615402098945, 0.3533402673233782, 0.18719001689198358], [0.168267755325373, 0.3748294424315334, 0.21195688677795496, 0.2449459153651437], [0.1404529092133014, 0.48745404251567975, 0.1875642170013747, 0.1845288311696376], [0.1421473081128854, 0.47152269634531935, 0.23064037268546753, 0.1556896227563333], [0.18257366009049067, 0.2737703912224577, 0.2942841523317362, 0.24937179625530817], [0.1657684871025356, 0.1903038821234947, 0.5002757230949436, 0.14365190757899648], [0.19577010394404107, 0.2686430509412431, 0.35924484966356046, 0.17634199535114908], [0.19295457704139135, 0.35240741235059214, 0.20807610451443917, 0.24656190599357058], [0.16011552443440186, 0.4850114702571562, 0.1791387786994257, 0.17573422650901113], [0.1640037500834324, 0.4783597425231905, 0.2103733292117431, 0.14726317808163997], [0.24573154796320593, 0.20517704342116028, 0.2911454104292361, 0.25794599808637747], [0.18143646763924656, 0.1603028010168846, 0.5273774525226511, 0.13088327872123745]], "ideal": "B", "sampled": "B", "correct": true}}
{"type": "result", "data": {"idx": 5, "options": ["32", "225", "255", "256"], "probs": [[0.08933273461998309, 0.14810454502903617, 0.4353525581066477, 0.3272101621443404], [0.10155563968293396, 0.16875793208492837, 0.35310552138705575, 0.3765809067450792], [0.09960194388047788, 0.3943907961341727, 0.1584857929459797, 0.3475214669393701], [0.09764461671381944, 0.4014245907493931, 0.3733350108183892, 0.12759578161840718], [0.10918149489704645, 0.2754499729520548, 0.25174985930006544, 0.36361867275083837], [0.10866133310245318, 0.2652469703113734, 0.4945579108369091, 0.13153378564924992], [0.1135782655800627, 0.13089973798990998, 0.4588181566794293, 0.29670383965060076], [0.12653382313946146, 0.13958535807005304, 0.33334672566464696, 0.40053409302582965], [0.1242219794463573, 0.44032279056359735, 0.15824924693801573, 0.2772059829520295], [0.1107980688852947, 0.3753654645124536, 0.36802145322626345, 0.14581501327598653], [0.13911795522835654, 0.29892868531107086, 0.23932307927240196, 0.3226302800881674], [0.1260457027809675, 0.2396839844258124, 0.4785866791807946, 0.15568363351243414], [0.23552079693184935, 0.13906200646290806, 0.19300494757859668, 0.43241224892666164], [0.20836159110093977, 0.14288266458731563, 0.5016053960215485, 0.1471503481901865], [0.2549644234365977, 0.18535279992887432, 0.17044071063043317, 0.38924206590410143], [0.21386089756395144, 0.15802350991732012, 0.4605742213348613, 0.16754137108386072], [0.24696039897047145, 0.3655892417047661, 0.24835991248157674, 0.13909044674318172], [0.25131920968752447, 0.3779996383111816, 0.18570064757992685, 0.18498050432137533], [0.17008530697110633, 0.18386473598549918, 0.24122138503087734, 0.40482857191253296], [0.1819417156629186, 0.19827267888388628, 0.49073729524998194, 0.12904831010323026], [0.17487209723121966, 0.19707242328349303, 0.26981793072914423, 0.3582375486561488], [0.16124675542941821, 0.18259261509560842, 0.5011738222228086, 0.1549868071521471], [0.16353376264748543, 0.4551610191573073, 0.22611191985286133, 0.15519329824235473], [0.1552480948294547, 0.45448472146067354, 0.20843406239254125, 0.1818331212173283]], "ideal": "C", "sampled": "C", "correct": true}}
{"type": "result", "data": {"idx": 6, "options": ["Do students majoring in computer science tend to have higher grade point averages than students majoring in other subjects?", "How many states have a higher percentage of female computer science majors than male computer science majors attending college in that state?", "What percent of students attending college in a certain state are majoring in computer science?", "Which college has the highest number of students majoring in computer science?"], "probs": [[0.5450190522818141, 0.12588589026881733, 0.2366056595545359, 0.09248939779484508], [0.5544663626440363, 0.14046005462039785, 0.08195113278648665, 0.2231224498490624], [0.5002507093493662, 0.2672135952605217, 0.1559560308435663, 0.07657966444652901], [0.4965866495948597, 0.25353934128309114, 0.08610240205197707, 0.16377160697005896], [0.5484705985579021, 0.08645602754096328, 0.17520976297622348, 0.18986361082491848], [0.46548015591506775, 0.07028029995950394, 0.3018348407552751, 0.16240470327015316], [0.23642709916704363, 0.49352620638104855, 0.19402515796304742, 0.07602153638886017], [0.22416962677522376, 0.4905073983614443, 0.09657122614665502, 0.18875174861669486], [0.30019752198815297, 0.25327628132685637, 0.3736715995631138, 0.07285459702186574], [0.33432431907209553, 0.31915779079213674, 0.09304020225954676, 0.2534776877762331], [0.340957698395783, 0.07034624550687557, 0.41931673384653156, 0.16937932215080442], [0.31896845025927983, 0.0571862761987791, 0.42076945998283727, 0.20307581345910072], [0.2793753877711024, 0.4978618196178784, 0.1560326019525625, 0.06673019055846728], [0.2430196586049564, 0.5181922474459314, 0.08187561917995248, 0.15691247466915853], [0.4258173418777819, 0.11042696399651854, 0.3876964600109776, 0.07605923401474347], [0.5270165231061799, 0.1357962159297828, 0.06978577332428947, 0.2674014875397501], [0.3587904588993369, 0.06716990196403086, 0.4293291384375766, 0.14471050059904908], [0.5060153984827394, 0.08151570423329368, 0.19011515579556404, 0.22235374138840427], [0.13592538070066854, 0.5469652434068847, 0.16287950509972637, 0.1542298706927274], [0.1267513902207864, 0.5273696094125708, 0.18910518217072983, 0.15677381809593227], [0.2564900451500652, 0.1523007759312384, 0.4213123228233199, 0.1698968559953656], [0.23508408057103342, 0.14068092239060825, 0.35996338472111583, 0.26427161221724543], [0.13923836806890927, 0.32358764612284785, 0.40124174551814706, 0.13593224019009467], [0.14715468608490553, 0.467607752108001, 0.1686144675871973, 0.21662309411990632]], "ideal": "B", "sampled": "A", "correct": false}}
{"type": "result", "data": {"idx": 7, "options": ["All elements in inputListl followed by all elements in inputList2", "Only elements that appear in both inputListl and inputList2", "Only elements that appear in either inputListl or inputList2 but not in both lists", "Only elements that appear in inputListl but not in inputList2"], "probs": [[0.04612857866740325, 0.4567812314389787, 0.33032237116714075, 0.16676781862650394], [0.04754165668153636, 0.5010591068838501, 0.20243237295799854, 0.24896686337662416], [0.07470005976955409, 0.5187459509309603, 0.23935518303992212, 0.1671988061595543], [0.07804171357952647, 0.47518708957920636, 0.20353620580523624, 0.24323499093603754], [0.07341139779449861, 0.3016139131646674, 0.38635414647932337, 0.23862054246150516], [0.07059266679986895, 0.2228323249607467, 0.4952113541874902, 0.2113636539519002], [0.17808305005505598, 0.0759723467602037, 0.5622584624954968, 0.18368614058922622], [0.21651432762268868, 0.08896170554125986, 0.39219158921123537, 0.3023323775248184], [0.16708924126905503, 0.5255843084869759, 0.09287674091657384, 0.214449709227384], [0.18136681851222125, 0.46572087245277727, 0.21247382042036123, 0.14043848851463572], [0.21382964892482745, 0.3318791992177917, 0.09628229968018895, 0.3580088520771974], [0.17082575064908992, 0.16788644901600938, 0.5591508826642886, 0.10213691757062564], [0.3407376339786715, 0.08335822997904557, 0.40713397026546366, 0.1687701656768121], [0.34704423681543867, 0.08004937059312309, 0.3201534951409529, 0.25275289735048756], [0.3714646850465228, 0.2832854772061848, 0.11545086666083622, 0.22979897098646548], [0.3287550537562915, 0.22811027040687712, 0.28841480279090337, 0.15471987294592826], [0.35361602949986076, 0.2864434694917113, 0.08351775560498198, 0.2764227453034591], [0.3289388432543763, 0.2612732912478764, 0.2864124083807514, 0.12337545701701315], [0.18612632648646457, 0.055691530932590355, 0.5612127950495488, 0.19696934743139097], [0.15292984660821435, 0.04397384096799134, 0.6379753496705235, 0.16512096265325177], [0.20616315150333445, 0.3526743523011088, 0.09531725396668932, 0.3458452421288627], [0.1788997157114946, 0.21746219487068238, 0.49862417974734535, 0.10501390957048877], [0.12607139700336664, 0.5652191227891193, 0.06980530958402353, 0.23890417052346652], [0.1454334878996668, 0.543489546965303, 0.21999426725632124, 0.09108269777873057]], "ideal": "B", "sampled": "C", "correct": false}}
{"type": "result", "data": {"idx": 8, "options": ["The program can also be expressed as binary code, but will be more easily understood by humans when expressed in a higher-level programming language.", "The program can also be expressed as binary code, which will reduce the likelihood of errors.", "The program cannot be expressed as binary code, because binary code can only be used to represent data.", "Some parts of the program can be expressed as binary code, but operations must be expressed using a higher-level programming language."], "probs": [[0.4289095813312918, 0.14059450476955596, 0.12884797841618725, 0.30164793538295276], [0.46518972607889175, 0.13677656798786098, 0.30572232959334, 0.09231137623992194], [0.458160644492128, 0.10345306064486187, 0.19257496292171816, 0.24581133184129242], [0.43105281696554837, 0.10528217768295978, 0.238606264509342, 0.22505874074215176], [0.4569962073235629, 0.30192085006843977, 0.15632343354966732, 0.08475950895832404], [0.3521751366517477, 0.3175040251515287, 0.12773220451696077, 0.20258863357976817], [0.04702393589253951, 0.5479932065863097, 0.11850589494475897, 0.28647696247639387], [0.04548296577915735, 0.5979728204360375, 0.26846472197601207, 0.0880794917087653], [0.06363898204650398, 0.051758394022007735, 0.7038484230061537, 0.18075420082532895], [0.07619645582980794, 0.06770841651517326, 0.4522045825496019, 0.4038905450054284], [0.06492650948714804, 0.4454841388297436, 0.38540203443752913, 0.10418731714556742], [0.051364754633387064, 0.45843037251145063, 0.12822858282017927, 0.36197628993497244], [0.036262762588416236, 0.6048429567165331, 0.19605336326141143, 0.1628409173336102], [0.03170927085314479, 0.5573953969617317, 0.2315712494382888, 0.17932408264681685], [0.03795847160879403, 0.1329806448542234, 0.617312214160399, 0.2117486692765914], [0.032278645792851834, 0.14593001380439796, 0.4520257958819613, 0.36976554442078713], [0.03332204589098545, 0.26988093825424436, 0.5221426233063694, 0.17465439244839803], [0.030291491571698394, 0.3594513649123585, 0.2979110429742304, 0.3123461004417222], [0.19393847314439858, 0.4779373938253917, 0.2150374482274718, 0.11308668470274073], [0.137533615801514, 0.46065216435522155, 0.1367846106699649, 0.2650296090732898], [0.280315103054079, 0.17753088844234616, 0.409440340230446, 0.132713668173154], [0.26917515181808044, 0.19200462820569666, 0.1814779798487142, 0.3573422400274975], [0.21456626901284528, 0.10601101213580441, 0.4930634968752016, 0.1863592218761502], [0.27036438180083483, 0.11077373983512599, 0.3082026278490055, 0.310659250415033]], "ideal": "A", "sampled": "A", "correct": true}}
{"type": "result", "data": {"idx": 9, "options": ["( 'abcd', 786 , 2.23, 'john', 70.2 )", "abcd", "Error", "None of the above."], "probs": [[0.15693677235245485, 0.4398408343356137, 0.21479317253832927, 0.18842922067359186], [0.1932763247719045, 0.4458411995723914, 0.1507724378978278, 0.21011003765788627], [0.1734217539693084, 0.17035538083834453, 0.4400776553399266, 0.21614520975241422], [0.22015562821589355, 0.2549417913753045, 0.15274251376127962, 0.37216006654752354], [0.19950308898689512, 0.09071659057840564, 0.4272787924719084, 0.2825015278628054], [0.22405964644095175, 0.1112368918552827, 0.18583085352914525, 0.47887260807461896], [0.2190720907304891, 0.4287943168224671, 0.19828394488516957, 0.1538496474618776], [0.22086994921776454, 0.4521865245860045, 0.13087423436805068, 0.19606929172819035], [0.2349717460108404, 0.14752169734161596, 0.4388500923736217, 0.17865646417391814], [0.2671954934011934, 0.19905385828535918, 0.16204220438902794, 0.3717084438244092], [0.2510094430957783, 0.08613314738191317, 0.3745156886486711, 0.28834172077365877], [0.287883462674747, 0.10658772166157186, 0.19166875903115196, 0.41386005653254043], [0.10305763743254699, 0.326195451028995, 0.37405121686324516, 0.1966956945752297], [0.1371300044375227, 0.3548071079225993, 0.1573829476272885, 0.35067993991259033], [0.09721020769296242, 0.33942369639317316, 0.37555927857870763, 0.1878068172351633], [0.10671261294872836, 0.3359696907651883, 0.18617527684004037, 0.37114241934605713], [0.12698747865712945, 0.10701840770825931, 0.34647817918029117, 0.419515934354331], [0.11283783633638737, 0.09225947418499761, 0.3467743353198567, 0.44812835405875495], [0.10008572128504005, 0.1963471832651543, 0.3616582152967772, 0.3419088800530309], [0.10843937472631811, 0.24199271773497202, 0.2612767332311094, 0.3882911742076072], [0.08750005660649872, 0.2515035221583763, 0.3686945810853961, 0.2923018400497451], [0.0829089363886358, 0.28420779748870034, 0.2527052157111261, 0.3801780503115549], [0.09531742911479023, 0.13371002324796816, 0.3914534217905122, 0.3795191257467293], [0.07943266502139402, 0.1282035618210297, 0.40581935411294123, 0.3865444189446453]], "ideal": "B", "sampled": "B", "correct": true}}
{"type": "result", "data": {"idx": 10, "options": ["Human representatives will not be needed to respond to some inquiries.", "The company will be able to provide a human representative for any incoming call.", "Customers are likely to spend less time listening to information not relevant to their issue.", "Customers will be unable to mistakenly select the incorrect department for their particular issue."], "probs": [[0.20712139363513674, 0.38220177302045005, 0.11808245538828495, 0.29259437785612696], [0.20421747425338502, 0.2667257717441223, 0.33192920952287164, 0.19712754437960564], [0.18521688676112757, 0.16701729559896356, 0.39601766875126665, 0.2517481487886607], [0.20247393615506962, 0.18549591942206015, 0.262038617272764, 0.34999152705010483], [0.20870874001340256, 0.17401904476316485, 0.42493322400936323, 0.19233899111406355], [0.21956948130731976, 0.23421712284953453, 0.13761692260519964, 0.40859647313794295], [0.2952441247585286, 0.26568907924012697, 0.11721143717442196, 0.3218553587269346], [0.2898393098297817, 0.17556480572543218, 0.32838810292913956, 0.20620778141566726], [0.3177078139893858, 0.20195863817080748, 0.17825514681597254, 0.3020784009238448], [0.33093931092143275, 0.18671938067868948, 0.2976965456828768, 0.18464476261700005], [0.3539385228855653, 0.1977333230122139, 0.24607803789386837, 0.2022501161083363], [0.3460753660264346, 0.22701462096095334, 0.14482108300346222, 0.28208892990914797], [0.15617791346005166, 0.18864843754818683, 0.35528518486357796, 0.29988846402819086], [0.15994238095631075, 0.20254114378645613, 0.30347735465251957, 0.33403912050473766], [0.18867753581888438, 0.2450817732747915, 0.2103903866354951, 0.3558503041708273], [0.20929430470937097, 0.2267389087833783, 0.3745781467849142, 0.18938863962234678], [0.16484858835370794, 0.18534976015795618, 0.3337966362808956, 0.3160050151074497], [0.17256395576249256, 0.178168915674306, 0.4376301056239134, 0.21163702283928518], [0.22003528865580832, 0.18559658354536185, 0.37946301223286993, 0.2149051154659657], [0.21123771393295146, 0.22136794123596867, 0.15713259508457295, 0.4102617496465169], [0.27769779161170993, 0.24752400942702912, 0.24177585596691561, 0.23300234289434119], [0.280206319606309, 0.280192845262177, 0.18552931753095245, 0.25407151750053414], [0.20279422819556855, 0.17971229988149562, 0.30934152008151966, 0.308151951741438], [0.21942684396893133, 0.1670372178502387, 0.4148692787449331, 0.19866665933590513]], "ideal": "B", "sampled": "B", "correct": true}}
{"type": "result", "data": {"idx": 11, "options": ["Technology companies can accurately predict the dates when new computing innovations will be available to use.", "Technology companies can plan to double the costs of new products each time advances in processing speed occur.", "Technology companies can set research and development goals based on anticipated processing speeds.", "Technology companies can spend less effort developing new processors because processing speed will always improve at the observed rate."], "probs": [[0.009555505948808721, 0.011916933677421753, 0.9637603069720788, 0.014767253301687766], [0.0048811502476321135, 0.008036308312240363, 0.008195303240125297, 0.9788872380999838], [0.010809362545929518, 0.9451314593664263, 0.028924925988853805, 0.015134251998788147], [0.0088139002395152, 0.9488323707250506, 0.019209009378719086, 0.023144719556732887], [0.00460538906345845, 0.005927804620912296, 0.015697396893614633, 0.9737694093220216], [0.0045732995014484915, 0.0048157502486607835, 0.973184780338685, 0.01742616981118969], [0.007118788824901158, 0.007391540952841059, 0.9718778670181393, 0.013611803104139895], [0.004159191141998342, 0.005179824482974862, 0.007958341086735958, 0.9827026431882827], [0.0067339433229934706, 0.9547688672378647, 0.022219390667389986, 0.016277798671763523], [0.006298236796984171, 0.9561396842965371, 0.01808027191707246, 0.01948180688942813], [0.0058317033810036095, 0.008822691907866918, 0.011431886355479584, 0.973913718255643], [0.004454994523348056, 0.005159882875721744, 0.9740438840603396, 0.016341238440590027], [0.9374935880177935, 0.023202437317055017, 0.022962921056470256, 0.016341053508670857], [0.9364694632914383, 0.02489620644370834, 0.013957483536186515, 0.02467684662866014], [0.9448599331635338, 0.02349477217104671, 0.015226870999200616, 0.016418423566204193], [0.9381977538639232, 0.026389378789067858, 0.013259943555910422, 0.022152923691118237], [0.943518626515889, 0.01458171282539731, 0.018252348082638942, 0.023647312476097332], [0.9408774052193412, 0.014564866685810713, 0.023345703241881854, 0.021212024752960155], [0.005681554741228256, 0.007526994759237111, 0.016017174998389585, 0.9707742754011601], [0.007006194127279584, 0.0069545719233707224, 0.9682618224757429, 0.017777411373597965], [0.0090316298620354, 0.0190401900686727, 0.010031502635737686, 0.9618966773335775], [0.007959412472754755, 0.010222155390639628, 0.9636767360325699, 0.018141696004044836], [0.004137466396826922, 0.9645634524982698, 0.01594503975908816, 0.015354041245822016], [0.00382273326791076, 0.963609145497519, 0.017931068021808196, 0.014637053112768581]], "ideal": "C", "sampled": "C", "correct": true}}
{"type": "result", "data": {"idx": 12, "options": ["The conclusion is correct; the program works as intended.", "The conclusion is incorrect; the program does not display the correct value for the test case [0, 1, 4, 5].", "The conclusion is incorrect; using the test case [0, 1, 4, 5] is not sufficient to conclude the program is correct.", "The conclusion is incorrect; using the test case [0, 1, 4, 5] only confirms that the program works for lists in increasing order."], "probs": [[0.1516879793430681, 0.3318949369734676, 0.3074739487674138, 0.20894313481605067], [0.17623039218101996, 0.32993620828771864, 0.2117430664459411, 0.2820903329853262], [0.11174414445512393, 0.5157180999543935, 0.19048095832173706, 0.18205679716875614], [0.12159781254524892, 0.4613508454169712, 0.2921139742559863, 0.12493736768178926], [0.1654870812057847, 0.40564026705783357, 0.17853153098799465, 0.2503411206483905], [0.14377404665499666, 0.41253021030093323, 0.30898003014605985, 0.13471571279800132], [0.09849783612246427, 0.22064989400030355, 0.4791236789866966, 0.20172859079053784], [0.10868698086203063, 0.27056419891845745, 0.32892038604084806, 0.2918284340786774], [0.11025807747330445, 0.262477412003659, 0.3154597928006536, 0.3118047176224025], [0.10451428693651438, 0.1353905298926289, 0.2595412869034956, 0.5005538961673844], [0.12162426171224916, 0.18657105770681018, 0.3738555230549137, 0.31794915742603536], [0.11291168362035024, 0.14886434577006483, 0.19551328495096745, 0.5427106855586092], [0.18506834770855068, 0.2826346975251916, 0.30681375186906934, 0.22548320279716835], [0.1418988967760174, 0.19512574787539522, 0.5171816480334475, 0.14579370721515503], [0.19966672993085227, 0.12871668974704614, 0.35802865785035914, 0.31358792237173627], [0.11588050283319741, 0.1252739174651253, 0.24699739716327385, 0.5118481824384128], [0.159115908881172, 0.31622713590037693, 0.34406859528358014, 0.18058835983488286], [0.12147538657325774, 0.21544441036829962, 0.15450187282502997, 0.5085783301333918], [0.12752395639328476, 0.37515895478560274, 0.2129881670576916, 0.2843289216634136], [0.13351194239460967, 0.300183477130411, 0.39152750395019087, 0.1747770764247808], [0.16144478114724062, 0.13567704974435954, 0.38196028119394476, 0.3209178878144514], [0.09421438166178017, 0.12613547844830544, 0.19011642830136014, 0.5895337114885567], [0.1678194294325537, 0.20041750428116903, 0.4103409870410424, 0.22142207914522113], [0.09474696534588983, 0.1392984901188147, 0.16823127586284756, 0.5977232685724677]], "ideal": "C", "sampled": "A", "correct": false}}
{"type": "result", "data": {"idx": 13, "options": ["Express the simulation software using both recursive and iterative algorithms. Compare the results of the recursive algorithm to those of the iterative algorithm.", "Perform real-world experiments on the plant species' growth in different environments. Compare the experimental results to the results provided by the simulation.", "Remove any unnecessary details from the model. Compare the running times of the original simulation and the simplified simulation.", "Run the simulation software on multiple devices. Compare the results obtained from each of the devices."], "probs": [[0.011841097980701083, 0.8909208552584066, 0.06211462550330024, 0.03512342115759581], [0.011209203974113973, 0.8750098368881566, 0.05443114617272964, 0.059349812864977286], [0.024760271261208944, 0.06603076784125002, 0.8689867977771348, 0.04022216302039988], [0.030469497086013014, 0.18506533821758847, 0.09515310785712891, 0.6893120567392533], [0.017823047577615683, 0.032065144935916584, 0.8995217750897504, 0.050590032296735025], [0.025019987822959045, 0.07269731604958496, 0.14402192607863437, 0.7582607699487948], [0.8919433663493457, 0.023153379311498898, 0.05265558406730372, 0.032247670171851164], [0.8866036186500357, 0.021991767875116648, 0.039981683606480994, 0.05142292976836078], [0.8977676481998689, 0.031596159096163146, 0.03765793772789608, 0.03297825487607311], [0.9207619003100047, 0.026144607812472378, 0.023016138690122784, 0.030077353087396293], [0.8675937125585436, 0.030863479969853936, 0.04425596559772807, 0.057286841773861195], [0.9070144974518592, 0.02400361095776741, 0.03536534478015972, 0.0336165467102171], [0.07103784616469747, 0.03241279545082857, 0.8645738365559213, 0.03197552172854934], [0.11244750461099345, 0.036169483684974774, 0.06877501067312805, 0.7826080009308866], [0.025138836284644948, 0.8995915588545018, 0.04119137133218129, 0.03407823342868648], [0.024913991382013397, 0.9070731426837992, 0.03518280939607268, 0.0328300564381105], [0.1122034119889587, 0.06050873030962373, 0.06614843846170437, 0.7611394191396914], [0.04184751357505578, 0.022303826626041336, 0.9076129947293313, 0.0282356649695598], [0.04647182571172071, 0.024569157359724772, 0.8774889916395239, 0.051470025189054684], [0.08184216478850369, 0.034576312406173926, 0.1830795005883906, 0.7005020221169195], [0.021093176059372817, 0.8747799875085565, 0.04555908586920074, 0.05856775046286811], [0.020043981125230544, 0.9037532043455405, 0.04007132937912779, 0.03613148505008202], [0.0807177431923488, 0.10672918813971043, 0.08052799520915523, 0.7320250733588031], [0.03365054566891955, 0.03554324807662965, 0.898017301621319, 0.03278890453315303]], "ideal": "B", "sampled": "B", "correct": true}}
{"type": "result", "data": {"idx": 14, "options": ["Decryption", "Efficient sorting", "Lossless compression", "Lossy compression"], "probs": [[0.005404363483716905, 0.009897698371836301, 0.9501890569644603, 0.0345088810799896], [0.0046198812175779185, 0.011381239763443667, 0.4115471222645004, 0.5724517566544834], [0.005407818135893636, 0.9223586246782737, 0.02669626315345603, 0.045537293932381984], [0.00925742943359706, 0.9318562602949463, 0.036019316666250537, 0.022866993505190076], [0.007390790025863284, 0.18493560881179041, 0.04182987028257458, 0.7658437307797847], [0.012318146060353663, 0.16370283398636853, 0.7679413591269884, 0.056037660726284064], [0.01372928901939791, 0.005444927130126799, 0.9506689112264656, 0.030156872524012186], [0.01681714138702772, 0.005882793246333225, 0.45814725620016067, 0.5191528090664937], [0.015642524752551585, 0.9104758829867273, 0.017912630371950452, 0.055968961788786235], [0.025863159185729744, 0.8924505134443393, 0.05902689001780232, 0.02265943725214058], [0.021047084886848852, 0.2500519872539221, 0.015270581492503682, 0.7136303462667308], [0.037847778614723736, 0.35954281071889543, 0.5612352322323844, 0.041374178333999534], [0.7704216405966857, 0.0083818654639927, 0.01883324051086782, 0.20236325332845773], [0.8101325734467992, 0.010042728329161943, 0.1494348819180811, 0.030389816205947603], [0.6127610731363242, 0.02168803893760628, 0.009861516540679604, 0.3556893712853646], [0.7409314074103844, 0.026534270512724303, 0.2085846593238506, 0.023949662653067083], [0.8910698344559632, 0.054457602707814926, 0.013587281900350615, 0.04088528083587614], [0.8802443596010302, 0.06254282375749153, 0.033198671210714216, 0.024014145330777854], [0.06082039564387108, 0.007526064814721745, 0.019466547785281934, 0.9121869916561487], [0.07231883552012636, 0.007564292913503261, 0.8992006644785364, 0.020916206987855384], [0.029260834172148552, 0.0122161562506504, 0.006022508104109651, 0.9525005013730825], [0.060728288077776554, 0.019420610213791097, 0.9018621645445268, 0.017988937063895087], [0.13985535072388763, 0.7741402912568272, 0.031997767399013846, 0.05400659052029063], [0.14612821487329644, 0.7572775609924896, 0.06602405917472638, 0.03057016485947366]], "ideal": "C", "sampled": "C", "correct": true}}
{"type": "result", "data": {"idx": 15, "options": ["isupper()", "join(seq)", "len(string)", "ljust(width[, fillchar])"], "probs": [[0.9620125236878327, 0.009913529658638048, 0.00939611695352812, 0.018677829599981006], [0.9629374444830938, 0.009195520151687243, 0.010167077740579726, 0.017699957524626754], [0.9626737056325172, 0.010636066856836142, 0.008553216120326083, 0.018137011290336527], [0.9520706660738772, 0.011325531881929491, 0.012524723376758919, 0.024079078567433885], [0.965602712563645, 0.013850786286517893, 0.00814100798334049, 0.01240549306651311], [0.9549563101252462, 0.01702127050706816, 0.010646101879807768, 0.01737631738788293], [0.010409107003666325, 0.9620251051426533, 0.010084859706166778, 0.017480928047532585], [0.011994421181614076, 0.961391203728709, 0.01331067485170199, 0.013303700137961035], [0.01733711723947904, 0.008632027432925961, 0.9558005415314262, 0.018230313696186426], [0.013843661313079379, 0.008188649800358586, 0.012804634163524871, 0.9651630546230315], [0.01999534337674011, 0.012709942016226201, 0.9562776396541295, 0.011017074852923199], [0.01358434131577481, 0.011647033507429537, 0.015483799439229947, 0.9592848256375638], [0.007714846467245926, 0.9669994188775758, 0.011062791960749368, 0.014222942594439202], [0.008549820078548166, 0.9604084073184302, 0.014226252011886308, 0.016815520491119753], [0.01302936448748449, 0.006107667308599322, 0.9620998775550014, 0.018763090548935664], [0.01013878559625505, 0.005999479248725346, 0.010603635134246463, 0.9732580999207875], [0.011803640321289506, 0.01152756663038292, 0.95785531261519, 0.018813480333143], [0.011368171074599347, 0.010476794040498973, 0.014152912310970819, 0.9640021224739453], [0.010611097347097358, 0.9696182357330654, 0.009584041978722646, 0.010186624841108018], [0.009792534957523694, 0.9670427911884989, 0.00976577434940377, 0.013398899404580663], [0.020258250624507878, 0.01617873931744256, 0.9535593911050221, 0.010003618853020384], [0.016158406306536848, 0.014160282461449347, 0.013217972549781047, 0.956463338582218], [0.01506466224759292, 0.01412393296106115, 0.9569146224184296, 0.013896782272917413], [0.017225436466743117, 0.013868603434830842, 0.012552359614057226, 0.9563536003843647]], "ideal": "A", "sampled": "A", "correct": true}}
