{"type": "result", "data": {"idx": 0, "options": ["0.005 C", "0.01 C", "0.02 C", "0.5 C"], "probs": [[0.2399555291420942, 0.19548046343744538, 0.2756830509295997, 0.2888809563908638], [0.23848788965415263, 0.19084177348408163, 0.2517544025660087, 0.31891593419575875], [0.23387732102290912, 0.1839054690121487, 0.3099060279057318, 0.2723111819592009], [0.22664221399105702, 0.18632484050994133, 0.24687138221160804, 0.34016156318739504], [0.22903197451879076, 0.1728533849747452, 0.2917267932596945, 0.30638784714679773], [0.22883827504516444, 0.16447241409091076, 0.24308702410073796, 0.3636022866631888], [0.22496289843754916, 0.19770191008958682, 0.28866148561598254, 0.2886737057568718], [0.23225829444754859, 0.19706819284952995, 0.23222157861226284, 0.3384519339906603], [0.2386114360554896, 0.2151358218678655, 0.2683578114215464, 0.27789493055510145], [0.22737664842755148, 0.20707890100766518, 0.24735963047254259, 0.3181848199922429], [0.20454382628242068, 0.18302837512943837, 0.31255421624736757, 0.2998735822407763], [0.21201505347392716, 0.18561486687264728, 0.23749962666707014, 0.364870452886346], [0.2586333636676824, 0.175215874679937, 0.3247643665953071, 0.24138639495707484], [0.25984907427469667, 0.17680381934211747, 0.2038976919868043, 0.35944941429638183], [0.28546197230724896, 0.18178588064742082, 0.2956696728890853, 0.23708247405625904], [0.2645237031053329, 0.17120867204762752, 0.2096609569935438, 0.35460666775348454], [0.2303304564393491, 0.15863244289071934, 0.26863618526395394, 0.34240091530596684], [0.24767205397678183, 0.1653472637758544, 0.23774341868913573, 0.34923726345821793], [0.19492595616825728, 0.22432042180396838, 0.27767104669539644, 0.3030825752323695], [0.1939209007027, 0.20561425465753766, 0.25273259363355327, 0.3477322509062117], [0.22930411817272878, 0.15517437941182038, 0.32447916387170944, 0.29104233844375627], [0.22966773416009226, 0.15212275407933656, 0.26539613977476545, 0.35281337188582085], [0.21028070218718162, 0.166303075209397, 0.2874054590939402, 0.33601076340948305], [0.21189507732181773, 0.16925396683193883, 0.2828002821673711, 0.33605067357886265]], "ideal": "B", "sampled": "A", "correct": false}}
{"type": "result", "data": {"idx": 1, "options": ["the electric field produced by a finite-length charged rod", "the electric field produced by an infinitely long charged cylinder", "the electric field produced by an infinite plane of charge", "the magnetic field produced by an infinitely long, straight current-carrying wire"], "probs": [[0.18755616030204883, 0.1306586179513234, 0.34625035608945887, 0.3355348655571727], [0.1929757259531629, 0.19224181134236218, 0.2852706598227621, 0.3295118027816962], [0.16913960435755981, 0.2925865397757827, 0.16972878414579673, 0.36854507162085265], [0.179888210460902, 0.28965650968184453, 0.27864464159121877, 0.2518106381660274], [0.1779129706854272, 0.2962136212688569, 0.24747783253865543, 0.2783955754070671], [0.19815967930069764, 0.26883230086443216, 0.31666527510732934, 0.21634274462755818], [0.25396117684450537, 0.10140953689972582, 0.3418368231453877, 0.3027924630103912], [0.2722566827923488, 0.12417375958336793, 0.27125261138389656, 0.33231694614040735], [0.21917881779281384, 0.24640168072275753, 0.17031835857221422, 0.36410114281222056], [0.2251911484083512, 0.24155061314282572, 0.3379876334440415, 0.19527060490477496], [0.22324040442172408, 0.33776560801161315, 0.21136587487511554, 0.22762811259154242], [0.22492264708806325, 0.2776574910988475, 0.32598351991143454, 0.17143634180165926], [0.337528860321319, 0.1299419809347148, 0.19085468375284723, 0.34167447489111197], [0.3254846248531419, 0.13491655510370837, 0.2861472424101124, 0.25345157753305564], [0.3040334300137373, 0.1290712275877166, 0.1686109255525737, 0.3982844167459783], [0.2844659617039652, 0.12917861806317557, 0.3811236750963496, 0.2052317450365268], [0.2950045707777229, 0.2915736343103195, 0.19461500617488045, 0.2188067886370831], [0.2713501810506985, 0.29673916830878005, 0.259843281436418, 0.17206736910409576], [0.2777311355675147, 0.16586378058033302, 0.2733050133571462, 0.2831000703949885], [0.26985219766698204, 0.1472645234087378, 0.35748108176377236, 0.22540219706051337], [0.27916222515519445, 0.20003392841400836, 0.20428243356862516, 0.31652141276216766], [0.2578535573280586, 0.15908961289455162, 0.3742849478629771, 0.20877188181442968], [0.26744409298568583, 0.3043092852555655, 0.20220708918626507, 0.22603953247247702], [0.25086649546283635, 0.32852778928732823, 0.22629002572571708, 0.19431568942409855]], "ideal": "A", "sampled": "C", "correct": false}}
{"type": "result", "data": {"idx": 2, "options": ["electric field outside the object is zero", "the electric field outside the object is equal to the electric field inside the object", "the electric field outside the object is directly proportional to the distance away from the center of mass of the object", "the electric field outside the object, but very close to the surface, is equal to the surface charge density at any location divided by the permittivity of free space"], "probs": [[0.10730944810755737, 0.12183093153504769, 0.1954025804659998, 0.5754570397913759], [0.12301833511032308, 0.13295132974909188, 0.5903257807604443, 0.15370455428016533], [0.11333473048518612, 0.215888773390729, 0.12082517028804265, 0.54995132573604], [0.12714700003014193, 0.19148131608769767, 0.5348212519872158, 0.14655043179494168], [0.12847450691900206, 0.5059533174908281, 0.12185610047244375, 0.24371607501773207], [0.12896612112176706, 0.5406209523514156, 0.1727694230128384, 0.1576435034139865], [0.1788305629875109, 0.05967274746120904, 0.16500470836351783, 0.5964919810877388], [0.17346251231145385, 0.06370712580370429, 0.6316462267028697, 0.13118413508195134], [0.15978043960556998, 0.11964316459166334, 0.08403313448553203, 0.6365432612172115], [0.24553807014205298, 0.13424623102851296, 0.47045629539642975, 0.1497594033329859], [0.2042426113074463, 0.4189061965273749, 0.11474660629531028, 0.2621045857698497], [0.2381300383448334, 0.4866505932222214, 0.14138924841088865, 0.13383011992207383], [0.1690191155251036, 0.09897665641769102, 0.16252078966748756, 0.5694834382897198], [0.16461956449808432, 0.11564144092379382, 0.5625829691289607, 0.15715602534917522], [0.16899118489028658, 0.11727287884352985, 0.09065031167939396, 0.6230856244868094], [0.21839662838438373, 0.1364284713154047, 0.4740611394469007, 0.17111376075330456], [0.16952615872374951, 0.4718143444253421, 0.1260208036699146, 0.2326386930809938], [0.19946247885367913, 0.5104269143911265, 0.11680975428608878, 0.17330085236910436], [0.5212253141430385, 0.11010809999378714, 0.16815205944459455, 0.2005145263185761], [0.5203433098837297, 0.11959361906085503, 0.15267035860993086, 0.2073927123454659], [0.5705278475399471, 0.11126224590102311, 0.1075790255039388, 0.2106308809550971], [0.6170692530776147, 0.11709437907777619, 0.14546661391643506, 0.12036975382816371], [0.5481932957246174, 0.11122550149743549, 0.1107193592617408, 0.2298618434161868], [0.6023059752707837, 0.12476453004596334, 0.1372576833423065, 0.1356718112409521]], "ideal": "D", "sampled": "D", "correct": true}}
{"type": "result", "data": {"idx": 3, "options": ["Less, because the tension in the string varies directly with the wave speed, which varies inversely with the wavelength.", "Greater, because the tension in the string varies directly with the wave speed, which varies inversely with the wavelength.", "Greater, because the tension in the string varies directly with the wave speed, which varies directly with the wavelength.", "Less, because the tension in the string varies directly with the wave speed, which varies directly with the wavelength."], "probs": [[0.32113365519043235, 0.19670790465417723, 0.24808768270068068, 0.23407075735471952], [0.3565860393519196, 0.196489234655421, 0.23651938166220485, 0.21040534423045001], [0.2948026772626812, 0.24056288724750338, 0.3028208560205873, 0.16181357936922383], [0.3351413305279644, 0.29676616013784063, 0.16169121661549496, 0.20640129261868298], [0.2625269552191323, 0.16362255610198376, 0.3081547610721976, 0.26569572750669546], [0.27916318510586474, 0.1856214847458837, 0.2037955930593675, 0.33141973698888044], [0.32630121839639153, 0.19331422455879016, 0.24250284754268475, 0.2378817094021299], [0.3030628838061103, 0.1986630148152295, 0.28349288488978963, 0.21478121638887995], [0.253003262759585, 0.17632090458420396, 0.31254959345266653, 0.2581262391035546], [0.2594124547229864, 0.2001766107439482, 0.2033321287241774, 0.3370788057088732], [0.29235728982283365, 0.20173915114745042, 0.33505486068746876, 0.17084869824224333], [0.3208523600109136, 0.24880756548036043, 0.1663924047298376, 0.2639476696789097], [0.2833230458984043, 0.31626529882225207, 0.19671754733543032, 0.2036941078439071], [0.28255609495801315, 0.3250181153113729, 0.1881456217180262, 0.20428016791259593], [0.24067390335508862, 0.2152642538606473, 0.31890071468937725, 0.22516112799489404], [0.25352332717694687, 0.25863658120511546, 0.19476239270110693, 0.29307769881682594], [0.2517789514857491, 0.1450658795843613, 0.32573784771994496, 0.27741732110995265], [0.2852699753967139, 0.15179896191766823, 0.2786466882928178, 0.2842843742927962], [0.24500672960464803, 0.20872193558941726, 0.3060333806230534, 0.2402379540828641], [0.26277250535922536, 0.2420007194729832, 0.2065796085995777, 0.2886471664682207], [0.2952899901333231, 0.2928214345178697, 0.21637501251844252, 0.1955135627303587], [0.2860095422578036, 0.2986821835615087, 0.18902188820554575, 0.22628638587513883], [0.29793312022381124, 0.14262381540346986, 0.3037635986429902, 0.25567946562973565], [0.25882950472856514, 0.14174976695061842, 0.29444757035577596, 0.30497315786506135]], "ideal": "C", "sampled": "A", "correct": false}}
{"type": "result", "data": {"idx": 4, "options": ["I only", "II only", "II and III only", "(E) I, II, and III"], "probs": [[0.10163597335339089, 0.11651548724418621, 0.29236083570863364, 0.4894877035937773], [0.12789451605072766, 0.14521680021252148, 0.4301048924377664, 0.29678379119897463], [0.1108508991210468, 0.17536602441274282, 0.2170014113938233, 0.4967816649723802], [0.13447595187381786, 0.21393835059716382, 0.3365209379964891, 0.315064759432534], [0.14277888677195597, 0.2945280172233604, 0.22760656039882463, 0.3350865355058652], [0.14047567416149223, 0.26134720542861545, 0.2352042354288539, 0.3629728848810363], [0.11592583620987303, 0.09660922509224551, 0.2987129074550862, 0.4887520311427835], [0.13009171232741745, 0.11126603945500786, 0.44598299801399405, 0.3126592501035704], [0.11671448120832235, 0.22005876988475345, 0.17792634870101895, 0.48530040010589964], [0.13374454849678702, 0.30014186044439, 0.35239593760909327, 0.2137176533497329], [0.15610961831404457, 0.30360128745812476, 0.23056653174983957, 0.3097225623779834], [0.13777396564292224, 0.2727945737914725, 0.3663165844602319, 0.2231148760053784], [0.20014296464689138, 0.10757614396136195, 0.19779419129266965, 0.4944866999990875], [0.20151212394182874, 0.12566274627753005, 0.3853626757712067, 0.28746245390943753], [0.1929637379670327, 0.1392159149812982, 0.173274976553321, 0.494545370398347], [0.21912185799578712, 0.17599136503760207, 0.36245081828536163, 0.24243595858123926], [0.23854367486292433, 0.30629133246999635, 0.21090655238921285, 0.24425844017785828], [0.23317228965973405, 0.279424522757298, 0.27843531139043737, 0.20896787609252332], [0.24128229205147406, 0.1632538035800096, 0.20157616789002555, 0.39388773637850094], [0.21588952406673861, 0.17143352308139456, 0.26713673700191515, 0.3455402157499643], [0.2465664630296622, 0.19087015517746253, 0.20672830308114828, 0.35583507861172753], [0.19369566547498412, 0.2090611412066676, 0.3631433861953398, 0.23409980702300767], [0.22434353769460602, 0.24935583099328384, 0.2178415883502135, 0.3084590428618979], [0.2166519860647449, 0.2111370231386789, 0.33750159289563425, 0.23470939780094224]], "ideal": "D", "sampled": "D", "correct": true}}
{"type": "result", "data": {"idx": 5, "options": ["Equal to the block\u2019s gravitational potential energy when it was released, because total mechanical energy must be conserved.", "Equal to the block\u2019s gravitational potential energy when it was released, because the gain in kinetic energy compensates for the mechanical energy lost to thermal energy on the rough incline.", "Less than the block\u2019s gravitational potential energy when it was released, because the gravitational potential energy was converted both to thermal energy and to kinetic energy.", "Less than the block\u2019s gravitational potential energy when it was released, because the work done by the friction force must be greater than the block\u2019s gain in kinetic energy."], "probs": [[0.2757796526304165, 0.10937519184519488, 0.37097903815674105, 0.24386611726764565], [0.2839077120698647, 0.11990676911729076, 0.43799955112775646, 0.15818596758506026], [0.21602105371405686, 0.1943899613153023, 0.38434009216701776, 0.2052488927036392], [0.2486514998019958, 0.19026323927799416, 0.3438448063729529, 0.21724045444706344], [0.26135259262341265, 0.3460581790504517, 0.18267776137828312, 0.2099114668478532], [0.3066120764063061, 0.2596763264437592, 0.19761823313920876, 0.23609336391070787], [0.1669390073314713, 0.2224697480522466, 0.3667610437658305, 0.24383020075046724], [0.18478827680640741, 0.2240863568243449, 0.41466692657437104, 0.17645843969487912], [0.13667511065819118, 0.2000286923528215, 0.47132997785604674, 0.19196621903294508], [0.12410517253508874, 0.17416478348433523, 0.196133659893886, 0.5055963839866844], [0.16950329299169029, 0.21929246796575835, 0.44734237464025084, 0.16386186430231586], [0.15195261035006144, 0.20286224054754692, 0.16597137435886966, 0.47921377464351567], [0.13705718710500994, 0.3177701703991244, 0.3375457420072403, 0.2076269003886157], [0.13216236878715037, 0.3714508212881827, 0.31210505408409595, 0.18428175574057712], [0.13740749474437303, 0.229209934299349, 0.4217567309969297, 0.21162583985935196], [0.10571967602808945, 0.22726913210584382, 0.2561966102210534, 0.4108145815450161], [0.12139291212297003, 0.12662514688414048, 0.5645526180961387, 0.18742932279676525], [0.09697008382670175, 0.10471575119791582, 0.3135585714300832, 0.48475559344530483], [0.21647280119563142, 0.3957270846720223, 0.18919380384612844, 0.19860631018619715], [0.17248498230511222, 0.3714938733798222, 0.22983624413717177, 0.22618490007788988], [0.21238466299898962, 0.1438611611125897, 0.4691302484152131, 0.1746239273732123], [0.1957728876654282, 0.15729176157569066, 0.2412859301057332, 0.40564942055315645], [0.17038749322287455, 0.1037524893673556, 0.5304646307405912, 0.19539538656917604], [0.14836080114017935, 0.09102887333932398, 0.31742733776540943, 0.44318298765510633]], "ideal": "C", "sampled": "A", "correct": false}}
{"type": "result", "data": {"idx": 6, "options": ["The small block is most likely to slide off when the original block is at maximum displacement from the equilibrium position, but will not slide off as long as the coefficient of static friction between the blocks is greater than kA/[(M+m)g].", "The small block is most likely to slide off when the original block is at the equilibrium position, but will not slide off as long as the coefficient of static friction between the blocks is greater than kA/[(M+m)g].", "The small block is most likely to slide off when the original block is at maximum displacement from the equilibrium position, but will not slide off as long as the coefficient of static friction between the blocks is greater than (M+m)g/(kA).", "The small block is most likely to slide off when the original block is at the equilibrium position, but will not slide off as long as the coefficient of static friction between the blocks is greater than (M+m)g/(kA)."], "probs": [[0.1767450449069235, 0.24633547969392405, 0.2703751571311216, 0.3065443181680289], [0.1787796596860467, 0.25811825591581833, 0.2637157852602461, 0.29938629903791125], [0.19054471232856404, 0.3246108831038481, 0.16779996407629424, 0.3170444403912906], [0.18897905913953109, 0.3314910730624702, 0.17710187564206112, 0.30242799205592247], [0.18727266287112604, 0.29802556807749386, 0.24427081865385084, 0.27043095029751396], [0.17540044940303423, 0.3018971594431818, 0.2444866285541047, 0.2782157624996763], [0.16831906011242373, 0.26257793882074876, 0.2911350363530271, 0.27796796461379775], [0.17471395762611858, 0.28023091697269115, 0.23550760558411413, 0.30954751971705075], [0.18492900459770417, 0.29847834461225975, 0.260360515793582, 0.2562321348964515], [0.17332737514799038, 0.3175270812902663, 0.2424098774691247, 0.2667356659926171], [0.19662960788101772, 0.3091874446473384, 0.1793781626933775, 0.31480478467827777], [0.19674996228482472, 0.30772248240133926, 0.20367616074782444, 0.2918513944660234], [0.1845137899441082, 0.30255651299813174, 0.1612875140661345, 0.3516421828916473], [0.18602563312079876, 0.30311833460718507, 0.17476023170885058, 0.33609580046316445], [0.17100316239558389, 0.26526071543596463, 0.2625579183318071, 0.3011782037366435], [0.1877597653591593, 0.295336565767399, 0.21520367463362647, 0.3016999941398034], [0.18114023897061857, 0.26990289291921843, 0.20846360807959394, 0.34049325993056995], [0.18089760900906998, 0.2725901919391255, 0.21945325007413785, 0.327058948877666], [0.1652466404162421, 0.27939105051096386, 0.25739793753808576, 0.2979643714347177], [0.18275100302100425, 0.29484943558356813, 0.2314472307872431, 0.2909523305081714], [0.18763743361353524, 0.2750652387531333, 0.20018372669334822, 0.3371136008399695], [0.19056877965592509, 0.27604268998290304, 0.20555792545362137, 0.32783060480753773], [0.17090333946111524, 0.2855692735957635, 0.23816610902588498, 0.30536127781722283], [0.1733687743342489, 0.2919560398805761, 0.19532306381292913, 0.3393521218722209]], "ideal": "A", "sampled": "C", "correct": false}}
{"type": "result", "data": {"idx": 7, "options": ["0.005 J", "0.01 J", "0.05 J", "0.1 J"], "probs": [[0.16612576072920998, 0.17684517673097266, 0.3194663297071587, 0.3375627327326414], [0.17098512614677144, 0.16766590742123536, 0.2796224206614911, 0.38172654567049624], [0.16683745011103815, 0.20844700102614824, 0.26960961407553374, 0.3551059346872762], [0.1764851393200964, 0.22004570180007102, 0.2617945117734277, 0.341674647006401], [0.16793167691150274, 0.1673006719028667, 0.30160072365259016, 0.3631669274330356], [0.16559348026139944, 0.16459439715552204, 0.32158728751591725, 0.3482248349671682], [0.16034248634900705, 0.14347308508495388, 0.32696199802535886, 0.369222430440685], [0.1558400837628167, 0.1390941793948097, 0.2825577186316783, 0.4225080181106862], [0.15879301617920424, 0.1736699039416906, 0.2823429427246174, 0.385194137054471], [0.17339156670508207, 0.1964317319610464, 0.3120260501715326, 0.31815065106235857], [0.15887607215986743, 0.19731156960254212, 0.2301439850586397, 0.413668373078957], [0.16130118388382528, 0.19338115159547123, 0.26954432506712445, 0.37577333935359847], [0.18390476789757018, 0.15726909142674067, 0.26494010592401684, 0.3938860346516782], [0.17975259734259202, 0.15739122327352967, 0.24333183094425692, 0.419524348339626], [0.18610504017263535, 0.15189662024892286, 0.28544890401728257, 0.37654943546116704], [0.1813875519434732, 0.15059084026601094, 0.32191088421411496, 0.34611072347638266], [0.19049835633564974, 0.1738717762787782, 0.24076591991217572, 0.3948639473734025], [0.1925765711879435, 0.17301749260718924, 0.2673792651042353, 0.36702667100063957], [0.15987151746235337, 0.15167117762325563, 0.2981847307311523, 0.39027257408323224], [0.1488817306179857, 0.1431241489542676, 0.32700272952679155, 0.38099139080094774], [0.1562087414264266, 0.1528927671503114, 0.27620553446452456, 0.4146929568587306], [0.15498773282258896, 0.1543575501859242, 0.2710778417749934, 0.4195768751164867], [0.15166992704118892, 0.13749065897277454, 0.29057921611612486, 0.4202601977699173], [0.1669342558786346, 0.14811245588332986, 0.29399779615903787, 0.3909554919790036]], "ideal": "C", "sampled": "C", "correct": true}}
{"type": "result", "data": {"idx": 8, "options": ["v0^2/(2\u03bcg)", "v0^2/(\u03bcg)", "2v0^2/(\u03bcg)", "mv0^2/(\u03bcg)"], "probs": [[0.23221184573388318, 0.19967944098255366, 0.2427657103797744, 0.3253430028037834], [0.23230859408414029, 0.18476018144085862, 0.2993882318143704, 0.2835429925606378], [0.20400046565324492, 0.13557380058620186, 0.39296841134771976, 0.2674573223128244], [0.20631224421431452, 0.14143356589835349, 0.23410061604809615, 0.41815357373922646], [0.23294362018198528, 0.157920340944596, 0.3502270817637192, 0.25890895700969035], [0.20274246956966396, 0.15069641457718289, 0.22088664427414978, 0.4256744714790051], [0.16015224866350286, 0.18112059861877278, 0.33972632573985734, 0.319000826877858], [0.1524389327902797, 0.16766815187107945, 0.3406619290877694, 0.33923098615087466], [0.1460693422069568, 0.12968252548950696, 0.39702634979948626, 0.32722178240406447], [0.1513523047812036, 0.13520729115527316, 0.3021192349388014, 0.4113211690247121], [0.1549982431720467, 0.1528968034204934, 0.34237440575636013, 0.3497305475511018], [0.16343932992798607, 0.172940897754578, 0.23642280183159098, 0.4271969703858344], [0.18995376954533527, 0.2794160259071187, 0.22897278181182698, 0.3016574226357102], [0.16743726262800634, 0.23552143016508006, 0.2502831888566997, 0.3467581182502271], [0.17246591493169522, 0.20356452502702405, 0.31160472107928344, 0.31236483886199995], [0.1713822656712245, 0.2133574534681584, 0.22836366074874792, 0.3868966200118587], [0.16317913644615728, 0.14520328025051288, 0.3475052450740611, 0.3441123381292678], [0.17942032867449578, 0.1665703869561881, 0.30818748526199163, 0.3458217990073262], [0.18006356517404684, 0.2503537823888233, 0.29503343136543775, 0.274549220971684], [0.15622427003920691, 0.177069466885545, 0.3306509321903785, 0.33605533078487204], [0.16147060354072032, 0.14593736852271716, 0.32943094153226843, 0.3631610863042962], [0.17687607180428586, 0.16744704872150154, 0.24362501194975972, 0.4120518674244442], [0.138028260840732, 0.12566681916073624, 0.41929887632827595, 0.31700604357025697], [0.15269931569415507, 0.1389935347712775, 0.35902400515448296, 0.349283144280075]], "ideal": "A", "sampled": "A", "correct": true}}
{"type": "result", "data": {"idx": 9, "options": ["0.5 s", "1 s", "2 s", "4 s"], "probs": [[0.21224215075604125, 0.24711966499628943, 0.25834395993651027, 0.28229422421116734], [0.20860155277948286, 0.2453180273218867, 0.26106234487253055, 0.2850180749260958], [0.22213177139882043, 0.2825225510371679, 0.23502545066256608, 0.2603202268014557], [0.22592287086905624, 0.3057208518630904, 0.3008305211927614, 0.16752575597510036], [0.2105275579317253, 0.2698253285692069, 0.21341744144390265, 0.30622967195517503], [0.21546640367961578, 0.27428788519866565, 0.24595238671877334, 0.26429332430293095], [0.166823364128691, 0.26909479713006906, 0.30156607082849546, 0.2625157678127528], [0.16254323305424245, 0.2566415073099315, 0.2340520473158962, 0.34676321221993767], [0.1596360613175315, 0.2539868899855103, 0.30452944987895303, 0.28184759871800197], [0.14864355784614286, 0.27059430048755323, 0.32064925247421294, 0.26011288909208646], [0.1392372060768587, 0.2857326955787964, 0.21820628066732997, 0.3568238175770118], [0.14398349113146358, 0.3084055396731057, 0.23917914637296744, 0.30843182272247316], [0.20533371817346577, 0.24046107688715995, 0.2801454815968519, 0.2740597232425086], [0.19751609199299067, 0.23826360716587253, 0.29528838167944166, 0.26893191906168157], [0.20069278533569515, 0.20505205366731635, 0.3326532775046076, 0.26160188339236534], [0.17829326705675771, 0.19853039557479224, 0.30400589078391893, 0.3191704464845398], [0.18066129818490062, 0.3206896403399947, 0.19796156231425494, 0.3006874990608366], [0.17220953467584255, 0.32602611920357294, 0.17620548049428253, 0.32555886552629926], [0.2281355297524772, 0.21601458676267135, 0.22589744305813475, 0.3299524403267144], [0.23665734980384068, 0.21464546800517914, 0.27616956445852914, 0.27252761763246125], [0.21408821606708728, 0.15753316588243377, 0.2754689033199331, 0.3529097146305424], [0.22138738381075054, 0.16715858206060652, 0.28105262464983566, 0.3304014093788157], [0.22606034807249328, 0.21955386808781646, 0.24054794883940747, 0.3138378349002813], [0.21943685727078205, 0.23076065762141654, 0.2025523264935932, 0.34725015851421726]], "ideal": "B", "sampled": "D", "correct": false}}
{"type": "result", "data": {"idx": 10, "options": ["The average kinetic energy of the hydrogen gas is greater than the nitrogen gas.", "The average force exerted on the container by the hydrogen gas is greater than the nitrogen gas.", "The density of the hydrogen gas is less than the nitrogen gas.", "The pressures of the gases cannot be compared without knowing the number of molecules in each container."], "probs": [[0.1054120497105928, 0.0914183232736156, 0.5719834564344167, 0.23118617048136256], [0.09091828554001773, 0.08590730425786922, 0.12185671585420423, 0.7013176942479168], [0.1003304415080412, 0.423938670698461, 0.16923144958559078, 0.30649943810791264], [0.12072484853577321, 0.4459149340402578, 0.19474955529730684, 0.23861066202666822], [0.08934733918645531, 0.06351208896746534, 0.13494575286398236, 0.7121948188820865], [0.15013675342015426, 0.08294417499412687, 0.5207916853008902, 0.24612738618480076], [0.06687398655218897, 0.3790098294283262, 0.37435630745919096, 0.17975987646029623], [0.060180542156873, 0.31038582017192273, 0.11172268877146616, 0.5177109487997456], [0.05969088028134368, 0.3120558094064188, 0.43826756461505856, 0.18998574559719617], [0.061926504605016766, 0.2652408461314204, 0.08767866864207591, 0.585153980521484], [0.05893989779400503, 0.06326631147995912, 0.5060490627217016, 0.37174472790432306], [0.055476407327917046, 0.05788023657587704, 0.3933775704749967, 0.4932657855212177], [0.1482629948523576, 0.36608904677529336, 0.16252696927631993, 0.32312098899602754], [0.1632680609931924, 0.3594515005135226, 0.29448437805382005, 0.1827960603394761], [0.10032512946273339, 0.07735907206174694, 0.5958112766781064, 0.22650452169741941], [0.09572934447443991, 0.07209933943224017, 0.11384698080468048, 0.7183243351886587], [0.20055569241452784, 0.07169890549644112, 0.5314797295666114, 0.196265672422405], [0.10312657155683724, 0.05205155556242969, 0.10348071242428843, 0.741341160356453], [0.05673849082026041, 0.22263800437905398, 0.13982528960722126, 0.5807982150934563], [0.06260724470200635, 0.26329810536136566, 0.43423459120260327, 0.2398600586340168], [0.04564848007601323, 0.08456074163951229, 0.5367038860887106, 0.33308689209577375], [0.03848122668648187, 0.07175558520766662, 0.38710991778582216, 0.5026532702200159], [0.05550905213040516, 0.3071831156165574, 0.3806583596597929, 0.25664947249326187], [0.042715273285808285, 0.18364614397933718, 0.09529728807735514, 0.6783412945575094]], "ideal": "D", "sampled": "A", "correct": false}}
{"type": "result", "data": {"idx": 11, "options": ["Move the boy to half his original distance from the fulcrum.", "Move the girl to double her original distance from the fulcrum.", "Allow a second girl of mass m to join the first.", "Move the fulcrum to half its original distance from the boy."], "probs": [[0.14141851463367514, 0.20967084104084902, 0.17730115706728283, 0.4716094871581834], [0.16032724044773905, 0.20622724589083902, 0.2700668992731031, 0.363378614288322], [0.13077113701281565, 0.11763804180730897, 0.33695221501729256, 0.414638606062592], [0.1503312969855702, 0.13066372301007398, 0.2701012101724307, 0.44890376973191537], [0.14447527914469843, 0.24422810798218586, 0.32358211887982374, 0.28771449389328363], [0.1294526637882845, 0.2837882287632855, 0.1835289589872854, 0.4032301483611348], [0.16826331203856462, 0.17301715880721802, 0.19669132644358672, 0.462028202610634], [0.1957855446841997, 0.1642674504532154, 0.3343681139609077, 0.3055788908016557], [0.15057639407012524, 0.13212950629841064, 0.26423803037740645, 0.45305606915405106], [0.16995487942950813, 0.13368441928358457, 0.380634228841004, 0.3157264723459195], [0.1885349052587201, 0.24688381069162307, 0.2598122740513397, 0.30476900989832095], [0.1686310579888874, 0.25518443628273785, 0.21231936454543557, 0.36386514108294216], [0.17739727074672218, 0.1609089712138792, 0.26271003256844233, 0.39898372537097115], [0.17326642882755444, 0.16178298747502232, 0.24101094859539082, 0.4239396350020344], [0.16877015552879512, 0.18427029918673501, 0.20318691587867205, 0.44377262930578926], [0.1899507220833303, 0.20532091888412013, 0.29880817644121677, 0.3059201824913599], [0.16840325981951765, 0.17096072941522064, 0.23322599068244323, 0.42741001998280864], [0.18545651599809554, 0.18581331603038462, 0.3100760936695604, 0.3186540742019743], [0.1783783661193972, 0.1728755972145488, 0.3540212596657844, 0.29472477690028565], [0.17595433501937113, 0.1974362123951222, 0.1843603855105027, 0.44224906697500665], [0.19146396092174234, 0.2327206724442175, 0.26371963464438425, 0.31209573188965967], [0.18377032925411887, 0.24492828375105832, 0.19986644137879347, 0.37143494551603196], [0.1602042756908596, 0.12649718670232504, 0.313044379010255, 0.4002541584965633], [0.15741467199557066, 0.12309296529497495, 0.28499716912722933, 0.4344951934822173]], "ideal": "D", "sampled": "D", "correct": true}}
{"type": "result", "data": {"idx": 12, "options": ["The high temperature water will rise to the top of the container until it has cooled and then mixes with the alcohol.", "The molecules of the water continue to have a higher kinetic energy than the molecules of the alcohol, but the two liquids mix until the energy is spread evenly throughout the container.", "The hot water produces thermal radiation that is absorbed by the cold alcohol until the kinetic energy of all the molecules is the same.", "The water molecules collide with the alcohol molecules, transferring energy until the average kinetic energy of both the water and alcohol molecules are the same."], "probs": [[0.014851581635811593, 0.11662748551140088, 0.05336717925571174, 0.8151537534970756], [0.017822729281603892, 0.0748640106540941, 0.8029593062684209, 0.10435395369587679], [0.013000895872472726, 0.04969370221812648, 0.2927427550072371, 0.6445626468021884], [0.018903133514135636, 0.04948347234997138, 0.7520107116428633, 0.1796026823930471], [0.012119400140635051, 0.6578673610181298, 0.24544208211140756, 0.08457115662982764], [0.013629296947290984, 0.6860774917855903, 0.0788129791375468, 0.22148023202959083], [0.08080185446070964, 0.01653951521225681, 0.05957197824808824, 0.8430866519789297], [0.034936624285130884, 0.01027866165855482, 0.8806554202518948, 0.07412929370440881], [0.0691969099922078, 0.05215619399960587, 0.03215366879755429, 0.8464932271106181], [0.0776722197632605, 0.05116915453359737, 0.8282652794570343, 0.042893346146116465], [0.08585701587399705, 0.7022364294235126, 0.06978241443005587, 0.1421241401724481], [0.1158488154845054, 0.6783843755784755, 0.14250571136458087, 0.06326109747244237], [0.04432837207972181, 0.010298008666059788, 0.24807219234835, 0.6973014268058892], [0.034836742490084005, 0.009520292831381871, 0.8335511640784637, 0.12209180050008603], [0.048458231699182015, 0.08450934837765248, 0.03578211852762867, 0.8312503012955359], [0.07861047206464362, 0.09753212198856039, 0.7674246302959626, 0.056432775550816126], [0.0529564962368858, 0.6134922610380887, 0.049250626973671705, 0.28430061565134707], [0.06059616280747076, 0.5803267320167205, 0.3087483258484709, 0.05032877922732155], [0.49477366822939195, 0.024081293391535044, 0.38168961486009667, 0.09945542341897655], [0.645241473990824, 0.02548991487509859, 0.10837846710015664, 0.22089014393391823], [0.7161286779841279, 0.1355819165398321, 0.04631892348045823, 0.10197048189557177], [0.709858321910406, 0.13682173845578716, 0.10510255484388992, 0.04821738468989741], [0.6090154750519426, 0.08231143998247757, 0.04325597474994647, 0.2654171101156462], [0.5006999714503406, 0.08018993920339718, 0.37489770159408864, 0.044212387652164384]], "ideal": "D", "sampled": "D", "correct": true}}
{"type": "result", "data": {"idx": 13, "options": ["4 s", "2 s", "0.06 s", "0.03 s"], "probs": [[0.20408755662355754, 0.2578947499921217, 0.20367372024292857, 0.33434397304139185], [0.19629911526559593, 0.2499887929043379, 0.2579177953955682, 0.2957942963344855], [0.2250642781919406, 0.2189182903915596, 0.24906310723005154, 0.3069543240864612], [0.21510655300242454, 0.20285398802150925, 0.30041162391886156, 0.281627834957193], [0.22304664335234878, 0.2567041926137069, 0.25229987686996, 0.26794928706397186], [0.224241388919082, 0.2500781704322459, 0.23260893585836806, 0.29307150469030535], [0.19444208507602478, 0.2747420655117237, 0.20062171178010602, 0.33019413753214555], [0.18758403895089126, 0.2568842375563336, 0.2583433465670008, 0.2971883768257874], [0.21117305347278278, 0.24055518068504803, 0.22955927194311243, 0.31871249379905686], [0.20736665300014182, 0.2163558300734325, 0.32231335901415414, 0.2539641578122839], [0.2084634239104546, 0.2744647402852226, 0.21378252719722884, 0.30328930850710656], [0.20763814730061725, 0.2671714252682196, 0.24750535297012569, 0.2776850743610393], [0.20614055761690467, 0.2639669073392971, 0.2646905360577374, 0.2652019988860733], [0.22039895498089104, 0.2527033229789075, 0.24390626439829888, 0.28299145754192684], [0.22885811238147138, 0.2803256948878554, 0.268106801577864, 0.22270939105282142], [0.2383160262909965, 0.25768064827014264, 0.24436031350783388, 0.2596430118310148], [0.23498505615612267, 0.27742976181109874, 0.17253769093644641, 0.31504749099633184], [0.2518125473103598, 0.29033571904323735, 0.1824052091139535, 0.27544652443246087], [0.24423771321183566, 0.2476074056821393, 0.25956149714472354, 0.24859338386131377], [0.24927271207587526, 0.2161361712564154, 0.2537308521924917, 0.2808602643752187], [0.27232219878969943, 0.23527729708322118, 0.23990421474661686, 0.25249628928047435], [0.26750418885603394, 0.2124999910370596, 0.24887567212179915, 0.2711201478850962], [0.2645702750463986, 0.24327074665258522, 0.18830881184689743, 0.3038501663541074], [0.280141021640689, 0.2423568118304844, 0.19693008433478196, 0.28057208209405854]], "ideal": "B", "sampled": "D", "correct": false}}
{"type": "result", "data": {"idx": 14, "options": ["10 N/kg", "4 N/kg", "2 N/kg", "0.5 N/kg"], "probs": [[0.17572243839206234, 0.2551839282828053, 0.20451072211755894, 0.36458291110757585], [0.17682314953466513, 0.24785787390376451, 0.2727568411271034, 0.30256213533446996], [0.1866885637914988, 0.25515245775343537, 0.2046068031439922, 0.35355217521108817], [0.18976785484832553, 0.2549387895364097, 0.30498821825504235, 0.25030513726022524], [0.18771498309731785, 0.26156199641918376, 0.25203234001638797, 0.2986906803671016], [0.1926991377846478, 0.28423956958518803, 0.23930420419670562, 0.28375708833346236], [0.19464660328551656, 0.23796990123828166, 0.1842434162365492, 0.38314007913965514], [0.19647992969696018, 0.2301555806583503, 0.21488610833962524, 0.3584783812050677], [0.19791957569251503, 0.24831750631234698, 0.18312192726964396, 0.370640990625508], [0.21328265124129983, 0.281485710035297, 0.3195616187274898, 0.1856700198959403], [0.20832512299681638, 0.27447374406842745, 0.18241080376779079, 0.3347903290669681], [0.20627848050911227, 0.2818322795497637, 0.280849191794735, 0.2310400480463801], [0.18734499093659812, 0.2466671006047319, 0.2064887085432103, 0.3594991998154502], [0.18710258132484572, 0.2370206774299552, 0.23786844826111742, 0.33800829288407297], [0.20541847807801739, 0.20783948955316936, 0.24873606853361002, 0.33800596373519376], [0.2187319734880775, 0.22517744308120563, 0.3155267998396149, 0.24056378349109273], [0.19672603575389971, 0.2896128470197289, 0.17569666328568045, 0.3379644538406931], [0.199610054077292, 0.30736091414929395, 0.2217924580641542, 0.2712365736092872], [0.22862124190686262, 0.1708425917122686, 0.2666825188738099, 0.3338536474070502], [0.22478185860589753, 0.16872690395849493, 0.29371754753813384, 0.31277368979748993], [0.2417825064791945, 0.1985351506715207, 0.2681153438182088, 0.29156699893107973], [0.24190368029911208, 0.19890104248834817, 0.2720222869084531, 0.2871729902040907], [0.22752700901903544, 0.22615419581136248, 0.2676593522617197, 0.27865944280787375], [0.2299386832808847, 0.2335737222236206, 0.24052403254944493, 0.2959635618460533]], "ideal": "B", "sampled": "D", "correct": false}}
{"type": "result", "data": {"idx": 15, "options": ["\u03c3/2\u03b5o, down", "\u03c3/2\u03b5o, up", "\u03c3/\u03b5o, down", "\u03c3/\u03b5o, up"], "probs": [[0.1828312622796028, 0.17304165350786968, 0.18279317157640276, 0.461333912536116], [0.19660712165727118, 0.1810790336329278, 0.1678764604705596, 0.45443738413924484], [0.19541154381489245, 0.22981808013357513, 0.19964401088980002, 0.37512636506172387], [0.20271256620933345, 0.23967943480402787, 0.19644606282431856, 0.3611619360623225], [0.22960058438733896, 0.15387003426298218, 0.21283026198873742, 0.4036991192609335], [0.2107960301969114, 0.139828049061135, 0.3164954610283143, 0.33288045961363105], [0.1805105130415752, 0.2106493773214838, 0.1611822253175152, 0.44765788421941566], [0.16317252463533555, 0.22041829795259782, 0.18316060378306123, 0.4332485735289961], [0.2061553701212828, 0.19172215870889575, 0.23676233348449008, 0.3653601375853231], [0.20322489171223446, 0.19233314329853693, 0.2459203928933314, 0.35852157199588885], [0.18818406252526954, 0.2006121542454846, 0.23636786162113183, 0.3748359215081175], [0.19196836026021116, 0.21294323486059816, 0.22708967793865031, 0.3679987268405429], [0.1951647078019237, 0.2049099242952475, 0.23261233639480527, 0.367313031408014], [0.2012477659300056, 0.22588343684223633, 0.19168413116683933, 0.3811846659609224], [0.19968397187203113, 0.14166066045334277, 0.3594764886972024, 0.2991788788774148], [0.23396562079377078, 0.16361913074048515, 0.19095191679549195, 0.4114633315702547], [0.143104018335785, 0.1738538819752288, 0.1847044928175197, 0.49833760677147965], [0.15629106202392987, 0.18923658455386205, 0.16736982676224685, 0.48710252655997477], [0.20346987761320998, 0.17475080206953839, 0.3023306675580696, 0.3194486526591743], [0.21870259307536336, 0.1991463628134317, 0.18167326472379294, 0.4004777792874144], [0.18683956004832686, 0.1775384248604052, 0.2915517748019806, 0.3440702401892905], [0.202494290724571, 0.20442212368836074, 0.20526035340101068, 0.3878232320860493], [0.17035089433569542, 0.18742727162860962, 0.16091965531164237, 0.4813021786240533], [0.15525157682783722, 0.20090651090607003, 0.19734930179443322, 0.4464926103716376]], "ideal": "A", "sampled": "A", "correct": true}}
