{"type": "result", "data": {"idx": 0, "options": ["total revenue is greater than total cost at its greatest distance", "total revenue is equal to total cost", "marginal product is at its highest point", "total product is at its highest point"], "probs": [[0.054056109365518155, 0.6235387376979152, 0.13513812789493226, 0.18726702494164593], [0.04722489565568879, 0.5620839104248619, 0.18276768531923712, 0.20792350850021193], [0.06808297013853906, 0.02564626715105876, 0.7038137524691207, 0.20245701014126452], [0.08962304947233851, 0.035349568461256024, 0.19083182967315393, 0.6841955522932472], [0.08211145424578917, 0.06696916749713205, 0.5703660436379064, 0.2805533345191765], [0.06034070707355921, 0.047063446253197194, 0.13428372436852026, 0.7583121222047339], [0.3750267372388208, 0.1024902602905839, 0.2580659560744641, 0.26441704629614193], [0.30176502741695804, 0.07703199727908085, 0.37254723290486114, 0.248655742299117], [0.37989818391269686, 0.06076714852473108, 0.23047210605063698, 0.32886256141194736], [0.37900358424319164, 0.0687473924344398, 0.3638486722345192, 0.18840035098784064], [0.35726846674133744, 0.09194643957612159, 0.23479346586391667, 0.31599162771861644], [0.3047503195193957, 0.08699606668465458, 0.42902088627554597, 0.17923272742040086], [0.10751131918665137, 0.042247687204144686, 0.5923807386452411, 0.2578602548639591], [0.1264006598066613, 0.046377775522177055, 0.32458641902469265, 0.5026351455464444], [0.1776624961277495, 0.1783908615032647, 0.18583391038192315, 0.4581127318870549], [0.17351412376453518, 0.15079894085030016, 0.47910343129073973, 0.19658350399441746], [0.14137199031553588, 0.07001469954030747, 0.17090858028937933, 0.6177047297547864], [0.21604425279887773, 0.10948782430466901, 0.48969554866869014, 0.18477237412773734], [0.07148937473149328, 0.03485925885312382, 0.7168681476992445, 0.1767832186161416], [0.08613061800239777, 0.04324848169163726, 0.2031316897908179, 0.6674892104151592], [0.18120479001497772, 0.19756102821982635, 0.2300307197456578, 0.39120346191953187], [0.1552004155294071, 0.13016453698986602, 0.5025454153051142, 0.21208963207560572], [0.09437810917048997, 0.06653978819838176, 0.17738954765424786, 0.6616925548768835], [0.11544131332549412, 0.0801538171607136, 0.6191982626942977, 0.18520660671949835]], "ideal": "A", "sampled": "B", "correct": false}}
{"type": "result", "data": {"idx": 1, "options": ["Increase capital and decrease labor so that the marginal product of capital falls and the marginal product of labor rises.", "Increase capital and decrease labor so that the marginal product of capital rises and the marginal product of labor falls.", "Decrease capital and increase labor so that the marginal product of capital rises and the marginal product of labor falls.", "Decrease capital and increase labor so that the marginal product of capital falls and the marginal product of labor rises."], "probs": [[0.12626247422318604, 0.1549459818442043, 0.18839694075829444, 0.530394603074312], [0.18831558706318122, 0.16351240455549473, 0.38171135624723296, 0.266460652034079], [0.12197663193367997, 0.280297034254035, 0.2102262473324856, 0.3875000863798089], [0.12825094241698992, 0.25011430661081246, 0.34048371094987895, 0.28115103992229273], [0.1843876664422722, 0.3098753406271791, 0.20170462298876501, 0.3040323698417829], [0.1599845792319878, 0.27206288859893, 0.17498756168070814, 0.3929649703883596], [0.23386101531359854, 0.16204659765334936, 0.22309642643414923, 0.3809959604988896], [0.20159834885613656, 0.138340798527592, 0.2876557092550139, 0.3724051432612559], [0.1868007261065922, 0.13246428270621194, 0.2961662080160399, 0.38456878307116615], [0.15631660946617296, 0.12199514203188976, 0.2503277435888735, 0.47136050481304786], [0.14627306685935032, 0.3474376457186517, 0.19716434499272342, 0.3091249423292838], [0.14911682679243182, 0.3406853302975831, 0.17877394105240063, 0.33142390175756903], [0.13882648112869542, 0.3349854391964848, 0.26101000480792363, 0.2651780747669067], [0.1267544952826619, 0.35456180396462345, 0.1763101842718041, 0.34237351638090785], [0.13296126122385837, 0.1474798565926313, 0.2527077130943675, 0.46685116898915247], [0.16336257514810426, 0.16957603962058024, 0.3198483584413406, 0.3472130266899858], [0.1544506522752697, 0.20448901880642223, 0.21229946219168253, 0.4287608666266359], [0.18721586207675872, 0.21809159236058137, 0.23664988878464505, 0.35804265667800217], [0.23419975522718522, 0.18888696363366247, 0.21403370925753834, 0.3628795717816137], [0.268356282409237, 0.21803993761512433, 0.1961843143322346, 0.31741946554341566], [0.18758527585180992, 0.28427213688414016, 0.32725505046870773, 0.20088753669532883], [0.1594969366445491, 0.3074738830573593, 0.14128602372631072, 0.39174315647176566], [0.23636931329487362, 0.1270927594469124, 0.3269278882611364, 0.30961003889708916], [0.15894640313515943, 0.12182891427309804, 0.17626637237425988, 0.5429583101175034]], "ideal": "C", "sampled": "D", "correct": false}}
{"type": "result", "data": {"idx": 2, "options": ["the supply curve intersects the demand curve", "neither party has an incentive to deviate from his or her strategy", "the marginal revenue curve intersects the marginal cost curve", "the equilibrium is unstable and each party would like to switch strategies"], "probs": [[0.026163064277573343, 0.8311397318950675, 0.05210446676885618, 0.09059273695850649], [0.03556828428331065, 0.87172421529097, 0.040722442920490355, 0.05198505740522616], [0.022494991109249556, 0.009241884217160512, 0.8905644940917362, 0.07769863048187431], [0.02220531163603915, 0.013415529099148444, 0.023087913018758625, 0.9412912461460767], [0.01247689171929337, 0.006327178315610366, 0.9413389673032339, 0.03985696256188365], [0.03434928843177548, 0.011138292636827985, 0.032910922149909885, 0.9216014966814751], [0.9043534966553819, 0.009650114439895947, 0.029074844391612342, 0.05692154441312027], [0.9195981725661471, 0.012742505343493356, 0.02480366755595444, 0.04285565443440474], [0.9237950580710805, 0.009733237889062562, 0.02191518990351219, 0.044556514036365145], [0.9349081057833439, 0.012317412123667671, 0.025266397747607038, 0.027508084245362018], [0.9314038121202226, 0.009370483123263823, 0.02634851170243654, 0.03287719295406963], [0.9407408823929305, 0.00920298300576093, 0.027296577315495712, 0.022759557185798973], [0.05278647580299584, 0.00902351159567564, 0.8781427734041763, 0.060047239097142], [0.04301993219727678, 0.011557993209941064, 0.024805671329989353, 0.9206164031627815], [0.03458758235839368, 0.873110641328332, 0.032203066264668304, 0.0600987099486121], [0.043044778328417445, 0.8863212097481604, 0.0400790503145466, 0.030554961508878188], [0.07601231952614822, 0.01288475223030534, 0.025763961349902144, 0.8853389667936464], [0.021688477796951523, 0.006988037356166172, 0.9438840651528904, 0.02743941959400143], [0.00995988867282003, 0.009342442921987278, 0.9375401174903351, 0.04315755081486709], [0.012601877468376994, 0.008511341122628968, 0.023704165790593902, 0.9551826155184004], [0.008839260272554845, 0.8979763477744837, 0.0471884131652461, 0.045995978687726785], [0.00930572639773131, 0.9102884295644369, 0.05021580322520503, 0.03019004071262598], [0.017797208771872162, 0.013050960631499532, 0.025303668574682546, 0.9438481619219573], [0.011556941925377909, 0.009474007490510807, 0.9470061229289691, 0.031962927555131124]], "ideal": "B", "sampled": "B", "correct": true}}
{"type": "result", "data": {"idx": 3, "options": ["goods X and Y are normal goods.", "goods X and Y are inferior goods.", "goods X and Y are complementary goods.", "goods X and Y are substitute goods."], "probs": [[0.045521769424751835, 0.058795934532193256, 0.4693216585954385, 0.4263606373476112], [0.03929561484068388, 0.04982406287133899, 0.46031758990478616, 0.4505627322831779], [0.031249534360289058, 0.5733024334831451, 0.1009706339816067, 0.2944773980749644], [0.03627967330648274, 0.4689120455517546, 0.4518185115074492, 0.04298976953429325], [0.027966227007382244, 0.5313033603010688, 0.07130124925209462, 0.369429163339459], [0.03417136426503273, 0.506508104497275, 0.4259185644734698, 0.0334019666642042], [0.047321868043519344, 0.10659491713132337, 0.40777203464380235, 0.4383111800813551], [0.04191981550765716, 0.08901578303154499, 0.4717616965590344, 0.3973027048017584], [0.02718662153557384, 0.5498115071560971, 0.13440888377563295, 0.28859298743271083], [0.025861132249854264, 0.4761385039942463, 0.44293173253891577, 0.0550686311169842], [0.03203484818872506, 0.6071156796762833, 0.10660654993618926, 0.2542429220987874], [0.026718030702614734, 0.5836066321710222, 0.34650864593455616, 0.04316669109180085], [0.26199317033340375, 0.0812517431592559, 0.12744943323437558, 0.5293056531729802], [0.1598192196346229, 0.05637909683286386, 0.6982799236237939, 0.08552175980872495], [0.2515252728169272, 0.08199322741203498, 0.1424810047793903, 0.5240004948916501], [0.17558264312357208, 0.05324044366722528, 0.6915074066430622, 0.07966950646613685], [0.1460283679343845, 0.6767670072925042, 0.08747245149457646, 0.0897321731785485], [0.12456647452726544, 0.7252407069965899, 0.0731425940449998, 0.07705022433113996], [0.17937775865288427, 0.0454274392109622, 0.13834070646579463, 0.6368540955703501], [0.08778732281268922, 0.02840441215804283, 0.8350033781515152, 0.04880488677775737], [0.18876215606911734, 0.04624727004066806, 0.1472397841387745, 0.6177507896514406], [0.06660960703896018, 0.017890569507987706, 0.8819528671309359, 0.033546956222112505], [0.14362727194441036, 0.6652538406274529, 0.12120251227729947, 0.06991637505081916], [0.11774716648089041, 0.7239107077584613, 0.100450619871755, 0.05789150578886883]], "ideal": "D", "sampled": "C", "correct": false}}
{"type": "result", "data": {"idx": 4, "options": ["causes the equilibrium price to be artificially high", "causes the equilibrium price to be artificially low", "exists when markets cannot reach equilibrium", "results in an equilibrium that does not maximize the total benefit to society"], "probs": [[0.003928251123891521, 0.003663064810560472, 0.007721524322112742, 0.9846871596434108], [0.015125835549526493, 0.008037323017342246, 0.950251611404664, 0.026585229928471014], [0.005797188522129023, 0.002469804248231173, 0.012180103963373035, 0.9795529031662681], [0.008066800482803364, 0.0031299243085473327, 0.9599318554105665, 0.028871419698097308], [0.008236346568339848, 0.9083929984899893, 0.04997377409122477, 0.03339688075043516], [0.006364448573532198, 0.943278655448481, 0.020097979502936975, 0.030258916375067845], [0.004064298084514993, 0.003202078528708347, 0.007402322061954588, 0.9853313012248315], [0.015212650603797, 0.006622940956395438, 0.9538484777602413, 0.024315930579551427], [0.0059643157756532825, 0.0023549985730344537, 0.012254860476015306, 0.9794258250753113], [0.008524333929966897, 0.003015319021738278, 0.9628247718358934, 0.025635575112419866], [0.008707517810340494, 0.9238107536995763, 0.03671711231749771, 0.030764616072597208], [0.006777927575141498, 0.9483639235509965, 0.01831663533361224, 0.02654151344024638], [0.004213618011013434, 0.001405969864253167, 0.007479571325072438, 0.9869008406996599], [0.00722282920252479, 0.0030343224426104525, 0.9569365534961288, 0.032806294758756537], [0.0037774976889520854, 0.001401455756288516, 0.00672170541722673, 0.9880993410375092], [0.006902631577316262, 0.003106949996834791, 0.964293465707948, 0.025696952617918253], [0.004323276084363498, 0.9418919604980244, 0.015452140511513406, 0.0383326228061076], [0.0044640776664479475, 0.9486447517414562, 0.015824746511773388, 0.031066423980340083], [0.9408384779275819, 0.004195524654098114, 0.03781460624297678, 0.01715139107536419], [0.9515032196314609, 0.0050564490243296, 0.01481760446562519, 0.02862272677856289], [0.9540296909061678, 0.004462559380216094, 0.0254548358322526, 0.01605291378138308], [0.9593153023012063, 0.005480082364336853, 0.012764184401488767, 0.022440430832946837], [0.946467278407472, 0.006146867213796559, 0.013136059275084504, 0.034249795003640775], [0.9547552345973672, 0.005749849878165636, 0.01379231991778352, 0.02570259550667896]], "ideal": "D", "sampled": "D", "correct": true}}
{"type": "result", "data": {"idx": 5, "options": ["Collusive output levels tend to increase, driving the price above competitive levels.", "Consumer surplus falls as the price is driven downward.", "Collusive output levels tend to decrease, driving the price down to competitive levels.", "Joint profit maximization costs society consumer surplus as the price rises above competitive levels."], "probs": [[0.36653445439160925, 0.046799651395141806, 0.39240820049324315, 0.19425769362000336], [0.36460620421115175, 0.05186910998771013, 0.48473819221875986, 0.09878649348236958], [0.48740797303994704, 0.03153773590325931, 0.09011022664449292, 0.3909440643122988], [0.4086239970964935, 0.02015511621531414, 0.5075294101287945, 0.06369147645937485], [0.15690431258690343, 0.7046932945757624, 0.05140487108884704, 0.08699752164848792], [0.1577645290681408, 0.73646031615292, 0.050033045566413165, 0.05574210911252376], [0.05215386679328402, 0.6173899715329595, 0.1350602523631229, 0.19539590921061856], [0.05702953225087832, 0.5137478629415192, 0.3374586865816391, 0.09176391812596543], [0.0664238754659945, 0.21402033619952657, 0.29714190217951725, 0.4224138860549725], [0.07100915258566118, 0.2361317317023444, 0.4595298670214633, 0.23332924859053567], [0.04787420056844234, 0.422209930120535, 0.35603058136324517, 0.17388528784777543], [0.052263840235935714, 0.5811028685039309, 0.19777624010242612, 0.16885705105771662], [0.1335700820371499, 0.24087899589275874, 0.07422951373888328, 0.5513214082312169], [0.1400686228947739, 0.08090428487605511, 0.7125934327409216, 0.06643365938823716], [0.12884043003587087, 0.06716903644460102, 0.41493307117341616, 0.38905746224609333], [0.20457481314112072, 0.09704056318906785, 0.5541089437764961, 0.14427567979334546], [0.1030414292981271, 0.5825006687292791, 0.2585433321909012, 0.05591456968171143], [0.10790996407750614, 0.6882564536485266, 0.13238465075314979, 0.07144893142079281], [0.48203346042036777, 0.3904630690520713, 0.033853914277782005, 0.0936495561497801], [0.6128336735637342, 0.29910985797134926, 0.049140625195296814, 0.03891584316963177], [0.4812561178464788, 0.03748621461855023, 0.30594103884214724, 0.17531662859283223], [0.5992217752122658, 0.04585366423071767, 0.20230761397706204, 0.15261694647995563], [0.7253908933516249, 0.07371145064718751, 0.15241227663347937, 0.04848537926768451], [0.6745509378855526, 0.07156818599899264, 0.16058294379641896, 0.09329793221901796]], "ideal": "D", "sampled": "D", "correct": true}}
{"type": "result", "data": {"idx": 6, "options": ["Perfectly horizontal demand curve.", "Highly inelastic demand curve.", "Highly elastic demand curve.", "A demand curve consisting of two discontinuous segments."], "probs": [[0.0984896628242012, 0.10978346764084539, 0.23883782725989483, 0.5528890421750509], [0.06547401962558073, 0.06681298857642741, 0.7224922159559249, 0.14522077574203937], [0.10002795431469134, 0.11596454252979806, 0.20174413760500112, 0.5822633654504891], [0.0612085737620644, 0.0656307055313147, 0.7281109840805302, 0.14504973652609598], [0.07914815379457425, 0.5573087216426273, 0.1914752310189508, 0.17206789344383464], [0.0778604346608656, 0.5362748533191218, 0.21637158414752447, 0.16949312777248113], [0.1645119089781805, 0.09105079251295883, 0.3302064188842002, 0.4142308795246415], [0.10348881951255529, 0.07143284572723438, 0.6446183441048925, 0.18045999055532247], [0.15825468998876357, 0.1842563258842256, 0.16812807328973092, 0.48936091073728055], [0.14381726475768933, 0.12964885841327586, 0.5868796260214914, 0.13965425070756812], [0.1417767207090176, 0.38997488110643663, 0.19230148202477956, 0.2759469160597675], [0.1464548093136272, 0.39495607684850664, 0.3123937067293221, 0.14619540700851996], [0.14153462577991316, 0.08798708472270342, 0.296225045054655, 0.47425324434272], [0.0847053480304572, 0.06241253724209136, 0.6726222665475384, 0.1802598480798913], [0.1361871877555628, 0.13948114236568468, 0.16206502316887986, 0.5622666466098466], [0.12552835702073079, 0.10763505489521656, 0.633383545987631, 0.13345304199642596], [0.12239930468913277, 0.41358593923157905, 0.1734694157105933, 0.29054534026871226], [0.12169915354052353, 0.41906056266672226, 0.31502515495180466, 0.14421512874094225], [0.44160092042250354, 0.07480997489430072, 0.22860594604875747, 0.25498315853441966], [0.4465658755812179, 0.07539310334703096, 0.2595278617682012, 0.21851315920356726], [0.4464299189673366, 0.09006464090612544, 0.24127587270452425, 0.22222956732200683], [0.3815192664299362, 0.08421330381231995, 0.35340617521664264, 0.18086125444108117], [0.44100263430461667, 0.10580332138228785, 0.21243505093637977, 0.24075899327672018], [0.39243669500469247, 0.10245232662291293, 0.312074173275283, 0.1930368049971099]], "ideal": "D", "sampled": "D", "correct": true}}
{"type": "result", "data": {"idx": 7, "options": ["Higher risk job.", "Investment in human capital.", "Increase in production of SUVs.", "Racial discrimination."], "probs": [[0.03523470349310428, 0.008444683465694863, 0.8200425112507078, 0.13627810169048435], [0.02781367093327356, 0.006463391183358161, 0.8497829302535216, 0.11594000752984328], [0.11287326285531342, 0.21329545056891758, 0.08930613120719115, 0.5845251552685873], [0.06953035416206653, 0.050699672204778806, 0.8456773782711938, 0.03409259526198256], [0.07691438983058987, 0.3935884005286097, 0.0675718954301553, 0.4619253141106617], [0.06581860901939184, 0.21868104940103622, 0.6802726853367785, 0.03522765614279726], [0.01625627812007475, 0.01321973941334514, 0.7534589936301227, 0.21706498873646982], [0.009525750768255351, 0.00930523210241533, 0.8428420087215696, 0.13832700830776812], [0.04533737905584752, 0.09134868165215544, 0.2581385283707751, 0.6051754108212081], [0.025029253382464076, 0.02243625574563882, 0.8651878401353138, 0.08734665063660565], [0.015335185588773429, 0.32652455032014216, 0.21001846095254614, 0.44812180303853055], [0.013956165579401063, 0.11364320735869639, 0.7111961179235606, 0.1612045090383216], [0.28840219920052923, 0.0995235455947059, 0.06459202086664442, 0.5474822342381157], [0.08590562846426635, 0.051322182356475156, 0.8136223761221619, 0.04914981295709569], [0.257862001065205, 0.03278921272850901, 0.21048459926866328, 0.49886418683762385], [0.10915757224273076, 0.014496027463578422, 0.7911213097547768, 0.08522509043891689], [0.1315009986310697, 0.5913678257595348, 0.20998037514359025, 0.0671508003658173], [0.12043301451509611, 0.5976436888754392, 0.06891001364772037, 0.2130132828617678], [0.4105334773385653, 0.0914772035208556, 0.050586393700921425, 0.44740292533964543], [0.3211335659857969, 0.06225077385397763, 0.5880110260334536, 0.028604634026770173], [0.34597229633581544, 0.017510394550827816, 0.2058250139161007, 0.4306922950972694], [0.21030250015841315, 0.011743698875565341, 0.6867852937452569, 0.09116850712074352], [0.5861037472440118, 0.19074921134773307, 0.18230102187585498, 0.04084601943239581], [0.6259983511107857, 0.18972763370266998, 0.05048050649961805, 0.1337935085869453]], "ideal": "C", "sampled": "D", "correct": false}}
{"type": "result", "data": {"idx": 8, "options": ["all requirements for price discrimination", "required in order for a firm to earn short-run profits", "all sources of elastic demand", "all barriers to entry"], "probs": [[0.5684530532320754, 0.012784856466741502, 0.04053553689125244, 0.3782265533099291], [0.7623106069439193, 0.014723357904268777, 0.17495307176394834, 0.0480129632878636], [0.5534036371424661, 0.015710048601548073, 0.028422463690278937, 0.40246385046568917], [0.7921273183194236, 0.018380053278965514, 0.12166826588925109, 0.06782436241235708], [0.8190862827141884, 0.05883282914450422, 0.0470439200974251, 0.07503696794386706], [0.8037738333474282, 0.05915636921337408, 0.033726933923103386, 0.10334286341610147], [0.057520129398561055, 0.04341540254529178, 0.026255488148059666, 0.8728089798080688], [0.17603899549432223, 0.08948464238836781, 0.6640383913776781, 0.07043797063964591], [0.03071811388485633, 0.008249344728356988, 0.015839247216435436, 0.9451932940703729], [0.0655144015488922, 0.01554901612095303, 0.8321826537209157, 0.08675392850923286], [0.054944301749269196, 0.862341840153327, 0.04544634228484293, 0.0372675157125681], [0.042470290274341835, 0.8615634405448209, 0.020806045121738097, 0.07516022395908384], [0.046724789881623645, 0.034395580548505854, 0.01956216351859954, 0.8993174659512909], [0.12137860421581712, 0.06587946666567351, 0.73746296394012, 0.0752789650783796], [0.06587023315765443, 0.020910328008944355, 0.028416370366928477, 0.8848030683664787], [0.10380732313195759, 0.021877998180800697, 0.7541505001630079, 0.12016417842421287], [0.07332688223635868, 0.7471887152790342, 0.09126698342614847, 0.08821741895845435], [0.058675733919169026, 0.7569824302633216, 0.035501745231477484, 0.1488400904860244], [0.958218260065768, 0.011268358404596427, 0.011784824086342066, 0.018728557343283526], [0.9559796715255761, 0.012379415635042586, 0.008645597713030272, 0.022995315026371713], [0.9657349445676796, 0.006301298123634196, 0.01541306543241735, 0.012550691776290385], [0.9653024036290743, 0.00574089842392686, 0.009241206410155156, 0.019715491436860064], [0.9661405003246784, 0.0052810975405993485, 0.011710176818778634, 0.016868225215923217], [0.9664123487752024, 0.005107952196366414, 0.007357503904032329, 0.021122195024400908]], "ideal": "D", "sampled": "D", "correct": true}}
{"type": "result", "data": {"idx": 9, "options": ["increasing-cost industry", "constant-cost industry", "decreasing-cost industry", "profit-making industry"], "probs": [[0.28933597633161595, 0.19997183677069313, 0.42090250030980975, 0.08978968648790227], [0.246740320581712, 0.19400391222163307, 0.05774718302394648, 0.5015085840727229], [0.3093945105036942, 0.23906247874389017, 0.3667479281172394, 0.08479508253518542], [0.2984090137646923, 0.24358968320105903, 0.060225070696231266, 0.39777623223802483], [0.2329148382899802, 0.03896672355205081, 0.3832303624431922, 0.3448880756147547], [0.20711401048601955, 0.03178617433848129, 0.5113854329894496, 0.24971438208604177], [0.29621226168795156, 0.2137914642921612, 0.3804174656314613, 0.10957880828843804], [0.26131686945839594, 0.21003447430659564, 0.06807514422830023, 0.4605735119067076], [0.3133402375852872, 0.1690068411840868, 0.39829278428873865, 0.11936013684188626], [0.245382905232462, 0.16542616478568975, 0.07062303112405537, 0.5185678987578128], [0.22261476619533657, 0.052819268255489354, 0.42736000515497674, 0.29720596029419366], [0.2403181058987378, 0.06466435901197062, 0.35873924008535035, 0.33627829490393796], [0.3816236149313956, 0.1834913940719292, 0.3557166760129243, 0.07916831488377153], [0.3433627715865569, 0.1948874916328947, 0.06175513689235205, 0.39999459978819646], [0.3174506224065512, 0.14371229146567222, 0.46564112003840563, 0.07319596598937785], [0.22345918222417815, 0.13750042171329263, 0.04368496089333822, 0.5953554350691852], [0.20559010221468024, 0.023276995770627536, 0.6030348529799844, 0.16809804893472752], [0.23150436230455354, 0.033247922541666475, 0.26225868320524715, 0.47298903184853597], [0.16460281401973723, 0.24505560738721097, 0.23991269885179872, 0.35042887964125924], [0.1581735897148681, 0.2329041337843234, 0.3414554828355839, 0.26746679356520636], [0.1835501348336071, 0.20149558532606698, 0.2754742529219017, 0.339480026818418], [0.19419864020658378, 0.2213032053501912, 0.2542607102038267, 0.33023744413937894], [0.16946728263267763, 0.19155794969252415, 0.3518308988893717, 0.28714386868544384], [0.1614654069692422, 0.18881912539446302, 0.22593076130613055, 0.423784706230143]], "ideal": "B", "sampled": "A", "correct": false}}
{"type": "result", "data": {"idx": 10, "options": ["Amount of wood used to make a desk.", "Number of pickles put on a sandwich.", "The size of a McDonald\u2019s kitchen.", "Number of teacher\u2019s assistants in local high schools."], "probs": [[0.27621710999278476, 0.09177313399033095, 0.4578846233406826, 0.17412513257618814], [0.25713818406007083, 0.0967677465504107, 0.4844422962202741, 0.16165177306924322], [0.35624800782019045, 0.20828828532502555, 0.18128976985509743, 0.2541739368996936], [0.32748131446833634, 0.13700662559147173, 0.4449125078827636, 0.09059955195742098], [0.4387747785452725, 0.1755705122447845, 0.17274424178670067, 0.21291046732325083], [0.38879747718188545, 0.12858996788608518, 0.39341263710547825, 0.0891999177265388], [0.1929290978868933, 0.14653134356928507, 0.4720166231755813, 0.18852293526823335], [0.17805517681166663, 0.15900476149993617, 0.4681649712451748, 0.19477509034320362], [0.20838450468399147, 0.17615875741435358, 0.42087729974953153, 0.19457943805214128], [0.19852066999322132, 0.1557910265793062, 0.4360676220765751, 0.209620681250902], [0.2311470242240327, 0.12565105787565856, 0.43929551684378415, 0.20390640095651827], [0.22782279091047228, 0.12526926535775673, 0.4739127734094677, 0.17299517022230834], [0.33520997113428225, 0.1745730858816786, 0.20848718710338537, 0.2817297557806736], [0.2823060451982309, 0.12363711317682649, 0.48788872569097164, 0.10616811583396411], [0.24677589825280918, 0.07851966088929203, 0.5093801451608269, 0.16532429559706419], [0.22798622985065647, 0.08456861407985886, 0.519667759996632, 0.16777739597283867], [0.38488895863522005, 0.13884779689987586, 0.36508427586883835, 0.11117896849605473], [0.3408262785004647, 0.14918143276376775, 0.20751167719583835, 0.302480611439949], [0.42960037285386254, 0.15375687056041404, 0.1880496438090408, 0.22859311267666707], [0.37256519981281294, 0.11787116223591819, 0.40989301159824115, 0.0996706262530463], [0.3096937279628838, 0.08329218335794933, 0.4515617045465396, 0.1554523840326082], [0.31087597040701737, 0.08731157743762527, 0.4375880458242273, 0.16422440623112314], [0.37722577251310363, 0.19802227846018716, 0.33545190914307366, 0.0893000397836492], [0.34628078396287465, 0.21502923158433515, 0.17374149949268483, 0.2649484848601013]], "ideal": "C", "sampled": "D", "correct": false}}
{"type": "result", "data": {"idx": 11, "options": ["Price rises, but quantity is ambiguous.", "Price falls, but quantity is ambiguous.", "Price is ambiguous, but quantity rises.", "Price is ambiguous, but quantity falls."], "probs": [[0.22040152398789878, 0.14396075087027668, 0.3482185917586768, 0.2874191332831436], [0.17793055779565867, 0.12566146010267973, 0.2348237136461718, 0.4615842683554733], [0.23844531727578325, 0.19155382683177563, 0.23891472328046184, 0.3310861325119878], [0.19559322973416654, 0.15175629753351147, 0.36184895606216055, 0.29080151657016967], [0.18560303776755158, 0.1605656460201549, 0.19377146313118057, 0.46005985298110824], [0.18877949963724483, 0.15568160046300863, 0.44320807664348727, 0.21233082315625432], [0.2035288139244495, 0.2199955514574691, 0.2785916975452201, 0.2978839369728696], [0.19524927717332716, 0.21111065079292354, 0.2378467514494714, 0.35579332048427426], [0.19278448859865124, 0.14748286078108597, 0.3862652257039521, 0.2734674248163183], [0.19964597077432397, 0.16740203694168132, 0.28204392286383534, 0.35090806932015556], [0.20977850840912443, 0.12503602511433262, 0.33185890843303784, 0.33332655794350075], [0.14760271895446636, 0.10651840908829067, 0.3874644974503595, 0.3584143744068968], [0.2112171333953357, 0.135276044720072, 0.19301502402345955, 0.4604917977611401], [0.23160664300547795, 0.1504135741232736, 0.32595711727842175, 0.292022665492835], [0.15202558413998774, 0.09438821538057378, 0.4090240046857575, 0.34456219569367563], [0.18010867302861802, 0.10733104053514822, 0.34577763717517085, 0.3667826491610579], [0.23884595599457806, 0.3181822326921614, 0.20915469058136776, 0.2338171206318882], [0.20988105145209357, 0.2773712791281476, 0.16334994543176842, 0.3493977238879982], [0.18195983849360362, 0.11796858143537217, 0.22163671424946896, 0.47843486572153743], [0.19142879770579968, 0.11591820333555101, 0.3598744492403463, 0.3327785496183167], [0.18446821117997494, 0.09992599243501614, 0.2705197239577881, 0.44508607232723363], [0.21223337906981493, 0.11423719230137554, 0.3760796517555343, 0.2974497767732639], [0.21513128296551895, 0.3174120860085208, 0.19325902977607412, 0.27419760114989417], [0.22226629072987436, 0.32139717359794867, 0.18573551960930343, 0.27060101596285663]], "ideal": "C", "sampled": "C", "correct": true}}
{"type": "result", "data": {"idx": 12, "options": ["A bumper crop of oranges in Florida", "A decrease in the price of Tang", "Expectations of lower future prices for orange juice", "Expectations of higher future income among juice drinkers"], "probs": [[0.28279269340058183, 0.0771741212126365, 0.4688482890972307, 0.17118489618954416], [0.3238535010676884, 0.08463267668714985, 0.2862293270551234, 0.3052844950900206], [0.32554298630646666, 0.34873525335079936, 0.12119090503823433, 0.20453085520448866], [0.36237591537121794, 0.2656767018869929, 0.3135237267278857, 0.05842365591390432], [0.3623971293625527, 0.3303995918702589, 0.10561642008774728, 0.20158685857943637], [0.28479961850488655, 0.12323069989522863, 0.5299905360165822, 0.06197914548327848], [0.08645921600843666, 0.28815744984984654, 0.42684422384970405, 0.1985391101920084], [0.08957679032450389, 0.3467819438429661, 0.2642321014077914, 0.2994091643247287], [0.1050070771461526, 0.1955871131364567, 0.5073632645684136, 0.19204254504898557], [0.1164124299342302, 0.20704794355732228, 0.3557195857044193, 0.3208200407040431], [0.0937304589025544, 0.24263043534149006, 0.44274345695117, 0.22089564870477563], [0.10086657719057927, 0.23614517809316143, 0.4283089792972927, 0.23467926531896274], [0.3665459409086759, 0.30549417270816637, 0.1327215980487574, 0.19523828823439493], [0.37658480872479727, 0.29427940105868106, 0.26740809052835773, 0.06172769958815243], [0.3420692050241768, 0.0828370494422664, 0.40211000432412397, 0.17298374110944464], [0.32086554248439275, 0.07979506921016129, 0.3796954040219625, 0.21964398418348322], [0.3489376668291373, 0.1307657307269542, 0.4578155335239521, 0.06248106881996036], [0.3540478969906228, 0.2451501935004798, 0.1124399847716209, 0.28836192463728383], [0.30211987441718785, 0.3956450761368408, 0.09354040337950575, 0.20869464596644932], [0.30819898154545444, 0.23505571225465313, 0.4043910544021593, 0.05235425169772541], [0.32815547378031124, 0.07587842206613586, 0.4572858175733226, 0.1386802864802425], [0.3449969390489746, 0.07734380623720379, 0.33960982131245554, 0.23804943330137843], [0.29012118727394776, 0.2800993174104788, 0.3745873247398623, 0.05519217047570698], [0.2764073331802174, 0.3740631655061845, 0.09559278502860147, 0.25393671618500474]], "ideal": "D", "sampled": "A", "correct": false}}
{"type": "result", "data": {"idx": 13, "options": ["Demand is downward-sloping.", "The demand curve lies above the marginal revenue curve.", "Price is determined by the equilibrium in the entire market.", "Average revenue differs from price."], "probs": [[0.18280141379213322, 0.2091814818619366, 0.0986039414868001, 0.5094131627591207], [0.23697172706122205, 0.25272313181310424, 0.14747850634399065, 0.36282663468169113], [0.17877239200635434, 0.1088687890696442, 0.397324783741676, 0.3150340350823159], [0.185308608297934, 0.10132817259420487, 0.2026365008147833, 0.5107267181930978], [0.2070615851803757, 0.08485849734412508, 0.3564796410079002, 0.35160027636760616], [0.20099559777970408, 0.09256787141654757, 0.1032446733322085, 0.6031918573715281], [0.18767404301056398, 0.1994008133203372, 0.11184513654751053, 0.5010800070215854], [0.18313393492920893, 0.27225648467671987, 0.12635823001771693, 0.41825135027636273], [0.16346877649082725, 0.038888875972539566, 0.380875783060464, 0.4167665643761837], [0.1573030981259601, 0.030950175998481964, 0.12591358145689946, 0.6858331443186325], [0.15958656233660987, 0.05485961495902316, 0.39118752303949544, 0.3943662995648696], [0.1461400642903816, 0.04514783490948462, 0.06647670506298399, 0.7422353956371573], [0.13286910841438437, 0.18086261538115472, 0.3123589001479858, 0.3739093759564614], [0.1241299227059997, 0.1638794050623362, 0.2191794483039735, 0.49281122382768133], [0.12786209290486938, 0.14581565678696626, 0.34825853085588276, 0.37806371935226735], [0.11864878168255609, 0.11749176683225773, 0.1801299288089062, 0.5837295225762569], [0.15005022701235204, 0.1363793569314158, 0.24404405195423884, 0.46952636400200287], [0.127830114110808, 0.10768886557867272, 0.25368831772507, 0.5107927024854578], [0.108650379092515, 0.19410189477343995, 0.2958878726371155, 0.40135985339695074], [0.11674901608148483, 0.18403812128199434, 0.141409371641113, 0.5578034908953914], [0.10787713566466925, 0.13711994255732174, 0.39068141820464297, 0.3643215034733683], [0.09006162304048823, 0.11009137941485986, 0.07503780053392341, 0.7248091969107147], [0.12465683234554933, 0.11574643829525358, 0.29373040321566635, 0.465866326043539], [0.09755885601622065, 0.08809948942750656, 0.2307522068674217, 0.5835894475888518]], "ideal": "C", "sampled": "A", "correct": false}}
{"type": "result", "data": {"idx": 14, "options": ["money.", "plant and equipment.", "where the central government is located.", "the center of the economy."], "probs": [[0.002192658527907417, 0.9874606445299784, 0.00378755771159301, 0.006559139130513826], [0.0022290583533212337, 0.9870174175306566, 0.004113978662791386, 0.006639545353219025], [0.002629590362113461, 0.0009236137404336326, 0.9902890331306317, 0.006157762666829869], [0.003152560916750891, 0.0009880102428780468, 0.0021239001559165928, 0.9937355285844541], [0.0024561228662189293, 0.0014613591300075108, 0.9913511166302984, 0.0047314012734729445], [0.003267002080619879, 0.0014278680187427904, 0.0015867716812059845, 0.9937183581194328], [0.9873724401379391, 0.0049350228248140745, 0.0025416288427807985, 0.005150908094467282], [0.987973808344212, 0.004573120480525928, 0.0026258916574898347, 0.004827179417762805], [0.9876967565643312, 0.0021892244103007426, 0.004929628496420071, 0.005184390428966773], [0.9857571510933014, 0.002761490267642923, 0.0034626196430760235, 0.008018738895996667], [0.9884619966723065, 0.003874892083057255, 0.003667747138305794, 0.003995364006321342], [0.9787817895702355, 0.005493415376816662, 0.003032475934892434, 0.012692319018036625], [0.0012378985209317314, 0.003004281048030561, 0.9870878807406205, 0.008669939590400409], [0.00236627633017542, 0.0019467838160249263, 0.00245949688887553, 0.9932274428649253], [0.001451062674272664, 0.979413491441705, 0.011170244590756074, 0.007965201193283563], [0.0018930439692139553, 0.9810478641119916, 0.005979300970266597, 0.011079790848527823], [0.0017248467494731866, 0.0019845421073658846, 0.006699222540076873, 0.9895913885031078], [0.0017520093209864548, 0.0023132435785359023, 0.9801086085059445, 0.015826138494533695], [0.0013065569341145825, 0.002311646586401477, 0.9895130280030658, 0.006868768376402624], [0.0026758452623393426, 0.001629363717597604, 0.001846469145450034, 0.9938483217746014], [0.001723015409104367, 0.9819366477660986, 0.00964501233728014, 0.006695324387525959], [0.0025590673687469253, 0.9752980162899324, 0.005354017930163877, 0.016788898311145068], [0.001727817649454153, 0.0014160905981920066, 0.005280409536472479, 0.9915756821159022], [0.0018344474788537053, 0.0017993932031536639, 0.9817733265549526, 0.014592832663020701]], "ideal": "B", "sampled": "B", "correct": true}}
{"type": "result", "data": {"idx": 15, "options": ["Ray pulls weeds, since he has absolute advantage in cooking.", "Dorothy pulls weeds, since she has absolute advantage in cooking.", "Dorothy cooks, since she has comparative advantage in cooking.", "Ray cooks, since he has comparative advantage in cooking."], "probs": [[0.05269871105410037, 0.04445126268620055, 0.42589960955485423, 0.4769504166048331], [0.05536582049994935, 0.04867831797171667, 0.3896259359077831, 0.5063299255205734], [0.06373670382119072, 0.43214550165869603, 0.08026741780280401, 0.4238503766173242], [0.05658048389585588, 0.5743927325553316, 0.2130829518414764, 0.1559438316073215], [0.07356956575082012, 0.42655681125765743, 0.08478848722922716, 0.4150851356623068], [0.07295629882440972, 0.5381014677444936, 0.22681540318829688, 0.16212683014281531], [0.05340606306342202, 0.054652703524938825, 0.39907279658521905, 0.49286843672640024], [0.05594259086264441, 0.05572390349009729, 0.3661243958752834, 0.5222091096719486], [0.06533605595800993, 0.4354004921091252, 0.08388351416478333, 0.41537993766807974], [0.06785329372660474, 0.5426935233187111, 0.19209566701123557, 0.19735751584342792], [0.0719298343840119, 0.40047909110302354, 0.08779111539451113, 0.43979995901845076], [0.0607915740731937, 0.5098884468186565, 0.29157831147006025, 0.13774166753808245], [0.24509933783828036, 0.0709195490786631, 0.10057417480916292, 0.5834069381739231], [0.2960099409895581, 0.05339876028828787, 0.4190699936510603, 0.23152130497108017], [0.2812887894421108, 0.08448676272305082, 0.05704362693071155, 0.5771808208041367], [0.40562205137405766, 0.08535616916716599, 0.24504603082469648, 0.263975748534078], [0.5323536001316874, 0.12699274539292346, 0.10061025093499333, 0.2400434034403918], [0.4968859849667842, 0.13161639901749855, 0.12464743498907797, 0.2468501809266488], [0.31769592101205485, 0.07588631476271394, 0.08045903909757461, 0.5259587250276572], [0.3782975843231904, 0.07052445476024256, 0.2981747377922725, 0.2530032230242857], [0.2883765084572121, 0.0763695442224338, 0.07319072565017859, 0.5620632215701816], [0.323050425035458, 0.060682467365055, 0.43289546054259426, 0.1833716469569011], [0.5264596588921351, 0.14908322893839804, 0.10066490299920772, 0.22379220907026162], [0.5254518224532913, 0.14712054077885467, 0.1184211890717309, 0.20900644759613138]], "ideal": "D", "sampled": "C", "correct": false}}
