{"type": "result", "data": {"idx": 0, "options": ["It demonstrates the difference between the internal and the external aspect of a rule.", "It refutes the natural lawyer' view of the role of morality in law.", "It explains the nature of power-conferring rules.", "It illuminates the concept of a rule."], "probs": [[0.43961833054192556, 0.06778097496867744, 0.21809050592259835, 0.27451018846678193], [0.38772601675858265, 0.06305993722369187, 0.32129509568220715, 0.22791895023553296], [0.45342528892223777, 0.13124955075194328, 0.07959960248394013, 0.3357255577418866], [0.4715499322302689, 0.15702946489221273, 0.23625352148764184, 0.13516708128987243], [0.5255465997944121, 0.15533051832590472, 0.09347270475055387, 0.2256501770291214], [0.5167874646816387, 0.14813544380771948, 0.19965025877171508, 0.13542683263891162], [0.0745474103211426, 0.3281800157659262, 0.2822663240243629, 0.31500624978856867], [0.07229316682621825, 0.28864192388503584, 0.33234015642878023, 0.30672475275996125], [0.0749839494653817, 0.11887756591151534, 0.5221069259663281, 0.2840315585567625], [0.0860564679939923, 0.12743093414562287, 0.25728221837090653, 0.5292303793895085], [0.0736837406441832, 0.1447904503160385, 0.5156306365146066, 0.2658951724251847], [0.08302526206360453, 0.15932571296537798, 0.20778087666439696, 0.5498681482066271], [0.21187595598690626, 0.31358901756460944, 0.09695867063276248, 0.37757635571570375], [0.23148492008544308, 0.32010353585477247, 0.3213136081043625, 0.12709793585542864], [0.1810976439413924, 0.06832512071735862, 0.5260159016156921, 0.224561333625545], [0.23271668134876414, 0.07478626351889295, 0.23953797383229836, 0.4529590812000452], [0.20157438226244362, 0.13613232786800444, 0.5351956873665701, 0.12709760240298806], [0.23134299669374037, 0.15992748974334137, 0.08429461488983125, 0.5244348985731002], [0.2649500972255866, 0.46931220455430633, 0.0790563189395822, 0.18668137918052677], [0.2795852866314115, 0.4390082196152326, 0.16957233132054136, 0.11183416233282174], [0.24939637768086118, 0.05987918849002906, 0.5246291250377138, 0.16609530869137037], [0.30375847435876535, 0.061048321958908, 0.20595116063047955, 0.4292420429518556], [0.28745068169695387, 0.15483973921419472, 0.44689196955189264, 0.11081760943694688], [0.3203855173464332, 0.1623955150167504, 0.061079690652525345, 0.45613927688428935]], "ideal": "D", "sampled": "A", "correct": false}}
{"type": "result", "data": {"idx": 1, "options": ["It is misinterpreted as a prediction.", "His concept of status is misrepresented.", "It is taken literally.", "His idea is considered inapplicable to Western legal systems."], "probs": [[0.14091366998553792, 0.20415799843688964, 0.29596169731408456, 0.3589666341634798], [0.14895442989890204, 0.17861853098435954, 0.33157057109011867, 0.3408564679266246], [0.0672790085196716, 0.30130773006565054, 0.3420720173859833, 0.2893412439286979], [0.06849920077819167, 0.3318274467810863, 0.33132916674131657, 0.2683441855994084], [0.13453276076321094, 0.25928177257558654, 0.3122437414367624, 0.29394172512445776], [0.11365802644003568, 0.18665223748493284, 0.3740110939460873, 0.32567864202896024], [0.15139675960910162, 0.11928469579777226, 0.4294808833755616, 0.2998376611175684], [0.20242560262550627, 0.1319824107795922, 0.29323943900804633, 0.37235254748686], [0.1379659926581337, 0.3855407166208083, 0.18788583257377928, 0.28860745804728144], [0.13721790339069181, 0.37353198083784117, 0.3110259802787638, 0.17822413539271778], [0.18794377653059174, 0.23580961306282006, 0.17449957748157696, 0.40174703282499163], [0.17229575367241176, 0.13505052004778922, 0.5015682400784384, 0.19108548610135223], [0.1900746510048608, 0.12220028861806582, 0.3984232604907118, 0.2893017997863778], [0.20804280600185995, 0.13662109738000547, 0.39090296915370165, 0.2644331273644365], [0.2136828483218557, 0.31819435522112893, 0.1743555545605141, 0.2937672417964922], [0.20782433440499964, 0.2825439592844173, 0.3570060694431985, 0.15262563676737578], [0.21561045060643078, 0.25296555812403343, 0.22548535305085535, 0.3059386381186838], [0.20977937582454556, 0.18376895546903008, 0.43978590603569256, 0.16666576257072346], [0.31230113959694406, 0.13296025580583656, 0.2312225505105984, 0.32351605398662625], [0.2123436637499609, 0.1095313611793085, 0.41732323497295387, 0.2608017399977687], [0.3020077757228969, 0.16639139036212822, 0.1778525779538415, 0.35374825586115066], [0.2734469359962207, 0.14185447470006352, 0.4047694321322134, 0.1799291570715186], [0.2136578556446336, 0.26956804458413663, 0.22524083777054854, 0.2915332619006853], [0.20687427150038876, 0.2272625896996705, 0.39636890123812596, 0.16949423746179454]], "ideal": "A", "sampled": "C", "correct": false}}
{"type": "result", "data": {"idx": 2, "options": ["Depression of the 1930", "The rise of Fascism", "The international recognition of human rights after World War II", "The Bolshevik Revolution"], "probs": [[0.04722451126248499, 0.06144648384393963, 0.764228856528624, 0.1271001482649559], [0.04616241934192419, 0.04625422257134994, 0.04014561184036604, 0.8674377461463467], [0.04656025430534564, 0.6827839428931791, 0.14823543464185152, 0.12242036805961491], [0.04468399600857274, 0.7353088719131576, 0.05947979780470556, 0.1605273341735848], [0.0404743003814294, 0.020756899595284154, 0.10279231954650765, 0.8359764803767908], [0.04576878904130702, 0.0342573938068201, 0.7502300984653831, 0.16974371858647255], [0.04609372918201492, 0.04172798246489687, 0.7974116153180706, 0.11476667293502572], [0.05476865022690254, 0.02860678693732694, 0.03214589379353653, 0.8844786689422266], [0.040629394038377474, 0.7968757951462813, 0.07153991263316, 0.09095489808219676], [0.04923834302616318, 0.7641568913667728, 0.06873130271795438, 0.11787346278912937], [0.04897289682337302, 0.018839489810245462, 0.04176533515572673, 0.8904222781106392], [0.06721261328032244, 0.04581588153679822, 0.7480392004793366, 0.13893230460356099], [0.6688535334809826, 0.03039864139846261, 0.13524007864218238, 0.1655077463784009], [0.6968122478537118, 0.03327320415687992, 0.06482615015839498, 0.20508839773102328], [0.7292358867624288, 0.060607970044028674, 0.06130300586432528, 0.1488531372292021], [0.7036430645442329, 0.06501810408237074, 0.06934268005853322, 0.16199615121487923], [0.6889568605691527, 0.03693400318364011, 0.0586579733858295, 0.21545116276139525], [0.6611416663289174, 0.040385079408281344, 0.12866784330917735, 0.1698054108536425], [0.04500800244228828, 0.020703696624560192, 0.04671515134426648, 0.8875731494888599], [0.04828309434225667, 0.0339389137418455, 0.7606726522562689, 0.15710533955965206], [0.03977331649207191, 0.02667892669912144, 0.039435148359725954, 0.8941126083490891], [0.05490203629265834, 0.06195296186901395, 0.749778466177, 0.13336653556130834], [0.04331728311392881, 0.7329772913796033, 0.05912329206111604, 0.1645821333453575], [0.05280630831503188, 0.6991925875130972, 0.11346613598812544, 0.1345349680837688]], "ideal": "C", "sampled": "C", "correct": true}}
{"type": "result", "data": {"idx": 3, "options": ["There is no distinction between the two forms of legal reasoning.", "Judges are appointed to interpret the law, not to make it.", "It is misleading to pigeon-hole judges in this way.", "Judicial reasoning is always formal."], "probs": [[0.11219072031580374, 0.13294223297740973, 0.6244885453268874, 0.13037850127991477], [0.05323801771524956, 0.11764287580086531, 0.11855241945234266, 0.7105666869315385], [0.1055870079509649, 0.5057873419599386, 0.23971154754762586, 0.14891410244149902], [0.08704405813159423, 0.5058472833386767, 0.17004195444095785, 0.2370667039887884], [0.07736627932684254, 0.06759601486141112, 0.19220602580190738, 0.6628316799098171], [0.06843862516964395, 0.06193587694423159, 0.6685363877622749, 0.2010891100238505], [0.20305991445273291, 0.11868837201627574, 0.5582224187992796, 0.12002929463170314], [0.14653585081102774, 0.09592129682847439, 0.12503813072897638, 0.6325047215315054], [0.18250341090344818, 0.5302614636176717, 0.16845590818106174, 0.1187792171978345], [0.1871543772915713, 0.5468957385731795, 0.15357325867446256, 0.11237662536079593], [0.21069882636767442, 0.11792656944125272, 0.08496147169903445, 0.5864131323920535], [0.1521178867325133, 0.07062789221668074, 0.684592384569799, 0.09266183638101526], [0.4341299582503744, 0.20999584276787925, 0.20461000440495833, 0.15126419447679312], [0.45610304569594473, 0.1594547203410906, 0.17482349096902614, 0.20961874289394428], [0.42607190472489087, 0.2353890525679638, 0.19435538793887025, 0.14418365466828004], [0.4365718092983972, 0.22830831196062715, 0.17225897832972378, 0.1628609003112566], [0.4795422195216323, 0.13320670518653935, 0.17775327383144807, 0.20949780136038648], [0.5020688149238218, 0.13896089472466114, 0.21391444898200349, 0.14505584126950644], [0.08258729563840254, 0.07745903397128716, 0.18908423002967678, 0.6508694402606486], [0.08746653291974306, 0.0664081329304772, 0.65423510219013, 0.1918902318596725], [0.09475572710571303, 0.16557341310964882, 0.09987805623626225, 0.6397928034483673], [0.0935814098316951, 0.10035505399364725, 0.6914256847332131, 0.11463785134145436], [0.086577593337893, 0.55041176923017, 0.16239156772323174, 0.20061906960869888], [0.09999831324762282, 0.5313025113513067, 0.24990345930482083, 0.11879571599625376]], "ideal": "C", "sampled": "C", "correct": true}}
{"type": "result", "data": {"idx": 4, "options": ["The POP will choose wealth over a compassionate society.", "The POP will choose equality over power.", "The POP will be unselfish.", "The POP will choose to protect the disabled."], "probs": [[0.08821097175647113, 0.2971332470931682, 0.3706181923315334, 0.24403758871883383], [0.09590194813357823, 0.34205499011473073, 0.2070397470062316, 0.3550033146454664], [0.07126801496017429, 0.15253285439362496, 0.5632131740706272, 0.2129859564755426], [0.06777241976768185, 0.18791307096916332, 0.1724035480244309, 0.5719109611387114], [0.05677487723005107, 0.09626065898076011, 0.580587659204709, 0.26637680448448503], [0.05442772737888492, 0.10170260960405195, 0.2700559072067908, 0.5738137557102683], [0.18873134191711075, 0.0979025063183548, 0.4099001829630988, 0.30346596870144865], [0.22107940592320974, 0.12304876157915316, 0.23717603516186825, 0.41869579723578304], [0.2749780228735097, 0.23345422647963557, 0.16556411084876338, 0.3260036396980806], [0.24710980451486908, 0.18788994391296898, 0.31838730547153726, 0.24661294600062586], [0.21768707156441686, 0.21804356216387133, 0.12623480540257678, 0.4380345607691364], [0.24604189739911464, 0.21965796459633985, 0.3389381080850212, 0.1953620298195135], [0.11913446117737979, 0.0966566152944526, 0.5265439794975458, 0.25766494393059763], [0.10150975246987447, 0.10309109880488632, 0.15331913771407152, 0.6420800109111806], [0.1802075798193697, 0.33328632548454834, 0.16957294570177128, 0.31693314889431146], [0.17422624671710016, 0.33328668326800864, 0.2486803534194573, 0.24380671649543503], [0.10562419727463954, 0.1191115644164471, 0.09395661009825972, 0.681307628110641], [0.1611439012738443, 0.1558856193910076, 0.5200034327603882, 0.16296704647477206], [0.0695933280166804, 0.08173342693121487, 0.5415241769437817, 0.3071490680083283], [0.0665434746493968, 0.0903456755329643, 0.2615024608934074, 0.5816083888242305], [0.13744347597545753, 0.3048897574409613, 0.12779110206927172, 0.42987566441433417], [0.152721187099763, 0.3488710063105292, 0.315664868871724, 0.1827429376179966], [0.09247584194572714, 0.15320057405281481, 0.09368960711297707, 0.6606339767884928], [0.11217961971868533, 0.16709526058099797, 0.5619270458159052, 0.15879807378443542]], "ideal": "A", "sampled": "B", "correct": false}}
{"type": "result", "data": {"idx": 5, "options": ["Law and Economics", "Critical Legal Studies", "Historical", "Natural Law"], "probs": [[0.9316035755871918, 0.02423583289347353, 0.022447289488264764, 0.021713301931084023], [0.9324275574043378, 0.02132867855984375, 0.012327159329317926, 0.03391660460647908], [0.9327089200715764, 0.01961466142697628, 0.020115339547757245, 0.027561078853690302], [0.9299641154669007, 0.020656326597847482, 0.012960356611058033, 0.036419201224173706], [0.9242602301772289, 0.00863228072790735, 0.026704045740891177, 0.040403443253990055], [0.9335512665883755, 0.008571284859916834, 0.0241563222498617, 0.03372112620186104], [0.005553462665407128, 0.9772058094988622, 0.00991429617017298, 0.007326431565552776], [0.005117464548137637, 0.9789879889265148, 0.0067535775848919875, 0.009140968840468519], [0.00494246348771536, 0.005881200161434873, 0.9692905557710789, 0.019885780479774736], [0.005852830800442717, 0.0024268154794826425, 0.004547560082491969, 0.9871727935376018], [0.003906062134382692, 0.0031526569270704545, 0.9725999957906716, 0.020341285047890754], [0.006877065984775582, 0.0015831361043039819, 0.0065595923264479715, 0.9849802054844664], [0.008687784002260151, 0.972451275349266, 0.009724790560365943, 0.009136149988090198], [0.007046431991956459, 0.9734137881485382, 0.00836611782110993, 0.011173661938378874], [0.010906820561475744, 0.005377833208373528, 0.9697961712805904, 0.013919174849562437], [0.009502187651027977, 0.002202285400636895, 0.0038332414493614663, 0.9844622853989704], [0.00572611845292098, 0.0029018708699735103, 0.9793272850180416, 0.012044725559040726], [0.00961431138139779, 0.0013223514398810982, 0.004353033151374248, 0.9847103039273677], [0.005422324256927566, 0.9730762779909253, 0.009645024527264023, 0.011856373124901197], [0.005393261614584954, 0.9733434876890272, 0.011708280668753518, 0.009554969927624451], [0.005244083463512684, 0.0034524860727401826, 0.9688079430349996, 0.02249548732875081], [0.006618480378548678, 0.001845736711673591, 0.005930859989903872, 0.9856049228198535], [0.004484295577920177, 0.003589570166687469, 0.9775656482634816, 0.01436048589191745], [0.006276103627098559, 0.001823019228821002, 0.005253158148478615, 0.9866477188956241]], "ideal": "A", "sampled": "A", "correct": true}}
{"type": "result", "data": {"idx": 6, "options": ["All commands include some sanction.", "The concept of a command contains the likelihood that a sanction will follow failure to obey the command.", "Without a sanction the mere expression of a wish is not a command.", "A command confers power to change one's legal status."], "probs": [[0.13515563854381396, 0.2002207455452045, 0.3340146946023976, 0.33060892120858676], [0.11612492721165554, 0.1593419212945277, 0.3294153069276374, 0.3951178444661699], [0.12209168114435924, 0.2790850062872914, 0.21303298998684927, 0.3857903224815034], [0.1408928935928431, 0.2700510306048451, 0.20375471917167973, 0.38530135653063535], [0.13503260799088196, 0.25784149831703956, 0.21034724272703229, 0.39677865086504865], [0.14687476231819493, 0.24636737355791424, 0.2324439844446811, 0.3743138795792124], [0.1239238668620429, 0.3183948015329084, 0.27126434285159684, 0.2864169886534545], [0.10711728366328337, 0.25755101785279527, 0.24570413394200039, 0.38962756444194224], [0.12796741431395872, 0.32160880641162676, 0.18583182975249615, 0.36459194942190937], [0.1728995160308053, 0.3040253500696266, 0.23003011389102035, 0.2930450199085383], [0.1230691187199678, 0.30569733982724295, 0.20375515334240188, 0.3674783880103899], [0.15444550331761114, 0.2742013746787428, 0.3711270340725783, 0.20022608783106974], [0.17668419449872183, 0.26666553008075566, 0.2093954623298681, 0.3472548129906458], [0.17702914467152053, 0.24966408005033394, 0.21779323017849553, 0.35551354499965354], [0.18669708042449978, 0.27911904402447296, 0.22697776923218393, 0.30720610621883443], [0.21749219557740038, 0.2637664217368354, 0.2596092812298964, 0.25913210135584597], [0.2060844125902337, 0.23037522693800694, 0.2065629656469621, 0.3569773947247999], [0.24576103385174894, 0.23550173389982582, 0.24770374804154585, 0.27103348410688144], [0.07661965419525342, 0.3149938389856414, 0.2254984697457162, 0.382888036973385], [0.08618836111469581, 0.3129845277964998, 0.23851848988852078, 0.3623086211002978], [0.08718659921413263, 0.2527452475672606, 0.282042831026349, 0.37802532209224726], [0.10159558575129247, 0.22368703416527805, 0.4412550373520015, 0.2334623426314179], [0.08038532571592527, 0.3383537003335935, 0.21677792930575931, 0.36448304454474273], [0.09120469159448541, 0.36405071607841266, 0.2497791840237992, 0.2949654082033047]], "ideal": "D", "sampled": "C", "correct": false}}
{"type": "result", "data": {"idx": 7, "options": ["By denying its existence.", "By explaining the difference between the common law and civil law.", "By distinguishing certain features of the English legal system that facilitated the development of capitalism.", "By recognizing the importance of legitimate domination."], "probs": [[0.019320984113675173, 0.04132192399100746, 0.8172913996391852, 0.12206569215615395], [0.013958158601402086, 0.01919906144775996, 0.26075608989433224, 0.7060866899565117], [0.05507299905448206, 0.31453031119358893, 0.08290740587461286, 0.547489283777305], [0.057692036054480554, 0.20876034979665603, 0.6089009070833725, 0.12464670696550102], [0.024551786799021143, 0.08690741994452532, 0.04101208791407766, 0.8475287052424012], [0.024204471762684625, 0.07995619360346731, 0.8231463655284739, 0.07269296900539746], [0.05318702842229177, 0.03883634805035483, 0.7800019981972227, 0.12797462523011427], [0.03134856885203649, 0.01572023678599216, 0.2497708043844961, 0.7031603898774814], [0.09881804530793768, 0.5795437181656055, 0.04626361728276537, 0.27537461914371114], [0.12979117635628712, 0.3625940676289261, 0.4407081810221582, 0.0669065748926337], [0.024619833268860736, 0.04517695296089531, 0.019932980930272418, 0.9102702327399685], [0.04692472785794663, 0.11343655024990679, 0.7872537514871224, 0.05238497030501694], [0.6392362790105034, 0.03339662329730218, 0.03412496652975251, 0.29324213106244545], [0.5874690931585274, 0.04047972750071663, 0.2790819079751511, 0.09296927126561123], [0.7066883391339127, 0.06856516158911824, 0.029030642310392443, 0.19571585686657156], [0.49841821068908365, 0.0722918791994229, 0.3760525814235113, 0.05323732858797643], [0.7032636684463675, 0.17509632463972466, 0.040812352393033345, 0.08082765442087238], [0.7046869185303911, 0.1726435280698636, 0.07075040679165691, 0.05191914650809274], [0.17364748093809976, 0.03431595725888619, 0.03254359646554421, 0.759492965237452], [0.1373343628989128, 0.040531282942505555, 0.7455347618139936, 0.07659959224461045], [0.05607551838760582, 0.02542850739217505, 0.01897168954154482, 0.8995242845786721], [0.09836530923302349, 0.04619075862470335, 0.810720061436656, 0.044723870605607875], [0.2316647137714816, 0.6725923126319904, 0.03425534646810342, 0.06148762702840292], [0.2659471285779261, 0.5968094565355221, 0.09151440681693371, 0.04572900796960946]], "ideal": "C", "sampled": "C", "correct": true}}
{"type": "result", "data": {"idx": 8, "options": ["It is a sin for humans not to apply reason.", "The principles of natural law are discoverable by reason.", "Natural law does not apply without good reason.", "The law of nature is the basis of all positive law."], "probs": [[0.028237405695473894, 0.7974191181212655, 0.06812484443292775, 0.10621863165033789], [0.032018425782362095, 0.7826732394276967, 0.09057725573340278, 0.09473107895655476], [0.0184843215140459, 0.028190391769005455, 0.8784846778459596, 0.07484060877099406], [0.01442571467054532, 0.011365687493394096, 0.01895823164646519, 0.9552503660895861], [0.021793004181618267, 0.04636002967837019, 0.8725170100722551, 0.059329955967772824], [0.015463163197113477, 0.022102980893843646, 0.02916804735122085, 0.9332658084578151], [0.776593672101328, 0.04732548214195832, 0.05837003603735392, 0.11771080961934581], [0.7260882538490743, 0.047952132192708066, 0.09106934171087089, 0.13489027214735966], [0.8051899986715347, 0.04712968130858168, 0.03671633343943948, 0.11096398648045727], [0.8424533096094433, 0.038102766266856054, 0.04746791925130528, 0.07197600477239013], [0.7531952332346442, 0.06650051007649284, 0.06820317190431363, 0.11210108468452858], [0.8205242948512895, 0.05514008100273266, 0.04942406792242824, 0.07491155612353828], [0.02408172106462151, 0.01762709399778539, 0.8866365114152995, 0.07165467342231599], [0.018865214340926185, 0.008998469191872959, 0.02336608798057645, 0.9487702283866295], [0.03335791612563271, 0.8363090909901654, 0.03567369651633914, 0.09465929626788756], [0.032447286900095136, 0.8749845121429787, 0.044773078172658534, 0.0477951226842805], [0.019884386213509676, 0.012735549288753496, 0.020691997400607842, 0.9466880669971477], [0.02544127914154674, 0.029530890505586205, 0.9003761468930652, 0.044651683359814516], [0.041921486880985466, 0.04112683710555992, 0.8420895740976014, 0.07486210181583061], [0.029225079703980774, 0.01852784328493311, 0.029406732237827728, 0.9228403446732707], [0.0505447415853742, 0.7812329476935856, 0.06988812188010507, 0.09833418874094765], [0.04221331073626549, 0.8486164423141166, 0.04471155977447678, 0.06445868707515381], [0.028889286735630976, 0.018558274784408142, 0.025317162570985655, 0.9272352758089863], [0.04264430310066641, 0.038705971972377747, 0.8628827772385336, 0.05576694758842342]], "ideal": "B", "sampled": "B", "correct": true}}
{"type": "result", "data": {"idx": 9, "options": ["Women can achieve equality through political pressure.", "Equality is impossible because men define women as different.", "The idea of 'woman' needs to be redefined.", "The world is phallocentric and oppressive."], "probs": [[0.43237193012888264, 0.2194861490510001, 0.18884036168988888, 0.15930155903023852], [0.4331558754434083, 0.23086728198813997, 0.16273800074691627, 0.17323884172153384], [0.5165356955968553, 0.1256000036582743, 0.19980258552067837, 0.15806171512421424], [0.5092734436156449, 0.14844280237586166, 0.1486808977842141, 0.19360285612428998], [0.48760448012000424, 0.12673009049051243, 0.20449090972504053, 0.18117451956444072], [0.47314127170858455, 0.13269595567742748, 0.19494427512892412, 0.19921849738507416], [0.23098905848058293, 0.33475645163932133, 0.22792929245794755, 0.20632519732214555], [0.18557338074835802, 0.3904256349813794, 0.19215983296981337, 0.23184115120044707], [0.2725319571399537, 0.15531503089496906, 0.3814316054629627, 0.19072140640209964], [0.22927951311571199, 0.1372272506322564, 0.16298250265851819, 0.47051073349351125], [0.25519317319546375, 0.15214039088032127, 0.38021097522284586, 0.21245546060135448], [0.2166783877153135, 0.1474642556873571, 0.170774544202152, 0.46508281229518744], [0.14430992936689896, 0.3735781566052516, 0.31888100922349305, 0.16323090470435345], [0.13503050677633682, 0.4512215918274894, 0.16505859861492167, 0.24868930268124934], [0.1784940873099618, 0.36698533557303636, 0.2607694940652438, 0.19375108295175533], [0.1431927528061855, 0.3720679348505133, 0.15002380080878708, 0.33471551143452366], [0.13769293979895778, 0.10674759915687905, 0.45308720084476295, 0.30247226009941625], [0.18030180372770804, 0.13135132617794276, 0.2488975897301607, 0.4394492802641986], [0.09242365710236741, 0.42485262864964957, 0.33353156291106456, 0.14919215123691623], [0.11694815147398357, 0.46264059336641167, 0.20055975128635026, 0.21985150377326437], [0.17580815430126476, 0.24893351874594472, 0.38700031664672285, 0.1882580102060658], [0.15784122366031167, 0.20337172467042328, 0.16857741394528108, 0.4702096376239943], [0.14783394619146523, 0.09656121675664062, 0.495104982994675, 0.26049985395722924], [0.1980627379111123, 0.1093507508277528, 0.2617943627934928, 0.43079214836762164]], "ideal": "A", "sampled": "A", "correct": true}}
{"type": "result", "data": {"idx": 10, "options": ["John Rawls", "Stammler", "Jerome Hall", "John Finns"], "probs": [[0.09670188036212597, 0.5431660765248779, 0.21100779180395496, 0.1491242512090342], [0.09892582996070248, 0.5224921630879316, 0.1756653792373499, 0.20291662761403834], [0.0933449032375008, 0.09894350616750075, 0.6574782190116985, 0.15023337148328403], [0.10320266434704677, 0.10526184354787933, 0.14443327274544798, 0.6471022192596337], [0.0919894682727833, 0.11400739116771126, 0.6187655513242981, 0.17523758913521584], [0.08727309983160486, 0.13359541190870358, 0.21012564190156524, 0.5690058462581304], [0.46675599946315144, 0.1569268953449602, 0.23454770686182652, 0.14176939823006476], [0.4499045256521327, 0.15362979666910412, 0.20671001635631522, 0.18975566122245152], [0.42401755638039906, 0.13396988756002629, 0.2925479379386549, 0.1494646180209184], [0.407697671437388, 0.12629119317604617, 0.18586010482501367, 0.2801510304615383], [0.3427369939727741, 0.14338993888541146, 0.2977113128929358, 0.2161617541488677], [0.37003762495146253, 0.14886534944737004, 0.1584872470418752, 0.3226097784592918], [0.08848552133913093, 0.10384910485276241, 0.6640795999668577, 0.14358577374126788], [0.10700764568756538, 0.12316947427759747, 0.17779400372945212, 0.5920288762053753], [0.11695839579018011, 0.398542345674818, 0.3240387373975477, 0.1604605210374575], [0.11491223756457652, 0.3525671428597771, 0.18945796134944234, 0.3430626581262255], [0.08230018894631835, 0.09583512861340132, 0.2325250413252719, 0.589339641015039], [0.0800614818206354, 0.08755433385109174, 0.5962456059122097, 0.23613857831607737], [0.09589290092580358, 0.11564872950262975, 0.6201908804742121, 0.16826748899736876], [0.09650040727320873, 0.14422682953677685, 0.27692373347043736, 0.48234902961957604], [0.10542108960760924, 0.37780917641555656, 0.2669128757019071, 0.24985685817492623], [0.11330053282829618, 0.3756324150715004, 0.18450763521950464, 0.32655941678069134], [0.08226013781534845, 0.10605456298148196, 0.2407583204793879, 0.5709269786237897], [0.08219971272956211, 0.1003147774505475, 0.5815897229604501, 0.2358957867594556]], "ideal": "B", "sampled": "B", "correct": true}}
{"type": "result", "data": {"idx": 11, "options": ["Historical", "Analytical", "Command", "Sociological"], "probs": [[0.016914035434168535, 0.027490441454368412, 0.05653180458870594, 0.8990637184227489], [0.026958870770492947, 0.052935055122609265, 0.8517274922975827, 0.06837858170930447], [0.012430535905314122, 0.013468102353919171, 0.02452121531436757, 0.9495801463264194], [0.019724954536152185, 0.027844873140625497, 0.8737311881150913, 0.07869898410811804], [0.027988947826445492, 0.8505223344107075, 0.05410746044822881, 0.06738125721463516], [0.029973589274814933, 0.8236667435396062, 0.08001522736628025, 0.06634443971931694], [0.015691648788026293, 0.03867491339135621, 0.04615017263868866, 0.899483265081928], [0.023672456928248736, 0.07074744586788433, 0.8203078418655841, 0.08527225523829185], [0.014606401991243747, 0.020938973787878377, 0.03967570518770704, 0.9247789189331803], [0.019918103647168603, 0.03919029077056027, 0.8456729134614412, 0.09521869202084202], [0.024279452726324917, 0.8309548689653191, 0.07079620967376299, 0.07396946853461467], [0.022047136402091435, 0.805948009077855, 0.07217296877113734, 0.09983188564889166], [0.010595907018131675, 0.058404204518360814, 0.03085000537138628, 0.9001498829921005], [0.013016420532234303, 0.07626265937480192, 0.8268896370487816, 0.08383128294416366], [0.010358125617197499, 0.0315661618953408, 0.03312073912636042, 0.9249549732610918], [0.011875195809534445, 0.03644259155561719, 0.8534747883735293, 0.09820742416133327], [0.017022630689047764, 0.7912099119784985, 0.07344773278348066, 0.11831972444895958], [0.016485093937198474, 0.8516028640652195, 0.056159890719963454, 0.07575215117762517], [0.589277014151528, 0.13878598433171002, 0.12742553330187495, 0.1445114681149124], [0.5655609546808196, 0.14872850647494332, 0.14187891009488768, 0.14383162864933968], [0.6046687838127611, 0.16802920703703078, 0.110385563527095, 0.11691644552309573], [0.5884799962788734, 0.12326264674619836, 0.11354676699594962, 0.1747105898789741], [0.5941571043529924, 0.12450793365037816, 0.1503710392464709, 0.13096392265018572], [0.669870784219188, 0.11822892477849968, 0.09191452631656125, 0.11998576458577186]], "ideal": "D", "sampled": "D", "correct": true}}
{"type": "result", "data": {"idx": 12, "options": ["Conflict.", "Love.", "War.", "Reciprocity."], "probs": [[0.010418736365022769, 0.018959295974521725, 0.007037529375987188, 0.9635844381844538], [0.02294215088999096, 0.10463498096271881, 0.8404029545622543, 0.03201991348503684], [0.00768134361750702, 0.0030551462203956127, 0.06641332770444314, 0.9228501823576624], [0.008143318495333965, 0.005094833253831735, 0.6801366996502424, 0.3066251485006093], [0.03761751991040656, 0.40660790463218505, 0.5230769844704728, 0.032697590886923866], [0.020531591307442622, 0.14432395757404506, 0.018606661484449942, 0.8165377895340563], [0.008874541715537592, 0.004750689801305242, 0.00549040380152855, 0.980884364581642], [0.020882515988111812, 0.025187381896514798, 0.9137277283762433, 0.04020237363912229], [0.011407029679674495, 0.0031501060291993094, 0.010483528551536515, 0.9749593356396105], [0.018165245903653284, 0.01161062394536851, 0.9254435818219837, 0.04478054822898781], [0.05229659639299855, 0.8160481653247853, 0.08595756616632381, 0.04569767201588816], [0.049219716068378626, 0.8166621019173552, 0.047596645852824346, 0.08652153606142121], [0.006278168843445871, 0.0048585872610121825, 0.0951760453932489, 0.8936871984022862], [0.007107666987227846, 0.009611216319721977, 0.7506751719548929, 0.23260594463814405], [0.007666977246571325, 0.034311663438310706, 0.013065608859106285, 0.944955750356005], [0.014072032658309312, 0.1303726600786619, 0.8153618184313127, 0.04019348873173441], [0.014492003046098836, 0.12116368696772332, 0.023058940393150925, 0.8412853694930399], [0.021694795508477468, 0.2722872653386419, 0.6495414657910317, 0.05647647326184144], [0.8757149875945979, 0.04201388124696465, 0.04441795309311685, 0.03785317796530915], [0.8103216217186153, 0.04103890467125853, 0.020791566572908673, 0.12784790693719952], [0.8904086126100743, 0.0417407652205341, 0.030484143297993323, 0.03736647877138144], [0.8865160772276266, 0.04174077438209874, 0.020181046791454695, 0.05156210149880077], [0.7728966133551177, 0.022649978202064176, 0.03100634621704198, 0.17344706212579777], [0.7206296669867837, 0.02524331677489412, 0.17832770294558095, 0.07579931319276566]], "ideal": "D", "sampled": "D", "correct": true}}
{"type": "result", "data": {"idx": 13, "options": ["That there is no distinction between law and morality.", "That there is a distinction between right and wrong.", "That facts about the world or human nature cannot normally ordain what ought to be", "That human rights are fundamentally unsound."], "probs": [[0.19341392381483366, 0.13211174651610022, 0.6109205160539597, 0.06355381351510855], [0.15980691283943982, 0.18861211595571845, 0.0451398620711598, 0.6064411090336972], [0.1589749289782448, 0.40189581392938006, 0.3865066964597675, 0.05262256053261555], [0.1224530758679097, 0.347420193949083, 0.0440413593722261, 0.48608537071079627], [0.1294441648633525, 0.04564239096713678, 0.4510355167929425, 0.37387792727656016], [0.08530522295036738, 0.03675922212579818, 0.4398178270467379, 0.43811772777708624], [0.18162566929315113, 0.13227460197726942, 0.6115956486163221, 0.074504080013229], [0.13013794469111067, 0.1856775621466586, 0.04358219286793336, 0.6406023001943152], [0.1290938412011669, 0.6452322330924881, 0.15789538004971218, 0.06777854555661399], [0.1194681982348705, 0.6103686799433924, 0.052130005117205655, 0.21803311660454314], [0.1556646600337901, 0.05594953112347558, 0.31813563979693066, 0.4702501689458132], [0.15358421856699483, 0.060402497372361766, 0.6196225635912321, 0.1663907203694269], [0.6538077629502136, 0.0352248545181503, 0.24572092591184289, 0.06524645651981482], [0.5626657570598853, 0.034867381189656675, 0.035687896052070275, 0.36677896559838075], [0.7646408333313258, 0.05481880758969127, 0.10882556724128306, 0.07171479173772255], [0.741081186551222, 0.057929770112745804, 0.043816422740213724, 0.15717262049579203], [0.528353474575292, 0.02034606292519425, 0.14978735935442364, 0.30151310304510637], [0.5963851277005661, 0.02032171912067059, 0.25398262223474455, 0.12931053084400707], [0.04031969715383233, 0.09619524888143366, 0.30442710682935, 0.5590579470354051], [0.028630614427443177, 0.06155368480175457, 0.3835015263886941, 0.5263141742821367], [0.04460765648741424, 0.14446394426954381, 0.21601112686941334, 0.5949172722736124], [0.04591384011361877, 0.12758494663498296, 0.5532684009789653, 0.2732328121724394], [0.03517240889754539, 0.3640954388159163, 0.14212555432618149, 0.4586065978603497], [0.043698593480220406, 0.4430359589704561, 0.32531657384177337, 0.18794887360752888]], "ideal": "C", "sampled": "C", "correct": true}}
{"type": "result", "data": {"idx": 14, "options": ["Individual stories are suspect.", "The law is static.", "Universal values are meaningless.", "Literature reproduces repression."], "probs": [[0.10105037740351883, 0.07088804656846884, 0.7081548238646155, 0.11990675206338662], [0.15619691470537092, 0.07871099298724021, 0.07540719355562599, 0.689684898651742], [0.08938365933333066, 0.7188629068908958, 0.07197583242636676, 0.11977760124940268], [0.09439569590944137, 0.6627410333166251, 0.09291881468026308, 0.14994445599366252], [0.10844106023057777, 0.07852309463424675, 0.06771066136540393, 0.7453251836697563], [0.08534004298366209, 0.07081024255257069, 0.7104214652750785, 0.13342824908870402], [0.03370115174017068, 0.10755914095081993, 0.7529529057700153, 0.10578680143900113], [0.042304340758525016, 0.2570878115427098, 0.070252723167934, 0.6303551244308468], [0.02611285718477168, 0.1732182815929373, 0.6879358084212791, 0.1127330527010295], [0.03891573011657558, 0.4196627831365441, 0.1134607294687906, 0.42796075717810844], [0.023793651360746272, 0.03482454470264397, 0.4252801108921712, 0.5161016929444527], [0.025099389516590805, 0.03566022081354403, 0.604175781572182, 0.3350646079976649], [0.3978268373988982, 0.35728697275064225, 0.08748979043369101, 0.1573963993167537], [0.369142498926746, 0.33813590469338467, 0.10009589925357255, 0.192625697026314], [0.18878974958736258, 0.06673856201469332, 0.6139352988885424, 0.1305363894093848], [0.3826208882375158, 0.08436769215116623, 0.10303958477398109, 0.4299718347373403], [0.2659441777809383, 0.09182634180991565, 0.45321723386707374, 0.18901224644206277], [0.28613983484173294, 0.08832447945181117, 0.06939805643793737, 0.5561376291685332], [0.05208326316245569, 0.2122172253787625, 0.10372457947696234, 0.6319749318818109], [0.03890302734315994, 0.06515650166616113, 0.781023333355968, 0.11491713753468817], [0.031899152719240535, 0.04865226158228855, 0.47094972977944666, 0.4484988558190351], [0.03535274211508166, 0.05925037847414992, 0.4998185905861232, 0.40557828872464374], [0.0392031201890688, 0.23187613409970956, 0.5670095588695193, 0.16191118674169286], [0.03913975702171783, 0.36703491998053955, 0.08052645737110843, 0.5132988655266251]], "ideal": "C", "sampled": "C", "correct": true}}
{"type": "result", "data": {"idx": 15, "options": ["Law as medium' describes law as a body of formal, general rules that control the state and the economy; 'law as institution' inhabits the 'lifeworld' and expresses its shared values and norms in institutional form.", "Law as medium' consists of the manner in which law is presented by the media; 'law as institution' describes the courts.", "Law as medium' concerns the manner in which the law expresses its rules in simplified terms; 'law as institution' refers to the formal declaration of laws by legislative bodies.", "Law as medium' is defined as the intermediate stage of legal development; 'law as institution' is the advanced stage."], "probs": [[0.9329702734147348, 0.010907712158641041, 0.02729905845616111, 0.028822955870444464], [0.9480352444333247, 0.009356932215760467, 0.020183340216408815, 0.022424483034495093], [0.9294081868469165, 0.020783082940110085, 0.020273153107221362, 0.029535577005749693], [0.931531569571311, 0.020024400951023397, 0.023788514737900765, 0.02465551463974523], [0.9268886162343245, 0.0295425345010934, 0.014494182317575738, 0.02907466684701251], [0.9050971800493544, 0.0324955956698539, 0.024274662365297097, 0.03813256181548129], [0.004031409623789329, 0.9244858615114541, 0.02160055420117435, 0.04988217456357808], [0.003996037513188519, 0.9257293624192313, 0.024189331188252908, 0.04608526877934607], [0.003871604588140544, 0.013276414908203922, 0.9392524176990684, 0.04359956270456897], [0.003957282470949202, 0.017078095386691645, 0.02194462665092982, 0.9570199953914381], [0.003155725126081483, 0.0076584700794637495, 0.9612771444936761, 0.0279086602007555], [0.004156710160421399, 0.012289206972582317, 0.03412956566988286, 0.9494245170971005], [0.023994337275359295, 0.8769636875331072, 0.03439858219432684, 0.0646433928972186], [0.027476184729065867, 0.8731095832843713, 0.048013530796152, 0.05140070109041744], [0.010176842116795447, 0.007963707573339798, 0.9357901261966578, 0.04606932401319287], [0.012404261197013447, 0.008198743840523996, 0.02651465900699712, 0.9528823358554471], [0.018681577553040424, 0.024495624935982854, 0.9081428664423662, 0.0486799309686284], [0.018495137428066785, 0.024735507709197524, 0.02134685995364243, 0.9354224948091142], [0.006847065806480621, 0.9175150427720747, 0.021184929479987603, 0.054452961841466044], [0.008802501231806065, 0.8946979464505634, 0.028972600025905012, 0.06752695219172043], [0.005297504962659182, 0.006061255860951142, 0.9546067945400682, 0.03403444453633226], [0.009130062130224364, 0.00592808993983108, 0.030575585349472086, 0.9543662624804535], [0.011100296825079688, 0.018901067691327305, 0.9347966576029556, 0.03520197778062503], [0.011065920489865516, 0.01570520075814692, 0.015673671032413388, 0.9575552076195778]], "ideal": "A", "sampled": "A", "correct": true}}
