{"type": "result", "data": {"idx": 0, "options": ["Bargaining", "Satisficing", "Accepting", "Compromising"], "probs": [[0.004847367093888686, 0.06795505004372258, 0.005697809561710435, 0.9214997732006779], [0.008117400816436962, 0.3031300171167751, 0.6711632903508656, 0.01758929161589779], [0.004022372921921079, 0.004953743723970096, 0.14440740704424326, 0.846616476209886], [0.001515576392998351, 0.0024985643771786884, 0.11018584270911672, 0.8858000164207135], [0.004702141207389333, 0.1710379877320161, 0.80955505693182, 0.014704814028791358], [0.002613392629430062, 0.058564950783773016, 0.0073553683969468766, 0.9314662880898285], [0.030752909838759796, 0.010777436982892054, 0.005376650393764415, 0.953093002684599], [0.1793568741403012, 0.06942047726614074, 0.7290609102291745, 0.022161738264392637], [0.07673949552820618, 0.007741249738401958, 0.01508753106567432, 0.9004317235677255], [0.169342427045643, 0.015565188859608683, 0.7661634361348248, 0.04892894785993171], [0.46234358269330456, 0.48265091882628886, 0.04048602786028143, 0.0145194705201115], [0.5841934116246738, 0.3592996269890661, 0.01113762590782898, 0.04536933537841865], [0.002816838119489344, 0.00928079804400786, 0.21936283293556177, 0.7685395308009565], [0.0015205579637881475, 0.005622988537251386, 0.09567199534601778, 0.897184458052932], [0.004985755664626053, 0.1434952500060959, 0.015815420507351213, 0.83570357372191], [0.005379533416778598, 0.39293071998212553, 0.5582151839036061, 0.04347456259748459], [0.0022562324462579134, 0.07394119178953057, 0.014447732103751568, 0.9093548435604539], [0.0031047261397832136, 0.18063191274625834, 0.7844764646116825, 0.03178689640225165], [0.12266209975821059, 0.062407108501512716, 0.790186450189375, 0.024744341450900265], [0.03010651757259162, 0.015254718428296869, 0.005657203736026217, 0.9489815601630726], [0.08431099989890048, 0.8618900887427619, 0.03726899961814511, 0.01652991164020913], [0.06606650173530762, 0.8600701056495773, 0.016226852755351382, 0.05763653975976208], [0.033955529247450635, 0.00606747730045372, 0.020717342760259355, 0.9392596505918192], [0.05679429188963493, 0.009706029078485008, 0.8855636707181745, 0.04793600821368578]], "ideal": "B", "sampled": "B", "correct": true}}
{"type": "result", "data": {"idx": 1, "options": ["Framing bias", "Hindsight bias", "Over-confidence bias", "Heuristics"], "probs": [[0.02630318051901929, 0.025529427840658963, 0.012968254622578789, 0.9351991369177475], [0.01519058139457834, 0.013590691348065375, 0.9386132862828258, 0.03260544087453526], [0.03172967058146798, 0.029475009806793642, 0.014612371826558074, 0.924182947685162], [0.022446041259026016, 0.031120381913483403, 0.845493962810411, 0.1009396139170649], [0.013260505267215037, 0.9543159061392308, 0.01155607106223528, 0.020867517431320027], [0.01279192862635601, 0.9496952109690453, 0.012072198283966109, 0.0254406620206568], [0.019118242628830794, 0.018343976338180336, 0.008040040303729817, 0.9544977406292356], [0.008483128590472993, 0.008302850855470919, 0.962768832220254, 0.02044518823378366], [0.02276678620122499, 0.01930516017271891, 0.011764818801643786, 0.9461632347243926], [0.014856307637448251, 0.01210412398236818, 0.9524132721420308, 0.02062629613814417], [0.007127845759473993, 0.9700092099101725, 0.008916259747895857, 0.013946684482452338], [0.008054524253003773, 0.9699015647241147, 0.010105942561899266, 0.01193796836098784], [0.013132770017255409, 0.010685425250347304, 0.006085721512410887, 0.9700960831199653], [0.010283828148098868, 0.011683724417940177, 0.9387076712244279, 0.03932477610952726], [0.015678437279229594, 0.014361425899255306, 0.007930915340890556, 0.9620292213806301], [0.013205620472296432, 0.010949473060878123, 0.9625332551911766, 0.013311651175654417], [0.008452229566163396, 0.9704229779418134, 0.007072591197608843, 0.014052201194416497], [0.010751752320365722, 0.9661849248450963, 0.009871336764788399, 0.013191985969736543], [0.9723500026235755, 0.007727682973977545, 0.005466404729756622, 0.014455909572695715], [0.9604063108611194, 0.010124268810903633, 0.007849676725504937, 0.0216197435024502], [0.9730869260514605, 0.006038662750338278, 0.0069032706291468435, 0.013971140469035635], [0.9705808590979532, 0.007214354407791965, 0.007479031355541931, 0.014725755038700616], [0.9606521751126967, 0.012862311280951538, 0.006550063476460469, 0.019935450029894077], [0.9680420597192866, 0.010893102297794652, 0.006012462202453384, 0.01505237568046103]], "ideal": "D", "sampled": "D", "correct": true}}
{"type": "result", "data": {"idx": 2, "options": ["The way things are.", "The way things are going to be.", "The way things should be.", "The way things were."], "probs": [[0.02991856675963539, 0.013999792254364775, 0.9263060398237187, 0.029775601062299185], [0.028868756283500677, 0.011642868727581534, 0.012961709909320659, 0.9465266649795859], [0.030597098162321635, 0.9393267881532716, 0.009863414284769487, 0.02021269929961816], [0.035605397090567, 0.91980734346675, 0.014573475261264754, 0.030013784081397293], [0.009428260065458898, 0.0026562265474076078, 0.005775494045876958, 0.9821400192412496], [0.01736343218894441, 0.005404283018348767, 0.9466986102572342, 0.030533674435454045], [0.018380124406848483, 0.019448519385696476, 0.9199870673643397, 0.042184288743128184], [0.011913941922588387, 0.00762211203322869, 0.008716153464842608, 0.971747792479346], [0.021943755330102177, 0.8065073251764856, 0.14545648039210915, 0.02609243900127672], [0.023611345757996727, 0.8676618177580944, 0.022845391024669117, 0.08588144535925857], [0.009151730808626548, 0.0028253249576824023, 0.029947526696308402, 0.9580754174373888], [0.012352630101992779, 0.004238583303026986, 0.7218652483847314, 0.2615435381102465], [0.9157148120982302, 0.04552850073427123, 0.010686678105236292, 0.02807000896226298], [0.9270786269371015, 0.03319834817468414, 0.009970592426476873, 0.029752432361723796], [0.6883575457741412, 0.011549566832704626, 0.27163353503898674, 0.028459352254142405], [0.8043811960494058, 0.01019531387264903, 0.02022683802794707, 0.16519665195000038], [0.6752630107365671, 0.01566236414303753, 0.24120487697531917, 0.0678697480451025], [0.7662070081496565, 0.014932606743357163, 0.015103474550957112, 0.2037569104560402], [0.008350103504619774, 0.00773722344037513, 0.01076115842091164, 0.9731515145341088], [0.01454023267134931, 0.022057054211323052, 0.9189344574862148, 0.04446825553113632], [0.011597375482769479, 0.00557441394853314, 0.08701858931987017, 0.8958096211488089], [0.02279867192969818, 0.013187443133898292, 0.8338276765689774, 0.13018620826740965], [0.024502468322084192, 0.4402818642897635, 0.491044623503466, 0.04417104378468839], [0.0340110473151041, 0.8497771152097271, 0.02060649387382535, 0.09560534350134389]], "ideal": "C", "sampled": "C", "correct": true}}
{"type": "result", "data": {"idx": 3, "options": ["The potential for entry into the industry", "The threat of substitute products", "The power of customers", "The level of rivalry"], "probs": [[0.016549213384769855, 0.007681125595402926, 0.012640184609479738, 0.9631294763103329], [0.0339789486323821, 0.03804104714644778, 0.7925777534465149, 0.13540225067465708], [0.020105907156647805, 0.005047847787909745, 0.01856272432656656, 0.9562835206288631], [0.05040344270930095, 0.015971709745192332, 0.7633005143650613, 0.17032433308044548], [0.06691718736608197, 0.36606661624933534, 0.09719038654728257, 0.4698258097372944], [0.07833332895418889, 0.4429868242693091, 0.034006034312658744, 0.4446738123638363], [0.008220628049271915, 0.007649487015402824, 0.008922126570207559, 0.9752077582651161], [0.013742734960446543, 0.06552842071072489, 0.7883488376461962, 0.13238000658261423], [0.011996811638983603, 0.0034662924980573035, 0.08911311942670146, 0.8954237763362805], [0.017919980602254103, 0.0051037749692326604, 0.1292880038600649, 0.8476882404684575], [0.02360482488465397, 0.059207005455410196, 0.7424331765712084, 0.17475499298870883], [0.019703545412081896, 0.02816083754015223, 0.013186195472336513, 0.9389494214754421], [0.00482802086680024, 0.0036324150030807053, 0.01048621265288288, 0.9810533513772365], [0.00505690086057988, 0.011960708725307205, 0.7724143733202596, 0.21056801699387598], [0.004564276925470072, 0.0028115087712472526, 0.05713361501484095, 0.9354905991884602], [0.00464593009824004, 0.003734258568581804, 0.0929319554221109, 0.8986878558110521], [0.007978540907086745, 0.044916947898224424, 0.34338154181506375, 0.6037229692796051], [0.009137383302730336, 0.017618988091634466, 0.020393871267583012, 0.9528497572380419], [0.1952685308742696, 0.11528846169316734, 0.13554662387745905, 0.553896383455085], [0.17720017282774686, 0.2513337813200937, 0.03416434532409132, 0.5373017004280451], [0.10618361302586722, 0.03138998135329549, 0.6217498125334758, 0.24067659298734959], [0.06721809034262469, 0.013740233155345668, 0.018056482153039427, 0.9009851942489907], [0.21797615362212788, 0.011767230663226875, 0.45252869015777647, 0.3177279254568549], [0.09388205976841013, 0.006508147803261359, 0.022204531893198782, 0.8774052604351466]], "ideal": "D", "sampled": "D", "correct": true}}
{"type": "result", "data": {"idx": 4, "options": ["Margaret Thatcher", "Mikhail Gorbachov", "Nelson Mandela", "Bill Clinton"], "probs": [[0.2872830152916061, 0.15561572179861147, 0.11035027956891702, 0.44675098324085], [0.2282621063238058, 0.11980507846880384, 0.48499915268172694, 0.16693366242566463], [0.23965073591780195, 0.09534088250536486, 0.19406967430551317, 0.47093870717130293], [0.279433139160385, 0.10864142764635801, 0.37464134273893807, 0.23728409035431444], [0.23411912742636434, 0.24337781162896932, 0.3299271976468896, 0.19257586319777997], [0.28771893851064057, 0.31724946466349147, 0.13493149438461913, 0.26010010234125247], [0.08977447302769757, 0.3634046878412226, 0.1631422329036388, 0.38367860612743954], [0.06993833030658772, 0.24876265707396072, 0.5412139548025067, 0.14008505771693558], [0.02428992676807096, 0.03873963755726964, 0.8667646460071046, 0.07020578956756973], [0.029669587985232646, 0.03805116536209433, 0.11114137696324664, 0.8211378695894047], [0.03282597770455465, 0.05553176205943566, 0.848268440393522, 0.06337381974249608], [0.043181889175312814, 0.051426670168562054, 0.03688692493271767, 0.8685045156233876], [0.02000699824486078, 0.4750266904553234, 0.22359750421443877, 0.28136880698536754], [0.019023113879953955, 0.536616753086233, 0.26465463249267407, 0.1797055004411656], [0.012186383900809608, 0.030975707637177965, 0.8669006666089434, 0.08993724175306722], [0.014857878439809357, 0.038657512249780625, 0.13372281355819784, 0.812761795652199], [0.0100896075619008, 0.04376382408632454, 0.8500184494251739, 0.0961281188265744], [0.015743109385035196, 0.04906977791785027, 0.06771881041158083, 0.8674683021855187], [0.06449443313706828, 0.5420932376325779, 0.26617513142898647, 0.12723719770137715], [0.06906863202767823, 0.6626791242286739, 0.08424930297620205, 0.18400294066746098], [0.03645792112594637, 0.05293440989694176, 0.8360058040629392, 0.07460186481418762], [0.04130599597025241, 0.053790797692773624, 0.029351141102209415, 0.8755520651347755], [0.025635120715966755, 0.032149451384556736, 0.862908687714321, 0.07930674008516425], [0.03132309044611642, 0.028743834205726862, 0.05070145375212065, 0.889231621496046]], "ideal": "D", "sampled": "A", "correct": false}}
{"type": "result", "data": {"idx": 5, "options": ["Work flow design", "Work schedule design", "Work rate design", "Work output design"], "probs": [[0.041076422990624153, 0.9432592889539049, 0.005181528151771808, 0.010482759803684641], [0.04155088947689306, 0.9434198472120872, 0.005557424093033262, 0.009471839118007804], [0.07305647310997278, 0.015187191532312388, 0.8964171275437262, 0.015339207713972616], [0.02134163166927895, 0.006918433831429466, 0.007759845643842213, 0.9639800887554596], [0.024648821196723982, 0.008785364306608607, 0.9584495522870513, 0.008116262109601204], [0.022109219964092392, 0.00937056466333304, 0.006288076189515745, 0.9622321390830461], [0.6907330623281809, 0.26993316013377666, 0.00797225662245698, 0.03136152081557326], [0.7232514888720534, 0.24360756144534676, 0.009923614034783479, 0.023217335547834075], [0.8492128750498203, 0.03713580062318376, 0.0738751872791436, 0.039776136947871486], [0.5696025074050614, 0.036960873124953046, 0.016064263251383645, 0.3773723561185843], [0.8553210391218665, 0.050674463332038344, 0.06998774656083546, 0.02401675088525066], [0.5938316461571996, 0.05813431123862357, 0.010587249648995021, 0.3374467928551967], [0.014531074534555372, 0.03744338438483938, 0.9309104623223, 0.017115078658308913], [0.009250802894564107, 0.013274963830088776, 0.007273880948228687, 0.9702003522271417], [0.01994109173718367, 0.9225242715093948, 0.03630014021355055, 0.02123449643988147], [0.018059495042200908, 0.791087393684333, 0.013089586652701286, 0.1777635245207849], [0.00751048527765329, 0.004946304453027304, 0.017941873797158628, 0.9696013363721473], [0.0067438962189050366, 0.005562313624355324, 0.9583490197205115, 0.02934477033622487], [0.008729433176159486, 0.014702862147348318, 0.9677412776983579, 0.008826426878116815], [0.009525389566403218, 0.01728130913790387, 0.005923043518787279, 0.9672702576769265], [0.009103698987152619, 0.9736126394125186, 0.010316229799610607, 0.006967431700694035], [0.00783155964177903, 0.9667830745861863, 0.005560566452244483, 0.019824799219813994], [0.0070529722313239845, 0.0032895031008396487, 0.013622558730778897, 0.9760349658370344], [0.008211699882939221, 0.0049183393850769155, 0.9570918171136978, 0.02977814351826176]], "ideal": "B", "sampled": "B", "correct": true}}
{"type": "result", "data": {"idx": 6, "options": ["Workers enjoy responsibility.", "Workers view physical and mental effort as a natural part of work.", "Workers like to show initiative.", "Workers like to be directed."], "probs": [[0.014439594764717891, 0.013249858500336957, 0.009418243817695121, 0.9628923028172627], [0.051114610854214725, 0.028948289230232866, 0.8869947858560552, 0.03294231395948881], [0.015980973202697042, 0.009304574144120153, 0.01769018094540409, 0.9570242716077936], [0.017831180875950137, 0.007878843976096362, 0.6680917099607901, 0.30619826508716785], [0.0954915616241604, 0.2649466012790496, 0.5674617243676974, 0.07210011262910196], [0.041497218267082754, 0.11162642379799896, 0.01555059200295443, 0.8313257658319464], [0.048333882484127844, 0.017177115118331854, 0.011848050077039108, 0.9226409522204835], [0.14690505913986263, 0.029723818254545436, 0.7657973220015364, 0.057573800504053196], [0.04222155250107465, 0.016533411408805012, 0.009457413652163611, 0.9317876223379529], [0.1060450732548937, 0.027598028482163455, 0.8477371792354597, 0.01861971892749244], [0.09273876247618355, 0.857009369270337, 0.013531368653659252, 0.03672049949982738], [0.09977924622727564, 0.8625447771844434, 0.017357712418917974, 0.020318264069351184], [0.022145204954947015, 0.010066831128866718, 0.017658192441639457, 0.9501297713745673], [0.02198420446297301, 0.007963093882220319, 0.8014384696878575, 0.16861423186694954], [0.02010404677135346, 0.01770815762050767, 0.008449925999344545, 0.9537378695087935], [0.04349614597050738, 0.023626623088107843, 0.9184334187924925, 0.014443812048914963], [0.020836179274585594, 0.7427637941385755, 0.00883088766880969, 0.22756913881803548], [0.025194477607231165, 0.9115063230320672, 0.04259655555488525, 0.0207026437057905], [0.8258136936286004, 0.022167101890818466, 0.11801433069102263, 0.034004873689564695], [0.4627801042469418, 0.014580927388251095, 0.009343317022351388, 0.5132956512424495], [0.8780806022683855, 0.06942213741033215, 0.013242759930864928, 0.039254500290421164], [0.9220639923003322, 0.04402590584777918, 0.01551771441263609, 0.018392387339252515], [0.5063782534164485, 0.021307865410949617, 0.008204217102409185, 0.4641096639702087], [0.8724502841099239, 0.02901268193036749, 0.0779267087807515, 0.020610325078934354]], "ideal": "D", "sampled": "D", "correct": true}}
{"type": "result", "data": {"idx": 7, "options": ["Referent", "Expert", "Reward", "Legitimate"], "probs": [[0.07633141109732124, 0.009621752714127178, 0.013900776389071898, 0.9001460596994684], [0.1262960025527694, 0.018893365992340767, 0.8460540349051597, 0.008756596449710774], [0.10592305504450444, 0.016870304026977534, 0.01192114433330689, 0.8652854964952218], [0.14182404423802128, 0.03351019382898266, 0.8119078516998451, 0.01275791013312981], [0.04527792103945633, 0.9380830772225897, 0.00801454492067743, 0.008624456717299807], [0.042300434706456676, 0.9408487661889281, 0.008047855431439429, 0.008802943573165734], [0.0351696651768267, 0.025479935827201153, 0.012486509011696309, 0.9268638898842797], [0.08135435271191867, 0.07665404088638753, 0.8323566973379846, 0.00963490896369259], [0.04051682144828603, 0.013147880618005856, 0.01693005782506696, 0.9294052400086358], [0.052032145241481524, 0.03915050239595138, 0.8977028337047593, 0.011114518557806334], [0.07628129320740686, 0.902724164896415, 0.012352518209958528, 0.008642023586207068], [0.05025657928153529, 0.9206470702490162, 0.011068239449847195, 0.018028110919602804], [0.044174004004032784, 0.04179757780883381, 0.00916676023756876, 0.9048616578495726], [0.0723093884356357, 0.12579888350538837, 0.7867780843364478, 0.015113643622535257], [0.034225033359334925, 0.015330060334544293, 0.017203679408258052, 0.9332412267978656], [0.04827658718344019, 0.05389722983478148, 0.8844983832294968, 0.013327799652281761], [0.02835467154790419, 0.9563348427333994, 0.00952011553944756, 0.0057903700792588265], [0.024352425015943698, 0.9543281772721052, 0.008862774148501633, 0.012456623463459786], [0.9317718176527244, 0.038875685410971035, 0.010411130315002862, 0.018941366521313858], [0.9278140131331614, 0.04220191489923688, 0.010799758001959016, 0.019184313865661537], [0.9347779880318292, 0.022587299221715096, 0.022028277587711243, 0.020606435058746334], [0.9339020365779641, 0.022894893363151973, 0.013725741258041362, 0.02947732870083353], [0.939631214611969, 0.022725824712932875, 0.02083733523114273, 0.016805625343963026], [0.9344188014417322, 0.022071662335379053, 0.013558139099612116, 0.029951397023265314]], "ideal": "D", "sampled": "D", "correct": true}}
{"type": "result", "data": {"idx": 8, "options": ["Henry Fayol", "Max Weber", "Adam Smith", "Mary Parker Follett"], "probs": [[0.02565192849112497, 0.9636913224048057, 0.003775217819795091, 0.006881531184262206], [0.015351968038268536, 0.9776923502318583, 0.0037690192786114882, 0.003186662351268548], [0.07881932375068139, 0.014687442039509075, 0.8955726815376394, 0.010920552572181382], [0.026188006082244076, 0.0036260196929045843, 0.003972251625715991, 0.9662137224991558], [0.02955431637865892, 0.013695892536148157, 0.9473931462849072, 0.009356644700290502], [0.020953212970888396, 0.0047553382686810735, 0.00271311362059841, 0.971578335039853], [0.9662662444809895, 0.026499032372211986, 0.0022022142273851915, 0.005032508819437553], [0.9826839237520014, 0.012355273664893052, 0.0024377816393269416, 0.0025230208437731732], [0.8943929817588134, 0.0147467199870693, 0.08311192555933163, 0.007748372594767088], [0.8594126857092302, 0.009236999776064417, 0.004876882713674519, 0.12647343170104358], [0.7764331385543166, 0.024962270296869767, 0.1925298172309766, 0.006074773817852866], [0.8813380984392677, 0.014700581138700085, 0.003129147537015016, 0.10083217278503556], [0.002924625330692267, 0.12111644801233998, 0.8642530357535864, 0.011705890803401663], [0.002515977095146551, 0.015497477016798092, 0.00371014966166653, 0.9782763961263744], [0.001985459471034941, 0.9829540472658589, 0.008982243438387811, 0.006078249724734863], [0.0013995616465895483, 0.9787656352899301, 0.003043997403839255, 0.016790805559633595], [0.0015207600949504033, 0.0018787297696074992, 0.06716578150218469, 0.9294347285332452], [0.001417893859710777, 0.0027171679363121055, 0.9479971465927436, 0.047867791511228025], [0.003010741947945798, 0.46807311378326266, 0.518102205102133, 0.010813939066674598], [0.003032777386432948, 0.08071728936837845, 0.002498075789320234, 0.9137518573558594], [0.00229471043592287, 0.9811126853234353, 0.010158772504133246, 0.006433831636511538], [0.0024010377992683125, 0.9717605388471929, 0.002778364173372659, 0.023060059080174233], [0.0025652572281214254, 0.0013784316713337929, 0.06635775667970324, 0.9296985543208535], [0.002069192875123803, 0.0017985804436412504, 0.9653519545821883, 0.030780271999066012]], "ideal": "B", "sampled": "B", "correct": true}}
{"type": "result", "data": {"idx": 9, "options": ["Frederick Taylor", "Seebohm Rowntree", "Henry Ford", "Max Weber"], "probs": [[0.025597333611999187, 0.17319003997810176, 0.7131543743719003, 0.08805825193798052], [0.017467600584776536, 0.10539205545524787, 0.01266332042789857, 0.8644770234320666], [0.019441046877302793, 0.19856718116931435, 0.7106128014777495, 0.07137897037563039], [0.023234929601666978, 0.2712903416826475, 0.029150596233274463, 0.6763241323824217], [0.011848433882285694, 0.0069323527150479715, 0.20426215330680722, 0.7769570599958637], [0.011645268791336687, 0.0074574141781589285, 0.8371640234470424, 0.1437332934834526], [0.5626853515548002, 0.05053728870394432, 0.3306372936110948, 0.05614006603016292], [0.24543687584185003, 0.03636366995546336, 0.013493704563732778, 0.7047057495389535], [0.1530353275761784, 0.7692381417604646, 0.033459648975573936, 0.04426688158778346], [0.13274081016039616, 0.7744962904745707, 0.021826038675437184, 0.07093686058960852], [0.28576540584088483, 0.022339763283771085, 0.026668549557071517, 0.665226281218263], [0.08026065867729495, 0.011784454472890291, 0.8675562722736719, 0.04039861447611886], [0.43589498639614876, 0.06546217280341735, 0.4241022090339587, 0.07454063166649344], [0.5572931761866687, 0.05563451663547823, 0.021522076092891373, 0.3655502309849682], [0.5935427121245587, 0.33440079712490367, 0.025189996318325067, 0.046866494332202906], [0.5959059527236867, 0.326537458103318, 0.016318790666601198, 0.061237798406395934], [0.49989421026848385, 0.033041127329686434, 0.03779111382985211, 0.4292735484719857], [0.5036023580301424, 0.039243008590177035, 0.36703455667283186, 0.0901200766068486], [0.009270873698658363, 0.013888991562685077, 0.18990371715392698, 0.7869364174847074], [0.01003493772057621, 0.019286924248169055, 0.8240073079389573, 0.14667082999228417], [0.01879945298440361, 0.13520900594322108, 0.032182842991944564, 0.8138086979804071], [0.010415381447060194, 0.041890108429217046, 0.8946983250643604, 0.052996184959362785], [0.011422966870793453, 0.5646028991818792, 0.04472281222274249, 0.37925132162458447], [0.010261404103356934, 0.6802032125971548, 0.23414317693514278, 0.07539220626436591]], "ideal": "B", "sampled": "C", "correct": false}}
{"type": "result", "data": {"idx": 10, "options": ["John Kenneth Galbraith", "John Maynard Keynes", "Milton Friedman", "Alfred Marshall"], "probs": [[0.019361456816714008, 0.024290384713602484, 0.8898556764100579, 0.06649248195961865], [0.023201642629825103, 0.017279584214460627, 0.009714893654093682, 0.9498038794016249], [0.04912089358986808, 0.8028118530906906, 0.05143009373720286, 0.0966371594822489], [0.04467232635231674, 0.7458523722679159, 0.017876072218576407, 0.19159922906117638], [0.026911159429640424, 0.006167829868104134, 0.042000679714123405, 0.924920330888134], [0.010885984885663415, 0.003273990723832446, 0.9341916002736135, 0.05164842401689524], [0.028423080839944073, 0.016639023164642483, 0.9004235623039207, 0.05451433359150397], [0.027149257358377307, 0.009569688777971142, 0.006336966053811314, 0.9569440877098622], [0.11363497237908342, 0.7057389280787831, 0.049360781966411145, 0.13126531747572096], [0.09915601791669489, 0.6910353777059012, 0.030570636015153387, 0.179237968262255], [0.03892915102646927, 0.008833051247087975, 0.008625183187708217, 0.9436126144387217], [0.03141366934950866, 0.012525276627013665, 0.8701124426560124, 0.08594861126748086], [0.766258509260737, 0.08463141834883597, 0.041482574469112285, 0.10762749782131704], [0.6088717406809777, 0.09065059633809726, 0.0172889338875722, 0.2831887289933758], [0.801630088170061, 0.07524977903151295, 0.02401443959141735, 0.09910569310698554], [0.7949524072134726, 0.07595053859454547, 0.019960850278844238, 0.10913620381315546], [0.6855320699392266, 0.03251089189370034, 0.027329035904609174, 0.25462800216248677], [0.8023924370452138, 0.0307643506143206, 0.051952265214203, 0.11489094702626446], [0.053191541362877834, 0.02940541021051108, 0.07089111382229998, 0.8465119345042901], [0.025574058535240855, 0.01989353078691912, 0.8415162920156419, 0.1130161185621882], [0.047250886902552275, 0.05399596505740634, 0.01594731661260776, 0.8828058313274498], [0.05190977216123103, 0.09983776500035826, 0.7091622471984256, 0.1390902155399759], [0.06403151305767404, 0.5175254743570084, 0.03835764209832266, 0.38008537038702717], [0.06449924349282318, 0.6433627002110032, 0.11272343717889448, 0.17941461901725567]], "ideal": "C", "sampled": "C", "correct": true}}
{"type": "result", "data": {"idx": 11, "options": ["Mary Parker Follett", "Elton Mayo", "Lillian Gilbreth", "Frederick Taylor"], "probs": [[0.0021930406134340074, 0.9804836130631669, 0.0056175546700594145, 0.011705791553355651], [0.0025982067119957168, 0.9830780693049435, 0.005500514055878799, 0.008823209827182812], [0.0022567374983696003, 0.002102810772156674, 0.9822816744838435, 0.013358777145612339], [0.0032918126504462826, 0.001708572044458124, 0.003802912230245818, 0.9911967029748634], [0.002365568810425648, 0.0021047810179193557, 0.9856138127012187, 0.009915837370429536], [0.003720143047020493, 0.0013377683992634583, 0.0025367050276560226, 0.992405383426051], [0.9599400362931381, 0.016702020468814242, 0.006845662827716823, 0.016512280310352505], [0.9712449826946481, 0.014841460687739696, 0.0051370848785817075, 0.008776471639045607], [0.9432731582085228, 0.01640453750658576, 0.012398539181190176, 0.02792376500367826], [0.9331663276275377, 0.022595878438759973, 0.013195346504137668, 0.031042447329578077], [0.9711317750417652, 0.009113219007702015, 0.006998061253739173, 0.012756944596769803], [0.9523378723293991, 0.012416359800918675, 0.00784712842692858, 0.02739863934275361], [0.0020391521503313036, 0.002179252944193968, 0.9818271980325775, 0.013954396772875891], [0.0025483081986293005, 0.0015706658654787314, 0.0029565930973944375, 0.9929244327384846], [0.0019010436995595625, 0.9814585811782064, 0.006582942633102896, 0.010057432389146097], [0.0022832104954702928, 0.9807023021694734, 0.006229517166791594, 0.010784970068257033], [0.0029300532058773813, 0.0013682761888530177, 0.002784838166621251, 0.9929168323386358], [0.002164978902862831, 0.0022976077040431668, 0.9816912048836605, 0.01384620840942719], [0.0024455411670903254, 0.0023432511889611633, 0.9826775259172666, 0.012533681626673648], [0.0027413361921599525, 0.0014008942160709532, 0.0023537025981139343, 0.9935040668936335], [0.0032226243246612986, 0.9768606511466307, 0.008474262044411325, 0.011442462384284343], [0.0030537844133973775, 0.9683090826247973, 0.0072242881011695724, 0.02141284476064943], [0.002495101547617194, 0.0013111027725126, 0.002699171427132956, 0.993494624152716], [0.0018034538177621189, 0.001928345915746108, 0.9803288089022897, 0.015939391264185723]], "ideal": "B", "sampled": "B", "correct": true}}
{"type": "result", "data": {"idx": 12, "options": ["Strategic", "Operational", "Functional", "Developmental"], "probs": [[0.01315910238860646, 0.002589374451882212, 0.00520610459859753, 0.9790454184609242], [0.07838599190250518, 0.008803444289341633, 0.9018525311041689, 0.010958032604006468], [0.013892600664179747, 0.002284361800531461, 0.006202368898301685, 0.9776206685369944], [0.0508371547613006, 0.0050568507516141935, 0.9260017212287072, 0.01810427315837462], [0.05052078226937056, 0.9336244329758137, 0.005705407821637422, 0.010149376833195153], [0.035043379466503016, 0.9458062935757241, 0.004820060298840716, 0.014330266558950467], [0.004062378465643609, 0.003420297692411518, 0.0034875996321551846, 0.9890297241097773], [0.008388809199325524, 0.023996860652512993, 0.9619173841166403, 0.005696945931541188], [0.0025775209910524483, 0.0011952968973122137, 0.03264025425587143, 0.9635869277557602], [0.001876055512027929, 0.0015619092058387072, 0.9519566574906269, 0.044605377691497035], [0.009060175922491127, 0.9746385514520023, 0.009662205121979418, 0.006639067403543265], [0.008189612401866166, 0.9463074156461674, 0.004758844129545113, 0.04074412772243737], [0.004798690958922732, 0.003622368824520256, 0.004596090556853615, 0.9869828495597013], [0.007766082517620678, 0.03304337851860932, 0.9476099130439708, 0.011580625819781394], [0.0030988833859173217, 0.0012834024410187347, 0.019772742986102942, 0.9758449710869521], [0.00227002618917351, 0.0014960262917674497, 0.9054498270021962, 0.0907841204168662], [0.008428085017175761, 0.9708423923766489, 0.010182257248092142, 0.01054726525808609], [0.008993831829288932, 0.9421874319095497, 0.006962514671583488, 0.041856221489563646], [0.9819686413282716, 0.006475646747584083, 0.003215535068003482, 0.008340176756158038], [0.9742387766816414, 0.006743635294946646, 0.0026873222752907136, 0.016330265648130542], [0.9841649411676145, 0.0037017577802060443, 0.005489271637775105, 0.006644029314395902], [0.9593465806361632, 0.003434806664502466, 0.0035124260458753867, 0.03370618655344076], [0.9796691201369749, 0.0033488742344684923, 0.006290307169938522, 0.010691698358622029], [0.9584179853633871, 0.0037944263434773204, 0.003865848314370791, 0.033921739878742946]], "ideal": "A", "sampled": "D", "correct": false}}
{"type": "result", "data": {"idx": 13, "options": ["Guiding, mentoring and motivating", "Guiding, commanding and motivating", "Guiding, demonstrating and motivating", "Guiding, mentoring and demonstrating"], "probs": [[0.06740872024435873, 0.6270438413826637, 0.08369508330503302, 0.22185235496795155], [0.06332193445689006, 0.47204179288254666, 0.04875146399522153, 0.41588480856533927], [0.07789621381615051, 0.052865674854426684, 0.725064344939652, 0.14417376628979348], [0.08921498034116061, 0.06018113796938079, 0.06423451640329964, 0.7863693651861481], [0.09743426056798735, 0.020209397860234696, 0.55421143140447, 0.32814491006732516], [0.12637571133613487, 0.031124036098257094, 0.19448550302262443, 0.6480147494429934], [0.6536690647686023, 0.03652984969701727, 0.1032689761071671, 0.20653210932718538], [0.5489632320210597, 0.025954438796516047, 0.0507354592061059, 0.37434686987631993], [0.5778015275970988, 0.09947191624054165, 0.0518965743796935, 0.2708299816826629], [0.3909791958751275, 0.061672198327257545, 0.04844590890126103, 0.49890269679635285], [0.5089914918591891, 0.019759630750188696, 0.16498232054919365, 0.30626655674141445], [0.3866184738042493, 0.018704772655427884, 0.1274873454963551, 0.46718940794395847], [0.20627911279468547, 0.018217874666902473, 0.6799387272084606, 0.09556428522993336], [0.3042983638127088, 0.022795252357314912, 0.044816247604241466, 0.6280901361257281], [0.23167841805895578, 0.5436729096914746, 0.04133922915666384, 0.18330944299289], [0.2144088356981606, 0.3023168838804986, 0.03739274703396253, 0.44588153328738556], [0.32990192291613557, 0.02521901271849878, 0.20193889247292401, 0.4429401717924471], [0.21542111153637922, 0.015292186412259308, 0.4317717859992591, 0.3375149159520929], [0.11214359569898986, 0.0428569206569304, 0.3891674155599892, 0.45583206798411047], [0.08776108083641028, 0.03771487711817094, 0.12420705467013017, 0.7503169872752667], [0.05199573485797842, 0.43687873473014077, 0.07668150467318766, 0.4344440256386916], [0.059110281084541326, 0.3414115303531712, 0.1132522006636996, 0.48622598779858395], [0.10610501115904204, 0.056899783514528054, 0.22414334816485348, 0.6128518570615894], [0.08607887051200891, 0.03962077588142112, 0.48560439635479413, 0.38869595715179395]], "ideal": "A", "sampled": "B", "correct": false}}
{"type": "result", "data": {"idx": 14, "options": ["Incomplete information", "An agreed goal", "A structured problem", "High level of certainty regarding the environment"], "probs": [[0.04481293985713313, 0.06783275542144414, 0.12459286846708335, 0.7627614361543517], [0.03893514486863066, 0.0780502585684778, 0.6437812362863133, 0.23923336017656577], [0.045337332420023586, 0.06176682623273343, 0.08217840400509906, 0.8107174372421435], [0.04728664647586214, 0.07302022923531974, 0.6186822538523213, 0.2610108703365146], [0.028390703759076534, 0.7460102159568704, 0.0801264000398731, 0.1454726801441516], [0.03487844419287271, 0.7449750332241604, 0.10949191310046875, 0.11065460938247863], [0.04627267677954312, 0.07728603197514972, 0.1367236977769908, 0.7397175933683418], [0.033704398565163045, 0.08730783113423014, 0.6040523109778941, 0.27493545922272755], [0.04659472824298152, 0.06534665705785031, 0.10264282691362876, 0.7854157876855272], [0.06642538167514755, 0.0934116278800357, 0.595745821975764, 0.24441716836906865], [0.034199070255942335, 0.6813459160921288, 0.08492764444510696, 0.1995273691068215], [0.036867720081490994, 0.6820621228653124, 0.13094463335689346, 0.15012552359627046], [0.07698973738393589, 0.07674972760476828, 0.12105873932684481, 0.7252017955844585], [0.06416043594270313, 0.07502621146297855, 0.5746828329563376, 0.2861305195380079], [0.07487589831113797, 0.06315501669568291, 0.1043037198474041, 0.7576653650457508], [0.10315839491097047, 0.08490051725879107, 0.580855625372657, 0.23108546235755492], [0.06814481645980199, 0.6480916899795688, 0.08229731961548, 0.2014661738451545], [0.06845342455981215, 0.6837840609577651, 0.0779078014296717, 0.1698547129527509], [0.5461519163622282, 0.0918612406748554, 0.13947149345078116, 0.2225153494121156], [0.5709974488193901, 0.09160535039985435, 0.18182569788678105, 0.15557150279396809], [0.4565113762537025, 0.07964935724715629, 0.17879514217721476, 0.2850441242219072], [0.474439884687676, 0.07468056522696652, 0.20132717557001323, 0.24955237441535544], [0.48136708435518677, 0.12177031279825086, 0.15996722497936627, 0.23689537776719002], [0.5128663899680422, 0.12995448526941, 0.09634985745435842, 0.2608292672081827]], "ideal": "A", "sampled": "D", "correct": false}}
{"type": "result", "data": {"idx": 15, "options": ["Making people's strengths effective and their weaknesses irrelevant.", "Enhancing the ability of people to contribute.", "To operate the organisation's status system.", "Integrating people in a common venture by thinking through, setting and exemplifying the organisational objectives, values and goals."], "probs": [[0.03779860570918999, 0.045161150733472995, 0.880068261160995, 0.036971982296346094], [0.018551199568264936, 0.02798992972923044, 0.01906965192979131, 0.9343892186726996], [0.028680503774579712, 0.8749440914808063, 0.04571398897364131, 0.05066141567094734], [0.022301529791237434, 0.8452469597472307, 0.030264408030733336, 0.10218710233081653], [0.0189505524652051, 0.03390146477859392, 0.0268427607642965, 0.9203052218918839], [0.02669988254745403, 0.037677941803359, 0.8789952802244688, 0.056626895324734236], [0.02572866140265827, 0.03787043496833553, 0.9031780590667191, 0.03322284446227474], [0.01399815745666963, 0.028273029953557748, 0.019660296676130614, 0.9380685158136526], [0.10098511435370217, 0.490340860785424, 0.15128140558992528, 0.25739261917095474], [0.059311175454695615, 0.3311129572032048, 0.07728465442087748, 0.532291212821238], [0.012285564509654892, 0.033810267002489534, 0.0306596300343651, 0.9232445383534698], [0.01491976835629631, 0.035610087418097514, 0.8889534226122415, 0.06051672151336179], [0.5708544690706098, 0.13455654848426282, 0.0910784430837544, 0.20351053926138948], [0.516778871101458, 0.11627016417390622, 0.06411413853382461, 0.30283682609080076], [0.5705332008425069, 0.16464260467005332, 0.09238924319282911, 0.17243495119459848], [0.4348747146578028, 0.1154522557770172, 0.04191159331623914, 0.4077614361489535], [0.4964738665077409, 0.09861830643874654, 0.12821481949319471, 0.27669300746031583], [0.4007548902240283, 0.07620894022772967, 0.08053360884520572, 0.44250256060303506], [0.012801636502481185, 0.03447362883754725, 0.02334092099594751, 0.9293838135640241], [0.018123686756118182, 0.04733002945051227, 0.8698215727345411, 0.06472471095883114], [0.011471295420465643, 0.02866757151454899, 0.029196275139405464, 0.9306648578256005], [0.010672300521800045, 0.029145563391943165, 0.8907048225206956, 0.0694773134655776], [0.019929494794178812, 0.8280322870795185, 0.048155364227355654, 0.10388285379892326], [0.01743949464969661, 0.811359516736879, 0.04735794731600026, 0.1238430411974097]], "ideal": "C", "sampled": "C", "correct": true}}
{"type": "result", "data": {"idx": 16, "options": ["A theoretical assumption", "An illustration", "A theoretical model", "An example serving as a model"], "probs": [[0.22358835872948374, 0.010349438292619908, 0.3401681945045063, 0.4258940083733994], [0.04939314851627366, 0.006453575630304208, 0.018316953670191455, 0.9258363220832501], [0.17913833360010745, 0.3480186602927189, 0.01448717892030088, 0.4583558270868816], [0.3815146477978282, 0.5339366855131807, 0.03511304717958064, 0.04943561940941001], [0.03733985621518144, 0.00703020611500289, 0.008168607642739651, 0.9474613299270749], [0.1242876807660221, 0.02056215087277469, 0.8323840909419512, 0.022766077319236442], [0.01700837408884564, 0.857095521376591, 0.04933160315819444, 0.07656450127638469], [0.01566027293010803, 0.08760683403292863, 0.01832914263956439, 0.8784037502974252], [0.015894796963948958, 0.860036010487853, 0.04243400107183113, 0.08163519137638052], [0.012236981279561271, 0.31186505488104427, 0.018531234440496744, 0.6573667292989043], [0.009598786910692303, 0.009791834606152714, 0.12715052478428213, 0.8534588535988481], [0.008351370549554397, 0.010840983257677052, 0.44266870554306675, 0.5381389405497191], [0.5350317612523317, 0.06287038683239866, 0.01366160374916189, 0.3884362480660756], [0.8137377000998656, 0.10951773647432729, 0.02749570039495488, 0.04924886293085866], [0.47795790387570314, 0.009892894477842777, 0.07254193236486549, 0.43960726918158843], [0.22976410703687292, 0.0084730240949892, 0.02453882313471906, 0.7372240456333908], [0.6351532010205689, 0.021850217425667423, 0.312685517139384, 0.030311064314356824], [0.36053323584597086, 0.0120767679381084, 0.009933534792638827, 0.6174564613232639], [0.016197180788463633, 0.12920171853634457, 0.008762789360616021, 0.8458383112145811], [0.024293270342148378, 0.6462259165676222, 0.31551873724980123, 0.013962075740433006], [0.012151629798521836, 0.0032979530305071057, 0.17983772081293584, 0.8047126962580561], [0.011452500212544115, 0.0031441251266623835, 0.3826966183522742, 0.6027067562085161], [0.020647997202296552, 0.9237743835002352, 0.04055255347796725, 0.015025065719485933], [0.011426962605252876, 0.5816509436979079, 0.007690129132752952, 0.39923196446409637]], "ideal": "D", "sampled": "C", "correct": false}}
