{"type": "result", "data": {"idx": 0, "options": ["Media release", "Media tour", "Press room", "Promotional days/weeks"], "probs": [[0.0025363943622230913, 0.9922677996603231, 0.0021602503444585006, 0.0030355555330008523], [0.002342291730615127, 0.9904989702749885, 0.004862943861769815, 0.002295794032613503], [0.0020120046829542747, 0.001039972799690524, 0.9922543182462944, 0.004693704171073158], [0.0017668200467994383, 0.0007171708657678578, 0.003248130747934977, 0.9942678782394966], [0.0029812933138727354, 0.002267973713805912, 0.9927338424131925, 0.0020168904591412345], [0.0019943927442777395, 0.0016023794928626029, 0.00232210342678486, 0.9940811242360916], [0.9927034895340632, 0.0021788455549133744, 0.0020134654560379746, 0.00310419935499926], [0.9908872874387409, 0.0024560681140107345, 0.0037866817279789827, 0.0028699626192694476], [0.9926646370417371, 0.002638625735562402, 0.001663235288955892, 0.003033501833760895], [0.9918201331894627, 0.002801760207000504, 0.0029565460148966135, 0.0024215604886449857], [0.9913054464533317, 0.004490318458133263, 0.0021796580346746955, 0.0020245769538668546], [0.9917925364128629, 0.0042654564832217065, 0.0020290241520623713, 0.0019129828518607075], [0.001821072328159936, 0.000694411583850495, 0.992237632169451, 0.005246883818553161], [0.0017904766262366232, 0.0004839609269012809, 0.0030437089427333267, 0.9946818534041347], [0.002978797183833437, 0.9937353947617197, 0.0012137385619989617, 0.0020720693924520675], [0.0027163896849827724, 0.9929798679394454, 0.0033937284814708176, 0.0009100137940846689], [0.0021259899015439844, 0.0013886217047675165, 0.0014206837826682471, 0.9950647045110366], [0.002087084150852531, 0.001509945081915876, 0.9945322913113446, 0.0018706793558685357], [0.004390048507659769, 0.0022091510901681784, 0.9914141021791499, 0.001986698123018331], [0.004027218896767552, 0.001223902581237883, 0.0018875949316909605, 0.9928612834902955], [0.006004222320791794, 0.9908811613844084, 0.0017959677836238129, 0.001318648411174857], [0.004833654155615553, 0.9925300726756004, 0.00157499147924528, 0.0010612815895198332], [0.003677019423813302, 0.0012760302086301748, 0.0014626195315902476, 0.9935843307359838], [0.002976534164981097, 0.0017361873926448517, 0.9935655184392004, 0.001721759903151683]], "ideal": "B", "sampled": "B", "correct": true}}
{"type": "result", "data": {"idx": 1, "options": ["Quickly investigate to make certain your product is definitely the cause of the illness.", "Stop all sales of the product throughout the nation and issue a recall for that product.", "Stop sales of the product in the Albany, New York, market and issue a recall for that product.", "Issue a press release to the Albany, New York, market explaining how to treat the symptoms."], "probs": [[0.08177068290982704, 0.5621612180549865, 0.3382372269386031, 0.017830871996578825], [0.029430707772356977, 0.11690408803590809, 0.009883917633865803, 0.843781286457882], [0.10461961072683934, 0.2833269447501075, 0.5856709979092082, 0.026382446513830433], [0.03344293038449065, 0.10998761658901458, 0.011009844775057667, 0.8455596081514135], [0.00716761982866053, 0.0008801084985334361, 0.8539415767360962, 0.13801069483668427], [0.007053468291388479, 0.0009970175325158869, 0.7147131777840259, 0.2772363362920448], [0.20799584629280157, 0.33094126774733884, 0.4418104778801157, 0.01925240797973348], [0.08694219792584756, 0.16336263634561207, 0.011860765756869942, 0.7378343998716846], [0.23811817795566406, 0.0719248553687295, 0.6758977747792552, 0.014059191796360988], [0.2441100872303104, 0.21003592909494367, 0.027172828170468455, 0.5186811554042774], [0.09177329785697572, 0.004127017199485492, 0.20036857433469457, 0.7037311105088531], [0.11978872814773056, 0.004867307293102282, 0.6152977980111396, 0.2600461664480424], [0.11144166534333244, 0.4654188912357499, 0.40608791432913094, 0.01705152899179466], [0.05415032376594834, 0.2975983585482988, 0.012095440719798086, 0.6361558768659864], [0.15251995063195806, 0.04301462753038147, 0.7911085355417306, 0.013356886195948922], [0.19333729307245545, 0.19149614845605323, 0.026581249698541573, 0.5885853086729391], [0.0637524556546516, 0.003955399956705865, 0.5909199945747108, 0.34137214971394286], [0.07150235301788417, 0.0033140333069936593, 0.5264459940834532, 0.39873761949168113], [0.003904671347248356, 0.007069561051455521, 0.6471357795212447, 0.34188998798004766], [0.003810095832427551, 0.006437246489810973, 0.5280959763238064, 0.46165668125392717], [0.010110598793292173, 0.06796306907204208, 0.29575483484894194, 0.6261714971857157], [0.011065326239048975, 0.1136359951234612, 0.4051624279588856, 0.4701362505785944], [0.010622875461102707, 0.06717120754179481, 0.41616247248688937, 0.5060434444102005], [0.011078696382471886, 0.11716054455888562, 0.38703746923002175, 0.4847232897286236]], "ideal": "B", "sampled": "B", "correct": true}}
{"type": "result", "data": {"idx": 2, "options": ["community relations", "consumer relations", "employee relations", "public issues"], "probs": [[0.016163562442994037, 0.9574357117825101, 0.016771272965347417, 0.009629452709171153], [0.013343531146228434, 0.96453773873077, 0.012227303245578126, 0.009891426777417084], [0.020533456929710935, 0.01081921392815605, 0.9547557976341645, 0.013891531407966727], [0.014420261799693338, 0.005474688188498093, 0.008152684857620553, 0.9719523650541695], [0.012509838539702887, 0.004978702504610615, 0.9609463782987785, 0.02156508055692264], [0.015021559255936068, 0.0034055019259726415, 0.008762352700182498, 0.972810586017902], [0.9309316308046395, 0.029194599582455995, 0.022593472839479715, 0.01728029667340986], [0.9538621996189734, 0.01977414348916184, 0.010640962045582953, 0.01572269474626846], [0.6915032551268048, 0.01089511794109093, 0.27348599127842005, 0.02411563555368495], [0.6924999264662415, 0.011955730078344554, 0.01522572021738195, 0.28031862313802963], [0.7652068956695602, 0.007246703323225048, 0.20083791308956872, 0.02670848781765139], [0.4255335162754835, 0.010640231499327642, 0.01893842734440609, 0.544887824780801], [0.006540426982303253, 0.014911973214902069, 0.9641809800137813, 0.01436661968899688], [0.004610976156591034, 0.006893753883838652, 0.00788448549740062, 0.9806107843621653], [0.005206843657746543, 0.8316073837365697, 0.14772425278284051, 0.015461519722851966], [0.004591682691166633, 0.9023779317978652, 0.016788093997058127, 0.07624229141392089], [0.003901366911500488, 0.0024550806368452385, 0.06825457951725376, 0.9253889728344019], [0.0026104410485652324, 0.0032677459196853824, 0.7893327752665774, 0.2047890376651561], [0.00827627159559475, 0.014895023768389233, 0.9464822760055103, 0.030346428530500107], [0.011027560407783375, 0.011531844318025007, 0.012666810882732157, 0.9647737842914774], [0.007480693067231329, 0.7832125863994922, 0.16627004404582144, 0.04303667638746921], [0.011115166637865773, 0.5646087018107908, 0.02451521886759152, 0.39976091258374136], [0.013882460194798722, 0.0028766574775945545, 0.09656531112804712, 0.8866755710995776], [0.006731956140385623, 0.0031517220186134667, 0.6936156345893626, 0.29650068715162103]], "ideal": "B", "sampled": "B", "correct": true}}
{"type": "result", "data": {"idx": 3, "options": ["1917", "1922", "1925", "1927"], "probs": [[0.1795334138536898, 0.2872175304835517, 0.2964727998715926, 0.23677625569116034], [0.17313888885005907, 0.24308023382345778, 0.25586936054370696, 0.32791151668279667], [0.17245227449986048, 0.23569070007893012, 0.36997629786223807, 0.22188072745896753], [0.17855624392729286, 0.24167427981773548, 0.26325737083565437, 0.316512105319315], [0.16718141815138332, 0.24994621240640277, 0.32597698186796337, 0.256895387474261], [0.1636593388449833, 0.24509212480259712, 0.30916712286646025, 0.2820814133859578], [0.21941108751617094, 0.2185423651792958, 0.29688606719672206, 0.26516048000783354], [0.20041420882390013, 0.18782647286881285, 0.300865396758525, 0.310893921448761], [0.17780213527733682, 0.27326241903849746, 0.288133126392108, 0.2608023191920669], [0.18664191848682912, 0.28407486705384954, 0.3028568542996656, 0.22642636005964165], [0.18063390387661832, 0.3157876697968899, 0.25666456931622933, 0.24691385691026077], [0.17145665443849165, 0.2893775353850614, 0.35235068402368114, 0.18681512605277537], [0.21897787897384108, 0.21224634014598975, 0.30623748133969986, 0.26253829944046797], [0.2061559521016244, 0.19405395145028334, 0.29817795859099355, 0.3016121377570987], [0.21418652999837323, 0.2681358232023836, 0.24491348267994892, 0.2727641640193049], [0.21145661118571538, 0.26115061545305923, 0.25648242929127, 0.2709103439699309], [0.1957793195726889, 0.34167277715954536, 0.2537331634410697, 0.20881473972669504], [0.18813132440417593, 0.3212370759752356, 0.28677172436392695, 0.20385987515663564], [0.2449587113508572, 0.21368669035685894, 0.27640833064370823, 0.26494626754858885], [0.24465094910904356, 0.20922033121874883, 0.26402049521526016, 0.2821082243569366], [0.23265193042155802, 0.24912198319777473, 0.22540511435254465, 0.2928209719281231], [0.22169284537280984, 0.23181089554982995, 0.3438861357611655, 0.2026101232161819], [0.235001975502861, 0.2601414128485013, 0.22592075382968171, 0.2789358577189444], [0.23509602825037257, 0.264259936679922, 0.250315580114919, 0.2503284548547854]], "ideal": "B", "sampled": "D", "correct": false}}
{"type": "result", "data": {"idx": 4, "options": ["Product-oriented", "Person-oriented", "Idea-oriented", "Message-oriented"], "probs": [[0.007970334889622533, 0.009228034080675344, 0.20887764945947132, 0.7739239814702464], [0.007041055006461344, 0.012092776659759061, 0.9250285639375007, 0.05583760429626856], [0.013871229309488389, 0.08584313255273172, 0.020286255631519146, 0.8799993824062605], [0.014191545242628032, 0.11647440908321524, 0.8437845915724906, 0.025549454001675517], [0.017773429546078127, 0.8000186942353248, 0.02517288515686068, 0.1570349909617241], [0.014821406096972724, 0.8923765703138258, 0.07156573427262565, 0.021236289216557354], [0.022174349248924728, 0.011270404393859493, 0.18599702478540767, 0.7805582214717891], [0.015680126000125815, 0.009458589749604599, 0.9238565943135124, 0.05100468983677054], [0.03660101724018993, 0.1571206592547996, 0.017734426267594593, 0.7885438971374339], [0.05043622543576396, 0.18386956712951938, 0.7471185757059243, 0.01857563162880058], [0.046716587134139086, 0.8908208288353854, 0.019387235829403056, 0.04307534810106458], [0.04396663946162609, 0.8765666321426122, 0.06892648369128737, 0.010540244604477765], [0.05532007006477715, 0.028743917240162436, 0.03843174772015946, 0.8775042648749091], [0.055404623462437165, 0.028175766388874555, 0.8920325535685143, 0.024387056480195967], [0.07638262200563649, 0.08016369738889549, 0.02599357457119909, 0.8174601059342738], [0.10911994623610036, 0.06930449084958917, 0.8033944090033944, 0.01818115381090872], [0.16347684400046097, 0.7978213423995206, 0.021396243721792402, 0.017305569778246193], [0.17647768210524645, 0.774648591681514, 0.038438915513617444, 0.010434810599608959], [0.9559694252858932, 0.013212594471232884, 0.009627630430333255, 0.021190349712517775], [0.9587016505458368, 0.013507623764590013, 0.018212111189215285, 0.009578614400355167], [0.9654716351980215, 0.012857421965213249, 0.00561430428071216, 0.01605663845605687], [0.9658032055426538, 0.01171878701167559, 0.016483784650422016, 0.005994222695268176], [0.9762533622212285, 0.01110238758502496, 0.0052102531109799255, 0.007433996982766034], [0.9757789727250605, 0.010973203640178035, 0.007599510968777913, 0.005648312565981394]], "ideal": "C", "sampled": "D", "correct": false}}
{"type": "result", "data": {"idx": 5, "options": ["to develop a vision statement", "to interpret trends for management", "to interpret the organization's business plan", "to consider the role public relations might play"], "probs": [[0.022137761384199366, 0.8289622763293777, 0.021878893890756566, 0.12702106829564158], [0.02330384350762946, 0.8227449163721804, 0.08344311937553239, 0.0705081206446765], [0.016467351161881857, 0.014424396554628141, 0.8959785580047146, 0.07312969417879558], [0.013142918275712028, 0.006752677673803112, 0.020469499347849165, 0.9596349046026409], [0.014349548317326103, 0.07351441114402349, 0.8346524493011427, 0.077483591137505], [0.007733074450693249, 0.017329971968494798, 0.014701532581247111, 0.960235420899556], [0.8302193043530397, 0.00842960962657983, 0.009945994040516472, 0.15140509187986514], [0.9093027138756429, 0.00897217156930973, 0.034834798533018116, 0.046890315922033236], [0.8730642803234447, 0.0060245397589702866, 0.008594106592689627, 0.11231707322491116], [0.8621681388555323, 0.007748902090044173, 0.07011147899319195, 0.05997147996120926], [0.8231697338764978, 0.13332105008855036, 0.011523156849715062, 0.03198605908526332], [0.782345540147209, 0.14458446600114017, 0.01653216930712917, 0.05653782444452423], [0.07296104925714506, 0.009031749678190516, 0.8375949865360778, 0.08041221442858361], [0.03990004039420357, 0.005375439161440163, 0.019004852668665743, 0.935719667675695], [0.08768649296968464, 0.6872812743344976, 0.01803077197678246, 0.20700146061901706], [0.12187451341420272, 0.6408424491599785, 0.1455630328617828, 0.09172000446402565], [0.024198047646021893, 0.048429656829921904, 0.011542665327422288, 0.9158296300966217], [0.09007747282160353, 0.18198722405347442, 0.6350446958920174, 0.09289060713288018], [0.29333901763604714, 0.007926566950400452, 0.6521395058915164, 0.04659490942201448], [0.13576209022487853, 0.003936068431785782, 0.01065397007821157, 0.8496478711651403], [0.5060330570222057, 0.4220606380145428, 0.01590903373280937, 0.05599727113042738], [0.448097810897705, 0.45790155540068556, 0.018959751393702266, 0.07504088220790502], [0.10618042640969147, 0.006246496508342458, 0.007939378606564898, 0.8796336983753946], [0.33766167744904896, 0.017096672343486743, 0.568874944326867, 0.07636670578061491]], "ideal": "B", "sampled": "B", "correct": true}}
{"type": "result", "data": {"idx": 6, "options": ["When victims of abuse remain silent about the abuse", "When people hide their opinions if they do not agree with the majority", "When people hide their opinions if they are in disagreement with their close peers or family members", "When public relations uses opinion poll results to generate support for a particular issue"], "probs": [[0.0036170341222519996, 0.9268408105325456, 0.06526420047468424, 0.004277954770523498], [0.0018334272427251086, 0.9493697149581962, 0.008045109021029638, 0.040751748678046436], [0.006830465332852791, 0.1443475080988234, 0.8430622807947598, 0.005759745673549001], [0.00258202812571397, 0.42041308155046025, 0.007688576191915286, 0.5693163140319284], [0.0015173148080943944, 0.0014650922805173596, 0.9803617064816876, 0.01665588632968368], [0.0017281773497358735, 0.0012167937444866994, 0.8850189817270033, 0.11203604707876719], [0.2986056019108235, 0.004459232542226675, 0.692372008092453, 0.004563157354521459], [0.6948526562922273, 0.00426088859278056, 0.005480022015125767, 0.2954064329998876], [0.9521676598108613, 0.03364362305647629, 0.009937876501216178, 0.004250840531465509], [0.9215336254549044, 0.018488876055696556, 0.003935486181538811, 0.056042012207867115], [0.6138249574515761, 0.003183296041505749, 0.013844599467782402, 0.36914714693915474], [0.4629804437195892, 0.004093507618791625, 0.5205785978152075, 0.012347450746423837], [0.02122121385648429, 0.002517415526256461, 0.9714144739066609, 0.004846896610597766], [0.17069014797651216, 0.004623443485128715, 0.006281961394071711, 0.818404447044297], [0.14662680664829209, 0.8398386219641435, 0.009409840368945365, 0.004124730918639948], [0.1542449945321656, 0.8147231050435547, 0.006164949752163687, 0.02486695057210375], [0.2370982617467335, 0.0028661192790959676, 0.013447810441572854, 0.7465878084326132], [0.07317049904490627, 0.0031918810000327847, 0.9154615659088408, 0.008176053946198025], [0.0013022394703249844, 0.0029211287486974125, 0.9688681922898429, 0.02690843939114405], [0.001065468250185178, 0.002334935707238231, 0.925847211951045, 0.07075238399154497], [0.0012048912395637408, 0.9250382753077259, 0.010137407553254265, 0.06361942579944765], [0.0017366898684597707, 0.940243370176443, 0.04970711391358551, 0.008312825941495119], [0.0012021074528923105, 0.8577663575155031, 0.011092560841905059, 0.12993897408967464], [0.0016853423502729494, 0.7517394735399934, 0.2398497916779499, 0.006725392331764838]], "ideal": "A", "sampled": "B", "correct": false}}
{"type": "result", "data": {"idx": 7, "options": ["Research and evaluation", "Strategy and evaluation", "Strategy and implementation", "Objectives and implementation"], "probs": [[0.24081948006599724, 0.12066560180073972, 0.45887200153583463, 0.17964291649742492], [0.20772522229923215, 0.13763442499661355, 0.08120542661000407, 0.5734349259941446], [0.22968366277414815, 0.06747326227712999, 0.5796943790436427, 0.12314869580508477], [0.26572269899043804, 0.09611675097046461, 0.1841413458516665, 0.4540192040874265], [0.19355252875439702, 0.04228966185395702, 0.2962289830843862, 0.46792882620725695], [0.26890002693942666, 0.05093296067963637, 0.3719422376807908, 0.30822477460014175], [0.2574098500517149, 0.07468280112954225, 0.5284484479421583, 0.13945890077658524], [0.33094705489287396, 0.11352450623193429, 0.11174062447560465, 0.44378781429957515], [0.283510103839651, 0.34454094813596414, 0.2580866492710254, 0.11386229865337408], [0.2776964660578037, 0.288681323008229, 0.1857236139399379, 0.24789859689402818], [0.26157876838488003, 0.03966556768115922, 0.2840380859172432, 0.41471757791670744], [0.22824819998668705, 0.023561029907057933, 0.49845510721638614, 0.24973566278986115], [0.4303409538371503, 0.028677852325321496, 0.42691369874847174, 0.11406749498904634], [0.39930528810579563, 0.03285918043867903, 0.31700292149433906, 0.25083260986118], [0.5089588505954253, 0.16120804972269925, 0.17840242183250607, 0.15143067774936567], [0.45841174027759757, 0.12787282515066153, 0.3187011832346657, 0.0950142512370726], [0.5651276417571903, 0.09538843324612019, 0.13713343525790092, 0.20235048963878227], [0.46961867240098787, 0.06497684587528318, 0.36850378312666415, 0.09690069849706563], [0.2837232648858001, 0.0652041731873803, 0.22011220630614944, 0.4309603555206888], [0.27322802078013025, 0.06300826016188342, 0.44680692440884656, 0.21695679454915948], [0.2266894882109014, 0.0681006637793167, 0.16781286233963053, 0.5373969855701264], [0.18931143159770536, 0.04968780884709621, 0.6711673013505521, 0.08983345810463197], [0.3916885205441034, 0.1879247298893286, 0.17715866242663297, 0.24322808703994242], [0.43618562216685225, 0.1943007986963203, 0.22626480710068314, 0.14324877193614186]], "ideal": "A", "sampled": "C", "correct": false}}
{"type": "result", "data": {"idx": 8, "options": ["Defining the program", "Planning the program", "Taking action and implementing ideas", "Evaluation of the program"], "probs": [[0.09453807238086635, 0.7844940769349635, 0.060330614573501806, 0.060637236010643907], [0.12968483114070248, 0.7540446059879746, 0.049359441112714224, 0.06691112165860688], [0.05778028830098492, 0.0772545875037492, 0.8122956633939354, 0.052669460701310095], [0.06382002772051089, 0.06369316173833704, 0.11387867342352881, 0.7586081370176018], [0.05706783012884055, 0.06146046024272969, 0.8385495181759159, 0.04292219135250688], [0.06881929595895071, 0.0545897503509735, 0.19084976264000367, 0.6857411909500604], [0.30208874080211384, 0.6134148235925696, 0.036234736133672465, 0.04826169937163962], [0.33010090949180654, 0.5805692474920691, 0.0351891626709646, 0.05414068024517683], [0.20251184130791372, 0.1046768879037854, 0.6516221811096764, 0.04118908957859956], [0.2725555523755877, 0.12474102408357994, 0.14335027131873296, 0.4593531521220903], [0.24423183839510185, 0.07712109062745609, 0.6261105032630296, 0.05253656761440416], [0.33578477930021766, 0.08828871444418546, 0.23356734924326192, 0.34235915691233065], [0.03734947056116567, 0.4586644897979306, 0.45693458092682715, 0.047051458614059155], [0.044554343876392774, 0.3338942111302791, 0.07541337587643113, 0.5461380690168725], [0.04234960894759863, 0.5498980320829919, 0.3643130661847142, 0.043439292684696], [0.054673102331731074, 0.5303104204480514, 0.08319974357564804, 0.33181673354457997], [0.033547569112177884, 0.043645842813966364, 0.4816549040308187, 0.4411516839430589], [0.037960264446774285, 0.050809588489249394, 0.5890749445938374, 0.32215520237011774], [0.015928763719578635, 0.3739488488192145, 0.5803054253562648, 0.029816962004915782], [0.02898915520789398, 0.3125680607872052, 0.1065870414836866, 0.5518557424212145], [0.025631479065922728, 0.45780163622697695, 0.4834189306784756, 0.0331479539286338], [0.031417482880019984, 0.5196359565528935, 0.10072921094491792, 0.3482173495221667], [0.015203052283182241, 0.0666294179844691, 0.4140074019552878, 0.5041601276770296], [0.01818282492093243, 0.09206320179942089, 0.5547403650612884, 0.33501360811836184]], "ideal": "B", "sampled": "B", "correct": true}}
{"type": "result", "data": {"idx": 9, "options": ["ingratiation", "downplaying", "distancing", "nonexistence"], "probs": [[0.05851398652184588, 0.08674667254994675, 0.0319272967430025, 0.8228120440852076], [0.07056996536714398, 0.05939773790704995, 0.8056946057169949, 0.06433769090882245], [0.05048791525667744, 0.06794681726245944, 0.09291147060525766, 0.7886537967756065], [0.07486022768429453, 0.0685089677997044, 0.7438624835036309, 0.11276832091235559], [0.1596130381126129, 0.5250885470066559, 0.17938536347257217, 0.135913051308139], [0.17260495493375183, 0.5829649147723676, 0.07183554443309675, 0.17259458576080347], [0.08376062608193477, 0.09596984492281486, 0.03159348691137925, 0.7886760419838683], [0.11668297567085724, 0.08224727606819157, 0.7316490187778221, 0.0694207293831157], [0.0717407694614868, 0.08743160570443666, 0.07259218846923711, 0.7682354362648294], [0.05260452817623442, 0.045796137166132685, 0.8112395736871469, 0.09035976087047554], [0.14553405129860794, 0.5259369819800711, 0.19814202437765677, 0.1303869422436672], [0.14085950124207317, 0.5736544594143482, 0.06957320502529446, 0.21591283421830879], [0.05220353713529096, 0.06716167676849255, 0.08700160323032459, 0.7936331827658811], [0.09939831122717632, 0.07638065660976047, 0.7115823968471866, 0.11263863521586909], [0.051856839556550925, 0.08289571840102733, 0.07422560588460257, 0.7910218360578299], [0.0444878653046244, 0.042349651029131075, 0.8308544688777361, 0.08230801468848818], [0.172635421756016, 0.39067266467758854, 0.23330151523429707, 0.20339039823210114], [0.16565510968553362, 0.35766755527060207, 0.2318084380788749, 0.24486889686500346], [0.41649972107510663, 0.18055120248753997, 0.25561099446453883, 0.14733808187282768], [0.47173406605876367, 0.2101167465716243, 0.07728051272646488, 0.240868674543147], [0.36596649684703747, 0.17285908109465245, 0.292962810321986, 0.16821161163633738], [0.40268587918338716, 0.20403704527399966, 0.07851082017010175, 0.3147662552724991], [0.340861805871892, 0.15603264251832383, 0.21254750592335872, 0.29055804558642634], [0.30789881941577385, 0.13442343472090212, 0.2673622369498873, 0.2903155088134367]], "ideal": "B", "sampled": "D", "correct": false}}
{"type": "result", "data": {"idx": 10, "options": ["It hasn't", "Doubled", "Tripled", "Quadrupled"], "probs": [[0.02735621554836906, 0.1695908384038573, 0.30762108480158057, 0.49543186114621895], [0.027645120005667143, 0.18994490075386447, 0.3934951171491903, 0.38891486199125735], [0.029760766899121213, 0.19809730082685673, 0.22748784710230022, 0.5446540850717174], [0.03780427804463256, 0.3116258985547933, 0.2791073904364639, 0.37146243286411756], [0.0377164175552686, 0.3158072550101025, 0.30233294199088623, 0.34414338534374067], [0.03829176952784809, 0.2947783890743647, 0.27031577742623164, 0.39661406387156295], [0.19608172398846277, 0.06557186067696472, 0.370618173936928, 0.36772824129766923], [0.1877164337892826, 0.0693166981756066, 0.38953301884499564, 0.35343384909010916], [0.18967519851002898, 0.2453692462975841, 0.13262244381243493, 0.4323331112799418], [0.14008093120041987, 0.20956282502775941, 0.44006079612134463, 0.21029544755047308], [0.17229339363839546, 0.3648364963789645, 0.12807300035121624, 0.33479710953143565], [0.13198931951493306, 0.31913785566897257, 0.37745114394267965, 0.17142168077343448], [0.26720318412471733, 0.0570114103590635, 0.2901327558011487, 0.3856526496150667], [0.30724724545165666, 0.06803197923747972, 0.30135504269228336, 0.3233657325185805], [0.2977365284468191, 0.25085588449541457, 0.12314931884451535, 0.32825826811324843], [0.1708773323153661, 0.15988549130709317, 0.49433501455356876, 0.17490216172395653], [0.28233212773135086, 0.2623148708505374, 0.1161229902070634, 0.3392300111110475], [0.2265095389974727, 0.21955072242610085, 0.388240517783909, 0.16569922069252638], [0.33944159175231114, 0.07058929963719544, 0.3225645113741187, 0.26740459713638587], [0.3133298251693747, 0.0627174367181555, 0.2954793544668981, 0.3284733835455773], [0.3377699313242899, 0.2527952522285386, 0.1261337929005163, 0.2833010234466577], [0.2823399450584653, 0.22507515051699295, 0.31868638904192914, 0.17389851528261124], [0.32384671731047093, 0.2066371383184184, 0.1195428175531686, 0.3499733267179414], [0.2435410845082965, 0.16354985020857918, 0.4061658990318254, 0.18674316615128264]], "ideal": "C", "sampled": "D", "correct": false}}
{"type": "result", "data": {"idx": 11, "options": ["They both require research monitoring.", "They both deal with acute risks.", "New organizational practices are developed as a result of each.", "Both have the potential to damage an organisation's reputation."], "probs": [[0.13846080120605816, 0.2622703233002623, 0.2979126598340433, 0.3013562155596392], [0.15095969841607035, 0.2723685538373683, 0.07102597707808592, 0.5056457705684492], [0.10050532620647916, 0.07742598846677502, 0.5592630481939834, 0.2628056370327533], [0.11409617487425575, 0.12722476975873717, 0.11159344391006863, 0.6470856113569483], [0.062374348010177647, 0.03642697497373025, 0.40638354989732073, 0.49481512701876706], [0.06887399122900721, 0.060117396350072086, 0.19305452079304491, 0.6779540915278736], [0.2901675154031674, 0.18124647505129668, 0.2550027483770222, 0.27358326106849085], [0.26937619220887876, 0.17805026533876894, 0.06948777009234107, 0.4830857722600023], [0.3086556575476686, 0.14579296325494365, 0.21098765476347062, 0.33456372433391934], [0.34088717442164473, 0.1743651951060255, 0.10598539464489294, 0.3787622357274389], [0.23176544808589644, 0.06143150891230943, 0.21028105958307236, 0.4965219833187159], [0.25740618441030083, 0.06851528672787467, 0.27206592526249423, 0.4020126034993235], [0.09298817522939558, 0.13529725224049416, 0.43150889386064023, 0.3402056785694667], [0.09271426928408899, 0.1662615532531532, 0.11602808793003633, 0.6249960894327483], [0.09731825661955551, 0.47446175676634567, 0.15518935671880854, 0.2730306297952914], [0.10430382921455444, 0.5295351798087804, 0.06912846871744364, 0.29703252215919723], [0.0974435621347807, 0.09176818545580273, 0.1836474167211201, 0.6271408355882944], [0.0719305039969795, 0.053247899522764916, 0.48966155139458223, 0.38516004498566536], [0.06422403918012583, 0.09529789560632404, 0.32768005214476903, 0.5127980129687955], [0.06588002455541403, 0.11356564236832516, 0.18217974534234233, 0.638374587633918], [0.0737667816112941, 0.49677442272081557, 0.09727164398397702, 0.33218715158389905], [0.07468375913446967, 0.5050772670380496, 0.17976101428965036, 0.24047795943781405], [0.09219391244151937, 0.11887626413462, 0.1075786681271351, 0.6813511551967238], [0.06625563813375937, 0.06109536788743063, 0.5670935873808528, 0.30555540649794677]], "ideal": "B", "sampled": "B", "correct": true}}
{"type": "result", "data": {"idx": 12, "options": ["1917", "1922", "1925", "1927"], "probs": [[0.1795334138536898, 0.2872175304835517, 0.2964727998715926, 0.23677625569116034], [0.17313888885005907, 0.24308023382345778, 0.25586936054370696, 0.32791151668279667], [0.17245227449986048, 0.23569070007893012, 0.36997629786223807, 0.22188072745896753], [0.17855624392729286, 0.24167427981773548, 0.26325737083565437, 0.316512105319315], [0.16718141815138332, 0.24994621240640277, 0.32597698186796337, 0.256895387474261], [0.1636593388449833, 0.24509212480259712, 0.30916712286646025, 0.2820814133859578], [0.21941108751617094, 0.2185423651792958, 0.29688606719672206, 0.26516048000783354], [0.20041420882390013, 0.18782647286881285, 0.300865396758525, 0.310893921448761], [0.17780213527733682, 0.27326241903849746, 0.288133126392108, 0.2608023191920669], [0.18664191848682912, 0.28407486705384954, 0.3028568542996656, 0.22642636005964165], [0.18063390387661832, 0.3157876697968899, 0.25666456931622933, 0.24691385691026077], [0.17145665443849165, 0.2893775353850614, 0.35235068402368114, 0.18681512605277537], [0.21897787897384108, 0.21224634014598975, 0.30623748133969986, 0.26253829944046797], [0.2061559521016244, 0.19405395145028334, 0.29817795859099355, 0.3016121377570987], [0.21418652999837323, 0.2681358232023836, 0.24491348267994892, 0.2727641640193049], [0.21145661118571538, 0.26115061545305923, 0.25648242929127, 0.2709103439699309], [0.1957793195726889, 0.34167277715954536, 0.2537331634410697, 0.20881473972669504], [0.18813132440417593, 0.3212370759752356, 0.28677172436392695, 0.20385987515663564], [0.2449587113508572, 0.21368669035685894, 0.27640833064370823, 0.26494626754858885], [0.24465094910904356, 0.20922033121874883, 0.26402049521526016, 0.2821082243569366], [0.23265193042155802, 0.24912198319777473, 0.22540511435254465, 0.2928209719281231], [0.22169284537280984, 0.23181089554982995, 0.3438861357611655, 0.2026101232161819], [0.235001975502861, 0.2601414128485013, 0.22592075382968171, 0.2789358577189444], [0.23509602825037257, 0.264259936679922, 0.250315580114919, 0.2503284548547854]], "ideal": "B", "sampled": "D", "correct": false}}
{"type": "result", "data": {"idx": 13, "options": ["270", "600", "2,800", "5,200"], "probs": [[0.12765014283024753, 0.24609732422703232, 0.41447371750559897, 0.21177881533710624], [0.13325018349743908, 0.19417194248858977, 0.38682465725142545, 0.2857532166625441], [0.15606956670256064, 0.1831610939385208, 0.42242362634357145, 0.23834571291536216], [0.1656326585871896, 0.17489935863065453, 0.3761225713618148, 0.28334541132033175], [0.13289916868994395, 0.16000148311189813, 0.3683075119880955, 0.33879183611005126], [0.1510601611054041, 0.17937586213364448, 0.40118331920636974, 0.2683806574545937], [0.11475739543650633, 0.332655851887289, 0.34191522815678965, 0.21067152441940692], [0.11086176867261294, 0.2662615451431317, 0.3534337098870541, 0.26944297619718144], [0.12688650535464643, 0.316477985305661, 0.34087635497066343, 0.21575915426903922], [0.13691986394313402, 0.32384243102972926, 0.3773045681401133, 0.16193313678702054], [0.12532624731887404, 0.21910884931567845, 0.35780736991251916, 0.2977575333529165], [0.13202983140823463, 0.22555305068608017, 0.43469183374826376, 0.20772528405741897], [0.13913395705949408, 0.30727105268712857, 0.34755021561159855, 0.2060447745417665], [0.15877547420580695, 0.29380033067512157, 0.31771587746200486, 0.22970831755706478], [0.16207656799472478, 0.2779322701659218, 0.3887797358437619, 0.1712114258955912], [0.1752643727698297, 0.2945337624500729, 0.33505351826709795, 0.19514834641299741], [0.17393732378743665, 0.2491453839277163, 0.30163551556239887, 0.2752817766224354], [0.19961086070400455, 0.2711565639929061, 0.30606945778277067, 0.22316311742029304], [0.13776945245262437, 0.2172487248412843, 0.3709481733101296, 0.27403364929596175], [0.17379191953879664, 0.27035931790518297, 0.3050166225031266, 0.25083213995289205], [0.1634152371538336, 0.21029089652474284, 0.40684872045177295, 0.21944514576965074], [0.17780362013130827, 0.2622697325850956, 0.3604085812046654, 0.1995180659789392], [0.1684209001506665, 0.23885927861018458, 0.3309036823999116, 0.26181613873923626], [0.18627139115092772, 0.2611113184095017, 0.31116365360108683, 0.24145363673846792]], "ideal": "C", "sampled": "C", "correct": true}}
{"type": "result", "data": {"idx": 14, "options": ["Enabling", "Functional", "Normative", "Diffused"], "probs": [[0.08817805098600341, 0.7828516892900648, 0.07630962949857119, 0.05266063012537619], [0.08190595098624227, 0.8137675328708323, 0.06948673366003277, 0.0348397823828875], [0.18174506931176, 0.13374730327614281, 0.6388278029578641, 0.04567982435423411], [0.22149997208643007, 0.15740661497153857, 0.15493226435324003, 0.4661611484888041], [0.10370439507980853, 0.13080954619838692, 0.7252437896527721, 0.040242268969036356], [0.19859586818124578, 0.16526021193916438, 0.11833748724071265, 0.5178064325388635], [0.8841929379776864, 0.04288891669159327, 0.04516089647574763, 0.027757248754955617], [0.9041402986480067, 0.03879308854192928, 0.0360898406508689, 0.020976772059186327], [0.8273170195948619, 0.09764813018162438, 0.03925701129413258, 0.03577783882939168], [0.8420990261530167, 0.08776972798618676, 0.04732322533408151, 0.022808020426708764], [0.8963773002455301, 0.05485817507793299, 0.025573242493137353, 0.023191282083385334], [0.8824309964284475, 0.055847663426071184, 0.03955983181914306, 0.022161508226354616], [0.15008048311738517, 0.10440859973084282, 0.703627926396698, 0.04188299065509742], [0.19211584807200807, 0.10968177968745539, 0.10422786208475364, 0.5939745100557746], [0.07480735388629331, 0.8511695231250994, 0.0411155149573601, 0.03290760793126836], [0.0726213557441173, 0.8566577363155513, 0.05034077058051944, 0.02038013725981755], [0.2284622261545713, 0.15801468578288025, 0.10854185157124034, 0.5049812363913191], [0.09638079613033572, 0.09789645680481857, 0.7789902214699823, 0.026732525494865104], [0.19386062601093335, 0.09192870288124512, 0.6657795977634829, 0.048431073244325974], [0.2770177992440103, 0.10658136655561117, 0.09611886926923421, 0.5202819648311234], [0.08631073363117289, 0.8475506540666867, 0.03312936648335094, 0.033009245718774914], [0.08974101697639197, 0.8280838837955423, 0.0481245340037803, 0.03405056512426254], [0.4137457614540571, 0.12116460191478233, 0.09360398006594188, 0.3714856564652112], [0.22151011066452633, 0.09146722964059792, 0.6626312950635879, 0.024391364531308073]], "ideal": "C", "sampled": "B", "correct": false}}
{"type": "result", "data": {"idx": 15, "options": ["Audiences are more vulnerable and passive than ever before.", "Television viewing, in particular, creates increased activity in the right hemisphere of the brain.", "Active receivers are not uniformly affected by mass communication messages.", "Technology has led to increasingly passive recipients at the ends of message transmission systems."], "probs": [[0.04165407581940627, 0.08324084813033923, 0.8260038579762553, 0.04910121797398447], [0.018380184583736213, 0.034438864905415104, 0.032512085502867064, 0.9146688649079909], [0.02360474279885535, 0.757558613593188, 0.18280658555909635, 0.03603005794885296], [0.02088366779435908, 0.8101833195311279, 0.06654618082830269, 0.1023868317462161], [0.014054373010269372, 0.005791761348241067, 0.07369898897349021, 0.9064548765680018], [0.025546609571556047, 0.010675941463642676, 0.876815009814459, 0.08696243905032684], [0.044142428228414535, 0.0043373793804860825, 0.907289923533915, 0.04423026875720335], [0.03102024531808139, 0.003140746719862385, 0.037978259546791446, 0.9278607483152724], [0.07620621981929933, 0.7506947794933535, 0.07717590702057112, 0.09592309356677202], [0.06095451274872696, 0.7866243737888095, 0.06922074952623612, 0.08320036383624879], [0.02375528160821952, 0.004112273960126425, 0.014404761009219197, 0.9577276833224312], [0.15522569069376682, 0.01145340535234145, 0.7488083427503868, 0.08451256110349022], [0.8717795365636615, 0.019669692641353174, 0.07736419537479367, 0.031186575320192048], [0.8991056935643339, 0.013425681331779729, 0.03840944548855574, 0.04905917951533347], [0.8706818792491665, 0.04372376065860643, 0.039441077720067975, 0.046153282272172316], [0.881619214475594, 0.036677543276562564, 0.029801360819583865, 0.05190188132824894], [0.9366174324992933, 0.00919487002434429, 0.02465380894835028, 0.029533888428022976], [0.9201958325480929, 0.010004975632582003, 0.0384127615574427, 0.031386430161873646], [0.010923126018909662, 0.002800775566101246, 0.04725603314665574, 0.9390200651683499], [0.019509435667240674, 0.004910196462792114, 0.9312558787066638, 0.044324489063317395], [0.012082297262232495, 0.009137856354089369, 0.011464111872709378, 0.9673157344109838], [0.06594871406617066, 0.05740298680548233, 0.7755962320273683, 0.10105206700097556], [0.05481004316622676, 0.7580892855171166, 0.0843898346404953, 0.10271083657615004], [0.0504794076181483, 0.7200795682330772, 0.15633594463710207, 0.07310507941165038]], "ideal": "C", "sampled": "C", "correct": true}}
{"type": "result", "data": {"idx": 16, "options": ["A politician", "A house of worship", "A government institution", "A publicly-traded company"], "probs": [[0.3999406739520926, 0.21121858741196958, 0.22340968271642672, 0.16543105581951859], [0.45273537680224973, 0.18792386481845724, 0.18754130421724233, 0.171799454062046], [0.1380691692214244, 0.07172482575154145, 0.6781997591045547, 0.11200624582249889], [0.34335919748481625, 0.1012969567921923, 0.1538537151889417, 0.40149013043403997], [0.19290110605871974, 0.06691091614163829, 0.6104063819738488, 0.1297815957258007], [0.32276715571319353, 0.09724314124699408, 0.15906496448482618, 0.42092473845500067], [0.7100258421278666, 0.08370264311473206, 0.11793790945510342, 0.08833360520230485], [0.7211726180986362, 0.07929645578760725, 0.09826972061965598, 0.10126120539411891], [0.7208123433266865, 0.07906840153926191, 0.12270718031260056, 0.07741207472145255], [0.7944145968848368, 0.06940824874363487, 0.07349029466001576, 0.06268685961153098], [0.7767881547506063, 0.06476579129239775, 0.08874374144401467, 0.06970231241300538], [0.7563292769766029, 0.06800451218555383, 0.10779149350903978, 0.06787471722882196], [0.27077043642942544, 0.07893226535241463, 0.5175930080623395, 0.13270429005583373], [0.4654619412356198, 0.10410691700787775, 0.14420819057149706, 0.28622295108499546], [0.5962468976155421, 0.09267489565809321, 0.19582423886262024, 0.11525396776375235], [0.6921735456194832, 0.08268771268882714, 0.12713141255773974, 0.09800732903392642], [0.5582950293488088, 0.07071393180886419, 0.1439741858709996, 0.2270168528713105], [0.4126451372396097, 0.06300468716803824, 0.4231371174041777, 0.101213058088181], [0.1399351170777494, 0.0682617669124275, 0.6593180588115042, 0.13248505709831396], [0.22831146789452797, 0.11043980133223269, 0.18166967107196816, 0.47957905960127273], [0.3218917903370192, 0.15057894179661807, 0.3426408392824685, 0.18488842848387685], [0.3098509753182448, 0.15432578439965033, 0.33645277962255327, 0.19937046055955807], [0.2202667108969737, 0.09793106028901942, 0.2595758260871628, 0.4222264026268399], [0.11133658657333731, 0.06324006983253981, 0.7245863045451842, 0.10083703894895726]], "ideal": "C", "sampled": "B", "correct": false}}
