{"type": "result", "data": {"idx": 0, "options": ["5 permanent members with veto power, 10 rotating members with no veto power", "5 permanent members and 10 rotating members, all with veto power", "10 permanent members with veto power, and 5 rotating members without veto power", "15 permanent members with veto power"], "probs": [[0.7075943150392168, 0.06288414962017089, 0.2000966035394861, 0.029424931701142385], [0.5132535580046412, 0.04829314273114193, 0.032416359860650196, 0.40603693930357704], [0.6335472466699376, 0.3241035391717038, 0.01893096631139583, 0.023418247746953422], [0.605003137127626, 0.3320469739434265, 0.028888648798958586, 0.0340612400300111], [0.6470476155659791, 0.05064421385270819, 0.03470542845937117, 0.26760274202195294], [0.5626679886535885, 0.0625281167086856, 0.3426262422648026, 0.03217765227291633], [0.9014655296303294, 0.07430277935178027, 0.014546952665391499, 0.00968473825251415], [0.800035239645798, 0.07132170012366343, 0.024119064969401874, 0.1045239951611325], [0.9121799210832189, 0.04988351722232399, 0.02716852735504751, 0.010768034239429694], [0.8040517096884533, 0.06540927361442236, 0.024412818751303588, 0.10612619784580483], [0.7447489020255881, 0.0408502099921509, 0.16141000604165015, 0.052990881840617905], [0.8003463098232445, 0.04106137024416007, 0.10670459356564992, 0.051887726266964154], [0.956653919517521, 0.029373328037615044, 0.006828808455435491, 0.007143943889445534], [0.9412445239891709, 0.03768467899380686, 0.010826354500330917, 0.010244442416682474], [0.8509614672972515, 0.020480662151380984, 0.12006097399832667, 0.008496896453023815], [0.704609834338306, 0.021936073242198796, 0.018329451976228484, 0.2551246403432897], [0.8778024412069199, 0.04058693897263421, 0.07004536843767961, 0.011565251282748433], [0.7300866344909849, 0.035598346941040894, 0.015782589397027966, 0.21853242907095605], [0.2944318196962551, 0.5809970651119223, 0.02807663164277873, 0.09649448344907172], [0.29989224135574416, 0.5723725842773344, 0.10262549192637838, 0.025109682340543622], [0.41636387256730883, 0.28888865706987965, 0.1981620169039095, 0.09658545335890448], [0.40539939159610816, 0.3528847189721791, 0.0951823039508993, 0.14653358538081107], [0.3216462918179901, 0.6153876507765362, 0.04374717082231644, 0.019218886483150618], [0.2827222144903881, 0.5566017975263763, 0.025300534042522357, 0.13537545384073907]], "ideal": "A", "sampled": "C", "correct": false}}
{"type": "result", "data": {"idx": 1, "options": ["It allowed the US to intensify its involvement in Vietnam", "It illustrated the influence of public opinion on US foreign policy", "It enhanced Congressional control over the Vietnam War", "It curtailed US involvement in Vietnam"], "probs": [[0.8580961316919924, 0.052700627648506915, 0.042804002938657326, 0.046399237620854863], [0.8348779714886048, 0.05207182147005449, 0.016201502647957472, 0.0968487042933663], [0.9095757299698384, 0.02304748628897348, 0.0238674940001591, 0.04350928964101853], [0.9068214168668158, 0.014620884768491646, 0.010007254067859935, 0.06855044419685465], [0.8121874193859813, 0.023818937571267493, 0.030056363724815283, 0.13393727921794585], [0.8366859401387459, 0.01620341230465469, 0.016947210863975003, 0.13016343659262547], [0.037660988620435, 0.8837023519527886, 0.04226636975595169, 0.03637028957080476], [0.04797052962700992, 0.8546862153445968, 0.02511268377974423, 0.07223057114864932], [0.08091088221559226, 0.04695760912226875, 0.8063142478618276, 0.06581726070032169], [0.1336242466104931, 0.13886955618904595, 0.030934211749201416, 0.6965719853512462], [0.13690485590675608, 0.01922552765659918, 0.7492312035197717, 0.09463841281687677], [0.08299883398538829, 0.011386459053894854, 0.022003548266890216, 0.8836111585938198], [0.05449144103945947, 0.8896205339427603, 0.020482773367909702, 0.03540525154989704], [0.04295574475593315, 0.8989854641004, 0.017431767570716357, 0.04062702347296458], [0.11486289156127091, 0.03200176086280467, 0.7843845085920308, 0.06875083888389891], [0.15983254415812473, 0.061147871790741534, 0.026026045052833693, 0.7529935388983184], [0.12545345309861855, 0.011923316019470137, 0.794345168679151, 0.06827806210274481], [0.09202632868270387, 0.0102329026148353, 0.016185074247347823, 0.8815556943551162], [0.015420764066393724, 0.9048594792264681, 0.016960230198312668, 0.06275952640884107], [0.00841636316520497, 0.9364255649373449, 0.012072499620379295, 0.043085572177051626], [0.034083519864731536, 0.04284334896612265, 0.8313547519542697, 0.09171837911487232], [0.02092997436641205, 0.025737689880467957, 0.01821152577445548, 0.9351208098786842], [0.021622332998264323, 0.006793396952901509, 0.9334195123146104, 0.03816475763422527], [0.014589436774986234, 0.005780690993121009, 0.009719099267610313, 0.9699107728642877]], "ideal": "A", "sampled": "A", "correct": true}}
{"type": "result", "data": {"idx": 2, "options": ["Terrorists", "Organized crime", "Drug traffickers", "China"], "probs": [[0.004790011606016475, 0.010160079746474832, 0.004377397143843348, 0.9806725114036577], [0.008107154604702436, 0.028194828481660536, 0.942543133667271, 0.02115488314636705], [0.0039845543529760255, 0.008991681847008996, 0.005933975963573391, 0.981089787736442], [0.008841057201622645, 0.027663905107662284, 0.9275013995217414, 0.0359936380689667], [0.0017471328889371598, 0.9769028029518372, 0.01022876972017311, 0.011121294339031987], [0.0018456894452404118, 0.9735481768187924, 0.010598189181721255, 0.014007944454270133], [0.014068184771694013, 0.004134594502376708, 0.0044695016049669635, 0.977327719020948], [0.02697479896914845, 0.006841227633018943, 0.9543012168142284, 0.011882756483604349], [0.015979248334627327, 0.010516775474263598, 0.004292551688173325, 0.9692114244029509], [0.02958283438881088, 0.023629864543793323, 0.9346689510362143, 0.012118349931191286], [0.010383221129453815, 0.9748591996780858, 0.0061712407074561975, 0.008586338384995272], [0.008175706099552333, 0.9805867060800965, 0.006219899637272238, 0.005017688083085074], [0.011358907864970217, 0.0037912903510470817, 0.00749619958791162, 0.9773536020960549], [0.02469808367411378, 0.00702007077929045, 0.9493112889574725, 0.018970556489135773], [0.01368233208571147, 0.01200466892150052, 0.004620650626049937, 0.969692348266754], [0.019862176072956737, 0.028028815548663537, 0.9381880920778441, 0.013920916200533708], [0.00710429092329322, 0.9650617475790843, 0.009548089749252874, 0.018285871648364385], [0.004568708189420901, 0.9785444556361202, 0.00888997274514963, 0.00799686332932331], [0.9671106026437691, 0.008477413899690707, 0.012504736912483088, 0.011907246444044863], [0.9677103644896076, 0.009035605855734645, 0.009353134157216218, 0.013900895397418218], [0.968839444602421, 0.016610591186436183, 0.004805030706885885, 0.009744933404266826], [0.977547981797436, 0.013183042979056312, 0.004717023858656273, 0.00455195126487102], [0.9554313095705103, 0.01988221712043567, 0.005863509096929142, 0.018822964112106284], [0.9722499416163645, 0.01618330257142345, 0.007045028584673389, 0.004521727127550585]], "ideal": "D", "sampled": "D", "correct": true}}
{"type": "result", "data": {"idx": 3, "options": ["Richard Nixon", "George H. W. Bush", "Jimmy Carter", "Ronald Reagan"], "probs": [[0.20829281818614087, 0.026301174639086582, 0.5146622548511512, 0.2507437522236486], [0.033641640994503993, 0.0045266436648088, 0.010669337078854493, 0.9511623781618518], [0.3321994457480386, 0.22471777893454864, 0.02494741383613917, 0.4181353613812623], [0.4776912003542768, 0.4224922029874743, 0.02508226095437485, 0.07473433560388057], [0.031073231100706197, 0.003967146813545246, 0.0061194633122968285, 0.9588401586734326], [0.1015939186972118, 0.014258884471200635, 0.8140069432862757, 0.0701402534453339], [0.016321431477176, 0.590409441869383, 0.15250171601962773, 0.24076741053382952], [0.012719576319643232, 0.14557250490862922, 0.01674879331361476, 0.8249591253581038], [0.007282285745165857, 0.035389954825582035, 0.8313046313654837, 0.12602312796376555], [0.008168676012168747, 0.02007419078818974, 0.01112855892310577, 0.9606285741765346], [0.006185333489685263, 0.008047103073681214, 0.16815952573354903, 0.8176080376030771], [0.004646350595383246, 0.005481582603164203, 0.0736384099831836, 0.9162336567182627], [0.01716575878664308, 0.8524007648801899, 0.010193220007146654, 0.12024025622600178], [0.012256042532315598, 0.9549545262768553, 0.009475426093363737, 0.02331400499744822], [0.013722232025509633, 0.006708771271640779, 0.8815751491706517, 0.09799384743220099], [0.006298894085029867, 0.0025941531734606626, 0.006496261698194881, 0.9846106909433061], [0.012980817000684212, 0.012155027820440938, 0.9182305984670426, 0.05663355661182912], [0.0050016603833375325, 0.0021764442505318614, 0.0031915140968463156, 0.9896303811692605], [0.003434914338358977, 0.011325300772882501, 0.004785268687796432, 0.9804545161009789], [0.00568857728712765, 0.12820388119093465, 0.7774640865577543, 0.08864345486419226], [0.002294844342862971, 0.002729732247422146, 0.11589053340977855, 0.8790848898999335], [0.0017278218843709045, 0.0019499320910697485, 0.023907308389106693, 0.9724149375354422], [0.004344396350382383, 0.0480736124442438, 0.9013433626297415, 0.04623862847565857], [0.0029896292110378965, 0.007501288329304491, 0.003807817164300985, 0.9857012651953354]], "ideal": "A", "sampled": "A", "correct": true}}
{"type": "result", "data": {"idx": 4, "options": ["on nuclear weapons signed between the United States and the Soviet Union.", "cutting conventional arms in Europe.", "to be rejected by the U.S. Senate.", "mandating the elimination of many long-range nuclear missiles."], "probs": [[0.13540907349021453, 0.004413652122813392, 0.0056405373949718176, 0.8545367368920114], [0.31930465004139374, 0.004283331793610757, 0.642482120324191, 0.03392989774077189], [0.08639876484196059, 0.006826117386434199, 0.005244330284871975, 0.9015307873867295], [0.5703592231264994, 0.009430273759341891, 0.4062910046636113, 0.01391949835056897], [0.5451062263189443, 0.43765788030234654, 0.00446610110949787, 0.012769792169204923], [0.6300877042547868, 0.35463695559020875, 0.01029800751018167, 0.00497733254481703], [0.012230770756596978, 0.08408777105100036, 0.007389707168149617, 0.8962917509242363], [0.017239579689783464, 0.2840494425453616, 0.6476591602755868, 0.0510518173892585], [0.016584076035331245, 0.00509790907526336, 0.08640729061116148, 0.8919107241782326], [0.01039273228697655, 0.0031967045965533253, 0.30894893096054327, 0.6774616320559216], [0.014406232411575003, 0.3174742667195257, 0.6353907971089778, 0.032728703659922025], [0.010311931993438711, 0.30741852393591396, 0.007906440306577429, 0.6743631036640811], [0.030078966248302755, 0.11071735427372863, 0.007813757544640034, 0.8513899218333079], [0.10008173354480214, 0.34678582330318775, 0.5372255424182538, 0.01590690063375915], [0.04198419773129821, 0.011468014587539621, 0.15923330237792457, 0.7873144852032353], [0.0337004459854133, 0.008785819314909878, 0.1777411648827155, 0.7797725697169874], [0.1300880965560854, 0.23279008514374813, 0.6228226468481376, 0.01429917135200956], [0.05330473082730471, 0.19317166254842105, 0.00925826255629797, 0.7442653439679783], [0.13897724002300657, 0.8479126734934657, 0.003935416254222732, 0.00917467012929693], [0.23442397485660493, 0.7510710350062217, 0.00907467753834347, 0.005430312498842442], [0.5606110855184671, 0.011261368773301786, 0.3975120624986232, 0.030615483109623597], [0.5227200127871217, 0.00862307747162035, 0.006054659762893209, 0.46260224987834175], [0.6133260852227223, 0.015741206499478275, 0.3577002309511139, 0.013232477226705779], [0.5456216343982845, 0.011293448496800184, 0.005202758613262457, 0.43788215839163935]], "ideal": "D", "sampled": "D", "correct": true}}
{"type": "result", "data": {"idx": 5, "options": ["It ended the influence of American exceptionalism entirely", "Exceptionalism was enhanced by America's status as the 'leader of the free world'", "The extension of American power globally challenged core assumptions of exceptionalism", "Both b and c"], "probs": [[0.004328888994944821, 0.003775425368247071, 0.012724120433509503, 0.9791715651033032], [0.01688708234162384, 0.014786994968851408, 0.11443112413354428, 0.8538947984559616], [0.010456134248689223, 0.05811479478445859, 0.021273858422784335, 0.910155212444093], [0.014582263888557306, 0.08671473152173437, 0.8421258140811965, 0.05657719040849685], [0.008337658567776093, 0.009368024402094085, 0.01948108623006747, 0.9628132307000411], [0.016626753745858255, 0.01877870162682912, 0.8586018131436133, 0.1059927313837002], [0.010664802936393233, 0.0029397248512832287, 0.023739717696297857, 0.9626557544160208], [0.04335404106882982, 0.006111225228456954, 0.04206946894115725, 0.9084652646615488], [0.07154545880763667, 0.3318298715298134, 0.020893511732267025, 0.5757311578302952], [0.10592362621798691, 0.07637788408638421, 0.7887290581445998, 0.028969431451030214], [0.02708834281262569, 0.025121069286598546, 0.006909919394905152, 0.9408806684058937], [0.11472314151222351, 0.1508136560479559, 0.6876620863595653, 0.04680111598025364], [0.2339971072394808, 0.013551545143663864, 0.04167909432742694, 0.7107722531894076], [0.5602208049226846, 0.007497762735232871, 0.38221512053440576, 0.050066311707669967], [0.48595106055844023, 0.06991329078714122, 0.026056214113437528, 0.4180794344409797], [0.39112953059635147, 0.0308145367425313, 0.5508158334521764, 0.02724009910895901], [0.679241891656871, 0.2962110974574106, 0.006384891469377123, 0.018162119316357434], [0.7838300510280197, 0.18489185021960403, 0.01737221820529163, 0.013905880447088898], [0.033550321007916974, 0.0032961202323329377, 0.03330493436036061, 0.9298486242993917], [0.09672439119785933, 0.0038150938992593544, 0.8626380215250846, 0.036822493277789414], [0.06122786119787727, 0.02306194670099384, 0.011866436968155713, 0.9038437550329883], [0.13760275000766709, 0.06630500200131566, 0.744258878425016, 0.0518333694660079], [0.17873486094112867, 0.767650521120272, 0.011309900081392254, 0.04230471775722101], [0.18017969968397668, 0.7543854985709924, 0.03619653507435181, 0.029238266570703653]], "ideal": "D", "sampled": "C", "correct": false}}
{"type": "result", "data": {"idx": 6, "options": ["He believed that internal reform rather than international negotiation was the key to economic regeneration of the US", "He believed that German domination of Europe would be in US interests", "He always favoured isolationism", "All of the above"], "probs": [[0.5754078973790475, 0.08017576670014943, 0.036454233208307533, 0.30796210261248486], [0.5639560104254414, 0.04224304449108058, 0.33666958328199775, 0.05713136170150772], [0.5831717641808233, 0.0386216693919155, 0.04121293407473458, 0.3369936322525262], [0.8333190460192649, 0.027515537211629134, 0.07700475579212923, 0.06216066087696284], [0.756680916088282, 0.17295084657954157, 0.027956394115084812, 0.0424118431170734], [0.8175644540812782, 0.14360936397694468, 0.008755966393312139, 0.030070215448469214], [0.11298938103679543, 0.5077937406080631, 0.047427592132017415, 0.3317892861231479], [0.12787554506052418, 0.2972410731196189, 0.4733310572850529, 0.10155232443479102], [0.12131654494008358, 0.04914966770467801, 0.3394283538962592, 0.49010543335898266], [0.048688469844739096, 0.030847399866245115, 0.03369907707231039, 0.8867650531167196], [0.0966864324368667, 0.1564703503905108, 0.6174860471759248, 0.12935716989668017], [0.07737493015697865, 0.18172523608648175, 0.017985252980164856, 0.7229145806763626], [0.051614602145950185, 0.5815218359079624, 0.048984247483945274, 0.3178793143621647], [0.03236123457755649, 0.8140352306759882, 0.09047641694411322, 0.06312711770235123], [0.06314466552455261, 0.06662109402626877, 0.3011459468361324, 0.5690882935130311], [0.041575203221832314, 0.07734635050041407, 0.046547588230089594, 0.8345308579476775], [0.01878070602035118, 0.02563676636157935, 0.913814439976862, 0.0417680875412113], [0.025877483537834096, 0.038349234290645184, 0.032698669818911605, 0.9030746122526052], [0.10006192012196442, 0.8574913227523628, 0.021292539545705105, 0.021154217479982283], [0.08186562312825658, 0.8862355280299257, 0.011829222456408713, 0.020069626285429923], [0.32573866943118995, 0.10226484079832937, 0.48884242954826, 0.0831540601222332], [0.17165047336228745, 0.07911629399335199, 0.016315115036866144, 0.732918117507514], [0.17562314800191936, 0.023181951034546167, 0.7390869252081701, 0.06210797565535081], [0.15813594654124602, 0.017924526163248338, 0.02344750927574464, 0.8004920179197574]], "ideal": "A", "sampled": "A", "correct": true}}
{"type": "result", "data": {"idx": 7, "options": ["A strand of neo-isolationist sentiment", "A strand of internationalist sentiment", "An expression of American cultural superiority", "Increased incorporation of public opinion in foreign policy making"], "probs": [[0.3209193569659118, 0.02075028900024372, 0.01802960799815788, 0.6403007459356834], [0.5568789909049856, 0.010280795772180728, 0.4105813792549777, 0.022258833967848893], [0.327794239156694, 0.03435566568699175, 0.019939570481542015, 0.6179105245747566], [0.480910642480233, 0.023441431855492318, 0.4344932049312904, 0.06115472063297716], [0.6877305100862038, 0.27281530090859585, 0.012450342430112036, 0.027003846475084983], [0.46569608897585685, 0.460320996464227, 0.010121716152288799, 0.06386119830763726], [0.015908938386541085, 0.6392743430315582, 0.012479394904816537, 0.3323373235770926], [0.01661135765460458, 0.8995373376193169, 0.0691139828431936, 0.014737321782894153], [0.009881238109457128, 0.008384920671688431, 0.879651554934828, 0.1020822861840302], [0.019987458403530875, 0.01120017670888518, 0.04921464239304682, 0.9195977223945404], [0.007696698810372334, 0.010399185343263175, 0.9699676170291377, 0.011936498717235174], [0.004729982480654086, 0.005661199643847997, 0.0032885803607148093, 0.9863202374148008], [0.023157226064662927, 0.5996329811025513, 0.01781093136736525, 0.3593988613654441], [0.019804690557217022, 0.7501437868573718, 0.17729629070258177, 0.052755231782835865], [0.007741428954820811, 0.013220576380533054, 0.7832327791333074, 0.19580521543136836], [0.005872581929157764, 0.005998050439291, 0.01577154073623013, 0.9723578267953206], [0.016843088811962, 0.03209181957281663, 0.8995934064242124, 0.0514716850910206], [0.011590979672646492, 0.054962508690018126, 0.012291329996761935, 0.9211551815405655], [0.011975600441390927, 0.9716253006545078, 0.004518485112252364, 0.011880613691873213], [0.01192087777697762, 0.9627825860805066, 0.005662215744041878, 0.01963432029845678], [0.06991032911401011, 0.033430464614756884, 0.8531320741270138, 0.043527132044234036], [0.017365363063872208, 0.0065533192802125035, 0.00643795758583917, 0.9696433599700529], [0.0420571856504869, 0.01206027232971605, 0.9046898998256238, 0.041192642094162], [0.05099455499181583, 0.014109740504107016, 0.014275802667130551, 0.9206199017369444]], "ideal": "A", "sampled": "A", "correct": true}}
{"type": "result", "data": {"idx": 8, "options": ["The war reduced European population levels below that of the United States", "The United States seized German resources after the war", "European countries paid the United States for assistance", "The United States became a creditor country and financial centre, with European war spending boosting the US economy"], "probs": [[0.006547531893929605, 0.0036179384957565025, 0.008478128043735631, 0.9813564014665997], [0.008833356115835547, 0.008010769575467733, 0.9374424663924532, 0.04571340781622384], [0.006048410046385633, 0.004183037620220212, 0.006842142433096745, 0.9829264098003078], [0.009066537060091551, 0.009961350105990153, 0.9365593877293407, 0.04441272500460116], [0.008686123080842847, 0.9483454762877774, 0.016348757599952184, 0.02661964293143167], [0.011848573756101634, 0.931462922270074, 0.029604116358948156, 0.02708438751485952], [0.006138372695387258, 0.0035967199846545575, 0.007493439885813313, 0.9827714673341218], [0.01177689927712973, 0.00783342601007221, 0.9435415686053255, 0.0368481060074809], [0.006157285986002178, 0.0047227122768506435, 0.006367258499970997, 0.9827527431371548], [0.008161352370108848, 0.008705192157940845, 0.9608122389041766, 0.022321216467761543], [0.008189875763884677, 0.9605043527850531, 0.01295967962465313, 0.018346091726419062], [0.01237957850378793, 0.9453564362069776, 0.024375703440271287, 0.017888281748974298], [0.006839975942172509, 0.0038235334965787708, 0.0066682924923729, 0.982668197968863], [0.012447339290295997, 0.008313620794394303, 0.9434329462386083, 0.03580609357672261], [0.0072632873091754814, 0.0043290141344482546, 0.0062747844741018076, 0.9821329139822664], [0.008655577494954872, 0.007970609739107178, 0.9615764854071855, 0.02179732725876239], [0.009176646555751958, 0.9602132507562726, 0.013374495162391762, 0.017235607425574857], [0.011399490844217342, 0.9598568389874086, 0.01607859589485646, 0.012665074173494228], [0.9362881288402949, 0.02017221576860935, 0.016626954629569576, 0.026912700661515097], [0.9229000191160116, 0.023709395664756282, 0.027582163713740615, 0.025808421405503382], [0.9426079454194306, 0.023699166540757245, 0.012153767221345438, 0.021539120718459683], [0.9297380109085345, 0.02761644668737554, 0.024681942953921506, 0.01796359935017901], [0.923974341069681, 0.03862629863014996, 0.014885025109175888, 0.022514335090995034], [0.9298091199895409, 0.03703631738409903, 0.016548075866337088, 0.01660648666002605]], "ideal": "D", "sampled": "D", "correct": true}}
{"type": "result", "data": {"idx": 9, "options": ["the president of the United States.", "the secretary of defense.", "the chairman of the Joint Chiefs of Staff.", "Congress."], "probs": [[0.026201148284422156, 0.001792566432450739, 0.005328930902043583, 0.9666773542810593], [0.13274406913672018, 0.0033214285966423284, 0.8527379581415678, 0.011196544025065473], [0.026137532600000936, 0.0015214553700928814, 0.007213827847932747, 0.9651271840819586], [0.09721803375018101, 0.003940191400428364, 0.8855070950159262, 0.013334679733454723], [0.06318550589255907, 0.9203959928757255, 0.007482539597982526, 0.008935961533751846], [0.06101167453749041, 0.9202695293938892, 0.010283017882649327, 0.008435778085949985], [0.0033112213689233663, 0.004526307462882122, 0.0037228068228740757, 0.9884396642453167], [0.003527611466667544, 0.06582043254041088, 0.920164974668725, 0.01048698122418727], [0.002248518812517659, 0.0007210970687478772, 0.04725250930758312, 0.9497778747111596], [0.0018735340942293618, 0.0005736524783508067, 0.0297171055868115, 0.9678357077406157], [0.003860642013107053, 0.16987975472907269, 0.8152745662244466, 0.010985036933352262], [0.0028155487393118836, 0.008389296752835436, 0.0036488448132940025, 0.9851463095945416], [0.0028209133979209596, 0.007846792385282493, 0.005236063055173577, 0.9840962310616144], [0.004574068008595528, 0.2869714113606986, 0.6945624208470865, 0.013892099683606173], [0.0017336549217760596, 0.0009245960860324935, 0.05413486535106284, 0.9432068835411083], [0.0014162197325120628, 0.0007119239574393663, 0.025730812645573482, 0.9721410435644909], [0.0031818203487422067, 0.09511269008201008, 0.8887550688196814, 0.012950420649575582], [0.0018793187069886111, 0.00493916551404052, 0.0031717415322864095, 0.9900097741466695], [0.5348080335618556, 0.4468809395978149, 0.00815981113226157, 0.010151215608067345], [0.5396931190758135, 0.4378440708854314, 0.011838364566061053, 0.01062444537269305], [0.31262211257941513, 0.005348410894045483, 0.6735343699327567, 0.008495106493775401], [0.04128190477912356, 0.0019050407868543286, 0.004874200300875692, 0.9519388540331299], [0.15334799138529015, 0.004026876513087738, 0.8295921015325524, 0.013033030469090781], [0.022043079777536525, 0.0010928078413085282, 0.004560598143451479, 0.972303514137702]], "ideal": "D", "sampled": "D", "correct": true}}
{"type": "result", "data": {"idx": 10, "options": ["The US ignored the Third World", "Local developments were viewed through a geopolitical lens", "The US unreservedly supported decolonization", "None of the above"], "probs": [[0.018638307501843688, 0.9047935376093573, 0.04905138942670175, 0.027516765362115524], [0.01556520218245348, 0.8903019076712226, 0.029048427812430586, 0.06508446223389107], [0.012037585427946676, 0.019464300121762906, 0.9273496881673864, 0.04114842618291874], [0.003451944566888374, 0.0037916686377320184, 0.005536590623777201, 0.9872197960716266], [0.012531419608302941, 0.006016135389211291, 0.9501509308744691, 0.031301514028000785], [0.0012639825422138388, 0.0010484205522763186, 0.004241074847932799, 0.9934465219575623], [0.9361552863486586, 0.020631224971184147, 0.024211496185399136, 0.019001992394776415], [0.9286008135442974, 0.014168575133223896, 0.015461407315465303, 0.041769203906999], [0.9108755737375058, 0.060950367777039646, 0.012924590837214056, 0.015249467548245684], [0.9144717933184006, 0.047647040899334324, 0.014919015731440909, 0.022962149950807625], [0.9508896360128845, 0.014487094258414152, 0.011482503545917412, 0.02314076608279257], [0.943589644466917, 0.011556292851955337, 0.027650029132925257, 0.017204033448209453], [0.019845368686909497, 0.010177008236990763, 0.9283401978501334, 0.0416374251259816], [0.006918804976442725, 0.0027961623784435027, 0.006918328232574786, 0.9833667043125586], [0.013185124872441776, 0.9661349340161983, 0.00998571595475144, 0.010694225056593279], [0.010566305648825621, 0.9602367288337822, 0.014442479583874603, 0.014754485833506222], [0.004655827957672043, 0.003103070866460263, 0.004495463000178532, 0.9877456380757086], [0.0184576533511561, 0.00984257599522844, 0.949397043419445, 0.022302727134185036], [0.0062464641482666405, 0.00551096539238159, 0.9603180567709699, 0.027924513588376797], [0.0010502140875002367, 0.0010026423759815224, 0.003496878478666991, 0.9944502649578361], [0.012688261006076324, 0.9688852417968972, 0.007954465061369584, 0.01047203203566462], [0.009634587329077347, 0.9541584030015344, 0.023568157761903068, 0.012638851807504644], [0.0014094917735828875, 0.0016033393506118111, 0.0024348042268136473, 0.9945523645490155], [0.002684847093281228, 0.005446473934251042, 0.9789887569744851, 0.012879921897970987]], "ideal": "B", "sampled": "B", "correct": true}}
{"type": "result", "data": {"idx": 11, "options": ["It was the first time the US became involved in the Balkans", "It was the first time NATO used military force", "It was the first war won by airpower alone", "It was the first war to employ 'smart weapons'"], "probs": [[0.04643453303561904, 0.6876291296920893, 0.08302878600848929, 0.18290755116380805], [0.045520442621135734, 0.6891173466755451, 0.05473473815631779, 0.21062747244700308], [0.056095495539832424, 0.14399982829535182, 0.6086466903264685, 0.1912579857383305], [0.025661424194049192, 0.030150729504627615, 0.02456034693493032, 0.9196274992663928], [0.049005775755859404, 0.07938271872750371, 0.6061377032079223, 0.2654738022087082], [0.023068686442611765, 0.017604896450596836, 0.021082444392383427, 0.9382439726144002], [0.4774583369465865, 0.09532511908680928, 0.11656265046449572, 0.3106538934021007], [0.47499196510845704, 0.08732027698119113, 0.0821216494379795, 0.3555661083723706], [0.46261491526172227, 0.11884870374999656, 0.13568832338095294, 0.28284805750731085], [0.38587994739164766, 0.07853317535550654, 0.1333516012804982, 0.4022352758723415], [0.4535271196333738, 0.09636216055662934, 0.14751689883783795, 0.30259382087215253], [0.42203087210623974, 0.07413717213278215, 0.0708303190578915, 0.43300163660307794], [0.1596128564077641, 0.06729608990156569, 0.5704961282389471, 0.20259492535171703], [0.03755670964783508, 0.022093426935778062, 0.02308258966075628, 0.9172672736556221], [0.12448921900050987, 0.5557856188145099, 0.1100734256219459, 0.20965173646304183], [0.08885761730151114, 0.4726395513589202, 0.07895812585149573, 0.35954470538805494], [0.03355561562223016, 0.017161583776752937, 0.03352187838583177, 0.9157609221151821], [0.0857180777465194, 0.04808240480496453, 0.6172535710505673, 0.2489459462979624], [0.07002685503210408, 0.07747455004087996, 0.6836476631058216, 0.16885093172121146], [0.01635409050618847, 0.019576906180840344, 0.016932480400296362, 0.9471365228126566], [0.06140585817242348, 0.7009396307075262, 0.11314560904917922, 0.12450890197086038], [0.043545075060841536, 0.65700834432699, 0.042501534158852036, 0.256945046353301], [0.019432975188710094, 0.009817595158728376, 0.03754681402030894, 0.9332026155322641], [0.04494483750971519, 0.02220047463786603, 0.6949911737420416, 0.237863514010378]], "ideal": "C", "sampled": "B", "correct": false}}
{"type": "result", "data": {"idx": 12, "options": ["The character of a state's leader", "The distribution of power in the international system", "The distribution of power within a state's governmental system", "A state's political ideology"], "probs": [[0.0007554261609511077, 0.9766702418395717, 0.011058583077145485, 0.011515748822332087], [0.0007600058496985138, 0.9623361171243011, 0.002724292904659128, 0.0341795840213586], [0.002187934389053213, 0.020277426096241818, 0.9471096474255309, 0.030424991989156446], [0.001678116014261399, 0.011133072155551451, 0.0024610381802900308, 0.984727773549918], [0.0012752612782214573, 0.0009259562819431672, 0.9509106070339438, 0.046888175305885356], [0.0014776503372852952, 0.000803541305060771, 0.057463696209136314, 0.940255112048494], [0.9763779789435215, 0.0033453819538215314, 0.00929994723121342, 0.010976691771432451], [0.9802617655689837, 0.00212262410397036, 0.0032358572297186885, 0.014379752997316841], [0.9845702650674406, 0.00619829858605771, 0.0032282221511426147, 0.006003214095359795], [0.9751075467894237, 0.010422221198834892, 0.004778855186241532, 0.009691376725520022], [0.9811376489303143, 0.0024183219550435618, 0.002836624360103471, 0.013607404654539348], [0.9800327303951246, 0.003202904026388598, 0.007271032559319622, 0.009493332919180524], [0.13846008057532289, 0.006724445479462531, 0.8267777503459933, 0.028037723499231507], [0.10103470989277243, 0.003063707813885961, 0.00473231789418383, 0.8911692642991627], [0.13443184596267435, 0.8497009852830375, 0.00631231259374213, 0.009554856060557294], [0.15120440445969893, 0.828465736763478, 0.008016525722273092, 0.012313332954529917], [0.09299416572004024, 0.0022930398176485146, 0.0036072231734280936, 0.901105571188868], [0.1838712724325791, 0.005426521748304614, 0.7901286231768817, 0.020573582542248902], [0.0013110915351170673, 0.0006447004507968162, 0.9481803017470565, 0.049863906167054835], [0.0015911792508634156, 0.000567792850701505, 0.04686830704914872, 0.9509727207492655], [0.0008501063719703009, 0.9730594049069151, 0.0022568193695419064, 0.023833669251590767], [0.0007650242341361946, 0.9812140736293825, 0.009976254619669906, 0.008044647416795989], [0.0015531511171218639, 0.0019329466842087197, 0.0015054159454230452, 0.9950084861532634], [0.0016438580907782426, 0.004020995884050587, 0.978870455848259, 0.015464690076892697]], "ideal": "B", "sampled": "B", "correct": true}}
{"type": "result", "data": {"idx": 13, "options": ["Leaders have incentives to lie", "If leaders revealed their programs, they would be more likely to be attacked", "Leaders will not always grant foreign monitors access to their nuclear programs", "ALL of the above"], "probs": [[0.004382011293630235, 0.0011388365495415863, 0.0030576205632699026, 0.9914215314935556], [0.06048504370556422, 0.009192621699786298, 0.7937801506271286, 0.13654218386751077], [0.005689587639299908, 0.001975248344957729, 0.003131126468080336, 0.9892040374476857], [0.11085684379463172, 0.029611437627867016, 0.7969568332497011, 0.06257488522782076], [0.09419644822245415, 0.1310131426171471, 0.013921990440927458, 0.7608684186194904], [0.4740169150398511, 0.3685536569443055, 0.07175330873235779, 0.08567611918348349], [0.003111587675481289, 0.0015895668421312744, 0.0032088229273102694, 0.9920900224550565], [0.039600354997077224, 0.033923294951767116, 0.7859073003976902, 0.1405690495534599], [0.0031650150241152794, 0.0010320727085606275, 0.004695716206243437, 0.9911071959610616], [0.04358583430898792, 0.016667823709969012, 0.6294176448033244, 0.3103286970777427], [0.045325298612867215, 0.14967284281122958, 0.531759862779536, 0.27324199569639473], [0.02559377842186304, 0.0495097412887154, 0.02394647293803312, 0.900950007251413], [0.005136635468391462, 0.0021166206296434694, 0.002984377281056555, 0.9897623665209254], [0.07878648839511171, 0.04083327897669015, 0.8212562344147064, 0.059123998113467774], [0.004608117175229588, 0.000897132342133346, 0.005302965490458466, 0.9891917848921561], [0.09067516463466757, 0.007134924499784818, 0.60422502974542, 0.29796488102012075], [0.20145852056298566, 0.18999488467565498, 0.5235536180085462, 0.08499297665282414], [0.1038036951017391, 0.05364933272425233, 0.009245112155005755, 0.8333018599189962], [0.06539809850625503, 0.029576060468767793, 0.021299651403605298, 0.8837261895213661], [0.3804763347117695, 0.32311965741742094, 0.1464248369181956, 0.1499791708526126], [0.14080990732635962, 0.01817101636329264, 0.4916975042542626, 0.3493215719560716], [0.03797926177563117, 0.005829506470536993, 0.013954683234548954, 0.942236548419283], [0.2867215574598988, 0.059846593807396944, 0.5344067096416646, 0.11902513899103073], [0.034628509947148334, 0.012469497254869583, 0.009032884089832303, 0.9438691086081276]], "ideal": "D", "sampled": "D", "correct": true}}
{"type": "result", "data": {"idx": 14, "options": ["the Senate.", "the president.", "the Secretary of State.", "the chairman of the Joint Chiefs."], "probs": [[0.02086857524125365, 0.08950539133271551, 0.8790558445556205, 0.010570188770408488], [0.01594850204209569, 0.020237852950607656, 0.0039015607848327557, 0.9599120841224786], [0.03270676707091202, 0.24816406995773777, 0.7087779986853494, 0.010351164185977889], [0.01923572754416805, 0.06319963863486829, 0.004717587680278361, 0.9128470460406689], [0.011255924593106299, 0.002658484757572207, 0.16735261061840004, 0.8187329799309484], [0.008908483395106815, 0.002166891342475735, 0.4590683433673015, 0.5298562817951176], [0.11011222736986949, 0.021305933130058585, 0.8558784044802803, 0.01270343491981588], [0.045319544368158673, 0.00826483118346423, 0.003687546654855139, 0.9427280776935466], [0.14541616585747025, 0.8203956363381254, 0.024755914380919255, 0.009432283323491787], [0.1169884843450408, 0.8415450181186195, 0.008312518355900536, 0.03315397908042702], [0.024662947933456095, 0.0030077390813733743, 0.006051713110861891, 0.9662775997743215], [0.042837592041562116, 0.005269104594456999, 0.9206623341824799, 0.03123096908148982], [0.4798907621871706, 0.02525258937804096, 0.4828126434861883, 0.012044004848587862], [0.22906240207072107, 0.01321363462175721, 0.0051521700457740505, 0.7525717931617418], [0.6291339308696942, 0.33389083536004305, 0.02422794062172949, 0.012747293048515473], [0.5873615550351485, 0.3554705942112797, 0.00849274751658011, 0.048675103137017096], [0.1623005723732092, 0.0052840488489188184, 0.01135866318309191, 0.8210567154947613], [0.3260584399572685, 0.009704845548236347, 0.6222883387663712, 0.041948375628107104], [0.005732449419981109, 0.003681387348815513, 0.19373707655240185, 0.7968490865788186], [0.005237763926292819, 0.003310135185229905, 0.36728897832361224, 0.6241631224648582], [0.0069184208602855535, 0.023580917659702837, 0.007108418928103018, 0.9623922424519199], [0.005855355086409183, 0.02552312566991361, 0.9483528355921268, 0.020268683551553875], [0.009466708476608209, 0.10014480794804231, 0.012663631799014063, 0.8777248516763159], [0.010086256385952059, 0.3429126269969965, 0.6193547790331162, 0.02764633748391849]], "ideal": "B", "sampled": "C", "correct": false}}
{"type": "result", "data": {"idx": 15, "options": ["Required the United States and Russia to demobilize their armies", "Required the United States and Russia to dismantle a significant number of their nuclear weapons", "Prohibited the acquisition of new military bases", "Prohibited short-range nuclear weapons"], "probs": [[0.0030392206944855962, 0.9689946911027325, 0.0073740326053125934, 0.020592055497458222], [0.0032510736127338326, 0.9786674519190847, 0.008075947234096005, 0.010005527134085597], [0.003320516228192422, 0.0018202955620680338, 0.9818282231153193, 0.013030964994402277], [0.0015367159599963796, 0.0009250574702949271, 0.0032899740456101218, 0.9942482524240993], [0.005632168044631389, 0.0035537795828043963, 0.9823095542351521, 0.008504498037396079], [0.0010137016919346605, 0.0009268572534593974, 0.0013635828544945744, 0.9966958581001109], [0.9249512938592497, 0.013903506446689206, 0.012457209927260843, 0.04868798966680916], [0.9568189996731663, 0.010364093331236723, 0.012864546035117495, 0.019952360860477927], [0.9351085436658695, 0.01255115899886448, 0.008388058770279809, 0.043952238465004456], [0.968170933544016, 0.007321924053136386, 0.009468466740309442, 0.015038675562521479], [0.9757005869282783, 0.009056706098799449, 0.0043212849007866795, 0.010921421972149164], [0.9752911607928904, 0.00824780278143859, 0.004844580583178987, 0.011616455742496304], [0.002724607883953179, 0.002276238842777572, 0.9797488238274022, 0.015250329345861888], [0.0015807881454389398, 0.001165606975976207, 0.0038970400767832925, 0.9933565647017931], [0.0028517196945086623, 0.9776151893341639, 0.005560337857332678, 0.01397275301400122], [0.002640398314506707, 0.9821544957797271, 0.007129880176050282, 0.008075225629707847], [0.00074350877971786, 0.0009329020870233552, 0.001299471701005766, 0.997024117332269], [0.004604515668578042, 0.002904294189941019, 0.9826521975892429, 0.009838992452238106], [0.0025005243935983914, 0.001621032483653235, 0.9887587834981085, 0.007119659524664102], [0.001085363467003029, 0.000679305913332959, 0.001465848693819831, 0.9967694818258366], [0.003881606155166978, 0.9843057658479566, 0.003617616176086122, 0.008195011720812485], [0.0036762266954706094, 0.9844974190387802, 0.004213671750645201, 0.007612682415105826], [0.0008572188260895298, 0.0005824462778853348, 0.001380836361007936, 0.997179498435019], [0.0032762347181519253, 0.0012150053396672218, 0.9880740048369114, 0.0074347550052674604]], "ideal": "B", "sampled": "B", "correct": true}}
