{"type": "result", "data": {"idx": 0, "options": ["r = k ln[A]", "r = k [A]^2", "r = k [A]", "r = k"], "probs": [[0.0980247715044456, 0.07312152051840388, 0.4766795569496891, 0.35217415092745347], [0.10323460678042837, 0.08557415479496125, 0.39407245017518233, 0.41711878814944114], [0.08981937425569562, 0.5469089313413865, 0.08091146083964523, 0.2823602334632793], [0.09186891466996638, 0.5637059782200501, 0.18680087350200977, 0.15762423350797888], [0.10417507551133329, 0.33984894931310006, 0.0882725348685014, 0.46770344020706967], [0.09195044992153106, 0.2076785252629864, 0.5493398123062728, 0.1510312124092231], [0.08842236174128336, 0.07237336773027982, 0.5349141708931304, 0.3042900995353007], [0.10008816470017085, 0.09250619035500007, 0.4260019616102819, 0.38140368323455], [0.11751237882254009, 0.370058479941326, 0.09659949224832323, 0.4158296488878095], [0.12988378429014463, 0.3723022036885586, 0.319972954654229, 0.17784105726707106], [0.1080245184573081, 0.3708271705064386, 0.12368692351103747, 0.3974613874252373], [0.10571041599041948, 0.24445387646765623, 0.4976579377336857, 0.1521777697082251], [0.29968496979752013, 0.14834458939202413, 0.08654411995269796, 0.4654263207577477], [0.27725161192797443, 0.1388613646433473, 0.4113054814188753, 0.1725815419098025], [0.24082854495631997, 0.16044381432515273, 0.11284715309307816, 0.4858804875254592], [0.2638354737277038, 0.190793138425316, 0.32697788610149053, 0.21839350164547208], [0.2698987220154472, 0.3924252576865617, 0.20593216497161637, 0.1317438552263534], [0.25867175720641666, 0.41791629843155925, 0.17219191100025166, 0.15122003326176284], [0.10158962102904993, 0.321393555429395, 0.08942211308931261, 0.48759471035225965], [0.09042613931425508, 0.20189855626362121, 0.5487995334473553, 0.15887577087477692], [0.09060871516923782, 0.3015545229325137, 0.11901672661036397, 0.48882003518790224], [0.0900025392632892, 0.150466546562717, 0.6021065230084197, 0.1574243910655696], [0.07213336498478694, 0.7223725690285306, 0.09702403769081144, 0.1084700281958814], [0.07736804151813766, 0.677577339487316, 0.1163964028274733, 0.12865821606708905]], "ideal": "D", "sampled": "C", "correct": false}}
{"type": "result", "data": {"idx": 1, "options": ["all molecular bonds absorb IR radiation", "IR peak intensities are related to molecular mass", "most organic functional groups absorb in a characteristic region of the IR spectrum", "each element absorbs at a characteristic wavelength"], "probs": [[0.041258547487448796, 0.04957497421783877, 0.8097389657977223, 0.09942751239697395], [0.045021814772812606, 0.040261479348366734, 0.15687902972881265, 0.7578376760500241], [0.049420104386162844, 0.8879336667164431, 0.02418257629052025, 0.038463652506855975], [0.04654947951119357, 0.9041086060652149, 0.021599088168770066, 0.027742826154839983], [0.04125352360027083, 0.08090214759690947, 0.028817398987126267, 0.8490269297157166], [0.030880542452427138, 0.042837658061002065, 0.859579980284145, 0.06670181910242134], [0.024186044291457865, 0.03476874991457043, 0.8544114473270578, 0.08663375836691826], [0.029782269963952675, 0.03169971138524007, 0.28994146108640306, 0.6485765574644062], [0.06192733404650561, 0.8606633493052379, 0.02743969266278179, 0.04996962388548909], [0.05675808955658447, 0.8710525110061004, 0.03043374685403571, 0.04175565248326154], [0.05432340381877541, 0.3341502209148054, 0.042521580810947625, 0.5690047943554879], [0.03546408371768231, 0.0657821913400527, 0.8139839902946653, 0.08476973454760528], [0.9257933404818247, 0.02457019998150075, 0.021880966462785457, 0.027755492973907177], [0.9327680454285795, 0.024524509992859173, 0.021730180078256663, 0.020977264400298044], [0.9152676463522569, 0.04176638378655761, 0.015021172178308324, 0.027944797582868622], [0.9199532041010218, 0.037405887097619384, 0.017322865434332795, 0.025318043267018014], [0.9384927410880679, 0.03328210097116372, 0.011740253906229653, 0.016484903934549978], [0.9300096940235806, 0.029973395555754578, 0.017428969155567717, 0.022587941165115394], [0.5329469152352561, 0.014716132244492459, 0.02635254859907489, 0.42598440382116287], [0.06771974414681246, 0.022943283051588496, 0.8572137865837928, 0.05212318611778225], [0.556174012894894, 0.04296452735491576, 0.02230451193461221, 0.3785569477155995], [0.15300547879787163, 0.05765629447769995, 0.7197412286528525, 0.06959699797156799], [0.08137317727654117, 0.8906442937486398, 0.011987104703330647, 0.015995424171475724], [0.0902694258027834, 0.8724326148471933, 0.01807708521320155, 0.019220874036813496]], "ideal": "C", "sampled": "C", "correct": true}}
{"type": "result", "data": {"idx": 2, "options": ["2", "3", "4", "5"], "probs": [[0.24205125170606484, 0.2966555201191802, 0.30023931712218394, 0.16105391095257407], [0.2110712240367476, 0.28218418724777666, 0.21955780518671547, 0.28718678342876786], [0.2054019489268792, 0.246054611702267, 0.4069615073894509, 0.1415819318814019], [0.20938722230393358, 0.27757988279289164, 0.2281690577145375, 0.28486383708864016], [0.18776252901468773, 0.15760444296850054, 0.4230834337051268, 0.23154959421168478], [0.215443180856287, 0.18664389399117978, 0.3172082922741774, 0.28070463277833263], [0.2964666772222563, 0.28735717678426137, 0.28064222809709666, 0.13553391779639085], [0.249996125422748, 0.26731358572712244, 0.19180464243356007, 0.290885646316563], [0.30068488444276564, 0.2211658963362916, 0.32158668873596247, 0.1565625303849728], [0.31408888312445155, 0.24486990173809112, 0.21937337966625078, 0.22166783537119986], [0.26363921546547436, 0.17926091693249177, 0.2678780348696993, 0.289221832632352], [0.25755284341729384, 0.167135655087507, 0.37187366201079824, 0.20343783938441382], [0.19672881574602188, 0.19308961017275553, 0.4833305596940999, 0.12685101428712311], [0.20419453314585806, 0.2075752365473989, 0.20264547133472668, 0.38558475887199734], [0.212328167890607, 0.3369550162940385, 0.2985098250933778, 0.15220699062199355], [0.21782342481385084, 0.3706918046124729, 0.19302440996895884, 0.21846036050473602], [0.2061074017012368, 0.15396119374825018, 0.2699211371015038, 0.3700102673489987], [0.2167707646365861, 0.14626159253562046, 0.38962366157957445, 0.2473439811482109], [0.16941651336831087, 0.18131083323275038, 0.42940380578656195, 0.219868847512378], [0.17584491040241765, 0.19251763138080588, 0.3184978819119074, 0.31313957620489413], [0.1855801026271273, 0.24788809500210982, 0.31816395647204626, 0.24836784579870566], [0.18676245326675806, 0.23815026749889098, 0.37017390044540344, 0.20491337868896786], [0.17516471524539678, 0.20336278558467324, 0.2569510412952292, 0.3645214577746912], [0.18654951389949107, 0.21241959337774244, 0.35412882840610016, 0.24690206421665528]], "ideal": "D", "sampled": "B", "correct": false}}
{"type": "result", "data": {"idx": 3, "options": ["The I\u2212 : IO3\u2212 ratio is 3:1.", "The MnO4- : I- ratio is 6:5.", "The MnO4- : Mn2+ ratio is 3:1.", "The H+ : I\u2212 ratio is 2:1."], "probs": [[0.1920421873541469, 0.21616260827186606, 0.42322403455437846, 0.1685711697196161], [0.1996414189500214, 0.24389995014619828, 0.2839542141331711, 0.2725044166706093], [0.1740600290019769, 0.2838511380740267, 0.39403324112425325, 0.1480555916997464], [0.19305001628849475, 0.3211530281641658, 0.25499390600724214, 0.2308030494400975], [0.18855107568458462, 0.21480874181875, 0.36674311933876197, 0.2298970630578828], [0.19490959653642198, 0.2185724285967114, 0.35614226498123625, 0.23037570978562524], [0.1772812269478247, 0.1579334815008658, 0.47114668523306136, 0.19363860621826004], [0.1968687363564869, 0.20180144441557907, 0.31746214884774276, 0.28386767028020443], [0.1890507673876201, 0.23543176776011812, 0.359142724561196, 0.21637474019107705], [0.20079278878666826, 0.257098530254077, 0.3066587965971724, 0.2354498842620945], [0.1982332076090358, 0.23293584396647118, 0.24216460910384632, 0.3266663392206512], [0.18784073302008358, 0.20254509368624843, 0.3697056886341816, 0.23990848455948552], [0.16231315076368852, 0.26254726818246366, 0.418117798844204, 0.1570217821096275], [0.1745152697825528, 0.28133282086273453, 0.29151809170122833, 0.252633817553484], [0.18898427767633336, 0.28061634178472405, 0.33716456822756025, 0.1932348122113822], [0.19360840588720413, 0.2764401160895265, 0.3003415995946074, 0.22960987832866392], [0.19359836049567883, 0.23373389073993414, 0.33758685204449407, 0.23508089661989734], [0.17484675006392797, 0.18707050805537379, 0.47018986917622607, 0.16789287260448352], [0.21471810149135734, 0.16690971273430968, 0.3713969887983155, 0.24697519687601005], [0.20817818341666144, 0.14956561206151603, 0.4129750923811633, 0.22928111204067267], [0.22520279807387536, 0.2626293160936901, 0.21509877301007566, 0.29706911272236514], [0.20943891186133837, 0.21888535839133172, 0.37518353780429764, 0.196492191843024], [0.2084325704560062, 0.266737998179549, 0.28978819393368505, 0.23504123733076437], [0.18967191751199855, 0.2245699254413049, 0.43122025733648517, 0.15453789961022169]], "ideal": "B", "sampled": "C", "correct": false}}
{"type": "result", "data": {"idx": 4, "options": ["always", "only for constant pressure processes", "only for constant temperature processes", "only for constant volume processes"], "probs": [[0.4431852833158012, 0.2626771827494197, 0.11767012918893677, 0.17646740464584287], [0.4502746041681708, 0.26364293628338603, 0.1505236937788329, 0.13555876566959518], [0.40082446988393095, 0.2250030398825111, 0.2095960860119281, 0.16457640412162758], [0.4414375986204652, 0.23172274219792469, 0.15919786042388917, 0.16764179865771683], [0.4455472573916225, 0.20859426390511418, 0.2064090633282395, 0.13944941527501953], [0.4544420133340979, 0.2143894031637837, 0.14159638937757882, 0.18957219402452907], [0.15388873853916857, 0.6243400951369478, 0.0732377206910912, 0.1485334455327936], [0.15716778778104198, 0.6331020260534344, 0.07543633710087876, 0.13429384896464255], [0.13946027483473386, 0.06306649595795073, 0.5982192612858261, 0.19925396782147375], [0.22829700843958745, 0.09536953879965505, 0.05096125733447895, 0.6253721953262561], [0.16988886455342542, 0.07107408026579362, 0.5746093188774285, 0.18442773620335332], [0.25180763450689425, 0.1019468575068665, 0.04207555162925804, 0.6041699562570123], [0.10589535321317431, 0.6522455546811451, 0.0901307571923606, 0.15172833481330258], [0.10586425755979766, 0.6574199096885115, 0.07780740197488042, 0.15890843067682145], [0.1116100402025294, 0.06685758592248002, 0.6113806699953717, 0.2101517037796139], [0.18458767472791016, 0.10580979000645925, 0.049973688641683126, 0.6596288465239404], [0.10321828736399695, 0.0645214437582215, 0.6015684551585619, 0.23069181361921384], [0.1820905740107814, 0.10333565822772128, 0.05216185150250068, 0.6624119161590168], [0.10869782397735668, 0.6595259139135892, 0.09110551640235666, 0.14067074560669138], [0.10661307031856078, 0.6481975123874685, 0.07720628375122647, 0.1679831334427564], [0.12206962441664315, 0.06851426062373596, 0.6182301733852656, 0.19118594147434698], [0.17969338015509348, 0.1054582906572306, 0.04438441795789046, 0.6704639111297888], [0.09286084805554104, 0.057441855137255124, 0.6283668520049841, 0.22133044470223312], [0.16221410429622593, 0.0961027554466956, 0.057510675567589056, 0.6841724645894662]], "ideal": "B", "sampled": "A", "correct": false}}
{"type": "result", "data": {"idx": 5, "options": ["3 lines", "9 lines", "5 lines", "7 lines"], "probs": [[0.3070414474600756, 0.1844282191844619, 0.32185400140805215, 0.1866763318473969], [0.30742446727478145, 0.19808067403282034, 0.2610089715449355, 0.23348588704747464], [0.330913985896196, 0.18682461008983742, 0.24697037175147968, 0.23529103216248548], [0.362194324086545, 0.19205533587378482, 0.26100919528411926, 0.1847411446555511], [0.32694647488678547, 0.17406425982915535, 0.24875898931664386, 0.25023027586743113], [0.3321441239407936, 0.168073280580028, 0.3256768147234865, 0.17410578065570714], [0.19341561625887746, 0.34916790542106957, 0.26959853688260904, 0.18781794133745944], [0.18594789734375997, 0.3396392835297425, 0.24438254877202475, 0.23003027025448639], [0.2065306752882158, 0.2475846400985399, 0.33141407991741395, 0.2144706045958229], [0.20848949539680742, 0.24991083261693794, 0.26574161490395193, 0.27585805698230403], [0.2201832018920109, 0.1766455702664756, 0.3242383989438152, 0.27893282879770814], [0.23330004833049287, 0.18868911541134084, 0.288268427594462, 0.28974240856369904], [0.21650527000148534, 0.3318083606816488, 0.2242687091794742, 0.22741766003740937], [0.23245723624162187, 0.343862774534733, 0.23349295025474798, 0.19018703886889485], [0.2153862442327482, 0.15922208411108485, 0.41372827500104203, 0.2116633965551073], [0.2258546256415044, 0.1762240169494883, 0.29681714102372597, 0.3011042162852852], [0.24533820873368128, 0.14400528741821833, 0.4061194593136784, 0.2045370444344171], [0.2679882584936212, 0.17151961766486712, 0.2788949430978338, 0.2815971806436955], [0.18902266894931147, 0.330683692996486, 0.21844750467502802, 0.26184613327917394], [0.19208129347536917, 0.33233812719930866, 0.29190021109054887, 0.18368036813478453], [0.22571458267105463, 0.15317683428846715, 0.35241366548265374, 0.2686949174578319], [0.22671068508100894, 0.14669697223969805, 0.3325899976923939, 0.2940023448869063], [0.22573554267664436, 0.22264426781574614, 0.345600047266762, 0.20602014214084943], [0.22570670870396325, 0.23877619521120444, 0.22137166907301814, 0.3141454269118225]], "ideal": "B", "sampled": "A", "correct": false}}
{"type": "result", "data": {"idx": 6, "options": ["Neutrons", "Alpha particles", "Beta particles", "X-rays"], "probs": [[0.35772125906112745, 0.11533552250547847, 0.4426216610493184, 0.08432155728408186], [0.35955432349082045, 0.1591396464713111, 0.12363933349981028, 0.35766669643804194], [0.37536496912218104, 0.13666238294943234, 0.4118010867002396, 0.07617156112814424], [0.4573880834820587, 0.16640513657549666, 0.12739928309044493, 0.2488074967519902], [0.3285632067662439, 0.07113992386349774, 0.36066333555263586, 0.23963353371762566], [0.23012110229414517, 0.05107943167220743, 0.5022265661746331, 0.2165728997590261], [0.13751941302465753, 0.18730357484133145, 0.5700988902109848, 0.10507812182302724], [0.16894587558708465, 0.25514485330878, 0.17303371427849107, 0.40287555672562303], [0.13812608942054985, 0.10379689484832318, 0.6475080417790574, 0.11056897385205487], [0.2406516540992959, 0.19093925516521068, 0.20629975553515725, 0.362109335100329], [0.09267008479086314, 0.04892498533966405, 0.5938064031359049, 0.264598526633577], [0.09094524932644965, 0.04775392221983595, 0.6323402959927608, 0.22896053236093838], [0.17228925139348478, 0.1932891345770316, 0.531895324750317, 0.1025262891791759], [0.22516587551182612, 0.24826280690153585, 0.16451610594362423, 0.3620552115430163], [0.17398521810892165, 0.11784213056890464, 0.6072744209476043, 0.10089823027458934], [0.27387557861808187, 0.20853221599279878, 0.18575932447736204, 0.33183288081174633], [0.09608008269713735, 0.04467656385166594, 0.6338917913113883, 0.2253515620398265], [0.12789393022007922, 0.05279527243138206, 0.57294954856779, 0.24636124868074846], [0.09229617620894635, 0.2314274816208001, 0.4651206254898718, 0.21115571658039356], [0.07746979252424342, 0.15704831381196577, 0.5581788823274707, 0.20730301123631276], [0.07501796937481692, 0.09915618402040008, 0.6255762419704252, 0.20024960453436574], [0.09695870973786325, 0.13269870998223873, 0.4474399699724514, 0.322902610207449], [0.07698162243878696, 0.12624872583814817, 0.6081047215934626, 0.1886649300295944], [0.09756863406083738, 0.15650444445899367, 0.4803604121199755, 0.2655665092601936]], "ideal": "A", "sampled": "A", "correct": true}}
{"type": "result", "data": {"idx": 7, "options": ["Strong oxidizing conditions", "Low-spin electron configuration", "Metallic physical properties", "Unpaired electrons"], "probs": [[0.028361211823652605, 0.037266596579340894, 0.08136991982480792, 0.8530022716722149], [0.02077378850447157, 0.02023858155952816, 0.8649182603270721, 0.09406936950894734], [0.030974251413755007, 0.03592004766524018, 0.06790925232608255, 0.8651964484949335], [0.017419179278251044, 0.011643478201663917, 0.8973844918483458, 0.07355285057175345], [0.035889845622037626, 0.8415481611945121, 0.05127054391872094, 0.07129144916473729], [0.03923865711720297, 0.8251172615191353, 0.051384313426260625, 0.08425976783738713], [0.07263116408267781, 0.0265366891298937, 0.05690151093367092, 0.8439306357537554], [0.03994846920001042, 0.014978067693809143, 0.8710953286065101, 0.07397813439964919], [0.12820878850591827, 0.05855404446882566, 0.023241195656982884, 0.7899959712682738], [0.042585205331763035, 0.024182049512429565, 0.8833610152595148, 0.049871729796301126], [0.08410032030304154, 0.8345276028061667, 0.02496171769551932, 0.056410359095284884], [0.07875381624808021, 0.8137557440431095, 0.04881947104997587, 0.05867096855885222], [0.09166415130670763, 0.02566671101056891, 0.044633409671554644, 0.8380357279111674], [0.034699012521558596, 0.011485511397210343, 0.8718931978921253, 0.08192227808912757], [0.14045836472668632, 0.07681485593853217, 0.021380518795954543, 0.7613462604388168], [0.04851985368024541, 0.040437442841697674, 0.8511266837902205, 0.05991601958784792], [0.07549791503170143, 0.8567883570301036, 0.02292026565410332, 0.04479346218410926], [0.058856364569513826, 0.8539658270511612, 0.0483302470662376, 0.0388475612130766], [0.8797982183731031, 0.02448966308065141, 0.038400529865821584, 0.05731158858042228], [0.8474583179763929, 0.027205201784052974, 0.04053925030213551, 0.0847972298374283], [0.907890200400841, 0.04644663212217827, 0.012396910963690333, 0.0332662564132877], [0.8767681455214523, 0.04952825113878738, 0.03512001853877012, 0.03858358470100049], [0.9005771315342846, 0.0346852434152181, 0.01582724583779501, 0.04891037911269124], [0.8929288685027404, 0.027861141563012518, 0.042376792025804036, 0.036833197808442915]], "ideal": "D", "sampled": "D", "correct": true}}
{"type": "result", "data": {"idx": 8, "options": ["1:1", "1:3", "1:6", "2:3"], "probs": [[0.25076260137302164, 0.38708779233156343, 0.19146897194935414, 0.17068063424607385], [0.25446021788713946, 0.3792914860560916, 0.20288204195537352, 0.1633662540014007], [0.24670729785649442, 0.18663986530697968, 0.39267112080044014, 0.17398171593607423], [0.2667324505495431, 0.21555024788426158, 0.2545145757684815, 0.2632027256976953], [0.21432010875506496, 0.214574219339389, 0.41457688914917146, 0.15652878265639172], [0.24347622460832516, 0.2729417128369242, 0.20268724792802215, 0.28089481452671133], [0.28558397986143313, 0.28025179469119144, 0.231216003303118, 0.20294822204426274], [0.2954499931984722, 0.2800728321280154, 0.23753145152607308, 0.1869457230474261], [0.22650006673175196, 0.1263703724769212, 0.47029143059515016, 0.17683813009618085], [0.2887303996918929, 0.1484309286106722, 0.2887857124857366, 0.2740529591116989], [0.24536782711730576, 0.14733113596915243, 0.43557684233476623, 0.17172419447877174], [0.28922384664690176, 0.1871169315522059, 0.25227570004253314, 0.2713835216583542], [0.19273134106489043, 0.24968560625059893, 0.3817037874226062, 0.17587926516189212], [0.20404110334882003, 0.2758709146802052, 0.24704553438728105, 0.2730424474836983], [0.19698461457272076, 0.2511489350495072, 0.38558065618109566, 0.16628579409668712], [0.20426618074996522, 0.28172067921592914, 0.22522522520270716, 0.28878791473141824], [0.1783535204361088, 0.1865106872524535, 0.42280345276105635, 0.2123323394503999], [0.1812863935494764, 0.21808606246654236, 0.3412547922474978, 0.2593727516364944], [0.22810774100842443, 0.20082816819067387, 0.40181084893476193, 0.16925324176612858], [0.24470179991133253, 0.23658656510400586, 0.22281556104538122, 0.2958960738392635], [0.22867616589018272, 0.17424455908679937, 0.4206141561333322, 0.1764651187896889], [0.25017764875404247, 0.22723877996653266, 0.24165718409245596, 0.28092638708695367], [0.20211107734256883, 0.12671852252880367, 0.43801541367233787, 0.23315498635629298], [0.19269912188217223, 0.12467759738780733, 0.4532371390175449, 0.22938614161247517]], "ideal": "C", "sampled": "B", "correct": false}}
{"type": "result", "data": {"idx": 9, "options": ["T1, unlike T2, is sensitive to very low-frequency molecular motions.", "T2, unlike T1, is sensitive to very low-frequency molecular motions.", "T1, unlike T2, is sensitive to molecular motions at the Larmor frequency.", "T2, unlike T1, is sensitive to molecular motions at the Larmor frequency."], "probs": [[0.2159433648493464, 0.12995351138121886, 0.3835412500754936, 0.2705618735939374], [0.23320211442084973, 0.13918755557130777, 0.31891578700724055, 0.30869454290059495], [0.2416272482544618, 0.3454013999540159, 0.1667784050644796, 0.24619294662704305], [0.25222991524109767, 0.3347359456713638, 0.3067043599561142, 0.10632977903143029], [0.2631821142429907, 0.1516232834035125, 0.4410642398438099, 0.14413036240968186], [0.25684863410970254, 0.13795587825114616, 0.5231544460466844, 0.08204104149247118], [0.14702396332370904, 0.21516276397712517, 0.32100060355682714, 0.31681266904235306], [0.15355966342701474, 0.23101426991351096, 0.3176639344726366, 0.2977621320868303], [0.1676544044576918, 0.21241473635600977, 0.34268357875115063, 0.27724728033513474], [0.13019380011870008, 0.12215364848259724, 0.6431892394190686, 0.1044633118796197], [0.17691454890907407, 0.27758712354144083, 0.32813154898693514, 0.21736677846255056], [0.18051222574049547, 0.26937585060678515, 0.3676483070888601, 0.18246361646385045], [0.32510420324219685, 0.3122507573230863, 0.15921106400906918, 0.20343397532564533], [0.3261766594794395, 0.24517779300243273, 0.3435298807439122, 0.0851156666742091], [0.3788032632867208, 0.14220555663775808, 0.18402679455747417, 0.29496438541807485], [0.1971340564317584, 0.0960165716398212, 0.6515092088307591, 0.05534016299765761], [0.35741655510731024, 0.164324233593412, 0.3618123418263504, 0.11644686937294213], [0.36255140203342057, 0.19867981604118068, 0.27922533949392575, 0.15954344233148646], [0.20209504670301348, 0.1314172607571369, 0.33482314218374026, 0.33166455025610864], [0.16996024714640007, 0.08466703213026132, 0.6799192018325796, 0.06545351879074375], [0.22263707745123884, 0.21810990991645152, 0.18685032831301956, 0.3724026842192884], [0.21679849884561048, 0.1287800054790738, 0.5759595654682328, 0.07846193010710509], [0.2373699438405576, 0.27696824283563537, 0.3307671433888458, 0.15489466983494846], [0.2504781108432545, 0.31104820022127516, 0.3008907884784574, 0.13758290035699586]], "ideal": "D", "sampled": "C", "correct": false}}
{"type": "result", "data": {"idx": 10, "options": ["3.02 ppm", "5.03 ppm", "10.56 ppm", "11.30 ppm"], "probs": [[0.3353699203574648, 0.18550152146263255, 0.22607117469053814, 0.25305738338938716], [0.32469951386814067, 0.18102409895276267, 0.2197699491745804, 0.27450643790451384], [0.3439219822888444, 0.1470396576044704, 0.28968276475916654, 0.21935559524754863], [0.3556929446455776, 0.1467873067431259, 0.34477354471303834, 0.1527462037982685], [0.30857730356935975, 0.14770928715634926, 0.2910156408044448, 0.2526977683698395], [0.31413020206156195, 0.14740290481843357, 0.365826563410278, 0.1726403296097383], [0.3804989206693491, 0.19767767319036414, 0.206813633540527, 0.21500977249976239], [0.3325454480099468, 0.1882541990823466, 0.20485224168561963, 0.27434811112208807], [0.3582777502405326, 0.1921800289955643, 0.23228805708305347, 0.2172541635808358], [0.35255722533873823, 0.17408357863905125, 0.3594806301655473, 0.11387856575666708], [0.31420087811189046, 0.1977925300400352, 0.23359870908308544, 0.25440788266498887], [0.3165811608541368, 0.18484123383923387, 0.3687427860833056, 0.12983481912334127], [0.3146705231709272, 0.16222721612095756, 0.3110976964898554, 0.212004564118263], [0.31198765138746126, 0.15967322226469535, 0.2863773155091822, 0.2419618107386579], [0.30466869010879843, 0.1977549467984997, 0.3179797382201777, 0.17959662477251948], [0.31834326464119084, 0.20335031918597235, 0.29566195074080714, 0.18264446533203352], [0.3103601856959123, 0.27196733324032885, 0.20280469246065738, 0.21486778850309693], [0.31476959816624145, 0.26831249144868513, 0.21627524793940955, 0.20064266234565192], [0.3293798104402015, 0.1710762918636026, 0.27512818786090687, 0.22441570973528735], [0.3107692439423161, 0.16272521849700347, 0.30717070662626833, 0.21933483083441632], [0.31518755802307324, 0.20707441094572163, 0.29177451069101434, 0.18596352024019133], [0.3071316652229467, 0.2009134161736394, 0.33753770532515215, 0.15441721317826318], [0.30889066915362245, 0.28248379848679267, 0.21393494606902838, 0.19469058619055066], [0.30537390793850416, 0.27727812769579824, 0.2173048647008812, 0.20004309956483146]], "ideal": "D", "sampled": "C", "correct": false}}
{"type": "result", "data": {"idx": 11, "options": ["[The polarization relaxes exponentially: p(t) = [p(0) - peq]exp(-t/T1) + peq.]", "72.0 s", "56.6 s", "12.7 s"], "probs": [[0.27797460166011073, 0.2804687466188033, 0.25037543317169514, 0.1911812184493793], [0.2484812423289221, 0.24789099842189066, 0.3689892144237958, 0.13463854472540512], [0.27574823069877374, 0.3176438105266049, 0.24068606948224072, 0.16592188919237558], [0.26793428194394864, 0.2912149004821991, 0.3086905027240726, 0.13216031474978782], [0.28611076800191426, 0.3013200203989239, 0.2595000602979471, 0.15306915120120812], [0.28162857353941717, 0.312018650495072, 0.23087131315764434, 0.175481462707864], [0.1572448660224926, 0.4175256649984733, 0.24448692806765773, 0.18074254081136984], [0.15444871146559663, 0.41776471066490517, 0.28067808051116266, 0.1471084972583385], [0.1475689583896165, 0.16559078756508241, 0.5249723975084621, 0.16186785643681909], [0.18801859884811845, 0.14286088948305692, 0.2836141235517722, 0.3855063880170508], [0.1485297651595501, 0.1780651110627885, 0.524443834059065, 0.1489612896185994], [0.2001473487746093, 0.18062196448947496, 0.23974411854173427, 0.3794865680941773], [0.15614401200954833, 0.44299015320787005, 0.2185140604931072, 0.18235177418946408], [0.15333315532595607, 0.4776693085294228, 0.23111774552963332, 0.13787979051500307], [0.14225608687783248, 0.16921819746493913, 0.5224012025228353, 0.16612451303440962], [0.18631963012101996, 0.14888538371140922, 0.28878746378042447, 0.37600752228714984], [0.14047810929396598, 0.16645795678851852, 0.5471313917841394, 0.14593254203336928], [0.20197229195263836, 0.17389090165220697, 0.22455718557287968, 0.3995796207222751], [0.1534417871993432, 0.4759421292741027, 0.2112433288922356, 0.15937275453432542], [0.1518625652787921, 0.49163922335662114, 0.20426941793447456, 0.15222879333010753], [0.14656368880331083, 0.16063485947009498, 0.5405583745881879, 0.1522430770384185], [0.20027540930326554, 0.16002635841092255, 0.2464865761549254, 0.3932116560308908], [0.14032421864284544, 0.156101270635451, 0.5503268409586326, 0.15324766966308037], [0.19463714182404776, 0.1580585448131219, 0.2294356853524839, 0.4178686279103453]], "ideal": "B", "sampled": "A", "correct": false}}
{"type": "result", "data": {"idx": 12, "options": ["4.6 mT", "27 G", "5.4 mT", "3.8 mT"], "probs": [[0.20004634707107233, 0.14989183293140362, 0.38001944476008664, 0.27004237513744056], [0.19931013401948086, 0.1513575835276421, 0.3935077833633376, 0.2558244989895427], [0.2770680851659206, 0.19458306929488595, 0.20848799003535204, 0.3198608554038527], [0.30526364980723486, 0.2119470773502974, 0.3449584824839037, 0.13783079025855424], [0.2673511504859602, 0.200611114481892, 0.2084197997838455, 0.3236179351483023], [0.31430939465767044, 0.22074591360957907, 0.3260348731082845, 0.1389098185244574], [0.18287656862038373, 0.19570030894026713, 0.35556318415790944, 0.2658599381814496], [0.18364999700136414, 0.20038576620753462, 0.37572486137984373, 0.2402393753112562], [0.17650031535644672, 0.19333409294522927, 0.36235362991243847, 0.26781196168590254], [0.17564597987654418, 0.190153976699726, 0.38395342790436665, 0.25024661541937476], [0.17285280036270317, 0.20156765194508078, 0.35923990431784436, 0.2663396432743594], [0.16305041859295874, 0.18797718521597984, 0.35630593831719753, 0.29266645777385963], [0.27198692871325747, 0.19103458864731784, 0.2153934492782043, 0.32158503326120425], [0.3029767285434767, 0.21112210916883345, 0.34507680215646525, 0.14082436003123341], [0.1918739724345798, 0.1476852516353829, 0.3923303257564063, 0.2681104500736057], [0.19108750414731326, 0.14788784442733482, 0.40009575018541776, 0.2609289011399328], [0.27846966602216194, 0.21806972705846864, 0.3637175061143378, 0.13974310070503965], [0.25215357731663096, 0.19912292747186466, 0.2160272697230182, 0.33269622538847776], [0.24192018583716324, 0.19098952000596392, 0.21533661379780264, 0.3517536802590652], [0.2941556322996465, 0.22251748863181908, 0.33771368394381135, 0.14561319502470574], [0.18742840736079125, 0.152299976998828, 0.39839594375237863, 0.26187567178799176], [0.18237186117581025, 0.14712492858648274, 0.38165725327002276, 0.2888459568676948], [0.2610724033162609, 0.21183141678487644, 0.38331562711335176, 0.14378055268551296], [0.24414623373711095, 0.19359035126860666, 0.2099702149405711, 0.3522931999537053]], "ideal": "A", "sampled": "A", "correct": true}}
{"type": "result", "data": {"idx": 13, "options": ["1:19:36:84:126:126:84:36:19:1", "1:9:36:84:126:126:84:36:9:1", "1:9:35:82:120:120:82:35:9:1", "1:8:28:56:70:56:28:8:1"], "probs": [[0.20376738539030204, 0.2699613008178016, 0.321867287855666, 0.2044040258362205], [0.18793823940217083, 0.2443610133954267, 0.2735291227736349, 0.294171624328748], [0.19276283542048078, 0.22380895164912293, 0.431213752629245, 0.15221446020116292], [0.18263334278857754, 0.2557360820239077, 0.20707594763211873, 0.3545546274553924], [0.16927662506299043, 0.2837090824552831, 0.36276920183468075, 0.18424509054706434], [0.1573023419794706, 0.276240980834872, 0.27073388236289386, 0.295722794722753], [0.2117086680382037, 0.19379880815166253, 0.37190556728321544, 0.2225869564269165], [0.1939338353459586, 0.18180560780256425, 0.29465931596501205, 0.32960124078644254], [0.2157119263809829, 0.31395723594500713, 0.27178535600277404, 0.1985454815712508], [0.2089366297197209, 0.2892027642998948, 0.27270737827051095, 0.22915322760988688], [0.17302813173138892, 0.3099078483502847, 0.22753345439962375, 0.28953056541872546], [0.17821966742548398, 0.26759672313078375, 0.3713808821244057, 0.18280272721934349], [0.18857956870430156, 0.2073982891171537, 0.44223158659136125, 0.16179055548720195], [0.17449725862379273, 0.2434307508695823, 0.207277234782613, 0.37479475562402853], [0.21191640947559173, 0.3550980185207756, 0.21282367527768276, 0.22016189662596702], [0.209566071873345, 0.31734553803120436, 0.2756525084725341, 0.19743588152292496], [0.16401023151881483, 0.29948699262543266, 0.19782064864505308, 0.3386821271106944], [0.17632488189052903, 0.26572558816734027, 0.39894224047400584, 0.1590072893681121], [0.17739597951222597, 0.2823428086353304, 0.34723611161288503, 0.19302510013954746], [0.16950983784171275, 0.26077072203355756, 0.3106661593181198, 0.25905328070661726], [0.1769734658591004, 0.346417931478636, 0.21336156746024976, 0.2632470351020173], [0.17919880992591675, 0.2874300317251626, 0.36063565015608484, 0.17273550809284666], [0.16692756298583947, 0.2639857680506672, 0.2282052223223677, 0.3408814465411306], [0.18318919262530436, 0.26257419658055786, 0.39091012274835785, 0.16332648794576288]], "ideal": "D", "sampled": "B", "correct": false}}
{"type": "result", "data": {"idx": 14, "options": ["spin trapping provides more structural information than direct detection by EPR", "spin trapping makes it easy to quantify free radical intermediates", "steady state concentration of free radical intermediates is often too low to enable direct detection by EPR", "detection of spin adducts requires lower power than direct detection of radical intermediates"], "probs": [[0.15255076155128786, 0.3760523273845139, 0.3862399248918585, 0.08515698607234466], [0.17826921255039585, 0.5641896232483445, 0.12251696282411233, 0.13502420127715462], [0.12849097540499915, 0.4178765408132209, 0.3685796714063581, 0.08505281227541696], [0.13534634192212142, 0.6323141196981508, 0.060985185466989625, 0.17135435281272585], [0.08699335961531696, 0.053688967968537296, 0.7451410632152792, 0.1141766091008746], [0.24516690152110718, 0.08788589626284683, 0.4286099496538632, 0.23833725246218412], [0.4424209494699218, 0.13561034524069263, 0.3540405144188727, 0.0679281907705177], [0.6266925403443905, 0.2004915279352614, 0.07339410935780974, 0.09942182226254237], [0.43880449210586886, 0.4707140777947726, 0.04618155705888589, 0.04429987294046181], [0.38086870689337554, 0.5026024214716057, 0.06168548817922194, 0.05484338335582342], [0.5743096393523992, 0.1925602991840836, 0.12864870997192068, 0.10448135139161004], [0.30905083891579027, 0.09935767900315101, 0.5317165508650511, 0.05987493111600062], [0.45711885020681053, 0.07454755969282378, 0.3972299699605176, 0.0711036200398416], [0.6479741687760857, 0.08885730877492966, 0.05577830098159093, 0.2073902213674013], [0.2928803124885203, 0.570701145852679, 0.07536009180064897, 0.06105844975816444], [0.23413288841420254, 0.5996555999210608, 0.08186473799294451, 0.08434677357179782], [0.6229752229421097, 0.13229305933827062, 0.07141385840294298, 0.1733178592166822], [0.34469348750553697, 0.08467189758040111, 0.5037515400455237, 0.0668830747685439], [0.05206022995937229, 0.08161533767058755, 0.7562190240023293, 0.11010540826772004], [0.08108483235236937, 0.14546104086055045, 0.5167744452120759, 0.25667968147497705], [0.0571649642614146, 0.6941785491481821, 0.15254184764384726, 0.09611463884657633], [0.051395385485883814, 0.48965785444732945, 0.38285884190179437, 0.07608791806498177], [0.07859843019810875, 0.7032551360479496, 0.07864850261235234, 0.1394979310415802], [0.06837729507489514, 0.4418210548661232, 0.4101169081061301, 0.0796847418528539]], "ideal": "D", "sampled": "B", "correct": false}}
{"type": "result", "data": {"idx": 15, "options": ["6.1445 x 10^-27 J T-1", "3.1445 x 10^-27 J T-1", "9.1445 x 10^-27 J T-1", "1.1445 x 10^-28 J T-1"], "probs": [[0.36500525546078255, 0.20054157372954476, 0.2183148834320286, 0.21613828727762976], [0.37862627006253063, 0.18635957951329865, 0.271016728682511, 0.16399742164167494], [0.38686878990143425, 0.1618566070250058, 0.27064917921270376, 0.18062542376085855], [0.29782748405108855, 0.1372115819066462, 0.25307560131649953, 0.3118853326257811], [0.31474040138133175, 0.17088651046831613, 0.3251876615967846, 0.189185426453579], [0.30978158520075066, 0.178956798072045, 0.2147556903809696, 0.29650592624625244], [0.36321671788593357, 0.21497019321104674, 0.18650533830401472, 0.23530775049899805], [0.3512384556051609, 0.1776534383989644, 0.29601912708138, 0.17508897881449353], [0.36476495661712266, 0.1762362545482917, 0.273526746942213, 0.1854720417923682], [0.32185956817811234, 0.16039810558723155, 0.2641254818221308, 0.2536168443125243], [0.3656815342141881, 0.1821588990748522, 0.2795430053411608, 0.17261656126980024], [0.3573581191300496, 0.1901329065687127, 0.22116224596188422, 0.23134672823935157], [0.3993293742620946, 0.1913696041953526, 0.21240867348074702, 0.19689234796180555], [0.33858897808642807, 0.16350456858903087, 0.21300764929292917, 0.28489880393160083], [0.36818894781087347, 0.18645727551282096, 0.2595048414289219, 0.1858489351474008], [0.35031192958007, 0.17454326293225073, 0.22294146477858137, 0.25220334260910343], [0.3234279173695323, 0.1722228050760085, 0.2631818398325179, 0.2411674376219293], [0.33588041035955685, 0.17344345553945217, 0.2992534231710785, 0.1914227108299198], [0.3489875160324952, 0.17456813524994108, 0.31433440001128976, 0.16210994860628652], [0.3445677452482948, 0.17996994808501776, 0.19882939704903077, 0.27663290951765124], [0.38350969719434624, 0.1987448676237465, 0.24896923683364602, 0.1687761982482535], [0.3475147072640185, 0.18720634273930054, 0.2428122815357379, 0.22246666836094814], [0.35956449252692063, 0.159025449091604, 0.2726947594632129, 0.20871529881825748], [0.3504808526274306, 0.15599249399162346, 0.30236316720885664, 0.19116348607210698]], "ideal": "C", "sampled": "B", "correct": false}}
{"type": "result", "data": {"idx": 16, "options": ["I only", "II only", "III only", "I and III only"], "probs": [[0.11726063654213006, 0.14525922965872984, 0.25403780691003686, 0.4834423267890882], [0.11421920756701964, 0.13396919302266258, 0.3879440313384247, 0.363867567971901], [0.1326755894418139, 0.14498104476293644, 0.23006601837401253, 0.49227734732122586], [0.11221579087429484, 0.1271416053045627, 0.5551886977478196, 0.2054539059733126], [0.13591748701774947, 0.26644697542381224, 0.1878882102171185, 0.4097473272413069], [0.1282163770448009, 0.2307179506511983, 0.42678581642593344, 0.2142798557780639], [0.13364266484754284, 0.12317816684072573, 0.27323622609624637, 0.46994294211547755], [0.122968835359553, 0.10851122461419364, 0.40328266522527223, 0.36523727470099493], [0.1383050252455098, 0.15600086977933925, 0.21411690537789654, 0.4915771994972494], [0.11908664984136438, 0.12089333048218455, 0.465614768524487, 0.2944052510519539], [0.1610164197398687, 0.16611549477201182, 0.32409192542276494, 0.34877615996534955], [0.13361091146890205, 0.1361150281678338, 0.46085094182320896, 0.2694231184400454], [0.14206709004357376, 0.12483808173114849, 0.24550502522206763, 0.4875898029032271], [0.11046778128213747, 0.10328264269427802, 0.5482301503532633, 0.23801942557034225], [0.1345327748013265, 0.14137977734144336, 0.20506767838878184, 0.51901976936844], [0.1200155652442853, 0.11042843557578642, 0.4599628607946954, 0.30959313828522456], [0.181832877138325, 0.3027609029137332, 0.2689543854695424, 0.24645183437839882], [0.17681253965282126, 0.28193180509359717, 0.19803515657108978, 0.34322049858248266], [0.23073911291168572, 0.17340998008654393, 0.22025693261923301, 0.3755939742825249], [0.21348969353689726, 0.1648172326707648, 0.37037955436302333, 0.2513135193293091], [0.22487663396911411, 0.1468093649293432, 0.27354063779445914, 0.35477336320707686], [0.19071641962771269, 0.12398529226824348, 0.39922723441489805, 0.2860710535891577], [0.23445540377980137, 0.27684732914127885, 0.23454029350422556, 0.2541569734746792], [0.2286182061711036, 0.25463631758124766, 0.21056686602943983, 0.30617861011822367]], "ideal": "D", "sampled": "D", "correct": true}}
