{"type": "result", "data": {"idx": 0, "options": ["k = 0 and n = 1", "k = 1 and n = 0", "k = n = 1", "k > 1"], "probs": [[0.2411532782985542, 0.16643968090625252, 0.23744044006155562, 0.35496660063363267], [0.25322434988375414, 0.18166452264454488, 0.27369903140414353, 0.2914120959675655], [0.2440294852703812, 0.16775757550960965, 0.2468089306303273, 0.3414040084896832], [0.25459664612266647, 0.18408088531457045, 0.26581779341161876, 0.29550467505115086], [0.22647026638309387, 0.20210919937036534, 0.3046471949150505, 0.2667733392315013], [0.23099744287122445, 0.2195066817399984, 0.2731353205551425, 0.27636055473362275], [0.25139549709134695, 0.14496765020441765, 0.23898159348239392, 0.36465525912183056], [0.2660649991388455, 0.15826796059362827, 0.27994611218259424, 0.2957209279849223], [0.2555739516987281, 0.1650172883034818, 0.19434045283777956, 0.3850683070600347], [0.26004789797471384, 0.17189726439846642, 0.3050559954219474, 0.262998842104863], [0.24557473276183084, 0.28134690439486687, 0.2116837258771529, 0.26139463686614717], [0.23866286538579218, 0.2766768659475065, 0.23760907988798868, 0.24705118867871492], [0.22609435876587927, 0.1454091535414378, 0.26425897397792963, 0.3642375136147408], [0.22609717314880431, 0.15068161979368888, 0.30179763378504854, 0.3214235731724593], [0.22545571228854264, 0.1708374635852942, 0.22627675971038594, 0.3774300643157853], [0.21021134431703772, 0.16109349151671726, 0.342488361268674, 0.2862068027975685], [0.21775814631396176, 0.2838220713229611, 0.2101081472446875, 0.28831163501837587], [0.21199109056216123, 0.26156366839896394, 0.2863377977089155, 0.24010744322995717], [0.269925097846319, 0.20437328310007322, 0.2940091407711126, 0.23169247818252311], [0.27778193695063536, 0.21213194847315292, 0.24505326661962146, 0.2650328478565873], [0.2560108834017055, 0.2519572549611938, 0.22067336197420023, 0.27135849956289954], [0.26506386653282227, 0.25786027947624973, 0.24225465357408346, 0.23482120031683118], [0.27554277659988224, 0.24892255275673053, 0.20319139422987895, 0.27234327631351074], [0.26307938948614606, 0.2258409081362914, 0.2911784873709683, 0.21990121490659068]], "ideal": "B", "sampled": "D", "correct": false}}
{"type": "result", "data": {"idx": 1, "options": ["0", "1", "2", "3"], "probs": [[0.18376031286577904, 0.30288717837605034, 0.3128579289327191, 0.20049457972545065], [0.1311415385657813, 0.21203850259140905, 0.31105639037280536, 0.3457635683700218], [0.11859734016264399, 0.18593810844766373, 0.5357166788584208, 0.1597478724312507], [0.1359084672202682, 0.2389617448969439, 0.31062156304970523, 0.31450822473308365], [0.11216991822523983, 0.17211641699854985, 0.4920681661999068, 0.22364549847629445], [0.13044581392957225, 0.24707768142611247, 0.3539918561030614, 0.2684846484412368], [0.24302048910172797, 0.1581534514744984, 0.40405491100808383, 0.19477114831569253], [0.22129557493912336, 0.14351944252838866, 0.3497118117130313, 0.28547317071944023], [0.29215908714083516, 0.29778702252917066, 0.17511548424386747, 0.2349384059861213], [0.28670322468892473, 0.2889220714414345, 0.2621028221142039, 0.1622718816554528], [0.23651659763859628, 0.3073534471576929, 0.162641137520506, 0.29348881758319023], [0.18779989950705453, 0.2469113254450793, 0.41831014086281126, 0.14697863408505032], [0.18455102943124857, 0.13345028390617825, 0.48073510520506374, 0.20126358135749728], [0.20689572135621376, 0.1479920559463295, 0.34010785960540835, 0.30500436299204925], [0.1976858376088303, 0.4265269420534595, 0.19703424631232413, 0.17875297392538708], [0.19520564352975592, 0.4164415668766958, 0.26089209822777876, 0.1274606912657815], [0.2430301223964587, 0.2517647899999767, 0.17008165355727375, 0.33512343394629673], [0.20015970866066624, 0.20582605247583513, 0.4323236253485837, 0.16169061341490495], [0.1691022521367574, 0.11740232504737373, 0.4634240192705035, 0.25007140344536943], [0.18305439902372514, 0.13246519509610077, 0.37288247940477104, 0.3115979263753929], [0.19241394979064502, 0.3678578419328587, 0.2048278376073418, 0.23490037056914942], [0.17580734234594061, 0.3334481103892044, 0.35102283551857394, 0.13972171164626507], [0.1974403469587249, 0.2525318597115366, 0.21107896843905402, 0.33894882479066435], [0.18629019738381478, 0.2507674615589241, 0.39447251213919676, 0.16846982881805758]], "ideal": "D", "sampled": "B", "correct": false}}
{"type": "result", "data": {"idx": 2, "options": ["n = 1 and r = 6", "n = 1 and r = 7", "n = 2 and r = 5", "n = 2 and r = 6"], "probs": [[0.27656405965836245, 0.18586046758094624, 0.25187889278425896, 0.2856965798764622], [0.27836113963009207, 0.18492092065419896, 0.27082064619873425, 0.26589729341696483], [0.26510885583418614, 0.18440431234926555, 0.20322955502416382, 0.3472572766923835], [0.2827650853853291, 0.18774304778881443, 0.2806061438009352, 0.24888572292492953], [0.297652694946456, 0.18207109425923765, 0.22110829488240122, 0.29916791581191615], [0.2887138431433895, 0.17885278608934574, 0.26718188474449295, 0.26525148592276343], [0.2713058772145007, 0.18521726148455808, 0.2610686214448475, 0.2824082397560793], [0.2673316857810485, 0.18467372029578732, 0.26321271294464843, 0.28478188087850287], [0.2631884165529515, 0.215904836688934, 0.21404205049319583, 0.30686469616490464], [0.2683272500535179, 0.22178488076545427, 0.21820932046912334, 0.29167854861189796], [0.26509823254067866, 0.18231603981838612, 0.27026854333100986, 0.2823171842099261], [0.26518164560950114, 0.18030177304175987, 0.2651969059412211, 0.28931967530750774], [0.2579903570521891, 0.18095949599072134, 0.23213048693338714, 0.32891965992371885], [0.2919126693907946, 0.20003338322923322, 0.2617923943158333, 0.24626155296412502], [0.25898320856018703, 0.2091381831270298, 0.2250265919054736, 0.3068520163073233], [0.2644426385914087, 0.20612032144195258, 0.2475239828148054, 0.28191305705182207], [0.2828998512648059, 0.16269908265579625, 0.28294849816556417, 0.2714525678138141], [0.27890251755926554, 0.16092826040876443, 0.2662070537188126, 0.29396216821315624], [0.2548691598557719, 0.22863485173140605, 0.2285022829732977, 0.2879937053395183], [0.26253038830538894, 0.22733380954149487, 0.25247422294427635, 0.2576615791088336], [0.24284407127490082, 0.18857149394442033, 0.29529473635583803, 0.2732896983248454], [0.25144903623938486, 0.18846960025885015, 0.2781730031725564, 0.28190836022921356], [0.25980813540917913, 0.175147335967654, 0.3049388843210719, 0.2601056442021076], [0.2632315762809571, 0.19131821296588036, 0.25026296739180953, 0.2951872432613561]], "ideal": "D", "sampled": "A", "correct": false}}
{"type": "result", "data": {"idx": 3, "options": ["4", "8", "16", "2sqrt(2)"], "probs": [[0.22644596177440174, 0.16680891845634585, 0.25767730612237205, 0.3490678135468836], [0.2231124435327023, 0.15680687849811764, 0.3238606555020296, 0.29622002236713046], [0.22565686608370156, 0.1790970120358215, 0.2658439161032144, 0.32940220567726447], [0.21070752204966053, 0.16301300497857946, 0.2858819804534327, 0.3403974924183366], [0.24641271179976107, 0.28296531033596645, 0.17826794524434972, 0.29235403251992487], [0.21635347987026923, 0.22936457379448622, 0.20489671795502834, 0.34938522828022633], [0.136550271043801, 0.3379255196469314, 0.19976904401539486, 0.3257551651939037], [0.1339033512418767, 0.3076575734323138, 0.31741514098189494, 0.241023934243919], [0.14993951339338382, 0.19758015484689737, 0.29052685082012003, 0.3619534808395991], [0.14478382936183576, 0.18028409461659942, 0.39356989999700165, 0.28136217592455653], [0.15571502686958372, 0.32651015605193817, 0.23064726558777768, 0.28712755139069646], [0.15813734146299926, 0.3198608999506581, 0.25459899787459384, 0.2674027606117509], [0.20241808108032508, 0.23179357465091682, 0.25628865131211986, 0.30949969285662865], [0.20704769567736767, 0.23379350393258977, 0.23692080148755904, 0.3222379988024924], [0.21837462836086186, 0.21143189222843548, 0.2696540025703091, 0.30053947674041437], [0.22332215962939264, 0.21400826818510446, 0.2929801305263508, 0.2696894415591539], [0.21638660268490442, 0.2126543768920545, 0.24768828020449565, 0.3232707401185449], [0.22546116642657574, 0.2072868137734643, 0.2833172223048971, 0.28393479739505134], [0.24419910730318334, 0.2085665847396406, 0.24132285618429314, 0.30591145167290057], [0.21071313940339867, 0.17083574370426036, 0.2612237442312682, 0.35722737256105724], [0.23819921876529673, 0.1591653985699676, 0.31958735352676404, 0.28304802903796444], [0.25864462697003393, 0.16557501321392198, 0.25725912185200406, 0.3185212378640533], [0.2230897529324887, 0.15594382785952782, 0.3016538658563134, 0.3193125532516757], [0.2410604533115426, 0.1616752191036919, 0.29597893242207607, 0.3012853950626943]], "ideal": "A", "sampled": "D", "correct": false}}
{"type": "result", "data": {"idx": 4, "options": ["2/69", "1/30", "2/23", "12/125"], "probs": [[0.2518731444115947, 0.2032831936724637, 0.3115949249453272, 0.23324873687062667], [0.26021489069041925, 0.2124669612344331, 0.2931918848015402, 0.2341262631736078], [0.25197262763455797, 0.25196118036046505, 0.28812598103834197, 0.2079402108666072], [0.24837660245292237, 0.25815060224882663, 0.2516131462167449, 0.24185964898151305], [0.2401152465965072, 0.22638846234481805, 0.31473466760925034, 0.2187616233494204], [0.2335924476101842, 0.2317518491583783, 0.29336182920127446, 0.24129387393016263], [0.203395230251051, 0.2545735931049078, 0.313570667163101, 0.22846050938092174], [0.2030793686766883, 0.25619733437320585, 0.306834506788282, 0.23388879006183147], [0.19413008276990823, 0.23098477520990982, 0.35264321251835407, 0.22224192940183835], [0.21137559714669352, 0.26910853610546864, 0.26434120685458007, 0.25517465979325965], [0.19304865387205722, 0.2503262809347027, 0.3244498762025226, 0.23217518889071595], [0.1968075569388436, 0.2610312139128803, 0.30330068566542684, 0.2388605433828487], [0.26247283224278734, 0.2514473955689676, 0.271173183317919, 0.21490658877030436], [0.2525443642270004, 0.2399560553340468, 0.25974640276939326, 0.24775317756956108], [0.24399875846273136, 0.18562715230658272, 0.340475846485597, 0.2298982426451027], [0.27433167162301497, 0.2115437059258174, 0.2641541817695792, 0.24997044058160367], [0.24312802149340032, 0.20006827990288356, 0.3200621385123455, 0.23674155999137522], [0.2552073325090029, 0.2067403397427259, 0.3045473595771919, 0.23350496807108553], [0.2500530499554667, 0.2177228420838415, 0.29049454023385807, 0.2417295676268303], [0.23950537102882177, 0.20842059384669756, 0.3066840615228173, 0.24538997350166414], [0.23952084097934348, 0.2097734586260672, 0.31647498904759086, 0.2342307112469876], [0.2554957289888291, 0.22560979678018428, 0.27566048403336574, 0.24323399009762192], [0.2284922952833584, 0.20807013491864357, 0.3301819478799242, 0.23325562181804957], [0.24630312842207516, 0.22866314656307932, 0.2915963913874124, 0.23343733352743112]], "ideal": "C", "sampled": "A", "correct": false}}
{"type": "result", "data": {"idx": 5, "options": ["(S, +, x) is closed under addition modulo 10.", "(S, +, x) is closed under multiplication modulo 10.", "(S, +, x) has an identity under addition modulo 10.", "(S, +, x) has no identity under multiplication modulo 10."], "probs": [[0.20864247336662198, 0.2657741305423521, 0.2764858989893, 0.24909749700171605], [0.21068852041032812, 0.2434581999297804, 0.32905200581710226, 0.2168012737427863], [0.2175955685638756, 0.2859942737722256, 0.2635911394338659, 0.23281901813002703], [0.21535890764704288, 0.2775636568332187, 0.2479730045256274, 0.2591044308941012], [0.20161075001035525, 0.27446209795254006, 0.3351670251709302, 0.1887601267661867], [0.21060577015419277, 0.28109506109630567, 0.2802749191736889, 0.2280242494758148], [0.2125387789455494, 0.2914385387059536, 0.2730220461669945, 0.22300063608150206], [0.19995689801142869, 0.2578289194879683, 0.3063119590492019, 0.2359022233514106], [0.21086350335289827, 0.24928381515170597, 0.3614539982015262, 0.17839868319387298], [0.1988534727292267, 0.22878707600834733, 0.3369451023797701, 0.23541434878264578], [0.19351251863585398, 0.3174650855318689, 0.25444411065177075, 0.23457828508051198], [0.20521974902028364, 0.34623575511755383, 0.20922819125892633, 0.23931630450323246], [0.22358221151449864, 0.28793647778378795, 0.24747980239347828, 0.2410015082082354], [0.21843568117884693, 0.2653011595228493, 0.2951381703066598, 0.22112498889164603], [0.20838560506553144, 0.2747403339300218, 0.3202402426138121, 0.19663381829063759], [0.20940673042092403, 0.256486635697554, 0.3144608083578122, 0.21964582542371006], [0.2164816310509789, 0.32601329277442287, 0.24910327434690394, 0.20840180172769057], [0.2129414238156789, 0.31950010223806646, 0.2432004744703997, 0.22435799937586623], [0.21548750102152134, 0.23930001070478865, 0.34968660217991604, 0.19552588599377507], [0.23311700201409005, 0.23491880897161269, 0.31012159570798076, 0.2218425932062989], [0.2210400335458243, 0.28269344468955143, 0.24653353929368987, 0.24973298237093855], [0.23524356801576854, 0.30304871357755125, 0.2625193733493625, 0.19918834495730808], [0.2337175017312305, 0.2774995422504864, 0.2636925558919756, 0.22509040002631667], [0.2355881477515725, 0.2795103918416682, 0.270105635387747, 0.2147958249190062]], "ideal": "D", "sampled": "D", "correct": true}}
{"type": "result", "data": {"idx": 6, "options": ["12*sqrt(2)", "6*sqrt(2)", "4*sqrt(2)", "1/(2*sqrt(2))"], "probs": [[0.19260449177617117, 0.22245888176844633, 0.3043286290383568, 0.2806079973170302], [0.1930989889857264, 0.20961193851252857, 0.26188784543205856, 0.335401226969686], [0.188416954899493, 0.2068656969508649, 0.3280691651115691, 0.2766481829380993], [0.19586547086237013, 0.2044074488476427, 0.2838374939558792, 0.315889586234081], [0.19284148733333853, 0.2068784503970001, 0.24764767272676602, 0.35263238944290676], [0.21211505697374194, 0.2292967451593093, 0.26829657875027074, 0.2902916190166846], [0.19719236704116352, 0.19030895023487035, 0.3448632352715514, 0.2676354473524108], [0.19591141313739716, 0.17984927798703684, 0.26897829673063317, 0.35526101204493066], [0.21012671504294161, 0.21596824372907444, 0.28961031836796924, 0.28429472276001816], [0.22067638321058686, 0.2040931832683187, 0.31887196664055034, 0.2563584667805484], [0.1801583800321043, 0.18440330874635005, 0.19934902506763388, 0.4360892860538976], [0.22546679004386994, 0.23711681347816735, 0.2763791995809935, 0.2610371967969738], [0.18667918520092017, 0.1646912911333463, 0.3787304127024408, 0.2698991108632928], [0.19150989593115558, 0.1650242159391828, 0.2795489733271032, 0.3639169147025593], [0.2010316896339221, 0.18667575670471995, 0.32389620169059513, 0.28839635187078083], [0.2145804840522524, 0.17791253939497892, 0.3326561870803539, 0.27485078937240925], [0.17403104691538243, 0.17335443434600076, 0.1933323860246152, 0.45928213261400447], [0.22165315412545447, 0.24420951641924152, 0.2502375796708652, 0.2838997496844407], [0.18005026777483496, 0.17508071937469674, 0.3260433905157093, 0.31882562223474076], [0.1803799369165912, 0.18824737567402508, 0.3450783930666381, 0.2862942942427625], [0.17424825822478152, 0.19133896600305905, 0.24871361927892155, 0.3856991563932384], [0.186034201295025, 0.21899131922135676, 0.30540259432493794, 0.28957188505867004], [0.17587818918705328, 0.17924831074857944, 0.2558850753479146, 0.38898842461644334], [0.18305891192540183, 0.20733887467115825, 0.29039058611482954, 0.31921162718860685]], "ideal": "C", "sampled": "C", "correct": true}}
{"type": "result", "data": {"idx": 7, "options": ["0", "10%", "25%", "50%"], "probs": [[0.16033838780131596, 0.14102973744395203, 0.30449657679496933, 0.39413529785974993], [0.15312410595253168, 0.14555987868316161, 0.33004806313573265, 0.37126795212857827], [0.15337276716470996, 0.17118429359810483, 0.15407292303040077, 0.5213700161067617], [0.177019936823056, 0.24423273729246042, 0.3516210903058195, 0.22712623547865307], [0.16327545504970295, 0.21551942393258594, 0.20030867771498004, 0.42089644320273967], [0.17702480811142945, 0.2717930155060945, 0.3108877922938814, 0.24029438398858033], [0.1671213059495773, 0.12280410647487712, 0.28792900471881594, 0.42214558275673514], [0.16606254623412892, 0.12155408187739276, 0.34499614732701706, 0.3673872244614666], [0.1672881049437926, 0.21579796442029028, 0.15246371391744848, 0.4644502166184622], [0.1981349291484061, 0.2431601116052958, 0.35566895036859936, 0.20303600877770547], [0.18686773575130403, 0.2926940898034478, 0.19218877902042225, 0.32824939532484354], [0.19598065201558781, 0.27086578419788804, 0.3495854075323364, 0.18356815615416894], [0.18284773670142118, 0.1158508061689173, 0.16277583779106752, 0.538525619238592], [0.19892339818926963, 0.13004472330319722, 0.46312567342580385, 0.20790620498173826], [0.18301490572207157, 0.1420473704124943, 0.15302075775317853, 0.5219169660122345], [0.19374972880910418, 0.1366075119262315, 0.49517183568276574, 0.17447092348190948], [0.23107368386625188, 0.3220164932443491, 0.22777274020859856, 0.21913708258082099], [0.23475980698303073, 0.30603676790044215, 0.26952342808678836, 0.18967999692975437], [0.21347986149378154, 0.11894677105888232, 0.2095794904844338, 0.4579938768628941], [0.25236780808549225, 0.13683784829017215, 0.36769174711470276, 0.24310259640961968], [0.2490738479602553, 0.19256999074783443, 0.2133201834159002, 0.34503597777599554], [0.23566574973552595, 0.157017203802411, 0.42064076720407334, 0.1866762791579952], [0.2535653407888837, 0.28298375455148106, 0.23032707367418584, 0.2331238308854285], [0.24884129894096355, 0.24109945943947375, 0.2901740244686884, 0.21988521705087544]], "ideal": "C", "sampled": "D", "correct": false}}
{"type": "result", "data": {"idx": 8, "options": ["None", "I only", "II only", "III only"], "probs": [[0.16738969719728417, 0.2160194515940791, 0.3131197085091445, 0.30347114259949964], [0.16211127041477733, 0.20290852136810733, 0.3180336192429661, 0.3169465888741638], [0.17315719139159336, 0.20678985632161065, 0.2882500127860486, 0.33180293940074834], [0.16249019554797478, 0.1918098094231175, 0.29823794319623653, 0.3474620517326766], [0.17646079861815986, 0.20664419554136704, 0.2747994993677446, 0.34209550637272423], [0.17840239583762138, 0.2040425411485263, 0.2661600674754334, 0.35139499543841746], [0.2328330708045597, 0.1273678543422552, 0.36822200569585806, 0.2715770690573245], [0.23268630169277305, 0.12337181191459709, 0.3797250711259713, 0.2642168151666641], [0.23928626598945793, 0.1986918468619446, 0.20487167357252026, 0.35715021347608467], [0.26846646240655064, 0.21278468486744742, 0.3331790060579215, 0.18556984656808628], [0.25643135120196037, 0.1985592056116862, 0.18420801615891602, 0.36080142692741873], [0.28591174711393424, 0.20548723366884583, 0.30706206009295206, 0.20153895902424207], [0.22970225730852642, 0.12278052117449482, 0.34268996083737663, 0.30482726057959225], [0.21501855258873648, 0.11903431039377162, 0.3620582427597465, 0.30388889415772574], [0.22807769649193008, 0.17599072210334138, 0.21455905990660304, 0.3813725213981197], [0.25825743480096436, 0.1842289110535937, 0.3535583638854822, 0.20395529015995195], [0.25767789009250336, 0.1940790728535381, 0.20485501714853052, 0.3433880198054112], [0.26505137677645235, 0.2020698533592194, 0.2985652640063828, 0.23431350575795012], [0.23721677522485252, 0.12626490169155127, 0.33375145110238985, 0.3027668718812227], [0.24344275540818444, 0.13006260568267855, 0.32174111628588453, 0.3047535225232649], [0.23650744066898313, 0.1824065352967319, 0.19639518051938823, 0.3846908434148854], [0.26900329921411686, 0.1860063352489459, 0.31988189677172, 0.22510846866521708], [0.2637297040603469, 0.1815071481005982, 0.20883091246383267, 0.34593223527523426], [0.2665784068038101, 0.18283950268077606, 0.30251821906047976, 0.2480638713549191]], "ideal": "C", "sampled": "D", "correct": false}}
{"type": "result", "data": {"idx": 9, "options": ["Every compact space is complete", "Every complete space is compact", "Neither (a) nor (b).", " Both (a) and (b)."], "probs": [[0.15297349664437193, 0.30576963050176287, 0.24824592015429564, 0.29301095259958115], [0.12450326639984557, 0.25776878691181426, 0.3267718957072733, 0.29095605088105725], [0.14002469923214655, 0.12252828730005957, 0.38698473697154984, 0.3504622763962478], [0.14690722754108954, 0.15497980780473328, 0.3934234864055026, 0.30468947814867203], [0.11911250329077921, 0.23817636042322674, 0.3211981834630913, 0.3215129527228847], [0.13941897512103057, 0.28202840310959676, 0.27950846993290646, 0.29904415173645327], [0.12374937112653657, 0.4578270852098962, 0.1730296679201987, 0.24539387564336348], [0.10210912363261035, 0.40401952160677446, 0.24577231226837964, 0.24809904239224562], [0.0895489223637327, 0.0902050352761218, 0.5594812129900192, 0.26076482927012856], [0.10833417975406308, 0.135585461201039, 0.3182630365640579, 0.4378173223808346], [0.08170280740674289, 0.1442431900672349, 0.49086058289184437, 0.28319341953417654], [0.10474166848806016, 0.2331642610552712, 0.2213223684898966, 0.44077170186677106], [0.11173799451186152, 0.146095624183408, 0.34819113773473154, 0.39397524346999874], [0.0991822936682353, 0.13159016462473885, 0.4655175865993305, 0.3037099550077038], [0.0912566314866865, 0.10068427688266042, 0.4631545412287174, 0.3449045503019194], [0.09092838382596585, 0.10300311083310737, 0.40178953373390325, 0.40427897150700953], [0.1269998864915046, 0.3120314125527123, 0.27521108784397286, 0.28575761301180275], [0.1272893226887196, 0.3108867442748405, 0.18304757878971262, 0.3787763541467183], [0.1871432071997664, 0.1741487270899241, 0.3765881956576161, 0.26211986995271025], [0.22600624507755018, 0.2094788564809934, 0.26441818897081143, 0.30009670937063787], [0.14127532393791623, 0.1264919722325668, 0.49534241449464583, 0.23689028923487454], [0.21352518628297687, 0.1581380580330459, 0.1992029592999239, 0.42913379628407033], [0.28297857523582426, 0.16686839089150915, 0.2770041040829883, 0.2731489296896673], [0.2839985769361633, 0.16551084776729835, 0.18876679480363767, 0.3617237803928899]], "ideal": "A", "sampled": "A", "correct": true}}
{"type": "result", "data": {"idx": 10, "options": ["10", "20", "25", "45"], "probs": [[0.2636950978674549, 0.17497051906129601, 0.3085509214952953, 0.2527834614759522], [0.22638730911485144, 0.15086479517165205, 0.3428131131830966, 0.2799347824304064], [0.23803724683474178, 0.20615135342877514, 0.3494368912060802, 0.20637450843040503], [0.24294455646240942, 0.20788563452919592, 0.27453697717775843, 0.27463283173062547], [0.2649867242192999, 0.1765975729608388, 0.3475901453881561, 0.21082555733170058], [0.249788124608041, 0.17035542374204385, 0.3287390250615164, 0.25111742648840774], [0.3173082562671313, 0.28210376224226386, 0.22170810272436375, 0.17887987866623406], [0.29459136698954963, 0.25598055316125984, 0.20275410672162641, 0.24667397302754712], [0.29474845544067696, 0.20029541306721124, 0.31056898006908973, 0.19438715132303394], [0.25098450164395075, 0.17265355267705862, 0.31276442533829685, 0.2635975202406865], [0.2947942451196148, 0.16742637271147023, 0.3032936702726572, 0.2344857117962545], [0.26126285707177477, 0.14490473533605355, 0.34907174270846153, 0.24476066478371417], [0.2776669649830025, 0.22071153397365897, 0.31773122419790034, 0.18389027674543718], [0.2756765003598243, 0.2277675665783342, 0.21921497107290175, 0.2773409618889504], [0.2913182560461906, 0.19257342813118478, 0.32551944830486745, 0.19058886741777095], [0.2700347883532211, 0.18570729695861746, 0.27159206425505517, 0.272665850333111], [0.28966015828690655, 0.18284248479415796, 0.23494156025437418, 0.2925557965645515], [0.2605723442198544, 0.14674875941331236, 0.3388157753206388, 0.2538631209461784], [0.2539627207499908, 0.18955418718784348, 0.3266036802029107, 0.22987941175924836], [0.24718617946052798, 0.1794940617403399, 0.3106340568215015, 0.26268570187764945], [0.21983510403880233, 0.21986490824424426, 0.3341380468469302, 0.22616194077001686], [0.21309202591983925, 0.20897568891420237, 0.31647610077557375, 0.26145618429038364], [0.22605904006459496, 0.22781562355720725, 0.2895787966159881, 0.25654653966221447], [0.211272881500094, 0.20092581176409624, 0.3150554573533238, 0.2727458492824773]], "ideal": "D", "sampled": "B", "correct": false}}
{"type": "result", "data": {"idx": 11, "options": ["1/64", "15/64", "1/4", "3/8"], "probs": [[0.2255833084722226, 0.26376298059955167, 0.30974664676484837, 0.20090706406336417], [0.22908357031973733, 0.2688367563504289, 0.26902893895344915, 0.23305073427637563], [0.21033449777932292, 0.24508733023420207, 0.34584241405955496, 0.19873575782693104], [0.22171909883787427, 0.2815257726270024, 0.25945859600477655, 0.23729653243035062], [0.20616118656839527, 0.1826163575147002, 0.385461676528365, 0.22576077928854843], [0.22394340641080435, 0.21714267047768315, 0.31361012623464346, 0.24530379677687128], [0.2953048776267301, 0.18931194295877007, 0.3014522842545093, 0.2139308950599901], [0.29628935466708234, 0.18992216451376578, 0.28627199060116315, 0.2275164901179747], [0.28179875376964836, 0.27398471902400917, 0.2449414757733606, 0.19927505133298667], [0.2756747915877418, 0.24904408392881933, 0.3065192067414162, 0.16876191764202514], [0.30433667128260156, 0.25639861569594197, 0.21265135476230965, 0.22661335815913847], [0.2833004403015653, 0.2148536648599678, 0.31638038186101686, 0.1854655128774404], [0.22649386481127437, 0.19157989257340907, 0.3524597531751592, 0.2294664893401486], [0.24545253603291273, 0.2226264571130578, 0.29741214146710004, 0.23450886528692053], [0.24421590886331812, 0.26098967177189347, 0.28564195166191514, 0.20915246760288572], [0.24703837568339673, 0.25976511088592347, 0.30645778096841975, 0.1867387323622604], [0.2582415539009988, 0.2936805933339169, 0.20434620102247494, 0.24373165164263086], [0.24783218941144722, 0.2648357002426021, 0.2640380870750563, 0.22329402317091132], [0.23674758669161927, 0.17528806949060227, 0.33283528674402213, 0.25512905697375826], [0.24680016160920706, 0.18777971540545896, 0.3324007995538573, 0.23301932333148526], [0.2582752313965035, 0.22785182484763314, 0.2728928839506996, 0.24098005970517863], [0.2485759012366725, 0.2134997573530927, 0.3307886462832405, 0.20713569502697995], [0.25906901303293456, 0.2769173247952691, 0.2183573505916645, 0.24565631148011946], [0.25291246937062356, 0.2548701294575986, 0.2714393104835905, 0.2207780905881871]], "ideal": "B", "sampled": "B", "correct": true}}
{"type": "result", "data": {"idx": 12, "options": ["0", "1", "2", "3"], "probs": [[0.22039777220171458, 0.28296873737918077, 0.2303303943204468, 0.2663030959986496], [0.18541850749880426, 0.2514163721451531, 0.2557514413813688, 0.3074136788746705], [0.18141769979078998, 0.27762751359139426, 0.288841204963006, 0.25211358155478714], [0.18609649274635529, 0.28166460111923286, 0.23538195179563676, 0.2968569542387934], [0.18505154981427177, 0.29563979295096204, 0.2589188219810379, 0.2603898351537303], [0.1866359924766705, 0.30053614627324937, 0.2643131893347582, 0.2485146718153192], [0.22480933245761256, 0.3169329542395732, 0.22053296302320954, 0.2377247501796025], [0.21358138703166948, 0.30326849186800703, 0.22127685142104625, 0.2618732695792645], [0.19961261793450993, 0.21331237157551586, 0.329420173826447, 0.25765483656352733], [0.2370132540422456, 0.22982773979555252, 0.20850031146507783, 0.3246586945971266], [0.2102216205143342, 0.23722386825548739, 0.2885202960563969, 0.2640342150737951], [0.2133978308623483, 0.24750315143007148, 0.26892827648490336, 0.2701707411226908], [0.20605827240614813, 0.33814410864792094, 0.22205893044594505, 0.23373868839998496], [0.2152201397695286, 0.3398476493215977, 0.19686162724884335, 0.24807058356003264], [0.21561487812578656, 0.2580174311679519, 0.2846270031819186, 0.24174068742434063], [0.23176881462877125, 0.28616855100229455, 0.21696993654568128, 0.26509269772324323], [0.2168584384960834, 0.21429157266669835, 0.3059696439079655, 0.2628803448292507], [0.22840809066991016, 0.22218380213787997, 0.2932977473176328, 0.2561103597745557], [0.21730600013513585, 0.33005737942162916, 0.2107994670215546, 0.24183715332168995], [0.21900681537127356, 0.3185696279977234, 0.2225471771882211, 0.23987637934279302], [0.21854750993322303, 0.255567380984385, 0.2689561318288284, 0.25692897715356455], [0.23247949644823837, 0.28149532707465486, 0.22636753764663708, 0.259657638730472], [0.22632749699421947, 0.23170217764259113, 0.28408529120501397, 0.2578850340581974], [0.2531684140426194, 0.25806692345992815, 0.23518996653214244, 0.2535746958653059]], "ideal": "A", "sampled": "A", "correct": true}}
{"type": "result", "data": {"idx": 13, "options": ["4", "7", "10", "13"], "probs": [[0.23346171570688543, 0.24561460814843505, 0.3397340140209279, 0.18118966202374392], [0.21982470700857176, 0.22330806237674347, 0.33939066547002394, 0.2174765650446728], [0.22343663610940595, 0.208929550170993, 0.38449583050646674, 0.18313798311313742], [0.2184097187660547, 0.19487626179147063, 0.39844636354578944, 0.1882676557966726], [0.22267215837688373, 0.2278542120735703, 0.34896722479261955, 0.20050640465693514], [0.2217879113574372, 0.22966080845310807, 0.3503944552791017, 0.19815682481037325], [0.22065137773468696, 0.3245801685105094, 0.28347206906740174, 0.17129638458739616], [0.216327036625984, 0.30132442591288006, 0.2890495842849325, 0.19329895307620265], [0.21835184056082987, 0.22255388592781078, 0.37724457226072333, 0.1818497011506209], [0.23098574623036433, 0.22040307969890283, 0.36072330619608634, 0.18788786777464891], [0.22426208621557464, 0.223333086181578, 0.35972445144994347, 0.19268037605291652], [0.22438569237225048, 0.21661035888903202, 0.3744046205360163, 0.18459932810271312], [0.20139888409541112, 0.3178983460697477, 0.3083590262329305, 0.17234374350192866], [0.2030247556764472, 0.31407164286008543, 0.30231580470457664, 0.18058779665887537], [0.19767018711310272, 0.26792394874583975, 0.36652498312729487, 0.1678808809137407], [0.21373166805822408, 0.30006465458750825, 0.2990533533800557, 0.18715032387421898], [0.2118076003818564, 0.23154558756487797, 0.35048422249797606, 0.20616258945528582], [0.217254460879774, 0.22941305757187008, 0.3418409818075463, 0.21149149964082364], [0.21703298272886484, 0.28173648123964967, 0.3183760357447731, 0.1828545001867271], [0.22048631390529808, 0.29423542283100335, 0.3003154197787147, 0.18496284338498645], [0.20948196007847478, 0.24573390473619525, 0.36764989535386494, 0.17713423973146197], [0.22344322691444654, 0.26517669542097244, 0.3316660292143553, 0.17971404835021837], [0.21305576437223966, 0.2340229398066936, 0.36107711280626836, 0.19184418291478736], [0.21849247532348998, 0.22455625418519326, 0.35071270138366023, 0.20623856900766704]], "ideal": "B", "sampled": "A", "correct": false}}
{"type": "result", "data": {"idx": 14, "options": ["0.64", "0.72", "0.81", "0.95"], "probs": [[0.26695229307696083, 0.18014067966670216, 0.23133261280534542, 0.321574414350969], [0.2621900233236375, 0.17751559117967383, 0.249373348728774, 0.3109210366679388], [0.26036809216487694, 0.1782088125624751, 0.2596412932183312, 0.3017818019543031], [0.2737604093674961, 0.18845391635504208, 0.24197193895567248, 0.29581373522178894], [0.25123115832933063, 0.19394349709491307, 0.28160426045438947, 0.27322108402137935], [0.25366234169910684, 0.19208770164560598, 0.2823059449713231, 0.27194401158397075], [0.2649621348214134, 0.19944729225096938, 0.241478731551667, 0.2941118412759578], [0.25883427141164705, 0.19626713200393828, 0.2542212304525958, 0.29067736603182665], [0.2465921322277418, 0.16538751900614007, 0.2967228289524244, 0.2912975197136788], [0.2659259756940432, 0.1801448485422514, 0.2433472021939281, 0.31058197346979394], [0.23843879984969368, 0.1862647997337904, 0.3054429518086557, 0.2698534485078567], [0.2467374365789793, 0.19077651105036766, 0.28873876792190023, 0.27374728434875145], [0.2554227092907285, 0.20618001232891767, 0.234500499441325, 0.3038967788390332], [0.25854885743288436, 0.20797154407256105, 0.25196597378915747, 0.2815136246054166], [0.2605853453116684, 0.17707943412080837, 0.26184707508297644, 0.3004881453845453], [0.2618035615838143, 0.18295466844906044, 0.25204187175855053, 0.3031998981085662], [0.24396862236217026, 0.17160544399590622, 0.3040265457090608, 0.2803993878328511], [0.2608825877380953, 0.18668401456044195, 0.266318754510258, 0.2861146430911831], [0.22193164296019696, 0.25060408846299215, 0.24197493417820082, 0.28548933429860096], [0.22213003952892238, 0.24320585897910682, 0.2681194973233353, 0.26654460406864183], [0.2193555831689824, 0.21522712705367258, 0.28973674771272556, 0.27568054196461944], [0.22768422576349892, 0.22868899831379444, 0.2684249629677687, 0.2752018128549303], [0.22850233320511168, 0.1994479592459541, 0.28802765827047716, 0.2840220491784645], [0.2278717843716129, 0.2021092722813234, 0.2637248362044031, 0.3062941070426682]], "ideal": "D", "sampled": "A", "correct": false}}
{"type": "result", "data": {"idx": 15, "options": ["I only", "II only", "III only", "I and II only"], "probs": [[0.1939372843703661, 0.19795541291479332, 0.23123860109405708, 0.37686870152078794], [0.22096948717414008, 0.2087105725657214, 0.33580059922542577, 0.2345193409347018], [0.20679141562689018, 0.17296976134090958, 0.2485153434131425, 0.3717234795190561], [0.19084384409395766, 0.15849136852486156, 0.2735507902599414, 0.3771139970212422], [0.18883179564309455, 0.24643392460340238, 0.34207625676899334, 0.2226580228845284], [0.20654240410614988, 0.2770839422759945, 0.20982452591197573, 0.3065491276058783], [0.1811072774736672, 0.18280975417174128, 0.24017654251762985, 0.3959064257369518], [0.19269283445096322, 0.1834850791069223, 0.37319640918607366, 0.2506256771560301], [0.17817073384125426, 0.16565704155220104, 0.26052285590553875, 0.39564936860099786], [0.17676481104442948, 0.1513763261262387, 0.31039122657523244, 0.36146763615410404], [0.18183244421199185, 0.18499258721208067, 0.4101185613524057, 0.22305640712351724], [0.19982850734070184, 0.2170793506144478, 0.19603096594272992, 0.3870611760021076], [0.1726985997959865, 0.1757219578595142, 0.2740354581448649, 0.3775439840996274], [0.15788204178622386, 0.1580822521023741, 0.3093840481644611, 0.3746516578469716], [0.17499854572209042, 0.17446738306716944, 0.2681150782219364, 0.3824189928888101], [0.16895712201028923, 0.15885724855772607, 0.29102340486129386, 0.3811622244706957], [0.16580075948976672, 0.16722775414733365, 0.4027891475533116, 0.2641823387096006], [0.15411415229477862, 0.15857877640540008, 0.38765999821639185, 0.29964707298345084], [0.21032918923775293, 0.2765762027792471, 0.2650433720770523, 0.248051235805939], [0.22085817019958806, 0.2849231564151756, 0.22445966801796857, 0.2697590052672692], [0.20272675078606045, 0.24667786915766932, 0.31433260787225303, 0.236262772084017], [0.21461577236115112, 0.2540469673541957, 0.20247403562520627, 0.32886322455943096], [0.21809589659486514, 0.15673064541481185, 0.37878543664698644, 0.24638802124333167], [0.20429046254029923, 0.153819452872447, 0.33981165331320096, 0.30207843117406]], "ideal": "D", "sampled": "D", "correct": true}}
{"type": "result", "data": {"idx": 16, "options": ["I only", "II only", "III only", "I and II only"], "probs": [[0.21481095815374174, 0.15134931792385106, 0.3376396316423254, 0.29620009218009324], [0.22186443197351033, 0.1521496977625118, 0.33410057160442647, 0.2918852985595505], [0.23652137502975543, 0.1534460263534514, 0.2709215535650444, 0.3391110449517427], [0.21747566147021996, 0.14343281082644355, 0.29252509663576326, 0.34656643096757506], [0.21461631363918368, 0.18958189990537322, 0.32967524968416706, 0.26612653667128183], [0.22322966868864197, 0.1911055095750758, 0.3245848574650448, 0.26107996417123264], [0.1959464484388144, 0.1441226219935541, 0.346533699945521, 0.31339722952213034], [0.18706887836423558, 0.13816249934254263, 0.36349714600291455, 0.31127147619032075], [0.19085750412560681, 0.14416326817204286, 0.34000775293523083, 0.32497147466712467], [0.18701249154668928, 0.13696897731836707, 0.3192743017732555, 0.35674422926168164], [0.18007793461875016, 0.1210566570955198, 0.4506351977622378, 0.24823021042349175], [0.20611266203803807, 0.1428581647468916, 0.28475587595379254, 0.366273297161267], [0.21399792561134054, 0.14843885979846216, 0.2844353309761923, 0.353127883513999], [0.18354823296013517, 0.13594846221661308, 0.34126797939425235, 0.3392353253290044], [0.20149703094789378, 0.12330958265453155, 0.3321368209690872, 0.3430565653285033], [0.19300700032354043, 0.12046874305901577, 0.3023565420550287, 0.3841677144624166], [0.18659081598627034, 0.1201938320913877, 0.4337734750164528, 0.2594418768058952], [0.1871665532237888, 0.12476196424913549, 0.371986728620892, 0.31608475380616924], [0.22026089126913817, 0.2096313687285374, 0.26981192708595564, 0.3002958128163745], [0.2224785501879281, 0.20436380519635874, 0.32368074910008815, 0.24947689541564508], [0.2040287157608805, 0.1449597662311108, 0.3594927437745007, 0.2915187741335124], [0.21939750980230832, 0.1601015942724357, 0.30451252570426046, 0.31598837012100556], [0.211571169230725, 0.14168574324830902, 0.4000024794009067, 0.24674060802006378], [0.21369683505859546, 0.14702183936886012, 0.33741821374224973, 0.3018631117302914]], "ideal": "B", "sampled": "A", "correct": false}}
{"type": "result", "data": {"idx": 17, "options": ["-1/4", "-1/(4sqrt(2))", "0", "sqrt(2)"], "probs": [[0.2075465849556965, 0.23155580180686153, 0.33696927267033744, 0.22392834046709859], [0.20763927802024273, 0.2523618188459415, 0.21420835129570476, 0.32579055173809396], [0.17300802088214995, 0.24487754999346437, 0.36902050979261775, 0.21309391923175577], [0.17560195216959024, 0.24860869707856814, 0.27199011982679205, 0.3037992308250488], [0.1953699398755119, 0.17043961727582532, 0.3415124703723263, 0.2926779723763371], [0.2025213733897068, 0.16998077094672964, 0.33791038111880045, 0.28958747444477245], [0.2385366634865665, 0.21469696664148094, 0.32228550610720563, 0.22448086366476003], [0.2367729768284065, 0.23313616236734247, 0.20720639527960158, 0.32288446542465005], [0.21213969444780106, 0.22057601195692994, 0.34977980497263755, 0.2175044885226244], [0.22915561919982613, 0.24577637936403773, 0.2536194287248224, 0.2714485726113073], [0.23619608351248045, 0.16365391041582533, 0.30562513079558307, 0.2945248751761158], [0.2632196787019434, 0.18181653465275202, 0.296155514944472, 0.25880827160083913], [0.17846576155980637, 0.2596691089948435, 0.3307059426895555, 0.2311591866557818], [0.18573226378533164, 0.2702998621091561, 0.23114148468096335, 0.3128263893245415], [0.19083328246326303, 0.3002719256461707, 0.2755945751886907, 0.23330021660189842], [0.19051018313951576, 0.3128058404428994, 0.22977316183464375, 0.26691081448293813], [0.17679278734475284, 0.20357122076986114, 0.30775122005366745, 0.31188477173171064], [0.17177465039549777, 0.20476871251011275, 0.36631277165532944, 0.25714386533905487], [0.1784166816290952, 0.21271045290102644, 0.32689253254522604, 0.28198033282465473], [0.19218363115070639, 0.230041038631147, 0.27968317221661, 0.29809215790154325], [0.19816307126701843, 0.24652262259539626, 0.24549564365857948, 0.3098186623790183], [0.2241396412885348, 0.2842367007877459, 0.24896344909754908, 0.2426602087261562], [0.17260822080710841, 0.20177741107349725, 0.31989870613481636, 0.3057156618845645], [0.17122071594884725, 0.1970536940904511, 0.39648167267715917, 0.23524391718355783]], "ideal": "C", "sampled": "B", "correct": false}}
