{"type": "result", "data": {"idx": 0, "options": ["the matrix, if stored directly, is large and can be clumsy to manage", "it is not capable of expressing complex protection requirements", "deciding whether a process has access to a resource is undecidable", "there is no way to express who has rights to change the access matrix itself"], "probs": [[0.7840036083524984, 0.11442106448997617, 0.054451760952219826, 0.047123566105313194], [0.7030872266310683, 0.11678116061892933, 0.04201777555702689, 0.13811383709296132], [0.7601642283297848, 0.1092564028452972, 0.0707568318261791, 0.05982253689873832], [0.6604269078550375, 0.11092747270185876, 0.04151889291437214, 0.18712672642874068], [0.731727712674349, 0.09389316706470317, 0.06032102081491173, 0.114058099346054], [0.7455274872651941, 0.0895561030201142, 0.03929674711655013, 0.12561966249814913], [0.238131913864921, 0.4829622660436862, 0.1929184088965742, 0.08598741109482114], [0.2355873160097304, 0.416622675002313, 0.06124176382315668, 0.28654824506478094], [0.18138309497891228, 0.2338569667390579, 0.4595360695877091, 0.12522386859433693], [0.2723611265677374, 0.435193364819266, 0.06298002888411444, 0.22946547962886138], [0.2645716248755167, 0.12031135216828472, 0.2764101797180142, 0.33870684313817934], [0.34879699400569886, 0.14045236712894354, 0.22263423367334897, 0.288116405092022], [0.3409833985616276, 0.3671506730603681, 0.21174274861568057, 0.0801231796623096], [0.28385052214067336, 0.37598722597018447, 0.05291357977515748, 0.28724867201399956], [0.35711612045971713, 0.13567847221693285, 0.4031480443527382, 0.10405736287061289], [0.5032304611314482, 0.20434186951270863, 0.07058089170418241, 0.2218467775516568], [0.39062584186088906, 0.09396664394434925, 0.12734653160980258, 0.38806098248496096], [0.37909811585336217, 0.0901404897920231, 0.36307626575350754, 0.1676851285011094], [0.16739543982954605, 0.30324769430746407, 0.2949406815375563, 0.23441618422542165], [0.1481667045594103, 0.44582008352370783, 0.09952319917830166, 0.30649001263858283], [0.13966218958514215, 0.18005832767815808, 0.41209463951904207, 0.26818484311764784], [0.1833755951681033, 0.3268983741177434, 0.2476914919442083, 0.24203453866994923], [0.13424231370281245, 0.1363525403874811, 0.41972771110585544, 0.30967743470386305], [0.18180881865531115, 0.15559836399164537, 0.4696934837570129, 0.19289933349603272]], "ideal": "A", "sampled": "A", "correct": true}}
{"type": "result", "data": {"idx": 1, "options": ["{-6,-2, -1, 1, 2, 6}", "{-6, -2, -1, 0, 1, 2, 6}", "{-6, -3, -2, -1, 1, 2, 3, 6}", "{-6, -3, -2, -1, 0, 1, 2, 3, 6}"], "probs": [[0.16561345050643939, 0.305654085101851, 0.3385212949904836, 0.19021116930122958], [0.16857174732052935, 0.3222772857546692, 0.3554330319368221, 0.15371793488798993], [0.15046570241030688, 0.33090953821249003, 0.3538012894553959, 0.16482346982181245], [0.14735892968149258, 0.34657464548062344, 0.2701384083929793, 0.23592801634490684], [0.1356424954875417, 0.30543462605341154, 0.40971551344331414, 0.14920736491573405], [0.13769218883627343, 0.3933527119191457, 0.2571778160261163, 0.21177728311846475], [0.1917738186225453, 0.2083089715586568, 0.3904379201713983, 0.20947928954738596], [0.19055700381141535, 0.20694463052455978, 0.42598387983901087, 0.176514485725013], [0.17681138410194322, 0.25236426090391245, 0.35458597237398737, 0.21623838252015767], [0.19177662764845047, 0.29242885836667293, 0.35826047638447245, 0.1575340375003876], [0.17301922190374747, 0.26487583108379953, 0.33866721971300684, 0.22343772719945537], [0.20193221048202822, 0.34068132828912295, 0.2836429701969003, 0.17374349093194505], [0.17424030371326174, 0.23735587977528377, 0.3506550170097302, 0.23774879940172286], [0.1729446803669999, 0.2546385827774975, 0.3806630532117374, 0.19175368354374914], [0.17248334338498478, 0.2900758481068801, 0.27676392092089586, 0.26067688748724244], [0.17741365620923893, 0.2994728899206336, 0.37853129160825366, 0.1445821621618802], [0.1848987540538541, 0.28400836973668003, 0.2607006340008007, 0.2703922421086613], [0.2067214854461175, 0.3078403344128504, 0.32783619582348245, 0.15760198421755833], [0.164070710695678, 0.18097398892286282, 0.43728220001463697, 0.21767310026682013], [0.1733082407170919, 0.20918680995844094, 0.4391274757318807, 0.1783774734925681], [0.17627201395841188, 0.28276778184788626, 0.22980168823966726, 0.3111585158540418], [0.1906498211966712, 0.32667461260142616, 0.3267785458552894, 0.1558970202466298], [0.1983483604991171, 0.23378518194781492, 0.27760035471236155, 0.29026610274071396], [0.21690187048300505, 0.24871589955113252, 0.3548847313286054, 0.17949749853725877]], "ideal": "C", "sampled": "B", "correct": false}}
{"type": "result", "data": {"idx": 2, "options": ["1:4", "1:3.5", "1:1", "1.1:1"], "probs": [[0.28591837276793514, 0.2400483705218422, 0.266625467752374, 0.2074077888578483], [0.27122435937514666, 0.22598819409734933, 0.2152751685317288, 0.2875122778957804], [0.2631214520886835, 0.1769593480870457, 0.3727568210577596, 0.1871623786665051], [0.30214198732745823, 0.23098620288164606, 0.226164037513419, 0.24070777217748845], [0.23490026979593193, 0.20356630888997732, 0.3222324910334031, 0.23930093018067836], [0.21856220891839226, 0.15636805114888774, 0.4399111525216248, 0.18515858731109164], [0.28246025393825613, 0.19515295295844817, 0.2790999703169234, 0.2432868226863861], [0.256282360724792, 0.17777442915980451, 0.24828164353172752, 0.3176615664836717], [0.24128859201392971, 0.2098960449568658, 0.3258777226102929, 0.22293764031888885], [0.2642496978842699, 0.2504246416879816, 0.22949917549021942, 0.25582648483752474], [0.23359607581278755, 0.19703971268634238, 0.30581434597707696, 0.2635498654238032], [0.219261517192614, 0.14125099905690439, 0.43780580153069387, 0.20168168211977802], [0.18881759676658785, 0.28565407720910674, 0.3392003905311172, 0.18632793539320353], [0.21145211006499612, 0.337880834081621, 0.22320236376248037, 0.2274646919908941], [0.19551487141636376, 0.2845470384153694, 0.30292736838975737, 0.21701072167851376], [0.20636782554221766, 0.3362496471095703, 0.22391148441757758, 0.23347104283063522], [0.18231972540116823, 0.13674098613808724, 0.44623543622591755, 0.23470385213482747], [0.1936108154109757, 0.16450628939970152, 0.39267551034389103, 0.24920738474541762], [0.23613894707984828, 0.16504640531071987, 0.3395969877673676, 0.25921765974208577], [0.22521635979272212, 0.14737259657004076, 0.40156343562784685, 0.22584760790940364], [0.24126914491474288, 0.18242194203672746, 0.2843159319939226, 0.29199298095460746], [0.2386661338491266, 0.1503212497739642, 0.41566298952222575, 0.19534962675468198], [0.20337101368727992, 0.21259017917352585, 0.3583113647363852, 0.2257274423027987], [0.2069383784813962, 0.22652146546664076, 0.3717677797961373, 0.19477237615583376]], "ideal": "B", "sampled": "B", "correct": true}}
{"type": "result", "data": {"idx": 3, "options": ["C1: (3,3), C2: (4,4), C3: (6,6)", "C1: (3,3), C2: (6,6), C3: (12,12)", "C1: (6,6), C2: (12,12), C3: (12,12)", "C1: (0,0), C2: (48,48), C3: (35,35)"], "probs": [[0.2732457455835462, 0.14852600516371633, 0.5140045127178372, 0.06422373643487952], [0.3331712080477683, 0.1990945781301841, 0.26457744434550706, 0.20315676937654015], [0.230730536694961, 0.11514522573123155, 0.5799922853384707, 0.07413195213534476], [0.20854906094999828, 0.11980167520114085, 0.2316364083488967, 0.4400128553999648], [0.23669968269315605, 0.0917106940194409, 0.5049030443655657, 0.16668657882181626], [0.2511801507929253, 0.09957657372512232, 0.35540676071896676, 0.29383651466299243], [0.19195590700281645, 0.31761688857450243, 0.42900621150005414, 0.06142099282262087], [0.2022486805084401, 0.3849713788305038, 0.2151649076679437, 0.1976150328931076], [0.18413147416401504, 0.14628164651701164, 0.5942260331238479, 0.07536084609512059], [0.19153760951908388, 0.16978277586871002, 0.25573313076423887, 0.3829464837479755], [0.13064203228426643, 0.08505188921502421, 0.6090064644586267, 0.1752996139420968], [0.16868253437168684, 0.10114510503711684, 0.44079523444224544, 0.2893771260489588], [0.1535387863690099, 0.19239383734293208, 0.5902877750425507, 0.0637796011455043], [0.12887621060637772, 0.1852828556626412, 0.20504801948195212, 0.4807929141490397], [0.16001344757416094, 0.18700805422944905, 0.5805038553946579, 0.07247464270172624], [0.14395364000911307, 0.22741995665485568, 0.2400809701879655, 0.3885454330480617], [0.1172572586108452, 0.0953467842874884, 0.5092588838659498, 0.27813707313570224], [0.10566006612977095, 0.08619886625242247, 0.5937784989450038, 0.214362568572827], [0.16942210429409107, 0.15009343199371517, 0.46606718231198263, 0.21441728130021567], [0.17129134621100137, 0.15416864976954583, 0.40589527414478443, 0.2686447297746547], [0.15596300308019478, 0.1516837310503824, 0.4895740873365013, 0.20277917843292392], [0.1499592066633787, 0.1494785559539186, 0.43910207958102976, 0.2614601577016732], [0.15204010161679307, 0.12659252939677892, 0.4946945485067997, 0.22667282037963873], [0.15190559306510826, 0.12646399332015146, 0.4660348778588022, 0.2555955356559514]], "ideal": "A", "sampled": "A", "correct": true}}
{"type": "result", "data": {"idx": 4, "options": ["{AND, NOT}", "{NOT, OR}", "{AND, OR}", "{NAND}"], "probs": [[0.2209155773611186, 0.28251276612041515, 0.21582675843628432, 0.2807448979821957], [0.20478453134875124, 0.21622262018582267, 0.2713603919043473, 0.30763245646109577], [0.2085117543065528, 0.1890405798294575, 0.3603681273780103, 0.24207953838597693], [0.19505197130495025, 0.17824223527842492, 0.2773215431567711, 0.34938425015985214], [0.1931782020159175, 0.15647076573348997, 0.36668486997784877, 0.2836661621727651], [0.20362121598796865, 0.15675222142979672, 0.3033773982104344, 0.33624916427179574], [0.24905642921390397, 0.18508625347093358, 0.2812080471028552, 0.28464927011231045], [0.2041178044941191, 0.16396445526322298, 0.2747181370901484, 0.3571996030525354], [0.25037353099925763, 0.17136850132967577, 0.2985602249945829, 0.27969774257650265], [0.20619092392252672, 0.14730474748427025, 0.32434983395783207, 0.3221544945353501], [0.2061689550119425, 0.16688348598034225, 0.32191518863877333, 0.3050323702689339], [0.22119044903326227, 0.17836731928304192, 0.3047535848163425, 0.2956886467673504], [0.21286474596550148, 0.18863134095533463, 0.35122215869999207, 0.24728175427919022], [0.19395259450186345, 0.16906817546109296, 0.2755998406984225, 0.3613793892386145], [0.21495500008221582, 0.2769177437047595, 0.24645623877127568, 0.26167101734174986], [0.19954306679127096, 0.18664605125664135, 0.33429115756561695, 0.2795197242864855], [0.19528362972404525, 0.16443305996908072, 0.2888872146748655, 0.3513960955320111], [0.20947468781947376, 0.1736163017329634, 0.3495996541581979, 0.26730935618936363], [0.1810779758094881, 0.22005218047971048, 0.33307878069867336, 0.2657910629121277], [0.18607096137576207, 0.21746454467057388, 0.28925771343301987, 0.30720678042065236], [0.156631062377853, 0.345862269967329, 0.23604834294104113, 0.2614583246137645], [0.15880565072212374, 0.3648656123064066, 0.23943729129919974, 0.23689144557226943], [0.17990181721688245, 0.2327090354047439, 0.2785765454230397, 0.30881260185531245], [0.1887062458109675, 0.23661769704268842, 0.3272737764863723, 0.24740228055995225]], "ideal": "C", "sampled": "B", "correct": false}}
{"type": "result", "data": {"idx": 5, "options": ["M = 10, m = 10", "M = 10, m = 1", "M = 7, m = 4", "M = 6, m = 4"], "probs": [[0.18884839352909139, 0.2633470551095744, 0.2707058186687526, 0.2770987325926046], [0.2023738399637049, 0.28544822640983386, 0.26808666663668085, 0.2440912668897863], [0.19727223566551794, 0.23161868137621633, 0.30565895218062766, 0.2654501306776356], [0.19666918789398719, 0.2326537094050822, 0.3081361244151355, 0.26254097818578054], [0.20448623101811406, 0.24088446734385754, 0.3117531471157351, 0.2428761544222964], [0.19574945669546787, 0.262433096540695, 0.26147668615968545, 0.2803407605041648], [0.2088669076632972, 0.17888564446553146, 0.32106547480435454, 0.29118197296680676], [0.22904236295895597, 0.19380933080284896, 0.31442153190171457, 0.26272677423648993], [0.23020643309784278, 0.24611492244075436, 0.21973812536402648, 0.3039405189973598], [0.22914433144729449, 0.20967121952844697, 0.31332672017621305, 0.24785772874803058], [0.23694866447694668, 0.2454854260576614, 0.23616513845733245, 0.28140077090804894], [0.23806998633752974, 0.24099037661277678, 0.26354185540383374, 0.2573977815458515], [0.24319940786718255, 0.1902983099251574, 0.27993626819104706, 0.2865660139166016], [0.22503416122238942, 0.1754662664086982, 0.35416223655588225, 0.24533733571304223], [0.2477265790179737, 0.23277646360770646, 0.21359760399229571, 0.30589935328200923], [0.24341177012300422, 0.2043465842374311, 0.3152203403577714, 0.23702130518179496], [0.2466111324653111, 0.2566607870566049, 0.22464304053808398, 0.27208503983999693], [0.2560128092452907, 0.2512293590678916, 0.24251739553208035, 0.2502404360547411], [0.24355658548571057, 0.1973593110551363, 0.28824230630635006, 0.2708417970528044], [0.22382012525936407, 0.1864754459703486, 0.3308889548699655, 0.25881547380032377], [0.2541060064755252, 0.23973832194034475, 0.20907441741259306, 0.2970812540715263], [0.24835232646154923, 0.21416035890911486, 0.29958185810701776, 0.23790545642230593], [0.2577307051022773, 0.1932341278636696, 0.2578632757569389, 0.2911718911771067], [0.26112883872946385, 0.1844996385410524, 0.2892162939757439, 0.2651552286537404]], "ideal": "C", "sampled": "D", "correct": false}}
{"type": "result", "data": {"idx": 6, "options": ["I only", "III only", "I and II only", "I and III only"], "probs": [[0.24213770651342206, 0.171880699391612, 0.24417322242757714, 0.3418083715673938], [0.24028783357461325, 0.16215319140008852, 0.38863735423452306, 0.20892162069076342], [0.2191572203635532, 0.24753134745185898, 0.23698205975035558, 0.2963293723342392], [0.21150253343158376, 0.23237669621706683, 0.27694076400404805, 0.2791800062473007], [0.19503131474273397, 0.22458983715222117, 0.368606271308152, 0.21177257669689012], [0.21266131729899734, 0.29419863284473674, 0.2273769476833138, 0.2657631020729427], [0.19340546978096282, 0.1507573947358329, 0.29730754425435857, 0.3585295911288317], [0.1984267947258415, 0.1493853608891426, 0.3901571917462169, 0.2620306525388036], [0.19918946522169156, 0.1540888660274857, 0.2969214174858312, 0.3498002511649907], [0.1952315114797747, 0.14811777716967536, 0.3346952591297386, 0.3219554521208289], [0.20336118905060288, 0.2378580549190589, 0.30058829865287423, 0.2581924572774679], [0.20181871934197815, 0.2377906422025539, 0.23405401794443478, 0.32633662041102973], [0.21455040100688844, 0.20590285490451274, 0.26209593209410814, 0.3174508118945005], [0.19977687455540769, 0.18715836897257418, 0.30840987374596684, 0.3046548826260667], [0.2177756883110155, 0.16530571958482748, 0.27539891496563923, 0.34151967703852554], [0.21690276893562885, 0.15407247842929453, 0.33228536715542256, 0.29673938537966565], [0.2163025505634685, 0.1767630208144122, 0.29937052085103316, 0.30756390767106995], [0.20213622777668794, 0.16454456974093387, 0.38368650216638195, 0.2496327002159919], [0.2403879708757649, 0.20748672277409533, 0.31992772620491533, 0.23219758004524482], [0.23188242697053557, 0.21300522629338392, 0.26188986588259755, 0.2932224807534795], [0.21915297919000165, 0.3265810410642769, 0.22271549245191283, 0.2315504871938069], [0.21746802801040652, 0.31164741813290137, 0.19891470293714153, 0.27196985081955793], [0.2301228654943921, 0.15127140322285407, 0.3088923125177778, 0.309713418664977], [0.225058572221521, 0.1495877648834679, 0.361138836091787, 0.26421482670321605]], "ideal": "C", "sampled": "D", "correct": false}}
{"type": "result", "data": {"idx": 7, "options": ["I only", "II only", "III only", "I and III"], "probs": [[0.1987482661628577, 0.15636087429077813, 0.22464836109406447, 0.42024249835230437], [0.20427191176619214, 0.16700223511964338, 0.28602402023663426, 0.3427018327775319], [0.20861935631891101, 0.13660592281996434, 0.23392494283557894, 0.4208497779255595], [0.1751074447232321, 0.12098887075637177, 0.43019197806812515, 0.273711706352253], [0.19241689299648995, 0.26516745377538337, 0.25414390457226804, 0.288271748555854], [0.2049775176145893, 0.28056170030196387, 0.26661955868913345, 0.24784122329432096], [0.19055777903140897, 0.12283403963104335, 0.24408156411643808, 0.4425266171211047], [0.17052942990741496, 0.1069589812982847, 0.41765950417715786, 0.3048520845171542], [0.19665812647313602, 0.13175518929878016, 0.20952846889419707, 0.4620582152338865], [0.19528513387371946, 0.12250811570570057, 0.3261309664567519, 0.35607578386381405], [0.19982394658033145, 0.13484298009562837, 0.39156812933624824, 0.273764943887789], [0.20844269052294606, 0.1434925536029685, 0.34147152028478045, 0.30659323548931167], [0.17736586806228175, 0.1231132362126948, 0.27945025192202966, 0.4200706437029934], [0.12962143819040828, 0.09568643908205321, 0.5395643635589865, 0.23512775906853606], [0.17494211484664288, 0.13125797335136372, 0.20564472474187076, 0.488155186960107], [0.16740964129531843, 0.11982874385537559, 0.3506125010140656, 0.362149113735232], [0.17121359948464623, 0.2235498216768374, 0.36139317827706313, 0.24384340046144684], [0.17764834901072568, 0.24197878171379347, 0.251768267944785, 0.3286046012307005], [0.23111416452933917, 0.21401486650725182, 0.2620874902890325, 0.29278347857435605], [0.2358592128912335, 0.21340148342632034, 0.2848699258801975, 0.2658693777022385], [0.21296271133892264, 0.15671106367759516, 0.352950879109743, 0.27737534577376355], [0.2162787459419688, 0.15976623667319037, 0.32769015676946506, 0.29626486051537637], [0.24321723261613026, 0.21743675535224616, 0.2694965514801109, 0.2698494604514986], [0.25051215434227925, 0.20636339877689644, 0.23657192285371426, 0.30655252392710397]], "ideal": "B", "sampled": "D", "correct": false}}
{"type": "result", "data": {"idx": 8, "options": ["It is inherently nonassociative because some numbers have no exact representation.", "It is inherently nonassociative because there have to be upper and lower bounds on the size of numbers.", "Associativity can be achieved with appropriate roundoff conventions.", "Some rational numbers have no exact representation."], "probs": [[0.32110586876945646, 0.2139850791027279, 0.2802160132146413, 0.1846930388131892], [0.26879373481477187, 0.18123799428064563, 0.25772357837286075, 0.29224469243173556], [0.2930340785798972, 0.18636688741752902, 0.380854563882553, 0.1397444700200235], [0.30466924406740203, 0.18562724946316178, 0.2567584865348268, 0.25294501983462914], [0.22502451029567308, 0.1621474376541409, 0.35149179139253267, 0.2613362605576497], [0.2757842749729088, 0.16933036056327624, 0.31031404370067356, 0.24457132066315773], [0.19817801542470487, 0.4128806410866924, 0.2526129512864348, 0.13632839210216324], [0.17452914189235738, 0.36667319084624794, 0.18157314983609818, 0.27722451732530423], [0.20153550266901754, 0.16137986896053147, 0.4989585165382802, 0.13812611173218683], [0.2117949408491563, 0.196002474593564, 0.2711580021161204, 0.32104458234116623], [0.18110676420325286, 0.19365346147966916, 0.37636086651126166, 0.24887890770582266], [0.19978293506297123, 0.23642861449228642, 0.24676065657762278, 0.3170277937671156], [0.2381459530849953, 0.24856460160411387, 0.3646238495348374, 0.14866559567605347], [0.23270404561560454, 0.219470192874683, 0.28069681869268104, 0.26712894271703175], [0.2173112514240236, 0.1693042183813189, 0.4729371649747454, 0.1404473651199299], [0.21208709735990902, 0.20164143998490655, 0.22232552990935045, 0.3639459326458151], [0.18523522160026637, 0.15241604574175993, 0.4658003934220563, 0.1965483391359097], [0.17647294452666082, 0.1690788047604906, 0.3721385589555533, 0.282309691657288], [0.2135084801470913, 0.17719289544534947, 0.33894355006041793, 0.2703550742471514], [0.2521292744681491, 0.17671374914815452, 0.29837046690969377, 0.2727865093740018], [0.20915171692748008, 0.1669440578816097, 0.38940387746127225, 0.23450034762962677], [0.24247693876070028, 0.19565824905919946, 0.19037883674098746, 0.37148597533910166], [0.20438951358817595, 0.1356667945901914, 0.4608567334577826, 0.19908695826386116], [0.20258139170275524, 0.15487992743606327, 0.3585970342315575, 0.2839416465296338]], "ideal": "C", "sampled": "A", "correct": false}}
{"type": "result", "data": {"idx": 9, "options": ["If the owner modifies the file, another user who does not share will see the changes.", "If the owner renames the file, other users will not be able to access it.", "If the owner is allowed to delete a file, dangling links may result.", "If any user who shares the file appends to it, others who share it will not be able to access the new disk blocks."], "probs": [[0.09544923830347782, 0.06450228494718888, 0.6943970175099308, 0.14565145913939953], [0.15718338226590592, 0.10612981381421535, 0.4900589429444732, 0.24662786087540353], [0.11651524752084366, 0.6123922887447123, 0.11037360542374373, 0.16071885821070067], [0.11563113818357368, 0.5619307080510014, 0.22297525096565385, 0.09946290269976443], [0.1631912238129438, 0.46690838264798856, 0.1282724298150502, 0.24162796362400787], [0.16062985365549917, 0.31219340052528893, 0.42328570164031415, 0.10389104407889026], [0.09074967139684836, 0.06812532548731745, 0.7052534990509868, 0.13587150396483122], [0.139174058386342, 0.12259248168402341, 0.47677587546987626, 0.26145758435976957], [0.10088652887076408, 0.6495903045744409, 0.0997378369205917, 0.1497853295342041], [0.09465298608547194, 0.5751046747205872, 0.23246704914571034, 0.09777528994823896], [0.1527320768723593, 0.4892629030972958, 0.09162022279266112, 0.26638479713769675], [0.13043293783637686, 0.20692992319151737, 0.5556276485083548, 0.10700949036377233], [0.5796173710741912, 0.13015591170004567, 0.10951306830513752, 0.1807136488206056], [0.4684795607842594, 0.12063124804473221, 0.3124395579768535, 0.09844963309415009], [0.5710938840323784, 0.13390735547986993, 0.11481301370021262, 0.18018574668755474], [0.4613866833794538, 0.11928241155668924, 0.3337778962097404, 0.08555300875411835], [0.5106091792560247, 0.2781673811656586, 0.10302752570348257, 0.10819591377483055], [0.5199671156268025, 0.21825346866367815, 0.15945605439959393, 0.10232336120992044], [0.46104164565854394, 0.12675729250389575, 0.14181322591733023, 0.2703878358202251], [0.2891844798241302, 0.09606149995081378, 0.5199399916124525, 0.09481402851259825], [0.4671662255778485, 0.15680816967827726, 0.11147759315070072, 0.2645480114931718], [0.23462628819380363, 0.10000257547065856, 0.5696161960916332, 0.09575494014388292], [0.265497401695209, 0.534748454760135, 0.10739963320716735, 0.09235451023748895], [0.260179475206597, 0.4998638459963684, 0.14209656103736445, 0.09786011765965767]], "ideal": "C", "sampled": "C", "correct": true}}
{"type": "result", "data": {"idx": 10, "options": ["None", "III only", "I and II only", "I, II, and III"], "probs": [[0.11651288094233166, 0.1359965366491924, 0.20552217291840935, 0.5419684093900784], [0.13545012827163894, 0.15327701229532867, 0.47391296153667234, 0.2373598977963569], [0.12232283439880666, 0.10947119996521576, 0.3630220208820853, 0.4051839446539059], [0.09659348410400323, 0.09235777892400222, 0.5997283636208677, 0.21132037325113337], [0.14943432461711129, 0.15265081655219662, 0.49081778801910064, 0.2070970707115993], [0.16501628603823948, 0.1706185362836032, 0.4059807561415948, 0.2583844214365644], [0.2231971617860733, 0.09182732426088398, 0.2134027304029098, 0.4715727834501309], [0.23112530176991333, 0.0981418512925219, 0.4380489962679381, 0.23268385056964155], [0.21711452642718457, 0.1036446887303854, 0.2289089011157806, 0.4503318836266551], [0.18419028057275938, 0.09538259159433009, 0.5726961965153716, 0.14773093121751293], [0.24113740348572563, 0.3150798866172923, 0.2270219176574675, 0.21676079213949997], [0.2384062130825038, 0.3353076704139723, 0.24165809984404324, 0.18462801655948508], [0.2108544285476148, 0.07872512923422395, 0.39932469807722837, 0.311095744040918], [0.18119522966849222, 0.07605577922162671, 0.5236510473937389, 0.2190979436161374], [0.2594274020765454, 0.14088049953226184, 0.25382099840936706, 0.3458710998818386], [0.2527661578892617, 0.14547761490766176, 0.4462262715535828, 0.1555299555494971], [0.23578985508343686, 0.30220319343219654, 0.2255248139146395, 0.2364821374697394], [0.20481760537625968, 0.2632627429924434, 0.39253580610074224, 0.13938384543056012], [0.2322235154262886, 0.11253111810479552, 0.44509503149916574, 0.21015033486975487], [0.25324506542920455, 0.1101436045977231, 0.38856943365506713, 0.2480418962179884], [0.22098806466617202, 0.3220354744592647, 0.2519983193882895, 0.20497814138626114], [0.231653419639358, 0.3159421215325792, 0.256945321699415, 0.1954591370286743], [0.250321231482406, 0.1822373160454516, 0.296927095794325, 0.2705143565778291], [0.2564318751981924, 0.18801882170180897, 0.3782141492531174, 0.1773351537468711]], "ideal": "D", "sampled": "D", "correct": true}}
{"type": "result", "data": {"idx": 11, "options": ["n", "n + 1", "n + 2", "2n"], "probs": [[0.20237923213015338, 0.4590263222067558, 0.1770560757514652, 0.16153836981161335], [0.20327729074754983, 0.4297940379258285, 0.21793654568531476, 0.14899212554130142], [0.20776626811287421, 0.19672956572635578, 0.4229955537119793, 0.17250861234879655], [0.24354114556184928, 0.2445487731067472, 0.31034928382856264, 0.20156079740283386], [0.19868655353519027, 0.26407894219663386, 0.38281560718867413, 0.15441889697949093], [0.22279364323265521, 0.3129486230983338, 0.24276158961022531, 0.22149614395878373], [0.3570961905122371, 0.30779964345005717, 0.17816038782314297, 0.15694377811455276], [0.32690527854416457, 0.28872603781277806, 0.23011348868795956, 0.15425519485510072], [0.3660433514937749, 0.1480559805728948, 0.3268659043257841, 0.15903476350754972], [0.3705435818816953, 0.1588465572986303, 0.23916793817940246, 0.23144192254027424], [0.30514204031759706, 0.22862910548267829, 0.32620243088532613, 0.1400264232144102], [0.31052290474218086, 0.25926155536886175, 0.19267964790261158, 0.23753589188633484], [0.19922995176625205, 0.26485997105380316, 0.4007969369301082, 0.13511314014985462], [0.2228714611564309, 0.30810744297557396, 0.27413208798801914, 0.19488900777995988], [0.19212418864432174, 0.3845344999121877, 0.28039063365250205, 0.1429506776909814], [0.1860266148629899, 0.40586072965583253, 0.19951718557840356, 0.20859546980276067], [0.21417176724442014, 0.23622123073769052, 0.37022197257183614, 0.17938502934606818], [0.1838695479705636, 0.21645823188382143, 0.39352565562772507, 0.20614656441788928], [0.25736523705657854, 0.23902253639757395, 0.3589290967572821, 0.14468312968856686], [0.29375498274785866, 0.2749606145754276, 0.21750752421028244, 0.21377687836643475], [0.24603113294424442, 0.2690542332882137, 0.3312095471817827, 0.15370508648576134], [0.24959126503887424, 0.29639564680621333, 0.1847195832602298, 0.2692935047946909], [0.2880477105109741, 0.15987904502928782, 0.3504384163725568, 0.20163482798717303], [0.2559176429991135, 0.17052416916651453, 0.32988573662670523, 0.24367245110765104]], "ideal": "A", "sampled": "B", "correct": false}}
{"type": "result", "data": {"idx": 12, "options": ["3", "8", "10", "13"], "probs": [[0.24125792109931965, 0.2764522138822629, 0.2547059529979578, 0.22758391192047897], [0.24373158098105205, 0.27795252307641755, 0.2770884397582714, 0.20122745608425266], [0.2345707855505154, 0.21419907308139874, 0.33845002189891, 0.2127801193691839], [0.2444025437709559, 0.23404405478951, 0.3100031282116884, 0.21155027312783958], [0.266854580761451, 0.2605182004991701, 0.27731223047348036, 0.1953149881659109], [0.2612240577785192, 0.26002837596349077, 0.27043290544163284, 0.20831466071637608], [0.2330812371168354, 0.3220481194484307, 0.217120230030371, 0.22775041330438484], [0.24008976100108984, 0.31889959770291215, 0.24661107304493293, 0.19439956815106377], [0.22777986799187577, 0.17729707096432948, 0.37239914523867196, 0.22252391570511798], [0.26397548988455366, 0.21619016104277614, 0.2785791318778852, 0.24125521709479786], [0.2765223478329333, 0.18276853291219874, 0.3375183116307764, 0.20319080752408547], [0.2911610578385503, 0.2023291816432567, 0.2734018343486418, 0.23310792606956254], [0.20806580387434714, 0.3425276654746881, 0.25467816814151983, 0.19472836240942115], [0.21399216584558414, 0.3693236862010878, 0.23580206415986585, 0.18088208369347825], [0.23185285999869187, 0.2428460109764941, 0.329259464463466, 0.19604166446133803], [0.2506749932273831, 0.2761029976004941, 0.25952262643454505, 0.2136993826375732], [0.25153385931179423, 0.2132670011668558, 0.33310160944620076, 0.20209752997515743], [0.25742272040951925, 0.22456787636457426, 0.29511269406960255, 0.22289670905628417], [0.19875119502305155, 0.345517963159319, 0.26312258455650217, 0.19260825716112975], [0.19730932720716388, 0.35683555056893357, 0.23506381904944418, 0.21079130307445218], [0.216790679643304, 0.24457963692041548, 0.3396455663026568, 0.19898411703362084], [0.2348114586505839, 0.2807134825768809, 0.25870324610255074, 0.22577181256998702], [0.19397605523887543, 0.2733087452575275, 0.3310499757475455, 0.20166522365606787], [0.19603581780157553, 0.2784683017725821, 0.3033376563627105, 0.222158223963138]], "ideal": "A", "sampled": "A", "correct": true}}
{"type": "result", "data": {"idx": 13, "options": ["Routing packets through the network", "Reliable delivery of packets between directly connected machines", "Reliable delivery of large (multi-packet) messages between machines that are not necessarily directly connected", "Dealing with differences among operating system architectures"], "probs": [[0.022710806302512026, 0.04909309521793251, 0.8509148013148563, 0.0772812970647117], [0.03149520189805673, 0.18571107517738156, 0.030323962921858034, 0.7524697599027182], [0.021640863991960715, 0.8401477344230501, 0.09563448822484638, 0.042576913260135754], [0.02622329108978378, 0.8794092880845752, 0.016906582354767736, 0.07746083837088193], [0.03510021024244535, 0.0102254659754443, 0.5422439778643272, 0.41243034581779897], [0.02269093661845647, 0.008175222947343951, 0.8942000094484586, 0.07493383088572904], [0.032946604306220144, 0.01121317666166632, 0.9086244718029068, 0.04721574712920355], [0.08808937422945765, 0.017370841993299982, 0.024607520847007645, 0.8699322628302558], [0.058753049920391244, 0.8933207806154685, 0.018046191954211255, 0.02987997740991091], [0.05606456896092743, 0.887625012594166, 0.01589281538996495, 0.04041760295492542], [0.059265951612949584, 0.011492661022707715, 0.024537624149982614, 0.9047037631143819], [0.03412709301167957, 0.008851362924126433, 0.9113657404205932, 0.04565580354360874], [0.33103164507105853, 0.03001011127830717, 0.5967398596649294, 0.04221838388571721], [0.7203960787561584, 0.02579116426260815, 0.0254903461063794, 0.22832241077487603], [0.6079655775993512, 0.34684717460537645, 0.015182129952279185, 0.030005117743003077], [0.6094747441770358, 0.33942849941739145, 0.014205198674556097, 0.03689155763105155], [0.7797013194468867, 0.020423157989692613, 0.027056574623276198, 0.1728189478401451], [0.22187226924085737, 0.01907320464343173, 0.717887904521399, 0.04116662149429466], [0.018890472701315546, 0.016315704830641882, 0.6757121709738819, 0.28908165139415737], [0.01574997195075819, 0.015256380708499202, 0.8884518366726505, 0.080541810568079], [0.02070774486726688, 0.17378605864076266, 0.04162216599162574, 0.7638840304003317], [0.015836539696495764, 0.04221901297296, 0.8641286773705338, 0.07781576986003115], [0.02625080916194229, 0.8621549463100603, 0.027779603561855187, 0.08381464086616601], [0.020818180190662738, 0.7309047780086506, 0.18270914908148217, 0.06556789261921336]], "ideal": "C", "sampled": "C", "correct": true}}
{"type": "result", "data": {"idx": 14, "options": ["I only", "II only", "III only", "I and II only"], "probs": [[0.20337454297951432, 0.14452479371871957, 0.2903753586466664, 0.3617253045551233], [0.21590106072303925, 0.1446214630177821, 0.4066906159503219, 0.23278686020885933], [0.2248255842558822, 0.14600712919226166, 0.25198589795352605, 0.3771813884983366], [0.2004501238856417, 0.1271845650964287, 0.3131275169520595, 0.35923779396585126], [0.1927681777507059, 0.21526213708578612, 0.35182592971196325, 0.24014375535155905], [0.2157247969570683, 0.24003109097438893, 0.26448807142562375, 0.2797560405429151], [0.18667344351504447, 0.11754224773073473, 0.30922253089052293, 0.3865617777637064], [0.1819147165660094, 0.11017733483098052, 0.42996463407485336, 0.2779433144281599], [0.1912069719991632, 0.14915095516646693, 0.2193975295613637, 0.4402445431730131], [0.18039160146436617, 0.12184020842486226, 0.36023483496720915, 0.33753335504356147], [0.20131461737317874, 0.16854264779653474, 0.34131984378352115, 0.28882289094675984], [0.20964607806492583, 0.17961938884313683, 0.2520412702808034, 0.3586932627111315], [0.19441988700689763, 0.12531674299671033, 0.29451163160355476, 0.385751738292836], [0.1726239399354857, 0.10822302992699284, 0.3545454025012283, 0.36460762753631204], [0.198942808142942, 0.13652557263192533, 0.24586648480063233, 0.41866513432449615], [0.1846968605703047, 0.11532650733982912, 0.3477149492472561, 0.35226168274259756], [0.1901041169704838, 0.13999519282561876, 0.34857730940510345, 0.32132338069878064], [0.17801887258544877, 0.12449594850085995, 0.3785412358563316, 0.31894394295735284], [0.22278965738653939, 0.1908968220471378, 0.2941467648111137, 0.2921667556552], [0.23234434420276137, 0.18347016892806894, 0.30570542764171027, 0.27848005912747736], [0.22361442472146636, 0.1908852691432464, 0.2874764707950772, 0.29802383524022164], [0.21989427676110454, 0.17624637275089639, 0.3005314773052616, 0.3033278730827295], [0.23656520998761688, 0.14043186623787227, 0.3351884026678411, 0.28781452100667754], [0.21712762054447843, 0.1254319431080522, 0.3555706655490375, 0.30186977069843457]], "ideal": "A", "sampled": "D", "correct": false}}
{"type": "result", "data": {"idx": 15, "options": ["a^M = a", "(ax)^M = (xa)^M", "(xy)^M = y^Mx^M", "None of the above"], "probs": [[0.21412906481715116, 0.2593561683619661, 0.35472301656078364, 0.17179175016009365], [0.20862442547317467, 0.3271525840312868, 0.19231643044012936, 0.27190655995541846], [0.18813894959897207, 0.37884531899800084, 0.2605380424844143, 0.17247768881862635], [0.17154197924037023, 0.4243560719262239, 0.19987438340243674, 0.20422756533095504], [0.2433003097680831, 0.12987746602239258, 0.3816989748236205, 0.24512324928589124], [0.19821041775202258, 0.135400277746025, 0.4579375457755934, 0.2084517586263583], [0.34109747627770615, 0.17043430245934546, 0.33485596359122793, 0.15361225757172503], [0.38491612436744166, 0.182662563775247, 0.20628618777831642, 0.22613512397900631], [0.28806373608506636, 0.35044086081066667, 0.186897246573943, 0.17459815643032373], [0.2685453700795046, 0.3319241944642064, 0.27649001409552826, 0.12304042126076596], [0.36475557393751024, 0.12093710193632207, 0.2618853344122481, 0.2524219896139091], [0.24192336909081955, 0.14421643933865438, 0.4874091687031574, 0.1264510227673558], [0.3814856086374156, 0.18610042621616713, 0.27163061620847734, 0.16078334883794224], [0.39995537027907535, 0.19521098727389477, 0.2037502282537686, 0.20108341409326638], [0.36411947140568396, 0.2870027486059255, 0.19053830803304142, 0.15833947185536118], [0.3417487405400973, 0.2780623133475453, 0.26346761641001876, 0.11672132960232134], [0.42484486737232374, 0.1431778859858828, 0.22165027113795524, 0.21032697540382697], [0.3630567781012257, 0.13120532541091515, 0.37673751015492385, 0.12900038623293325], [0.1163272166252736, 0.25007474017234615, 0.3461656013557675, 0.28743244174661814], [0.1042639417340856, 0.24245572980617824, 0.42588440789746373, 0.22739592046226695], [0.1250167183609257, 0.3036457139747106, 0.25976668896364347, 0.31157087860072463], [0.12037541903352218, 0.27984101478407425, 0.41715420705530337, 0.18262935902710137], [0.10453022813413462, 0.4262930139979543, 0.2384381548874993, 0.23073860288041095], [0.1141164159610766, 0.3906017875830075, 0.3117278335672432, 0.18355396278867228]], "ideal": "D", "sampled": "C", "correct": false}}
{"type": "result", "data": {"idx": 16, "options": ["The wait is expected to be short.", "A busy-wait loop is easier to code than an interrupt handler.", "There is no other work for the processor to do.", "The program executes on a time-sharing system."], "probs": [[0.16766686931313268, 0.19315236696803548, 0.43333977082799713, 0.20584099279083104], [0.16263803755417897, 0.1692720428389752, 0.404430172666861, 0.2636597468399811], [0.12217870692845305, 0.10750070134245342, 0.6137280264892425, 0.15659256513987863], [0.14242500899237737, 0.11772791397863763, 0.43408596329064386, 0.30576111363833713], [0.12458234162064472, 0.10624446935346815, 0.5008276882203981, 0.2683455007055012], [0.1438519909931231, 0.1197763319950513, 0.39743766401007546, 0.33893401290175745], [0.29110360867518953, 0.12675687671237745, 0.3669446137972882, 0.21519490071515668], [0.2547184974193107, 0.11864672733760417, 0.37122328231914936, 0.25541149282391395], [0.3849393016447262, 0.16770771336203683, 0.1757327862297352, 0.27162019866349113], [0.2610443164604287, 0.1314428258595724, 0.44297701282550606, 0.1645358447545042], [0.33124025947178326, 0.15123352579134502, 0.18302068369053304, 0.3345055309463274], [0.27055535075606824, 0.12847782662951338, 0.4377451805059073, 0.16322164200851236], [0.14310995093029177, 0.10481030910956834, 0.6125043334753836, 0.13957540638474983], [0.17670295337588754, 0.10856240714352841, 0.359893507190086, 0.35484113219050184], [0.24320699525320252, 0.35971708027479626, 0.1523070064665595, 0.24476891790545421], [0.2002886646697576, 0.2552408089794421, 0.38938453956853836, 0.15508598668226625], [0.2155730137988277, 0.1559642607673937, 0.13032998407998306, 0.4981327412537975], [0.14564470829494158, 0.12229554337806178, 0.597080495900201, 0.13497925232678187], [0.1310333513469594, 0.09671102767614369, 0.4986851931365931, 0.2735704277402911], [0.16292561400624936, 0.10487653988831354, 0.36309559139807174, 0.36910225460737417], [0.20077729315811482, 0.29350125011995964, 0.14132683433887838, 0.36439462228304703], [0.1775780352349053, 0.20859185332622573, 0.4345243970451937, 0.17930571429366962], [0.19977863676026839, 0.18202570710900515, 0.12074738936115463, 0.4974482666695649], [0.13829812349342055, 0.12845479400460083, 0.5823130094726718, 0.15093407292928032]], "ideal": "D", "sampled": "B", "correct": false}}
