{"type": "result", "data": {"idx": 0, "options": ["99% of the time in repeated samples, the interval would contain the true value of the parameter", "99% of the time in repeated samples, the interval would contain the estimated value of the parameter", "99% of the time in repeated samples, the null hypothesis will be rejected", "99% of the time in repeated samples, the null hypothesis will not be rejected when it was false"], "probs": [[0.7458710428405864, 0.1762503687589915, 0.03885841659597915, 0.03902017170445035], [0.7358224110684447, 0.14816540326123226, 0.057556298226753, 0.058455887343565986], [0.5723125832648648, 0.044031381021327455, 0.33169451884955564, 0.05196151676424944], [0.5648193016405373, 0.045273429537362075, 0.04827617693947489, 0.3416310917826262], [0.4778597741507579, 0.06009299108830462, 0.39330464117002734, 0.06874259349090171], [0.6290245273238322, 0.06599488076165616, 0.056367348509885264, 0.24861324330460957], [0.6104335222301072, 0.3110509327593567, 0.03986612442210829, 0.03864942048844304], [0.5968184467889779, 0.2856704245519802, 0.0589777304569479, 0.058533398102111896], [0.5533311218542755, 0.053134263858869324, 0.33860108448584053, 0.05493352970099259], [0.5908507585582375, 0.05346121207734887, 0.05951624812521072, 0.2961717811391825], [0.4252515473914499, 0.07105058606265062, 0.4322057013807021, 0.07149216506519109], [0.623877432068692, 0.08206723154564176, 0.06610171591685989, 0.22795362036882993], [0.051093698437954714, 0.8326670467735858, 0.08386579031354821, 0.032373464374913355], [0.050974593501618204, 0.8118550842625196, 0.055745454292855524, 0.08142486784303198], [0.07355528329431905, 0.7105006010546989, 0.16767283496479155, 0.04827128058617834], [0.06747804334139289, 0.7104898305950411, 0.07238255008826551, 0.14964957587528108], [0.07130235049471896, 0.049251771706926545, 0.7627757841345609, 0.11667009356380398], [0.1006395860225897, 0.07171762916266182, 0.6530450270870952, 0.17459775762762647], [0.08932514078542851, 0.7588198546710653, 0.1016783260032887, 0.050176678440211724], [0.0822559066475294, 0.8202660460828793, 0.043908383624883106, 0.05356966354469125], [0.13964051509207243, 0.6580834737068227, 0.13923106106817237, 0.06304495003291062], [0.12705208129572854, 0.7450621387728454, 0.06368848969778329, 0.0641972901336632], [0.1329160385217071, 0.05578023787343781, 0.7184168482493513, 0.09288687525550415], [0.23770546709231544, 0.07887820335530023, 0.5594231484305963, 0.12399318102179915]], "ideal": "A", "sampled": "A", "correct": true}}
{"type": "result", "data": {"idx": 1, "options": ["ADF is a single equation approach to unit root testing while PP is a systems approach", "PP tests reverse the DF null and alternative hypotheses so that there is stationarity under the null hypothesis of the PP test", "The PP test incorporates an automatic correction for autocorrelated residuals in the test regression", "PP tests have good power in small samples whereas DF tests do not."], "probs": [[0.1410033302399898, 0.3454822668273915, 0.30804111141466844, 0.20547329141793527], [0.11693972184015922, 0.3521124342283958, 0.254520241155808, 0.2764276026756303], [0.1266579333891146, 0.40103330383793, 0.27435677212352494, 0.19795199054942145], [0.11087480537445746, 0.32123294363518706, 0.3310388894783384, 0.23685336141201435], [0.11417762658666791, 0.3217037044663745, 0.3643297004537034, 0.19978896839323945], [0.11409980996291115, 0.32663339823206977, 0.3338872768294937, 0.2253795148755222], [0.2631002711107961, 0.17446618986245338, 0.37556542526049774, 0.18686811366625003], [0.25037311686712127, 0.16024238053173556, 0.3095425419703262, 0.27984196053081917], [0.2029343269697785, 0.4595360380545994, 0.1656774453075878, 0.1718521895680159], [0.19208159533672847, 0.4009278962735917, 0.23375394530055915, 0.17323656298910317], [0.23539889586175503, 0.3248332361182904, 0.15747151150765953, 0.2822963564123081], [0.24279970410940435, 0.2424987826985661, 0.3309887533272259, 0.18371275976479134], [0.4017226944042242, 0.18621710944771339, 0.26389855686181657, 0.14816163918625824], [0.3353571653045717, 0.1554869499875976, 0.32562522290368934, 0.18353066170413465], [0.39714871983603034, 0.2642603347433865, 0.15204745010813583, 0.18654349521244115], [0.3876017421994465, 0.21565563084826747, 0.24685396090610073, 0.14988866594617054], [0.30296188804226326, 0.36613154493897965, 0.1524496166154184, 0.17845695030336559], [0.2985961614542456, 0.2858560992523565, 0.2877241966964808, 0.1278235424969251], [0.15102640972492118, 0.18551755307555523, 0.41894757715815917, 0.24450845994137663], [0.1454235196007139, 0.1765521135504407, 0.41125989963389326, 0.2667644671149347], [0.12092742284173302, 0.5236680775796583, 0.09796164932256306, 0.2574428501560566], [0.13111918789089955, 0.4441102249719437, 0.25876022603955096, 0.1660103609976029], [0.13954897727947105, 0.4253532435427239, 0.16973477048078703, 0.265363008597024], [0.13944232605629997, 0.3098498995396366, 0.37949714730996803, 0.17121062699408798]], "ideal": "C", "sampled": "C", "correct": true}}
{"type": "result", "data": {"idx": 2, "options": ["It would rise more quickly for negative disturbances than for positive ones of the same magnitude", "It would be symmetrical about zero", "It would rise less quickly for negative disturbances than for positive ones of the same magnitude", "It would be zero for all positive disturbances"], "probs": [[0.4690247340052867, 0.23630585759963293, 0.22351394447433498, 0.07115546382073945], [0.5401589270301694, 0.32803008033691117, 0.03937406885254152, 0.09243692368035712], [0.4570159694838354, 0.16856503104295414, 0.2887713589546282, 0.08564764041858668], [0.46963117095950635, 0.28973394527300406, 0.042580818083711836, 0.19805406558375768], [0.43671472426737684, 0.06642530561642171, 0.37557246954556545, 0.12128750047064171], [0.4249162863897733, 0.07763363288683826, 0.3237493757822788, 0.1737007048410896], [0.24146710882201544, 0.3845034970519922, 0.29025707641670967, 0.08377231760926997], [0.27191254461533126, 0.5493554330333081, 0.05178306610689517, 0.12694895614444845], [0.20332810260641723, 0.41255636594799555, 0.3041639189656324, 0.07995161237995858], [0.21472658711311854, 0.5996936182599834, 0.04966363582762265, 0.1359161586992709], [0.30869032029190696, 0.12302593496573229, 0.39849102804263264, 0.1697927165997362], [0.23001674953323042, 0.11099954274937872, 0.46683535415184335, 0.19214835346555784], [0.4687290649696488, 0.13947771074009624, 0.30567304970511416, 0.08612017448514628], [0.5142577047928205, 0.24322399022577745, 0.04211034248205214, 0.20040796239935468], [0.4515091544288277, 0.2597369533647116, 0.22369927230148232, 0.06505461980499493], [0.5096954942198051, 0.3521767625830634, 0.03970058919045272, 0.09842715390668032], [0.4716432332163579, 0.07634069279503168, 0.2798272416698042, 0.17218883221878395], [0.4419999384297877, 0.06693528250854515, 0.3683299434045464, 0.12273483555709798], [0.11577886100466445, 0.23484654463815993, 0.4990387728606051, 0.15033582139655366], [0.12400329626326456, 0.34387899917969056, 0.2391497592411349, 0.29296794521589853], [0.11316774029080272, 0.5678216412108754, 0.18085993501548872, 0.13815068338284453], [0.10417347175674033, 0.5203914587342041, 0.22743778367543752, 0.14799728573361456], [0.11645167410752504, 0.35189163876207535, 0.2783478807054207, 0.25330880632498504], [0.10769996727454945, 0.2771057332436875, 0.45168385216077833, 0.16351044722097352]], "ideal": "A", "sampled": "C", "correct": false}}
{"type": "result", "data": {"idx": 3, "options": ["There is nothing in the model to ensure that the estimated probabilities lie between zero and one", "Even if the probabilities are truncated at zero and one, there will probably be many observations for which the probability is either exactly zero or exactly one", "The error terms will be heteroscedastic and not normally distributed", "The model is much harder to estimate than a standard regression model with a continuous dependent variable"], "probs": [[0.36898234168800165, 0.28198876919534194, 0.13755638693897196, 0.21147250207767743], [0.3520634267928511, 0.296570196817981, 0.19617776025508546, 0.15518861603409473], [0.35768095732008875, 0.21041077285489398, 0.2015823054710392, 0.23032596425398003], [0.33164565648742433, 0.16952236837524806, 0.26886884650799364, 0.2299631285293533], [0.3415750513683003, 0.28093254926676836, 0.2215646183026768, 0.1559277809622557], [0.3246171957709382, 0.2620796758877762, 0.17819152104743874, 0.2351116071938501], [0.1530737993927906, 0.5276936087403962, 0.1240486891761687, 0.19518390259066745], [0.1582825541148708, 0.5346946308238065, 0.1822523884761751, 0.12477042648513191], [0.16038875386568102, 0.12792297405311406, 0.49408204446353254, 0.21760622751766548], [0.1903225506300809, 0.16803148038865123, 0.3189889799664353, 0.3226569889148277], [0.1770559003871865, 0.23556459184838247, 0.4351572899612755, 0.15222221770314684], [0.1590108450194276, 0.3223954688244939, 0.16294185738525976, 0.35565182867081346], [0.19050725008918298, 0.37572543989896034, 0.2125303001482964, 0.22123700976356964], [0.16553571814349666, 0.36565530993773954, 0.2666296637501064, 0.20217930806865653], [0.1973152867662059, 0.15741653156329188, 0.4231099632378532, 0.2221582183326463], [0.24677334644278318, 0.19308689523421824, 0.2756459326331876, 0.2844938255898197], [0.2002096028526269, 0.20577080190828576, 0.37136994498025583, 0.22264965015883853], [0.24128605602060638, 0.24697444501706597, 0.23037915836430434, 0.2813603404980324], [0.21867949212130527, 0.40364347409094326, 0.2283610612354403, 0.14931597245231745], [0.2051808477992295, 0.4048340846051123, 0.1869602836290023, 0.20302478386665382], [0.2377196939617103, 0.1788864863757943, 0.4273425361083487, 0.15605128345413438], [0.277868461169166, 0.23042823712466753, 0.18022793088836375, 0.3114753707177973], [0.24164701173445, 0.16556064347078986, 0.3759990863757322, 0.2167932583190316], [0.2952186897534781, 0.19996061231044218, 0.2248854729371128, 0.2799352248989646]], "ideal": "D", "sampled": "A", "correct": false}}
{"type": "result", "data": {"idx": 4, "options": ["The population is the total collection of all items of interest", "The population can be infinite", "In theory, the sample could be larger than the population", "A random sample is one where each individual item from the population is equally likely to be drawn."], "probs": [[0.18876454102600554, 0.14329506262236785, 0.48515272115393615, 0.18278767509769525], [0.2148506613879192, 0.25224717089708043, 0.23722677674673345, 0.2956753908682795], [0.20393567349555575, 0.31236129437779675, 0.311508491982404, 0.172194540044218], [0.19603807218175376, 0.4251227312058543, 0.18305006822665704, 0.19578912828572084], [0.24777084063020569, 0.15464326534593345, 0.2736085367504892, 0.32397735717336873], [0.24802032811889158, 0.15424679963229487, 0.3686693295568617, 0.22906354259195366], [0.21143009732780818, 0.14114763516693293, 0.47763787520347534, 0.16978439220178085], [0.2537946926507697, 0.18160158252653727, 0.22345527344160457, 0.34114845128107524], [0.18408822789862347, 0.48926286310491185, 0.15525050138783186, 0.17139840750863097], [0.19308770678136292, 0.4799840171097185, 0.20908962166922035, 0.11783865433970284], [0.2375441593491877, 0.2378226966657676, 0.162858956603908, 0.36177418728111355], [0.23555774064023138, 0.18513960026245463, 0.42066491398128686, 0.15863774501602093], [0.2967081071736949, 0.15780323031466717, 0.3686149329574561, 0.17687372945417748], [0.33924984593327384, 0.21604602097263456, 0.23178311798215678, 0.21292101501192548], [0.32851715809794296, 0.2612378878121956, 0.21580187383789434, 0.19444308015196787], [0.3250195137931103, 0.2750912989281148, 0.25865534123125017, 0.1412338459475285], [0.3788604968275568, 0.2102954212426442, 0.1849204642210528, 0.22592361760874405], [0.3390047056027004, 0.17553784322994812, 0.3254410073466257, 0.1600164437207112], [0.21404558674126717, 0.14624529110167858, 0.32837728288166246, 0.3113318391753893], [0.2171241864754756, 0.15299288922624488, 0.4112671569525169, 0.21861576724576032], [0.2284076292552471, 0.2415761604133016, 0.16535300885357326, 0.36466320137786207], [0.19816553743260198, 0.17235755996447327, 0.46154719115956444, 0.16792971134336168], [0.2354354603281584, 0.38545067169413066, 0.15822840339953723, 0.2208854644781719], [0.2095870088824279, 0.2969928952855183, 0.32643687585162573, 0.16698321988042397]], "ideal": "C", "sampled": "C", "correct": true}}
{"type": "result", "data": {"idx": 5, "options": ["Asymptotically, the values of the two test statistics will be equal", "The Q test has better small-sample properties than the Q*", "The Q test is sometimes over-sized for small samples", "As the sample size tends towards infinity, both tests will show a tendency to always reject the null hypothesis of zero autocorrelation coefficients."], "probs": [[0.19551940846911373, 0.17243734218773982, 0.4534538687283326, 0.17858938051480022], [0.21084343379971918, 0.26384697073342356, 0.29646482538137703, 0.2288447699854735], [0.18842933200875342, 0.3445130105543418, 0.3015170636584923, 0.16554059367842466], [0.19595693755132726, 0.3754088355795554, 0.22491060443441602, 0.2037236223347141], [0.2111622477630855, 0.3302050531518754, 0.2286797900984938, 0.22995290888654812], [0.23046065040795904, 0.21880466275468602, 0.3425206537921628, 0.2082140329451824], [0.2388286840574187, 0.13707085201278404, 0.45935913262342987, 0.16474133120638257], [0.2653941843556117, 0.21718880968668186, 0.27952842627650104, 0.23788857958121332], [0.24325401818877396, 0.32313567498551876, 0.2938751101304989, 0.13973519659519884], [0.23902230607979413, 0.34032078938431337, 0.24311407109829883, 0.17754283333759305], [0.25883717467260864, 0.30214362289664554, 0.23425809698423544, 0.20476110534649475], [0.2636856345039359, 0.21824725836894407, 0.3222762961941313, 0.19579081083298747], [0.2633359958725185, 0.17063055113399833, 0.3913532588218397, 0.17468019407163504], [0.29621734652044357, 0.19865521969290179, 0.2670241813217336, 0.23810325236493488], [0.28319146569433296, 0.20473758821266047, 0.34628730607659003, 0.16578363991641612], [0.29450907362559314, 0.202329512784933, 0.2927136558752189, 0.2104477576142479], [0.2912717543160258, 0.2537425292188013, 0.22104378900032218, 0.2339419273648679], [0.30303408840816165, 0.2670241941061373, 0.21685941616088417, 0.21308230122482721], [0.23842962867313452, 0.2151672709055876, 0.29838065829449995, 0.24802244202676008], [0.2293966733833842, 0.16061782320142487, 0.3531911646539553, 0.25679433866123025], [0.24257308199294983, 0.22244376232019739, 0.3025538776052259, 0.23242927798164048], [0.2223942966013952, 0.17449234341338907, 0.35605192235545136, 0.24706143752977064], [0.20890136286857677, 0.3217519676269758, 0.20753666142933946, 0.2618100079751085], [0.2157321733475648, 0.33617253764869803, 0.2029209510384777, 0.24517433786527773]], "ideal": "B", "sampled": "C", "correct": false}}
{"type": "result", "data": {"idx": 6, "options": ["Includes too many variables", "Includes as few variables as possible to explain the data", "Is a well-specified model", "Is a mis-specified model"], "probs": [[0.07164261873579206, 0.8768545558095222, 0.01766156859567235, 0.033841256759014116], [0.08058473677430715, 0.8691995355993184, 0.015111359470613135, 0.03510436805574726], [0.03917034662145801, 0.014890040561162601, 0.8992260685446253, 0.04671354417274548], [0.06527152396811856, 0.10853066764357229, 0.12768718479763885, 0.6985106234906632], [0.04375598811693198, 0.016660784225918077, 0.878101416817997, 0.061481810739145146], [0.08366839099255025, 0.07366445540185654, 0.3359760517360063, 0.5066911017696046], [0.9730825291095504, 0.009715861305340683, 0.006119891067007918, 0.011081718418095453], [0.971492346708586, 0.010014522308012924, 0.006263814893427534, 0.012229315989976097], [0.9564413523712222, 0.023654677463974115, 0.004698157924002156, 0.01520581214081678], [0.9632764595303234, 0.017284583531801224, 0.007118135244334651, 0.012320821593528599], [0.9632852197209519, 0.014067115606079003, 0.00635960424138881, 0.01628806033159297], [0.9701241056410811, 0.011437860571021507, 0.007853838225384248, 0.01058419546249827], [0.05041818580179676, 0.014868398147168912, 0.8809202352166734, 0.053793180734346795], [0.13273946340554632, 0.06634302663167357, 0.3285195852755412, 0.4723979245872307], [0.10719367808344665, 0.8557596213142905, 0.010777617468623652, 0.026269083033652784], [0.09357018302110448, 0.8699485727476528, 0.014153092967412758, 0.022328151163849102], [0.1504672052359443, 0.04030737795897109, 0.054289076074514726, 0.7549363406305468], [0.06797424767076377, 0.016020988882715373, 0.8704507203954828, 0.04555404295103152], [0.03643652797664537, 0.016881788563746274, 0.8753419702228412, 0.07133971313678567], [0.05652746296371885, 0.055927219218324664, 0.48606462909553216, 0.40148068862242015], [0.0862401626628654, 0.8667597843087379, 0.014308803534308618, 0.032691249394080246], [0.0714797331658838, 0.8870561841216552, 0.021013720334898598, 0.020450362277587977], [0.06200703521137661, 0.06788803740500184, 0.037956768126362984, 0.8321481591572455], [0.04690856531398327, 0.01853478443169811, 0.8845889381386343, 0.04996771201567468]], "ideal": "A", "sampled": "B", "correct": false}}
{"type": "result", "data": {"idx": 7, "options": ["They can be interpreted as continuously compounded changes in the prices", "They can be added over time to give returns for longer time periods", "They can be added across a portfolio of assets to give portfolio returns", "They are usually fat-tailed"], "probs": [[0.21672020338854106, 0.13154157921069268, 0.22991144080016543, 0.42182677650058625], [0.15899109994466132, 0.09136834946107081, 0.4656919526257989, 0.2839485978684597], [0.20715620377556654, 0.12528458271945753, 0.2901339725814363, 0.37742524082354995], [0.1431003595622472, 0.08189176082023415, 0.4691432197582638, 0.3058646597592566], [0.16682797300974472, 0.18329982021985794, 0.3506230383281885, 0.29924916834219883], [0.15584974936160986, 0.18445494725989886, 0.30634791850514154, 0.3533473847733223], [0.21142291590838538, 0.14044163437749324, 0.23329076606313148, 0.41484468355098614], [0.15835256323547603, 0.0987526520260804, 0.42885939621676405, 0.3140353884216822], [0.21940905531826188, 0.13851287715886865, 0.23456153139899988, 0.4075165360238663], [0.18577824395596323, 0.09722554651327166, 0.5052985910286939, 0.21169761840208062], [0.1759805401074252, 0.2099304111837889, 0.2592362637810822, 0.354852784827698], [0.19349464083925685, 0.19499721275965673, 0.3892972626670048, 0.22221088363407773], [0.20111170963870573, 0.14666606280742056, 0.26973117789901807, 0.38249104955488034], [0.1418603647461084, 0.0976089144138799, 0.42207139039988845, 0.3384593303401249], [0.21059219471197818, 0.17192634948222274, 0.24716424398667425, 0.3703172117191247], [0.1762907408445503, 0.11794440104461879, 0.486850724597626, 0.21891413341318391], [0.16066830507393426, 0.20246478619411742, 0.2609083475898174, 0.37595856104214964], [0.17822789528863967, 0.17619089741787933, 0.446380793852805, 0.1992004133406668], [0.26224271803620874, 0.1438404655185516, 0.29147868966308477, 0.302438126682174], [0.246562172028766, 0.13838704591614637, 0.2514194475330899, 0.3636313344219835], [0.2562266360789889, 0.16236470520401391, 0.26562561104750104, 0.3157830475694755], [0.28582485211691505, 0.15182303810509729, 0.3420400821024137, 0.22031202757556637], [0.2566995754979979, 0.13642015501809354, 0.27026050107106053, 0.3366197683128434], [0.26231395935864193, 0.12844434557073353, 0.41617691195655654, 0.1930647830140714]], "ideal": "C", "sampled": "D", "correct": false}}
{"type": "result", "data": {"idx": 8, "options": ["(ii) and (iv) only", "(i) and (iii) only", "(i), (ii), and (iii) only", "(i), (ii), (iii), and (iv)"], "probs": [[0.1895434902556408, 0.12846938282811735, 0.3115610571492619, 0.3704260696669841], [0.18556493094693535, 0.130885671058792, 0.45812059052872345, 0.22542880736555204], [0.1957930252943658, 0.17038657550518568, 0.2419501579018624, 0.39187024119858765], [0.21518534691873817, 0.19471202898455678, 0.3622089441432385, 0.22789367985347667], [0.20499728929597516, 0.2575192262779403, 0.21759898760827412, 0.3198844967178154], [0.2087621540054727, 0.2561592799562195, 0.3112890087420847, 0.22378955719620797], [0.2168035000400622, 0.13077652493516245, 0.3259687551370993, 0.32645121978769565], [0.2225649071714221, 0.14133887181204055, 0.40031762076078636, 0.23577860015573607], [0.21857245450599477, 0.20723577225945827, 0.1821608794866748, 0.3920308936478648], [0.2716356251519415, 0.2354639200583525, 0.3320896393845626, 0.1608108153051479], [0.23835094509985988, 0.2242689835165885, 0.20416436185418946, 0.33321570942935874], [0.25502950874654423, 0.21436095160248833, 0.368660096197446, 0.16194944335352246], [0.24056156948731472, 0.13423206574107024, 0.2544492069571377, 0.3707571577144997], [0.2532846008617568, 0.1521493592748547, 0.36328684644645837, 0.23127919331694377], [0.24117590126516933, 0.1801696572396182, 0.1559196251804158, 0.42273481621481435], [0.2946534107438186, 0.2134754474747213, 0.3240262034186391, 0.16784493826282715], [0.2916831351496277, 0.19238146364332023, 0.21874697545343455, 0.2971884256536311], [0.28806775885341107, 0.18492496480168807, 0.35636929960581626, 0.17063797663908134], [0.2459151791429162, 0.24449221564035564, 0.20490769809761022, 0.3046849070191122], [0.22341343201138456, 0.23085172479393745, 0.2987448029643252, 0.24699004013035128], [0.25667422602732226, 0.25012636061684246, 0.19103058783921298, 0.30216882541662327], [0.26035216305096115, 0.23548170068504196, 0.3452426419371484, 0.15892349422685395], [0.24783182968778056, 0.2812680005059289, 0.20643966123553112, 0.2644605084707598], [0.267407247384542, 0.2773000939514531, 0.2951775948758682, 0.16011506368814238]], "ideal": "B", "sampled": "D", "correct": false}}
{"type": "result", "data": {"idx": 9, "options": ["Less than -1", "Between -1 and 0", "Between 0 and 1", "Bigger than 1"], "probs": [[0.23447474833266205, 0.4021505652794428, 0.24297993283252178, 0.12039475345538087], [0.2532330661860267, 0.44123511220790745, 0.08611184306149737, 0.2194199784445485], [0.19181454638296083, 0.48220472188320046, 0.22010741608582804, 0.10587331554801158], [0.1948620576471437, 0.4973145088518926, 0.15720270126256106, 0.15062073213837804], [0.19913464493421082, 0.11952579495850044, 0.4990872053300788, 0.18225235467722203], [0.18349315876575784, 0.11724283931220338, 0.5481517082465757, 0.1511122935754696], [0.3784037397130354, 0.2085147612000233, 0.2997341282483656, 0.11334737073858045], [0.4365265086711665, 0.22865161144075674, 0.09713695580305648, 0.2376849239850296], [0.4138390727129962, 0.332938947014927, 0.13403714159114025, 0.11918483858094607], [0.4070305157812516, 0.3224017114437014, 0.1318374288441824, 0.138730343830875], [0.4321643742430226, 0.1400485893912161, 0.17141998839578698, 0.2563670478699749], [0.2699910214589722, 0.11316932961363145, 0.500995360971517, 0.11584428785588302], [0.5066695917709717, 0.18825184628653358, 0.21080192962734876, 0.09427663221512707], [0.537308664139915, 0.19119107804212157, 0.1055252826149468, 0.165974975103011], [0.5774075672413034, 0.19918421364926148, 0.11931858407363344, 0.10408963493581759], [0.6101400947021836, 0.19377991740311656, 0.0955545877477025, 0.10052540004701607], [0.5399703872174313, 0.21943942802172056, 0.0886624361090268, 0.15192774855180138], [0.5267893976001902, 0.21994380908348293, 0.15528326514186971, 0.09798352807443951], [0.25172762242964875, 0.16957381575513364, 0.3967348877048021, 0.18196367401040625], [0.23235625110930128, 0.14672207756059918, 0.4886488702743474, 0.13227280095574775], [0.26229129869934503, 0.3922687549434763, 0.16108000166227637, 0.18435994459490732], [0.24706515631752413, 0.344609909634054, 0.2926185260789542, 0.11570640786947878], [0.1904383864258894, 0.6317347881055173, 0.07643130489079256, 0.10139552047780691], [0.19081679965193563, 0.6072197819273762, 0.10277217218217981, 0.0991912461385183]], "ideal": "C", "sampled": "C", "correct": true}}
{"type": "result", "data": {"idx": 10, "options": ["(ii) and (iv) only", "(i) and (iii) only", "(i), (ii), and (iv) only", "(i), (ii), (iii), and (iv)"], "probs": [[0.16166325696891073, 0.14281034062006157, 0.29174189422777497, 0.403784508083244], [0.16820695526601542, 0.14904259243817475, 0.4081543905684956, 0.2745960616273177], [0.176328808751009, 0.21763111667538876, 0.13369382993496487, 0.47234624453864404], [0.205878369851884, 0.2540922945206136, 0.2961253380543805, 0.24390399747312], [0.18943352743716108, 0.26087964274094627, 0.20481566283065392, 0.3448711668912211], [0.19933029155406184, 0.2734684067494676, 0.32109476628523625, 0.2061065353112286], [0.17537337629619354, 0.15543422280857339, 0.26863543591263234, 0.4005569648825973], [0.18931016410372872, 0.1640363521585232, 0.37820452600727594, 0.2684489576304721], [0.1797881709119558, 0.2028301729151284, 0.20214213134470774, 0.41523952472821307], [0.21076890062980644, 0.2218363016252903, 0.32901604555277414, 0.238378752092129], [0.1985756286975889, 0.2629841798778223, 0.18659111215630178, 0.35184907916828956], [0.20072669010666921, 0.25866353863080627, 0.27439704743629767, 0.2662127237262281], [0.20334257187257082, 0.1985824565086801, 0.10976019165257435, 0.4883147798661679], [0.22737460322452965, 0.24580453058641724, 0.2841989409469797, 0.2426219251420673], [0.18950108404189894, 0.1666301895640512, 0.139760166722069, 0.5041085595719835], [0.20931907160077187, 0.17221732100004455, 0.3644423673568166, 0.25402123994235926], [0.24074102327928987, 0.27169074309416247, 0.2574174807391616, 0.2301507527873887], [0.2292742159876596, 0.25868121131836447, 0.2040747608432643, 0.3079698117506906], [0.2077094512618336, 0.24477474442269093, 0.16764303947650777, 0.3798727647389708], [0.2102274027795376, 0.2656120034836779, 0.31922526609802626, 0.2049353275387376], [0.21777371082413524, 0.24790535257359245, 0.1730750248619202, 0.36124591164035114], [0.2089576429013561, 0.2452731072162637, 0.2694605354714737, 0.2763087143109366], [0.22897331327751821, 0.298489423069997, 0.25444849869864217, 0.21808876485381387], [0.23399850077483886, 0.29343727287306076, 0.20582743155687852, 0.2667367946952201]], "ideal": "B", "sampled": "D", "correct": false}}
{"type": "result", "data": {"idx": 11, "options": ["(ii) and (iv) only", "(i) and (iii) only", "(i), (ii), and (iii) only", "(i), (ii), (iii), and (iv)"], "probs": [[0.17841175043850788, 0.13601271483316582, 0.29319872047484774, 0.3923768141534749], [0.18273900835976845, 0.1432788959856789, 0.4009329388939868, 0.27304915666055996], [0.18270911891709007, 0.19121638725969411, 0.22071028512852145, 0.4053642085947054], [0.19650814931666366, 0.21204486305030118, 0.35069849407095527, 0.24074849346208343], [0.18240871931740987, 0.2698562658032508, 0.21510002825890856, 0.3326349865204167], [0.18677498566756043, 0.2671156175437824, 0.28976497770066895, 0.2563444189880111], [0.19315059540585844, 0.1383296998960719, 0.31755723294500143, 0.35096247165304845], [0.19914170250848734, 0.15063406724208028, 0.3739706986405868, 0.27625353150884663], [0.19220640256939495, 0.21814500687553337, 0.1685141449099387, 0.42113444554513446], [0.21322450417899272, 0.24682561821969318, 0.28383610768479384, 0.2561137698165066], [0.1952556850229671, 0.22520426856384484, 0.21055854234959312, 0.36898150396358737], [0.21207248294678097, 0.22881692983756932, 0.3325779447184572, 0.2265326423971821], [0.20902353278973818, 0.15452935807400753, 0.22892644957479166, 0.40752065946148314], [0.21804732836879323, 0.17230341703172886, 0.3422150952896347, 0.2674341592098465], [0.20598209869156606, 0.19088000280346848, 0.15878012252684473, 0.44435777587813213], [0.22219981105660974, 0.22086324861143017, 0.2724947083203295, 0.2844422319116315], [0.22018014372674044, 0.23203331245485873, 0.2411053546935022, 0.30668118902489105], [0.22908143118886085, 0.22778060701578676, 0.3038874042913227, 0.2392505574040287], [0.20994495158753923, 0.2430312093236223, 0.20213975346370364, 0.3448840855251306], [0.20311371989748278, 0.22622391124828098, 0.299447350447127, 0.2712150183071101], [0.21803843701447018, 0.2390126762634685, 0.2116011108229211, 0.3313477757991398], [0.22012783755445106, 0.2147020842536674, 0.341442874575541, 0.22372720351633496], [0.20782295829638117, 0.28794639235689706, 0.2277322327282615, 0.27649841651846796], [0.22242235308780403, 0.289434090543077, 0.25942113370043385, 0.228722422568676]], "ideal": "D", "sampled": "D", "correct": true}}
{"type": "result", "data": {"idx": 12, "options": ["Forecasts can only be made for time-series data", "Mis-specified models are certain to produce inaccurate forecasts", "Structural forecasts are simpler to produce than those from time series models", "In-sample forecasting ability is a poor test of model adequacy"], "probs": [[0.2491425116089362, 0.21740936227776278, 0.20514345195369935, 0.3283046740595998], [0.24684166002187427, 0.16521930278833757, 0.3086642512897378, 0.2792747858000501], [0.21157665019563826, 0.32814148282072175, 0.14155152711477192, 0.3187303397688549], [0.20568531731222167, 0.27618294707198254, 0.1764338456344506, 0.3416978898813504], [0.20216530071838307, 0.2730603765521279, 0.20550522489867104, 0.31926909773082757], [0.18273663105004656, 0.2615748666588824, 0.21041921602691951, 0.34526928616414015], [0.35872311082220687, 0.1258865298826732, 0.2702022007891079, 0.24518815840601535], [0.3534241218807549, 0.12960165554354922, 0.2619288758928988, 0.25504534658279837], [0.33741270575078003, 0.22043392720917504, 0.15738373405482609, 0.284769632885222], [0.3835287552466171, 0.23417535272572004, 0.2629046450306856, 0.11939124689695782], [0.30499304511714925, 0.343615006806046, 0.11502901390630794, 0.23636293407049416], [0.37035140146310314, 0.36687405784496296, 0.15191108451830634, 0.11086345607362043], [0.31872349816554185, 0.14126411421475263, 0.2615094053273993, 0.27850298219231145], [0.3131237662631396, 0.1250746183135638, 0.20634184250370802, 0.3554597728195975], [0.34694734991281817, 0.1525769439534787, 0.2243048372050133, 0.27617086882867703], [0.3900005483857052, 0.13394248215684004, 0.3527925547416152, 0.1232644146158283], [0.25473843926985856, 0.27364689588242264, 0.16006979146786757, 0.3115448732798489], [0.31219492654135983, 0.28365743371434793, 0.26422714411199644, 0.13992049553230007], [0.3931561974115167, 0.10036597822584574, 0.31887701811822455, 0.18760080614439842], [0.4112306795212465, 0.08769711543546337, 0.2078002913060874, 0.2932719136371771], [0.43158356023152566, 0.23706744244779238, 0.11721618183255661, 0.21413281538812245], [0.504490180496245, 0.24082494755351583, 0.14782949568579176, 0.10685537616443574], [0.437436214348382, 0.1546654343370991, 0.13019179079116894, 0.27770656042333647], [0.47224154440469146, 0.18050040308683768, 0.20893753374003746, 0.13832051866844852]], "ideal": "D", "sampled": "D", "correct": true}}
{"type": "result", "data": {"idx": 13, "options": ["An AR and an MA model", "An AR and an ARMA model", "An MA and an ARMA model", "Different models from within the ARMA family"], "probs": [[0.21695780158562908, 0.18101422824739574, 0.10792180151451232, 0.4941061685524567], [0.10040958074346547, 0.086860497285037, 0.5625371615311128, 0.2501927603403698], [0.20734177629654263, 0.14747028814851673, 0.21330763126073957, 0.4318803041941866], [0.0752771383770786, 0.0643542468096075, 0.581157356164259, 0.27921125854902884], [0.08947221120764424, 0.5012436760820276, 0.2139766597748967, 0.19530745283544382], [0.08887527896651222, 0.5171420516713471, 0.11324099896268211, 0.28074167029942804], [0.19556547605028862, 0.22044729574902305, 0.09843792430851075, 0.48554930379217576], [0.07584967725293475, 0.08259142060078632, 0.613680493212998, 0.2278784088333166], [0.20110595252264724, 0.19929942029687786, 0.12698900961371232, 0.47260561746674745], [0.07368323410000341, 0.07164180313841724, 0.6491774303550877, 0.20549753230647552], [0.08650166746033722, 0.5554465924160809, 0.1655308993628333, 0.1925208406607433], [0.07863841161300085, 0.5654384490838964, 0.13225599259918885, 0.22366714660393394], [0.22809462617605217, 0.1910432674121958, 0.1295095372265073, 0.451352569085252], [0.07753588389335835, 0.07053531020944384, 0.6078691597892963, 0.24405964600789282], [0.21565069599887782, 0.20551332310451237, 0.15855417732283741, 0.4202818034737648], [0.08026465563807698, 0.07742476849008392, 0.6175368334867312, 0.22477374228512179], [0.0787051655762634, 0.47662883308726156, 0.22432629693437672, 0.2203397043021044], [0.07693345699778092, 0.47887009974055966, 0.2417266639619515, 0.20246977919971076], [0.1254857164535168, 0.25580200746733683, 0.31681949015382105, 0.30189278582530116], [0.11623249788386943, 0.24933682067670407, 0.19621429337466817, 0.4382163879647646], [0.13576209155701707, 0.20037160075330182, 0.38105293876507956, 0.2828133688245883], [0.1366984585816427, 0.21385929089240419, 0.32307415008752066, 0.32636810033843366], [0.14246147594047295, 0.16571658012975032, 0.3225652621849446, 0.36925668164482495], [0.14269705569006416, 0.15650583287897524, 0.379403282252795, 0.3213938290781618]], "ideal": "B", "sampled": "D", "correct": false}}
{"type": "result", "data": {"idx": 14, "options": ["A cyclical pattern in the residuals", "An alternating pattern in the residuals", "A complete randomness in the residuals", "Residuals that are all close to zero"], "probs": [[0.6882212947922592, 0.16641564324077746, 0.07527339930092478, 0.07008966256601938], [0.6728297616745902, 0.18427066252065294, 0.037278461123241784, 0.10562111458152838], [0.7698890344429766, 0.07510907825582956, 0.08786823673950601, 0.06713365046168071], [0.7846416212612228, 0.0785913419189715, 0.031180150507275965, 0.10558688621252393], [0.5193314676631359, 0.040455588552732256, 0.32106565332533465, 0.11914729035878481], [0.7611410290133063, 0.042885879918108445, 0.07216845887670478, 0.12380463209186582], [0.5682629674284565, 0.2536828127678309, 0.08934434808378482, 0.08870987161992079], [0.5192963951919558, 0.28479389981307696, 0.05123930924500637, 0.14467039564996584], [0.6118545075540712, 0.07009967537201174, 0.2408604673213871, 0.07718534965251823], [0.6026229456774552, 0.06717597844122561, 0.037202811206543354, 0.29299826457475825], [0.3965748175838771, 0.038857547752069566, 0.44564754548458374, 0.11892008907947063], [0.5604980415329329, 0.04042176537483693, 0.06241472339115364, 0.33666546960106225], [0.21260412952191352, 0.4450294941383136, 0.22337245626083865, 0.1189939199789483], [0.1762716867792041, 0.47158840930675017, 0.05673709820272417, 0.29540280561130533], [0.16542724067929448, 0.22015028584160995, 0.49655189512031905, 0.11787057825875988], [0.1246658332544874, 0.2842977287586232, 0.03746220725904038, 0.5535742306278243], [0.13798337671522037, 0.03685516044710532, 0.6620642565396743, 0.1630972061980057], [0.12177799359610919, 0.028338362952164187, 0.4143879005447757, 0.4354957428069592], [0.0901010967959487, 0.5946771577850678, 0.1878659990274686, 0.12735574629150767], [0.08708839553868229, 0.7188047997782588, 0.0679909643418518, 0.12611584024123274], [0.08846628659714893, 0.3788521442478082, 0.392883245885807, 0.1397983231692177], [0.07783813348882894, 0.4465363097141812, 0.0547839020418152, 0.420841654655168], [0.07970947192381075, 0.03969128352211091, 0.7272596345305893, 0.15333960992347892], [0.06699141005792156, 0.025688618297288496, 0.40963877250385794, 0.4976811990409242]], "ideal": "B", "sampled": "A", "correct": false}}
{"type": "result", "data": {"idx": 15, "options": ["(ii) and (iv) only", "(i) and (iii) only", "(i), (ii), and (iii) only", "(i), (ii), (iii), and (iv)"], "probs": [[0.11536154887210275, 0.13000866697721086, 0.25232764462245344, 0.502302139428255], [0.12064195878823436, 0.14030330615772105, 0.3763615562555986, 0.3626931786984367], [0.12132110440446349, 0.15197039313375146, 0.24932591967661907, 0.47738258268518197], [0.13691044471539676, 0.17897224649872853, 0.3124253085818816, 0.371692000103984], [0.13693965339127478, 0.18761008104667737, 0.27491205432001575, 0.40053821114204], [0.1378660922148037, 0.18592092701614013, 0.30495662627102815, 0.37125635439803767], [0.13950580843663846, 0.1371488596817942, 0.2538590684577325, 0.4694862633238373], [0.1471579163072053, 0.15346751136419326, 0.342544582254908, 0.3568299899736845], [0.14623903361953802, 0.18528163256446475, 0.16667064040288448, 0.50180869331311], [0.1801339093928406, 0.22552767363525109, 0.28588896198271996, 0.30844945488917824], [0.16896217827258372, 0.1775090238244565, 0.2241984382128345, 0.4293303595901418], [0.17352158913749247, 0.17871649218977131, 0.3793514406618097, 0.26841047791091277], [0.148249392163383, 0.1326541559429119, 0.22993806628596614, 0.48915838550774327], [0.16970821712837147, 0.15797815727762934, 0.3175489324374326, 0.3547646930565677], [0.14554727567079181, 0.17740135837263815, 0.15336536350953608, 0.5236860023470357], [0.18611900743568585, 0.23297608271872566, 0.2765441893498086, 0.3043607203957876], [0.1867338447008291, 0.17583640727598612, 0.23006559634117346, 0.407364151582], [0.1877674819901197, 0.16863706379729512, 0.3664910079895946, 0.2771044461229771], [0.15287703316747564, 0.19748581759020925, 0.2504483480370567, 0.399188801105258], [0.14668069251050572, 0.18727954452871096, 0.30624406612043514, 0.35979569674034473], [0.16093511990133397, 0.2136568318510945, 0.22283639690070148, 0.402571651246886], [0.1570675835555323, 0.21017577180552915, 0.3572399799022267, 0.275516664636728], [0.15777523697511422, 0.23807798263802565, 0.2334216039336759, 0.3707251763531931], [0.16454583250630922, 0.23898005421758112, 0.3263309568984152, 0.27014315627770097]], "ideal": "A", "sampled": "D", "correct": false}}
{"type": "result", "data": {"idx": 16, "options": ["(ii) and (iv) only", "(i) and (iii) only", "(i), (ii), and (iii) only", "(i), (ii), (iii), and (iv)"], "probs": [[0.16197467577642674, 0.13098879252995005, 0.3004241368040393, 0.40661239478956374], [0.15917627193183012, 0.13689748744218616, 0.40338795063859206, 0.3005382898873938], [0.17359092114651603, 0.17255186572858253, 0.25674253501204625, 0.39711467801285255], [0.18383417789759585, 0.1915357988565265, 0.3345310241328792, 0.2900989990129955], [0.17986779320076365, 0.22064951276227787, 0.2364948703112722, 0.3629878236256799], [0.17896203790411563, 0.21204889148763983, 0.3142015830095459, 0.2947874874986782], [0.18232177250660098, 0.1389648063397382, 0.30799435937177483, 0.3707190616818759], [0.18000472963377157, 0.15016119910427878, 0.3768741006371507, 0.29295997052481104], [0.19684250528151004, 0.23782823413378884, 0.15714470315317666, 0.40818455733152526], [0.20941199355728324, 0.26722848466195703, 0.28984774741420244, 0.23351177426656142], [0.19635363745060808, 0.2437421417439677, 0.20344601187195976, 0.3564582088334726], [0.1981493825514246, 0.2347907684414517, 0.37051638192291086, 0.19654346698421732], [0.21563530619158564, 0.14843092820956424, 0.2288391806111144, 0.40709458488773015], [0.21632612962563966, 0.15981634557019758, 0.3419743230644244, 0.28188320163973024], [0.2204035067919377, 0.19183504885242997, 0.14298060109657798, 0.44478084315903366], [0.23123804689803132, 0.2219692999654548, 0.3007233713353708, 0.24606928170114836], [0.24543680948955207, 0.23367673671615938, 0.2109194273178142, 0.3099670263764879], [0.24596697283043215, 0.21236763200342137, 0.3363128842912544, 0.2053525107748936], [0.20437763371502746, 0.23465417683003728, 0.20131383371638292, 0.35965435563854836], [0.18945348816464905, 0.2100062078482145, 0.31634767497354127, 0.28419262891360403], [0.21715055027887503, 0.24648640293902582, 0.20025190116145622, 0.3361111455206287], [0.20903682208275512, 0.22996639270956035, 0.37737113833276653, 0.18362564677493282], [0.2086083098622705, 0.3001492133451093, 0.20872991232520893, 0.28251256436740385], [0.21828654804056036, 0.29178082842059017, 0.31051083123203227, 0.179421792206818]], "ideal": "C", "sampled": "D", "correct": false}}
