{"type": "result", "data": {"idx": 0, "options": ["p = 4", "p = 8", "p = 12", "p = 24"], "probs": [[0.2624215221573324, 0.18820706317537175, 0.2472799760219002, 0.3020914385454079], [0.3224386865056455, 0.2369145427195982, 0.16590132018668197, 0.2747454504880584], [0.2581118837005332, 0.16283714614581973, 0.29223979911677506, 0.2868111709368575], [0.31456542157658035, 0.20877573206501226, 0.23360871491018922, 0.24305013134821524], [0.28015291617398935, 0.12382821747617276, 0.349722014943335, 0.24629685130649398], [0.2337759636448311, 0.11439429651201657, 0.4348092525829548, 0.2170204871601853], [0.1931882329263957, 0.36487779792524694, 0.18207687537961353, 0.25985709366871507], [0.20203922493986254, 0.41112951203197073, 0.13738176215106215, 0.24944950077711708], [0.18652404579516, 0.13747790420349398, 0.41202964138432707, 0.26396840851703085], [0.24939254651152853, 0.21670520862953618, 0.2513419762488985, 0.2825602685100429], [0.20602922091809492, 0.14106110815353431, 0.3788459364566191, 0.2740637343717406], [0.19668922731096686, 0.13418207579651728, 0.39269143186681704, 0.2764372649257133], [0.21173944051294985, 0.30202043249959365, 0.25724322758239015, 0.22899689930504974], [0.24071293840873842, 0.3682303874794755, 0.16931202798744413, 0.22174464602432584], [0.24307629351093873, 0.15035792065651069, 0.36909360541739467, 0.23747218031513734], [0.30262461699997545, 0.2171054937359606, 0.20796476950347598, 0.27230511966057763], [0.24865197089771282, 0.16242889125621562, 0.3242193208474929, 0.2646998168985823], [0.26249258147706656, 0.1825032445681231, 0.2643340615852967, 0.2906701122695042], [0.11216623882416106, 0.5069837112800816, 0.1851888063458994, 0.19566124344983732], [0.10845898272662104, 0.49629172445641484, 0.20528346117327875, 0.18996583154369737], [0.12353493503313431, 0.2848377639073351, 0.38629598576207597, 0.20533131519744766], [0.12161614022102697, 0.33292484986066895, 0.2593399017020362, 0.2861191081162794], [0.11075630597639077, 0.3750092247764876, 0.31098502173230586, 0.203249447414805], [0.11371332812746222, 0.44772404440481084, 0.1781669799518886, 0.2603956474158506]], "ideal": "C", "sampled": "A", "correct": false}}
{"type": "result", "data": {"idx": 1, "options": ["5", "7", "8", "9"], "probs": [[0.18879130886990642, 0.24822317229753313, 0.33143302704788524, 0.23155249168466105], [0.1805687002502323, 0.2187320460222633, 0.30027381791132074, 0.30042543571619446], [0.17385667102679997, 0.2725234826472109, 0.3404513327251548, 0.21316851350083083], [0.17786553536252803, 0.27127080184240604, 0.32842857599344094, 0.2224350867016329], [0.16752167158027906, 0.26547295035804636, 0.3044730023364108, 0.2625323756252503], [0.17457392992600745, 0.2898497030820919, 0.3174019870475256, 0.2181743798443797], [0.20517393585790553, 0.3175024430117821, 0.27195490922080173, 0.20536871180951677], [0.2013814588507807, 0.28400484799872977, 0.2638379515200478, 0.25077574153045107], [0.2095927386710355, 0.27230238790593886, 0.3074536071401602, 0.21065126618287028], [0.2123791412135056, 0.28032845263175976, 0.28270927674754426, 0.22458312930721142], [0.19234814881412504, 0.25885196481515743, 0.31110022893888833, 0.23769965733183235], [0.18843070882541604, 0.24576220674149446, 0.3779380610219056, 0.18786902331118904], [0.22050937952035754, 0.2764947751265746, 0.30041527887638075, 0.2025805663766752], [0.2234477443450089, 0.2889673438966577, 0.26222146763722176, 0.22536344402109887], [0.21656721838655535, 0.28917748006633254, 0.2984239270590252, 0.195831374388091], [0.21696579046350234, 0.2918991922077352, 0.28866775840714637, 0.2024672588216042], [0.22219101924944606, 0.27866242642800076, 0.25776397216810637, 0.24138258205445765], [0.23200340301129704, 0.2742928783980161, 0.2702865873626658, 0.22341713112801154], [0.20774746267661096, 0.2615135797757488, 0.2951638911718651, 0.2355750662757825], [0.21045532586383894, 0.27669427782586187, 0.2788206118212664, 0.23402978438902727], [0.2077382305937196, 0.2605320963041826, 0.3130494195394179, 0.21868025346268818], [0.20690799604626958, 0.24759835694908836, 0.3547011929418989, 0.190792453962741], [0.20557129070327987, 0.3001778938692999, 0.24992698026361798, 0.24432383506379673], [0.20649287798161764, 0.2854310745289425, 0.2846281661316213, 0.22344788125782922]], "ideal": "C", "sampled": "C", "correct": true}}
{"type": "result", "data": {"idx": 2, "options": ["1 over 5", "\u22125", "\u22121 over 5", "5"], "probs": [[0.18975103426861573, 0.18032473040441135, 0.4386786008540379, 0.19124563437293807], [0.2297015393423262, 0.20266060721938625, 0.2737594576949137, 0.2938783956433775], [0.2655237243180954, 0.3348084743718941, 0.17078653344272346, 0.2288812677673055], [0.2903528135796838, 0.36694465428197676, 0.15337250860407606, 0.1893300234342635], [0.2900973018399191, 0.17222304459518364, 0.18482420752515122, 0.35285544593976476], [0.23509500471671066, 0.1524069743112552, 0.4391448905303825, 0.17335313034164185], [0.18403768224398126, 0.24558202365178894, 0.39955767779729984, 0.17082261620692815], [0.19800197888444623, 0.25675722379717164, 0.2680640562120278, 0.2771767410063769], [0.19669310205903956, 0.24089513579970212, 0.40678239247775205, 0.15562936956351395], [0.2138596304053178, 0.26284767740373044, 0.20090198788649258, 0.32239070420446414], [0.18065095252126498, 0.2444484975252147, 0.29452628137764253, 0.28037426847587804], [0.18357492183000096, 0.2402957243480717, 0.26808909403414, 0.3080402596877746], [0.2407932713560372, 0.40210656823250795, 0.17682488776910826, 0.18027527254233988], [0.2594839553198917, 0.44263997094726987, 0.148688670780722, 0.14918740285212434], [0.19023728662935951, 0.18008696796950135, 0.45089780362814397, 0.17877794167298688], [0.22829283224316688, 0.21326429325632743, 0.21154401420649405, 0.3468988601940065], [0.2264906036572987, 0.15201239362890814, 0.4906275211648976, 0.130869481448898], [0.27783594861020927, 0.1712233045645491, 0.21939974345410393, 0.33154100327114333], [0.1738351472261442, 0.30962265466172056, 0.2121286479795706, 0.3044135500325437], [0.1565112137476776, 0.3013857810602939, 0.39489736542557013, 0.14720563966646116], [0.16868432476445525, 0.2582769282890738, 0.29163856247794356, 0.2814001843685254], [0.1725451796068886, 0.2619001978157164, 0.2335755215587671, 0.3319791009186268], [0.1636170319119496, 0.23898243261149482, 0.46435724991840543, 0.13304328545815983], [0.16983830257019664, 0.253541123732575, 0.2424729367795105, 0.33414763681773435]], "ideal": "D", "sampled": "A", "correct": false}}
{"type": "result", "data": {"idx": 3, "options": ["4", "5", "6", "7"], "probs": [[0.20234900542886342, 0.29224671801955315, 0.30051191379143233, 0.2048923626601547], [0.18523488906811866, 0.2484627028139637, 0.2654700213673227, 0.30083238665058115], [0.20411980998270124, 0.27564140159287326, 0.33272534707917334, 0.18751344124524905], [0.19084172577629205, 0.2509880216427119, 0.305225261280227, 0.2529449912007675], [0.19489080814598855, 0.2464480827172208, 0.2803847580296355, 0.2782763510071631], [0.19425954039286053, 0.24457653689361952, 0.3105287852352857, 0.2506351373782358], [0.1996963322672794, 0.31308675270315334, 0.2784949564081352, 0.2087219585214262], [0.18914611948420568, 0.2626409818316425, 0.22482615831397812, 0.32338674027017444], [0.2209975625258209, 0.3179702012582616, 0.2556292173577822, 0.205403018758141], [0.2159519632929348, 0.29077470785884607, 0.29097781676000184, 0.202295511988229], [0.2029370968062082, 0.25855762862237325, 0.2586501641531459, 0.2798551103182412], [0.19392088219078818, 0.23959055497161283, 0.3515280281995421, 0.2149605345380629], [0.19025556003451233, 0.2802496808616419, 0.36141647316169107, 0.16807828584215873], [0.20039975718848863, 0.28146836389014296, 0.2514694081062709, 0.2666624707151033], [0.20840209907338242, 0.2849713532006119, 0.3106621302014689, 0.19596441742453408], [0.21791295571985525, 0.2888422867306121, 0.2777178561852684, 0.21552690126426588], [0.2154494782241124, 0.2540426604902843, 0.2321684069370709, 0.2983394542485463], [0.232650557679108, 0.28843415026318847, 0.22217378486577405, 0.25674150709190496], [0.18126678626133677, 0.23008473179941655, 0.31833437192709013, 0.2703141099121647], [0.18736529367855012, 0.2323729904960185, 0.300902118038069, 0.2793595976873846], [0.18876329369975783, 0.25695140890222573, 0.32379900509363574, 0.23048629220437097], [0.19180348112671897, 0.25128565315821344, 0.33944677213615254, 0.21746409347891646], [0.18152015985512437, 0.229519812714363, 0.27373101061034155, 0.31522901672017156], [0.20429825471377983, 0.262372672451936, 0.29508984820285183, 0.23823922453141355]], "ideal": "B", "sampled": "C", "correct": false}}
{"type": "result", "data": {"idx": 4, "options": ["4t = 112; $448", "4t = 112; $28", "t over 4 = 112; $448", "t over 4 = 112; $28"], "probs": [[0.22044661863085374, 0.2786887043393838, 0.2086777617841083, 0.2921869151456619], [0.21606398657981377, 0.27406996576558657, 0.26867543593001736, 0.24119061162457214], [0.23017534555944655, 0.19768704218151037, 0.28199280916756586, 0.2901448029914891], [0.22546389498845415, 0.18982477989493798, 0.290514578438514, 0.29419674657809297], [0.19295766184204988, 0.32675426672897406, 0.2731299630006039, 0.20715810832837725], [0.20928083536869466, 0.3276253143707957, 0.18245157289357944, 0.2806422772669337], [0.3442621699567649, 0.13701821503199826, 0.18867504306981844, 0.3300445718414034], [0.32528937783664297, 0.12018257776923662, 0.32016999143885627, 0.23435805285528152], [0.340094172026691, 0.16083300550311525, 0.20083205185799446, 0.2982407705122027], [0.2439142336392737, 0.12363724806332868, 0.46473488926420364, 0.16771362893318004], [0.3471047586280384, 0.2650292568028359, 0.17048104395091754, 0.2173849405182228], [0.3493285389651205, 0.26160177781943905, 0.17698720025698791, 0.21208248285844147], [0.22885896212722212, 0.24929341113848158, 0.21736994924501654, 0.3044776773892747], [0.21561116032898017, 0.21903768411143973, 0.3149550813740752, 0.25039607408551967], [0.21332564732738593, 0.33152340789047113, 0.19040596491532494, 0.2647449797668262], [0.19447073422650046, 0.2999872696137305, 0.3000311345117474, 0.205510861548031], [0.19758977200799838, 0.28067893393670285, 0.25665103808223916, 0.2650802558730633], [0.19068486252502148, 0.27304018174078376, 0.3166839719784949, 0.21959098365572208], [0.2758315845213165, 0.14950807538757968, 0.3984415195119715, 0.1762188204791332], [0.3426233087519019, 0.20708209649803322, 0.19142981645394294, 0.2588647781961365], [0.3220842365765032, 0.32078619051268825, 0.16383706611338728, 0.19329250669741393], [0.3132144995662528, 0.325643025764759, 0.17031124239692474, 0.19083123217206913], [0.3276039803798731, 0.12930380922479368, 0.195555650898067, 0.34753655939727185], [0.23621538168703438, 0.09579979535357515, 0.46593311440987, 0.20205170844953102]], "ideal": "B", "sampled": "B", "correct": true}}
{"type": "result", "data": {"idx": 5, "options": ["9", "11", "26", "32"], "probs": [[0.17513410582076527, 0.17822360103599488, 0.3714781196746482, 0.27516417336858173], [0.18794205862342345, 0.18651126066167886, 0.3236893132275233, 0.30185736738738767], [0.19371195954627018, 0.3125284181566717, 0.27061244038564497, 0.22314718181140725], [0.19040675838425367, 0.29590594886272364, 0.3227361709211817, 0.19095112173183112], [0.2020254785615188, 0.2944268224816603, 0.268394389649738, 0.23515330920708202], [0.1887917256894802, 0.27263887270396486, 0.3393139466464196, 0.19925545486014656], [0.18307959817948985, 0.20034414164406672, 0.3435971029194068, 0.2729791571570342], [0.1973646224421939, 0.21352165039611062, 0.32004956646379373, 0.2690641605979128], [0.20223825514773303, 0.24688559073087743, 0.29384441682466445, 0.2570317371967344], [0.20571501067044534, 0.2519651877366174, 0.32182909719529756, 0.22049070429761428], [0.21044916029172492, 0.22929891203842356, 0.28431975103831403, 0.27593217653154306], [0.20257819554320688, 0.2242450405935277, 0.3434652506064777, 0.22971151315680496], [0.19238902800210286, 0.2666320252813954, 0.27311762209062573, 0.26786132452585554], [0.1912759974697291, 0.2643888198105359, 0.34528494381644936, 0.19905023880328096], [0.20361713139076107, 0.2245725360919901, 0.27458640081162405, 0.29722393160561983], [0.20911023725455385, 0.24067607984559264, 0.3286558172760435, 0.22155786552381548], [0.22820085317722857, 0.21490932869799148, 0.3103220134886578, 0.2465678045361227], [0.23235692496402574, 0.2179748560943304, 0.2990672076084847, 0.2506010112331562], [0.1779179032843104, 0.2562980189416231, 0.2740047150823127, 0.29177936259175075], [0.17206094616207024, 0.2484720777538681, 0.3745806766877215, 0.20488629929633906], [0.18929041454566836, 0.2179399086156836, 0.2691436909045445, 0.32362598583410296], [0.18610463896039103, 0.2218294572238788, 0.3638230158852629, 0.22824288783047142], [0.22426458928361734, 0.21526287868056104, 0.3144502523869446, 0.24602227954887995], [0.22619678255510528, 0.22049889639991724, 0.2997293146168385, 0.25357500632814456]], "ideal": "C", "sampled": "C", "correct": true}}
{"type": "result", "data": {"idx": 6, "options": ["1.1 over 11", "11 over 11", "12 over 11", "11 over 12"], "probs": [[0.2649853626640993, 0.12115234243417622, 0.391088882280742, 0.22277341252099334], [0.2777397565421666, 0.11982570441236443, 0.31235373423692137, 0.29008080470853], [0.2629704614653714, 0.2696619249261413, 0.25600676247655735, 0.21136085103194402], [0.22348703102528011, 0.2253922701705069, 0.20205142188847378, 0.34906927681574984], [0.21438254816771302, 0.11460439343290636, 0.40716251081702104, 0.2638505474823664], [0.22438172061275016, 0.12325988234914237, 0.27508449068232954, 0.37727390625578366], [0.2042706669469974, 0.1570270812739461, 0.41115279676598987, 0.2275494549130551], [0.2242058466857067, 0.17268121259302793, 0.3089081384574743, 0.29420480216376793], [0.21398961603790206, 0.28701025183598045, 0.27554681615361903, 0.22345331587250442], [0.18676103654346102, 0.26553429464764267, 0.28878227452782296, 0.25892239418107943], [0.20323185032569877, 0.16920424797062372, 0.28383677858304895, 0.34372712302062886], [0.19865545463093623, 0.17745885982267498, 0.32968496126974034, 0.29420072417663723], [0.34220498411821015, 0.2236402727837598, 0.2065150271564881, 0.22763971584154266], [0.2827511137962639, 0.17237014278640594, 0.19606029490401677, 0.34881844841332477], [0.34423508755183563, 0.16023847556018586, 0.2849481249522751, 0.2105783118356875], [0.2936562344192927, 0.14375272277377704, 0.2994102443539283, 0.26318079835298924], [0.2642326496323086, 0.17754580083912566, 0.1838753705279014, 0.3743461789006525], [0.25022405078986965, 0.1717317607921613, 0.3482795114330695, 0.22976467688490088], [0.22208283295220269, 0.11965962956388992, 0.4015297214587012, 0.25672781592521055], [0.2001844312267745, 0.11523424507557539, 0.3261772451662948, 0.35840407843136035], [0.24490301450133767, 0.2083143893625145, 0.22431456674065808, 0.3224680292954918], [0.23609868627105407, 0.21258843070476274, 0.29290125241605136, 0.25841163050815397], [0.24331140275248062, 0.17531682325282702, 0.17676397296377686, 0.404607800930919], [0.2272795223463711, 0.14887579301458298, 0.4173004583769284, 0.20654422616211504]], "ideal": "C", "sampled": "C", "correct": true}}
{"type": "result", "data": {"idx": 7, "options": ["3.6", "36", "0.01272", "12.72"], "probs": [[0.305549158603409, 0.14866668286263385, 0.31420836542558717, 0.23157579300838005], [0.292382257373169, 0.14172427388204226, 0.2878292241557199, 0.27806424448908035], [0.26822600732852875, 0.280888288631388, 0.20849165653601956, 0.24239404740405532], [0.24105983094311123, 0.26569065586716595, 0.22742390947548038, 0.26582560361424035], [0.3015226658989433, 0.17526275880706765, 0.24524912013875552, 0.27796545505522535], [0.2497031699763649, 0.15060915713079354, 0.36775782483114094, 0.23192984796170096], [0.17369004389073392, 0.32064944554035124, 0.29683218126878447, 0.2088283292001255], [0.17930560646189478, 0.30183813692513517, 0.25941537401194975, 0.2594408825010293], [0.17922459191209708, 0.2791707977705259, 0.30080385979423596, 0.24080075042312823], [0.17950540667515677, 0.2682414189672058, 0.35005553821865903, 0.20219763603895932], [0.16810560611838088, 0.2108944180462728, 0.3485192266325956, 0.272480749102738], [0.1641992094561714, 0.20393589743995766, 0.4446358976066483, 0.18722899539720722], [0.3591923682940199, 0.141250656893586, 0.21624305058625762, 0.28331392412612666], [0.3253794885027665, 0.13753942810185804, 0.3333472398734162, 0.20373384342196776], [0.34989524868938554, 0.10207616621946868, 0.3028023558780034, 0.24522622911314035], [0.3536207108924848, 0.10118678708167181, 0.38872781736602663, 0.15646468455981682], [0.3723310020770032, 0.20415561201341337, 0.2010487505232365, 0.2224646352863383], [0.37757594540551126, 0.2041124993834682, 0.17811316703831703, 0.24019838807269148], [0.2488490719149777, 0.1619987557372525, 0.28880917021122743, 0.30034300203656633], [0.23365112569877505, 0.1422852279019996, 0.3838505509661131, 0.24021309533312712], [0.2569375824127443, 0.10989804749881947, 0.34188781956709746, 0.2912765504213505], [0.30018904471836516, 0.11692600032726067, 0.39934469568288694, 0.183540259171511], [0.2823043779829166, 0.3040172934378674, 0.18226685191062397, 0.23141147656859476], [0.2884787357344607, 0.30457469497120226, 0.18402009662649207, 0.22292647256785034]], "ideal": "B", "sampled": "C", "correct": false}}
{"type": "result", "data": {"idx": 8, "options": ["159.26", "2.224", "14,111", "126.26"], "probs": [[0.5314327020473543, 0.11283075064469308, 0.12331095998323749, 0.23242558722473403], [0.4957909003608532, 0.10329883068275492, 0.30098906506080325, 0.09992120379559004], [0.5199505382670804, 0.07574457834590276, 0.15253777294513332, 0.25176711034185584], [0.43162977246971174, 0.07662316514859863, 0.3525722678531826, 0.13917479442851333], [0.5188792038929151, 0.22684941145424894, 0.14469912023467701, 0.10957226431816318], [0.5642492853328872, 0.22729703784576918, 0.0961794893612456, 0.11227418736010902], [0.3796698197406062, 0.22420905148794262, 0.14502431118409853, 0.25109681748734425], [0.353416389229853, 0.1711048517787391, 0.3662891526717486, 0.1091896062196587], [0.3220279210558719, 0.11399890935462685, 0.33094422336231244, 0.23302894612717892], [0.31595351537972594, 0.1145730749618227, 0.34863775333718605, 0.2208356562212517], [0.3627851141238432, 0.20846433256972938, 0.330408107167587, 0.09834244603881907], [0.39185675106508516, 0.2551268411427517, 0.1250369082850544, 0.2279794994071138], [0.24428594652949992, 0.28801418372587184, 0.20731249124792697, 0.2603873783967097], [0.23456241244414133, 0.22562650851464355, 0.40227611069013336, 0.13753496825109535], [0.2271025907081826, 0.13968461495251677, 0.38344571877575906, 0.249767075463546], [0.22506862674823896, 0.1387387361472178, 0.3999515505208787, 0.23624108648365877], [0.24398055694573992, 0.292261506242935, 0.3389779916159378, 0.12477994509538974], [0.2411515925318396, 0.3164387657553674, 0.18390556546225387, 0.2585040761505232], [0.6324657283419602, 0.13334627244554492, 0.12565885819385103, 0.10852914091863648], [0.6803542221241835, 0.12336708046359167, 0.08356131750132804, 0.11271737981088094], [0.5381286784540164, 0.09554988177270421, 0.27192416894358135, 0.0943972707296898], [0.5910172679897371, 0.09564256802916768, 0.09996819095955421, 0.21337197292156596], [0.5403408430847743, 0.0700134452325493, 0.27938449830923134, 0.11026121327347443], [0.5716846005764379, 0.0691921822046639, 0.12422234874827, 0.2349008683706142]], "ideal": "D", "sampled": "D", "correct": true}}
{"type": "result", "data": {"idx": 9, "options": ["0.72", "0.702", "10.0571", "7.2"], "probs": [[0.3452350581572142, 0.1878326885410931, 0.1723376212622451, 0.29459463193944596], [0.30250126371596747, 0.1625883429978458, 0.22134777340008774, 0.31356261978608885], [0.3143331881594682, 0.12811481925148113, 0.3387328541227822, 0.21881913836625125], [0.2462565514127243, 0.10580703954923901, 0.3542808446240013, 0.29365556431402645], [0.2831131794547673, 0.15691658751382145, 0.28100508000531504, 0.2789651529261187], [0.272117868154086, 0.1373629059097858, 0.25971475702969754, 0.330804468806426], [0.270152959485829, 0.3035830450810554, 0.17722404617917584, 0.24903994915392125], [0.24087931641281196, 0.25835177518684815, 0.21011678344819767, 0.2906521248521411], [0.2282344796053492, 0.09899881180028801, 0.47965105740282776, 0.19311565109154244], [0.2380128231792869, 0.10547380227328595, 0.2974665493802135, 0.35904682506719804], [0.1742850188430043, 0.0820640317685751, 0.5581333477082251, 0.18551760158020641], [0.22993854567698235, 0.1007247826159341, 0.25765556265287737, 0.41168110895421084], [0.339133644105288, 0.18151959176661644, 0.24053169831210042, 0.23881506571599403], [0.3031847212404302, 0.16231051638601904, 0.26045988549123195, 0.2740448767823406], [0.30683267273506093, 0.1610978335208584, 0.31679923708725444, 0.21527025655683382], [0.2889326426212046, 0.14540941909110522, 0.20572071287171473, 0.35993722531598454], [0.2665220784390702, 0.14667708564788381, 0.38634227923273445, 0.20045855658032574], [0.2715477063743079, 0.15005523553828853, 0.2914749394310682, 0.28692211855634625], [0.24688441504075012, 0.3346520186710104, 0.20546265730850435, 0.21300090887972964], [0.2390247286534816, 0.34778122337446155, 0.2021068286480897, 0.21108721922396848], [0.23655847833522525, 0.16844373774768656, 0.39637018293180853, 0.19862760088527862], [0.25388154588869516, 0.1864088553562531, 0.19314842354447398, 0.3665611751105785], [0.26954859283678684, 0.15968018371719772, 0.3967173337692683, 0.17405388957673762], [0.2759651910604769, 0.1747464214171567, 0.2623561290343249, 0.28693225838804753]], "ideal": "D", "sampled": "A", "correct": false}}
{"type": "result", "data": {"idx": 10, "options": ["150 + 400 + 200", "200 + 400 + 200", "200 + 450 + 200", "200 + 500 + 200"], "probs": [[0.14937359489467292, 0.26205212927429683, 0.3542389326799699, 0.23433534305106665], [0.1530602804766269, 0.27605995142754564, 0.290317258188541, 0.28056250980728065], [0.1253953849337187, 0.1852535542137673, 0.48810900483290526, 0.20124205591960184], [0.1513319696406583, 0.26430168740532783, 0.27609034599364873, 0.30827599686037077], [0.11777918160377601, 0.14764389666807481, 0.5135172890054747, 0.22105963262268755], [0.13760884760100922, 0.18513225740305633, 0.37534939472633655, 0.3019095001696001], [0.15221265184336966, 0.3193196887381253, 0.32193997514303535, 0.20652768417546716], [0.15430319981633514, 0.3264798321529767, 0.26559657501901474, 0.25362039291167], [0.1498555024079304, 0.27135696119907116, 0.34831616571802865, 0.23047137057497527], [0.15967129960098247, 0.30514234587269706, 0.3175246462972373, 0.21766170812906943], [0.14590935980643396, 0.2057655151035253, 0.38895941653533705, 0.2593657084547288], [0.1261994695782516, 0.18139515478385349, 0.48352906815988395, 0.2088763073780246], [0.15785978368373235, 0.3445075075518053, 0.30773690191889225, 0.18989580674558876], [0.15372176462543072, 0.3421919527215039, 0.2562951355384275, 0.24779114701463148], [0.14350720254910396, 0.33715626293018364, 0.3072035170899711, 0.21213301733074214], [0.1481841084966008, 0.37514038182021076, 0.25997122497172337, 0.21670428461145583], [0.13984770071336483, 0.21662396918275087, 0.3366702846309142, 0.30685804537295924], [0.12648445437332567, 0.18620070751269263, 0.48658394168944247, 0.2007308963245392], [0.1450157423560293, 0.32399343222392385, 0.3357005688276265, 0.19529025649243806], [0.13595292345987325, 0.29195971486831324, 0.3564839647370611, 0.2156033968347619], [0.1350562984752858, 0.33153459149766573, 0.3079262245376273, 0.2254828853894326], [0.12625466182891654, 0.3119934918687232, 0.37070420328574066, 0.1910476429166161], [0.1306764073907184, 0.3049887102199244, 0.2820048306017111, 0.28233005168764047], [0.12254823665385875, 0.27694323353699035, 0.42079622617691204, 0.1797123035322516]], "ideal": "C", "sampled": "B", "correct": false}}
{"type": "result", "data": {"idx": 11, "options": ["21", "7", "1", "None of these"], "probs": [[0.1615426398017023, 0.09307310761468428, 0.6240631161203837, 0.12132113636326275], [0.1696579039609922, 0.13221989675506032, 0.3413412494315559, 0.3567809497523996], [0.17937859031933576, 0.3993380047052265, 0.30267353770594363, 0.11860986716950098], [0.13797871669349912, 0.43756557432090515, 0.21760316395325444, 0.2068525449323272], [0.14565410084975638, 0.07580368223771897, 0.3976115422968115, 0.38093067451571794], [0.10719354439900602, 0.05880738234966105, 0.5304064148988205, 0.3035926582524832], [0.28056750727272717, 0.10437431887518521, 0.4944882632665397, 0.12056991048555049], [0.3183458460562709, 0.12314830224141037, 0.2682315597747312, 0.29027429182757675], [0.27331001703202695, 0.46109874420736496, 0.15118966149846902, 0.11440157716216406], [0.22244805353761285, 0.4599318006915996, 0.2014064756431263, 0.1162136700276513], [0.3206880626553742, 0.09888946082345285, 0.24790493883344658, 0.33251753758772556], [0.22196564862803222, 0.0734228215046278, 0.4772503661974104, 0.2273611635699365], [0.47683463028953044, 0.11794709443570782, 0.2739565880879772, 0.1312616870867963], [0.42469711046159486, 0.10440073677550085, 0.21789447632472186, 0.25300767633818555], [0.4719657577494405, 0.2244460928522096, 0.17540640678053931, 0.1281817425178007], [0.39127905503527965, 0.2050948391946086, 0.25356895754196834, 0.15005714812814475], [0.44308846945340863, 0.0927771049201053, 0.20851222091925112, 0.2556222046072382], [0.2958126959876712, 0.06847190284607949, 0.3997401336838755, 0.23597526738237767], [0.10379544770283357, 0.1534685696000462, 0.3221072962759995, 0.42062868632112976], [0.07065140022790595, 0.09109187637943426, 0.5532942475629289, 0.2849624757297163], [0.12154303608903927, 0.2949867824478436, 0.2115971840552546, 0.37187299730786555], [0.08207553848564347, 0.1723819220660355, 0.5144509427910788, 0.2310915965572518], [0.12431812435862848, 0.3099747709284161, 0.21139694483265697, 0.3543101597802812], [0.09158305303584915, 0.20560713346137435, 0.43871133250567895, 0.26409848089709487]], "ideal": "D", "sampled": "C", "correct": false}}
{"type": "result", "data": {"idx": 12, "options": ["8", "9", "49", "63"], "probs": [[0.24762519146898374, 0.34007000335602516, 0.17639118743191123, 0.23591361764308824], [0.24648531372702093, 0.3346233072333704, 0.16396481020675857, 0.2549265687328524], [0.2800502866739139, 0.1838245077857346, 0.2913094716028018, 0.2448157338375318], [0.26283074532125755, 0.17387326305699677, 0.3299491175344165, 0.23334687398734025], [0.26412201798579754, 0.16459041937992624, 0.3253661069334972, 0.24592145560077808], [0.24663698727297617, 0.16743313198332108, 0.36340424107713154, 0.22252563956655705], [0.23722823843176305, 0.39724589853569353, 0.17636471388031724, 0.18916114905223708], [0.25504241859019167, 0.41651997830021287, 0.12977881473582079, 0.1986587882737738], [0.2640649809246585, 0.17260433999313488, 0.3404481148603648, 0.22288256412184554], [0.24887871205087989, 0.16857609068181698, 0.3222747910882592, 0.26027040607904345], [0.24735582388665425, 0.14031122090646853, 0.3986080848751582, 0.2137248702317102], [0.23224985097212716, 0.1579239480113868, 0.36005531048968453, 0.24977089042680617], [0.31103305183126406, 0.1646986582289546, 0.2924990655481526, 0.2317692242916478], [0.3106347731565919, 0.16587142784636721, 0.2854791269794964, 0.23801467191754028], [0.31305298127580644, 0.15491296294394058, 0.3285808012762754, 0.20345325440398307], [0.32341787754915685, 0.15852630784132662, 0.2501863648839063, 0.26786944962558834], [0.313267798885314, 0.3236551143914145, 0.14292893687245517, 0.220148149750822], [0.3144605000867983, 0.292247061127703, 0.14154744103734646, 0.2517449976481652], [0.2377775573379168, 0.19849941153279171, 0.31286229565731, 0.2508607353719763], [0.24070773163530376, 0.21234238691365392, 0.30820966051395793, 0.23874022083708024], [0.2382372923137984, 0.1564443575510279, 0.3737996762369674, 0.23151867379822072], [0.24257472485427403, 0.17523506216021165, 0.3202320386232779, 0.261958174262224], [0.23545412317994574, 0.3779252698495571, 0.1537072731853075, 0.23291333368518174], [0.23507421222691183, 0.36341517032777876, 0.1526994011457804, 0.24881121619951657]], "ideal": "A", "sampled": "C", "correct": false}}
{"type": "result", "data": {"idx": 13, "options": ["6", "11", "8", "5"], "probs": [[0.27207524556458473, 0.21117496605584785, 0.29438540711729816, 0.22236438116226323], [0.27501842317522057, 0.2039631521436959, 0.2963309276581945, 0.22468749692289225], [0.2879472353302287, 0.23145803707651566, 0.26426093928107625, 0.21633378821217986], [0.282645063975677, 0.21975848177640792, 0.29736201307340004, 0.20023444107450314], [0.31923817985043146, 0.23864190647179634, 0.20611855375323038, 0.23600135982454856], [0.28969838688245364, 0.22510713311058334, 0.2689545894482846, 0.21623989045867867], [0.2625171651078795, 0.24232626998108908, 0.28605655794084184, 0.20910000687017807], [0.2558452687315196, 0.22271292170034349, 0.30629072412789843, 0.2151510853402586], [0.28374318653469355, 0.17876184087306923, 0.2828496288520345, 0.25464534364020663], [0.2863016331448012, 0.1845823199644806, 0.2711985587775622, 0.2579174880131293], [0.2568880711426976, 0.22680059857924392, 0.2911813040570326, 0.22513002612101315], [0.26660360416540796, 0.237624267459032, 0.24951284712658411, 0.24625928114898732], [0.28815585267207633, 0.24070822195922972, 0.24074350432543332, 0.2303924209432708], [0.2669639725357703, 0.2067964852399552, 0.3184375989909746, 0.2078019431332952], [0.271380273991585, 0.19215388696838429, 0.2981168097956129, 0.23834902914439537], [0.2730698450681594, 0.1979986351531552, 0.2828983165419574, 0.24603320313671928], [0.25932501050491336, 0.21028573088382074, 0.32275131641245913, 0.20763794209881908], [0.2828006731068277, 0.2298616200695903, 0.23170611327010224, 0.255631593453475], [0.2875966767314515, 0.22354331764947694, 0.23333589165293706, 0.2555241138661612], [0.27029261390799547, 0.21759092498670074, 0.2820959576233596, 0.23002050338195867], [0.2679748428124841, 0.18970724619816212, 0.3037403068720987, 0.23857760401723152], [0.28230540462585607, 0.20822129960043737, 0.26007969629448696, 0.2493935993792224], [0.2760092002154941, 0.17659540935000348, 0.3409216026316603, 0.2064737877028405], [0.30433694134081674, 0.19383456113406897, 0.25522381865161636, 0.24660467877349437]], "ideal": "A", "sampled": "A", "correct": true}}
{"type": "result", "data": {"idx": 14, "options": ["10 bars of soap for $23.20", "16 bars of soap for $36.48", "13 bars of soap for $29.51", "12 bars of soap for $27.60"], "probs": [[0.24978649481394222, 0.2596589925348513, 0.29662077713389245, 0.19393373541731337], [0.24036419031047343, 0.24694183585124962, 0.3326138213666177, 0.18008015237166414], [0.23594812934973772, 0.25301138755878294, 0.28922766201672595, 0.22181282097476387], [0.22889723793397132, 0.2287379709056477, 0.35321135255660596, 0.1891534385037729], [0.23358932152046735, 0.253240461688021, 0.3156388992413838, 0.19753131745013172], [0.24827154439910476, 0.27034666379145633, 0.2747519606371685, 0.20662983107227498], [0.25688661814718045, 0.2809357770059882, 0.26111353248975006, 0.20106407225707584], [0.24707003168890132, 0.27112297448136563, 0.300259821723383, 0.18154717200635265], [0.254437421213818, 0.24448192058615795, 0.2917142866387088, 0.20936637146132384], [0.2496296539738943, 0.24749888309658163, 0.29659577285276767, 0.20627568997676646], [0.2610247029761568, 0.2650024747559907, 0.28580972114592507, 0.1881631010219275], [0.26024641159638456, 0.27694036515582204, 0.2583693847460774, 0.20444383840173094], [0.22846927073724266, 0.2796454987456368, 0.3038780126460409, 0.18800721777110072], [0.23354836554097597, 0.28263912725556234, 0.3081187778613985, 0.17569372924207305], [0.23759864454772966, 0.24697610782971946, 0.3323908978427746, 0.1830343496797714], [0.23433107363035388, 0.2582434587860883, 0.3304880287522285, 0.1769374387313176], [0.2410076847861438, 0.27701890777174115, 0.29416906198122206, 0.18780434536089166], [0.23066404627394793, 0.27475119358523425, 0.3056130072250439, 0.18897175281578638], [0.2516920039893945, 0.2635149341887258, 0.3048706352666627, 0.17992242645522716], [0.28043648813092176, 0.2924608975090636, 0.2437699565986535, 0.18333265766134124], [0.257356163045, 0.24923771872416936, 0.3178718775950759, 0.1755342405357629], [0.27019585095795173, 0.2709995354098921, 0.27446420238846464, 0.18434041114366492], [0.26275094323860254, 0.22541849106835626, 0.3269854575002378, 0.18484510809280744], [0.2403308094053245, 0.23001840476796692, 0.31838762584549, 0.21126315988122468]], "ideal": "C", "sampled": "D", "correct": false}}
{"type": "result", "data": {"idx": 15, "options": ["5 minutes", "14 minutes", "34 minutes", "70 minutes"], "probs": [[0.15109738674148163, 0.33926912722555325, 0.30291765447836866, 0.20671583145459704], [0.15110625976960207, 0.3248765748802079, 0.29708190806753837, 0.2269352571826454], [0.15919848824478391, 0.32148682970692616, 0.3179034582673509, 0.20141122368094072], [0.1502796600865336, 0.307098910013802, 0.30128276200114235, 0.24133866779851101], [0.14806453303620498, 0.3258833235244514, 0.30616097015884963, 0.21989117318048246], [0.15123868888970202, 0.32636944360644415, 0.2971031769956038, 0.22528869040824542], [0.2660051402338459, 0.21882966090212433, 0.29447874990498785, 0.22068644885904276], [0.25623133886278365, 0.2101675726479308, 0.25948894124612054, 0.27411214714315496], [0.2973314840149105, 0.242697208830768, 0.23621007701047597, 0.2237612300438565], [0.2667596493094518, 0.20943893301484504, 0.29989867270200804, 0.22390274487369577], [0.24078267455592584, 0.2772647968294457, 0.238020445146684, 0.2439320833679476], [0.22339552072894622, 0.24740525507272884, 0.31158061061597625, 0.21761861348235653], [0.27850055581366073, 0.15757028002203585, 0.353524259234019, 0.2104049048302901], [0.27512421603666576, 0.15564884442572005, 0.2840214196423457, 0.28520551979525893], [0.2819321058900069, 0.23832691966010958, 0.26587747781174936, 0.2138634965381312], [0.2784624407270588, 0.24097948710648523, 0.2336354793254895, 0.24692259274096975], [0.2606573824609003, 0.2864069613894301, 0.19301836297165015, 0.2599172930780143], [0.2376359765757664, 0.2433220539829111, 0.28568056487873855, 0.23336140446257916], [0.22307837937040356, 0.15399908533024317, 0.3679504731943017, 0.25497206200504274], [0.2240399389914471, 0.15645188398669638, 0.33389654523714474, 0.28561163168471393], [0.20457336763792927, 0.2762852164746237, 0.2797506259226323, 0.23939078986480808], [0.19857100822381113, 0.268198948663285, 0.30276017723222454, 0.23046986578067222], [0.24812055886275353, 0.2341250048641359, 0.21819922693493995, 0.2995552092381713], [0.2295489218926461, 0.20184555570440676, 0.3162878471427316, 0.2523176751601997]], "ideal": "B", "sampled": "B", "correct": true}}
{"type": "result", "data": {"idx": 16, "options": ["18", "24", "25", "29"], "probs": [[0.2741468717762601, 0.18702706309359082, 0.33732496950804686, 0.2015010955221014], [0.29127382946988756, 0.19780588132062765, 0.243321350911159, 0.2675989381983301], [0.22882851007449237, 0.27183091604593806, 0.3203285401042791, 0.17901203367529647], [0.27979449047097177, 0.3157014294172872, 0.2392672119213355, 0.1652368680903998], [0.24663150859690866, 0.18692212279730092, 0.3243708771272459, 0.24207549137853765], [0.2795616017420401, 0.2078448201663242, 0.35495522555315256, 0.15763835243848445], [0.2354321779804066, 0.31436368505698437, 0.2785040641133866, 0.17170007274922103], [0.25769075152198945, 0.3454190469509914, 0.17790921038272725, 0.21898099104429156], [0.2316207289963777, 0.32536223518741747, 0.24472967183948469, 0.1982873638767185], [0.22224108575555343, 0.3427734831053565, 0.23937899689059652, 0.19560643414848294], [0.25038028232328025, 0.2289676442674317, 0.2905757689042346, 0.2300763044050522], [0.2292210724037117, 0.2310329421529823, 0.34953923671968434, 0.1902067486236278], [0.26940279272695905, 0.3595411382879244, 0.20564691946551455, 0.16540914941961002], [0.2704306753725041, 0.34448452707618843, 0.2332203971527166, 0.15186440029858622], [0.27430510851076895, 0.22391778883664915, 0.2887999145252434, 0.21297718802734242], [0.2793157507627231, 0.26241556222672285, 0.23442012376373242, 0.2238485631467983], [0.2711910147232481, 0.22750731412913353, 0.3537074262604859, 0.1475942447871397], [0.25381643988407787, 0.23936701573105232, 0.3309415466270117, 0.17587499765785927], [0.20837783862325046, 0.37131591391757174, 0.21251158725429878, 0.20779466010487785], [0.19786989526317722, 0.34027838705659225, 0.32472199435972915, 0.13712972322049793], [0.20047000542106563, 0.26456404083769164, 0.2861549157867126, 0.2488110378545227], [0.17380132350694663, 0.24694326915907552, 0.3992241490932042, 0.18003125814076887], [0.21003301165157684, 0.3584467776424851, 0.2836929585146346, 0.14782725209130276], [0.19715563802442285, 0.35815231395892827, 0.26015759248572706, 0.18453445543091412]], "ideal": "B", "sampled": "C", "correct": false}}
{"type": "result", "data": {"idx": 17, "options": ["(60/6)\u201412=a", "(60\u201412)/6=a", "(60-6)-12=a", "(60+12)/6=a"], "probs": [[0.2061434293137367, 0.4379629982396302, 0.1738622925631978, 0.18203127978343758], [0.22270057250391093, 0.42241998410670567, 0.25595153505605717, 0.09892790823332007], [0.19250184505549978, 0.15515219242912062, 0.4795592416310981, 0.17278672078429694], [0.21169903151216757, 0.1661479133363258, 0.4222423111563666, 0.19991074389514873], [0.23968618651878892, 0.3032957851756876, 0.35652504810358177, 0.10049298010193648], [0.24838021195425058, 0.3348865242075432, 0.17660600764593495, 0.24012725609227292], [0.25559842758921775, 0.347286567362883, 0.1831092563411332, 0.21400574860676816], [0.2823488346526679, 0.33300716984063927, 0.27889455380529354, 0.10574944160139713], [0.3122420330343197, 0.18219808807009752, 0.30973198138396374, 0.19582789741161982], [0.21935076430100453, 0.14834275856900767, 0.513340354521232, 0.11896612250872456], [0.32598473558765384, 0.34637284989487394, 0.2206715792746853, 0.10697083514277526], [0.3549617155342648, 0.3638909341647463, 0.15683835842729993, 0.1243089917736786], [0.10888371564078198, 0.3235526088337166, 0.40164454261313337, 0.16591913281236642], [0.11049739035126735, 0.3591067438247904, 0.34189925164398044, 0.18849661407996535], [0.09747120252582106, 0.5570965707640608, 0.208776252002358, 0.13665597460774748], [0.10040114677763742, 0.5349005334736409, 0.24376868153221573, 0.12092963811649815], [0.09886630656034773, 0.4239258139891629, 0.30579968869962326, 0.1714081906508691], [0.10249269168665893, 0.39847205195997687, 0.37211351829673006, 0.12692173795662354], [0.17931452695305036, 0.27695047833126396, 0.43613521812125916, 0.10759977649444728], [0.20113824485511517, 0.3548203754632649, 0.18347332522826065, 0.2605680543533646], [0.25319249172999275, 0.4000251774901954, 0.23294174641990234, 0.11384058425990741], [0.2715120514514888, 0.42440505475088197, 0.16841555190235646, 0.13566734179528148], [0.2143530246397756, 0.16237142899120807, 0.4095081491471775, 0.2137673971218266], [0.15033236925194413, 0.1294471255721953, 0.5936207604564528, 0.12659974461941792]], "ideal": "B", "sampled": "B", "correct": true}}
