{"type": "result", "data": {"idx": 0, "options": ["It is hard not to verify in our peers the same weakened intelligence due to emotions that we observe in our everyday patients.", "The arrogance of our consciousness, which in general, belongs to the strongest defense mechanisms, blocks the unconscious complexes.", "Because of this, it is difficult to convince people of the unconscious, and in turn to teach them what their conscious knowledge contradicts.", "It is difficult to convince people of the unconscious, and in turn to teach them what their conscious knowledge contradicts."], "probs": [[0.056202081258024464, 0.06762926718807549, 0.3593625989664185, 0.5168060524874855], [0.06301787363753598, 0.06718518002187132, 0.34866050181562985, 0.5211364444249689], [0.0832302732431293, 0.3021317941878111, 0.3573532454271634, 0.25728468704191193], [0.08157901951203296, 0.13586148113676424, 0.5181644463794167, 0.2643950528717877], [0.0797075038756351, 0.32911510076917866, 0.3129223128686208, 0.2782550823865868], [0.07632637089336226, 0.20205002963075527, 0.4478752288947374, 0.2737483704811329], [0.06330626880784893, 0.10536823746660584, 0.3970245006355299, 0.4343009929899917], [0.06416555221972405, 0.09427284840520797, 0.3061705439355562, 0.5353910553395267], [0.061750989019119074, 0.2768569869028512, 0.3814355785508921, 0.27995644542713705], [0.05727990875911292, 0.1765755061834846, 0.46127154231724926, 0.3048730426401668], [0.07629423829334134, 0.20526519196259532, 0.46919665512875797, 0.2492439145153053], [0.07338119273326495, 0.1394847738856371, 0.46946340305063017, 0.31767063023047265], [0.15245355065700844, 0.1498747808754127, 0.42264167493737403, 0.27502999343020346], [0.1157734596385143, 0.09480338316857864, 0.45292427428112947, 0.33649888281176293], [0.15576520094547106, 0.15918076144137291, 0.36797633044371275, 0.31707770706943], [0.1460427599780338, 0.12926987201607965, 0.47395519913780243, 0.2507321687680861], [0.07647056859361603, 0.5097675518122476, 0.19598092501422126, 0.21778095447991727], [0.07830021682192627, 0.498517237260127, 0.20873350679215952, 0.21444903902579274], [0.16769925131564237, 0.16047290691401642, 0.3679647321984433, 0.30386310947190626], [0.17994867559633815, 0.170068659821349, 0.31234718211119394, 0.3376354823711049], [0.18844856518425834, 0.15069838241971248, 0.4367917280027765, 0.22406132429324144], [0.18301424283059356, 0.13964962905020178, 0.44835578556717637, 0.2289803424520336], [0.19449634648858036, 0.2682381307740035, 0.19163688455986455, 0.3456286380775395], [0.20352781350677898, 0.2567125206510717, 0.2447315730578291, 0.29502809268432073]], "ideal": "D", "sampled": "D", "correct": true}}
{"type": "result", "data": {"idx": 1, "options": ["Tdc", "Tcd", "Tcc", "dTc"], "probs": [[0.2035544153417377, 0.3788308672032242, 0.18304333104205933, 0.2345713863129768], [0.20500758368756877, 0.3655161331639753, 0.2539395467830845, 0.1755367362653765], [0.1970758747309427, 0.14438220115305514, 0.410873980451706, 0.24766794356428742], [0.2154316209815513, 0.20096930469475852, 0.30128084988310105, 0.28231822434058024], [0.19768754921732895, 0.24522459744728778, 0.3455800582964997, 0.21150779493887617], [0.1983668884191733, 0.31087002332223956, 0.19143050310242282, 0.29933258505617355], [0.24752963929614774, 0.30228697621777695, 0.19727262450690733, 0.25291075987915884], [0.2559373648338291, 0.26520762119890257, 0.31348275656709096, 0.16537225730018693], [0.2449118948473238, 0.2549734227584743, 0.24011144927947775, 0.2600032330147215], [0.23734442957969124, 0.21882643207934835, 0.29194946590876086, 0.25187967233219427], [0.210076010245955, 0.3153772709051415, 0.2738234337214008, 0.20072328502748696], [0.21599857729780406, 0.3399825215910854, 0.21016148662300058, 0.23385741438812413], [0.18517810435254403, 0.1544249808425236, 0.4426697204486366, 0.2177271942563113], [0.20579979950618, 0.2262410123004704, 0.3174878089636039, 0.2504713791297403], [0.19385133941318905, 0.3124589397693824, 0.22929683959319436, 0.26439288112425224], [0.19012299872391109, 0.2767672008162199, 0.2809433019006253, 0.2521664984592332], [0.17567209920376628, 0.3464525625902607, 0.22798799644270948, 0.24988734166325863], [0.18216741348375745, 0.32981715923344146, 0.2566546387538503, 0.23136078842894692], [0.2313083398904302, 0.30768665908294207, 0.24423800965709366, 0.21676699126953597], [0.23090489179172133, 0.3169481391601362, 0.18910309892827584, 0.2630438700198795], [0.23937347375182802, 0.2788034067931043, 0.22658144366565738, 0.25524167568940725], [0.254139402779199, 0.3017587455429267, 0.20327843370059817, 0.24082341787728814], [0.26026102054035954, 0.222017197277574, 0.2379419121244587, 0.2797798699576151], [0.2627867113326651, 0.21644835616337968, 0.26373057189875354, 0.25703436050518047]], "ideal": "A", "sampled": "B", "correct": false}}
{"type": "result", "data": {"idx": 2, "options": ["Some large houses are bigger than some apartments.", "Some houses are bigger than all large apartments.", "Some large apartments are bigger than some houses.", "Some houses are bigger thatn some large apartments."], "probs": [[0.20286685498502371, 0.29547357755904086, 0.35368242743485595, 0.14797713992106895], [0.21569360501939658, 0.34778246473252755, 0.20837382654952835, 0.22815010359854304], [0.21897654297371139, 0.3860936334416466, 0.24250030036425396, 0.15242952312039437], [0.21629011229141726, 0.40109022900144925, 0.16451949145159045, 0.21810016715554412], [0.21310448978978852, 0.14553105165501606, 0.4765886342968923, 0.16477582415829764], [0.23339291059737546, 0.17863171887907187, 0.4053074015949486, 0.1826679688285966], [0.1815537637559664, 0.25949275947110256, 0.4016726824982301, 0.15728079417470464], [0.18944929192784513, 0.33266962281515955, 0.30518094690125347, 0.1727001382557489], [0.18686194445701615, 0.2723120376119688, 0.3928581644967987, 0.14796785333422757], [0.19021635995729289, 0.30774629551148214, 0.33669155850387045, 0.16534578592736338], [0.17633831718860132, 0.1880705555245648, 0.42517181626589784, 0.210419310920943], [0.18944703435025803, 0.252243409021667, 0.34334293939194277, 0.21496661713610518], [0.24593442814378333, 0.33122034871424827, 0.25682872995167055, 0.16601649309028468], [0.24141679601200525, 0.3421895799695224, 0.16793270751155837, 0.24846091640692358], [0.24206250057181075, 0.28106577150236794, 0.3197619751165526, 0.15710975270927385], [0.2605715266358099, 0.31210143093117343, 0.22737091057668446, 0.19995613175633403], [0.2678191451044309, 0.20581421409242923, 0.3324498194647796, 0.19391682123834972], [0.2733488364280819, 0.20032493626557288, 0.36101870572971406, 0.1653075214766545], [0.17008228571253642, 0.32654818560944643, 0.3477780754766143, 0.1555914531014111], [0.16883831456564438, 0.3010520031815968, 0.367632782946573, 0.1624768992061944], [0.15637267173972128, 0.30510228654358196, 0.32874015463100204, 0.20978488698567818], [0.16460437114713478, 0.34733163691987057, 0.2715143804067586, 0.21654961142622958], [0.18074928320346884, 0.28908308142468564, 0.3666854056244164, 0.16348222964743286], [0.18821152787764828, 0.3397860456258878, 0.29641336524931977, 0.1755890611471319]], "ideal": "C", "sampled": "C", "correct": true}}
{"type": "result", "data": {"idx": 3, "options": ["Valid", "Invalid. Counterexample when G and H are true", "Invalid. Counterexample when G is true and H is false", "Invalid. Counterexample when H is true and G is false"], "probs": [[0.22116515128354414, 0.25903566777390985, 0.23343456927879871, 0.2863646115637596], [0.2176381106575227, 0.25587181991194285, 0.23690803745753167, 0.2895820318729979], [0.22339454657135688, 0.2784607329864054, 0.19475238619147356, 0.30339233415076927], [0.2078107517812454, 0.28326375115084557, 0.24182350071646533, 0.267101996251427], [0.2217288830208287, 0.273119988221567, 0.19702196941785305, 0.3081291592397355], [0.21104034170603345, 0.2767703734503366, 0.2493616452996811, 0.26282763944396925], [0.19157723252735642, 0.31112391312018217, 0.22905753666956136, 0.26824131758288744], [0.1920722954575548, 0.3106378311046303, 0.22512315503602293, 0.27216671830178235], [0.1836770693104685, 0.1859626037934918, 0.3575979480367508, 0.27276237875930737], [0.16686536244258762, 0.18353768796376044, 0.16851723978385363, 0.4810797097097914], [0.18398631936822313, 0.1849314872331842, 0.35257527242773645, 0.2785069208708481], [0.16698217300030865, 0.1780132922567913, 0.17738100799405696, 0.4776235266488434], [0.19635546644689988, 0.3408170018130765, 0.1886531017635414, 0.2741744298764882], [0.18634354174259776, 0.32711533396940473, 0.23155292957569346, 0.2549881946123136], [0.18638452248975831, 0.17397586361038214, 0.37761768242035504, 0.26202193137950125], [0.17273733893291265, 0.17296528122438704, 0.16383614476416608, 0.49046123497852806], [0.19235034261730127, 0.17539348135461205, 0.3731157850804373, 0.2591403908476687], [0.16802171897748797, 0.15941634970870333, 0.15275222048669584, 0.5198097107270865], [0.19476220492420418, 0.339355179539026, 0.18778985875091797, 0.27809275668585137], [0.18391607055862183, 0.32027849305332984, 0.24621459225005488, 0.24959084403798618], [0.18244256171144638, 0.17776777504316185, 0.37091790605519953, 0.2688717570901949], [0.16693318075043104, 0.17243033205265382, 0.16785143863491334, 0.492785048462016], [0.19019694061454062, 0.1830488168785057, 0.3687703109265296, 0.257983931480406], [0.16677986277435294, 0.16579925365211526, 0.15160903837739967, 0.5158118450961084]], "ideal": "A", "sampled": "A", "correct": true}}
{"type": "result", "data": {"idx": 4, "options": ["If it's not the case that both Izzy plays Minecraft and Ashleigh stops by then Russell makes dinner.", "If it's both not the case that Izzy plays Minecraft and Ashleigh stops by then Russell makes dinner.", "Izzy playing Minecraft and Ashleigh stopping by entails that Russell makes dinner.", "Russell's making dinner is a sufficient condition for Izzy not playing Minecraft and Ashleigh stopping by."], "probs": [[0.34392372397912213, 0.2862790568770456, 0.2451097434909083, 0.12468747555293756], [0.3225072784219059, 0.3433866434658824, 0.15072622425763124, 0.18337985375458685], [0.23426043059591373, 0.48785786590922536, 0.1443985772718274, 0.1334831261230319], [0.23431348654617518, 0.501419033938469, 0.11293326318505346, 0.1513342162302879], [0.36066213249534984, 0.1313401831644029, 0.3249803765277178, 0.18301730771252137], [0.36957548886574115, 0.14543523149340543, 0.3128776995597813, 0.172111579981084], [0.2237053380504962, 0.43268291934405884, 0.20071073867523986, 0.14290100383022342], [0.2178981017524814, 0.4468666044840775, 0.14349804645559147, 0.1917372472078655], [0.20985962239593253, 0.36534033786922443, 0.28157637212980835, 0.1432236675050235], [0.21092154627220883, 0.41916736948678956, 0.12601024993292753, 0.2439008342080848], [0.27758201240607006, 0.10837590632442579, 0.42882305870929144, 0.1852190224602141], [0.3100712282054725, 0.15000557884674035, 0.2827023815258201, 0.2572208113219694], [0.15522422355824125, 0.5327797925310463, 0.17664230303731748, 0.1353536807734128], [0.15213421248791306, 0.5197143095095844, 0.151558539100345, 0.1765929388021347], [0.16258464471430784, 0.4536957557963057, 0.24514067713332868, 0.1385789222560505], [0.15227522843266225, 0.43843684610692235, 0.1323076145349567, 0.27698031082546076], [0.20323466786937497, 0.1096920848547269, 0.5039956595981668, 0.18307758757774914], [0.19923095774474275, 0.10541238267570881, 0.4840006980405338, 0.2113559614390147], [0.12228594973724148, 0.48263284450245214, 0.21138854256856895, 0.1836926630917194], [0.12083451141033553, 0.4940927076546537, 0.1880578241694586, 0.19701495666556032], [0.13195543788328432, 0.4201891275981591, 0.25938199737250844, 0.18847343704605088], [0.12915637302485775, 0.445026180462476, 0.15844678377050384, 0.2673706626421633], [0.14014235468046976, 0.13218813709557228, 0.5403831892157012, 0.18728631890824357], [0.12906841636979965, 0.1116607315492811, 0.5639191629863625, 0.1953516889945689]], "ideal": "B", "sampled": "A", "correct": false}}
{"type": "result", "data": {"idx": 5, "options": ["Some houses are smaller than all apartments.", "Every house is bigger than every apartment.", "Some apartment is smaller than every house.", "Some houses are bigger than every apartment."], "probs": [[0.1338315152467958, 0.26310052202994616, 0.1501607940750854, 0.4529071685481698], [0.12350943546136843, 0.1487903825538131, 0.6041697659886631, 0.12353041589615724], [0.1331561478135638, 0.11498318977582708, 0.31849237827351284, 0.43336828403710026], [0.13627091935353994, 0.13400985595289971, 0.37487200736807336, 0.3548472172254702], [0.13783833004264737, 0.14681040547602756, 0.5648169160172687, 0.1505343483640733], [0.1394822047993621, 0.3288139132394562, 0.1621060049146745, 0.3695978769465187], [0.12718644085920716, 0.08491906520280482, 0.08648826745093184, 0.7014062263870605], [0.1396515792295795, 0.08631974017802432, 0.6612936300241389, 0.11273505046824475], [0.1340046368351445, 0.09148763490244863, 0.16938278031832216, 0.6051249478440829], [0.15260784162629953, 0.09527298904421402, 0.6052481024605583, 0.14687106676894565], [0.17018026536162079, 0.5112728454940706, 0.17943747127832482, 0.1391094177659696], [0.17186042285972175, 0.5229284365674319, 0.16625994728704094, 0.13895119318583055], [0.13021028774691892, 0.14890459925206181, 0.2924565231921453, 0.4284285897088795], [0.1344149109769298, 0.21782481300673923, 0.31951822506812133, 0.32824205084821406], [0.13784278087154037, 0.24486651114837568, 0.25960854463210525, 0.3576821632479907], [0.139979146002507, 0.21990892709443638, 0.465529185279763, 0.17458274152330738], [0.13835841006607222, 0.29640342517070195, 0.2119264033753977, 0.3533117612878286], [0.14790270238894748, 0.1866631574042915, 0.5054779484532119, 0.15995619165355696], [0.17311921791306356, 0.09878969956093576, 0.6000515020859133, 0.1280395803400802], [0.18195481907937835, 0.1528926506373898, 0.15040209809546803, 0.5147504320877625], [0.1860822525700839, 0.5287241476421852, 0.1421954235331314, 0.14299817615462956], [0.18217185278998752, 0.5224266631690295, 0.14379963392747921, 0.15160185001351945], [0.1747078648242044, 0.09874342417709855, 0.2109029137716734, 0.5156457971270111], [0.18510037476295782, 0.08608245382071, 0.5979874029730754, 0.13082976834327284]], "ideal": "D", "sampled": "D", "correct": true}}
{"type": "result", "data": {"idx": 6, "options": ["Valid", "Invalid. Counterexample when K and L are true", "Invalid. Counterexample when K is true and L is false", "Invalid. Counterexample when L is true and K is false"], "probs": [[0.246378953989722, 0.2420004138913733, 0.2154115837014662, 0.2962090483174334], [0.2416569651620652, 0.23923517053621238, 0.21708147048436593, 0.3020263937173787], [0.2465949888899255, 0.24516365887838723, 0.19632011822482118, 0.31192123390687554], [0.2438012627528731, 0.2671247833834362, 0.21391019422049098, 0.27516375954320593], [0.24249312047784277, 0.24386663548383375, 0.19599772986531747, 0.3176425140729897], [0.24199243112558536, 0.26297176556824114, 0.21983237130946917, 0.2752034318966978], [0.2161559558969205, 0.3038897429040275, 0.21072301839198027, 0.2692312827070744], [0.2153494857790812, 0.3027299971273666, 0.21163820811178674, 0.27028230888175114], [0.19819244989152793, 0.14400314355097008, 0.38262226376752795, 0.27518214268996594], [0.18576506615747881, 0.1426240186945284, 0.1609207899573065, 0.5106901250906781], [0.19855701367563783, 0.1465866173126209, 0.3759832906960051, 0.27887307821573076], [0.184707518587733, 0.1435201172033269, 0.16194794266465948, 0.5098244214442549], [0.21603404412212868, 0.306095030653368, 0.19706681056350195, 0.28080411456101856], [0.20927956686648216, 0.32036863402464005, 0.21390561523827045, 0.2564461837705916], [0.18963702308997105, 0.14849080637586587, 0.38363343029731256, 0.27823874013686917], [0.18148444875005482, 0.14656499469191445, 0.1572443655836712, 0.5147061908743494], [0.19363196659657253, 0.13645813067703752, 0.40913026723759405, 0.2607796353888024], [0.1775521221643819, 0.12651635535484843, 0.14506458399048158, 0.5508669383902715], [0.21615647861780984, 0.30633117545669847, 0.19645552575388744, 0.281056820071619], [0.20841210639196697, 0.31297347307456563, 0.2241327012185564, 0.2544817192148914], [0.18955498735917697, 0.14717278748682053, 0.3820167712623323, 0.2812554537916703], [0.17938200761326928, 0.14494811597756707, 0.15857881399039261, 0.5170910623187722], [0.19535009697265723, 0.13988906456926842, 0.4047120847862098, 0.2600487535718609], [0.17890047834603495, 0.13007301844907151, 0.1490015404791042, 0.5420249626257693]], "ideal": "D", "sampled": "A", "correct": false}}
{"type": "result", "data": {"idx": 7, "options": ["The university increases financial aid.", "The university does not increase financial aid.", "The board of trustees prevents it.", "The president fails to approve it."], "probs": [[0.10784458207714968, 0.29982672942042443, 0.31815200970147134, 0.274176678700934], [0.11955183823937934, 0.32357648253779414, 0.35828908746495103, 0.1985825916578815], [0.08074399401616952, 0.35747056524111426, 0.3011462512582467, 0.260639189384469], [0.07719713746069436, 0.32620291146821695, 0.2960164921652399, 0.3005834588058527], [0.09772546086762124, 0.358751997767021, 0.3492159457697902, 0.19430659549557477], [0.08678378184244279, 0.30875408191797943, 0.23492288987711635, 0.36953924626248513], [0.29703663263528096, 0.13461664070894294, 0.2903742410118521, 0.27797248554393794], [0.32857805012936936, 0.1283587882959955, 0.37851233832925146, 0.16455082314537814], [0.20769543126249257, 0.47331511472317167, 0.08731152048619739, 0.23167793342812848], [0.19622517692893116, 0.3994379231659392, 0.31858394415342517, 0.08575295565169089], [0.26776735829179715, 0.5041010078492628, 0.08139211328597366, 0.14673952047295843], [0.23415184998449892, 0.39967591237435734, 0.26022049016837095, 0.10595174737276382], [0.29305494169354035, 0.0861005865532463, 0.3721814350869868, 0.248663036566242], [0.2901838861292958, 0.08233040387955695, 0.3641965272523408, 0.2632891826388201], [0.4090069319445799, 0.18099837278324493, 0.1154567182923531, 0.2945379768798226], [0.37317361359703094, 0.17101823690553805, 0.38083726000805496, 0.07497088938937707], [0.2269552582902247, 0.4173957990681851, 0.07318202473414945, 0.2824669178074396], [0.2802355612801668, 0.48957099294242523, 0.1541757869313431, 0.0760176587460673], [0.26911049755442723, 0.07969802636883136, 0.42367279813417996, 0.22751867784257018], [0.2853045285474134, 0.08719250416736299, 0.28213103955527896, 0.3453719276299403], [0.3902532534304584, 0.21251089017835523, 0.12148384243652592, 0.2757520138546565], [0.3386849186432368, 0.20322878609477005, 0.36932662724351306, 0.08875966791847337], [0.22538647075263987, 0.36457483740871793, 0.07828451581803708, 0.33175417592060813], [0.29494353559785813, 0.44089197755945, 0.17209243224783516, 0.09207205449486781]], "ideal": "B", "sampled": "D", "correct": false}}
{"type": "result", "data": {"idx": 8, "options": ["E \u2283 F", "F \u2283 G", "H \u2283 ~E", "~H"], "probs": [[0.1506042713776701, 0.11875673663644272, 0.5658593816502431, 0.16477961023562446], [0.1504386502288033, 0.1338821488267878, 0.23749917141202737, 0.4781800294323743], [0.17580176329198716, 0.4069113572538141, 0.22645984590111715, 0.19082703345309973], [0.17754730018360868, 0.3937981782988755, 0.18599624643041676, 0.2426582749871147], [0.16084596643726615, 0.16408981692514057, 0.2223241571035344, 0.4527400594340611], [0.15514687788728107, 0.14528094772512937, 0.46852725357192576, 0.23104492071566207], [0.14480625343365627, 0.18962333110660964, 0.4839136216481324, 0.18165679371160143], [0.13340899281728572, 0.19487581747263816, 0.19869105888724817, 0.4730241307228262], [0.12805427532899114, 0.4360203040989536, 0.24459759326903377, 0.19132782720302885], [0.11994525156070235, 0.41669731681343186, 0.14119125501634852, 0.3221661765095384], [0.13396747489162117, 0.13403377476259212, 0.31752343744960637, 0.4144753127961509], [0.11723146130952716, 0.11910889242292118, 0.46889151942801105, 0.29476812673955943], [0.27921685336786795, 0.22255110533340308, 0.3199905212679016, 0.17824151993083603], [0.26642401643045555, 0.22886426298551976, 0.19191709640016494, 0.3127946240838451], [0.24430686139648708, 0.23682645990611303, 0.3299796279111936, 0.18888705068622194], [0.2283103803355331, 0.23748235194136552, 0.1899007227815806, 0.34430654484152584], [0.2607590336709208, 0.1030724154896819, 0.36059775426034996, 0.2755707964790392], [0.2463813344727786, 0.10243315364842791, 0.30763872014905635, 0.34354679162974017], [0.1280421145767798, 0.24109453296178057, 0.23173705989531496, 0.39912629246611936], [0.1324945007809344, 0.24947582898062684, 0.4063323002891993, 0.211697369849238], [0.12693664228715565, 0.1756904633556761, 0.3093068020638129, 0.3880660921933601], [0.11106467285756903, 0.13939427894294068, 0.45818793893862253, 0.2913531091608686], [0.12448242700633243, 0.3698350895572353, 0.24536196187541331, 0.2603205214610082], [0.11840434544470829, 0.3643887699413105, 0.2004032859644616, 0.3168035985495253]], "ideal": "D", "sampled": "C", "correct": false}}
{"type": "result", "data": {"idx": 9, "options": ["L", "~L", "L \u2022 ~L", "L \u2228 ~L"], "probs": [[0.14004675287241833, 0.1456852739703639, 0.13576119080013072, 0.5785067822571096], [0.1476090643183709, 0.12644507721748946, 0.5110543177098328, 0.21489154065430324], [0.1530815597441554, 0.23810318597135233, 0.1810716789121677, 0.4277435752723168], [0.12926771467154546, 0.13722774192576073, 0.4530683105683665, 0.280436232734331], [0.16447403868029734, 0.4891857108512961, 0.1771708566425873, 0.16916939372582054], [0.15519033305991126, 0.45080333178216503, 0.15455014727496086, 0.23945618778295788], [0.13947442579641742, 0.12227126706969708, 0.22561276535254152, 0.512641541681345], [0.14078627698137156, 0.10936896383869053, 0.5503309419492657, 0.19951381713065267], [0.15258099281788162, 0.14805983611740256, 0.24677624717925226, 0.45258292378547355], [0.11576520152890221, 0.09351390448844651, 0.5028630062088028, 0.2878578876738542], [0.15451031817341082, 0.4197928016651986, 0.23927945539505702, 0.1864174246663275], [0.1518247726035006, 0.3757511427103029, 0.15471490191277537, 0.3177091826734204], [0.17645055945252594, 0.14024570524648178, 0.19004675284129222, 0.49325698235969206], [0.13073134890645408, 0.09258481403776823, 0.4761553761970195, 0.3005284607587706], [0.17830575022846606, 0.13366845360117255, 0.21418005603807008, 0.4738457400322868], [0.1581753349556506, 0.10546651404761112, 0.3565288890556147, 0.3798292618411309], [0.1593881736685902, 0.464513711312734, 0.1784336086646692, 0.19766450625402118], [0.16643036352772045, 0.42645297802050297, 0.1390797674313888, 0.26803689092037497], [0.3457576640068821, 0.16735845249369638, 0.23582450936475893, 0.2510593740346662], [0.3269643824210044, 0.13651771338260352, 0.17712442485963112, 0.3593934792367511], [0.3297104731529682, 0.14489215341688844, 0.2810662681287121, 0.24433110520143092], [0.31509669723806816, 0.13617884820385895, 0.1578328365169429, 0.3908916179411108], [0.33072058376288527, 0.14635625878109743, 0.22736452956550474, 0.29555862779050035], [0.3245450390319746, 0.15474190965106208, 0.15397876398424898, 0.36673428723271856]], "ideal": "D", "sampled": "D", "correct": true}}
{"type": "result", "data": {"idx": 10, "options": ["(\u2200x)[Kx \u2283 (\u2200y)(Py \u2283 Lxy)]", "(\u2200x)[Kx \u2283 (\u2200y)(Lxy \u2283 Py)]", "(\u2200x)(\u2200y)[(Kx \u2022 Py) \u2283 Lyx]", "(\u2200x)[(Kx \u2022 (\u2200y)(Py)) \u2283 Lxy]"], "probs": [[0.3376344229237776, 0.2469701491863372, 0.2589417431121834, 0.1564536846777088], [0.3410282019830236, 0.2475479667649969, 0.27409090147888077, 0.13733292967311747], [0.3347145707258127, 0.20623183040430407, 0.27980573335520065, 0.1792478654146712], [0.3317012424853599, 0.19577652399885898, 0.3331133903898334, 0.13940884302596496], [0.3533039063260552, 0.22199021631229782, 0.2952027232607823, 0.12950315400086557], [0.3513007722321021, 0.22329808692722847, 0.26944960044146216, 0.15595154029921582], [0.3080002230942039, 0.28472847639489507, 0.25940664957579956, 0.14786465083511707], [0.3133971405617333, 0.29108955168309564, 0.25793307577719565, 0.1375802318779852], [0.2926487075466366, 0.19585150056387915, 0.368740137429377, 0.14275965436009766], [0.30411645735840287, 0.20585625087057813, 0.3290237880654633, 0.1610035036055472], [0.30432885837399626, 0.2758977948020801, 0.29958677190410177, 0.12018657481983316], [0.30584062150146696, 0.2906089657549109, 0.22564396771430692, 0.17790644492930235], [0.2075101226335885, 0.344610342142727, 0.2234870374491156, 0.22439249767457478], [0.19888670746972753, 0.28033836535946854, 0.3912460664084036, 0.1295288606623942], [0.22212382541584988, 0.3268300847761221, 0.24790743896284229, 0.2031386507451762], [0.20219190570360787, 0.24196275798872321, 0.3976369916836002, 0.15820834452406085], [0.2222208977148643, 0.3194319611400878, 0.32088672263487067, 0.13746041841018192], [0.22378070465113398, 0.3279589526542883, 0.28631807087734473, 0.1619422717172487], [0.21942518078919063, 0.40796465405301297, 0.2308694001722203, 0.14174076488557916], [0.21667246944210183, 0.3769946915952947, 0.27176168148033686, 0.13457115738224457], [0.24180513888033908, 0.3644109978981609, 0.2596366378878114, 0.134147225233701], [0.23078628529124737, 0.33434350029055004, 0.24484836288039274, 0.19002185143781897], [0.2445094846982363, 0.20987267552815972, 0.4000520703293799, 0.14556576934422455], [0.2507104101056662, 0.23823055428679563, 0.3245906797680575, 0.18646835573949153]], "ideal": "A", "sampled": "A", "correct": true}}
{"type": "result", "data": {"idx": 11, "options": ["Logically equivalent", "Contradictory", "Neither logically equivalent nor contradictory, but consistent", "Inconsistent"], "probs": [[0.21199799357432794, 0.2099744240436513, 0.31684597790931157, 0.2611816043727155], [0.1905736248800311, 0.18377721625313898, 0.2166668176445133, 0.4089823411223159], [0.18855435444690744, 0.26415052949634354, 0.2727930352308433, 0.27450208072590215], [0.18928673077771876, 0.2632205504260996, 0.23518064980382894, 0.3123120688923698], [0.18858655940913036, 0.14168553707264286, 0.22207829616485028, 0.4476496072533576], [0.18804516859092693, 0.14390424535613086, 0.3592467701433279, 0.3088038158096043], [0.1872822793779928, 0.25748458160019266, 0.3059573840746835, 0.24927575484712436], [0.1707167500610138, 0.21040182922835124, 0.20894834848067884, 0.4099330721299505], [0.1733948213486369, 0.24018484559221398, 0.3208855039416589, 0.2655348290174775], [0.15082480562895204, 0.20569945490997063, 0.19641100209453258, 0.4470647372665278], [0.1659227914608867, 0.11795237862449065, 0.32697701517764216, 0.3891478146369793], [0.14783226925389462, 0.11277273361206909, 0.29246781457793136, 0.4469271824561047], [0.23832889157724504, 0.2192712380533368, 0.27619152047507234, 0.26620834979436386], [0.23695402729532297, 0.21712145907844146, 0.24610297137921308, 0.29982154214700824], [0.2207193462348325, 0.1631544820715456, 0.38092740739757314, 0.23519876419606345], [0.19606701410722707, 0.147304799237127, 0.19120323938169723, 0.4654249471739382], [0.2301198441271313, 0.1636595147888912, 0.3104941126787217, 0.2957265283052433], [0.19888167028362214, 0.14708333967674414, 0.20721811909483734, 0.44681687084479177], [0.15828998234494587, 0.21254716785561378, 0.2354023378531994, 0.3937605118462352], [0.15161814194190545, 0.2158069348588993, 0.35034868936391317, 0.28222623373528827], [0.1507942296805662, 0.1258000340268596, 0.3290440781777147, 0.3943616580148793], [0.13015475712412256, 0.11154480613717764, 0.31791292404853866, 0.4403875125901768], [0.14113621615520344, 0.26491973217421844, 0.28677580077808196, 0.30716825079251475], [0.13134695787752898, 0.23082612925362472, 0.21360220633473928, 0.42422470643409266]], "ideal": "B", "sampled": "C", "correct": false}}
{"type": "result", "data": {"idx": 12, "options": ["E \u2283 F", "F \u2283 G", "G \u2283 E", "~~F"], "probs": [[0.22513969301996606, 0.15366377726161312, 0.3249604929916727, 0.2962360366267455], [0.13406312935402342, 0.07672155830608156, 0.4713227777136971, 0.317892534526207], [0.23010578401356901, 0.12672202966788124, 0.31583375837656297, 0.32733842784201145], [0.11690004407846129, 0.058610577410614206, 0.5017747506569219, 0.32271462775401477], [0.2029502432977552, 0.20145227778401845, 0.21026981499620537, 0.3853276638220063], [0.1987738867732926, 0.20521920765567842, 0.2244473906121648, 0.37155951485885075], [0.2607308457194496, 0.2047872999682676, 0.2365234996892887, 0.29795835452299313], [0.20166488132340984, 0.13039472013637177, 0.3651044532873785, 0.30283594515281953], [0.22049731795929967, 0.13382815240768123, 0.3722187885907099, 0.2734557409422985], [0.1552094651195601, 0.08994925473941588, 0.35371369259904284, 0.401127587441976], [0.24330596732436346, 0.1719536566248136, 0.2734109346361915, 0.31132944131463036], [0.2085176844564576, 0.16898513784560937, 0.19125080615080142, 0.43124637144712946], [0.19840693558391673, 0.1413776712436243, 0.344230445545894, 0.31598494752657996], [0.1299995278666585, 0.07896808799533372, 0.44161468967023904, 0.3494176943677578], [0.19980441247606912, 0.17579559339881826, 0.32056038534494286, 0.30383960868017545], [0.14223358541544473, 0.10958359406030939, 0.3659489966438433, 0.38223382378041504], [0.16763135860644057, 0.19157208869309084, 0.27430356230820163, 0.3664929902922782], [0.16116506426639282, 0.1784924596102486, 0.23724916779261254, 0.4230933082307552], [0.2491450130120864, 0.1269200250885424, 0.269504002628134, 0.35443095917123507], [0.26501415110809107, 0.15175404921217397, 0.18208826395827063, 0.4011435356214573], [0.25253426735062673, 0.14073521046253779, 0.2515941224482655, 0.3551363996385889], [0.21483549125408552, 0.13397607491267138, 0.18157016878674373, 0.46961826494650233], [0.24181509152966543, 0.14064422472063856, 0.26556720654616534, 0.351973477103519], [0.20405620759830614, 0.1205622192091009, 0.14362479303323025, 0.5317567800593747]], "ideal": "D", "sampled": "D", "correct": true}}
{"type": "result", "data": {"idx": 13, "options": ["Valid", "Invalid. Counterexample when E, F, and G are true", "Invalid. Counterexample when E and F are true and G is false", "Invalid. Counterexample when E, F, and G are false"], "probs": [[0.22529403739182657, 0.2352728531528173, 0.2666314390612566, 0.2728016702940848], [0.235742398513115, 0.25112795289411816, 0.28812747891654306, 0.22500216957622426], [0.2228787211607611, 0.2556613298116637, 0.23647316186536804, 0.284986787062191], [0.2278130802389494, 0.2581652690058141, 0.21329789413225422, 0.30072375652298045], [0.2373029254341238, 0.2508420847594072, 0.28882840540776183, 0.22302658429870834], [0.21572208228224135, 0.22446112867250562, 0.2565745493613041, 0.3032422395839538], [0.17984057611268414, 0.3193312169315775, 0.2577768961961321, 0.24305131065961338], [0.18655928255310866, 0.33009404131314307, 0.2582425048698296, 0.22510417116392425], [0.17714072394089012, 0.15752659872139374, 0.42520791731307817, 0.24012475992465304], [0.18442885951232793, 0.17949720375612366, 0.15592785592513816, 0.4801460807064254], [0.19137240200630556, 0.15266805344594753, 0.4150521573587178, 0.24090738708901813], [0.19300600145675662, 0.15705006568205726, 0.16269158666568187, 0.48725234609552004], [0.18924469937502264, 0.3256740417772912, 0.22841426155382324, 0.2566669971938793], [0.19739554626333414, 0.33703999645733534, 0.1913978843032228, 0.27416657287612356], [0.18031271157966836, 0.14612806010536003, 0.4328065841618747, 0.24075264405309638], [0.20218358286567314, 0.18928882883472947, 0.14745955130083555, 0.4610680368987683], [0.18782879693186078, 0.13855473101456398, 0.4169959503290054, 0.25662052162457355], [0.20099076662230844, 0.15486403662418424, 0.20677914046922893, 0.43736605618426927], [0.17552530277629072, 0.3369452593788905, 0.26561365310170126, 0.22191578464312067], [0.1685966789126339, 0.312274839817808, 0.24544625809743423, 0.27368222307213547], [0.18017131017358226, 0.15912442515567352, 0.42107501551312915, 0.2396292490576252], [0.18015639027394215, 0.16602223260048693, 0.15841156899391456, 0.4954098080316581], [0.16752174073038428, 0.15377699297781763, 0.4232573793216851, 0.25544388687013786], [0.16679103248357124, 0.14958086725912353, 0.21425284898923616, 0.46937525116807643]], "ideal": "C", "sampled": "A", "correct": false}}
{"type": "result", "data": {"idx": 14, "options": ["Valid", "Invalid. Counterexample when H, I, and J are false", "Invalid. Counterexample when H and I are true and J is false", "Invalid. Counterexample when I is true and H and J are false"], "probs": [[0.24688885707730113, 0.2509655270811847, 0.26538787962825733, 0.23675773611326387], [0.24246796229435036, 0.24841063155541382, 0.24464115601161024, 0.2644802500386362], [0.2468606355648517, 0.26380962643574957, 0.2404469367289061, 0.24888280117047404], [0.2545167049162197, 0.2762008941578846, 0.23201042959783771, 0.23727197122805566], [0.24083062666498872, 0.2487293234698183, 0.25174938537744784, 0.2586906643877526], [0.2459416443353825, 0.2568538839134029, 0.26421580732005484, 0.2329886643311658], [0.1743402164926502, 0.37906910196981425, 0.2320406313850625, 0.21455005005246106], [0.17369360381128418, 0.37462778439721695, 0.2205862087982055, 0.23109240289329752], [0.17477261117806667, 0.15855436370799272, 0.4414068181149132, 0.22526620689901816], [0.1764013343685536, 0.16968648789230217, 0.15699827954927037, 0.49691389808987346], [0.17427874411853816, 0.15206336731100384, 0.4335555760696297, 0.24010231240082613], [0.17378146610922898, 0.15836160385963308, 0.16861576457514976, 0.499241165355995], [0.18792411946017382, 0.3721794310829889, 0.21483268393508792, 0.22506376542174872], [0.19088018836278844, 0.37633171305768026, 0.21728579212969273, 0.2155023063498321], [0.1925223501483137, 0.15903286288463003, 0.42246251443028443, 0.2259822724367682], [0.1967367156240722, 0.16833017094208497, 0.16645610654425178, 0.46847700678961146], [0.18999954222431328, 0.1428792132545528, 0.45102384907829424, 0.2160973953428412], [0.1929475371072752, 0.156314747660068, 0.15576255206271483, 0.49497516306993866], [0.18059711526155375, 0.360499921520383, 0.23489389134480843, 0.22400907177324988], [0.18326867616953416, 0.36554079309109816, 0.24097851625653396, 0.21021201438283674], [0.1855102768406885, 0.17495213411373287, 0.4086696339282697, 0.23086795501732682], [0.18670434626508595, 0.17743161309835062, 0.17542382415526533, 0.46044021638130667], [0.18204860292959713, 0.15147516559434787, 0.4510892242619879, 0.21538700711405753], [0.1866101200054485, 0.1693533157159118, 0.16168728109052347, 0.4823492830881048]], "ideal": "D", "sampled": "A", "correct": false}}
{"type": "result", "data": {"idx": 15, "options": ["(\u2203x){Fx \u2022 (\u2200y)[Dy \u2283 (\u2203z)(Vz \u2022 Rxyz)]}", "(\u2203x){Fx \u2022 (\u2203y)[Vy \u2022 (\u2203z)(Dz \u2022 Rxyz)]}", "(\u2203x){Fx \u2022 (\u2203y)(\u2203z)[(Vy \u2022 Dz) \u2022 Rxzy]}", "(\u2200x){Fx \u2283 (\u2203y)[Vy . (\u2203z)(Dz \u2022 Rxyz)]}"], "probs": [[0.2322101842776152, 0.2756697242531183, 0.337981345294118, 0.1541387460751493], [0.2325118507130173, 0.2939321083504404, 0.2698292149281913, 0.2037268259083699], [0.2308778843410199, 0.23728562188494284, 0.3808657717611892, 0.15097072191284064], [0.20306347692731694, 0.19543077370842998, 0.18944659323274507, 0.41205915603150217], [0.22856943912914518, 0.2386581120484383, 0.3710994859909256, 0.16167296273147444], [0.2012053409018667, 0.19981107835912684, 0.2077842192541861, 0.39119936138482103], [0.2557837687056881, 0.2376158827740386, 0.3418562800242936, 0.16474406839598021], [0.25482041837753566, 0.2413005961889645, 0.32230031531266196, 0.18157867002083394], [0.25771151723849683, 0.30009792551225684, 0.24597856887036382, 0.19621198827889966], [0.2466503109948924, 0.28056562879412206, 0.328192510225223, 0.14459154988576176], [0.2606969211756923, 0.28963659458099217, 0.24884886018458893, 0.2008176239587218], [0.24122058209041772, 0.23111469844282131, 0.38567888964439767, 0.14198582972237947], [0.21003026279873793, 0.25143506412660044, 0.4001062321364214, 0.13842844083824696], [0.20351210801692943, 0.22097680621783586, 0.19050954555643532, 0.3850015401088018], [0.19367923689574848, 0.4114342558013526, 0.2439381352398577, 0.15094837196303215], [0.19577051115571975, 0.42585113618069537, 0.24468536104765626, 0.13369299151592093], [0.19558255832401153, 0.2512225638114023, 0.19187290674553953, 0.3613219710190505], [0.19171985089961502, 0.21807418962566927, 0.4619037990832782, 0.1283021602914356], [0.23497387089502708, 0.2531140333893987, 0.3501802334102084, 0.1617318622053719], [0.20813728689864885, 0.20258020837019022, 0.2001573297598928, 0.38912517487128495], [0.24523786023201258, 0.2946664702062401, 0.27915509890511525, 0.1809405705566453], [0.23682623322378368, 0.2521344598623912, 0.3626810541797558, 0.14835825263407965], [0.19176781790760328, 0.2174053593024386, 0.184508194592475, 0.40631862809749275], [0.19490583814766674, 0.1956621465993619, 0.4805162353097948, 0.12891577984317062]], "ideal": "B", "sampled": "B", "correct": true}}
{"type": "result", "data": {"idx": 16, "options": ["The university raises tuition.", "The governor approves of it.", "The board of trustees recommends it.", "None of the above"], "probs": [[0.25452345154439987, 0.16331630615221365, 0.3634963525456442, 0.2186638896577463], [0.16236284963165984, 0.11172095953242696, 0.13419223762344917, 0.5917239531124944], [0.19878948244692882, 0.2914796538362642, 0.31778397574834005, 0.19194688786848116], [0.17530945207724186, 0.2483132499994873, 0.15235782560810185, 0.42401947221515845], [0.22343590477412079, 0.11523780139775075, 0.26452536753943645, 0.39680092618868984], [0.12137644227595248, 0.09280666227505673, 0.4441363938616199, 0.34168050148736645], [0.3393083594863378, 0.13008642285478225, 0.3189695833727702, 0.2116356341860921], [0.16478629445615164, 0.08048131234825659, 0.10777185547252836, 0.6469605376230906], [0.2526093623976302, 0.4199929043233402, 0.12274971101228074, 0.20464802216674466], [0.2325721572019058, 0.40977044542014657, 0.17987494621518627, 0.17778245106275498], [0.2949149576001226, 0.11347247860914941, 0.08392037709197776, 0.5076921865987507], [0.15085206299980927, 0.08089591554477808, 0.5760209209792142, 0.1922311003761925], [0.4250958060396931, 0.11693014331363558, 0.2901615568210158, 0.16781249372567048], [0.3636420853812488, 0.10941380826838122, 0.13812141523063493, 0.38882269101973965], [0.35168471129237705, 0.32417266231828373, 0.13880983902637947, 0.1853327872629754], [0.3485805641919963, 0.3213566924791559, 0.16534964144713535, 0.16471310178171847], [0.4367446172791706, 0.11025597801932055, 0.09348237269605601, 0.35951703190544915], [0.35226795861124444, 0.09000877426330628, 0.3652939380857744, 0.19242932893966955], [0.11104690909124842, 0.15369960895625978, 0.2234802001735041, 0.5117732816790065], [0.08787801401123435, 0.1069103658361329, 0.33564027781077577, 0.4695713422418463], [0.09116573437264879, 0.2719872067226356, 0.16837723303277494, 0.4684698257719504], [0.07624782001018482, 0.18504320624506332, 0.42031892405107874, 0.3183900495936758], [0.0699240701437882, 0.4082184746252749, 0.14399757030671193, 0.37785988482423666], [0.06290095024505994, 0.3561564856390793, 0.3321056103673094, 0.24883695364854272]], "ideal": "D", "sampled": "C", "correct": false}}
