{"type": "result", "data": {"idx": 0, "options": ["too much curvature of the cornea and lens", "too little curvature of the cornea and lens", "too much curvature of the iris and lens", "too little curvature of the iris and lens"], "probs": [[0.5774216060195441, 0.23459010461621646, 0.07984464868600413, 0.10814364057823066], [0.5877716489967426, 0.23158366657434634, 0.082289900477536, 0.09835478385135274], [0.4177698773001429, 0.05262415053364367, 0.37429597004094217, 0.1553100020252741], [0.5066368188545225, 0.06304894501299212, 0.23018623531996438, 0.20012800071250725], [0.4183992332837102, 0.04797246074366442, 0.41629564641083666, 0.11733265946179909], [0.5795724714180006, 0.0626883828642629, 0.09763302533001943, 0.2601061202877079], [0.6969187086725991, 0.12943378142874445, 0.06901043466376496, 0.10463707513490025], [0.7281440619320434, 0.1307309821713108, 0.06882577870681937, 0.07229917708984365], [0.570329673416598, 0.05380832990269515, 0.2580968792865577, 0.11776511729414975], [0.6113100638236149, 0.056389165287483396, 0.1291864910752116, 0.20311427971370055], [0.6589980137018068, 0.06104051865565641, 0.1815568913494814, 0.09840457619304512], [0.6846295698783618, 0.0638347982399175, 0.0965908115629325, 0.15494482021880523], [0.10509669531863386, 0.07299253020462888, 0.6143800571109613, 0.20753071726579328], [0.1504829553974089, 0.13580736715460634, 0.36584444712061526, 0.34786523022736643], [0.16619955502737604, 0.1119780516231532, 0.43374055799210887, 0.28808183525736825], [0.16084905456333815, 0.09516195866788188, 0.5083150183864542, 0.2356739682823237], [0.14923827171600476, 0.08054967661628577, 0.28938711702055236, 0.4808249345471471], [0.1479031224098938, 0.0823909593056198, 0.3998460534349658, 0.36985986474950533], [0.2165954029962089, 0.08522267823324359, 0.4835003356091624, 0.21468158306139576], [0.27630423106331653, 0.10953757582696998, 0.29142841879363357, 0.3227297742160682], [0.18267664198025846, 0.16522902940072626, 0.45315444992314746, 0.19893987859587522], [0.2528460909838175, 0.34863345186472966, 0.16195191317021906, 0.23656854388122645], [0.19810606799216512, 0.05832391119548071, 0.248204469856862, 0.49536555085548556], [0.2253503128607029, 0.06067131143338682, 0.3667475973137851, 0.3472307782921307]], "ideal": "A", "sampled": "B", "correct": false}}
{"type": "result", "data": {"idx": 1, "options": ["OCD.", "schizophrenia.", "conversion disorder.", "antisocial personality disorder."], "probs": [[0.08907101863775455, 0.818635146339421, 0.04502955767501755, 0.04726427724782191], [0.08506646722110753, 0.8285798954129562, 0.05633675552956728, 0.03001688173637308], [0.06762640556780257, 0.013469119538981592, 0.8432716465360546, 0.07563282825713638], [0.04993903228780002, 0.010254521547037881, 0.029963896288351853, 0.9098425497767938], [0.06600709875894147, 0.02428846933772537, 0.8662930711839189, 0.043411360619409665], [0.04820661024334577, 0.01911032266686833, 0.0262895081064677, 0.9063935588833225], [0.9477252407971941, 0.02015093918281848, 0.011951538066141095, 0.020172281853826583], [0.9501183003950918, 0.017731871730301395, 0.0187324655422188, 0.013417362232392824], [0.9451512280069118, 0.01650627999672367, 0.015413414500760695, 0.022929077395613458], [0.9540522088790154, 0.015614541756480263, 0.015102517257559957, 0.01523073200694035], [0.9430557026375646, 0.030229781379670657, 0.01503765044562561, 0.01167686543714876], [0.9443249112510357, 0.03036049330849442, 0.011905055635040594, 0.013409539705440954], [0.04772865963851561, 0.022520340737247103, 0.843377587294323, 0.08637341222991259], [0.03337310650625596, 0.01376552868988238, 0.028166907613753307, 0.9246944570901009], [0.06228084121072483, 0.8054836562846964, 0.06133716682067382, 0.07089833558392876], [0.0633483634094193, 0.835227435238138, 0.058588943296993254, 0.04283525795542714], [0.03423910509917023, 0.01746728899036237, 0.028358222652676075, 0.9199353831577904], [0.0532045594999232, 0.029728958396274395, 0.8532928712828617, 0.0637736107209389], [0.09547507751935061, 0.029196035475638715, 0.8304366169158849, 0.04489226998914734], [0.08395366341671444, 0.021457097781568294, 0.024191115423617425, 0.8703981232781103], [0.1444263135543803, 0.7778345136832414, 0.04474521800854135, 0.03299395465382703], [0.14015997351642068, 0.788449791357725, 0.03824487518290113, 0.03314535984296993], [0.10538926722169831, 0.015161649411264029, 0.029837981113485932, 0.8496111021535728], [0.11061978451269663, 0.01940354494204156, 0.8115173119673337, 0.058459358477906724]], "ideal": "B", "sampled": "B", "correct": true}}
{"type": "result", "data": {"idx": 2, "options": ["Homeostatic regulation", "Goal-setting", "Expectancy-value", "Hierarchy of needs"], "probs": [[0.0396052527238142, 0.024255214908712994, 0.06416335832543238, 0.8719761739420471], [0.028437002439902808, 0.015763305121897345, 0.9233546982307951, 0.032444994107418273], [0.03994457476615337, 0.06315596102817662, 0.03421995938550334, 0.8626795047201665], [0.029876117162697242, 0.02838940394698819, 0.9061416918324198, 0.03559278695789922], [0.04017323516891648, 0.9300054717585662, 0.016447734996263223, 0.013373557976273242], [0.03221184011212136, 0.9222966206956861, 0.027299774671964698, 0.018191764420240234], [0.03789386546255709, 0.02631803881011842, 0.07126388027367454, 0.8645242153536478], [0.029173461696937648, 0.01561349612646182, 0.923538948561036, 0.03167409351556299], [0.03844310594466309, 0.05102675332946706, 0.033081042052496866, 0.877449098573368], [0.032069274837793364, 0.026199329802205264, 0.9121587962398191, 0.029572599020176813], [0.037059830841076245, 0.9258588821059762, 0.01943941616294785, 0.017641870790006998], [0.03382944899700998, 0.9167856128360818, 0.031245370032287365, 0.01813956803463311], [0.06653261894330977, 0.028946009540271128, 0.028665917247534204, 0.8758554541688813], [0.04051371043534996, 0.017073162589868754, 0.9115235011268507, 0.030889625747942837], [0.07143595457510063, 0.01710038876433524, 0.02456824006847436, 0.8868954164920804], [0.048236722080684934, 0.013993576723343122, 0.907240937332506, 0.030528763763482042], [0.06118559653383978, 0.9115614697973823, 0.013600898385172705, 0.013652035183613033], [0.06513864885360005, 0.9105989630800069, 0.014558422438957408, 0.009703965527413167], [0.956329754067655, 0.013813196054596915, 0.015318223841546486, 0.014538825936192967], [0.9458641957219752, 0.013633149222852886, 0.020988832708591604, 0.01951382224659417], [0.9621636630161514, 0.013210345251981642, 0.01137695776072613, 0.013249033871127304], [0.9585110902618027, 0.011367907125573578, 0.01688331657457776, 0.013237685938056513], [0.9541772302266431, 0.02176096619096867, 0.011135482778720509, 0.012926320703686687], [0.9595615442757424, 0.018638870057987228, 0.012327392455259736, 0.009472193111016283]], "ideal": "D", "sampled": "D", "correct": true}}
{"type": "result", "data": {"idx": 3, "options": ["measures what it purports to measure", "yields consistent results on successive administrations", "has been piloted and statistically analyzed", "includes norms based on a representative sample of the general population"], "probs": [[0.9732204149458172, 0.013775299373012638, 0.005832200120117868, 0.007172085461040927], [0.9729125253904052, 0.012163170451156394, 0.00919990529759044, 0.005724398760871411], [0.9692897667509702, 0.009810160383476242, 0.010069687174435495, 0.010830385591114863], [0.9688659395821473, 0.01056737850180306, 0.010475540077127886, 0.010091141738935236], [0.9725135154716754, 0.0117223139128608, 0.009669261028731516, 0.006094909486739427], [0.967806139678239, 0.014921894478430233, 0.0075508072882151745, 0.009721158455108786], [0.04559998192215983, 0.9175923409863144, 0.011906011551998504, 0.02490166543952088], [0.03877072672001096, 0.9193129748916126, 0.021906469683052567, 0.02000982860532593], [0.032888823310057165, 0.01014329977676269, 0.8974757890673158, 0.05949208774588875], [0.05721603179704138, 0.015109577961926959, 0.056052523373775094, 0.8716218667672697], [0.03432008905949724, 0.010561352378444317, 0.9120789659558507, 0.04303959250621394], [0.06281940184197925, 0.02537591587336008, 0.019493212354910822, 0.8923114698297606], [0.029790735934103568, 0.8915124611844744, 0.03464819836625829, 0.0440486044151874], [0.0263577216054325, 0.8975843124839742, 0.03257513919461598, 0.043482826615987895], [0.02609253967526611, 0.013109123104128017, 0.9007268268582844, 0.060071510262321146], [0.0214849893492979, 0.14090627119680862, 0.04272624427960667, 0.7948824950742823], [0.02137557922387039, 0.011668254337158044, 0.9052665404206194, 0.06168962591836447], [0.021197500298840884, 0.016230999270112727, 0.10212483952727552, 0.8604466608037852], [0.040603715391340396, 0.8856193107554463, 0.035307127699388485, 0.03846984605382929], [0.04376300854425505, 0.8754375063517655, 0.021669786223384658, 0.05912969878062183], [0.03556519230057205, 0.011584678649279208, 0.9168451803696104, 0.03600494858055348], [0.04486617568282329, 0.044781317211149536, 0.019019143330373883, 0.8913333636756752], [0.02915189348293502, 0.01133155503617481, 0.8980601191925299, 0.06145643218834398], [0.03694348051456636, 0.014547730720513317, 0.06316412039919497, 0.8853446682657284]], "ideal": "A", "sampled": "A", "correct": true}}
{"type": "result", "data": {"idx": 4, "options": ["the provision of a free, appropriate public education for students with disabilities", "the provision of bilingual education for English-language learners", "schools being held responsible for providing tests that do not discriminate on the basis of race", "the assignment of similar funding to athletic activities for boys and girls"], "probs": [[0.9199328666660115, 0.037720898681282394, 0.020029689420314432, 0.022316545132378497], [0.9284153217209328, 0.03198240017636668, 0.014482291556012843, 0.02511998644669448], [0.9360475436977336, 0.02460745312709377, 0.016500232793145116, 0.022844770282010943], [0.924747615275624, 0.023874900981316807, 0.014991345814816783, 0.03638613782823677], [0.9240820684506218, 0.02319935733243135, 0.021236439308203466, 0.031482134808760706], [0.926206047532025, 0.025184409181188867, 0.01871080581959171, 0.029898737367195363], [0.3162771532174098, 0.3086055563208673, 0.275803589732269, 0.09931370062943837], [0.3276576313092943, 0.32466697264694866, 0.0826861560940021, 0.2649892398497411], [0.14463871310028265, 0.11003555477113418, 0.6616607884800311, 0.08366494354856711], [0.08196734989255867, 0.1373852170885866, 0.057703154816387305, 0.7229442781024759], [0.08601930135092377, 0.04830011370783151, 0.7161490328702819, 0.14953155197099527], [0.06979939896966295, 0.05525547307205632, 0.21295626662362258, 0.6619888612346473], [0.6103111896355021, 0.286395232201302, 0.057492056810367856, 0.04580152125282463], [0.5044683353828537, 0.3447969550366089, 0.04335352239336758, 0.10738118708717481], [0.3495674024984888, 0.03757643404978402, 0.5679437047708739, 0.04491245858088256], [0.42734033769231405, 0.038713328558574046, 0.04576524844317692, 0.4881810852059489], [0.3862394126659885, 0.06677357074718736, 0.42832586383231297, 0.11866115265451381], [0.3444886170359341, 0.06481659881153924, 0.05732622289137182, 0.5333685611611392], [0.8084342261656841, 0.10765228131770414, 0.03128566624780377, 0.05262782616878618], [0.730685702846692, 0.14720788210830776, 0.05412067115415715, 0.06798574379081158], [0.3467702675358295, 0.05275216124747212, 0.5002443641952697, 0.10023320692143467], [0.3562513590798877, 0.06168476912540858, 0.08803158106696693, 0.49403229062772724], [0.605786163941293, 0.07664767001437067, 0.2178817064049451, 0.09968445953938565], [0.6750436708973414, 0.06626922868997709, 0.03581519849365049, 0.22287190181902045]], "ideal": "C", "sampled": "A", "correct": false}}
{"type": "result", "data": {"idx": 5, "options": ["0%", "25%", "50%", "75%"], "probs": [[0.12442296979504774, 0.1809538070458969, 0.44523077388171944, 0.24939244917732595], [0.07591341647885118, 0.06690836863611332, 0.0674007539508211, 0.7897774608342041], [0.12618964297767896, 0.30431022396238794, 0.28983665141623266, 0.279663481543716], [0.12987183597140547, 0.30949529529704184, 0.23973716301052442, 0.3208957056210266], [0.1068940598383303, 0.09554061311948403, 0.1187961054840994, 0.6787692214580867], [0.12361671997505241, 0.11626370167191184, 0.5392276993982539, 0.22089187885479225], [0.16175830357419851, 0.1554368221251386, 0.4736423739533554, 0.20916250024730665], [0.12470340073796578, 0.1008851072209859, 0.11627906421163163, 0.6581324277294245], [0.162595686999107, 0.36988139431606026, 0.2669289844011311, 0.200593934183704], [0.16823199175007664, 0.3471177956467227, 0.256626203774035, 0.2280240087291537], [0.12039562184396446, 0.08369030252571054, 0.10481089413477845, 0.6911031813955418], [0.14514176688355085, 0.09422792067758583, 0.5924112886601081, 0.1682190236787748], [0.26803972778986623, 0.1953085620049895, 0.2779611906240423, 0.2586905194810933], [0.26113077251637196, 0.20153319431907368, 0.2550924908121826, 0.28224354225238596], [0.2704731466494219, 0.2106568278423169, 0.23978601840327038, 0.2790840070049837], [0.27563986409369706, 0.21962040162521493, 0.2813494795547686, 0.22339025462631995], [0.28743245437932025, 0.2086882790097247, 0.20714076902259815, 0.2967384974883457], [0.3011405146607576, 0.21430288207197196, 0.2701354539756582, 0.21442114919160257], [0.14369709391567478, 0.11431406458135827, 0.25416656531717174, 0.487822276085799], [0.153751160841873, 0.12037332500270968, 0.5302390494916558, 0.1956364645637309], [0.15374458853311454, 0.11646487913757021, 0.14300823058946924, 0.586782301639847], [0.16393130670399075, 0.11647372970684061, 0.539584385478456, 0.18001057801069584], [0.1693367870833222, 0.3109420257062073, 0.2543959706645907, 0.26532521644587415], [0.18449400963762713, 0.3306927340671866, 0.275932049802531, 0.20888120639265395]], "ideal": "A", "sampled": "C", "correct": false}}
{"type": "result", "data": {"idx": 6, "options": ["variance", "mean", "range", "median"], "probs": [[0.8677777878922175, 0.03899075485407124, 0.04731730867011909, 0.04591414848357045], [0.8769792283939779, 0.03698736972942176, 0.04724739734044894, 0.03878600443613117], [0.8896737463889205, 0.04309802744496392, 0.02927754836135828, 0.0379506777047594], [0.8938438608446421, 0.039891042204343766, 0.028098166891399108, 0.03816692995963643], [0.8825841306963905, 0.03630230037013128, 0.04471913336781389, 0.03639443546567916], [0.871796937654804, 0.038171789377326626, 0.0430010996357729, 0.04703017323211323], [0.14457303592511164, 0.3660048245884885, 0.15948778951460846, 0.3299343498717818], [0.16206109192736207, 0.43985684380198525, 0.20737853575912152, 0.19070352841153107], [0.06563367124486394, 0.04255159064405456, 0.6977153534087399, 0.19409938460231707], [0.13719930841981795, 0.0758856135072847, 0.36936382510480614, 0.41755125286808287], [0.09592674466405184, 0.4606173473877492, 0.3103276879162704, 0.13312821993193924], [0.11025591746054828, 0.444915080411371, 0.1201909366257055, 0.32463806540236445], [0.06967852392266134, 0.7860185598931541, 0.048373126128930424, 0.09592978995523982], [0.06728287259299981, 0.7834217217888657, 0.048118861717636276, 0.10117654380047926], [0.0476206991893877, 0.047970032863080846, 0.7992029804240346, 0.10520628742351655], [0.07765685667152537, 0.08685981456836613, 0.3362027754691869, 0.499280553190919], [0.04750220292409626, 0.06239056878808194, 0.7759459242179471, 0.11416130396987739], [0.09186643656070136, 0.1707952347144179, 0.22213328323824388, 0.5152050453866269], [0.21602786291252143, 0.4780310930258977, 0.16134628248613134, 0.14459476147544817], [0.2114910364877865, 0.42168214204943544, 0.11153297667568647, 0.255293844687086], [0.1742143580095709, 0.21197133294622303, 0.47461115480248467, 0.13920315414171622], [0.22407144894966408, 0.26393893400842333, 0.1290695107279463, 0.38292010621397204], [0.1108994278481005, 0.05573092072677112, 0.6536471532253647, 0.17972249809976654], [0.27704984904202534, 0.10805110051297459, 0.25943364847163236, 0.35546540187336806]], "ideal": "A", "sampled": "A", "correct": true}}
{"type": "result", "data": {"idx": 7, "options": ["They need provide supervision only to school psychologists who are not fully certified or licensed and to any school psychology interns.", "They should provide professional but not administrative supervision.", "They are eligible to serve as supervisors after one year of experience as a school psychologist.", "They should hold the Nationally Certified School Psychologist credential or the state school psychologist credential."], "probs": [[0.1295377323234734, 0.11859687796631807, 0.08569231450488166, 0.6661730751053458], [0.21449751184231583, 0.1586094472254967, 0.43424640482976967, 0.19264663600242737], [0.1410905938191343, 0.12530317320846301, 0.19393834768535803, 0.5396678851870368], [0.12771676147686137, 0.11067628725244982, 0.619506030297288, 0.14210092087338833], [0.1614732174840442, 0.35991658942076593, 0.353147231590117, 0.1254629614050702], [0.15899731840269496, 0.45156056778435033, 0.19579216335324978, 0.19364995035969276], [0.24646636283934037, 0.15705530713872565, 0.09625281417012298, 0.5002255157518235], [0.3172726153951438, 0.15869114684718763, 0.39864342245715556, 0.12539281520050777], [0.2449161382219269, 0.11644534410825653, 0.077487091994001, 0.5611514255758108], [0.28029100728148637, 0.12776586652367083, 0.4683165219046076, 0.12362660419022753], [0.2960849632576825, 0.4117907923601141, 0.16895379986045825, 0.12317044442174231], [0.3090122615884583, 0.4101377214605936, 0.17634207417765635, 0.10450794267329769], [0.1690408615025423, 0.1325004815968726, 0.2379363816631958, 0.46052227513738836], [0.1394389694513603, 0.10962996090580829, 0.618290302939293, 0.13264076660354635], [0.1591138421821144, 0.14523692802771454, 0.0849410207219937, 0.6107082089681705], [0.16249581657949716, 0.1622169229624226, 0.546089911433626, 0.12919734892447435], [0.13572946893558835, 0.5810060660154709, 0.14020678624485944, 0.1430576787040854], [0.14543516618317517, 0.4295941627688052, 0.32678430060158725, 0.09818637034642035], [0.4977943135557843, 0.14993137174411897, 0.25783432248547616, 0.09443999211463872], [0.5341403115339117, 0.17610006503153697, 0.1363905161637583, 0.15336910717077984], [0.5674211168907656, 0.2203580948745922, 0.11461458763777975, 0.09760620049687324], [0.5708224708243972, 0.23316179895367733, 0.1100351770484523, 0.08598055307347777], [0.5262306657831205, 0.18236660324821824, 0.12039810055636938, 0.171004630312297], [0.459101400294228, 0.14161500395023655, 0.297079410426671, 0.10220418522887713]], "ideal": "D", "sampled": "D", "correct": true}}
{"type": "result", "data": {"idx": 8, "options": ["at the beginning of the list", "in the middle of the list", "at the end of the list", "distributed throughout the list"], "probs": [[0.3137911631718403, 0.11115137757931748, 0.30259305527363056, 0.27246440387521104], [0.21880782473962326, 0.08906056231775478, 0.44348674755136214, 0.2486448652912713], [0.2473783454305478, 0.1695013194518319, 0.37252453588400875, 0.21059579913362506], [0.15229962738148353, 0.11022287063151112, 0.4816704450971493, 0.25580705678986815], [0.17323421136230863, 0.37501955095721323, 0.20476948898327996, 0.24697674859719476], [0.17211448354061837, 0.3784729325601084, 0.21984028764143942, 0.22957229615782154], [0.2736305501369166, 0.305235549633043, 0.20722123402203257, 0.21391266610800103], [0.2168826536574663, 0.25749072329312417, 0.3054853294144152, 0.22014129353499629], [0.2405817116151322, 0.2993451547256549, 0.27434973273161106, 0.1857234008275938], [0.19178199766148585, 0.23415184018654575, 0.29203414914071846, 0.2820320129112499], [0.2099042185396072, 0.33406578521131014, 0.24042495560443936, 0.2156050405446392], [0.20609927655463733, 0.29395651818497776, 0.20270676259435724, 0.297237442566019], [0.2256466256974967, 0.19614170447815307, 0.35447774001719595, 0.22373392970714892], [0.13408623670479353, 0.1182274819154905, 0.47762439615834, 0.2700618851213663], [0.19842669429285026, 0.14931239405922925, 0.4311731217612213, 0.22108778978669125], [0.13957259458504578, 0.10832034472846658, 0.4542115704436711, 0.2978954901428261], [0.09089634631284199, 0.47326963722655024, 0.26366439736685393, 0.1721696189937536], [0.08967824314007504, 0.3979196089046717, 0.2746495728992264, 0.23775257495603375], [0.30112241788299093, 0.31157056729544175, 0.11964995455870735, 0.2676570601628629], [0.2890710158141676, 0.2899569615110436, 0.20959100586595497, 0.2113810167088358], [0.22654010220980353, 0.18931217418723403, 0.382092489771686, 0.2020552337312872], [0.22432478948907075, 0.1838410056539248, 0.268220444212502, 0.32361376054451346], [0.25342580091808736, 0.28589566865245153, 0.2879752359496169, 0.17270329437981746], [0.2293700505223542, 0.26818326371794093, 0.155693890350598, 0.3467527953091152]], "ideal": "A", "sampled": "D", "correct": false}}
{"type": "result", "data": {"idx": 9, "options": ["Piaget's cognitive development theory", "Erikson's psychosocial stage theory", "Kohlberg's moral development theory", "Ainsworth's social attachment theory"], "probs": [[0.03411775586575347, 0.8986916410927364, 0.03338916827214864, 0.03380143466938062], [0.03061932047274605, 0.8916572703633839, 0.04008646066236045, 0.037636948401514485], [0.028817548820346362, 0.01812647366009806, 0.9084717214562216, 0.04458425596332813], [0.02163373832785085, 0.016687095349414188, 0.029869796942248436, 0.9318093692804662], [0.023436648808396417, 0.0209986937632343, 0.9019241629624195, 0.053640494365954444], [0.0183683445799397, 0.0182613016944938, 0.03326542427450074, 0.9301049293510724], [0.9550797004405855, 0.01577366950414772, 0.01325099355791666, 0.015895636397337112], [0.938468586786571, 0.02108025490128341, 0.017837468813455517, 0.0226136893987104], [0.9552197240381715, 0.020398882847022765, 0.011273794667102535, 0.013107598347699615], [0.9414052139281878, 0.02554982264030098, 0.016500251679932375, 0.01654471165159036], [0.9446346500216733, 0.026613215134498606, 0.011234097000430664, 0.017518037743383157], [0.9336700207705454, 0.026323435831697207, 0.017144452087974764, 0.022862091209765865], [0.029447935988998024, 0.020182294303525868, 0.9040763720106624, 0.04629339759680883], [0.02264950536220177, 0.022910050000587795, 0.03605515870276359, 0.9183852858344648], [0.04079001979935479, 0.9074005514102739, 0.02456822991817275, 0.02724119877217852], [0.0366380458464537, 0.8952244039487254, 0.038960430663454976, 0.02917711944138868], [0.021533280966549533, 0.021389845339454313, 0.03550100300299732, 0.9215758705910216], [0.030753232766978212, 0.01889337476411607, 0.9104220526382194, 0.039931339730685626], [0.03394232838179168, 0.020360627922394743, 0.8971948709744869, 0.04850217262131128], [0.024532715849675018, 0.019970882674983807, 0.02826538496109216, 0.927231016414227], [0.04385865258401235, 0.9090949620612482, 0.021173907200184396, 0.02587247805455642], [0.03773369858873538, 0.8888568847755419, 0.038480494483763054, 0.03492892205195042], [0.024738908200060538, 0.022742621855464256, 0.03369084833250708, 0.9188276215119797], [0.04499125480201943, 0.02071392535956191, 0.8988819121415571, 0.03541290759686154]], "ideal": "B", "sampled": "B", "correct": true}}
{"type": "result", "data": {"idx": 10, "options": ["aptitude", "projective", "achievement", "intelligence"], "probs": [[0.46640126624688366, 0.11775337788339484, 0.15824187348832125, 0.25760348228141494], [0.45823521047350807, 0.11894344977163769, 0.10901241949977558, 0.3138089201550648], [0.3470801397468359, 0.4499407403813835, 0.06027739345012261, 0.14270172632165695], [0.352611159445883, 0.453571557130525, 0.10752719710793256, 0.08629008621563705], [0.46454043570485914, 0.21107767798712293, 0.07479680687956024, 0.24958507932846896], [0.366551379557892, 0.18366048332906196, 0.37081224097528476, 0.07897589603776486], [0.0524574892801239, 0.4153758503843578, 0.32462036092995855, 0.20754629930555601], [0.05667723462531116, 0.43524565089230394, 0.12281199869181544, 0.38526511569058014], [0.052677558308182236, 0.14952238869242437, 0.615971813683467, 0.18182823921592153], [0.08663806296269505, 0.4655654291185382, 0.15882512521070963, 0.2889713826080688], [0.07838364839973398, 0.11409767864576906, 0.2859134800114065, 0.5216051928430842], [0.09609832721816937, 0.15978269887071478, 0.4473156387875387, 0.2968033350235698], [0.36982189481640226, 0.41823681884468233, 0.07339074445639243, 0.13855054178253137], [0.36209114141454035, 0.45295365631481355, 0.10223093836093039, 0.08272426380972069], [0.39142812450187575, 0.15309168523306824, 0.28743364466349813, 0.1680465455015527], [0.5839181692485984, 0.19766291363308974, 0.07003604046764257, 0.1483828765506463], [0.42384914467001117, 0.2919103799274747, 0.1928697499016653, 0.09137072540083666], [0.47767193375245526, 0.2892102494792991, 0.0940341085813172, 0.13908370808690904], [0.25011073996607375, 0.38796045302962145, 0.09247611758255737, 0.2694526893217523], [0.21973646002531647, 0.33422858275633555, 0.36491181558757835, 0.0811231415307799], [0.2799916154615911, 0.19018149029193218, 0.1660784075559657, 0.3637484865904905], [0.3222239862595312, 0.2179598488022161, 0.2313720217388089, 0.2284441430994567], [0.22310294595733582, 0.4898093468861968, 0.19333465249239118, 0.09375305456408158], [0.2253400602260455, 0.5257901367819662, 0.0933223622801539, 0.15554744061185785]], "ideal": "C", "sampled": "C", "correct": true}}
{"type": "result", "data": {"idx": 11, "options": ["proximity and similarity", "top-down processing and bottom-up processing", "binocular and monocular cues", "size and shape constancy"], "probs": [[0.06748197572184605, 0.01931966347030057, 0.839762135082626, 0.07343622562523167], [0.203773102578671, 0.05484771861136776, 0.1279271399433871, 0.6134520387665593], [0.22136655508622258, 0.472481462661938, 0.16514984556765072, 0.1410021365841938], [0.21565042504120213, 0.4331518202800255, 0.09797721188647701, 0.2532205426923014], [0.16767482478498258, 0.05724833688802233, 0.090424387296307, 0.6846524509306816], [0.06771884866956443, 0.025333383558078407, 0.7976943771035667, 0.10925339056878955], [0.07250981507559695, 0.024692384027409444, 0.8278420099622248, 0.07495579083474765], [0.147381826232101, 0.06816051740355467, 0.12116312400563306, 0.6632945322586847], [0.11053090607096354, 0.7992965524911281, 0.039686953967319284, 0.05048558737057308], [0.10968878059465897, 0.8042454603620618, 0.04758546172769133, 0.03848029721557915], [0.13996815805243432, 0.1518324844303521, 0.09030661268669656, 0.6178927447305359], [0.07302021154016443, 0.030129682733008513, 0.8334485707648369, 0.06340153486198856], [0.908208135827179, 0.03463469037302979, 0.028015885320033494, 0.029141288379772937], [0.8966807482219302, 0.03495202711680408, 0.030801800228612543, 0.037565424332654224], [0.9239736760655083, 0.026243855417224106, 0.02387107625471805, 0.02591139216255295], [0.9170908831602356, 0.026828951911912802, 0.032944394936961156, 0.02313576989087871], [0.9116006920546427, 0.03991952945894546, 0.020545336694074278, 0.02793444169231453], [0.9175495687618446, 0.0386639472495469, 0.024490218807464135, 0.01929626508112941], [0.1965472384662002, 0.04963313380119882, 0.06487063201580495, 0.6889489956167848], [0.07591718414983302, 0.027047455954614278, 0.7976022864580752, 0.09943307333749798], [0.2584068927126138, 0.040665292714074465, 0.21581869979847965, 0.48510911467484785], [0.06658711815350787, 0.014990350058615442, 0.8627350806799443, 0.055687451007942194], [0.17540912790728946, 0.6356096248603992, 0.07553132752936506, 0.1134499196029575], [0.18430991812630193, 0.6627445396370745, 0.09489920781434702, 0.058046334322248684]], "ideal": "C", "sampled": "C", "correct": true}}
{"type": "result", "data": {"idx": 12, "options": ["be paralyzed", "fall into a coma", "suffer severe speech impairment", "die"], "probs": [[0.6572259343582657, 0.1594410759552505, 0.061150018656555206, 0.12218297092992617], [0.631835461180656, 0.1900896562986387, 0.08796032323507726, 0.09011455918562782], [0.5252566204719971, 0.03571998390316424, 0.3274776242983096, 0.11154577122649939], [0.7828447755778892, 0.050757610245494356, 0.05694359454463316, 0.1094540195319991], [0.5129043423684087, 0.027940416407200526, 0.3797729140500496, 0.0793823270743509], [0.7549736143527167, 0.03814438383798678, 0.07136625804760639, 0.13551574366170221], [0.8254444590629815, 0.03581694063944361, 0.04920810878938105, 0.08953049140820349], [0.8352557150341662, 0.04356080967734482, 0.06103853193864968, 0.06014494324985307], [0.8547346923275715, 0.023220396421025358, 0.03893497656829481, 0.08310993458311254], [0.871931874022048, 0.02643474417304157, 0.05963339768141587, 0.04199998402350548], [0.8587074665526135, 0.025829236133865535, 0.056697759229219435, 0.05876553798431428], [0.8599896292788365, 0.03895426606739897, 0.058814187375923255, 0.04224191717782383], [0.0646082267291199, 0.3729606340808888, 0.4013392914207221, 0.16109184766928702], [0.09652124964255877, 0.5680478338035475, 0.1571802168998431, 0.17825069955405168], [0.10903955636335459, 0.31054946319953625, 0.3366867214742534, 0.2437242588628525], [0.14151518047113737, 0.3302846562678358, 0.3781735926480297, 0.15002657051300175], [0.10300374340439442, 0.3416367747835431, 0.16375281731919752, 0.39160666439287123], [0.11034969615412323, 0.21691003968855052, 0.5486622111303768, 0.12407805292695134], [0.14357156631952478, 0.125888793435927, 0.5992651011144233, 0.13127453903013178], [0.250257135837823, 0.2850517000715906, 0.12633826850180666, 0.3383528954888023], [0.2066897736347894, 0.38618425220997477, 0.24152048370630638, 0.16560549034893174], [0.2859772848412786, 0.40971535633395495, 0.16803803479710555, 0.13626932392766494], [0.29214317371115484, 0.09510463265852268, 0.2877155770763803, 0.3250366164539385], [0.20856879062272293, 0.056282809562578806, 0.6176124014275964, 0.1175359982871148]], "ideal": "D", "sampled": "B", "correct": false}}
{"type": "result", "data": {"idx": 13, "options": ["achievement", "standardized", "projective", "triarchic"], "probs": [[0.08047814861786683, 0.8738537560641658, 0.02772113193604872, 0.017946963281927533], [0.07680724641517948, 0.8822509340820622, 0.028305385471595054, 0.01263643393114706], [0.043655788195402244, 0.01391964547290333, 0.9221636210937302, 0.0202609451379489], [0.055267173382992855, 0.01448955482083281, 0.02324993800848972, 0.9069933336876841], [0.047198676389165285, 0.013188379095560471, 0.922508497892679, 0.01710444652259873], [0.0534857548571913, 0.011882219458893057, 0.01814949455364049, 0.9164825310302633], [0.9590560401251909, 0.0164275551097244, 0.013191764954755792, 0.01132463971033157], [0.9643656089290191, 0.015310094038618395, 0.012111417456574937, 0.008212879475772877], [0.9592231696119664, 0.014504822967387379, 0.015819573852216468, 0.010452433468416782], [0.9648233634640975, 0.012809663812384416, 0.01355660418151067, 0.008810368442026763], [0.9641413141389735, 0.01429482568089396, 0.012710704877935177, 0.008853155202174192], [0.9661179759304156, 0.013200497522059481, 0.011396501445639291, 0.009285025001892164], [0.03927012023574394, 0.018652931685176236, 0.9238102291676772, 0.018266718811424578], [0.05371019714048662, 0.021548299668987955, 0.020361799889940125, 0.9043797032005996], [0.05922058233961943, 0.8991222607864802, 0.027407970850595455, 0.014249185923300088], [0.05890190685105863, 0.9049919700689115, 0.024944385298263882, 0.011161737681778356], [0.034119809380105275, 0.010399722380616165, 0.030486467979929772, 0.9249940001593646], [0.03641597202516926, 0.012585044574189063, 0.939039325868335, 0.011959657432313748], [0.0395701451482757, 0.018566134227009968, 0.9272045774993307, 0.014659143025401285], [0.049651594938214215, 0.015639662908854456, 0.01801123965548253, 0.9166975023974476], [0.07808790231026266, 0.8833963472507608, 0.025655493753753127, 0.012860256585237689], [0.08008969488217903, 0.8817834813809874, 0.023831238692274354, 0.014295584944583729], [0.03740371229863726, 0.010683811002553176, 0.03383351891545706, 0.9180789576833276], [0.03971657020522252, 0.013315910678547848, 0.9346379941632047, 0.012329524853044154]], "ideal": "B", "sampled": "B", "correct": true}}
{"type": "result", "data": {"idx": 14, "options": ["discrimination", "spontaneous recovery", "trace conditioning", "generalization"], "probs": [[0.08910553536385207, 0.06283219555155281, 0.3813818381181661, 0.4666804308664323], [0.09949845414917885, 0.07137096985003814, 0.6205128766993968, 0.20861769920137502], [0.0987786140041091, 0.4201277848200839, 0.06998267016060547, 0.41111093091519246], [0.09179341104704124, 0.28507484962124063, 0.4798770778041317, 0.14325466142757617], [0.08988051994961238, 0.6595780849202499, 0.09368405416280072, 0.1568573408673358], [0.07871558862345568, 0.6690443585093833, 0.13168153676413188, 0.12055851600303491], [0.055134334039185, 0.0847386788074286, 0.43905287264017423, 0.4210741144132117], [0.06514984867489217, 0.12622400205121342, 0.5591222591200625, 0.2495038900538277], [0.05861662335899195, 0.5187499030704948, 0.10222979489538331, 0.32040367857510915], [0.05954831630137987, 0.6018787012049461, 0.204917583274812, 0.13365539911885888], [0.06581267851351047, 0.6152948361040573, 0.1186295950255484, 0.20026289025689817], [0.060252340199731975, 0.5890856684728586, 0.20782276572591868, 0.14283922550148023], [0.5072515972507518, 0.11043044237012627, 0.06536700445692062, 0.3169509558222115], [0.37951568268045555, 0.13710149569445051, 0.31772689735117193, 0.16565592417393707], [0.563191158453831, 0.05498473122507151, 0.09156208615380415, 0.2902620240673216], [0.6475826388877087, 0.052061872381326604, 0.19608628634000136, 0.10426920229094803], [0.5268284121791378, 0.1702839735141266, 0.1258033072575758, 0.17708430694915045], [0.6198353076697749, 0.13041400023632713, 0.10770843826872714, 0.14204225372517812], [0.4610873703085041, 0.218004274506376, 0.10247019093695628, 0.21843816414817102], [0.3909987504497294, 0.25048788162430197, 0.21098425232292395, 0.14752911550302883], [0.5279423081713561, 0.09917633583373046, 0.13825198571581462, 0.23462937017910174], [0.4660983129623883, 0.08649982858890717, 0.3137127199370887, 0.13368913841162777], [0.4605553997590387, 0.2337029387018559, 0.15392977496014945, 0.1518118864789664], [0.5137512494608036, 0.2390929179091581, 0.09596325020728852, 0.15119258232275767]], "ideal": "D", "sampled": "D", "correct": true}}
{"type": "result", "data": {"idx": 15, "options": ["the mere-exposure effect.", "self-serving bias.", "equipotentiality.", "the fundamental attribution error."], "probs": [[0.11177482173597793, 0.196096011151265, 0.0777614466360715, 0.6143677203766726], [0.1469155542187556, 0.2972091679264887, 0.38695895506067673, 0.16891632269410287], [0.10908841717031292, 0.06752880240637088, 0.09115518323346591, 0.7322275970898763], [0.17319902245392027, 0.103712940324611, 0.29707051317289135, 0.4260175239485761], [0.19987058205548666, 0.39184543089770646, 0.20702528559044597, 0.20125870135635754], [0.1761462841840098, 0.3702991691018168, 0.129702738024032, 0.32385180859015045], [0.2920602287394223, 0.09064590828800673, 0.07249441332199716, 0.5447994495505858], [0.3870596155182904, 0.10233663841156383, 0.3581672683362259, 0.15243647763393034], [0.2186535307316867, 0.07011241162817142, 0.07293855964917978, 0.6382954978909475], [0.16591948776295698, 0.06092392697922458, 0.6613739508079258, 0.11178263434989595], [0.3303461587281261, 0.4248012099587222, 0.10871366800553936, 0.136138963207614], [0.3175873378211401, 0.41845693785415533, 0.11221125572862203, 0.15174446849609438], [0.10889219680009252, 0.11192463530946975, 0.10555460724574653, 0.6736285605446993], [0.13851808194957851, 0.18922406145651158, 0.3109847856002217, 0.3612730708936918], [0.08621532150246008, 0.1215002102255214, 0.06937580864532135, 0.7229086595267198], [0.09988758351259269, 0.09443937794476673, 0.6837992715491404, 0.12187376689349819], [0.152050854950769, 0.413002521058064, 0.10200128652773938, 0.3329453373634252], [0.15681706875275717, 0.46837254522328803, 0.21003012363524554, 0.16478026228870313], [0.6069627969601652, 0.09006793611472864, 0.13652552526700634, 0.16644374155809818], [0.5771976903467292, 0.09104694401531502, 0.08617024648666748, 0.24558511905130131], [0.4284922400858008, 0.3265127844731169, 0.09564877387234973, 0.14934620146873334], [0.3969381119677187, 0.3388630536087608, 0.10044986947844474, 0.1637489648450657], [0.5083565877580698, 0.1210723941790328, 0.0848488288101161, 0.28572218915276115], [0.45749899135227795, 0.11704933135433689, 0.266092566266912, 0.15935911092646407]], "ideal": "D", "sampled": "D", "correct": true}}
{"type": "result", "data": {"idx": 16, "options": ["grounding a teenager for staying out past curfew", "spanking a child for misbehavior", "permanently revoking the driving privileges of a third-time DWI driver", "refusing to return the boss' phone call after not getting the expected raise"], "probs": [[0.16594225186895645, 0.32721801352560964, 0.14868315316857256, 0.3581565813368477], [0.09265068779450532, 0.16133618048142823, 0.4143668154441578, 0.33164631617991525], [0.08136228388259187, 0.04217059079917062, 0.7178176637771249, 0.15864946144110542], [0.08576094528771279, 0.05681701670095515, 0.4571399140486024, 0.4002821238627201], [0.14200419971916883, 0.1683278690857565, 0.3836233285078113, 0.3060446025872693], [0.16337591567279164, 0.2491618550469399, 0.1308276165464011, 0.4566346126338692], [0.2720688744746767, 0.1474386531480714, 0.19367615601357593, 0.3868163162636702], [0.09264283477240275, 0.0637135862948604, 0.5266561900645175, 0.31698738876821525], [0.22138456793193317, 0.229337859154978, 0.18709333145799625, 0.36218424135508503], [0.11303824940830107, 0.07330961922469521, 0.537034506991738, 0.2766176242752615], [0.16620109332975994, 0.318455965266378, 0.12034414759068167, 0.3949987937131929], [0.20847426754233261, 0.37237962456833185, 0.13224629214903727, 0.286899815640306], [0.07743508991497967, 0.05507056716561844, 0.7116786810518625, 0.15581566176752332], [0.07881949666739711, 0.05883683723996523, 0.4421735835012693, 0.4201700824913799], [0.11364486559519096, 0.49041930368240616, 0.15581890769420376, 0.24011692292819697], [0.0897372231047504, 0.31610183408778525, 0.35551538696571666, 0.23864555574175347], [0.13424408586502273, 0.30067136941768613, 0.14567200603963096, 0.41941253857765565], [0.11709773437286375, 0.22034222461456726, 0.40842603085637563, 0.2541340100561714], [0.16146575354896095, 0.08919359518182181, 0.4319090223466459, 0.31743162882256193], [0.22526418072512028, 0.12867842158255946, 0.1495430148520233, 0.4965143827403056], [0.24062298513141922, 0.20791049414784143, 0.157523167119533, 0.3939433535011961], [0.3029753453908453, 0.26021909138032934, 0.12862976545889848, 0.30817579766991643], [0.24291786996704595, 0.10874224116781711, 0.19756333904884002, 0.4507765497162881], [0.15114887592926698, 0.054526276280310426, 0.579757056389549, 0.21456779130086975]], "ideal": "D", "sampled": "B", "correct": false}}
