{"type": "result", "data": {"idx": 0, "options": ["inflation had already impacted the economy before the fiscal stimulus.", "the economy initially had some unemployed resources.", "aggregate supply decreased.", "aggregate demand is steeply sloped."], "probs": [[0.04914259611000654, 0.5160458953624314, 0.2818391924581903, 0.15297231596937416], [0.04726113651782072, 0.503209563224324, 0.30333963091071564, 0.1461896692471684], [0.046050783639141155, 0.1763929258479675, 0.5778376534698589, 0.19971863694302205], [0.055133998302112804, 0.3711680350433579, 0.31783070937439056, 0.2558672571801481], [0.05298340895571737, 0.22731795407896066, 0.5437877964010869, 0.17591084046422809], [0.06492328535023428, 0.43856164122770463, 0.22308442292434155, 0.2734306503977103], [0.3214084317984425, 0.10668366578243557, 0.37899436349749277, 0.19291353882162057], [0.3105703956900965, 0.10495063854626199, 0.3635096257549953, 0.22096933990865741], [0.35508268332240955, 0.29434450454397676, 0.08376153068223346, 0.2668112813513761], [0.32346779332550557, 0.2864667147091235, 0.2969592448170687, 0.09310624704832299], [0.28562061657644905, 0.3459511527170695, 0.07343825067605711, 0.29498997993041937], [0.2819473095083147, 0.3740241435798616, 0.2534719829701332, 0.09055656384169875], [0.11001990167761132, 0.0860591842653864, 0.6245543819097426, 0.17936653204724332], [0.18515179389657224, 0.11563956593123874, 0.3734564406049494, 0.32575219946725453], [0.13654021650389678, 0.5299197841495967, 0.09650242525497386, 0.2370375739915149], [0.12192508727026925, 0.4958368578008803, 0.2955110923053283, 0.08672696252352503], [0.2345103477113667, 0.3059266228248835, 0.08227878583593498, 0.377284243527809], [0.16321944095374244, 0.2087213895953444, 0.50420080706532, 0.12385836228559052], [0.16560656222964468, 0.08463425860298439, 0.5931632858980906, 0.1565958931692976], [0.2709313026331588, 0.10146006283645212, 0.3321142300959629, 0.29549440433442703], [0.20612411804582007, 0.44284259791322617, 0.08141376423572576, 0.2696195197052186], [0.18252106736734214, 0.44080604649704497, 0.2888433572300126, 0.08782952880560252], [0.36943663925587533, 0.2231649589669685, 0.08920567195444361, 0.3181927297227263], [0.2382908356977682, 0.1499543088835528, 0.49201532202597986, 0.11973953329270308]], "ideal": "B", "sampled": "B", "correct": true}}
{"type": "result", "data": {"idx": 1, "options": ["II III and IV only", "I and III only", "II and IV only", "III and IV only"], "probs": [[0.14178627627212115, 0.09073673166800397, 0.22426398357396807, 0.5432130083859044], [0.1691804100951531, 0.09591409191201335, 0.3908115590954438, 0.34409393879737954], [0.1595540090528315, 0.11474843865308884, 0.2269552516292412, 0.49874230056483515], [0.1739465311673397, 0.12511284992961308, 0.3924893564168106, 0.30845126238622034], [0.2038336098668979, 0.12730064273678887, 0.3198375006832433, 0.3490282466130741], [0.1930438547070586, 0.13147311007877616, 0.35275550451317034, 0.3227275306010025], [0.14669380002281382, 0.1333997518946816, 0.21270572388316517, 0.5072007240993228], [0.1645061382367039, 0.14603153408375633, 0.38873966125448556, 0.3007226663250515], [0.13484520667161282, 0.09043396669897648, 0.38776757589419836, 0.3869532506352262], [0.14859766338525995, 0.08928151674506492, 0.39051914319176806, 0.3716016765779151], [0.18245006455301685, 0.12141829778632955, 0.3837192666151916, 0.3124123709454503], [0.1840150524468406, 0.1191370581008637, 0.19535589866051317, 0.5014919906917847], [0.13176443327289583, 0.1485140725999769, 0.17199131526715933, 0.5477301787599835], [0.14295999651456381, 0.16479051804656808, 0.39956458154211416, 0.29268490379676065], [0.11974700757646241, 0.08850728944944905, 0.38869163589543726, 0.40305406697865065], [0.1309526363920264, 0.08678104272761161, 0.36335216391064473, 0.41891415686971556], [0.15615549301951165, 0.11997498969820222, 0.4349520230285362, 0.2889174941537301], [0.13256935203332437, 0.09955601336210022, 0.22318745199040216, 0.5446871825141617], [0.19281834236113854, 0.1453135072924378, 0.31461832480155205, 0.34724982544487276], [0.17588549118913616, 0.1411210999783988, 0.3212247488456146, 0.36176865988683776], [0.15853691676114712, 0.12815685248646985, 0.4117587883224756, 0.3015474423299222], [0.15879379057710827, 0.12688261575557186, 0.17381274966869817, 0.5405108438986088], [0.15244964412203152, 0.0978188505087978, 0.469982965087796, 0.27974854018136147], [0.13500397456256422, 0.09264457847347239, 0.22633863576552593, 0.5460128110984339]], "ideal": "D", "sampled": "A", "correct": false}}
{"type": "result", "data": {"idx": 2, "options": ["The price level rises but real GDP falls.", "Both the price level and real GDP rise.", "The price level rises but the change in real GDP is uncertain.", "Real GDP rises but the change in the price level is uncertain."], "probs": [[0.19976094980857723, 0.5175999018861457, 0.13608021629531467, 0.1465589319099376], [0.20555691966753437, 0.512527742828577, 0.14079866117592735, 0.1411166762279723], [0.17940532091525144, 0.07343236939641866, 0.6241766899661773, 0.12298561962212844], [0.19707162358376568, 0.07034661197116801, 0.11783066447688138, 0.6147510998681646], [0.18292600628505762, 0.07844329067917317, 0.612233617456337, 0.1263970854794164], [0.219512573043101, 0.08770952822922239, 0.10461768493211351, 0.588160213695573], [0.6181953978623398, 0.1339482025481441, 0.10291714717200061, 0.14493925231749422], [0.6367299483303062, 0.13737553025159227, 0.11148239187743336, 0.11441212944065834], [0.5537895453669962, 0.1457349691075987, 0.10039877655708905, 0.20007670886833454], [0.5015551550362883, 0.14225187599290962, 0.2729997997381446, 0.08319316913267595], [0.5963336560202914, 0.19151553114687367, 0.09359722274918646, 0.11855358998367078], [0.5436701278125703, 0.17678274062832094, 0.18452413163192274, 0.09502299982719296], [0.15309999965081159, 0.0779653886672782, 0.637347091437381, 0.13158752014450278], [0.16820030243411765, 0.09522244831700521, 0.17572199310645942, 0.5608552560424043], [0.14022175502250925, 0.5785993823318728, 0.12611772267413235, 0.15506113987147607], [0.1402627195399414, 0.5640450750548588, 0.1999005590668664, 0.0957916462383129], [0.1866908139292467, 0.2593882450069761, 0.1020225016891435, 0.45189843927463264], [0.20742835911994095, 0.23053122179523325, 0.4550993068781419, 0.10694111210667111], [0.1926933810278506, 0.07549591119291817, 0.6125378406481904, 0.11927286703103113], [0.23718303623769907, 0.0944797891336326, 0.1310983911394441, 0.5372387833892154], [0.1772161131470495, 0.5533992430847352, 0.12285720822526688, 0.14652743544297042], [0.17200700022334187, 0.5276232247066006, 0.19587037299520754, 0.10449940197485973], [0.23102497325285312, 0.12280593429948942, 0.08710871083853526, 0.5590603815091322], [0.2633791829947844, 0.10616591520942063, 0.5306672235232887, 0.09978767817251279]], "ideal": "D", "sampled": "B", "correct": false}}
{"type": "result", "data": {"idx": 3, "options": ["result in lower domestic prices.", "sometimes raise and sometimes lower the amount of the product sold domestically.", "lower the amount of the product sold domestically.", "raise the amount of the product sold domestically."], "probs": [[0.054109044578208323, 0.03596991102130783, 0.6829280502165249, 0.22699299408397136], [0.04793547565194431, 0.040757481032551876, 0.06622087779949658, 0.8450861654160032], [0.23230421379173827, 0.26613558202276055, 0.0953357932146532, 0.4062244108708331], [0.2013010576972576, 0.29030505995247574, 0.400212106129415, 0.10818177612084741], [0.1729298457632252, 0.2211138942295651, 0.07150583377767335, 0.5344504261295173], [0.1335699496210364, 0.16936424507596887, 0.5864135892132246, 0.11065221598976596], [0.06783141971511705, 0.05913356162404148, 0.422971348119746, 0.45006367044109413], [0.03845451209972675, 0.0324392481915839, 0.050290374267396264, 0.8788158653412947], [0.1202186443547647, 0.3639470409224803, 0.18024810841737868, 0.3355862062053915], [0.10184927338396749, 0.3131276380752967, 0.46674435943582265, 0.11827872900491293], [0.10863997141723748, 0.43804935752954854, 0.07679484522508832, 0.3765158257281263], [0.1040128743080683, 0.5331127833073616, 0.2758625130115171, 0.08701182927302564], [0.3302095762726149, 0.1674321687123887, 0.07313034117256564, 0.4292279137424334], [0.38149231664103345, 0.1547388624477183, 0.3570067832219307, 0.10676203758931387], [0.260052083828904, 0.05630750170037499, 0.29014073892080894, 0.393499675449905], [0.22657509611019916, 0.042975174693861064, 0.6156812154886554, 0.11476851360730662], [0.38535260693325785, 0.1337696366151192, 0.34974835071472793, 0.1311294056368956], [0.44241499787292116, 0.21320570391035334, 0.12175590255753943, 0.22262339555917424], [0.18287851415607306, 0.1491805410710419, 0.06160822737874113, 0.60633271729414], [0.25630241479335897, 0.1669916403158941, 0.4513695863299057, 0.12533635846083843], [0.24600253975571934, 0.09903546036759386, 0.19915749091361465, 0.45580450886308516], [0.2551111979755952, 0.0988203093608861, 0.4617282419572987, 0.18434025060622033], [0.2536338671685782, 0.16064463881964552, 0.4383647096426216, 0.14735678426913798], [0.3379036828478658, 0.3089093083793585, 0.10295697314868575, 0.2502300355240807]], "ideal": "C", "sampled": "C", "correct": true}}
{"type": "result", "data": {"idx": 4, "options": ["expansionary monetary policy.", "contractionary monetary policy.", "a depreciating dollar.", "fiscal policy designed to reduce the budget deficit."], "probs": [[0.3608688975908187, 0.2633930572233588, 0.27150046680933815, 0.10423757827648154], [0.32428187299853717, 0.2632316035207647, 0.2137822776049512, 0.19870424577574722], [0.3038136920314971, 0.20286478682769088, 0.40120080539211517, 0.09212071564870189], [0.2851279982320392, 0.26816789493488563, 0.15440803425475405, 0.2922960724783242], [0.20135965403870085, 0.1080174382010464, 0.5990260389939052, 0.09159686866634052], [0.25240248550357774, 0.15968630950017684, 0.2873483798045484, 0.30056282509169446], [0.38908737032498364, 0.2309679098692291, 0.2894379617821949, 0.09050675792360004], [0.35968436938248327, 0.22375050969382504, 0.22353446156232915, 0.1930306592613436], [0.3562637186248091, 0.289150744568965, 0.27348358144171386, 0.081101955264529], [0.2709889613948582, 0.2114814371348661, 0.11754886444656115, 0.3999807369237207], [0.2059088474225842, 0.08984960783102243, 0.6276085498189106, 0.07663299482750176], [0.26147525506957553, 0.1297140982801643, 0.23350959455037626, 0.3753010519999074], [0.27675839080213405, 0.21851585183989067, 0.3950954353681487, 0.10963032188983032], [0.25038369790278064, 0.20316751636819966, 0.2719475452834923, 0.2745012403455369], [0.2937522918555509, 0.33455392345895396, 0.27194952199707306, 0.09974426258841829], [0.20454861857336845, 0.2480600048955092, 0.25168444397005185, 0.29570693246108365], [0.21415338835631614, 0.17175616744304864, 0.4276725660546187, 0.1864178780460138], [0.19128807021185443, 0.134382742054013, 0.48113009624676, 0.19319909138738], [0.23203196413299484, 0.29461842284899953, 0.37527555919930294, 0.09807405371870015], [0.25417291880775467, 0.34626107327342875, 0.2132869683418756, 0.1862790394769467], [0.2248940326127853, 0.369434090360558, 0.3172477861946119, 0.08842409073203139], [0.22082643664277538, 0.4125488131118399, 0.19867364605145052, 0.16795110409392827], [0.28071020475431396, 0.13979664830779476, 0.3993084897972487, 0.1801846570406286], [0.24019312640312893, 0.12295407524426395, 0.4648709112628837, 0.17198188698972944]], "ideal": "B", "sampled": "B", "correct": true}}
{"type": "result", "data": {"idx": 5, "options": ["nominal GDP falls.", "the nominal interest rate falls.", "bond prices fall.", "the supply of money falls."], "probs": [[0.2679464370059656, 0.3764160349986964, 0.06284237522176754, 0.2927951526735752], [0.27500353708018943, 0.3765198984130934, 0.3016731502413086, 0.046803414165420595], [0.17101773183182528, 0.04599727000100204, 0.6257798599515805, 0.1572051381155798], [0.26281542821574627, 0.05928283460538139, 0.4337238102695783, 0.2441779268092821], [0.22880768231817414, 0.12390688101998365, 0.6042830071082789, 0.04300242945357425], [0.34036785377924533, 0.2641086360691097, 0.0655255477685493, 0.3299979622830761], [0.7892009124662815, 0.0465733774808072, 0.03605688528732504, 0.12816882466557863], [0.8052154585097442, 0.04912190726252484, 0.10810112281583338, 0.03756151131189383], [0.8062283765089749, 0.032092135914434224, 0.04105052301050491, 0.12062896446609468], [0.8412128027034192, 0.034399723568292996, 0.06045819081482716, 0.06392928281344123], [0.834161076470343, 0.06937545590153481, 0.05079280836250038, 0.04567065916562013], [0.8198646897396353, 0.07066693490893908, 0.0350483730753864, 0.07442000217605817], [0.0641785716521049, 0.040504754003964576, 0.7850472013749976, 0.11026947286891157], [0.10599356857398495, 0.10311896591934994, 0.5310788775706382, 0.259808587836048], [0.11132251954196246, 0.3705358941360113, 0.119496158037001, 0.3986454281850202], [0.12904949639552885, 0.4229210527963631, 0.33625518259446874, 0.11177426811362197], [0.11083195116273355, 0.2903164290841878, 0.29739416643868716, 0.3014574532144111], [0.08601757023565948, 0.0882138507680784, 0.7432335390271958, 0.08253503986906771], [0.3539722166392386, 0.05862331833676031, 0.5465823257578174, 0.04082213916619461], [0.6132985555856408, 0.07432633925093338, 0.04738038634319332, 0.26499471872024977], [0.5148147260068994, 0.3207268340337155, 0.09483303663230819, 0.06962540322706375], [0.5142578025313126, 0.3038312830562357, 0.05226609415141002, 0.1296448201610549], [0.6031662884410439, 0.038791498685904, 0.13690867536025478, 0.22113353741279376], [0.4106330032936514, 0.03782820669243854, 0.45163067987008604, 0.09990811004380731]], "ideal": "B", "sampled": "B", "correct": true}}
{"type": "result", "data": {"idx": 6, "options": ["means that no inferior products will be produced.", "implies that the economy's output is distributed evenly.", "means that those who work hardest will get more.", "implies that resources are used to produce the goods and services society desires in just the right amounts."], "probs": [[0.019332435038454398, 0.016207784909799766, 0.01914941411053633, 0.9453103658411905], [0.023886192178867765, 0.013916084498361866, 0.9433772476422553, 0.018820475580493115], [0.01795466797049923, 0.011264914418363378, 0.0232769690258628, 0.9475034484852831], [0.030888386660162297, 0.012428356057211246, 0.93739319930914, 0.01929005787348972], [0.08273135658679501, 0.869717940549586, 0.03227720412225164, 0.01527349864135337], [0.08727523725655506, 0.8616068351567759, 0.030950289030784225, 0.020167638455881015], [0.01954557653612802, 0.01980072593382473, 0.01772835244968202, 0.942925344980349], [0.021377144323147093, 0.014606988198056867, 0.9472454305505209, 0.016770436828287157], [0.020663442429202896, 0.011695735984173972, 0.023331212013704503, 0.9443096094729192], [0.026033675777874406, 0.011828048828514143, 0.9454256713239247, 0.016712603969688884], [0.056521655684437455, 0.8618434093244864, 0.05831037829243215, 0.023324556598651337], [0.06119242802545591, 0.869541147896015, 0.03543303003192198, 0.03383339394660924], [0.013351901846849524, 0.01998267129153788, 0.024483533375160384, 0.9421818933864496], [0.026069105876205586, 0.015701227550789898, 0.9410457213517938, 0.017183945121223298], [0.01381028644372682, 0.015299401395956265, 0.018930631632721358, 0.9519596804275907], [0.0209686554840288, 0.013440423197851306, 0.9489799378733721, 0.016610983344730598], [0.07421316054363497, 0.8436820399645957, 0.05516661317925655, 0.026938186212519078], [0.07360283019020367, 0.8433830407875229, 0.05962162369732302, 0.023392505224934267], [0.9207581682281166, 0.050747098163068875, 0.014207549494175574, 0.014287184014635471], [0.907539430397017, 0.05831790516831064, 0.01329494566337039, 0.020847718671279474], [0.9336819474373089, 0.023708157977615437, 0.02364472733110492, 0.018965167153952838], [0.9282463863525625, 0.02932599642598952, 0.019312433487499687, 0.02311518363392697], [0.9295043558530249, 0.021476037377482524, 0.024921978739866704, 0.02409762792962362], [0.9276109000758896, 0.023393610191821977, 0.02704965905258765, 0.02194583057969369]], "ideal": "D", "sampled": "D", "correct": true}}
{"type": "result", "data": {"idx": 7, "options": ["production within a nation's borders.", "production by a nation's citizens wherever they may be.", "income earned by the factors of production plus depreciation and indirect business taxes.", "(A) and (C)"], "probs": [[0.49196036110368857, 0.037857995560773634, 0.07864795937346272, 0.39153368386208265], [0.7172715864903155, 0.03896857989889621, 0.19256822009358904, 0.05119161341718147], [0.3687741918500717, 0.058770622337083175, 0.07902355206749923, 0.49343163364533416], [0.6165870785130233, 0.062485174819360376, 0.2542775768252989, 0.06665016974232742], [0.5136979630711681, 0.07239799371321419, 0.36182643001133663, 0.052077613104291244], [0.548180136958263, 0.07093545811312009, 0.3165015597964092, 0.06438284503220176], [0.05765210949401553, 0.7952395876808849, 0.035508263567987634, 0.11160003915712186], [0.07731916236224608, 0.8327219732076304, 0.05423424054424695, 0.03572462378586757], [0.04476120964156072, 0.014939955476572985, 0.8608851737669004, 0.07941366101495594], [0.0514100728686811, 0.017847416655732612, 0.027740832833754597, 0.9030016775418317], [0.0387601108752052, 0.014430100701860455, 0.9155036091175613, 0.0313061792053664], [0.05089011784959367, 0.022238831799432677, 0.01905177186641513, 0.9078192783845361], [0.1447678463887846, 0.0917258251163509, 0.12053927817727876, 0.6429670502176045], [0.20729714481733374, 0.1265413187014668, 0.48216316527766173, 0.1839983711035376], [0.03365269983877865, 0.01358661920281227, 0.7043566940192979, 0.24840398683913015], [0.03280077265770265, 0.016463399619641703, 0.028596110974216098, 0.9221397166484218], [0.26600902999909104, 0.10370795667449889, 0.5254887448425454, 0.10479426838385766], [0.048883837634121026, 0.03592776320209971, 0.025359203116564272, 0.8898291959472053], [0.09972353843570625, 0.7432812213386711, 0.058444532771745876, 0.0985507073538928], [0.08535441644766793, 0.656766231972965, 0.19728857713171513, 0.06059077434766135], [0.08115130315375967, 0.06949234983318021, 0.7964482847442544, 0.05290806216879916], [0.08039874468635383, 0.13093551409239992, 0.0473329286605373, 0.7413328124606912], [0.1229227452564713, 0.5202197809013451, 0.26784361275018925, 0.08901386099199565], [0.07437023463922668, 0.1866660277612291, 0.03640569929547961, 0.7025580382040764]], "ideal": "D", "sampled": "A", "correct": false}}
{"type": "result", "data": {"idx": 8, "options": ["accounting cost", "switching cost", "inferior cost", "opportunity cost"], "probs": [[0.03165390465241494, 0.013084469148229524, 0.04972117351982937, 0.9055404525795148], [0.018170312457391563, 0.005557528444517639, 0.9486501560495069, 0.027622002948585186], [0.03732020868132277, 0.016244887263411514, 0.05025115324727242, 0.8961837507079992], [0.016553306415771372, 0.006882677386564616, 0.9446367424545873, 0.03192727364307656], [0.07046769337145016, 0.8299651749832281, 0.05143745217314394, 0.04812967937220082], [0.0525705114842023, 0.8310811502621824, 0.06202870260241704, 0.054319635551206925], [0.03278586919555922, 0.014218906510126193, 0.04212322447992153, 0.9108719997144091], [0.0215304428163516, 0.007308264889270266, 0.9432648326852275, 0.027896459509148624], [0.037221869672832114, 0.014543303439926639, 0.03684891555683383, 0.9113859112304212], [0.023356697777982077, 0.0075657269616339765, 0.9389841960596754, 0.03009337910070077], [0.08258208675765055, 0.8142860309643996, 0.04815210152654277, 0.05497978065140589], [0.07474498432676573, 0.8236135683247775, 0.05719408849508831, 0.04444735875335787], [0.05120614101240017, 0.017311547654229445, 0.03558537116228413, 0.8958969400710843], [0.018768563546779193, 0.007046325198990407, 0.946778145717133, 0.027406965437095015], [0.04661413117193926, 0.01648841912355836, 0.03415390978979839, 0.9027435398147041], [0.02143279720381334, 0.006459598408649874, 0.9444875895304793, 0.027620014757061984], [0.09184075904586844, 0.7957717092297212, 0.05613963888432082, 0.05624789274007866], [0.11045963605049296, 0.7982409934412087, 0.049590209762905714, 0.041709160645378995], [0.9538511098798873, 0.016039580137220077, 0.012450641964675468, 0.01765866791820326], [0.9491239590745135, 0.016712189215707832, 0.013919908924890787, 0.020243942684869266], [0.9492923384510868, 0.016026164834624646, 0.012715507708913153, 0.021965988905379624], [0.9521046043602651, 0.015950153162403904, 0.013187837466052092, 0.01875740491129184], [0.9455265165237844, 0.015521149659559938, 0.016785358300222725, 0.02216697541645228], [0.9532276158452345, 0.01499793155254524, 0.014399744848511286, 0.017374707653729757]], "ideal": "D", "sampled": "D", "correct": true}}
{"type": "result", "data": {"idx": 9, "options": ["there is no cyclical unemployment.", "the inflation rate is zero.", "there is no structural unemployment.", "the nation is experiencing a recession."], "probs": [[0.6789060503158558, 0.19481430422817303, 0.09174804376282968, 0.03453160159312446], [0.6943064783824254, 0.20784134156405526, 0.05324129967524647, 0.04461088027829601], [0.7773506979683714, 0.058526160899132, 0.11178655029102955, 0.052336590741474995], [0.8020278905701189, 0.06325306662981689, 0.07054765446937422, 0.06417138823067127], [0.724585467571256, 0.04136062866483457, 0.1821275001015721, 0.0519264035623575], [0.7942384191523004, 0.04975778465377428, 0.09884998667607969, 0.057153809417857866], [0.24778957737780366, 0.5364267246578206, 0.1651806515663175, 0.05060304629804007], [0.24733271513258662, 0.6039543076877752, 0.0826385608703499, 0.06607441620928231], [0.18755038665762852, 0.4339874629288718, 0.32674387076569, 0.05171827954779805], [0.2230164416556988, 0.5842817510023295, 0.09561376421789584, 0.09708804302406661], [0.14708795223354731, 0.047682106566222196, 0.7072046129419944, 0.09802532815821345], [0.3068862485774804, 0.07081610619811682, 0.5102249071269684, 0.112072737997409], [0.48871570906887735, 0.19309332535339072, 0.254016001988916, 0.064174963488808], [0.5635892042164032, 0.25131410827784906, 0.0944031276720332, 0.0906935597337142], [0.29657855041886516, 0.2440430427802513, 0.4120176379826331, 0.04736076871826231], [0.41663603554855616, 0.39597185846343014, 0.10301910376969403, 0.08437300211833831], [0.5375445485383955, 0.0893367793611917, 0.29707977702528665, 0.07603889497513265], [0.5167268707892501, 0.07208903316605994, 0.3006224251145874, 0.11056167083007042], [0.047672225461220484, 0.5591951688979007, 0.29650691364107656, 0.09662569189980387], [0.055980182971013696, 0.5751704157123986, 0.2659422799370172, 0.10290712127959142], [0.031765912611203206, 0.06444249200614381, 0.8217834164586791, 0.08200817882395774], [0.04598527128070208, 0.3172262255491667, 0.48072792881463794, 0.15606057425549213], [0.05484492251418888, 0.33016628094468875, 0.5101260637328645, 0.10486273270825591], [0.05601872591020841, 0.4534082458519886, 0.2549093422143193, 0.23566368592348597]], "ideal": "A", "sampled": "A", "correct": true}}
{"type": "result", "data": {"idx": 10, "options": ["pay that amount to its trading partners.", "have a positive value of equal magnitude on its capital account.", "depreciate its currency.", "appreciate its currency."], "probs": [[0.49311039948077073, 0.10444825026943134, 0.2724906119981341, 0.12995073815167388], [0.3969167693039653, 0.10329740680694494, 0.05634233850238069, 0.4434434852867013], [0.483512197678458, 0.3566569832088237, 0.08052139816177725, 0.07930942085095283], [0.5231193648300814, 0.3248554760023999, 0.07687067102236142, 0.07515448804517544], [0.3425521360916882, 0.11760306437402941, 0.06003329930959297, 0.4798115001246912], [0.14502244637628003, 0.08907680500584873, 0.6726150217426116, 0.09328572677526817], [0.17715346875120896, 0.3402039638646601, 0.35084651212503976, 0.13179605515910442], [0.16555968338098373, 0.3396452598698758, 0.08655259707470724, 0.40824245957443267], [0.16162452842338457, 0.12837126082452854, 0.5655988215132115, 0.14440538913886947], [0.2660907452588269, 0.2994125239237395, 0.147571350836848, 0.2869253798805915], [0.10898896053827273, 0.05073240480840889, 0.4478706905178578, 0.3924079440354556], [0.11394187850782461, 0.06598893877233661, 0.591699983155391, 0.22836919946444326], [0.23507663726227607, 0.4937504827183245, 0.12674833425997026, 0.14442454565943538], [0.22895806585314377, 0.4767276389331449, 0.18526086979550271, 0.109053425318197], [0.16507272976195225, 0.14815911613585292, 0.5470782432909298, 0.13968991071125822], [0.22441660092411994, 0.32666437159570333, 0.18099460346317592, 0.26792442391700677], [0.17887281766135496, 0.11740592428520118, 0.5886064903278191, 0.11511476762562675], [0.32441162190646317, 0.22839673353600062, 0.18837396038371773, 0.25881768407382105], [0.09653995495578824, 0.1519143143904884, 0.04667658823720419, 0.7048691423165093], [0.06989296920851601, 0.06971485876718472, 0.786571950936436, 0.07382022098785668], [0.0789811119138599, 0.06895626796443587, 0.24499854557916928, 0.607064074442532], [0.07717788593594448, 0.07172520027306724, 0.7347456981952133, 0.11635121549579147], [0.08999518801341948, 0.6139158194221966, 0.19333133348981663, 0.10275765897455287], [0.1029476879174768, 0.6940897217093794, 0.08265471933250089, 0.12030787094063475]], "ideal": "B", "sampled": "C", "correct": false}}
{"type": "result", "data": {"idx": 11, "options": ["The cash you receive from babysitting your neighbor\u2019s kids", "The sale of illegal drugs", "The sale of cucumbers to a pickle manufacturer", "The sale of a pound of tomatoes at a supermarket"], "probs": [[0.10865639462983273, 0.051861800232264825, 0.6344412870399423, 0.20504051799797635], [0.09762268229743966, 0.03857340908087314, 0.733127024681322, 0.13067688384035125], [0.1614281271439524, 0.6956851347190931, 0.05365787488498733, 0.08922886315197648], [0.1572772950497296, 0.35981281942483573, 0.4195434758420354, 0.06336640958337991], [0.1281767489301369, 0.79212629454042, 0.030996234903709695, 0.048700721525717826], [0.14000894550933382, 0.772999088857561, 0.05167825135068391, 0.03531371418240733], [0.09746812595379364, 0.068882943586665, 0.644077511412246, 0.18957141894729201], [0.08677443124910163, 0.05136714993589062, 0.747460106214689, 0.11439831250030977], [0.13289845994659802, 0.267056625454775, 0.06836238991494764, 0.5316825245836871], [0.12740970311655228, 0.10574613305337455, 0.6391194347878497, 0.12772472894219963], [0.15800715169813917, 0.6117716953346508, 0.07347183311583132, 0.1567493197513838], [0.14941480930462978, 0.5132695347521258, 0.22897575895139605, 0.108339896891862], [0.7610923942556809, 0.09430132890309563, 0.02902656107823562, 0.1155797156629688], [0.26157904057698705, 0.07596772843024509, 0.5883668737867637, 0.07408635710600361], [0.6121638871786957, 0.04814113453733955, 0.03947325279510154, 0.3002217253888488], [0.32494406635485207, 0.052919647542009854, 0.5059064416083145, 0.11622984439481171], [0.5719800747219842, 0.30755662423753743, 0.06416892673660046, 0.056294374203901335], [0.6019851315432586, 0.3016249692230295, 0.03218795259179881, 0.06420194654189458], [0.87218868945894, 0.059858414993383964, 0.022523271457664754, 0.045429623989995165], [0.610699298737249, 0.07869740450150964, 0.2611285898588952, 0.04947470680233076], [0.831054412264227, 0.03905757983778702, 0.031054221646175745, 0.09883378615182951], [0.578153943173545, 0.06092976870014869, 0.2822958859200448, 0.07862040210627591], [0.768008802381935, 0.16441823929397215, 0.033095390278636574, 0.03447756794547736], [0.7716048973494515, 0.17511693856447774, 0.018511726106222412, 0.03476643787983671]], "ideal": "D", "sampled": "D", "correct": true}}
{"type": "result", "data": {"idx": 12, "options": ["5 percent decrease", "\u00bc percent increase", "3 percent increase", "5 percent increase"], "probs": [[0.17573054539847077, 0.23948021275154416, 0.2854413603306178, 0.29934788141935326], [0.17271381259583057, 0.2438113494311773, 0.3424597242046445, 0.24101511366834538], [0.15760926317385596, 0.44032003260963665, 0.16332413198879267, 0.23874657212771513], [0.15768551972371114, 0.4282014514309447, 0.27036190515268943, 0.14375112359264947], [0.1843383581210671, 0.3513241609926163, 0.20420935588385516, 0.2601281249024698], [0.1890569895421952, 0.357301984175268, 0.2772554831122984, 0.17638554307023857], [0.19320005681853133, 0.24058146263509547, 0.3150295108292001, 0.2511889696171751], [0.18959895031806973, 0.25403007524145443, 0.2857116965497633, 0.27065927779068966], [0.1838163595684834, 0.23513788906728258, 0.15672012925967235, 0.4243256220045653], [0.2221507602057398, 0.3297259593760898, 0.25489460359803473, 0.19322867672015048], [0.20718599771946256, 0.230395114429508, 0.2461851930921488, 0.31623369465885587], [0.22761860025905964, 0.2801706193853047, 0.2903095516539152, 0.20190122860171633], [0.17905875944883404, 0.4048719942414436, 0.16626224064490044, 0.24980700556482474], [0.17338789271641442, 0.3741425823285601, 0.31890357344354614, 0.1335659514114857], [0.20949458634889875, 0.1671770385418325, 0.20632886579010656, 0.41699950921914714], [0.2451249550370586, 0.23419764515512947, 0.29718773628444534, 0.22348966342337429], [0.1984258480076705, 0.320907424226803, 0.322266671976039, 0.15840005568946822], [0.2215618827970574, 0.3799559229426119, 0.19646887952573694, 0.20201331463459785], [0.16682782208678823, 0.35743989804536547, 0.1959673950887178, 0.2797648846791381], [0.17166947914706618, 0.3734783783809817, 0.2669213570101391, 0.18793078536181468], [0.17597306922135186, 0.24266580200984597, 0.2802935300092113, 0.3010675986595946], [0.184349555193253, 0.2879128686710332, 0.32893782497491336, 0.19879975106079625], [0.16040265542304483, 0.322758596977992, 0.3504727514803441, 0.16636599601861082], [0.17245674131576214, 0.369420051537765, 0.26616382596215316, 0.19195938108431967]], "ideal": "D", "sampled": "C", "correct": false}}
{"type": "result", "data": {"idx": 13, "options": ["more effective in X because the policy will increase net exports.", "more effective in X because the policy will decrease net exports.", "equally effective in X and Y.", "less effective in X because the policy will decrease net exports."], "probs": [[0.29291422967423586, 0.1284914443156957, 0.4175697811702902, 0.16102454473979752], [0.30863435385251864, 0.14468769737198955, 0.2775063461329787, 0.2691716025425404], [0.2694419638437205, 0.21052403224924177, 0.36479103499770327, 0.15524296880934677], [0.24295551355164202, 0.22811987139367773, 0.3816719861308119, 0.1472526288238761], [0.30902545040259066, 0.20182051688305613, 0.19318416928284673, 0.29596986333153], [0.31310728508932817, 0.16637535020088964, 0.4176655311623129, 0.10285183344746632], [0.1505041244664428, 0.37494523491469917, 0.3468330665648663, 0.12771757395401295], [0.15710734724633343, 0.3939666307540945, 0.23271996080074037, 0.21620606109883417], [0.12580449346826247, 0.10986578303410308, 0.6465187849207107, 0.1178109384769226], [0.12820998809765025, 0.11952588742922898, 0.3270419199152662, 0.42522220445785797], [0.16890764595113514, 0.16233514507801786, 0.4675582901303037, 0.20119891874054668], [0.16759089927939108, 0.18613736866439684, 0.26744568541507163, 0.3788260465411616], [0.29149810309454455, 0.2502675081718819, 0.301634327232021, 0.15660006140155153], [0.3064707929526138, 0.24902659168718158, 0.31681471624233365, 0.12768789901787653], [0.22682134988817426, 0.11859917429044724, 0.5248453008123168, 0.12973417490908398], [0.24547451702758483, 0.11556081367650045, 0.2619708745611426, 0.3769937946347682], [0.22426251269163786, 0.16157364952723255, 0.4853542079552321, 0.12880962972589438], [0.2129471525113716, 0.1684675188231755, 0.2730458837845741, 0.3455394447808524], [0.19802480648781642, 0.43006974829172506, 0.16852183788300115, 0.2033836072374554], [0.18123081205728558, 0.37119496119838263, 0.32880913978539267, 0.11876508685893289], [0.15071463552819167, 0.10277008005389157, 0.602225239252428, 0.14429004506547874], [0.1821773499984953, 0.1321624955697944, 0.2438249188961588, 0.4418352354355451], [0.12654530296258534, 0.12113286766769611, 0.6171635576380109, 0.1351582716316927], [0.1244876714373015, 0.12016205675076772, 0.347416814975726, 0.4079334567361996]], "ideal": "D", "sampled": "A", "correct": false}}
{"type": "result", "data": {"idx": 14, "options": ["Unemployment falls with little inflation.", "Unemployment rises with little inflation.", "Unemployment falls with rampant inflation.", "Unemployment rises with rampant inflation."], "probs": [[0.6499587346965533, 0.1509768966959383, 0.08859510814134798, 0.11046926036617258], [0.654827142807673, 0.1404202963260851, 0.08111055193270467, 0.12364200883354684], [0.66917262034594, 0.11007997084452416, 0.1107198902775545, 0.11002751843198069], [0.6224291419378996, 0.10727119827535418, 0.11153025819256938, 0.15876940149420046], [0.6284911818283757, 0.10643339269024646, 0.1268281750190869, 0.13824725036228871], [0.6343025159528126, 0.10311370775114534, 0.11699563697365944, 0.14558813922239452], [0.3869121016753301, 0.353682622388904, 0.12602626199522327, 0.1333790138405437], [0.3837818480710607, 0.3869947324140555, 0.09643945848249397, 0.13278396093239123], [0.2635596638295782, 0.10573777290623933, 0.5211281975455302, 0.10957436561866575], [0.3569665037192222, 0.11944355702703582, 0.12013970674683747, 0.4034502324069092], [0.35915366172207747, 0.09004165019461968, 0.4207683981669611, 0.1300362898163282], [0.2777501274985693, 0.08805435209174632, 0.08977592802394735, 0.5444195922857119], [0.16328466382366852, 0.2844611630130024, 0.3115531111078239, 0.24070106195549468], [0.1882776476907268, 0.3669672275392508, 0.21195790555722144, 0.2327972191128028], [0.14476220993965355, 0.11167508090053645, 0.624589242197696, 0.11897346686210865], [0.16769472450600853, 0.21623600149303762, 0.19391091519850115, 0.42215835870243756], [0.20192390680866054, 0.1951130305796001, 0.4038573506560791, 0.19910571185565715], [0.18054763369991186, 0.22579780585625797, 0.17318906791039604, 0.42046549243342096], [0.14216439261738556, 0.3986024735885043, 0.2537341215119522, 0.20549901218219122], [0.14064144472683654, 0.3838320254648958, 0.2945857981522142, 0.18094073155604545], [0.12134225703262165, 0.09739000275358814, 0.5054023168051117, 0.27586542330867647], [0.16338962517621278, 0.15003362248774837, 0.19425174429693795, 0.49232500793908457], [0.15119768757714616, 0.15153575609487502, 0.49919893491504436, 0.19806762131293712], [0.19954824159446657, 0.28257601480650485, 0.15895198920905337, 0.35892375428995343]], "ideal": "A", "sampled": "A", "correct": true}}
{"type": "result", "data": {"idx": 15, "options": ["70%.", "30%.", "40%.", "90%."], "probs": [[0.3683873766551493, 0.1981257658129628, 0.2288086621715634, 0.20467819526033587], [0.3447386668839966, 0.17845782147043898, 0.17549381778134965, 0.3013096937641992], [0.3435342535309657, 0.19303459571208345, 0.28273170124048047, 0.18069944941646002], [0.31440866222028563, 0.17453651285774235, 0.20462061155266778, 0.3064342132692885], [0.31690234222401287, 0.16919227329616604, 0.2412476639685874, 0.27265772041120384], [0.3126786838917419, 0.1715923619559911, 0.24559868262039117, 0.27013027143186513], [0.2948137600695497, 0.1997117934173685, 0.2868294273682018, 0.21864501904487793], [0.26002298157441567, 0.17607052774864962, 0.21471108502475614, 0.34919540555218703], [0.25366276522292397, 0.17725847872474174, 0.33228478538876133, 0.23679397056357457], [0.24962655804913342, 0.1786265823722725, 0.2078644747694423, 0.3638823847091627], [0.24240357575113616, 0.1365992361469957, 0.3236025211716157, 0.2973946668302345], [0.2770316770463198, 0.1526498352299899, 0.2949822892530201, 0.2753361983706511], [0.2710406022853502, 0.17645777193737455, 0.3467439580567121, 0.20575766762058048], [0.2537001827603434, 0.1686397318656273, 0.24998581298039627, 0.32767427229362533], [0.2838272653242969, 0.20792548549793471, 0.2667809951752398, 0.2414662539025156], [0.2933365757881718, 0.21732750160845007, 0.17387845212557237, 0.315457470377806], [0.23705233556540048, 0.13362239013801705, 0.32788807114108165, 0.30143720305551797], [0.2581860201560038, 0.13405476914604553, 0.35423354315366995, 0.25352566744426575], [0.2277899069906503, 0.22186390899995886, 0.25401290115741026, 0.2963332827519667], [0.23126302339584764, 0.20343578679143073, 0.27693024319691445, 0.2883709465158201], [0.22786410472325558, 0.194287403235178, 0.2869727718178326, 0.29087572012375734], [0.24566059020478173, 0.21526266772662475, 0.26356135587319507, 0.2755153860953968], [0.22179206517816027, 0.17559212020939471, 0.3227611343933564, 0.2798546801190893], [0.23606476877334193, 0.18048021203230838, 0.32272652509269784, 0.2607284940016739]], "ideal": "B", "sampled": "A", "correct": false}}
{"type": "result", "data": {"idx": 16, "options": ["prevent inflation.", "prevent recessions from occurring.", "prevent inflation and recessions from occurring.", "are government policies already in place that promote deficit spending during recessions and surplus budgets during expansions."], "probs": [[0.05190263230295377, 0.024021427414179133, 0.07506797414109201, 0.849007966041756], [0.026031118415304543, 0.015344511204650834, 0.9036483953330556, 0.05497597494698811], [0.044457491285791254, 0.02870117987571473, 0.0931168881391521, 0.8337244405993415], [0.027809032956603093, 0.01946119774958816, 0.8965600758127698, 0.056169693381052224], [0.06947689685313706, 0.7926547517530351, 0.0366253969647755, 0.10124295432905941], [0.07251038730834314, 0.8037564288998659, 0.043256665075631015, 0.08047651861618281], [0.1139861522800153, 0.0303668931034728, 0.07328372661636277, 0.7823632279001448], [0.038296568842723144, 0.022868237841117908, 0.9001576897009249, 0.038677503515249304], [0.08674142459689888, 0.04336844784536931, 0.03691463738526627, 0.8329754900724886], [0.037352167581247174, 0.022546726560803435, 0.9192034012679074, 0.02089770449005643], [0.08127204688025116, 0.8325277045079232, 0.029139270875055197, 0.05706097763675405], [0.06774845267424652, 0.8544629573712309, 0.037611111650470735, 0.04017747820404136], [0.10742140175553326, 0.0589744311239429, 0.0758330582788311, 0.757771108741667], [0.03829560026886002, 0.0378031397301107, 0.8729051357088421, 0.05099612419220994], [0.10993697821433913, 0.07118805031304491, 0.04913114430822957, 0.7697438270644044], [0.04075549338606591, 0.029358611352834067, 0.8936634002699602, 0.03622249489111996], [0.07242155383708719, 0.8182970553359454, 0.05383264787803416, 0.05544874284895688], [0.07078937574581183, 0.8162913449565681, 0.07351378618173832, 0.03940549301589044], [0.8074575513768598, 0.031050556709253465, 0.028793279578038268, 0.1326986122358304], [0.8569637328491533, 0.03289726115759047, 0.038362252849979864, 0.07177675304325531], [0.841601251310771, 0.038499470633197294, 0.02583911181222454, 0.09406016614379317], [0.8878841873546834, 0.030738094769559653, 0.04203574106827674, 0.03934197670748489], [0.8441129749594186, 0.034640845993573255, 0.04689582740916994, 0.07435035153785934], [0.8563304028599547, 0.03406203150475931, 0.061431075552743505, 0.04817648998252672]], "ideal": "D", "sampled": "D", "correct": true}}
