{"type": "result", "data": {"idx": 0, "options": ["P(t > 1.54) with df = 6", "2P(t > 1.54) with df = 6", "P(t > 1.54) with df = 7", "2P(t > 1.54) with df = 7"], "probs": [[0.15916435731276524, 0.138931648507808, 0.5060203284800511, 0.19588366559939904], [0.17955105203098576, 0.20122992513933036, 0.32525270243696125, 0.2939663202927405], [0.17926190480074483, 0.4453719443277196, 0.1614401415089221, 0.21392600926261363], [0.1814661099687124, 0.44219710504276405, 0.1800547015930985, 0.19628208329542715], [0.17497759740569077, 0.33604771328208155, 0.246828467534141, 0.2421462216780726], [0.17820006912775418, 0.2937170515079234, 0.3572222553021948, 0.17086062396212154], [0.2018143163110474, 0.20762295181525026, 0.36703518274455027, 0.22352754902913896], [0.21800863354919497, 0.22333524361811047, 0.3162200330189196, 0.24243608971378647], [0.18563526057769705, 0.3962354291508228, 0.2248767965354467, 0.19325251363604254], [0.1844152598885617, 0.4204909976657112, 0.20100215679149921, 0.19409158555422432], [0.19848399452150267, 0.42025403124317134, 0.15961448047299065, 0.22164749366233863], [0.20131881166654844, 0.4004833131155019, 0.1990662748210596, 0.19913160029689192], [0.21690320006909203, 0.32324836053978345, 0.20794582567204892, 0.2519026136190864], [0.2126484878357643, 0.3083416425663852, 0.251577806395935, 0.22743206310191094], [0.20656360068560836, 0.22873090398254828, 0.3420278051738989, 0.2226776900579483], [0.19057614934526926, 0.2211778716545114, 0.3590415197714566, 0.22920445912878074], [0.19454857192133598, 0.20324346950891506, 0.3841203210186343, 0.21808763745112278], [0.19769294884000885, 0.2652746411984573, 0.25793749186791254, 0.27909491799362063], [0.23931090084273746, 0.29446057325671293, 0.21713860412915112, 0.24908992167140775], [0.22826147599795046, 0.21629487413925477, 0.3577295787964913, 0.19771407096629634], [0.2444132745768906, 0.28697664389171496, 0.21918620953226475, 0.24942387189911083], [0.24107202032303254, 0.26391296197673825, 0.2744136345394268, 0.22060138306080468], [0.22838159992641854, 0.30871240749460677, 0.254811202452044, 0.20809479002692002], [0.23908434683936985, 0.31060222415575506, 0.2237648095312695, 0.22654861937360432]], "ideal": "B", "sampled": "C", "correct": false}}
{"type": "result", "data": {"idx": 1, "options": ["0 to 31.7 minutes", "31.7 to 39.3 minutes", "25.3 to 44.7 minutes", "25.3 to 35 minutes"], "probs": [[0.231926747051167, 0.14777906050939266, 0.3004497241794792, 0.31984446815995693], [0.2305758650810651, 0.13746494237304233, 0.36197671055122727, 0.26998248189467056], [0.23532337404588538, 0.21797111785852688, 0.21956524224870907, 0.32714026574687505], [0.2135533737788253, 0.17467849835416308, 0.3797414635394802, 0.23202666422753326], [0.24741343423937093, 0.23657033706549657, 0.243899833998648, 0.2721163945964905], [0.21754172984308331, 0.21532119131622285, 0.31934653128853135, 0.24779054745216667], [0.25054457397692426, 0.16032649641800828, 0.2911220131589237, 0.29800691634613896], [0.21185388477567915, 0.1334255787296542, 0.41712694006806933, 0.23759359632660454], [0.2558532812828225, 0.24370856883238104, 0.18387846989945814, 0.31655967988535283], [0.24576316847354843, 0.2081801687324155, 0.3680336838524841, 0.17802297884155166], [0.21913831371101583, 0.3520316912778177, 0.19435300557118154, 0.2344769893399646], [0.21107321701721002, 0.3471009126810938, 0.2610234641554193, 0.18080240604628708], [0.26269067413205793, 0.21235846477439713, 0.1924478325989183, 0.3325030283946491], [0.2346018444507706, 0.1506587646230227, 0.41064513679248854, 0.20409425403371967], [0.26425501289961734, 0.23928134903462114, 0.17217893403348014, 0.32428470393227077], [0.19769235169272412, 0.1376963575358012, 0.5110646942176801, 0.15354659645378455], [0.27718841361912827, 0.2788395337869455, 0.25176268875941493, 0.1922093637345214], [0.2627706874287782, 0.276893262374864, 0.2890550043867823, 0.17128104570957153], [0.25394129050701686, 0.2382390783880399, 0.215025785637529, 0.29279384536740233], [0.25388728028986557, 0.21838151422452862, 0.3103014835443514, 0.21742972184125176], [0.2464896705959786, 0.26273282769944767, 0.20462419694236025, 0.2861533046622007], [0.23257253227649838, 0.25372441895573233, 0.3323156790733585, 0.18138736959441812], [0.23654095221923302, 0.23419715900354468, 0.3076449145817234, 0.22161697409549302], [0.24214177022750286, 0.24727178740811262, 0.3088348547116154, 0.20175158755276512]], "ideal": "C", "sampled": "D", "correct": false}}
{"type": "result", "data": {"idx": 2, "options": ["The possible outcomes must all be numerical.", "The possible outcomes must be mutually exclusive.", "The mean (expected value) always equals the sum of the products obtained by multiplying each value by its corresponding probability.", "Approximately 95% of the outcomes will be within two standard deviations of the mean."], "probs": [[0.28190708629804007, 0.16714706335727175, 0.37220871471107764, 0.1787371355336223], [0.26882533332329617, 0.17115827785423646, 0.25977930952279144, 0.3002370791996475], [0.2603481878984906, 0.14170110638739386, 0.43798333111658067, 0.15996737449756318], [0.23166275852928547, 0.14234818256364223, 0.12516424211333865, 0.5008248166937327], [0.20428929930676612, 0.10462974373723039, 0.47350500411136465, 0.21757595274465097], [0.22338284836202757, 0.12548997819103486, 0.16821152320705282, 0.482915650139873], [0.24199036502388516, 0.16778406833630208, 0.3962552200848092, 0.19397034645499883], [0.22975777273956116, 0.16315064683373912, 0.30106529627733375, 0.3060262840493665], [0.19898106494555465, 0.13159750062045553, 0.5105967001882942, 0.15882473414569276], [0.227401866747434, 0.14748953075586796, 0.2113539758064124, 0.413754626590283], [0.16584476221130473, 0.09994323004941459, 0.5193841569621274, 0.21482785067714896], [0.23465243628074325, 0.1257351806737191, 0.2866731981333881, 0.3529391848121432], [0.18087371764484741, 0.16350950888699678, 0.44793622104525743, 0.20768055232290278], [0.16789300687533737, 0.16744068488030164, 0.17613947825030354, 0.48852682989404816], [0.1682036681854155, 0.14911823894280601, 0.4947866891261723, 0.18789140364559612], [0.1845254360367215, 0.16181933067041693, 0.2290058060979644, 0.42464942709488634], [0.14564734416340697, 0.09830407212902953, 0.41690210951548595, 0.33914647409208404], [0.14405968590539278, 0.09529819115860923, 0.42543313345393813, 0.33520898938205473], [0.11340812422624445, 0.154828880349392, 0.4785943814892364, 0.2531686138351083], [0.13368436688036478, 0.18654231464256274, 0.24423037165101474, 0.43554294672604815], [0.11160491818985867, 0.13704751801966572, 0.5153858557999994, 0.23596170789049445], [0.15029846514051434, 0.17928054149386924, 0.3456293014504109, 0.3247916918152132], [0.13456695454107911, 0.1195779011486057, 0.4148494251126729, 0.3310057190976349], [0.1469221323926201, 0.12293537594047205, 0.39205434962463037, 0.33808814194225684]], "ideal": "D", "sampled": "A", "correct": false}}
{"type": "result", "data": {"idx": 3, "options": ["If there is sufficient evidence to reject a null hypothesis at the 10% level, then there is sufficient evidence to reject it at the 5% level.", "Whether to use a one- or a two-sided test is typically decided after the data are gathered.", "If a hypothesis test is conducted at the 1% level, there is a 1% chance of rejecting the null hypothesis.", "The power of a test concerns its ability to detect an alternative hypothesis."], "probs": [[0.18246862327869015, 0.17228207250216354, 0.28491062029587866, 0.36033868382326883], [0.18348532426450734, 0.14083853610470737, 0.4371217112825167, 0.23855442824827444], [0.2670635951729513, 0.22245229344416892, 0.2215767298240203, 0.2889073814588491], [0.1767995399043805, 0.1320711709156651, 0.5621839586359516, 0.12894533044399725], [0.15700240520138886, 0.42520175399208276, 0.18372158227495713, 0.23407425843156912], [0.14401225139699678, 0.4280241499607068, 0.31829830486220645, 0.10966529368010139], [0.3334806790733067, 0.22337190070952737, 0.27263068947465996, 0.1705167306425039], [0.28627657380601934, 0.19178261132967395, 0.3916994667678583, 0.1302413479964675], [0.2902218084871948, 0.294953729857572, 0.24736890291150404, 0.16745555864372347], [0.22656680823962275, 0.17946999513504389, 0.4725168852116655, 0.12144631131366866], [0.3063735734169181, 0.27290286505866823, 0.29959693519952124, 0.12112662622488791], [0.26510234335875715, 0.20847836130234965, 0.4062242937034646, 0.12019500153542177], [0.27756914547644196, 0.2898639049663118, 0.12041587206370793, 0.3121510773935306], [0.20101393394258585, 0.18252289503405156, 0.49768879889815126, 0.11877437202521256], [0.20618950438036243, 0.19320112907292505, 0.30614039267224746, 0.2944689737744702], [0.21450161139056143, 0.16930435348953038, 0.4354030961371836, 0.1807909388827283], [0.15239119495031192, 0.49952044940646045, 0.2644481591528534, 0.08364019639035528], [0.1766060086388742, 0.5049420601161733, 0.13398506010511088, 0.18446687103986328], [0.23690830985688777, 0.40014612955269907, 0.147876089339831, 0.21506947115056388], [0.23184704078820045, 0.34963421897295976, 0.3247294941880627, 0.09378924595076757], [0.21516922812112707, 0.2648710979689821, 0.34277789670200015, 0.17718177710787875], [0.17577431670009638, 0.18884236389078776, 0.47448772592355815, 0.1608955933855771], [0.1999195051466021, 0.3960422101539578, 0.3222053676570179, 0.08183291694241634], [0.1974126034651523, 0.4229259867417772, 0.19690000694208618, 0.18276140275098499]], "ideal": "D", "sampled": "D", "correct": true}}
{"type": "result", "data": {"idx": 4, "options": ["is seen more frequently than the other observations in the data set", "is seen less frequently than the other observations in the data set", "is always smaller than the other observations in the data set", "is significantly different from the other observations in the data set"], "probs": [[0.03401551619112631, 0.10439198796146001, 0.01635466452335412, 0.8452378312240724], [0.061673927383894156, 0.08237666254081387, 0.8117637609864389, 0.044185648988825973], [0.04409954188323136, 0.008517233380925377, 0.41924705955559716, 0.5281361650802688], [0.03398024941704763, 0.008236651635355093, 0.8572513433131581, 0.1005317555344181], [0.047412382802298765, 0.8815071095901768, 0.04276377447585732, 0.028316733031643136], [0.043175039313958406, 0.7142397982299582, 0.019544024219140484, 0.22304113813695406], [0.37084470127917496, 0.04878038311345871, 0.021266819182845346, 0.5591080963245066], [0.3591273663271592, 0.04166587191419676, 0.5717257164084214, 0.02748104525022021], [0.4114859362345472, 0.015719297164576713, 0.0380423435022864, 0.5347524229985612], [0.30827558089049567, 0.01624887057814032, 0.5991069533543403, 0.07636859507703152], [0.5624627894109967, 0.38110595481545184, 0.03279587633650802, 0.023635379337037146], [0.39763167725987497, 0.452530127043762, 0.023407959855626492, 0.1264302357407318], [0.021823089018248348, 0.00981184741980965, 0.03514829388231665, 0.9332167695796451], [0.027291133048904972, 0.011757523579694748, 0.87690247240173, 0.08404887086968567], [0.019244013616318213, 0.037359153815638146, 0.01843109363033936, 0.9249657388377077], [0.02946008731176162, 0.03785931708404865, 0.8636219172317245, 0.06905867827248172], [0.030897331897694023, 0.7290683993870669, 0.026841224035340183, 0.21319304457988975], [0.03007395570917627, 0.8024206396737028, 0.046947858025662544, 0.1205575464914357], [0.9158197319703868, 0.021899036521760097, 0.027264307027581362, 0.035016924380249156], [0.7896530230033806, 0.024390845838744873, 0.021477712392868747, 0.16447841866499294], [0.9193995109550475, 0.031356070484195635, 0.023569020958068645, 0.025675397502702032], [0.8951500327329279, 0.039594366659331366, 0.019809164282453034, 0.04544643622528421], [0.847812068937768, 0.023361894520466515, 0.02991130601345728, 0.09891473042829556], [0.8844749969532179, 0.022192210118786974, 0.030662637186298344, 0.06267015564168195]], "ideal": "D", "sampled": "D", "correct": true}}
{"type": "result", "data": {"idx": 5, "options": ["95 percent of the students in her school are from families whose income is between $35,095 and $45,005.", "There is a 95% probability that the families of all the students in this school have an income of between $35,095 and $45,005.", "If we were to take another sample of the same size and compute a 95 percent confidence interval, we would have a 95% chance of getting the interval ($35,095, $45,005).", "There is a 95% probability that the mean income per family in the school is between $35,095 and $45,005."], "probs": [[0.0927161191964174, 0.270670105179668, 0.10723152061813222, 0.5293822549057757], [0.09625793921967987, 0.26263623900855904, 0.5058234526640811, 0.13528236900766633], [0.0900257253049122, 0.18783031255892094, 0.17913410274650463, 0.5430098592896717], [0.08623210297953825, 0.09594369768360529, 0.7211699028786923, 0.09665429635814847], [0.0478830188451417, 0.7566322856154589, 0.09011511188413539, 0.10536958355526105], [0.04373088432980311, 0.7704350647565771, 0.09925390849576349, 0.08658014231783444], [0.14867547314285112, 0.05550669595779266, 0.058091935411135456, 0.7377258953881998], [0.14490772351467432, 0.06177068590668868, 0.6725863732271151, 0.12073521725152299], [0.12678943480122865, 0.062175310771370805, 0.055263074425374384, 0.7557721799020054], [0.13987834322302964, 0.07220057156981484, 0.7243201498056682, 0.06360093530151376], [0.13949391685489113, 0.610655046762051, 0.09230360218200753, 0.15754743410104252], [0.13566992899084038, 0.6101087257250396, 0.1728423195837533, 0.08137902560038444], [0.0966635837833192, 0.07219192318155436, 0.14691815922368268, 0.6842263337114656], [0.06992896947952276, 0.05696007713099509, 0.7660060660451241, 0.10710488724435344], [0.08494494564279934, 0.24777174589466225, 0.08904529550712548, 0.5782380128554239], [0.09407574196247304, 0.24788312052174996, 0.5847082030923229, 0.07333293432344194], [0.058745335853944584, 0.7517732017645068, 0.08350828701441239, 0.10597317526712814], [0.06057134384723037, 0.745757193267858, 0.11856559448281574, 0.07510586830212254], [0.5418148638174201, 0.09903476458607771, 0.20118697671873767, 0.15796339477773766], [0.5939535989695109, 0.09428138377144976, 0.16769038809468273, 0.144074629064369], [0.6145095444368373, 0.11624513536351176, 0.08530963746144798, 0.18393568263821536], [0.610063588653796, 0.11819930183768039, 0.180543226291601, 0.09119388311694128], [0.64458680195291, 0.160266497939186, 0.08809227364427737, 0.10705442636360404], [0.5241273813634656, 0.15057717601498877, 0.24020402920516462, 0.08509141331638098]], "ideal": "D", "sampled": "D", "correct": true}}
{"type": "result", "data": {"idx": 6, "options": ["The probability of a Type I error and the probability of a Type II error would both decrease.", "The probability of a Type I error and the power would both increase.", "The probability of a Type II error and the power would both increase.", "The probability of a Type I error would stay the same and the power would increase."], "probs": [[0.17891357803909183, 0.32424143151652735, 0.28069834118980713, 0.21614664915457318], [0.15156594831434358, 0.18301936175960332, 0.5031993107426718, 0.1622153790833971], [0.15780906795178332, 0.35037309995843546, 0.22186803161848823, 0.2699498003713061], [0.1381025266764119, 0.24652752940730754, 0.278155263393588, 0.33721468042269537], [0.18385193873133304, 0.23526135326240344, 0.4624729967062058, 0.11841371120004904], [0.16633101963337993, 0.24984727780061147, 0.3796513499020629, 0.20417035256393581], [0.29837696499345406, 0.29286624607833606, 0.25063043327535856, 0.1581263555528615], [0.268954613414234, 0.2057092343950404, 0.39951958167764706, 0.12581657041308741], [0.34160087500482106, 0.1555187247314783, 0.24640033412276585, 0.2564800660409408], [0.3474497156573575, 0.1479793303287666, 0.3911033511037992, 0.11346760281008733], [0.3003503833224447, 0.3966068740345032, 0.18381990799228298, 0.11922283455078182], [0.32851812275751724, 0.42553321360795965, 0.15415191195691036, 0.09179675157760224], [0.2848927731339696, 0.27666627083603546, 0.26914792203137317, 0.16929303389861466], [0.2557379909992556, 0.23488605079193925, 0.24813947131658307, 0.26123648679222056], [0.3032115326623124, 0.13490783754940666, 0.2831017170273515, 0.27877891266091204], [0.32055158624580926, 0.13192206873099865, 0.43381198319616143, 0.11371436172702715], [0.24852338781413755, 0.2722517083412754, 0.18347615435235656, 0.29574874939222473], [0.3036807168203641, 0.28340151238861383, 0.3200565713619617, 0.09286119932906135], [0.28811317513139795, 0.1709652502117724, 0.42147734203902665, 0.11944423251780913], [0.2992138299252217, 0.20768774832470713, 0.3318489229467554, 0.16124949870331465], [0.3192823888511801, 0.32842087589223296, 0.21136697685746741, 0.1409297582991049], [0.3896891034695508, 0.35115483601068653, 0.14986788113431038, 0.10928817928546188], [0.2570437849428457, 0.2635529671382532, 0.18180738656114132, 0.297595861257747], [0.3280102157751889, 0.329873704275066, 0.22060308741789358, 0.121512992431851]], "ideal": "D", "sampled": "D", "correct": true}}
{"type": "result", "data": {"idx": 7, "options": ["It cannot be determined, because the mean heights for the two groups are different.", "It cannot be determined, because the standard deviations of the heights for the two groups are different.", "The man, because he is 74 inches tall and the woman is only 70 inches tall.", "The woman, because her height is 1.33 standard deviations above the mean height of all women, whereas the man\u2019s height is only one standard deviation above the mean height of all men."], "probs": [[0.08532388708959991, 0.07368750039492654, 0.3394913613000462, 0.5014972511154364], [0.09349283516083146, 0.08197118334780294, 0.7167237365333938, 0.10781224485799186], [0.09562887052078954, 0.26004386310444505, 0.08652516146282628, 0.5578021048119635], [0.0940476332275448, 0.20392613055980546, 0.628625234444188, 0.07340100166847757], [0.10041033089836911, 0.6941102626849341, 0.09013239148381495, 0.11534701483289617], [0.09691712823182264, 0.699028403949232, 0.12810561670459128, 0.07594885101435478], [0.09946310077674347, 0.06044664424868967, 0.36871577910600795, 0.4713744757685492], [0.10146681979946645, 0.06797796705634059, 0.7276772971846964, 0.10287791585948694], [0.11351106927430366, 0.2779826144384135, 0.09279840922486814, 0.5157079069624363], [0.11187055692087092, 0.23974342896727602, 0.5733620212736905, 0.07502399273817958], [0.11274966240810197, 0.6957677892905988, 0.08937117605446762, 0.10211137214681994], [0.10738478224814431, 0.7083707707094868, 0.11143052963585953, 0.07281391730652052], [0.10838194568718318, 0.07784361169199407, 0.09808660873137752, 0.7156878337894272], [0.1279600374544607, 0.10336642558643819, 0.6845424663226004, 0.08413107053648214], [0.10899937330374837, 0.07503054732631656, 0.07928761995175962, 0.7366824593181561], [0.1389285262926145, 0.10915048259086929, 0.676516876095955, 0.07540411492057708], [0.15210917331776794, 0.6132694307760835, 0.1252888151753131, 0.10933258063084546], [0.15397350991837702, 0.6134220404061995, 0.12784108247874662, 0.10476336709667383], [0.5903264183506701, 0.14562967447301664, 0.13946560934730715, 0.12457829772900622], [0.6137780067941107, 0.15260246629974883, 0.129535178328333, 0.10408434847781453], [0.6281594335606268, 0.1467579721672815, 0.11074656947416568, 0.11433602469790437], [0.6422144767129572, 0.14760715016475764, 0.11773240704686035, 0.09244596597543148], [0.6397514638900098, 0.12582185006670787, 0.13176062575146194, 0.10266606019183226], [0.6399279353563732, 0.12445732203878068, 0.13561226279134847, 0.10000247971349083]], "ideal": "D", "sampled": "D", "correct": true}}
{"type": "result", "data": {"idx": 8, "options": ["There are different t-distributions for different values of df (degrees of freedom).", "t-distributions are bell-shaped and symmetric.", "t-distributions always have mean 0 and standard deviation 1.", "t-distributions are more spread out than the normal distribution."], "probs": [[0.21121769783394978, 0.11099376157700097, 0.40745004700899845, 0.2703384934800554], [0.22838865249054516, 0.12619621873187803, 0.2957179124533536, 0.3496972162242022], [0.2406067141227255, 0.2590878111778756, 0.15968192480340274, 0.34062354979597637], [0.21927015307815892, 0.21172635017938685, 0.2656914651808124, 0.3033120314616608], [0.21451474734887457, 0.1480606846076413, 0.2682366550281661, 0.3691879129153188], [0.1865365478060531, 0.11681204226732682, 0.4108980927116196, 0.2857533171150033], [0.22012046809055746, 0.1538100835570794, 0.3775099807646893, 0.24855946748768573], [0.22796602732011964, 0.17621360888103338, 0.28043415649183906, 0.315386207207011], [0.19190893182991045, 0.293794549176881, 0.2771792182667882, 0.23711730062641204], [0.2060769004234968, 0.28937880029895374, 0.20928907310797684, 0.29525522606956645], [0.21328528691356527, 0.14954203092767018, 0.33033615547784184, 0.3068365265809221], [0.20640251830259895, 0.12234675721031524, 0.38117723120337776, 0.29007349318371356], [0.2582483480874977, 0.2083183046024029, 0.18311584314656149, 0.35031750406354856], [0.22859659807246532, 0.1641139467437451, 0.3066015165097879, 0.30068793857400433], [0.21583863960832206, 0.10083735695355454, 0.3728667924482924, 0.31045721088983297], [0.24284305574783416, 0.11795266833619365, 0.3058313651639492, 0.33337291065202335], [0.2145612260304268, 0.1633865505538643, 0.32986865702223905, 0.2921835662934567], [0.23438110106239488, 0.17028450873754813, 0.2646815813988211, 0.3306528087012513], [0.242353295618463, 0.14036354828371414, 0.29485941807775995, 0.32242373792008444], [0.21917488496687076, 0.11970463865244364, 0.4017955504676081, 0.25932492581308436], [0.22075823543992618, 0.11022556601418351, 0.35997145460651947, 0.3090447438393642], [0.2010644738269357, 0.10432926248101454, 0.39983461331507875, 0.2947716502769592], [0.19915770938076408, 0.2774537281167846, 0.27745086675136993, 0.24593769565106943], [0.20192239373316032, 0.29500816591196627, 0.22274089525101642, 0.2803285450038557]], "ideal": "C", "sampled": "C", "correct": true}}
{"type": "result", "data": {"idx": 9, "options": ["This study was an observational study.", "Lack of blocking makes this a poorly designed study.", "The placebo effect is irrelevant in this type of study.", "This study was an experiment in which the subjects were used as their own controls."], "probs": [[0.11282372885885726, 0.07524769236986793, 0.051034763962838264, 0.7608938147084223], [0.07537185589226622, 0.052337950456896154, 0.8247152888963809, 0.04757490465445342], [0.09667351316344404, 0.052352534135728095, 0.05514564180023875, 0.7958283108006134], [0.07258051444239293, 0.04370123821009277, 0.8275128258817323, 0.05620542136580808], [0.12117081258916002, 0.7356121251610614, 0.08289723597967726, 0.06031982617010813], [0.13158331432552708, 0.7150869636237569, 0.07510030603679319, 0.07822941591391948], [0.058043496137051065, 0.06290048197284027, 0.05107333640392743, 0.8279826853861779], [0.05250767401715678, 0.054445972778245005, 0.8415536150528709, 0.05149273805170507], [0.05663007890821011, 0.07006791870605455, 0.0528170567010866, 0.8204849455846551], [0.06267068500859825, 0.04838971586608587, 0.8381856579993766, 0.05075394102592642], [0.08452706826310655, 0.7591114586349517, 0.08819459015198684, 0.0681668828499439], [0.09466479884696677, 0.7445288009348876, 0.09780451253012674, 0.06300188758804227], [0.051515657336104116, 0.049282232751964805, 0.06481414358511979, 0.8343879662267936], [0.047826667456622764, 0.047890564458464145, 0.8213301542958834, 0.08295261368902834], [0.04878415410633433, 0.06267294531127399, 0.06016723863012086, 0.8283756618522737], [0.05701793704296312, 0.04271350313719168, 0.8394515885770308, 0.060816971142812475], [0.07882489610893623, 0.7567109942140541, 0.08353843021508871, 0.0809256793619514], [0.08056821648443037, 0.7500686550474384, 0.10118859179703792, 0.06817453657110704], [0.7961084347843298, 0.08112657195095749, 0.07625853890051383, 0.04650645426418898], [0.7924784773841093, 0.0800590923563547, 0.060975891749126085, 0.06648653841042149], [0.8074493905465578, 0.09317842621129215, 0.0572522515053957, 0.04211993163674078], [0.8110282695382456, 0.09557814598323666, 0.05121943544160779, 0.04217414893692397], [0.7975451228309972, 0.07648315490043647, 0.06523330392042134, 0.060738418248140115], [0.7854628701460755, 0.08148328324648815, 0.08026088614640534, 0.05279296036100945]], "ideal": "D", "sampled": "D", "correct": true}}
{"type": "result", "data": {"idx": 10, "options": ["It describes a process that creates estimates that are too high on average or too low on average.", "It describes a process that results in a sample that does not represent the population.", "It describes a lack of randomization in the sampling process.", "It describes a sample that is not representative of the population."], "probs": [[0.14777859220415324, 0.7400759603052933, 0.032511380881392576, 0.07963406650916367], [0.16295416480283134, 0.7259869723598475, 0.06996299519610215, 0.041095867541203264], [0.1463876302463401, 0.062485802794185724, 0.7097277392268683, 0.08139882763257876], [0.20266652933037949, 0.06919916985097416, 0.6298171014318021, 0.09831719928685372], [0.35575975443297947, 0.33179456944932106, 0.2617115315232952, 0.05073414449440099], [0.41304202689576086, 0.41501147329514887, 0.044851399780735275, 0.12709509992834944], [0.7625144145614773, 0.09542885010152881, 0.017702834937076792, 0.1243539002999275], [0.8433025214374908, 0.09707726397295821, 0.036785458291593146, 0.02283475619795397], [0.8286756902175941, 0.03877947673059939, 0.017840068726168536, 0.11470476422562197], [0.7871688939672228, 0.04821442903667074, 0.14191660141998017, 0.02270007547615646], [0.7669604049884721, 0.1897009482461809, 0.02092304244470074, 0.02241560422065412], [0.7690915339640723, 0.19328533297127343, 0.016656892291092244, 0.02096624067354981], [0.08785027345169352, 0.12090213051828225, 0.7064056559156708, 0.08484194001436636], [0.08876606934785923, 0.10568855286946702, 0.7025411794629128, 0.10300419821977426], [0.06485324823484444, 0.8220892711824088, 0.045930823324437715, 0.06712665715831038], [0.06104867781529421, 0.811616197565518, 0.08887596774286334, 0.0384591567763334], [0.10392579574072686, 0.5547662796676991, 0.2407574663110738, 0.1005504581804812], [0.10205225947778565, 0.4782650259555698, 0.3381230115678874, 0.0815597028987653], [0.6937848900273583, 0.11874160332195184, 0.14739952109730853, 0.040073985453356296], [0.7450712340585498, 0.13103143942800283, 0.02885005188921382, 0.09504727452422727], [0.47594831497397083, 0.4319564424859922, 0.04861233756315332, 0.04348290487688293], [0.44761098646043, 0.4710610453842257, 0.03711086261741127, 0.044217105437936347], [0.7228097073913085, 0.057503708576779444, 0.12499502382421862, 0.09469156010771003], [0.6627124121894358, 0.05848380889320369, 0.22303549053535518, 0.05576828828202538]], "ideal": "A", "sampled": "B", "correct": false}}
{"type": "result", "data": {"idx": 11, "options": ["Halting the production process when sufficient customer complaints are received.", "Halting the production process when the tissue strength is below specifications.", "Halting the production process when the tissue strength is within specifications.", "Allowing the production process to continue when the tissue strength is below specifications."], "probs": [[0.10802847437016923, 0.33615927793879435, 0.3249448434928972, 0.23086740409812062], [0.11328567306857606, 0.33534828612823087, 0.3129137991138803, 0.23845224158932862], [0.058544726359551734, 0.04945409473753852, 0.7762603939165001, 0.11574078488639686], [0.0702583053564197, 0.05349306451185594, 0.11902343365058242, 0.7572251963811298], [0.08018102792501564, 0.07041517283895776, 0.7499314395778152, 0.09947235955818956], [0.10408173384437137, 0.1696663147596507, 0.10379945889906653, 0.6224524923969159], [0.49352650807970555, 0.05894615976766673, 0.24577906965415092, 0.20174826239847754], [0.510652334481926, 0.053832256828996616, 0.25839121002255233, 0.1771241985665583], [0.4994828399889921, 0.20449737270206547, 0.04205622514047236, 0.25396356206848725], [0.5544607332084593, 0.1635777037560107, 0.2361468740107863, 0.04581468892474335], [0.5182259676125796, 0.25665710380989254, 0.046885848785587526, 0.17823107969193358], [0.6022303227581818, 0.2476106877544822, 0.11215546085058611, 0.03800352853673119], [0.08772153979867009, 0.026089195171727145, 0.7611563095921517, 0.1250329553374693], [0.1101550333521036, 0.02950087400872067, 0.24368952127662666, 0.6166545712625526], [0.12671821642532077, 0.5668062100433279, 0.04897752785193408, 0.25749804557941935], [0.12015511450985443, 0.6535996570579492, 0.17154800343640633, 0.054697224895808846], [0.1387010740079436, 0.31733117282793516, 0.056438241713401234, 0.48752951135071615], [0.1180198858153978, 0.11767752000089704, 0.7149132259300008, 0.049389368153705225], [0.11352088296912174, 0.047643848828969326, 0.7287283677234009, 0.1101069003784851], [0.11477200463233524, 0.041175812776478596, 0.06623967236085002, 0.7778125101303281], [0.19099383211412602, 0.5873012655805732, 0.06252144185985742, 0.15918346034544764], [0.17627833952240096, 0.6362474355337029, 0.14332144437549832, 0.044152780468412846], [0.1805320248627623, 0.15345996867505218, 0.04607880226835462, 0.6199292040938447], [0.12300698736870001, 0.060667272531590245, 0.7780003276884869, 0.03832541231124093]], "ideal": "C", "sampled": "B", "correct": false}}
{"type": "result", "data": {"idx": 12, "options": ["75 - 0.30(14)", "75 + 0.30(14)", "75 - 0.4756(14)", "75 - 0.5244(14)"], "probs": [[0.23057005070035985, 0.19882225533869288, 0.3715079069888301, 0.1990997868721127], [0.22521370556050374, 0.20275786677280774, 0.34900865311555274, 0.2230197744511139], [0.24746870055024717, 0.2882841902152218, 0.25631889101370037, 0.20792821812083498], [0.25058486919598894, 0.28957154094526716, 0.32180825442050115, 0.13803533533823795], [0.24571888741063447, 0.2711237789093777, 0.25283738730884286, 0.23031994627115449], [0.2403889431125305, 0.2631078070621683, 0.36241570415795543, 0.13408754556735644], [0.2674425812730982, 0.17291893570771552, 0.37033034942497184, 0.18930813349420958], [0.2598537172965912, 0.17327968584259928, 0.3526836533023464, 0.21418294345845107], [0.2547474284805537, 0.17656828942026148, 0.418622528009713, 0.15006175398946595], [0.2811683978651206, 0.20667025008389828, 0.2857952298654896, 0.22636612208546908], [0.24458119737188316, 0.1675053050546585, 0.4227815263877048, 0.1651319710857487], [0.2710866985820202, 0.19600220111110148, 0.30608973133226025, 0.2268213688746157], [0.25394935477424563, 0.2662492167780529, 0.24441082251899615, 0.2353906058287065], [0.2762297309262712, 0.2731092156243771, 0.32196661593702647, 0.12869443741233752], [0.2361964096650953, 0.247465356913453, 0.347909497498986, 0.16842873582248388], [0.2620352321145422, 0.2788793119611872, 0.29357574182540364, 0.16550971399886805], [0.28603846910103625, 0.23815419495725806, 0.32059070028993786, 0.15521663555178816], [0.24100543593774873, 0.20950556541397933, 0.22217723646429574, 0.3273117620839671], [0.2325318015206157, 0.24094402277344862, 0.2044783478442844, 0.32204582776164725], [0.23909766329951188, 0.23269000845127583, 0.4004755666029434, 0.12773676154625527], [0.21920526893843978, 0.2262206310166353, 0.3217481946279095, 0.23282590531701353], [0.24011132814662295, 0.23912240136115825, 0.3636237061694167, 0.1571425642228055], [0.2770820198174446, 0.26563428480475443, 0.3057161415428626, 0.1515675537349232], [0.23891965039458332, 0.23249898907426195, 0.20769706874348767, 0.32088429168766625]], "ideal": "D", "sampled": "C", "correct": false}}
{"type": "result", "data": {"idx": 13, "options": ["increases the interval size by 9%.", "decreases the interval size by 9%.", "increases the interval size by 57%.", "decreases the interval size by 57%."], "probs": [[0.28922804336196106, 0.3011433232887916, 0.14364563698584676, 0.26598299626340793], [0.24348715500932802, 0.22745329913681805, 0.13781343504612192, 0.3912461107077307], [0.24955623401639634, 0.2281553166319725, 0.2334166020218411, 0.2888718472297745], [0.21924608376243807, 0.19323239787295307, 0.11260675709991877, 0.47491476116468523], [0.15477553471232405, 0.12863794915014468, 0.3924075923683506, 0.32417892366917794], [0.22122114339795332, 0.1664171254402812, 0.23622270263165548, 0.37613902843011143], [0.2538154008008997, 0.3029549122282426, 0.14647782562765072, 0.2967518612432166], [0.31425161392698486, 0.32486113445665743, 0.12235948106061796, 0.2385277704557407], [0.18573227186945018, 0.15555125441620835, 0.4044072322674495, 0.2543092413469153], [0.22357760211395034, 0.1835818938099496, 0.16054885970522298, 0.4322916442708734], [0.25960936841677473, 0.1753855192603309, 0.271496371780534, 0.2935087404423489], [0.23076875390194665, 0.16469102162701235, 0.1276597773677474, 0.4768804470032921], [0.22771226294732486, 0.22473298296253827, 0.10881095351607047, 0.43874380047406636], [0.2947716871710909, 0.27817830421217754, 0.14064224849947865, 0.28640776001725043], [0.2638883127208074, 0.1899012294276528, 0.17889747934233186, 0.36731297840921423], [0.22580015982817297, 0.17115619019383618, 0.3186857520773763, 0.28435789780060516], [0.3235064099917387, 0.2382371622839743, 0.14416116521561334, 0.2940952624086678], [0.3038637252073379, 0.20221036365255726, 0.1486418304619243, 0.3452840805781704], [0.22525648048266467, 0.1824708635197681, 0.1940300713750011, 0.3982425845225562], [0.2009151993268631, 0.16633750513297257, 0.3846202260864425, 0.2481270693537264], [0.21683689402756573, 0.21898796286203018, 0.11877276061865119, 0.4454023823917503], [0.26169645434528477, 0.25659578077269124, 0.18553205406947212, 0.29617571071255294], [0.26902417271593165, 0.2497446339503883, 0.15683193528205186, 0.32439925795162045], [0.29802201026684705, 0.26349611083948504, 0.1435313166461328, 0.294950562147546]], "ideal": "C", "sampled": "A", "correct": false}}
{"type": "result", "data": {"idx": 14, "options": ["The number of tosses before a \"5\" appears when tossing a fair die.", "The number of points a hockey team receives in 10 games, where two points are awarded for wins, one point for ties, and no points for losses.", "The number of hearts out of five cards randomly drawn from a deck of 52 cards, without replacement.", "The number of motorists not wearing seat belts in a random sample of five drivers."], "probs": [[0.17106025704930553, 0.21643109159242524, 0.5052818958321673, 0.10722675542607082], [0.15627134164909792, 0.26203851645680704, 0.06607623727659218, 0.5156139045175228], [0.15569967509540988, 0.6010179728079327, 0.14985338976216783, 0.09342896223446882], [0.14038420456956235, 0.6143382464520412, 0.11833831134951414, 0.1269392375288854], [0.20491009956796083, 0.12256368739215218, 0.12071237588378779, 0.5518138370561125], [0.12931468522173498, 0.08177137865044985, 0.6836479174207668, 0.1052660186070588], [0.12900471003631753, 0.3477425808509526, 0.43169570350314884, 0.09155700550958418], [0.10906556413172168, 0.38666679698004974, 0.06213572461966531, 0.4421319141685506], [0.10320928129147273, 0.7124043766202313, 0.10011052346502314, 0.08427581852327957], [0.09932113568971408, 0.7413340289677056, 0.06703483891713753, 0.0923099963254195], [0.14055209451411088, 0.12563592999723086, 0.2577515517149706, 0.4760604236736957], [0.13158465826069138, 0.0938456145110232, 0.666206564261441, 0.10836316286681974], [0.3295086102434879, 0.36934320976424717, 0.2027047584146322, 0.09844342147762411], [0.3055456468312263, 0.3881170704892528, 0.16334306821122008, 0.1429942143682899], [0.26834278583547566, 0.4289391391491317, 0.1944757303302753, 0.10824234458511707], [0.2780801351841435, 0.46249814002630946, 0.13271154527166784, 0.1267101794178651], [0.41153039608257946, 0.166019318393869, 0.28146536882685447, 0.14098491659670281], [0.4324372525267834, 0.17163378407464447, 0.25468823463470636, 0.1412407286638613], [0.1356576784922271, 0.2919157087282755, 0.13535017497742113, 0.4370764377020946], [0.1038192160987179, 0.12790170341987298, 0.6589295855661549, 0.10934949481524699], [0.11700719708657772, 0.3494711829666341, 0.1864265853834941, 0.34709503446331125], [0.1343288492073916, 0.23683647171163022, 0.5194571386504094, 0.10937754033058082], [0.113376138720493, 0.6270433045255097, 0.14514453376279907, 0.11443602289121003], [0.11388560854387185, 0.6397449936595678, 0.1396827772889118, 0.10668662040766591]], "ideal": "D", "sampled": "C", "correct": false}}
{"type": "result", "data": {"idx": 15, "options": ["I only", "II only", "III only", "I and II"], "probs": [[0.3656223085134104, 0.15184761634367927, 0.14946793339971057, 0.33306214164318865], [0.3175800120815304, 0.13856557629750088, 0.2838783519915237, 0.25997605952943154], [0.378653600181096, 0.15954678142081435, 0.12316932562432446, 0.3386302926737664], [0.38370103621821283, 0.16839884718824288, 0.14202227387567962, 0.30587784261786527], [0.337844848599028, 0.22449493405958176, 0.20002746580030975, 0.23763275144108048], [0.3506454746813457, 0.21896272082161564, 0.18506850449586243, 0.24532329990119406], [0.31533067973698536, 0.14760955014781751, 0.15208493695070183, 0.3849748330644786], [0.2511296706230968, 0.12117487653221279, 0.3508686950010429, 0.2768267577436647], [0.292893198150738, 0.1418737786994531, 0.15534810176333538, 0.4098849212864745], [0.28059824182827214, 0.1254160285053196, 0.24234936665877158, 0.3516363629076395], [0.2757611821602663, 0.22801898089710257, 0.29743132001389627, 0.1987885168287402], [0.2809212822369097, 0.25032377055275756, 0.1456290495018317, 0.3231258976085016], [0.33393291257713026, 0.15800662460401713, 0.15263520813189255, 0.35542525458695406], [0.2993199419491316, 0.14987502227691596, 0.23327105903042833, 0.3175339766435252], [0.3109968502740031, 0.13886216197560083, 0.16082038918055178, 0.38932059846985356], [0.28788485632774424, 0.12380821597826683, 0.21861214258597997, 0.36969478500801484], [0.29972418894063735, 0.17095706044007103, 0.3003231146890439, 0.22899563583024468], [0.3171530817522044, 0.18190530040794778, 0.19837479151313822, 0.302566826226724], [0.2789561518669769, 0.33666342427638063, 0.15336251452758748, 0.23101790922905915], [0.2946847005469291, 0.3381195977788595, 0.14476264938744193, 0.22243305218678752], [0.32050991076789115, 0.20979846544046085, 0.2114005191205422, 0.25829110457111326], [0.3399666553143057, 0.1857028129118271, 0.14225175592123548, 0.3320787757526191], [0.35418178693401875, 0.1460962199494349, 0.25041796408678946, 0.249304028929753], [0.37478366749277564, 0.14574157577259214, 0.16025718651286439, 0.31921757012178276]], "ideal": "D", "sampled": "D", "correct": true}}
