{"type": "result", "data": {"idx": 0, "options": ["It demonstrates the difference between the internal and the external aspect of a rule.", "It refutes the natural lawyer' view of the role of morality in law.", "It explains the nature of power-conferring rules.", "It illuminates the concept of a rule."], "probs": [[0.44292562455792717, 0.06649114316855537, 0.37756414072748207, 0.11301909144605367], [0.35498958735625297, 0.06205838213150903, 0.4909658045353082, 0.09198622587692144], [0.5779745459432157, 0.18428116588851595, 0.07069987234993519, 0.16704441571836612], [0.46682483322266427, 0.14656369145078357, 0.31114597661586163, 0.07546549861068065], [0.49417438383489665, 0.3107418089964884, 0.08970435459287814, 0.10537945247572904], [0.4113206943918179, 0.23653219383597673, 0.28054429402368375, 0.07160281764851398], [0.09593480698064419, 0.6706455020940174, 0.13364958016799022, 0.09977011065734553], [0.1005106077913269, 0.5712131828125689, 0.2363277054264511, 0.09194850386965565], [0.1049022232362795, 0.43807647110114317, 0.335775318568385, 0.12124598699420444], [0.10192511924572023, 0.3295736067246284, 0.4315549978800256, 0.1369462760496167], [0.08910783224910884, 0.41748839954871164, 0.3983742143326376, 0.09502955376955602], [0.07997161700095316, 0.4886634369853934, 0.3057975156349667, 0.12556743027866415], [0.23062363103710679, 0.508129488188588, 0.09691974829132205, 0.16432713238299615], [0.22078671652809365, 0.38002533269551053, 0.3126344445236432, 0.08655350615275902], [0.2101878846103215, 0.06095664662373981, 0.6108057742847179, 0.11804969438122011], [0.21315296992723143, 0.06350760490092612, 0.5253299783336117, 0.19800944673821416], [0.19380089259639866, 0.1596181232977512, 0.5633110218557202, 0.0832699621501432], [0.23961149776071367, 0.3502614725812238, 0.09725169400042723, 0.312875335557622], [0.4327018049014066, 0.45898506456081944, 0.05301960909063344, 0.05529352134714597], [0.39383171851534887, 0.45365367866405726, 0.10560836835086487, 0.04690623436974195], [0.4404205249172576, 0.05666008987456627, 0.44062697077186497, 0.062292414336323106], [0.4776759252202623, 0.06393318012694661, 0.3678421165455792, 0.0905487780072066], [0.5267916257746085, 0.11959391331326917, 0.30368094426587156, 0.04993351654625013], [0.654004030268503, 0.17093718525278198, 0.05298276601030085, 0.1220760183684027]], "ideal": "D", "sampled": "A", "correct": false}}
{"type": "result", "data": {"idx": 1, "options": ["It is misinterpreted as a prediction.", "His concept of status is misrepresented.", "It is taken literally.", "His idea is considered inapplicable to Western legal systems."], "probs": [[0.1374363102447143, 0.18170199208057972, 0.4332600181551, 0.24760167941959316], [0.14076103435491175, 0.2301850520139293, 0.24221448335390078, 0.3868394301772679], [0.10940740495911802, 0.3770858994652445, 0.35063855595714527, 0.1628681395184848], [0.10622591154177166, 0.39664145705184733, 0.24762697646171852, 0.24950565484466566], [0.11847984629817676, 0.19831690592516527, 0.3270575321445841, 0.3561457155320766], [0.09936261756824023, 0.11783183172841295, 0.3309468046631692, 0.45185874594018594], [0.16944969707758625, 0.1048587887299948, 0.47929534065278656, 0.24639617343964204], [0.17365214072832197, 0.1476466100739183, 0.15432249450159063, 0.5243787545961809], [0.1596970901846645, 0.4138470326079147, 0.18102779913679468, 0.24542807797063118], [0.16068365472398854, 0.49393244494596783, 0.1704254963954419, 0.17495840383462066], [0.12408474753646706, 0.08891044246425854, 0.07883032702960999, 0.7081744828696619], [0.17180386088947058, 0.11351450842973247, 0.4800402836929663, 0.2346413468878293], [0.11225679568881583, 0.200996589790533, 0.4370402550695491, 0.2497063593510925], [0.10882159562216151, 0.25395408665484337, 0.3668602885032966, 0.2703640291197097], [0.13663124221945838, 0.29356914437662984, 0.2305242707845491, 0.3392753425193576], [0.14962456997867563, 0.35170920074191475, 0.3425134783464531, 0.1561527508329522], [0.13927856283291912, 0.25524152790323246, 0.2314691915782069, 0.3740107175856572], [0.13489607970450543, 0.2131796401489815, 0.4874525033465906, 0.1644717766999148], [0.14682592670254646, 0.13181112364576683, 0.23287156437001316, 0.4884913851816598], [0.12491776204764501, 0.08380355953570372, 0.5707360700277788, 0.22054260828889252], [0.14229594790633823, 0.09881076389970174, 0.09079289556269263, 0.6681003925312871], [0.1786209152205037, 0.11621145062411786, 0.5315122784301574, 0.17365535562522558], [0.12306331077518662, 0.40578513495799146, 0.21586230697691056, 0.25528924718993523], [0.10910772912480941, 0.3526757634722999, 0.4160691251404911, 0.12214738216239546]], "ideal": "A", "sampled": "C", "correct": false}}
{"type": "result", "data": {"idx": 2, "options": ["Depression of the 1930", "The rise of Fascism", "The international recognition of human rights after World War II", "The Bolshevik Revolution"], "probs": [[0.07835643836492122, 0.06469347451487657, 0.7329580760715062, 0.12399201094868263], [0.13733217259592387, 0.1514706260795895, 0.14465979702416573, 0.5665374042003395], [0.09517816137444114, 0.6251806570897293, 0.1448263104843615, 0.13481487095148711], [0.09550648976349572, 0.6418457170860823, 0.1225470717295899, 0.14010072132085194], [0.10981201217116952, 0.05745508236113176, 0.2857588425715635, 0.5469740627961203], [0.07194316999633363, 0.047464207017448676, 0.7330478161019605, 0.14754480678423945], [0.1420057844811571, 0.05920500146047006, 0.6796309939544017, 0.11915822000396317], [0.3040214306915008, 0.07964245896618781, 0.11228316660772607, 0.5040529436346043], [0.14674717647549154, 0.6235652392619032, 0.11970861596637548, 0.10997896819623684], [0.1666154483091192, 0.5617560873171505, 0.13119707155340626, 0.14043139272032779], [0.27035882660248706, 0.0695823665270378, 0.1505178387740869, 0.5095409679963664], [0.1306638752712765, 0.05189777436019145, 0.7007329762333724, 0.11670537403514905], [0.795252032999068, 0.03805292727649951, 0.08004516785986387, 0.0866498717645645], [0.8091137862244437, 0.039785133001571105, 0.06596374765546291, 0.0851373330185181], [0.8121323774944117, 0.04778891810539164, 0.0685528263831967, 0.07152587791698488], [0.7791549016954079, 0.05492129968272978, 0.0770247159838185, 0.08889908253804435], [0.7969182642674973, 0.04169516438947363, 0.07325177320885701, 0.08813479803418335], [0.7570688386692259, 0.04486658636318548, 0.10052561508310671, 0.09753895978448236], [0.1355837547345116, 0.053371174845548285, 0.14315420345463709, 0.667890866865329], [0.0804998093697058, 0.048484571037880085, 0.7358462089041841, 0.1351694105882266], [0.1367076489765211, 0.09185386334037648, 0.13874667411539476, 0.6326918134677276], [0.07564871552923723, 0.052910596512168034, 0.7664433362714144, 0.10499735158719654], [0.10347826417600489, 0.6321904405270892, 0.11999134151700416, 0.144339953679912], [0.11101571063404335, 0.5618980443905335, 0.17020004617884493, 0.15688619869659906]], "ideal": "C", "sampled": "C", "correct": true}}
{"type": "result", "data": {"idx": 3, "options": ["There is no distinction between the two forms of legal reasoning.", "Judges are appointed to interpret the law, not to make it.", "It is misleading to pigeon-hole judges in this way.", "Judicial reasoning is always formal."], "probs": [[0.10058042438488667, 0.11318120691561594, 0.5391748906231505, 0.24706347797632325], [0.09619052795461183, 0.12726867825507518, 0.3595503367250714, 0.41699045696523607], [0.1124868786612633, 0.4262698810184867, 0.2210758022116244, 0.24016743800863044], [0.11518228245418657, 0.4450782851714447, 0.2852793659272628, 0.15446006634711143], [0.10365247771829654, 0.10874759961608052, 0.24662850866913671, 0.5409714138964699], [0.10043043863492643, 0.09708925819292011, 0.6022602915813873, 0.20022001149076674], [0.2300695242547041, 0.13123500120036927, 0.47026848925779463, 0.16842698518713684], [0.22626507263039378, 0.13588591093696917, 0.3437132453948189, 0.2941357709377955], [0.17416749494426892, 0.37320696674830783, 0.33323184778895476, 0.11939369041846982], [0.16902783571058105, 0.43361459136153757, 0.27545854440828854, 0.12189902841959155], [0.25749353226417043, 0.16266207417096845, 0.2784266943310198, 0.3014176991338504], [0.17247076410354087, 0.09258745726504677, 0.5924626332145109, 0.142479145316892], [0.5055379625591286, 0.14791682562427488, 0.16109214038831388, 0.18545307132826577], [0.4767474709383707, 0.13683626568768384, 0.268540241649448, 0.11787602162450492], [0.32129070220591, 0.2400533722989714, 0.31162769844954497, 0.12702822694556484], [0.3312055724612054, 0.2654033429075059, 0.2694298714659698, 0.1339612130653397], [0.422057251364676, 0.15190001403045747, 0.3275541085107852, 0.09848862599406145], [0.48115108402798146, 0.15824163876660982, 0.1915024683196506, 0.16910480878576808], [0.11943435130179865, 0.13128664428958225, 0.2240485086723375, 0.5252304956362874], [0.11162675037423578, 0.1036922897824528, 0.6358974260527073, 0.14878353369060554], [0.11294874590188428, 0.28985776722804674, 0.2308997743449829, 0.3662937124250999], [0.09106040730831753, 0.13630934403136738, 0.6127223706471274, 0.15990787791321145], [0.11096253814995581, 0.5032314417472551, 0.28107226173322325, 0.10473375826957579], [0.10420671135608493, 0.4911688843219325, 0.2681546901300358, 0.13646971409193356]], "ideal": "C", "sampled": "C", "correct": true}}
{"type": "result", "data": {"idx": 4, "options": ["The POP will choose wealth over a compassionate society.", "The POP will choose equality over power.", "The POP will be unselfish.", "The POP will choose to protect the disabled."], "probs": [[0.17885097387326196, 0.3086386025129428, 0.31350936937693774, 0.19900105413686991], [0.20169570943666787, 0.3837077398701716, 0.14758872307619408, 0.26700782751694785], [0.15409774629921172, 0.2750512656054768, 0.413574081122598, 0.15727690687272566], [0.12955264319886872, 0.30237700463011485, 0.14791843401470886, 0.42015191805630275], [0.1544076479259253, 0.1747478870794356, 0.4365289730296437, 0.23431549186498235], [0.11674997513050213, 0.12275471874144145, 0.23049459790138552, 0.5300007081266601], [0.5580637292969799, 0.08196420357993246, 0.21495633032057812, 0.1450157367025101], [0.6184049980269801, 0.09135685539733222, 0.11248465875463647, 0.1777534877210383], [0.5433807348034136, 0.2631889253980367, 0.06782756703727562, 0.12560277266125833], [0.5731099751207183, 0.24874519539286113, 0.11159692562823482, 0.06654790375821368], [0.562406988713988, 0.1850544990190179, 0.0717983514082599, 0.1807401607587361], [0.5929540261467213, 0.17498720789247038, 0.1613491470268525, 0.07070961883394847], [0.30389046192293717, 0.1319017307920751, 0.38980043982575757, 0.174407367359245], [0.21820557322962433, 0.10334166204692426, 0.12075950331623476, 0.557693261307217], [0.3230859208245316, 0.44861316714780874, 0.08250232403613755, 0.14579858789151956], [0.3285637545863729, 0.4646518448680343, 0.12906831440877184, 0.07771608603681734], [0.22753624413000248, 0.24342497389684156, 0.07247447471141662, 0.4565643071617211], [0.2751358803896132, 0.24832672237285205, 0.4068404050506862, 0.06969699208684878], [0.1694073410616121, 0.1254478389647287, 0.46978058388641736, 0.2353642359872486], [0.12304891264885007, 0.09082304854588023, 0.24289810764007616, 0.5432299310651743], [0.24103851607352678, 0.41910813532037133, 0.09568160069509773, 0.244171747810991], [0.23485246763098155, 0.42307825272075567, 0.25848673094443897, 0.08358254860382053], [0.14053126777334307, 0.2110730348133966, 0.06562216161049918, 0.582773535702745], [0.1787537597867052, 0.18612672047797693, 0.5639933404336894, 0.07112617920161411]], "ideal": "A", "sampled": "B", "correct": false}}
{"type": "result", "data": {"idx": 5, "options": ["Law and Economics", "Critical Legal Studies", "Historical", "Natural Law"], "probs": [[0.9552445479112588, 0.01946721079216602, 0.014801660466188285, 0.010486580730388245], [0.9615307020368341, 0.01982783988629897, 0.009855256636672008, 0.00878620134017392], [0.9572057864085803, 0.017085978915627294, 0.016411858603664786, 0.009296375972137588], [0.9516056468255258, 0.017051992167606597, 0.016443337253310916, 0.014899023653570976], [0.9581453226660747, 0.01791860324453945, 0.015319013445347788, 0.00861706054404071], [0.9503942233836803, 0.017870343998223296, 0.01741999187797514, 0.014315440640139019], [0.10560216184461219, 0.8109951526014694, 0.04483729876854077, 0.03856538668537463], [0.14601573477048865, 0.7981185777718015, 0.023916415567978803, 0.03194927178973036], [0.057718936099379885, 0.02397369649036888, 0.8698983754353897, 0.04840899187485706], [0.09828423412323525, 0.02348478670832213, 0.029134544633178234, 0.849096434435261], [0.05759823950032909, 0.019254567679874317, 0.8781164335530234, 0.04503075916677252], [0.11948577329181824, 0.02304425016918622, 0.03727422423711166, 0.8201957522018967], [0.06694366206169634, 0.8809438628859062, 0.03692705009066368, 0.015185424861714815], [0.07695672518367115, 0.8634489642832335, 0.03192743900070314, 0.027666871432408317], [0.04809109693051818, 0.024505200526721633, 0.8878360757795584, 0.03956762666320596], [0.1024257950280177, 0.03939505923724405, 0.023925951796419834, 0.8342531938383182], [0.0423523517609233, 0.01876149365896421, 0.8829954863844579, 0.05589066809563817], [0.04576873816484617, 0.015597114487565834, 0.030205948890075343, 0.9084281983575332], [0.09383694265878617, 0.8226385963604131, 0.047883817016892496, 0.035640643863884644], [0.08199674946053583, 0.7989115297681403, 0.05266900282177899, 0.06642271784953233], [0.04549085141724913, 0.020610985920315232, 0.8873471834031291, 0.046550979159317774], [0.05789143706811087, 0.019760140167207806, 0.03436419643608778, 0.8879842262285881], [0.03785516443104202, 0.017596559206923504, 0.8868747841080126, 0.05767349215404039], [0.048582606028073363, 0.017017285831319808, 0.035903436005834614, 0.8984966720347839]], "ideal": "A", "sampled": "A", "correct": true}}
{"type": "result", "data": {"idx": 6, "options": ["All commands include some sanction.", "The concept of a command contains the likelihood that a sanction will follow failure to obey the command.", "Without a sanction the mere expression of a wish is not a command.", "A command confers power to change one's legal status."], "probs": [[0.3128949380851384, 0.17250534529670689, 0.374858618554098, 0.13974109796405726], [0.3480405200769364, 0.20586723280600464, 0.2146037977137069, 0.23148844930334161], [0.26341596916091614, 0.1412878567397966, 0.4809112988799701, 0.11438487511932488], [0.310758583392014, 0.17608653089325116, 0.17383993792408853, 0.3393149476906262], [0.24769682668245, 0.10153516269877805, 0.516334323847706, 0.13443368667104824], [0.2703611904500629, 0.10910052374103078, 0.355790834877657, 0.2647474508312504], [0.239604554343851, 0.272970219946606, 0.31511185627966953, 0.17231336932986513], [0.2425958204522814, 0.2829474069355477, 0.21748168261976883, 0.25697508989241696], [0.23792724638425453, 0.142465692014557, 0.4644018144545044, 0.15520524704669236], [0.24902390314171377, 0.153218592268983, 0.17666637418552916, 0.421091130303773], [0.20762458026006275, 0.10426110346942483, 0.5100560896925717, 0.17805822647791633], [0.235853506475367, 0.1305543274344182, 0.3289431450016553, 0.30464902098853897], [0.22297724943507485, 0.15589229159471066, 0.4797221350964791, 0.14140832377374826], [0.26298036625493276, 0.17290087215805952, 0.19545757499545155, 0.3686611864915734], [0.25639089138070287, 0.14642073843750875, 0.45537342178000023, 0.14181494830179808], [0.2777507583433948, 0.1832588074340724, 0.17457842571747884, 0.364412008405059], [0.1804562239080236, 0.09058679055768268, 0.44691377857778053, 0.2820432068565194], [0.19117865157572098, 0.10339483284699123, 0.4661453775223725, 0.23928113795490713], [0.1435063649854219, 0.22343760056706402, 0.45063292341995426, 0.18242311092755326], [0.1533617772673962, 0.2324148493204632, 0.30137267165395665, 0.3128507016581874], [0.15125339979490507, 0.2940497125364458, 0.3863080637576366, 0.1683888238110136], [0.14560737790722708, 0.3417400727102642, 0.25067242706657283, 0.2619801222159319], [0.1386769388067001, 0.18777183875939774, 0.3771459198949896, 0.2964053024389082], [0.1387124208377797, 0.22124367067305958, 0.3712829751134423, 0.26876093327571543]], "ideal": "D", "sampled": "A", "correct": false}}
{"type": "result", "data": {"idx": 7, "options": ["By denying its existence.", "By explaining the difference between the common law and civil law.", "By distinguishing certain features of the English legal system that facilitated the development of capitalism.", "By recognizing the importance of legitimate domination."], "probs": [[0.05765499116919985, 0.09599264245679684, 0.7217362863185923, 0.1246160799554248], [0.05225312132114883, 0.10269682645398556, 0.49673135600750035, 0.34831869611736205], [0.08202607422449233, 0.5559312240728482, 0.2200328305245693, 0.14200987107811824], [0.08566497700653243, 0.4702807649801735, 0.36019064891652736, 0.08386360899678677], [0.047460928299295706, 0.18975979763007872, 0.060467006812689676, 0.7023122671579451], [0.055519953610206736, 0.12452938684585454, 0.7237734495267233, 0.0961772099172208], [0.1172455644046466, 0.08569415530347912, 0.6845292886793732, 0.11253099151252963], [0.14865726878533556, 0.0796665319265353, 0.4248045488968832, 0.3468716502912269], [0.3685712296274439, 0.41661397667176386, 0.07111284041528579, 0.1437019531855075], [0.35905122051144317, 0.38309020935506277, 0.15037171971925015, 0.10748685031423712], [0.20363435228579627, 0.15524816302012773, 0.04375432121286092, 0.5973631633812179], [0.1962658546440428, 0.13126173358273063, 0.5813929971792021, 0.09107941449399548], [0.8449053011033144, 0.046159829157925256, 0.03996086723072957, 0.06897400240802183], [0.7581623631081572, 0.04539769643027696, 0.16480971785268353, 0.03163022250890654], [0.8213162234898642, 0.07695173014929697, 0.03221060854626426, 0.06952143771458447], [0.7851394126972183, 0.08102389336447118, 0.08202834149844083, 0.051808352339870634], [0.8527806137256817, 0.08555852170989596, 0.032790304994953966, 0.028870559469473846], [0.8407459655144105, 0.09747735780706934, 0.028515658705062986, 0.033261017873474887], [0.5994338652013278, 0.07235972954404665, 0.04683217133433768, 0.2813742338202945], [0.3285613355065658, 0.07942647324175764, 0.5253847248333062, 0.06662746631835934], [0.4101510041098772, 0.10485784701673793, 0.04584109082681565, 0.439150057946557], [0.33599633738198487, 0.09230284993926342, 0.5023616038565141, 0.0693392087222247], [0.62810933687384, 0.27833032226209364, 0.047382478404858604, 0.046177862359207233], [0.6223917059840387, 0.27691232773137725, 0.051946031893326326, 0.04874993429127332]], "ideal": "C", "sampled": "C", "correct": true}}
{"type": "result", "data": {"idx": 8, "options": ["It is a sin for humans not to apply reason.", "The principles of natural law are discoverable by reason.", "Natural law does not apply without good reason.", "The law of nature is the basis of all positive law."], "probs": [[0.07808763647410186, 0.788463170908522, 0.05215428476613505, 0.08129490775122411], [0.08873424927326695, 0.6874250788219357, 0.19018732540347244, 0.03365334640132747], [0.060995016994834124, 0.051380860930476696, 0.8037598472068314, 0.08386427476787596], [0.034518445070043875, 0.034268779686067036, 0.030212134497705944, 0.9010006406461667], [0.08984566849539333, 0.06477431056574984, 0.7966453903362006, 0.048734630502657195], [0.039008358640597054, 0.04805338469787409, 0.028171206779462468, 0.8847670497820701], [0.8796546011826096, 0.0554195561515577, 0.022448485158400214, 0.04247735740741677], [0.8513395485673592, 0.06059656048935749, 0.06948003809507027, 0.01858385274821839], [0.8891703947294876, 0.04848950234650874, 0.02303687769841978, 0.03930322512556042], [0.8953242106734701, 0.05003587020314531, 0.032465250844385556, 0.02217466817898197], [0.8718564940842312, 0.08156725138968801, 0.029464948137366265, 0.01711130628870413], [0.89469637924263, 0.07084573631633284, 0.014781559176845958, 0.019676325164205095], [0.07141456974027276, 0.0548551118924742, 0.779336162162765, 0.09439415610446582], [0.04581466987183123, 0.042023378947781284, 0.04026181717923497, 0.8719001339011725], [0.08366280077968623, 0.7584788997031148, 0.057300159626258645, 0.10055813979094858], [0.08609523554314659, 0.7727845009680815, 0.09606679306805464, 0.04505347032070349], [0.05077575997792847, 0.062305887148628065, 0.03520048025553001, 0.8517178725179158], [0.08020623861002094, 0.07016233588236039, 0.7879951992599873, 0.06163622614761435], [0.13299494393996225, 0.06852051071563306, 0.7438982713399791, 0.054586273904399164], [0.08692204343468586, 0.06031574592375932, 0.03166543281528841, 0.8210967777262638], [0.11794822266906772, 0.8077996248180078, 0.049887743867423444, 0.024364408545482708], [0.11041786412977073, 0.8302459856419371, 0.03053454768727094, 0.028801602441028182], [0.08953847685911036, 0.05085338477360805, 0.037917750194599746, 0.8216903880726985], [0.1131765059108306, 0.05613035632425499, 0.770887213379989, 0.05980592428494842]], "ideal": "B", "sampled": "B", "correct": true}}
{"type": "result", "data": {"idx": 9, "options": ["Women can achieve equality through political pressure.", "Equality is impossible because men define women as different.", "The idea of 'woman' needs to be redefined.", "The world is phallocentric and oppressive."], "probs": [[0.5721477917631542, 0.18694852728933603, 0.12714771551225457, 0.11375596533525327], [0.5693590957588032, 0.20054905551428917, 0.11989683687397251, 0.11019501175292187], [0.6077137809506241, 0.10347451504747503, 0.18044736018487398, 0.10836434371703947], [0.6165164030031461, 0.10580957022161633, 0.13031042293779596, 0.14736360373746782], [0.5843339252056926, 0.1248547989186054, 0.17632035216529507, 0.11449092361040408], [0.600008392946331, 0.12426036630414954, 0.12242964179713561, 0.15330159885237576], [0.464641561496312, 0.20505262232310642, 0.17242781830120774, 0.15787799777937647], [0.4192070233777443, 0.2024611722408325, 0.22549746995187409, 0.15283433432955196], [0.47224701865313284, 0.11383776998411427, 0.263128781436602, 0.150786429826147], [0.4376636386562901, 0.1166964758586109, 0.1966005587181406, 0.24903932666696196], [0.4354803946937968, 0.13855812914170101, 0.2726607768591616, 0.15330069920534242], [0.4674794440779397, 0.15702099432454716, 0.1566972121675037, 0.21880234933000642], [0.23338681320749433, 0.2637897533905902, 0.3505922055719291, 0.15223122772996664], [0.23119331145891975, 0.3153281079368793, 0.20970758235291198, 0.24377099815129152], [0.2513444025966302, 0.3853207159208323, 0.18539309768155288, 0.17794178370098754], [0.231279700829739, 0.4000406262921536, 0.18957476816776353, 0.17910490461034434], [0.2596309588430078, 0.10938108676221986, 0.3471183770196841, 0.283869577275094], [0.2970812971545878, 0.12416312842805532, 0.3476531355393801, 0.23110243877797407], [0.20875290507349464, 0.2342042496873817, 0.39028256062105926, 0.16676028451806563], [0.25081868969950283, 0.28584845524729136, 0.15395895894595216, 0.309373896007273], [0.27097187722632354, 0.18887089326270737, 0.34816826334456175, 0.1919889660663909], [0.29929884431751663, 0.22200528034467468, 0.17395689860642505, 0.304738976631368], [0.24125866621534012, 0.09695984909606303, 0.3583089812897706, 0.3034725032988363], [0.2865693252136587, 0.11119165665623881, 0.3640335900040903, 0.23820542802599598]], "ideal": "A", "sampled": "A", "correct": true}}
{"type": "result", "data": {"idx": 10, "options": ["John Rawls", "Stammler", "Jerome Hall", "John Finns"], "probs": [[0.1239924859273502, 0.40911282484227807, 0.35373406728117807, 0.11316062184918013], [0.14154516947155202, 0.49545482283541215, 0.18774843024527663, 0.17525157734775998], [0.10869318489610762, 0.11476894375735266, 0.6564394650424911, 0.12009840620404247], [0.16366455153096285, 0.32651173167878045, 0.19462642692308024, 0.3151972897671676], [0.12393270185458923, 0.0865086649716688, 0.6210672623095422, 0.16849137076420373], [0.11167357065180798, 0.0951335408251463, 0.539940190740428, 0.2532526976826265], [0.4426728528902852, 0.14554511001625087, 0.30131358072531794, 0.11046845626816493], [0.5180004472946117, 0.16514332014282987, 0.13917481276111127, 0.17768141970143084], [0.49602251132027664, 0.23176374501897115, 0.1638005386430952, 0.1084132049176702], [0.46271445504782893, 0.21884403400244334, 0.12475356393739649, 0.19368794691233096], [0.4859417123169793, 0.14333983346182894, 0.1885160645857937, 0.18220238953538495], [0.3898033075067023, 0.11091329873315632, 0.289128467501626, 0.21015492615852652], [0.26377157745605956, 0.1390249462599878, 0.4766013622537253, 0.120602113930208], [0.38402101054270416, 0.2259476671134222, 0.1615975174700095, 0.2284338047738678], [0.38330775617242313, 0.31409405955867287, 0.19162240344190204, 0.11097578072699117], [0.36902649842522056, 0.2899063444495895, 0.15843150005067044, 0.18263565697452974], [0.31633779195651696, 0.17965933878606313, 0.2480138271149618, 0.2559890420424387], [0.2514348166673678, 0.11512770773411304, 0.42684962124963194, 0.2065878542488863], [0.1525479483249705, 0.18325300226527316, 0.46704901381219827, 0.19715003549757798], [0.1367353332188875, 0.19815758514740478, 0.4560508387399973, 0.20905624279370977], [0.23808013701115888, 0.3306617173008342, 0.19327719869901988, 0.23798094688897897], [0.16831933380476827, 0.2256028944813923, 0.3798578686794007, 0.22621990293444177], [0.18092994160787765, 0.30916878502258993, 0.2186489872525616, 0.29125228601698777], [0.13527375131981278, 0.1765306409344461, 0.47311314204799165, 0.21508246559775065]], "ideal": "B", "sampled": "B", "correct": true}}
{"type": "result", "data": {"idx": 11, "options": ["Historical", "Analytical", "Command", "Sociological"], "probs": [[0.08984076862459409, 0.04498179086576522, 0.06321500627681947, 0.8019624341327988], [0.07212060799293904, 0.04222424655347899, 0.8465090545771585, 0.0391460907764023], [0.08698457677474161, 0.036878252100101844, 0.06343665773021129, 0.8127005132949658], [0.06110151805869041, 0.036288185017180355, 0.8107385097453497, 0.0918717870787587], [0.1015726573211326, 0.7899063108128629, 0.07098781912157594, 0.03753321264444372], [0.09695132245595414, 0.7391537020381378, 0.07139368523964243, 0.09250129016623998], [0.0793214619207899, 0.034081498179360556, 0.0681423757966138, 0.8184546640032485], [0.07015042228830919, 0.03618608172613064, 0.8480256566269855, 0.04563783925857837], [0.08884416152083789, 0.055435113318779046, 0.06241517247201375, 0.7933055525883573], [0.07170227869745524, 0.042884440337488984, 0.8108627704252005, 0.07455051043983557], [0.09810378878868221, 0.7917157403763551, 0.06463542505440394, 0.045545045680560156], [0.09757737106784753, 0.776919406805343, 0.06233129836950073, 0.06317192365732756], [0.07906485839788434, 0.06321950693154758, 0.06832599959092311, 0.7893896349796371], [0.06118563480565997, 0.039811341169955015, 0.8205028453900245, 0.07850017853437918], [0.07668369865955375, 0.04569470022320077, 0.06423018817844772, 0.8133914128387991], [0.06331754516539727, 0.0343303707946588, 0.8453121747122836, 0.05703990922766487], [0.14838481498290002, 0.5757500814451401, 0.08961436984673504, 0.18625073362519637], [0.14462633881479997, 0.643382776194769, 0.12069792072461463, 0.09129296416582827], [0.4343967352670301, 0.14187408741868404, 0.2813973160827286, 0.14233186113155502], [0.34799811556944776, 0.12103904970313914, 0.14050954975268878, 0.39045328487472775], [0.43486331484901164, 0.2633413557268626, 0.11744560428627039, 0.1843497250378599], [0.37819865215755344, 0.237077261553852, 0.13449297609842015, 0.2502311100901903], [0.2867939607530711, 0.1311655677735861, 0.19689546241234834, 0.38514500896099], [0.3360529740597707, 0.1349458178174703, 0.29959560701970184, 0.22940560100303672]], "ideal": "D", "sampled": "D", "correct": true}}
{"type": "result", "data": {"idx": 12, "options": ["Conflict.", "Love.", "War.", "Reciprocity."], "probs": [[0.030616569477132958, 0.02609524429006199, 0.019580848548158926, 0.9237073375846695], [0.056319074564885115, 0.06253035318837716, 0.8564438914714111, 0.024706680675303603], [0.02873837582206065, 0.011001864873284613, 0.3431426083223999, 0.6171171508822632], [0.032979446147084375, 0.0141439616003038, 0.876762033535127, 0.07611455861746615], [0.07600953232854832, 0.4381441270667154, 0.46584560138111825, 0.020000739123614247], [0.058585583101278184, 0.3636458994019326, 0.04301981682247917, 0.5347487005743199], [0.02866168400831736, 0.016641675896833574, 0.01691068802977246, 0.9377859519650705], [0.056352538999249954, 0.03367302583119733, 0.8809074664922346, 0.029066968577335203], [0.026592707629373016, 0.010502325971249083, 0.025277979690328765, 0.937626986609047], [0.05366524099841488, 0.025109547170719147, 0.8653668816215935, 0.05585833010927809], [0.1374947627479996, 0.7587999313422177, 0.08248903607044895, 0.0212162697393152], [0.13558595550533958, 0.7577087427412637, 0.05791363861712835, 0.048791663036280575], [0.0171243877115869, 0.015336530513603454, 0.09409916523800779, 0.873439916436801], [0.023681123592306695, 0.023542228924433233, 0.8813909876866164, 0.07138565969663227], [0.01757940608063958, 0.02908871551973048, 0.029663579071524015, 0.9236682992281203], [0.03570512802580321, 0.07067474622117981, 0.8439981264516637, 0.04962199920135482], [0.03353992335630803, 0.7100580428727585, 0.0624545794351458, 0.1939474542357836], [0.03576949335164035, 0.6313949602281452, 0.28882151323797284, 0.0440140330822398], [0.9364683055820143, 0.028047912180523563, 0.025304296814310814, 0.010179485323155098], [0.9344222915518311, 0.029784326779860777, 0.015656412615548846, 0.02013696895278285], [0.9457752945975336, 0.02810540216868587, 0.017031045065432005, 0.009088258068359856], [0.9363222062526616, 0.0336660607075807, 0.01499704650071532, 0.015014686439059587], [0.9138711373238491, 0.03186204732231385, 0.025378408006202054, 0.028888407247628246], [0.9009194612047725, 0.031296259201020894, 0.04387768970603858, 0.023906589788154985]], "ideal": "D", "sampled": "D", "correct": true}}
{"type": "result", "data": {"idx": 13, "options": ["That there is no distinction between law and morality.", "That there is a distinction between right and wrong.", "That facts about the world or human nature cannot normally ordain what ought to be", "That human rights are fundamentally unsound."], "probs": [[0.2517456969587386, 0.09856838776785376, 0.5928153736159631, 0.05687054155742421], [0.19202288276091248, 0.18729124420859372, 0.024171319458055663, 0.5965145534724284], [0.14818152127605744, 0.584337030542364, 0.22341888774616658, 0.04406256033542841], [0.10902059695069319, 0.47068689469498226, 0.034802954566543816, 0.38548955368779875], [0.10962786999975886, 0.024525063849749097, 0.5421314843333161, 0.32371558171716075], [0.11226931553262287, 0.030040614620024816, 0.5708043334724388, 0.28688573627493696], [0.20678345951507485, 0.1430486944105364, 0.5826489156181739, 0.06751893035621519], [0.15326242145216074, 0.2443718787466228, 0.023729833489566168, 0.5786358662116516], [0.12209077463826279, 0.6918418412714108, 0.13050268799361708, 0.05556469599669763], [0.11590768485053439, 0.7078412556554071, 0.040015543994215405, 0.13623551539984877], [0.09815758782956638, 0.026519666479776712, 0.563161624115074, 0.31216112147561487], [0.11556726834797601, 0.03809121764180211, 0.6760781736820968, 0.17026334022814693], [0.7276561187175646, 0.06338835128138434, 0.16270296740546406, 0.0462525624955832], [0.6006316847745068, 0.05523690564460028, 0.01998698490669344, 0.32414442457421916], [0.8158425753500422, 0.06752379305765245, 0.06551570013826395, 0.05111793135405858], [0.7863958536823887, 0.07380400734808067, 0.023658716129877376, 0.11614142273964988], [0.642318311545432, 0.02705645582969922, 0.11178513682764715, 0.21884009569724283], [0.5053236520663598, 0.028542650230151744, 0.33975654584630616, 0.12637715175721362], [0.0363024923080529, 0.11133797683615813, 0.42620170474129626, 0.42615782601447055], [0.040318009527191986, 0.07212444721395865, 0.4550302425750632, 0.432527300583769], [0.03136866346665251, 0.14124760235730263, 0.4847640558982051, 0.3426196781778571], [0.04275355909739734, 0.18562228049069115, 0.5574856809382364, 0.21413847937369054], [0.03211460430271072, 0.5611503913355272, 0.19771943789628213, 0.20901556636548962], [0.03407691277462653, 0.40474019224683194, 0.42226286605517016, 0.13892002882336124]], "ideal": "C", "sampled": "C", "correct": true}}
{"type": "result", "data": {"idx": 14, "options": ["Individual stories are suspect.", "The law is static.", "Universal values are meaningless.", "Literature reproduces repression."], "probs": [[0.15210503373419054, 0.061930177787395596, 0.7112468441188867, 0.07471794425951632], [0.17379851807806365, 0.06054197286788958, 0.027067177715948316, 0.7385923312381152], [0.21764046596792566, 0.560823743545678, 0.11415812889803427, 0.10737766148838543], [0.20937554905478076, 0.5066575690944348, 0.05289555563132389, 0.2310713261194664], [0.06566798654892754, 0.024985722067306038, 0.029954561005794907, 0.8793917302779531], [0.1235556710357441, 0.04390245064936805, 0.6477936486665091, 0.1847482295483857], [0.04216049692762309, 0.08397774303642468, 0.7728864270464072, 0.10097533288956594], [0.06099134297507286, 0.19647944561070155, 0.04137673040419815, 0.7011524809100242], [0.0422271624615816, 0.07088536978603756, 0.7778733243948996, 0.10901414325748762], [0.09299709736283902, 0.3448422031017857, 0.07975849181758071, 0.4824022076177986], [0.03724890248396983, 0.02483164802304379, 0.1410027354819778, 0.7969167139110129], [0.04866869898581424, 0.03119839149898907, 0.5812227282975048, 0.3389101811176663], [0.33304864943502155, 0.4668948905693749, 0.10525864028783383, 0.09479781960776545], [0.34302584951038073, 0.4162136500420793, 0.051819501688100934, 0.18894099865942995], [0.18810775185688414, 0.054142983268719656, 0.6906443257044153, 0.06710493906997476], [0.5752279501509133, 0.11987857914815354, 0.04421135409117112, 0.26068211650975104], [0.2986004845480026, 0.05833197827065829, 0.40499112334374326, 0.23807641373759253], [0.3888486415368256, 0.05604094688772924, 0.07423281190667244, 0.48087759956878684], [0.03459365389312474, 0.03594130688366871, 0.053750446987259025, 0.8757145921359569], [0.03594008848199863, 0.02592804828031256, 0.8396368527133931, 0.09849501042427543], [0.03378257721123345, 0.032205944091986835, 0.21174232858464428, 0.7222691500121373], [0.047347168452422414, 0.04095481190792429, 0.5436600407428316, 0.36803797879681244], [0.05059089680505822, 0.06847435138258569, 0.6533972124574304, 0.22753753925490744], [0.051990093940159174, 0.19417774855899717, 0.2327860838061672, 0.5210460735946548]], "ideal": "C", "sampled": "C", "correct": true}}
{"type": "result", "data": {"idx": 15, "options": ["Law as medium' describes law as a body of formal, general rules that control the state and the economy; 'law as institution' inhabits the 'lifeworld' and expresses its shared values and norms in institutional form.", "Law as medium' consists of the manner in which law is presented by the media; 'law as institution' describes the courts.", "Law as medium' concerns the manner in which the law expresses its rules in simplified terms; 'law as institution' refers to the formal declaration of laws by legislative bodies.", "Law as medium' is defined as the intermediate stage of legal development; 'law as institution' is the advanced stage."], "probs": [[0.6869755211555537, 0.04589734688027203, 0.1470164256663156, 0.12011070619785538], [0.7154558866685273, 0.04597702245379365, 0.1201838890002099, 0.11838320177744747], [0.6727558108512969, 0.09124873221369152, 0.1400169473811442, 0.09597850945389193], [0.6668874308878532, 0.08597815386315764, 0.14431547453700166, 0.1028189406119926], [0.6859711407191805, 0.11990845109681711, 0.09359350851536372, 0.1005268995686532], [0.6631291196042645, 0.11019121111997397, 0.1130614643710153, 0.1136182048047403], [0.023688093163877374, 0.8421890696323221, 0.0711011079576251, 0.06302172914619501], [0.024598914290004187, 0.839372278987754, 0.06918128802738101, 0.06684751859488085], [0.020386912343506758, 0.04742094695388057, 0.8396059290394291, 0.09258621156318333], [0.013920046498697849, 0.059518994424837574, 0.056694574105696526, 0.8698663848707704], [0.016767123560364056, 0.019323323050251466, 0.8916704806291692, 0.07223907266020614], [0.010612033341146914, 0.014668921465682492, 0.03795699384621651, 0.9367620512469331], [0.061672041966511694, 0.773899134867835, 0.09349981286802571, 0.07092901019764683], [0.05596138840763871, 0.7770624746082417, 0.09140548434852883, 0.07557065253560259], [0.032503761047023204, 0.017365425640056126, 0.8685138015592002, 0.08161701165370075], [0.01775487226279399, 0.010165796741343517, 0.03354982941232366, 0.938529501483536], [0.032348793765201084, 0.028269619658570007, 0.8589946843375742, 0.08038690213863833], [0.018962616069662246, 0.0165709143593531, 0.02850337691689452, 0.9359630925540948], [0.03122862737712451, 0.8495352070907962, 0.058777632477988694, 0.06045853295408766], [0.02993301276311019, 0.8387499784580831, 0.06651181908204003, 0.06480518959676497], [0.02338365824821093, 0.013917812652230533, 0.8929206720615053, 0.06977785693807122], [0.014295836701501606, 0.0077340018798436674, 0.03214280434776308, 0.9458273569708932], [0.023697266623767275, 0.022210540116268933, 0.8715679051209189, 0.08252428803904846], [0.015558529726800689, 0.012428874657198115, 0.029386566031037894, 0.9426260294849844]], "ideal": "A", "sampled": "A", "correct": true}}
