{"type": "result", "data": {"idx": 0, "options": ["Bargaining", "Satisficing", "Accepting", "Compromising"], "probs": [[0.024182533654173735, 0.14661135645725465, 0.05217011687267754, 0.7770359929158908], [0.033623585153135696, 0.283296589800888, 0.5959968855856217, 0.08708293936033508], [0.017071668851312755, 0.01700152836952915, 0.24157454592945377, 0.7243522567497246], [0.017955078143231207, 0.017904047381463888, 0.5417091823114004, 0.42243169206388653], [0.04056084340634225, 0.14375628834296864, 0.7181183112672345, 0.09756455688347722], [0.04001791058322041, 0.1835761297502154, 0.09140060600466234, 0.6850053535619253], [0.11787777651741971, 0.035706968171541814, 0.035641214642363334, 0.8107740405686605], [0.2576091124050115, 0.06403362602300769, 0.6121493989357367, 0.06620786253622862], [0.18325326795942726, 0.023541598618694034, 0.07431535179934387, 0.7188897815225392], [0.26047986669260903, 0.022328034366158437, 0.6242346555902879, 0.09295744325094779], [0.6989974662423638, 0.1600707115404868, 0.09572186024023224, 0.04520996187693547], [0.7522957604882138, 0.14395562350542743, 0.04625513853480838, 0.05749347737156732], [0.01566071594157323, 0.02242840142155263, 0.3727406696636762, 0.5891702128731857], [0.015294357061443659, 0.0249853929268088, 0.5050082491741975, 0.4547120007375435], [0.02373390912336257, 0.2273271904174043, 0.09718476098249831, 0.6517541393767134], [0.029336552231573814, 0.3186445138809989, 0.5429897824934469, 0.1090291512939825], [0.028379881819567986, 0.2640890439088938, 0.14264341255150537, 0.5648876616200464], [0.03231594249979514, 0.18402054455977687, 0.6648904086651519, 0.11877310417528283], [0.24546116436434037, 0.07611564261484106, 0.5929750262723182, 0.08544816664850682], [0.4775032930923857, 0.06757297061426042, 0.06212823278452231, 0.39279550340883207], [0.1925350986049335, 0.5738879823214958, 0.16419207309980724, 0.06938484587377913], [0.21440031198405118, 0.6101404643904399, 0.08248144486704836, 0.0929777786584723], [0.309673936030655, 0.039992960174265575, 0.15350293133589113, 0.49683017235916405], [0.17731057882030613, 0.036364048084483826, 0.660967316269314, 0.12535805672591774]], "ideal": "B", "sampled": "B", "correct": true}}
{"type": "result", "data": {"idx": 1, "options": ["Framing bias", "Hindsight bias", "Over-confidence bias", "Heuristics"], "probs": [[0.13002891710615685, 0.0488163414162235, 0.04013142952459151, 0.7810233118530181], [0.13866160678739653, 0.04712754507461274, 0.6927235432031977, 0.12148730483481213], [0.14430465782732774, 0.053677785233187926, 0.05119180856168425, 0.7508257482778055], [0.14080914982003245, 0.05409375022553738, 0.601126326286551, 0.20397077356788854], [0.10217522821783666, 0.7821420278750598, 0.050492640775510994, 0.06519010303161256], [0.10183678157928666, 0.777958620848601, 0.04701127297533113, 0.07319332449680167], [0.17350078470245212, 0.0554552805007953, 0.03451146186374405, 0.7365324728330281], [0.21912246482088626, 0.05871931940605227, 0.5927639829450925, 0.12939423272796222], [0.18605531493489508, 0.05310424329962834, 0.03880161104461788, 0.722038830620876], [0.19926310827816254, 0.05794938852478933, 0.619963794386606, 0.12282370871043094], [0.1129426598782392, 0.7647614894475383, 0.045116856161701344, 0.07717899441250939], [0.11501036979939169, 0.7638322357187416, 0.04919383928554199, 0.07196355509632667], [0.10369338868395013, 0.054575016090116515, 0.05066988808034879, 0.7910617070456072], [0.10879711769610372, 0.058728055610094816, 0.6395225939234338, 0.1929522326703444], [0.10856775350715962, 0.06862738201911178, 0.03889574011022952, 0.783909124263499], [0.1163892292189439, 0.06591108424812767, 0.7058183883011172, 0.11188129813179203], [0.08267137480224714, 0.817112721242982, 0.03799237903214563, 0.06222352482260137], [0.08484021574976454, 0.8005604431449324, 0.05402203586325145, 0.060577305142074225], [0.929182700300054, 0.025172470918285634, 0.0215314794171979, 0.02411334926444487], [0.9202290441757424, 0.028244103239981652, 0.022688617236859006, 0.02883823524739806], [0.9339182570679144, 0.024095855457034666, 0.020170476526966057, 0.02181541084806522], [0.9270433535078629, 0.02761410907550863, 0.02280804829004806, 0.022534489026589926], [0.9233437247215155, 0.028164811933477953, 0.021633180278987953, 0.02685828296602812], [0.9225556571384752, 0.028482671663455295, 0.02586799645633419, 0.023093674641719464]], "ideal": "D", "sampled": "D", "correct": true}}
{"type": "result", "data": {"idx": 2, "options": ["The way things are.", "The way things are going to be.", "The way things should be.", "The way things were."], "probs": [[0.052877793099871215, 0.013336072237110148, 0.9249213427958, 0.008864791767237841], [0.025983152428175556, 0.00924205491988119, 0.012947699851957659, 0.9518270926999688], [0.11323604320835345, 0.8596166254108428, 0.016703776368526633, 0.010443554912298895], [0.10167356131208596, 0.8568752243236988, 0.02047782159797102, 0.02097339266622853], [0.02949601280471112, 0.007358443717003063, 0.01497323142615663, 0.948172311952112], [0.03763776309496602, 0.008702207594225842, 0.9282132244970909, 0.025446804713718074], [0.04403041418912499, 0.014224051462697842, 0.9326380279023484, 0.009107506345811976], [0.027467047311717716, 0.011369910133753817, 0.013842046895912142, 0.9473209955586318], [0.09021736266545992, 0.7988513602826971, 0.10526876576560154, 0.0056625111862633705], [0.07771811498851297, 0.8393512544976173, 0.024453315371249947, 0.05847731504260892], [0.02441648618435697, 0.0063702879903227635, 0.03177888433225393, 0.9374343413930432], [0.032683941470123386, 0.006780312476137539, 0.9135542784311808, 0.046981467522581415], [0.9468351698295929, 0.03381230623371691, 0.011661699322021534, 0.007690824514672827], [0.934357976119687, 0.040497907304904504, 0.012225392031950812, 0.012918724443473265], [0.7175987433348391, 0.01476711786612852, 0.2601072108466759, 0.0075269278523843524], [0.8104299835953068, 0.013508024529916151, 0.01788166104567287, 0.158180330729124], [0.71170590117409, 0.01982643494259463, 0.24346317528103145, 0.025004488502277718], [0.844258586301996, 0.017153105791643315, 0.01366906183129522, 0.1249192459750782], [0.019642624264415293, 0.011806113667948322, 0.024336818025826205, 0.9442144439418133], [0.02815791109107176, 0.01501518073197367, 0.9326638358877253, 0.024163072189246754], [0.017032233293236936, 0.00751378922969853, 0.033712373222747644, 0.9417416041542974], [0.03011175941665109, 0.00946731272004481, 0.9277739983464091, 0.03264692941690181], [0.049213092619385196, 0.5862446239350474, 0.34573523163884495, 0.018807051706723133], [0.0732476321737328, 0.8643854816420337, 0.019855077169882343, 0.04251180891434705]], "ideal": "C", "sampled": "C", "correct": true}}
{"type": "result", "data": {"idx": 3, "options": ["The potential for entry into the industry", "The threat of substitute products", "The power of customers", "The level of rivalry"], "probs": [[0.0433202507079507, 0.039487268076994875, 0.048686712532640515, 0.8685057685824003], [0.0313615651209129, 0.020235959825530697, 0.8686579625976083, 0.07974451235594134], [0.03287164951043933, 0.01863497768888267, 0.07190142796387418, 0.8765919447367939], [0.02736168917386312, 0.013494753628407682, 0.8844549197046799, 0.07468863739304647], [0.057515686860200886, 0.7408030196252522, 0.10262447257363705, 0.0990568208408977], [0.06893964694948247, 0.7834166341062014, 0.054470135873289756, 0.09317358297100319], [0.051162706415759304, 0.10100340371634431, 0.04044942587564848, 0.8073844638922496], [0.043295388463060226, 0.03856028689165929, 0.8194279111496269, 0.0987164133956563], [0.03513965840793735, 0.01963180530591482, 0.12780389649981289, 0.81742463968634], [0.054503002504907166, 0.025720201894312247, 0.781278374980044, 0.13849842052072514], [0.08220647449580615, 0.5084465238150708, 0.28530904463630125, 0.12403795695282242], [0.11664313273253311, 0.6077503143209501, 0.07287528260245456, 0.20273127024405377], [0.02501789257336951, 0.029050890500729874, 0.056884740092053215, 0.8890464767338349], [0.02588713754762006, 0.024428450347170883, 0.8520879255495134, 0.0975964864556846], [0.020437766822486537, 0.013929578225463587, 0.22022130389438557, 0.7454113509576906], [0.03140640910273857, 0.020138606379629883, 0.8329532422244758, 0.11550174219316833], [0.037854446610451904, 0.6646403434723149, 0.15820387886158543, 0.13930133095565145], [0.044424237476818146, 0.6913948384269685, 0.09176576583393087, 0.1724151581622579], [0.8250005899678964, 0.039155505571524474, 0.05856041531333058, 0.07728348904725456], [0.8650602678829316, 0.044065281930081496, 0.026172196444089076, 0.06470225364288319], [0.7783179995116667, 0.04984624934450491, 0.09965411764438652, 0.07218163339945319], [0.8165551213334853, 0.056879969926696555, 0.03252587035496327, 0.09403903828482892], [0.7850461672829058, 0.020340775956837604, 0.07988583410809356, 0.11472722255214497], [0.7731156305856577, 0.02245696532851036, 0.05119696971713603, 0.1532304342686998]], "ideal": "D", "sampled": "D", "correct": true}}
{"type": "result", "data": {"idx": 4, "options": ["Margaret Thatcher", "Mikhail Gorbachov", "Nelson Mandela", "Bill Clinton"], "probs": [[0.25684833524042844, 0.22289276120817947, 0.21697711942410305, 0.303281784027289], [0.2196154542893932, 0.19016223019337922, 0.2994058234719793, 0.290816491945242], [0.2186071039747224, 0.16863003886277106, 0.318414374656441, 0.2943484824060698], [0.20047110655589534, 0.16416824415793105, 0.319532326557436, 0.3158283226287394], [0.19929153076940212, 0.15060262790034534, 0.36331216503795405, 0.2867936761923141], [0.20506729628349046, 0.165990238824727, 0.30835382003809364, 0.3205886447536956], [0.20328810541417303, 0.25015519374549494, 0.2543003692928358, 0.292256331447507], [0.1753362920630822, 0.21396148540451795, 0.33242040654975025, 0.2782818158826559], [0.14507434499593497, 0.13439708531879888, 0.4745071483278279, 0.24602142125743], [0.16904897671814675, 0.15586315271989237, 0.2930365346583423, 0.3820513358036306], [0.14344927562441775, 0.1409180646681707, 0.4512021820990625, 0.26443047750834275], [0.1928630341208725, 0.18508054710120275, 0.2018841208267161, 0.4201722978512267], [0.13199779321284358, 0.24344703048664204, 0.3395475540851743, 0.2850076221153414], [0.12347314410911431, 0.23700980389786727, 0.34779507130114734, 0.29172198059186955], [0.11685800453195941, 0.12369351023993173, 0.5077248225508835, 0.2517236625771968], [0.1321253542426977, 0.17143244088297907, 0.28830887536035377, 0.40813332941396224], [0.09423703790359572, 0.10939595138135325, 0.5563526289834823, 0.24001438163156705], [0.12185547373933786, 0.1445577217398257, 0.3149406990663176, 0.4186461053545124], [0.19312662536679887, 0.1780493363812124, 0.35689211390322223, 0.27193192424876844], [0.20406646830831415, 0.2247049969299633, 0.26225057920132033, 0.3089779554603834], [0.1771263682364028, 0.14472324897796454, 0.38981422741909716, 0.2883361552665116], [0.22166666346502992, 0.19026434716342266, 0.19093394275432626, 0.3971350465172038], [0.12611655566998656, 0.11107815864827279, 0.5064268405795431, 0.2563784450022045], [0.17596280398812492, 0.13673152120711746, 0.3059818788439823, 0.38132379586076803]], "ideal": "D", "sampled": "A", "correct": false}}
{"type": "result", "data": {"idx": 5, "options": ["Work flow design", "Work schedule design", "Work rate design", "Work output design"], "probs": [[0.23295608934153927, 0.7200866763390242, 0.019158448545649413, 0.027798785673768603], [0.23921637049816016, 0.7114792736213887, 0.02631262799933727, 0.022991727781136315], [0.09864045712340515, 0.013810445878047929, 0.8522309703551689, 0.03531812654339486], [0.09303453740058858, 0.014295030787771527, 0.02496914881720855, 0.8677012828944464], [0.06664175489447, 0.011381870894709819, 0.9019973209808674, 0.019979053129932863], [0.0941427435613696, 0.021117236731686372, 0.020194688194872416, 0.8645453314120793], [0.8218019952471897, 0.12853840751451368, 0.012528923214686852, 0.037130673923609636], [0.8266307926506007, 0.12732941651331692, 0.0231125802923374, 0.02292721044374529], [0.6535894788619, 0.027761425130764968, 0.26149988278320946, 0.05714921312411881], [0.5848396317341581, 0.03184544333071109, 0.040919478721736846, 0.34239544611338013], [0.5726167651719698, 0.040823571848040946, 0.35761772248583296, 0.028941940394151926], [0.6117698677608935, 0.060844526998223465, 0.02454054878748446, 0.3028450563533816], [0.04089090169042595, 0.01998775422969875, 0.9080033377571354, 0.031118006222754544], [0.04348660492265068, 0.03857874954139127, 0.03319373327578577, 0.8847409121601794], [0.0637786204778745, 0.6983065509834101, 0.19023657539736066, 0.04767825304133871], [0.06437426526226168, 0.6493572516286629, 0.05515092840870447, 0.2311175546003568], [0.03098290661655937, 0.01376079041772004, 0.09193266017069675, 0.8633236426950317], [0.02561696768257114, 0.009213121001867098, 0.9102470790902243, 0.054922832125322264], [0.03057278895929542, 0.014207441134249115, 0.9276945665106322, 0.02752520329580755], [0.039459560245616816, 0.054919016089388935, 0.025528923399593454, 0.880092500165423], [0.05974395583117013, 0.8044646286214431, 0.10597664824494818, 0.02981476720245567], [0.06528466555470372, 0.8152222105926519, 0.03469798055828152, 0.0847951431943802], [0.027185207066972958, 0.011432535165020007, 0.05149123703831479, 0.9098910206296786], [0.02510113876919928, 0.008617346926056651, 0.9050325569730948, 0.06124895723167268]], "ideal": "B", "sampled": "B", "correct": true}}
{"type": "result", "data": {"idx": 6, "options": ["Workers enjoy responsibility.", "Workers view physical and mental effort as a natural part of work.", "Workers like to show initiative.", "Workers like to be directed."], "probs": [[0.11044105524405912, 0.2704019369069425, 0.04152410740048658, 0.577632900348491], [0.13073060145479576, 0.18339832134025158, 0.6451396315995372, 0.040731445505410684], [0.09833221809979623, 0.07408581651632232, 0.27891764735625557, 0.5486643179276418], [0.08556297483869492, 0.06886122480401012, 0.6062825851585919, 0.23929321509871415], [0.1404202870176435, 0.2214551023646636, 0.5451270019410673, 0.09299760857661239], [0.15263275416949212, 0.3183737535302418, 0.03464555269841191, 0.49434793950184697], [0.2467912764095452, 0.09708982041095586, 0.044020353409029045, 0.6120985496704812], [0.30840804843601777, 0.10393603685715186, 0.5184307925894274, 0.06922512201739679], [0.27160740163498714, 0.09505095701176092, 0.046829014428918764, 0.586512626824344], [0.156916120302395, 0.07263051416938701, 0.736836997803705, 0.03361636762450883], [0.47129282656915095, 0.40679408027016145, 0.05708006000377178, 0.06483303305690864], [0.47736731467708254, 0.4008324172194409, 0.06691403638974994, 0.05488623161373203], [0.07963502831700518, 0.08118238938012437, 0.3409406653037393, 0.49824191689912184], [0.06175868603118136, 0.0625024591667081, 0.7231487524086039, 0.15259010229348707], [0.10643612093765263, 0.33055259211629867, 0.04837335818534902, 0.5146379286607088], [0.0710835849310343, 0.08957242521660363, 0.815671716803517, 0.023672272948831695], [0.12415689370337367, 0.459512060612389, 0.030214477937554964, 0.3861165676466684], [0.11995847219638185, 0.4462167885713789, 0.3627482165053067, 0.07107652262692095], [0.3612355389491802, 0.09882156350365158, 0.42975281490419776, 0.11019008254295991], [0.4754874681885141, 0.10160167963388327, 0.04161010074873182, 0.3813007513288688], [0.45310702075208664, 0.42387535575656693, 0.0558196048566975, 0.0671980185346436], [0.5053742336283943, 0.3889222890977555, 0.06393371821544207, 0.04176975895838298], [0.45842814303129215, 0.11561121223524036, 0.03382770324875572, 0.39213294138469224], [0.3986569032749107, 0.1042843096104085, 0.4268316059797448, 0.07022718103493324]], "ideal": "D", "sampled": "D", "correct": true}}
{"type": "result", "data": {"idx": 7, "options": ["Referent", "Expert", "Reward", "Legitimate"], "probs": [[0.5595019553597891, 0.029953851529668087, 0.024172998181509222, 0.38637119482902155], [0.18454245042610046, 0.020270599672015787, 0.7584390902044338, 0.03674785959745991], [0.5860586163905886, 0.03212895074818137, 0.031393783048705035, 0.35041864971250813], [0.3783463575072951, 0.03238445145359003, 0.5475930645524396, 0.041676126386649234], [0.2954844958842561, 0.6359944559126842, 0.0450211727350847, 0.023499875367977825], [0.34522900394794737, 0.6018997526499978, 0.029747192931895053, 0.023124050370166127], [0.030019468308238068, 0.6048094954205535, 0.05499231638972735, 0.31017871978147366], [0.027344298447276684, 0.19534972195113834, 0.7303054710512404, 0.0470005084503626], [0.02986788530093673, 0.017003175930944716, 0.5290845743871265, 0.4240443642809633], [0.020347561445080754, 0.00995074262168114, 0.8740928158380491, 0.09560887999516333], [0.03341096846536308, 0.5187969709139851, 0.40204332937917264, 0.045748731141461024], [0.03927259824135521, 0.5049891369963003, 0.05910538673596798, 0.39663287792635993], [0.042531012999800985, 0.6345562438753186, 0.05724651535225687, 0.2656662276726328], [0.038913614055219696, 0.6120289890233352, 0.3002221151113963, 0.04883528171001996], [0.03621222820466535, 0.023264658845429314, 0.523043792912958, 0.41747931993693344], [0.023127904108129278, 0.013340971812493838, 0.8386736823005898, 0.12485744167877212], [0.038712002690680605, 0.7091532019849095, 0.20517728518117123, 0.04695751004325836], [0.038032768673021945, 0.6242611578137497, 0.06271242250446556, 0.2749936509087913], [0.4380372604063527, 0.4949286350655192, 0.03722843874482242, 0.029805665683294007], [0.2979421910865611, 0.6389871301752049, 0.0344131488520953, 0.028657529786150854], [0.46257961797793046, 0.03997557200268618, 0.4480448666083482, 0.04939994331105626], [0.5697732381260826, 0.03849067086275026, 0.033438232304864354, 0.3582978586062888], [0.4933774739197949, 0.030793768422631363, 0.43170075925587825, 0.044127998301685074], [0.6905843229577161, 0.022293871141548613, 0.035626937399689494, 0.2514948684010289]], "ideal": "D", "sampled": "D", "correct": true}}
{"type": "result", "data": {"idx": 8, "options": ["Henry Fayol", "Max Weber", "Adam Smith", "Mary Parker Follett"], "probs": [[0.5863136875707368, 0.2545240078690745, 0.02187881817466295, 0.13728348628554685], [0.6714044657453933, 0.27079741676581437, 0.0441615703161583, 0.01363654707262429], [0.047483015379632426, 0.021804989717406496, 0.8814891530270659, 0.049222841775897114], [0.1408354746864778, 0.03043043834959832, 0.03686282380721333, 0.7918712630567258], [0.0638016550337317, 0.033950928338018334, 0.8817834195560482, 0.020463996972210467], [0.19893311924019133, 0.059336172230187466, 0.02501424647579077, 0.7167164619538131], [0.9559766362133955, 0.021595426831797382, 0.009748641104943622, 0.01267929574985498], [0.9564958922912261, 0.021304766731967708, 0.015976607772767656, 0.006222733104022053], [0.927159235120369, 0.017531433884243837, 0.03296775231735492, 0.022341578578008923], [0.9328719512712372, 0.015289689992535225, 0.019804429815650875, 0.032033928820579635], [0.9467354508012163, 0.020551831330369304, 0.024330474208249114, 0.008382243560176084], [0.9539292238598411, 0.018611840515084514, 0.009952341068841833, 0.017506594456221967], [0.0211686780547262, 0.029574157620277722, 0.91416361483652, 0.0350935493884523], [0.030978283805153228, 0.07637735509951357, 0.05788643596484086, 0.8347579250304755], [0.04097587449062446, 0.25007868876226574, 0.5974071805543861, 0.11153825609271005], [0.05704518283863374, 0.41884412293617296, 0.08782117032659702, 0.43628952379859176], [0.019966874388776062, 0.025893488579042633, 0.6935720185617145, 0.26056761837044967], [0.017895246076616144, 0.01610698483666604, 0.9194704390701819, 0.04652732991655576], [0.03854501357739082, 0.035959040645262626, 0.9058762348348642, 0.019619710842497466], [0.06269502906347754, 0.07467898354435092, 0.026899200796820663, 0.8357267864953571], [0.05282846207505602, 0.8595460732158935, 0.06771899691153943, 0.019906467697531967], [0.051266991705890885, 0.8708643968399774, 0.024056949493932202, 0.05381166186020306], [0.03565772569592861, 0.024262713551226524, 0.5985959082173344, 0.3414836524355039], [0.02694186916792602, 0.01608378179868113, 0.9048598444748838, 0.05211450445851981]], "ideal": "B", "sampled": "B", "correct": true}}
{"type": "result", "data": {"idx": 9, "options": ["Frederick Taylor", "Seebohm Rowntree", "Henry Ford", "Max Weber"], "probs": [[0.16328202446524684, 0.18599454786952987, 0.5432657071919663, 0.1074577203732577], [0.14507886403798004, 0.3017222306686395, 0.0752484169897292, 0.4779504882036574], [0.17193455278588454, 0.26593920005580385, 0.45786907027423424, 0.10425717678407684], [0.22938171239645508, 0.4714615044883971, 0.1103944309903561, 0.1887623520248], [0.11141385606359337, 0.08770420380085432, 0.3049446736321026, 0.4959372664034301], [0.0777665668090361, 0.057928409864398955, 0.7404993064116318, 0.12380571681495696], [0.40446182732124325, 0.10797738566584338, 0.4106647439503334, 0.07689604296257636], [0.42140850976421085, 0.17147121513131874, 0.06562841242769178, 0.3414918625767766], [0.5519883073702647, 0.2951502562759753, 0.10526463841434329, 0.04759679783942841], [0.49135534318249313, 0.3563767709585034, 0.06888092839041067, 0.08338695736859326], [0.5655607340619628, 0.10018946038541829, 0.11260974780713372, 0.22164005764550343], [0.10604690115792777, 0.04730537793583222, 0.7590303838323963, 0.08761733697382144], [0.636518814792211, 0.09649861542157791, 0.20809173597362107, 0.05889083371261072], [0.8016721494021575, 0.10091560437345616, 0.04569150844739194, 0.051720737676972946], [0.7591112842043982, 0.16168768759346475, 0.05338966207108442, 0.025811366031038577], [0.7813446311570661, 0.14519524004403414, 0.0420552267816839, 0.03140490191719865], [0.730564801324054, 0.07674746404399396, 0.11197147827272455, 0.08071625625924353], [0.5017472046131047, 0.07403159845597199, 0.3487313691555745, 0.0754898276753445], [0.08776655977571145, 0.09552167641160414, 0.3634620289768045, 0.45324973473588814], [0.06141715351457243, 0.058504253724194835, 0.7714256902257636, 0.1086529024354807], [0.13206167982250033, 0.3581641765849159, 0.13304441074628834, 0.37672973274629856], [0.062310823747417844, 0.06360850903333903, 0.7933443332265231, 0.08073633389274043], [0.10446304921528604, 0.56336434972372, 0.19045214194700655, 0.14172045901397795], [0.09938830992383643, 0.43212300369025375, 0.3761796147125645, 0.09230907157333694]], "ideal": "B", "sampled": "C", "correct": false}}
{"type": "result", "data": {"idx": 10, "options": ["John Kenneth Galbraith", "John Maynard Keynes", "Milton Friedman", "Alfred Marshall"], "probs": [[0.03711304868954191, 0.03849198488482255, 0.81808840105063, 0.10630656527502848], [0.03683748455078237, 0.03721760891150526, 0.04839467210153131, 0.8775502343361586], [0.06728247660662222, 0.719163300560088, 0.11079788011407127, 0.10275634261924317], [0.06244481582318002, 0.6187427438828531, 0.09293640231302468, 0.2258760378809328], [0.036478322867819, 0.024811515926601378, 0.08691594733760538, 0.8517942137679698], [0.0305049953848233, 0.022746443642234243, 0.8294814714923827, 0.11726708938057444], [0.05144503764931096, 0.03515973049194469, 0.8217247393495944, 0.09167049240917251], [0.06142714094369531, 0.0410962235320339, 0.055359526982829615, 0.8421171084414435], [0.1571510178934202, 0.5500342847001536, 0.10202742588656528, 0.19078727141986046], [0.1342493373524612, 0.49254196836748626, 0.1476355478851688, 0.22557314629487332], [0.0866169204805239, 0.048419411354580055, 0.034436377586402486, 0.8305272904784661], [0.09022711956670293, 0.0759581625647416, 0.6571257422425776, 0.176688975525999], [0.6428768990954511, 0.11046171159326007, 0.09330227278297032, 0.15335911642831035], [0.579743915110564, 0.09545589215321283, 0.06394204200754121, 0.2608581506286682], [0.6926253306741482, 0.11273047703432515, 0.052157478582164137, 0.14248671360933624], [0.6635479523117321, 0.11452786765587218, 0.07815669678734725, 0.14376748314504204], [0.6360722670883356, 0.10501002318359623, 0.03696783861697557, 0.22194987101107397], [0.6441372835511798, 0.1348120470712356, 0.08509628460519102, 0.1359543846724079], [0.09346956898630633, 0.04685116000639808, 0.12116980283154447, 0.7385094680757277], [0.06874241039563958, 0.03804163170272935, 0.7059541069611738, 0.18726185084045152], [0.09334680271679724, 0.09706690180302055, 0.03553289566592037, 0.7740533997142476], [0.12703728924803345, 0.14202033091177096, 0.5489521694292521, 0.18199021031093168], [0.17588302375661838, 0.43097859527797483, 0.0629112490080938, 0.33022713185730773], [0.1746408151996677, 0.499861237557959, 0.14869653950856945, 0.17680140763380178]], "ideal": "C", "sampled": "C", "correct": true}}
{"type": "result", "data": {"idx": 11, "options": ["Mary Parker Follett", "Elton Mayo", "Lillian Gilbreth", "Frederick Taylor"], "probs": [[0.09010334239513483, 0.8110764670038642, 0.06177632779804557, 0.03704386270295786], [0.09908728431229008, 0.8153062549472326, 0.04534422027737432, 0.040262240363110595], [0.0278910940271208, 0.016935896227026865, 0.9114022780999096, 0.04377073154595922], [0.02754911047710186, 0.019910917749961572, 0.027973785648236268, 0.9245661860247022], [0.026733757694938506, 0.015530493086537667, 0.9027141117898442, 0.055021637328703285], [0.026214768777601923, 0.016659437486163286, 0.028751170429690005, 0.928374623206543], [0.9386482270803432, 0.025204919886473044, 0.01857949861723048, 0.017567354315971073], [0.9416631334450554, 0.026806110606053805, 0.013757649569722507, 0.017773106279166583], [0.9194548914839062, 0.0281393730803035, 0.02659043097990217, 0.02581530435589988], [0.9207899390894327, 0.027425507204009995, 0.018532669572261424, 0.033251884034315886], [0.9336764970601277, 0.02013267490511562, 0.021250401677207074, 0.024940426257526495], [0.9203784684387918, 0.02017432176109124, 0.021568881558977255, 0.03787832814112766], [0.024918707324815086, 0.01781596864451678, 0.9210321546166826, 0.03623316931399538], [0.029214057023600474, 0.023937462010008553, 0.029380493072201277, 0.9174679877941777], [0.07732307368375123, 0.8294907559512896, 0.06664014570994205, 0.026546024555013894], [0.08239765486937703, 0.807922514725252, 0.04888732127182042, 0.06079250903352459], [0.02668975893313562, 0.020742458722690087, 0.027346961321191302, 0.9252208209230008], [0.027469016510731806, 0.019362607706197636, 0.9008945684324147, 0.052273807250650804], [0.0218407653973401, 0.015569126957905442, 0.9013268655080284, 0.06126324203672727], [0.01723707289403901, 0.01687380061560109, 0.030086384165711497, 0.935802742224637], [0.04330846735642782, 0.8073407268442538, 0.08227752885021607, 0.06707327684910341], [0.04095518663508007, 0.7677699859748868, 0.07051826748197561, 0.12075655980804297], [0.016084644805405175, 0.015500933144361302, 0.026518259777230508, 0.9418961621730024], [0.021933543469543577, 0.01752020792132265, 0.8867557739697273, 0.07379047453942336]], "ideal": "B", "sampled": "B", "correct": true}}
{"type": "result", "data": {"idx": 12, "options": ["Strategic", "Operational", "Functional", "Developmental"], "probs": [[0.7513537122149907, 0.014624884844779858, 0.02498228586873179, 0.2090391169714997], [0.3923425470844097, 0.012716809029417438, 0.5710301153510919, 0.023910528435091852], [0.7427382043428506, 0.014035955139419775, 0.03090880526600084, 0.21231703515173878], [0.4213180330559505, 0.014085447564098822, 0.5376991598181068, 0.026897359461813947], [0.2758947192745036, 0.687172267143127, 0.021809121937956987, 0.0151238915444271], [0.2731329065736041, 0.691561165771102, 0.019696295914584872, 0.01560963164069898], [0.13123443628752324, 0.22791354059086855, 0.042944633135608506, 0.597907389885989], [0.0580588589481298, 0.058112977410816745, 0.8543698392900161, 0.029458324251042025], [0.07479972745854359, 0.012881462621559184, 0.4560926424311797, 0.4562261673887096], [0.04183117155439673, 0.008450083595091003, 0.8761738734983401, 0.07354487125216097], [0.051739574434095895, 0.8951133785763671, 0.037684759069993766, 0.015462287819537054], [0.07029140817794462, 0.8858195754130026, 0.01830736583186102, 0.02558165047721533], [0.12055919253817982, 0.1762620037632306, 0.05592986267059491, 0.6472489409280133], [0.05922102415132159, 0.063946301128884, 0.849482896381372, 0.027349778238441314], [0.07926339258847791, 0.011021505439325518, 0.4316869532530492, 0.4780281486191592], [0.03994050850299373, 0.006861758194723617, 0.8635269225315265, 0.08967081067078198], [0.06417159717184936, 0.8708386125675024, 0.04346076683735008, 0.021529023323319973], [0.07841667525649139, 0.843846058718648, 0.0230309571387635, 0.05470630878610062], [0.9678816449765887, 0.01141587329397613, 0.010364917836416179, 0.0103375637930354], [0.9668682885856746, 0.014066078418104143, 0.009161409563161355, 0.009904223333065135], [0.9526575892425063, 0.007365050352195422, 0.022397871704750032, 0.017579488600571697], [0.93808712520528, 0.009417253140268684, 0.01172539757551412, 0.04077022397892619], [0.9459464066760856, 0.009101159994573095, 0.025412422764880958, 0.0195400104644392], [0.9329252123908577, 0.01006840865487579, 0.013087953840087417, 0.04391842501418987]], "ideal": "A", "sampled": "D", "correct": false}}
{"type": "result", "data": {"idx": 13, "options": ["Guiding, mentoring and motivating", "Guiding, commanding and motivating", "Guiding, demonstrating and motivating", "Guiding, mentoring and demonstrating"], "probs": [[0.28685814827222667, 0.3252205964422259, 0.24513495661912996, 0.1427862985664176], [0.3363768157073911, 0.3886291452871797, 0.07772659207402194, 0.1972674468313972], [0.3234460730553649, 0.08023968999341573, 0.4853407799644531, 0.11097345688676105], [0.5023730132187926, 0.15653780414589247, 0.23178559708342125, 0.10930358545188228], [0.47385314785779836, 0.05729855716515496, 0.24109505951938376, 0.22775323535766348], [0.4564108542144087, 0.05730835883112298, 0.36391204804349775, 0.12236873881097567], [0.6626947117650969, 0.06450281370664118, 0.16251550884982124, 0.11028696557842313], [0.6960374879399932, 0.07198506621031599, 0.08972405930364659, 0.1422533864460365], [0.6685031630972947, 0.11114300686168035, 0.09858905759277385, 0.12176477234824898], [0.4927212104784193, 0.09420030573573462, 0.06315499152288091, 0.34992349216298163], [0.5717914585804985, 0.04919941414473961, 0.2273717212559151, 0.15163740591886168], [0.3201029651771727, 0.047413495056581115, 0.22258739665845662, 0.4098961430077832], [0.6144967420896676, 0.03904221554789924, 0.2737732615095533, 0.0726877807528878], [0.8203269045223508, 0.057768570280930874, 0.05207653066237737, 0.06982799443435501], [0.7099140520700558, 0.10318417261037323, 0.08908004310810665, 0.09782173211143903], [0.5490080596721743, 0.08609886341762508, 0.052620648218403496, 0.31227242859178694], [0.6053759804996814, 0.03357448681036959, 0.29055338617302995, 0.07049614641691858], [0.5254583669243226, 0.03822057797042956, 0.1146030713322491, 0.32171798367297894], [0.38218322017679185, 0.09719084460604288, 0.25343431807476535, 0.26719161704240285], [0.2821748914460937, 0.07418040037046005, 0.49875987670557004, 0.1448848313778675], [0.18115176054979978, 0.4007765941880118, 0.2626278807936075, 0.15544376436859098], [0.1529344223292407, 0.24205402170865417, 0.3216642435543806, 0.2833473123077265], [0.2149268536739721, 0.07690198275195712, 0.5904775076013343, 0.11769365587272083], [0.32105474182951693, 0.08836762257405985, 0.23469474834113435, 0.3558828871553054]], "ideal": "A", "sampled": "C", "correct": false}}
{"type": "result", "data": {"idx": 14, "options": ["Incomplete information", "An agreed goal", "A structured problem", "High level of certainty regarding the environment"], "probs": [[0.2553812784904057, 0.1657960762939653, 0.18847768535060558, 0.39034495976500916], [0.216609378156038, 0.1016951940749022, 0.5580223871587513, 0.1236730405103077], [0.27298422340735806, 0.2284208985017421, 0.11842366917576101, 0.38017120881513017], [0.22858851489812712, 0.1068607075440408, 0.572601043763361, 0.09194973369445963], [0.22145054203059986, 0.49726345424595053, 0.1176525136316313, 0.16363348999183222], [0.2326269307019111, 0.49841250155958977, 0.15033452390235266, 0.1186260437361397], [0.17023088504396744, 0.2733705442228526, 0.2007396408592946, 0.3556589297738893], [0.16764471058111374, 0.1596521584691189, 0.549804407056748, 0.12289872379299789], [0.16673889649250564, 0.14395574478493875, 0.3451404095349203, 0.3441649490876505], [0.1395784911646813, 0.08718190767508237, 0.6409127207679703, 0.13232688029228093], [0.21262557165860677, 0.3575446006502368, 0.27214799037290216, 0.15768183721825224], [0.18212285119660843, 0.33128236377481635, 0.20174129742667546, 0.2848534875018952], [0.3590872615725055, 0.1641147798210696, 0.12765998023838218, 0.34913797826805154], [0.2934387975787257, 0.11156395169439429, 0.50137561055739, 0.09362164006947733], [0.338880251839604, 0.10244231275205645, 0.25634248536573717, 0.30233494994262183], [0.25040149303323095, 0.08218543828678071, 0.4908362308370816, 0.17657683774290767], [0.4273535082624203, 0.2815312608789781, 0.17078586644055346, 0.12032936431805291], [0.3282294521909762, 0.2610610512985474, 0.10020166158232768, 0.31050783482815697], [0.5808279493854889, 0.18307449979481777, 0.0860114529932848, 0.1500860977264307], [0.6250667128998015, 0.1529049172606327, 0.12516472555932817, 0.09686364418021454], [0.5100817006822674, 0.09421953244532895, 0.2597791495501645, 0.13591961722223972], [0.4936467013324904, 0.09861500044072755, 0.13771702751313675, 0.27002127061365033], [0.5748923237695295, 0.1936369161636494, 0.13666328997906763, 0.09480746998778078], [0.5250102722940433, 0.1812206480781091, 0.07083233073409557, 0.22293674879372807]], "ideal": "A", "sampled": "D", "correct": false}}
{"type": "result", "data": {"idx": 15, "options": ["Making people's strengths effective and their weaknesses irrelevant.", "Enhancing the ability of people to contribute.", "To operate the organisation's status system.", "Integrating people in a common venture by thinking through, setting and exemplifying the organisational objectives, values and goals."], "probs": [[0.16456653416417838, 0.1386335375157946, 0.5592925855577706, 0.13750734266226486], [0.26437868431697203, 0.19746960139050218, 0.14649590718436062, 0.3916558070081683], [0.12948503730553712, 0.6362091360510963, 0.13138767925960335, 0.10291814728375998], [0.11449342658651689, 0.6680899184283579, 0.11970809669541874, 0.09770855818972524], [0.31558006704982944, 0.15823158431227102, 0.15594562915613056, 0.37024271938176906], [0.1799458666518476, 0.10618288479508356, 0.6053508530759649, 0.10852039537708115], [0.12810264236055277, 0.11685967756152472, 0.6363808069572361, 0.11865687302066004], [0.20332659543367257, 0.20112450578528773, 0.1471542354314887, 0.44839466324954846], [0.1383069027176745, 0.6178475471713651, 0.12589547233804615, 0.11795007767290405], [0.12842747933072926, 0.6498039259914924, 0.12215282703835968, 0.09961576753941938], [0.18961680178127124, 0.18189170461033538, 0.14866186532905973, 0.4798296281793293], [0.12312610753704799, 0.1186234246213697, 0.669780998439434, 0.08846946930213975], [0.5015732003768684, 0.20507438787603055, 0.16962099671362407, 0.12373141493348484], [0.503637779076074, 0.17899370269824588, 0.16157403013586452, 0.15579448798983564], [0.4328003753544319, 0.25046924711941043, 0.1684301584589798, 0.14830021896716947], [0.4546895822895378, 0.20697721543474384, 0.1484926725500041, 0.18984052962571912], [0.508267138633201, 0.1533557325255372, 0.21945564773509718, 0.11892148100616202], [0.5249814723678692, 0.15078636101567275, 0.18470542338798823, 0.1395267431284565], [0.1646822851402739, 0.26035225292692904, 0.15998739124916042, 0.4149780705836274], [0.11430085179064867, 0.1159594385296097, 0.6582462471313105, 0.1114934624484222], [0.17618980403260662, 0.1823174069518801, 0.16628073098494106, 0.4752120579305682], [0.11026398959274322, 0.11812338585815406, 0.6485638548179891, 0.1230487696311206], [0.09521015097088338, 0.7150801327841809, 0.10190658752551307, 0.08780312861940874], [0.08960815311823489, 0.7136437230902376, 0.10530057693680132, 0.09144754675472648]], "ideal": "C", "sampled": "C", "correct": true}}
{"type": "result", "data": {"idx": 16, "options": ["A theoretical assumption", "An illustration", "A theoretical model", "An example serving as a model"], "probs": [[0.34102435822686133, 0.007845323584307597, 0.5309457344564953, 0.12018458363230866], [0.27879354067369055, 0.00797970000101411, 0.37104627392512063, 0.34218048530016487], [0.7384479936087417, 0.10897156197455787, 0.015526358633073733, 0.13705408568360752], [0.7838533323790946, 0.13004391121842507, 0.047653098286507725, 0.03844965801596604], [0.38416638330493796, 0.10085960212292125, 0.015051501262363175, 0.4999225132097767], [0.2402159578718146, 0.03442687454495514, 0.6898576575413929, 0.03549950994181595], [0.07790798310233893, 0.10362951005465476, 0.6188406453009109, 0.19962186144209368], [0.06711098682126367, 0.030052759142235364, 0.576580622786812, 0.3262556311496989], [0.0970879851869914, 0.3169803941824203, 0.06766929125671071, 0.5182623292738622], [0.08744821429059349, 0.08219072586899046, 0.7538872654107276, 0.07647379432968622], [0.06733194253364938, 0.7712825891819755, 0.0629762174342459, 0.09840925075012795], [0.0616479483928449, 0.37732746249392796, 0.5215500136836783, 0.03947457532952748], [0.905522335504015, 0.015761666547163208, 0.009053885721170345, 0.06966211212764356], [0.9322640418653702, 0.017003063074205963, 0.028841998059957234, 0.02189089690047859], [0.8571531069141087, 0.004813440088687744, 0.019207576406293784, 0.11882587649093068], [0.7909079097294827, 0.00521579410916762, 0.17544015226424156, 0.028436143797121238], [0.9377601149714593, 0.02056324817562993, 0.021633313272788605, 0.020043323480134954], [0.9548608997497869, 0.01715888292064481, 0.008222359537171601, 0.019757857692415986], [0.35052992678707295, 0.2599936482910422, 0.02877045341763765, 0.3607059714042438], [0.22881591995291053, 0.04557013685794611, 0.6912994457606924, 0.03431449732846356], [0.4275135032470754, 0.009002868783179765, 0.1870623423127657, 0.3764212855569725], [0.1125974019979163, 0.007518969060648865, 0.8500008461893894, 0.029882782652058522], [0.1729335603882349, 0.7768672427878575, 0.030271776232965557, 0.019927420490955056], [0.16124435774233176, 0.7917462679021607, 0.02294407726343848, 0.024065296992048034]], "ideal": "D", "sampled": "C", "correct": false}}
