{"type": "result", "data": {"idx": 0, "options": ["Offerings", "Prayers", "Apparitions", "Idols"], "probs": [[0.024484851025727183, 0.015609631992479901, 0.021633264430841806, 0.9382722524509434], [0.01616446550319211, 0.011453236410867033, 0.9493272621582428, 0.02305503582771912], [0.06942655972933418, 0.040160283535310176, 0.013188216581474099, 0.8772249400538907], [0.017612860206098195, 0.013942451600575044, 0.9545522344278944, 0.01389245366545305], [0.10333187666848558, 0.8687706860164769, 0.014657317851754595, 0.013240119363288609], [0.06574568793951348, 0.8782790617464844, 0.0421727311094177, 0.01380251910456502], [0.019049431999804953, 0.013854858618770586, 0.02065232075263104, 0.9464433885287711], [0.012956404993293313, 0.009963237493278513, 0.9587615714863402, 0.018318785927085957], [0.021104690687536364, 0.01497043449912618, 0.016901826564667117, 0.9470230481486599], [0.012276370640896438, 0.010465667667360316, 0.9632405716675861, 0.01401738992414866], [0.049092190319257704, 0.8864719407946717, 0.03775237661673499, 0.026683492169347862], [0.041911188141253886, 0.8902934829206796, 0.04478773372975416, 0.023007595108286587], [0.06620977214808474, 0.03179189545344438, 0.011313175379966829, 0.8906851569185116], [0.016056850728278463, 0.008357758152326129, 0.9666512110923186, 0.008934179927089734], [0.034169697068167686, 0.01641918185788566, 0.014199398704720752, 0.9352117222692077], [0.01397275523600156, 0.008939125180119661, 0.9642557783613782, 0.012832341122495504], [0.08160451632909646, 0.8942515572641596, 0.014384097472424072, 0.009759828834342591], [0.08829079689069198, 0.8894066233066031, 0.011590185103897208, 0.010712394598788071], [0.9769375569494174, 0.016274744438440066, 0.004202765576291659, 0.0025849329358739147], [0.9684326902179206, 0.01648179350734903, 0.011518483480762372, 0.003567032693986634], [0.967369173939573, 0.020778491070663728, 0.007124440605994755, 0.004727894283782475], [0.9639583534739672, 0.021938092917424885, 0.009542076396919428, 0.004561477111706942], [0.9712808176331962, 0.020850998077961373, 0.0051794269320490065, 0.0026887572567826077], [0.9735618287272407, 0.01953790105974412, 0.004374543926760422, 0.0025257261862579143]], "ideal": "D", "sampled": "D", "correct": true}}
{"type": "result", "data": {"idx": 1, "options": ["Daoism", "Yin-Yang School", "Mengzi", "Humanistic Buddhism"], "probs": [[0.17674419933683327, 0.4045840549559909, 0.1464591455870866, 0.27221260002008235], [0.10979566997057148, 0.25324446154570995, 0.5061264667054515, 0.13083340167825044], [0.10256239123709442, 0.09157771791328141, 0.5756003145802626, 0.2302595761693853], [0.09530595697048357, 0.08208327370762908, 0.5396060475446351, 0.2830047216772307], [0.10343904958776297, 0.16546852142629856, 0.6278169686878162, 0.1032754601981013], [0.11960460812475782, 0.29760819390870846, 0.24164012280861946, 0.34114707505791464], [0.0916338840716129, 0.6953932717517418, 0.1025000595944516, 0.11047278448219354], [0.07537775166561249, 0.6201735173216747, 0.2397272616947482, 0.0647214692179832], [0.03902163836223308, 0.02987149358599815, 0.8638789593492999, 0.0672279086024624], [0.06767036298296537, 0.06334537895418316, 0.2717474422634705, 0.5972368156994013], [0.03403921564546307, 0.03774453740094472, 0.8802268691940832, 0.04798937765948808], [0.09017901422056236, 0.1437054133301524, 0.15240863310572883, 0.613706939243551], [0.06077402345079644, 0.19748719942473042, 0.5790467687079667, 0.16269200831648897], [0.06267583567074544, 0.3011370329248073, 0.3884388056878539, 0.24774832561657528], [0.035483734819716894, 0.04880971768324036, 0.8190304009565641, 0.09667614644046754], [0.04558823984741669, 0.09111210871966484, 0.23696910929896145, 0.6263305420339602], [0.04011347208844432, 0.07402108142093684, 0.7462755045571, 0.13958994183349852], [0.045514616906422445, 0.09105831602587444, 0.3369856142827654, 0.5264414526849543], [0.06542249904347876, 0.1392486839600963, 0.7297218048362274, 0.06560701206020998], [0.10124592245362525, 0.42156801500294483, 0.1358407866499101, 0.34134527579352025], [0.0419017701771624, 0.04388773775443383, 0.8699005274937631, 0.044309964474643644], [0.09500990082949333, 0.12361741172900104, 0.10009958068277998, 0.6812731066587084], [0.06072231328123099, 0.059782305431234084, 0.6602241233682999, 0.21927125781921777], [0.05751669456666974, 0.05850146331759357, 0.43433595345830905, 0.44964588855741744]], "ideal": "B", "sampled": "A", "correct": false}}
{"type": "result", "data": {"idx": 2, "options": ["325 CE", "119 CE", "451 CE", "596 CE"], "probs": [[0.16290306810618452, 0.31205907807750854, 0.21421775631714438, 0.31082009739914984], [0.1410307154399514, 0.2722101678801107, 0.44289958459845646, 0.14385953198147367], [0.14046894017198075, 0.23922347721251974, 0.35451378406364914, 0.26579379845186474], [0.13890396195426724, 0.24603111780449247, 0.44675208250387866, 0.16831283763736343], [0.15167764690230623, 0.41130026571622613, 0.3164000034011821, 0.12062208388029749], [0.16098083462232957, 0.4363205252249965, 0.2157428938011374, 0.1869557462515249], [0.18509186089519192, 0.24187839078490303, 0.2452212153234759, 0.32780853289642325], [0.16585466127581797, 0.1958151556016612, 0.5028519154477258, 0.13547826757477158], [0.1687341386879765, 0.3256614177633649, 0.21915839405443513, 0.2864460493942203], [0.1614335768802916, 0.3008336939387769, 0.4354312187137929, 0.10230151036713094], [0.18274498506477788, 0.44386879187375244, 0.23369198221363624, 0.1396942407478235], [0.1799495975927526, 0.4238226644354665, 0.25971490788282964, 0.1365128299889309], [0.2318045391497644, 0.1956725546457351, 0.32443918407234223, 0.2480837220321526], [0.20819646411678924, 0.19299379121728968, 0.4325401952745926, 0.16626954929133064], [0.24230496148806027, 0.3178465383631805, 0.16590889690749186, 0.27393960314126786], [0.22176661172332898, 0.2910030358908729, 0.3863951882570573, 0.10083516402875987], [0.25323333148026056, 0.3868277948113529, 0.19804224010378488, 0.16189663350460848], [0.24288014912322878, 0.36655862845466963, 0.29533115346772243, 0.09523006885438391], [0.3920454247018642, 0.20723631344890092, 0.27710684797041046, 0.12361141377881753], [0.43894575842087713, 0.2282366881452713, 0.13700061629964935, 0.19581693703420203], [0.4270511241067389, 0.30105386399889567, 0.14646051197798796, 0.12543449981636104], [0.3861685735114719, 0.28416449793688725, 0.20846048669344108, 0.12120644175818666], [0.3970396886718005, 0.2590634739724378, 0.16112069198192314, 0.1827761452738479], [0.3695831127147953, 0.23459195983784392, 0.2914051880494331, 0.1044197392979075]], "ideal": "D", "sampled": "D", "correct": true}}
{"type": "result", "data": {"idx": 3, "options": ["Akitu", "Wag and Thoth", "Bast", "Nehebkau"], "probs": [[0.939581866029995, 0.029531842938788702, 0.014534427057029675, 0.01635186387416518], [0.9422639303133483, 0.027974891225532355, 0.01584670326042941, 0.013914475100670117], [0.9339719443749624, 0.02885016910348126, 0.017085301917313923, 0.02009258450422879], [0.933926984519199, 0.029227187025487135, 0.016375327566316707, 0.020470500788980255], [0.931567250663991, 0.036825197675024186, 0.016322452709891917, 0.015285098851087586], [0.9267078115639285, 0.04064084608015232, 0.015065361160678836, 0.017585981095231008], [0.05248088871914579, 0.8820852895236696, 0.030107890230444648, 0.035325931426716875], [0.048726591701841425, 0.8857196950927181, 0.03866496601902535, 0.026888747086400915], [0.03236584365348343, 0.020695886855520155, 0.8913951114415839, 0.055543157949413856], [0.02418923524537534, 0.016413434055983576, 0.02143067039093959, 0.9379666602076798], [0.03380635136720755, 0.018758812304843275, 0.9169582342540695, 0.03047660197386542], [0.0293679980699635, 0.020056545653254727, 0.026269724406302913, 0.9243057317704685], [0.04877455738727249, 0.8794862543040561, 0.03030742948227659, 0.041431758726411264], [0.04998838848420271, 0.8754287555447512, 0.035003340392111074, 0.03957951547893051], [0.033996282130075, 0.018554762236121854, 0.8937146501977662, 0.05373430533603782], [0.023174961357842583, 0.016776540169864684, 0.023730936275842378, 0.936317562096432], [0.043172596913465026, 0.02094107009459932, 0.8950180548593378, 0.040868278032587274], [0.02317686196120787, 0.017819910047534887, 0.02246901500451394, 0.9365342128867458], [0.0761035720700925, 0.8819184150140507, 0.023436407886735258, 0.018541604929109223], [0.08053528507725326, 0.8720729502357679, 0.024752654686562712, 0.022639109900395228], [0.048867367337126606, 0.020871980235173185, 0.9043010181436276, 0.025959634184083542], [0.046087279620402634, 0.023000195764081074, 0.02562489552165832, 0.9052876289938758], [0.059059945595644994, 0.023094778538394246, 0.8784943943347429, 0.0393508814311988], [0.04258878355339447, 0.018738120579378712, 0.023421071123273664, 0.9152520246439482]], "ideal": "A", "sampled": "A", "correct": true}}
{"type": "result", "data": {"idx": 4, "options": ["Zazen", "Tariki", "Kami", "Ikebana"], "probs": [[0.0355682870116816, 0.015245288541186982, 0.020784077466822107, 0.9284023468803142], [0.04775595163750131, 0.018022148477193058, 0.9145056598144662, 0.01971623997083898], [0.04005572194314483, 0.016413110032278595, 0.017212798881837462, 0.9263183690427499], [0.05250343357607705, 0.019279327391131886, 0.9129822551031403, 0.015234983829627352], [0.05441763910162984, 0.8974477976148282, 0.025778219565669325, 0.022356343617866495], [0.0600342625706613, 0.8944809686098446, 0.02512072318131055, 0.020364045538171203], [0.03951793357330656, 0.016823463327237866, 0.023386137815852158, 0.920272465183584], [0.044141693266895786, 0.016782741591929867, 0.9208069372226864, 0.01826862781848383], [0.04811412741108696, 0.01949072738391054, 0.02003952691468213, 0.9123556181903276], [0.05829909618118395, 0.02250426399743529, 0.9020671011409154, 0.01712953858048211], [0.0677026904077932, 0.8946226388453173, 0.02195256911971806, 0.015722101527198256], [0.07377095006292593, 0.8910315608390278, 0.01952139158517794, 0.015676097412869336], [0.041368462479292004, 0.019115105680435385, 0.024405838517804153, 0.9151105932224777], [0.047907610339462545, 0.021602275221362974, 0.9121757378266174, 0.01831437651257188], [0.04680647993883085, 0.019374405940255898, 0.02175832646344285, 0.9120607875574666], [0.060602889060892624, 0.024111795840862857, 0.893752608980166, 0.021532706018083318], [0.05805168037546209, 0.8999772316468183, 0.025317116605545496, 0.016653971272177256], [0.05915007711152285, 0.8990109699492197, 0.024259205206267676, 0.017579747632973097], [0.9796525300627135, 0.011113442558845908, 0.005405948515387691, 0.003828078763070825], [0.9787759447692155, 0.012155750694456765, 0.0052576392821313, 0.0038106651542162847], [0.9796270472518274, 0.011563412219992374, 0.00545212847548097, 0.0033574119526921793], [0.9793426173620982, 0.012188142968022704, 0.004844086533065924, 0.003625153036821423], [0.9800180715166481, 0.011275481401574677, 0.00543828909439949, 0.003268157887400298], [0.9798482146650919, 0.011608270374420903, 0.005103137703802508, 0.0034403771566864976]], "ideal": "D", "sampled": "D", "correct": true}}
{"type": "result", "data": {"idx": 5, "options": ["Harmony and balance", "Devotion and piety", "Love and passion", "Goodwill and love"], "probs": [[0.9423757965567309, 0.02463937454290849, 0.015018444366060172, 0.017966384434310093], [0.9098436619810824, 0.03415148795265122, 0.033071544352992505, 0.022933305613282464], [0.9189651895876683, 0.021411192095973013, 0.027748543578003836, 0.03187507463837267], [0.9296604973556452, 0.020456333312238978, 0.0244873536656135, 0.025395815566525533], [0.9097544162866352, 0.03214979622081856, 0.03573221979389451, 0.02236356759866654], [0.9410549673658076, 0.025553353207515655, 0.01623231799057524, 0.01715936133610652], [0.514267690833909, 0.3230975835684957, 0.044469402770155673, 0.11816532272744538], [0.38414927035135576, 0.3649774690921732, 0.15160798403980705, 0.09926527641667847], [0.28451976212948366, 0.05997644466520536, 0.4549287379324689, 0.20057505517284382], [0.6429632935694517, 0.08257978544998339, 0.0680506193332383, 0.2064063015473073], [0.23902799304708752, 0.07249427707404098, 0.5897517199159097, 0.09872600986296734], [0.659203499717881, 0.14000946839626674, 0.04231750067872453, 0.15846953110714443], [0.05281403237236153, 0.06113705549262725, 0.7067870994103636, 0.17926181262466112], [0.05975413818945886, 0.25724799424639005, 0.38438281542412034, 0.29861505204006183], [0.048533370457235284, 0.053386254519430534, 0.702366695817843, 0.19571367910549384], [0.06299333109882492, 0.260481207441095, 0.3713030115265185, 0.30522244983357094], [0.05195335220847736, 0.06150604074868231, 0.6670824154723911, 0.21945819147046194], [0.055097766556437354, 0.06974033826094278, 0.6628822775865476, 0.2122796174960667], [0.28845165590571265, 0.305564835775769, 0.3237978458207011, 0.08218566239779793], [0.3941343715370126, 0.42697731302645703, 0.05946953756499808, 0.1194187777715314], [0.1933486633102073, 0.05438509248707556, 0.6714748119989633, 0.08079143210376631], [0.5906779707899213, 0.18368163976743695, 0.04075877374648938, 0.18488161559617095], [0.37376864993517606, 0.047637395935220254, 0.4314723934433135, 0.1471215605862823], [0.5738427293255937, 0.06552552869860302, 0.15537094613310687, 0.20526079574267386]], "ideal": "A", "sampled": "A", "correct": true}}
{"type": "result", "data": {"idx": 6, "options": ["Shabad", "Khalse", "Nam", "Guru"], "probs": [[0.9152743945798195, 0.013077255355379075, 0.015860975025502166, 0.05578737493932482], [0.9536433378256065, 0.013317165372488166, 0.01471587549252241, 0.018323621209368184], [0.9353795747898537, 0.024758143314370585, 0.010672373854787462, 0.029189907941003457], [0.9476416879134448, 0.027028675135490204, 0.01614029741562472, 0.00918933943543281], [0.9543413154853789, 0.021565085043753107, 0.010466299427880152, 0.013627299942993826], [0.947838857116471, 0.02304770844430306, 0.018095752512188323, 0.011017681827059199], [0.024902388400988136, 0.8808686039185181, 0.032226164399660424, 0.06200284318081497], [0.03081093790193242, 0.9238504961605133, 0.02794235019549895, 0.017396215642036764], [0.024791370580042594, 0.023707555077476256, 0.8880463053354282, 0.06345476890704524], [0.04346271073375627, 0.11346661391341999, 0.1080565158431176, 0.735014159409699], [0.032380357394033846, 0.027170156842190932, 0.8861745066376822, 0.05427497902608091], [0.04082000973262183, 0.051704662216562385, 0.05609261597774792, 0.851382711973071], [0.09743851772266257, 0.8516718595015078, 0.018404792428474214, 0.032484830247361846], [0.11141227442550565, 0.8517513050767602, 0.026754053887900985, 0.010082366509852642], [0.06294814579993158, 0.02156202291248518, 0.8280591222005378, 0.0874307089870403], [0.4114150660453764, 0.03910778903043781, 0.06395819065927576, 0.48551895416490026], [0.12393757135453942, 0.037471483021949026, 0.8060111516356727, 0.032579793887852315], [0.40794363512315324, 0.05893935426480644, 0.024781942333510623, 0.5083350681785639], [0.07357980385176012, 0.889174220465339, 0.019124752267711004, 0.01812122331518145], [0.08125276652074061, 0.8635158427880376, 0.04040261704732647, 0.01482877354389063], [0.054500909205318714, 0.02154639978784592, 0.8684516140930757, 0.05550107681375953], [0.13837975428226035, 0.03463201398553183, 0.08131413390302177, 0.7456740977291825], [0.07541651168911777, 0.048322986100318495, 0.8523598355035081, 0.023900666607056937], [0.19546176757155992, 0.1617009610535359, 0.03427310685136134, 0.6085641644235548]], "ideal": "A", "sampled": "A", "correct": true}}
{"type": "result", "data": {"idx": 7, "options": ["Muhammad's miraculous ascent to heaven", "Muhammad's migration to Mecca", "Muhammad's first community in Mecca", "Muhammad's revelations of the Qur'an"], "probs": [[0.9461691527347268, 0.018229210742748286, 0.017412714125986637, 0.018188922296548952], [0.9596913690747833, 0.01595064748898788, 0.012573775737426818, 0.011784207598788827], [0.9308946102362654, 0.014956222229891729, 0.026395633162855606, 0.027753534270996943], [0.9440964283143313, 0.013732358510812028, 0.020402040988999462, 0.02176917208583698], [0.9497162621134272, 0.013357346270846044, 0.021309277469523238, 0.015617114046186088], [0.9507659201802934, 0.016466543972843584, 0.016050220120841913, 0.016717315626038978], [0.03175047007398302, 0.8221220407201184, 0.06756882386591731, 0.0785586652399992], [0.03805957567383409, 0.8480819503930168, 0.05202504698950774, 0.06183342684362349], [0.013862284437009875, 0.006948365334857464, 0.9091631388166895, 0.07002621131145839], [0.015426527297264202, 0.01003192507125688, 0.023833556379850115, 0.9507079911516206], [0.015950326112027534, 0.006134612435929874, 0.9199548825764807, 0.0579601787755641], [0.014766607470753087, 0.008677262070778024, 0.024677638224707865, 0.9518784921337794], [0.030139661537721615, 0.7765687183124926, 0.08386440644794817, 0.10942721360182342], [0.040009300602326076, 0.7968263468686854, 0.059504563849268645, 0.10365978857969532], [0.01175334570230182, 0.007821137398308958, 0.9046446936936146, 0.07578082310576026], [0.013202611658348911, 0.01081366301833099, 0.022530163477131864, 0.953453561746181], [0.014379543815574151, 0.008119945147096278, 0.9029555407517008, 0.07454497018564336], [0.012309755465674784, 0.008799620661665248, 0.026665416031111132, 0.9522252077415704], [0.028728892034952613, 0.8430495090062504, 0.072193709481234, 0.05602788937757271], [0.03710226706031328, 0.8448050482426911, 0.05723911022279391, 0.06085357437418745], [0.010922416311597957, 0.00776249296061674, 0.9177514027425577, 0.06356368788523756], [0.010007696209919136, 0.009395455629346969, 0.02290717737734514, 0.9576896706834112], [0.013455358906951168, 0.005769664192309592, 0.9159607987534641, 0.06481417804729481], [0.013014080187262538, 0.007181896351326686, 0.025570388244238837, 0.9542336351171701]], "ideal": "A", "sampled": "A", "correct": true}}
{"type": "result", "data": {"idx": 8, "options": ["Laws of Dharma", "Laws of Karma", "Laws of Vishnu", "Laws of Manu"], "probs": [[0.08036642214912848, 0.045784174856011814, 0.026514613769957708, 0.847334789124912], [0.03464238472775566, 0.027125964762668084, 0.8737186131491181, 0.06451303726045762], [0.059342028938804234, 0.036205358065154, 0.02437466668870485, 0.8800779462073459], [0.02582019983153163, 0.020867314518586248, 0.9088431915958645, 0.04446929395403494], [0.10223584594518126, 0.8728249828029423, 0.010795794101710911, 0.014143377050181285], [0.07594869118199124, 0.8799245017497764, 0.02392999971870857, 0.020196807249541985], [0.04223409888031508, 0.18317249611760897, 0.03255382703355825, 0.7420395778685202], [0.022703637281208538, 0.029692012716865956, 0.8797037187329149, 0.06790063116901283], [0.019573925143859052, 0.02137383178693186, 0.3006764311102747, 0.6583758118589429], [0.016633862184238082, 0.017253877597554264, 0.8971816115069937, 0.06893064861123184], [0.046636515510397006, 0.7613924089111983, 0.14062874831252656, 0.05134232716585982], [0.04964598870158113, 0.7355194430078063, 0.035490782636330015, 0.1793437855542738], [0.05087368289041128, 0.06351760000966968, 0.02456163271599801, 0.861047084283924], [0.021416835374003882, 0.02550865862924121, 0.9073407367903091, 0.045733769106446616], [0.024264734013555295, 0.027582300571656813, 0.31350306680761303, 0.6346498985071864], [0.017515096095527483, 0.01977343220169569, 0.8987310028554686, 0.06398046874732777], [0.07355833283513245, 0.8158378007230335, 0.05732806385368908, 0.05327580248812484], [0.10232026487950273, 0.7379068474174227, 0.018423017193720723, 0.1413498704093477], [0.9677986559384478, 0.018632864590620222, 0.0069553100145703945, 0.006613169356341251], [0.9520752717178761, 0.024425355699936434, 0.011189887837718102, 0.012309484644460243], [0.9411343867792805, 0.02814045425511561, 0.016513993377106944, 0.014211165488473497], [0.9182044331490605, 0.027942918140120867, 0.009782524981096842, 0.04407012362971226], [0.9324788089676862, 0.03627408564852614, 0.012735962704151864, 0.018511142579630224], [0.93018951464461, 0.03240350982471934, 0.00788847124063737, 0.02951850419004493]], "ideal": "D", "sampled": "D", "correct": true}}
{"type": "result", "data": {"idx": 9, "options": ["The Holy Book", "The Narrative", "The Recitation", "The Pillars"], "probs": [[0.07377325862561897, 0.010764991915286735, 0.8984846815254803, 0.01697706783362805], [0.6566465229764513, 0.037423840128787446, 0.01743665181212145, 0.28849298498265635], [0.14152071303038372, 0.7841954714389899, 0.05983944554685103, 0.014444369883792505], [0.13533011779870638, 0.8077545388595863, 0.03046960745757235, 0.02644573578413591], [0.7070703167978855, 0.010354511399705172, 0.03659072531289776, 0.24598444638949554], [0.0992576163485414, 0.006543633393236996, 0.8375965210276499, 0.05660222913054895], [0.05705869217495027, 0.4069429725531663, 0.5237308134899727, 0.012267521681931083], [0.05558931224118452, 0.8904648060020505, 0.0213656706053495, 0.03258021105140389], [0.059544120462774915, 0.1081296889041912, 0.8213310996731256, 0.010995090859905104], [0.061360864014454, 0.7153524947107283, 0.023142574183702618, 0.2001440669911133], [0.03006926999693783, 0.0036831592594810153, 0.9307511582958911, 0.03549641234769632], [0.03243995938227301, 0.002930790842276151, 0.6766059912838657, 0.28802325839156784], [0.1657436820698735, 0.7923742197135043, 0.030190575951161442, 0.011691522165452483], [0.15261679866157107, 0.8075273651001059, 0.023259293820028025, 0.016596542318316896], [0.15856067637325852, 0.012766635919527168, 0.8146652698587659, 0.014007417748449139], [0.6555861073266596, 0.026940056030133372, 0.01687285132868851, 0.30060098521451695], [0.07859542296975625, 0.007068421691871193, 0.8852177768203815, 0.02911837841799407], [0.6611674445456743, 0.012936174006000754, 0.027298017792928796, 0.29859836355539293], [0.026457484052391806, 0.8933322952233866, 0.041029552704790626, 0.03918066791942077], [0.0244110708707863, 0.776037986688633, 0.16133692889411935, 0.038214013446446295], [0.016657651120541878, 0.005562184699970578, 0.9432139885663121, 0.03456617551319371], [0.011439606304607464, 0.0042317708135036, 0.7834566573133408, 0.20087196546852795], [0.02438543293038097, 0.015251875420535976, 0.9355897909742767, 0.024772900574827377], [0.02651422477521191, 0.43468734957849536, 0.05608930564552788, 0.482709119900748]], "ideal": "C", "sampled": "A", "correct": false}}
{"type": "result", "data": {"idx": 10, "options": ["Mother of Light", "Father of Goodness", "Ineffable Lover", "Eternal Spirit"], "probs": [[0.1849307490663941, 0.26237045851190977, 0.130541932984944, 0.42215685933674546], [0.1111870542517972, 0.09530632368874466, 0.5625094944938326, 0.23099712746559908], [0.1720060239872537, 0.08744391837915637, 0.31267406279539534, 0.42787599473818466], [0.17842606351041268, 0.08170050093846618, 0.44875321162522763, 0.2911202238259067], [0.14809026294622546, 0.1943736551498877, 0.44192119412969516, 0.2156148876742027], [0.19679285761026527, 0.34210853846851946, 0.1569479739300277, 0.30415062989118063], [0.15539140530493017, 0.5582369056115676, 0.1343808640324933, 0.1519908249510014], [0.129177811537958, 0.4678757901888837, 0.23559406979328687, 0.16735232837986422], [0.1894001314052758, 0.13745180077460856, 0.49711734613483427, 0.17603072158527538], [0.16216810474984936, 0.14091259651567464, 0.3726450933100121, 0.3242742053244391], [0.17604267260071732, 0.33493522562157807, 0.3625207747283359, 0.12650132694935642], [0.16691894261794477, 0.3582127987967425, 0.16999775858971003, 0.3048704998955911], [0.10546096161274371, 0.15690840375640813, 0.3085916617676814, 0.42903897276315833], [0.10852871189595824, 0.17259447915082377, 0.4327387759252535, 0.2861380329279703], [0.09221316212945753, 0.19257014874702585, 0.4482884308469759, 0.26692825817655336], [0.06410803004559858, 0.0917574436051525, 0.5646111541341508, 0.27952337211508604], [0.14353204689423882, 0.38050557794960727, 0.18211477698862935, 0.29384759806753835], [0.0751031580387943, 0.14848751195539592, 0.3887605943860525, 0.3876487355197686], [0.2694588792415528, 0.18949191430733697, 0.2893361803211199, 0.2517130260299909], [0.3527351863190263, 0.27253446040261786, 0.12881630067165425, 0.2459140525067033], [0.17671149594244792, 0.34680087636569, 0.3460036285871681, 0.13048399900469695], [0.1670802789033724, 0.400140175179014, 0.14801120446699317, 0.284768341350631], [0.38582003180583185, 0.24341760481593214, 0.129762416233302, 0.2409999470449301], [0.19946049098378615, 0.1823429777814993, 0.16270673864850846, 0.4554897924862032]], "ideal": "B", "sampled": "D", "correct": false}}
{"type": "result", "data": {"idx": 11, "options": ["Bushido", "Shinto", "Nichiren", "Soto Zen"], "probs": [[0.05521691250788484, 0.05166525416947377, 0.257611837627154, 0.6355059955954689], [0.04566782087979466, 0.025837324450537623, 0.8527349522048809, 0.07575990236477698], [0.062419302899610445, 0.09400970813936196, 0.057792441018212425, 0.7857785478428153], [0.06418325703378547, 0.055259565303026933, 0.8324379721894763, 0.04811920537372008], [0.10253720541020467, 0.7516174986282087, 0.04910208363214332, 0.09674321222944836], [0.08610952491923572, 0.7496629277027633, 0.10228636892023589, 0.06194117835776267], [0.05800157217808304, 0.0375464969293437, 0.2609510615793987, 0.6435008692132016], [0.052523142765009634, 0.02913177673507898, 0.8128927928585242, 0.10545228754139321], [0.07653978751165255, 0.09842192457328149, 0.03388757635630047, 0.7911507114587477], [0.07558919154275999, 0.08800129325127337, 0.770716242830737, 0.06569327227522363], [0.12104326689672905, 0.5136991297093161, 0.07143395205603478, 0.2938236512379352], [0.12004563764549965, 0.5956701450677013, 0.18887838420774403, 0.09540583297904552], [0.09666728809950044, 0.04251262711928237, 0.1438617136125136, 0.7169583710687093], [0.08914107904095644, 0.03852935552530875, 0.8067016612687737, 0.06562790406496673], [0.1472871903858714, 0.047114907458025886, 0.042942234490986636, 0.762655667565122], [0.1206916365925973, 0.04462853858894531, 0.7688630006550891, 0.06581682406336373], [0.19637614982014093, 0.6271461946943917, 0.07287771441791221, 0.10359994096757268], [0.20663739023751332, 0.6366686419457791, 0.059727927326848076, 0.09696604038983715], [0.7384203430702846, 0.05873169677513523, 0.05146708850029928, 0.15138087155428914], [0.7554646443320777, 0.06251916613143227, 0.1145892997633862, 0.06742688967308688], [0.8191887890949856, 0.023775368736587515, 0.0361233845601704, 0.12091245750826841], [0.8304697169119468, 0.029212128837881827, 0.08754722629799157, 0.05277092785218911], [0.8729408522612289, 0.06489204180355945, 0.02517795533404403, 0.03698915050116365], [0.8595431415570035, 0.079651924928854, 0.02189276158722179, 0.03891217182690203]], "ideal": "D", "sampled": "D", "correct": true}}
{"type": "result", "data": {"idx": 12, "options": ["Sangat", "Langar", "Gurdwara", "Panth"], "probs": [[0.07166857441050017, 0.8976521191112536, 0.022679030766445674, 0.008000275611800235], [0.07748037784616175, 0.8755137968852613, 0.015265619852642848, 0.03174020531592877], [0.04409900068552262, 0.03161861915910319, 0.9094690554300228, 0.014813324625376257], [0.06113474793627677, 0.054100512795290795, 0.01711527561920134, 0.8676494635492117], [0.035385653135410526, 0.007437227162955567, 0.8908213764142043, 0.06635574318743921], [0.04133425620305685, 0.01113875360647015, 0.02945112255863732, 0.9180758675318147], [0.9677483870007844, 0.012470502081053762, 0.01553146788062445, 0.004249642937554002], [0.9569998233579744, 0.012227949082387347, 0.01000002026427726, 0.02077220719536252], [0.9595596705703617, 0.021174907488074844, 0.014876925543595352, 0.004388496297946611], [0.9545654174726668, 0.023864373865969093, 0.011913291422655061, 0.009656917138704632], [0.9480304811751772, 0.009465469217340717, 0.015519085479293242, 0.02698496402819685], [0.956881648422502, 0.011195810663349192, 0.018700424286460793, 0.013222116527712222], [0.04719788382971216, 0.025617286983764916, 0.9125258819548622, 0.014658947131651213], [0.057339091536885406, 0.026910090724089616, 0.01355958042565145, 0.9021912372133845], [0.05902324185513698, 0.9143790645013947, 0.01964779076746334, 0.00694990277600578], [0.06549432155050698, 0.9064710390427525, 0.013236697278534498, 0.01479794202821238], [0.05209447975811889, 0.012793359730615005, 0.03651010164225337, 0.8986020587690094], [0.041356962199876675, 0.009929858346922203, 0.9045111092083205, 0.044202070144861876], [0.018366807491027023, 0.0175170822646075, 0.8955551985248568, 0.0685609116195156], [0.018325288550592414, 0.021033616977694784, 0.027468527580274103, 0.9331725667914185], [0.0346659817923704, 0.869814568512938, 0.03104334418872185, 0.06447610540595033], [0.037532475369616604, 0.8968381705601963, 0.03195205430350249, 0.03367729966669209], [0.02104352330561785, 0.02889690818769691, 0.035037784340337566, 0.9150217840663333], [0.02022680318009417, 0.024339961291240494, 0.9060985890756291, 0.049334646353013926]], "ideal": "B", "sampled": "B", "correct": true}}
{"type": "result", "data": {"idx": 13, "options": ["Buddhism", "Daoism", "Confucianism", "Shamanism"], "probs": [[0.11868648699265756, 0.549401685058402, 0.1552147587203252, 0.17669706912862254], [0.10696712603818419, 0.44197781122498214, 0.3844113805854843, 0.06664368205134476], [0.09539805780766619, 0.06944426560369593, 0.6255387069642724, 0.2096189695243544], [0.08231545380122442, 0.0556024934456502, 0.30046239651719203, 0.561619656135942], [0.08410074140482898, 0.18030994495174127, 0.6727258248497262, 0.06286348869370634], [0.10183405737683243, 0.3102427765201252, 0.10660088983621485, 0.4813222761668198], [0.3418171413242007, 0.3780989281802153, 0.13181225335178387, 0.14827167704379174], [0.29963587669838126, 0.3380319031921869, 0.2813019171028294, 0.08103030290659957], [0.34315114867297175, 0.12234948547752723, 0.32464785371120497, 0.20985151203829547], [0.29422295212862304, 0.11702880511259829, 0.28060818657100195, 0.3081400560877689], [0.2651083278826777, 0.2618352442748881, 0.39312862251415875, 0.07992780522827322], [0.29977747248308734, 0.3540337457549574, 0.1137474496481593, 0.23244133201380152], [0.027442345896590423, 0.18076751982454783, 0.6028552778842413, 0.1889348562946313], [0.026490565828210286, 0.11360832670852064, 0.23994594980655645, 0.6199551575567378], [0.032319010865462336, 0.3668975961850158, 0.38370802158456835, 0.21707537126494778], [0.03002271921612736, 0.3253841295064679, 0.35678697483492244, 0.2878061763424966], [0.023432088666444573, 0.13049390382895396, 0.25380427199428396, 0.5922697354103111], [0.023545802123080543, 0.11041552732595811, 0.6436227655184555, 0.22241590493251562], [0.06295821212045785, 0.3239782472650274, 0.5460078050016025, 0.06705573551292816], [0.07600989073700234, 0.34190148202805465, 0.07541513975417323, 0.5066734873807872], [0.07195176414129337, 0.4896414857972365, 0.3691787081466206, 0.06922804181483973], [0.08717436636806213, 0.569657901343442, 0.09946653046390931, 0.24370120172458062], [0.06186962159331907, 0.05147313901731855, 0.14313075151988602, 0.743526487769474], [0.08014795488462444, 0.06491668716178822, 0.5148727278453965, 0.3400626300082024]], "ideal": "B", "sampled": "B", "correct": true}}
{"type": "result", "data": {"idx": 14, "options": ["Worship", "Submission", "Obedience", "Faith"], "probs": [[0.03081888654564026, 0.7855838322630122, 0.088489172301607, 0.09510810878973397], [0.03101166226086249, 0.7663323139407152, 0.10308941083904449, 0.0995666128593664], [0.018784029090331052, 0.01454956257213228, 0.8615128544378807, 0.10515355379963823], [0.013461791265441697, 0.012475403653066387, 0.31625071352694945, 0.6578120914545192], [0.023350924392492405, 0.02054933788386681, 0.8642530861759014, 0.09184665144775891], [0.017060982019907595, 0.026237107649667694, 0.07843707951660925, 0.8782648307137928], [0.8681243198095426, 0.010893636180148896, 0.042477023284981846, 0.07850502062535186], [0.8917307104936759, 0.01200121510647961, 0.04086836801998217, 0.055399706279851905], [0.8950495515922977, 0.020034973449079584, 0.021893060950697277, 0.06302241390794293], [0.8754205880058, 0.02110678536462422, 0.06707264965507759, 0.03639997687451878], [0.9192515076194698, 0.021382922931761188, 0.021210936566733448, 0.03815463278205449], [0.9123312337188411, 0.021092674047859472, 0.040803244083618635, 0.025772848049672788], [0.03210790573483972, 0.009125840851952338, 0.8511797644298835, 0.10758648888332235], [0.045151503082809345, 0.008804016845960714, 0.3382394063837036, 0.6078050735875365], [0.062100129230020305, 0.7845244501670505, 0.05712923002571812, 0.09624619047723765], [0.05334258149472994, 0.7016606515917023, 0.18473129578489833, 0.060265471028644595], [0.06895181484137274, 0.2011628358577437, 0.05998490138703625, 0.669900447813866], [0.039054420113148386, 0.04038602802957449, 0.8590296591800544, 0.06152989257723761], [0.040060161481458106, 0.008708725572684687, 0.8453609205378405, 0.10587019230799466], [0.060012493458055545, 0.007417584529057457, 0.0572993579236716, 0.8752705639892223], [0.057707957984759084, 0.8399643960835054, 0.04077587558655916, 0.061551770245194294], [0.05562086526088162, 0.8574216488256999, 0.057382379628980934, 0.029575106184433105], [0.06222055574413611, 0.026567182107572355, 0.03652270939673563, 0.8746895526515762], [0.035729918128874355, 0.015190913033874301, 0.8778070747564287, 0.07127209398082915]], "ideal": "B", "sampled": "B", "correct": true}}
{"type": "result", "data": {"idx": 15, "options": ["Suffering", "Soul", "Impermanence", "No-self"], "probs": [[0.010945791328102542, 0.008280287501654495, 0.012282417520144076, 0.9684915035500995], [0.013485096149689048, 0.00914115293886253, 0.916633176275381, 0.06074057453606015], [0.012596389919268433, 0.009325189351976338, 0.015245617175571402, 0.9628328034531936], [0.015238349953129345, 0.00885304343503896, 0.9411844909808985, 0.03472411553095303], [0.023259111013991716, 0.8846316651005908, 0.022897078547671455, 0.06921214523776423], [0.021948279059766606, 0.9129372195140415, 0.024916527508593814, 0.04019797381760622], [0.009710377019513883, 0.009020860929960272, 0.02031527750525073, 0.960953484445291], [0.012475388033079113, 0.010157337144210117, 0.9081050945003775, 0.06926218022231931], [0.011854678790640697, 0.010394977558706315, 0.01327474661904591, 0.9644755969316163], [0.01190896866835482, 0.010362289760802956, 0.9200767336816535, 0.05765200778919656], [0.02938297498684516, 0.8806663286521028, 0.01880218806422808, 0.07114850819682156], [0.022457380161975418, 0.891549624819587, 0.027778143642758088, 0.05821485127569005], [0.018010053782252837, 0.008961505048799914, 0.011837225685264251, 0.9611912153836589], [0.017864270949669938, 0.00707049905530208, 0.9517158877107311, 0.0233493421842966], [0.01582848149975096, 0.009037735039377577, 0.01228325934960335, 0.9628505240112463], [0.014445316605759572, 0.008570439913772812, 0.9311852452500322, 0.04579899813041094], [0.03786627104844407, 0.9169914150575585, 0.015664810692706234, 0.02947750310129953], [0.03522685978868599, 0.8941547449832429, 0.016948231261901984, 0.053670163866176436], [0.9576528153715241, 0.009666111854661543, 0.009567152006139622, 0.023113920667658328], [0.9688055493711596, 0.0066942016696805015, 0.010541528956323922, 0.013958719902843015], [0.9547780290760832, 0.012526648367379026, 0.010532964987009648, 0.022162357469511736], [0.9549348914605671, 0.010322742775208496, 0.013844444407295736, 0.020897921256924717], [0.9690969381010754, 0.01268858753606681, 0.00730176443835727, 0.010912709824496186], [0.9514622590965626, 0.017546490449831573, 0.0074884892869518955, 0.023502761066660268]], "ideal": "D", "sampled": "D", "correct": true}}
{"type": "result", "data": {"idx": 16, "options": ["Spiritual narratives", "Redemption narratives", "Birth narratives", "Theological narratives"], "probs": [[0.12150401559213735, 0.060767266847978146, 0.7903921855697377, 0.027336531890145132], [0.4792210093891671, 0.1727532357530895, 0.03369149443240398, 0.31433426032533807], [0.40223008618896083, 0.5476785791874802, 0.036058509416410686, 0.014032825107132631], [0.40363456604526343, 0.5496323606658886, 0.03128371745100619, 0.015449355737836639], [0.5150544039465186, 0.10583489018696432, 0.05140656739424059, 0.3277041383722516], [0.10546739336076588, 0.04681033449366033, 0.8116614515675907, 0.03606082047797144], [0.08439356750281266, 0.04700297997764847, 0.8404899884676741, 0.028113463951849178], [0.18072022688610412, 0.21561572221849512, 0.043765184358845, 0.5598988664365405], [0.1870128767474077, 0.7464643483810547, 0.044427683680521066, 0.022095091091001082], [0.1801303350612946, 0.735077114977563, 0.05090241308404351, 0.033890136777093405], [0.20832152463461992, 0.18078873306115295, 0.05411191074553628, 0.5567778314587161], [0.09229168980261714, 0.05134391439020574, 0.8222025881408497, 0.03416180756633305], [0.9439582705488994, 0.03596285566241333, 0.013496053602388881, 0.006582820086308938], [0.9410071821450199, 0.03928233631271766, 0.012189304535612889, 0.007521176906659592], [0.9376525430707988, 0.04329249458133575, 0.011904827908925497, 0.00715013433891791], [0.9355694281149664, 0.04193536386201186, 0.013769375171216146, 0.008725832751783673], [0.9340926915202057, 0.043536594373884484, 0.013609387402477802, 0.008761326603443153], [0.9389086040353352, 0.03917645224441521, 0.013989742776689533, 0.007925200843583547], [0.2720127309679453, 0.22612583775852377, 0.061038088675767606, 0.44082334249776767], [0.08814943650324211, 0.05146104518568029, 0.8250795456185417, 0.035309972592561766], [0.2571350947256167, 0.2243547094577994, 0.04287702908494236, 0.47563316663163946], [0.10268399757454816, 0.05957012463639671, 0.8088764023511903, 0.028869475337884316], [0.22531930643434364, 0.7161568896564428, 0.03879517786040828, 0.019728625948789526], [0.22553423125534025, 0.7086450373383952, 0.04469203617977657, 0.02112869512649138]], "ideal": "C", "sampled": "C", "correct": true}}
