{"type": "result", "data": {"idx": 0, "options": ["k = 0 and n = 1", "k = 1 and n = 0", "k = n = 1", "k > 1"], "probs": [[0.23966497024585942, 0.2638850384737171, 0.2678727097569935, 0.22857728142340603], [0.2332487702401968, 0.26918877022945126, 0.2668322247846556, 0.23073023464570577], [0.23236777400124797, 0.27649123548720556, 0.25702874671317816, 0.23411224369837735], [0.24861258696595803, 0.2569495210145086, 0.2584939451093725, 0.23594394681017195]], "ideal": "B", "sampled": "D", "correct": false}}
{"type": "result", "data": {"idx": 1, "options": ["0", "1", "2", "3"], "probs": [[0.20491095028778233, 0.2224798214831448, 0.333871084719297, 0.23873814340976507], [0.2181942735027096, 0.2453989894434045, 0.3123450098409327, 0.22406172711296077], [0.24410959618574055, 0.2586151452391437, 0.30432434127356, 0.19295091720155338], [0.2474078034482895, 0.2713185170077946, 0.2784338094584961, 0.20283986998541326]], "ideal": "D", "sampled": "D", "correct": true}}
{"type": "result", "data": {"idx": 2, "options": ["n = 1 and r = 6", "n = 1 and r = 7", "n = 2 and r = 5", "n = 2 and r = 6"], "probs": [[0.23093980814706438, 0.2739856291543794, 0.2603517744408421, 0.2347227881577206], [0.22886420393477086, 0.2695919960902819, 0.2640141944812443, 0.23752960539370616], [0.23524514732143673, 0.2747515896471989, 0.26062748647643896, 0.22937577645491855], [0.23628639277275504, 0.2781007064490776, 0.2537264495036973, 0.2318864511744893]], "ideal": "D", "sampled": "D", "correct": true}}
{"type": "result", "data": {"idx": 3, "options": ["4", "8", "16", "2sqrt(2)"], "probs": [[0.2513258051780474, 0.27595034986171574, 0.26744205796601644, 0.20528178689422008], [0.2540115908361406, 0.2615420745151374, 0.28868833001325395, 0.19575800453546685], [0.2598127333489479, 0.28759876579655763, 0.25663177614107163, 0.19595672461344976], [0.2638150141412481, 0.2811098806297064, 0.2559944260349014, 0.19908067909413218]], "ideal": "A", "sampled": "D", "correct": false}}
{"type": "result", "data": {"idx": 4, "options": ["2/69", "1/30", "2/23", "12/125"], "probs": [[0.28112318533940994, 0.2774069796541472, 0.2701367384385395, 0.171333096467912], [0.2662555812990838, 0.2752395845177592, 0.28140884483532314, 0.17709598924783485], [0.2718100793739762, 0.2715137872977153, 0.278161408715869, 0.1785147245124605], [0.2713501504443732, 0.2815554063646987, 0.2794221002392375, 0.16767234285170468]], "ideal": "C", "sampled": "A", "correct": false}}
{"type": "result", "data": {"idx": 5, "options": ["(S, +, x) is closed under addition modulo 10.", "(S, +, x) is closed under multiplication modulo 10.", "(S, +, x) has an identity under addition modulo 10.", "(S, +, x) has no identity under multiplication modulo 10."], "probs": [[0.23754160734434004, 0.2523786944982901, 0.25904881072072705, 0.2510308873366187], [0.2369660190987005, 0.25252784458510313, 0.2613970231279843, 0.24910911308822814], [0.2317133477981672, 0.25399410314422544, 0.2613953559070659, 0.2528971930505572], [0.2295132456183443, 0.25570131163636495, 0.2621321487601562, 0.2526532938851516]], "ideal": "D", "sampled": "B", "correct": false}}
{"type": "result", "data": {"idx": 6, "options": ["12*sqrt(2)", "6*sqrt(2)", "4*sqrt(2)", "1/(2*sqrt(2))"], "probs": [[0.24635665518919134, 0.27303091072694835, 0.2574685543236042, 0.2231438796602664], [0.24626537438744708, 0.2750178026370174, 0.2560350689733932, 0.22268175390214093], [0.24492115385329802, 0.2747723164613652, 0.255548768555873, 0.2247577610294639], [0.2460260488302927, 0.2679305509824696, 0.2579899215453633, 0.22805347854187907]], "ideal": "C", "sampled": "C", "correct": true}}
{"type": "result", "data": {"idx": 7, "options": ["0", "10%", "25%", "50%"], "probs": [[0.23620538287780218, 0.2413056124996971, 0.30289155880830937, 0.2195974457141777], [0.24704663795489645, 0.2673992127915114, 0.29675164148196853, 0.1888025076716272], [0.2626161320671972, 0.29286530507317443, 0.2868130144319658, 0.15770554832764921], [0.25251020847481204, 0.2856834758929284, 0.27327213524447364, 0.18853418028780472]], "ideal": "C", "sampled": "D", "correct": false}}
{"type": "result", "data": {"idx": 8, "options": ["None", "I only", "II only", "III only"], "probs": [[0.26333799315424405, 0.25546167115136176, 0.2782015826513288, 0.20299875294306632], [0.28051489448924555, 0.2562471940760942, 0.27533442608724085, 0.1879034852474058], [0.3022649498633174, 0.25966251107956406, 0.27361581260177653, 0.16445672635534472], [0.28295731959634984, 0.2691909332991649, 0.27117883114378677, 0.1766729158606943]], "ideal": "C", "sampled": "D", "correct": false}}
{"type": "result", "data": {"idx": 9, "options": ["Every compact space is complete", "Every complete space is compact", "Neither (a) nor (b).", " Both (a) and (b)."], "probs": [[0.26114792976797174, 0.22653129375156666, 0.24761254812576283, 0.26470822825468554], [0.2950918393470637, 0.23897643781078987, 0.25359425888716003, 0.21233746385499358], [0.2586873488636344, 0.27930798718855915, 0.28910993618225767, 0.17289472766556005], [0.25527636199658726, 0.29637984558584374, 0.2680267457155605, 0.18031704660201225]], "ideal": "A", "sampled": "A", "correct": true}}
{"type": "result", "data": {"idx": 10, "options": ["10", "20", "25", "45"], "probs": [[0.25351846454841215, 0.24909123950809384, 0.2864923589205724, 0.2108979369229169], [0.25352486328885454, 0.26105022607988365, 0.2813640028972053, 0.20406090763405832], [0.26063389856556235, 0.26450531759348317, 0.28237746365488764, 0.1924833200860535], [0.2503431054971986, 0.2635011665085805, 0.2628007686826854, 0.22335495921152923]], "ideal": "D", "sampled": "C", "correct": false}}
{"type": "result", "data": {"idx": 11, "options": ["1/64", "15/64", "1/4", "3/8"], "probs": [[0.2575583442618702, 0.2692068152334729, 0.28103852674182206, 0.19219631366282622], [0.25483704651723554, 0.2691739944144447, 0.2739186850679357, 0.2020702739003857], [0.2553239094801659, 0.2637976775846877, 0.2832054746033031, 0.19767293823184742], [0.25581797053239197, 0.26722055982453363, 0.27880243961029155, 0.198159029932783]], "ideal": "B", "sampled": "A", "correct": false}}
{"type": "result", "data": {"idx": 12, "options": ["0", "1", "2", "3"], "probs": [[0.2334922066976108, 0.2426063380643496, 0.2923590581974557, 0.2315423969405918], [0.22994896188662492, 0.24895413184928367, 0.287965446525442, 0.23313145963865797], [0.23813219783343392, 0.2539584173049803, 0.29016324998819565, 0.2177461347733999], [0.23709081875484692, 0.26184122574867785, 0.2760634425113301, 0.2250045128851266]], "ideal": "A", "sampled": "A", "correct": true}}
{"type": "result", "data": {"idx": 13, "options": ["4", "7", "10", "13"], "probs": [[0.23724941553650114, 0.2573580294390442, 0.2754726232566528, 0.22991993166781952], [0.24305257884208537, 0.2603483424968095, 0.26992232857814996, 0.226676749982949], [0.24119028953077437, 0.26495586202011107, 0.27990230714203307, 0.21395154120708795], [0.24375501409562542, 0.26764570895937356, 0.2657341744272532, 0.2228651024177502]], "ideal": "B", "sampled": "A", "correct": false}}
{"type": "result", "data": {"idx": 14, "options": ["0.64", "0.72", "0.81", "0.95"], "probs": [[0.25236049611354905, 0.2540310561033092, 0.280217331349265, 0.21339111633385763], [0.25575096815775955, 0.26132429226017634, 0.2809201882612204, 0.20200455122083955], [0.257917445221645, 0.26275855275995247, 0.27697767459094463, 0.20234632732746494], [0.25428703636088873, 0.26083709709162234, 0.27823219767592855, 0.2066436687715551]], "ideal": "D", "sampled": "D", "correct": true}}
{"type": "result", "data": {"idx": 15, "options": ["I only", "II only", "III only", "I and II only"], "probs": [[0.2768063458035747, 0.26647820453742743, 0.257232649418194, 0.19948280014079958], [0.26211165346188514, 0.263749431184941, 0.266973500677308, 0.20716541457589005], [0.25015022667422393, 0.28146164375716176, 0.27443961861611443, 0.19394851085248455], [0.26385888915983724, 0.310673960730298, 0.24966937580308593, 0.17579777420678866]], "ideal": "D", "sampled": "A", "correct": false}}
{"type": "result", "data": {"idx": 16, "options": ["I only", "II only", "III only", "I and II only"], "probs": [[0.28444333711751957, 0.2562770412860765, 0.25168138172439447, 0.20759823977201156], [0.26708481210285007, 0.25480470947487516, 0.25290791678665053, 0.225202561535634], [0.2590656047434797, 0.27143557334113155, 0.26174514081157907, 0.20775368100382044], [0.27568118662943225, 0.29025489716135816, 0.244882107775031, 0.18918180833418496]], "ideal": "B", "sampled": "A", "correct": false}}
{"type": "result", "data": {"idx": 17, "options": ["-1/4", "-1/(4sqrt(2))", "0", "sqrt(2)"], "probs": [[0.25967461381306817, 0.2823053068827086, 0.2589345797208001, 0.19908549948344154], [0.2594918162412794, 0.27529038914414916, 0.25948788215557445, 0.20572991235899238], [0.25628703867309793, 0.26378160399048056, 0.25749875235022024, 0.2224326048862053], [0.27904105790852446, 0.27748930844707087, 0.2577743649205149, 0.18569526862388192]], "ideal": "C", "sampled": "B", "correct": false}}
{"type": "result", "data": {"idx": 18, "options": ["I and II only", "III only", "I and III only", "I, II, and III"], "probs": [[0.21573293745549763, 0.2621222682654384, 0.27925810213572466, 0.2428866920433228], [0.22504637263252258, 0.24810482286246408, 0.2949303244377954, 0.23191847996719817], [0.24064686599222274, 0.29241295612651763, 0.2562983961610288, 0.21064178162022887], [0.2591668221813242, 0.2740149275765134, 0.2508579760595728, 0.21596027408260735]], "ideal": "D", "sampled": "D", "correct": true}}
{"type": "result", "data": {"idx": 19, "options": ["3", "e", "sqrt(5)", "0"], "probs": [[0.24054861317891535, 0.281539221479232, 0.2610541986412709, 0.2168579666005865], [0.25227089748534554, 0.2790914371462592, 0.26325455784497936, 0.20538310742342875], [0.25397840619011025, 0.276649579476039, 0.25519608556914364, 0.21417592866472043], [0.23114563156329757, 0.2634668781114766, 0.28791779322220057, 0.21746969700303567]], "ideal": "A", "sampled": "B", "correct": false}}
{"type": "result", "data": {"idx": 20, "options": ["I only", "II only", "III only", "I, II, and III"], "probs": [[0.24658936523800767, 0.2576456295813407, 0.26843885668723216, 0.22732614839344137], [0.25951010623320026, 0.27605565100115276, 0.28173723687634145, 0.1826970057893127], [0.26764814888743166, 0.29370114754333104, 0.25956603645703874, 0.1790846670121961], [0.2805699418273832, 0.29146392560780615, 0.2541628345442215, 0.1738032979205888]], "ideal": "D", "sampled": "D", "correct": true}}
{"type": "result", "data": {"idx": 21, "options": ["None", "One", "Four", "Five"], "probs": [[0.23917291924458822, 0.23609520580343352, 0.27371791488003183, 0.25101395997195713], [0.2628024517361558, 0.2488489517204727, 0.2691418682166336, 0.21920672822672682], [0.30139741567323824, 0.26691292637405356, 0.2615719473461056, 0.17011771050659724], [0.29947586862726394, 0.27525387879300695, 0.24059671692503884, 0.1846735355546702]], "ideal": "D", "sampled": "D", "correct": true}}
{"type": "result", "data": {"idx": 22, "options": ["I only", "II only", "III only", "I and II only"], "probs": [[0.2669910562329902, 0.264262445371556, 0.25646701036572445, 0.2122794879297326], [0.2629301011672501, 0.2606865355757607, 0.26022797399501624, 0.21615538916195495], [0.2464405973191026, 0.27851220798978166, 0.2687865657591974, 0.2062606288319127], [0.2580158779477417, 0.30510893751666646, 0.24920951073722425, 0.187665673698366]], "ideal": "B", "sampled": "A", "correct": false}}
{"type": "result", "data": {"idx": 23, "options": ["2/81", "1/18", "2/27", "1/9"], "probs": [[0.25868718087713327, 0.27083994189009525, 0.26064135476610867, 0.20983152236666403], [0.2567317150977888, 0.27132635849999986, 0.2679720264447661, 0.20396989985744998], [0.25893206997703105, 0.27206092631575307, 0.26112980903308763, 0.20787719457412845], [0.2566992651666178, 0.27446951409361897, 0.26745058072761413, 0.20138063991216512]], "ideal": "A", "sampled": "D", "correct": false}}
{"type": "result", "data": {"idx": 24, "options": ["True, True", "True, False", "False, True", "False, False"], "probs": [[0.32964631593970817, 0.26476301957601556, 0.23014703206728093, 0.1754436323169999], [0.29474525040076605, 0.2794288942950811, 0.2281125996934566, 0.19771325551071497], [0.272051507435896, 0.27532389465808227, 0.2485357172668304, 0.2040888805391848], [0.28910026881172074, 0.2852648473763878, 0.23100437839514165, 0.194630505316772]], "ideal": "B", "sampled": "A", "correct": false}}
{"type": "result", "data": {"idx": 25, "options": ["I and II only", "I and III only", "II and III only", "III only"], "probs": [[0.25650790302416426, 0.2277940132691444, 0.26235757625736306, 0.25334050734931685], [0.2941642346163011, 0.2378371630843348, 0.2518812271416407, 0.21611737505771308], [0.2914438954992683, 0.23047857258228324, 0.2513611837833749, 0.2267163480350741], [0.25159247586895955, 0.20956882631274668, 0.26257089191282823, 0.27626780580546806]], "ideal": "D", "sampled": "C", "correct": false}}
{"type": "result", "data": {"idx": 26, "options": ["9/2 days", "5 days", "41/8 days", "36/7 days"], "probs": [[0.25377055688319167, 0.27788431405738057, 0.2608615483447587, 0.20748358061468491], [0.25141984574854576, 0.26919281481154694, 0.26779930415384856, 0.21158803518604063], [0.2589317111696953, 0.2759671972192523, 0.26748548381922566, 0.19761560769183054], [0.26185852370933943, 0.27498973804495985, 0.26749041020419884, 0.19566132794150679]], "ideal": "D", "sampled": "D", "correct": true}}
{"type": "result", "data": {"idx": 27, "options": ["1/2", "1", "sqrt(2)", "pi"], "probs": [[0.2718378855382939, 0.25982514205092483, 0.2483886030696105, 0.21994836924118003], [0.277275138394985, 0.26624185911753323, 0.2540729168138897, 0.20241008557357493], [0.28847933879047805, 0.2618133802890895, 0.23938364099054907, 0.21032363982987498], [0.2823706991027528, 0.26059382044700735, 0.26405968269009644, 0.19297579766013556]], "ideal": "A", "sampled": "D", "correct": false}}
{"type": "result", "data": {"idx": 28, "options": ["f has all of its relative extrema on the line x = y.", "f has all of its relative extrema on the parabola x = y^2.", "f has a relative minimum at (0, 0).", "f has an absolute minimum at (2/3, 2/3)."], "probs": [[0.24726927978142502, 0.2590047776763408, 0.2674371109667852, 0.22628883147543838], [0.25103317938491215, 0.2675310263524178, 0.24711064438476854, 0.23432514977789357], [0.24220456462575962, 0.2589507539442274, 0.25172010328175837, 0.24712457804825444], [0.248709124230144, 0.265087795737586, 0.25517709362997193, 0.23102598630229207]], "ideal": "A", "sampled": "B", "correct": false}}
{"type": "result", "data": {"idx": 29, "options": ["5", "6", "12", "15"], "probs": [[0.25519484735630027, 0.2512635084019391, 0.28279033392513164, 0.2107513102166306], [0.2571822314308669, 0.261791499059655, 0.27085910427344073, 0.21016716513603007], [0.2561722276290961, 0.2634711026677489, 0.2825468328006982, 0.1978098368024594], [0.26011168597986445, 0.26790072320560804, 0.2554697266741034, 0.21651786404041237]], "ideal": "B", "sampled": "C", "correct": false}}
{"type": "result", "data": {"idx": 30, "options": ["S(n0 + 1) is not true.", "S(n0 - 1) is not true.", "S(n) is not true for any n <= n0", "S(n) is not true for any n >= n0"], "probs": [[0.22967297571425088, 0.24645558813982846, 0.2567934361250815, 0.26707799992084363], [0.23740302404212146, 0.2599239977383362, 0.24973878252765302, 0.2529341955918779], [0.2437659108668834, 0.2535659767893714, 0.25633309349568695, 0.24633501874805722], [0.23801592807003605, 0.24123511932331856, 0.24826841199779268, 0.27248054050884335]], "ideal": "C", "sampled": "C", "correct": true}}
{"type": "result", "data": {"idx": 31, "options": ["(0, 0, 1)", "(3/7, 3/14, 9/14)", "(7/15, 8/15, 1/15)", "(5/6, 1/3, 1/3)"], "probs": [[0.27159879851891405, 0.24737279548939087, 0.2603522289785467, 0.22067617691315308], [0.27997197297827975, 0.255247445265584, 0.2626135034260459, 0.20216707823007019], [0.27749480218511463, 0.25375233464970315, 0.2572086641470074, 0.2115441989181669], [0.2728545988839897, 0.24898708162639574, 0.25330162233090764, 0.22485669705870273]], "ideal": "B", "sampled": "C", "correct": false}}
{"type": "result", "data": {"idx": 32, "options": ["For no such integer n", "For 3, 5, 7, and 11 only", "For 3, 5, 7, 9, and 11 only", "For 4, 6, 8, and 10 only"], "probs": [[0.26621125740963647, 0.2306568751981143, 0.2642590522513154, 0.23887281504092905], [0.29063893801664914, 0.24701261279840533, 0.24850366890538148, 0.21384478017956496], [0.2796450439898803, 0.23944109658822801, 0.2647456423694108, 0.21616821695248467], [0.2625461342327837, 0.2515344111252703, 0.24093354518509616, 0.2449859093568492]], "ideal": "B", "sampled": "C", "correct": false}}
{"type": "result", "data": {"idx": 33, "options": ["1", "2", "3", "4"], "probs": [[0.20601353260346494, 0.24653004096424141, 0.30187855088285914, 0.24557787544943022], [0.22814304341332456, 0.258157961776605, 0.2960559177628889, 0.21764307694716606], [0.23831455620391634, 0.2712498965782219, 0.28202928133900035, 0.20840626577888013], [0.2398695873877169, 0.27354428474665415, 0.27822566291902545, 0.20836046484658882]], "ideal": "C", "sampled": "D", "correct": false}}
{"type": "result", "data": {"idx": 34, "options": ["I only", "II only", "III only", "I, II, and III"], "probs": [[0.2483651824569669, 0.23743425142689054, 0.2663041262201207, 0.24789643979601939], [0.2525181004331392, 0.2558571281673488, 0.2840432815537915, 0.2075814897457105], [0.25937093888818047, 0.27368408000339695, 0.26107315298219996, 0.2058718280262282], [0.2764249640048248, 0.29194100725252153, 0.238894524209352, 0.19273950443331236]], "ideal": "D", "sampled": "D", "correct": true}}
{"type": "result", "data": {"idx": 35, "options": ["x^2 + y^2 + z^2 + 8 = 6y", "(x^2 + y^2 + z^2)^2 = 8 + 36(x^2 + z^2)", "(x^2 + y^2 + z^2 + 8)^2 = 36(x^2 + z^2)", "(x^2 + y^2 + z^2 + 8)^2 = 36(x^2 + y^2)"], "probs": [[0.23546337194348949, 0.24797607548196957, 0.2957662972739024, 0.2207942552006479], [0.22536153459430286, 0.2581334336909248, 0.30899437116367506, 0.20751066045110397], [0.23235109784309518, 0.2547478595169698, 0.30414352903828296, 0.20875751350164531], [0.2328391189488146, 0.251088670870615, 0.28581901610264077, 0.23025319397791666]], "ideal": "D", "sampled": "D", "correct": true}}
{"type": "result", "data": {"idx": 36, "options": ["y = 2x + 1", "y = 2x", "y = x + 2", "y = x + 1"], "probs": [[0.28920153276609767, 0.2710438402415581, 0.23947258233232369, 0.2002820445600391], [0.27995334195582317, 0.2666813403965587, 0.24841847357905636, 0.2049468439685679], [0.28393279393096316, 0.26381366586956206, 0.2594730000274035, 0.1927805400720544], [0.28340251542050215, 0.2696479949792362, 0.2613988354062602, 0.1855506540939943]], "ideal": "A", "sampled": "A", "correct": true}}
{"type": "result", "data": {"idx": 37, "options": ["2", "3", "4", "5"], "probs": [[0.21920604484142855, 0.2561678565801778, 0.29406674277381534, 0.23055935570458144], [0.233006980996987, 0.2681275368145492, 0.274531330050882, 0.2243341520375894], [0.23721807097369446, 0.2698995250652053, 0.2846165699705835, 0.20826583389050252], [0.2335913026947247, 0.26736412654582364, 0.2744954757995838, 0.22454909485988692]], "ideal": "A", "sampled": "C", "correct": false}}
{"type": "result", "data": {"idx": 38, "options": ["True, True", "True, False", "False, True", "False, False"], "probs": [[0.31351230224603205, 0.27388732415130157, 0.2337219350152671, 0.17887843848741475], [0.28508750701313296, 0.27253997967566346, 0.22972943654339364, 0.21264307666781915], [0.26128490742417204, 0.27984062332619747, 0.2483639265133256, 0.21051054263630578], [0.2725927614008476, 0.2920848921627813, 0.2349400663712486, 0.20038227996512264]], "ideal": "A", "sampled": "A", "correct": true}}
{"type": "result", "data": {"idx": 39, "options": ["1", "2", "3", "4"], "probs": [[0.22042121904367815, 0.2426252148438835, 0.294550044786154, 0.24240352122627357], [0.2394707098793062, 0.25690703056437636, 0.28747110996675596, 0.21615114948955505], [0.2532386558579831, 0.26981911015264315, 0.27546938395194925, 0.20147284993742887], [0.25131766349109447, 0.27155921158857205, 0.2747712455271095, 0.2023518792932184]], "ideal": "C", "sampled": "D", "correct": false}}
{"type": "result", "data": {"idx": 40, "options": ["the entire real axis", "a point", "a ray", "an open finite interval"], "probs": [[0.2621213148041402, 0.26673531320621807, 0.273128732674434, 0.19801463921518186], [0.23311373039543726, 0.24555117968616313, 0.30139127542580435, 0.21994381439258914], [0.25082288992735186, 0.26325647262256224, 0.30016999941621136, 0.18575063793386695], [0.2713729202582329, 0.28404078306001557, 0.2750502080743523, 0.1695360885073901]], "ideal": "B", "sampled": "A", "correct": false}}
{"type": "result", "data": {"idx": 41, "options": ["finite", "cyclic", "of order two", "abelian"], "probs": [[0.26279490183870907, 0.2881633201656434, 0.24851780862448472, 0.20052396927115662], [0.2556822052268079, 0.28495555966604874, 0.2657014415826695, 0.19366079342447926], [0.24801587559290664, 0.2991519540651203, 0.2527917814469118, 0.20004038879505953], [0.26059334533771183, 0.2852328166285589, 0.251084772130714, 0.20308906580300995]], "ideal": "D", "sampled": "D", "correct": true}}
{"type": "result", "data": {"idx": 42, "options": ["3", "4", "5", "8"], "probs": [[0.24576338353326938, 0.25171758422594126, 0.2764096419241486, 0.2261093902166589], [0.2530301626598581, 0.2617878999706138, 0.26353537037931624, 0.22164656689020953], [0.25006785378837976, 0.25321058495501164, 0.2820630872708378, 0.21465847388577977], [0.24603794971328746, 0.262003624309958, 0.2705830079097091, 0.2213754179670516]], "ideal": "D", "sampled": "A", "correct": false}}
{"type": "result", "data": {"idx": 43, "options": ["II only", "III only", "I and II only", "II and III only"], "probs": [[0.24595016578304846, 0.25396943644318026, 0.26791799453334264, 0.23216240314043976], [0.2545678172575587, 0.2689235589686501, 0.26969750867042563, 0.20681111500336002], [0.27093642656343225, 0.3026324973507091, 0.25137678057722945, 0.17505429540862363], [0.26318419003482313, 0.27948963822733036, 0.2538816448328674, 0.20344452680495423]], "ideal": "A", "sampled": "D", "correct": false}}
{"type": "result", "data": {"idx": 44, "options": ["1", "3", "5", "7"], "probs": [[0.25177826071455545, 0.2795857591997785, 0.2859659153714974, 0.18267006461417024], [0.2605712698280799, 0.28739974581923633, 0.28401280055524264, 0.168016183697442], [0.2652416291903988, 0.2901216139655953, 0.26939366826250005, 0.17524308848149484], [0.2708263559968044, 0.2790966096836474, 0.2713149837199476, 0.1787620504996029]], "ideal": "D", "sampled": "D", "correct": true}}
{"type": "result", "data": {"idx": 45, "options": ["True, True", "True, False", "False, True", "False, False"], "probs": [[0.3528448780657189, 0.2686889298292285, 0.23149114211019228, 0.14697504989484028], [0.3132711614165608, 0.2679245588612636, 0.24151952602359328, 0.17728475359859344], [0.2839081447351433, 0.27817002349183045, 0.25894914110950334, 0.17897269056352944], [0.29617116295270113, 0.2916302832942147, 0.2423666503784549, 0.16983190327463019]], "ideal": "A", "sampled": "A", "correct": true}}
{"type": "result", "data": {"idx": 46, "options": ["\u03c0/12", "\u03c0/6", "\u03c0/3", "2\u03c0/3"], "probs": [[0.2556820290942057, 0.28689730812896014, 0.2718135016907388, 0.18560716098611854], [0.25870824765663636, 0.2872429968316897, 0.2689838428160679, 0.18506491259559565], [0.2645040182863814, 0.2915718088037262, 0.26134603390175826, 0.18257813890814512], [0.2633515520239138, 0.28308608780529365, 0.27167142811251943, 0.18189093195826564]], "ideal": "B", "sampled": "D", "correct": false}}
{"type": "result", "data": {"idx": 47, "options": ["3", "pi", "3pi", "3/2"], "probs": [[0.2679665510745823, 0.2921041197209105, 0.2545339270918162, 0.18539540201268256], [0.27424557040468917, 0.2746965889717936, 0.26936726347452694, 0.18169057704900565], [0.27410550885187196, 0.2977569020838763, 0.26531323141502416, 0.16282435754920727], [0.27522614620726754, 0.3061952885043231, 0.25666650831723536, 0.16191205687119037]], "ideal": "B", "sampled": "D", "correct": false}}
{"type": "result", "data": {"idx": 48, "options": ["Only (II)", "Only (IV )", "(I) and (IV )", "(II) and (III)"], "probs": [[0.2175429595219567, 0.25018271206733433, 0.28176058281952526, 0.25051374549118693], [0.23250117020983166, 0.2512194150419438, 0.278408406669107, 0.23787100797910096], [0.24675211358078633, 0.25090637578759867, 0.27858206774864885, 0.22375944278297627], [0.24012383867519507, 0.2522152335035555, 0.2613279847370189, 0.24633294298421182]], "ideal": "C", "sampled": "C", "correct": true}}
{"type": "result", "data": {"idx": 49, "options": ["f is Riemann integrable.", "There does not exist a countably infinite E of R such that f is nondifferentiable at every x \\in E.", "There does not exist an uncountable subset E of R such that f is nondifferentiable at every x \\in E.", "None of the above."], "probs": [[0.27475534919740985, 0.25776485771366636, 0.2823574878852557, 0.1851223051036691], [0.27012457696936193, 0.24311266766013007, 0.26571935469753655, 0.22104340057296684], [0.2669493949988348, 0.25338181964782247, 0.24468942479674502, 0.234979360456588], [0.24369479745568498, 0.24821404792693946, 0.2683631129813668, 0.2397280415360161]], "ideal": "D", "sampled": "C", "correct": false}}
{"type": "result", "data": {"idx": 50, "options": ["the open first quadrant", "a closed curve", "a ray in the open first quadrant", "a single point"], "probs": [[0.28623956247708066, 0.26813005503963727, 0.26646961603758773, 0.1791607663456996], [0.27134030803636294, 0.2705732188448873, 0.2696447846307757, 0.1884416883879771], [0.26861977144037946, 0.2676135912664669, 0.26912110340880646, 0.19464553378435961], [0.2443505362068663, 0.2617862344049453, 0.27648435924201836, 0.21737887004616815]], "ideal": "A", "sampled": "C", "correct": false}}
{"type": "result", "data": {"idx": 51, "options": ["1", "2", "p >= 1", "infinity"], "probs": [[0.2822669921029429, 0.2776002197561319, 0.282997856959617, 0.15713493108132548], [0.3008620438089978, 0.28911283933822823, 0.22759675154891004, 0.18242836520386396], [0.30399952416283565, 0.28077271636314266, 0.25491681394520993, 0.16031094542882787], [0.26816852088330606, 0.2742503718694204, 0.25913611436958406, 0.19844499277767913]], "ideal": "B", "sampled": "C", "correct": false}}
{"type": "result", "data": {"idx": 52, "options": ["f is a homeomorphism.", "f is continuous and one-to-one", "f is continuous.", "f is one-to-one"], "probs": [[0.27474456186968105, 0.26047787830263425, 0.25688211022615925, 0.20789544950149066], [0.2688553831206813, 0.254559279639649, 0.25855906078667307, 0.21802627635300376], [0.24766147118241058, 0.23453036395267352, 0.257426903576655, 0.2603812611882934], [0.26661632893872, 0.2569862037566386, 0.2753876773604068, 0.20100978984423534]], "ideal": "C", "sampled": "B", "correct": false}}
{"type": "result", "data": {"idx": 53, "options": ["12", "16", "12*sqrt(3)", "16*sqrt(3)"], "probs": [[0.24436170101899402, 0.2554302020522327, 0.29773379724566423, 0.20247429958311514], [0.2758176675693014, 0.2779597992649402, 0.2711762033899047, 0.17504632967583975], [0.27455776130731274, 0.2872070567163501, 0.2738321310748188, 0.16440305080151787], [0.2693954737148417, 0.2810749326568793, 0.26500587200750336, 0.18452372152077937]], "ideal": "C", "sampled": "C", "correct": true}}
{"type": "result", "data": {"idx": 54, "options": ["4", "7", "8", "12"], "probs": [[0.25031151581528027, 0.2571228440838108, 0.27131655835850116, 0.2212490816424103], [0.2532726409323196, 0.25935129685811215, 0.2733047730295824, 0.2140712890799771], [0.25711857970950686, 0.2651475515885002, 0.2654228221107423, 0.21231104649126636], [0.2517173827229152, 0.26584842408581477, 0.2614828416396337, 0.22095135145166178]], "ideal": "A", "sampled": "D", "correct": false}}
{"type": "result", "data": {"idx": 55, "options": ["|x| \u2265 0", "|x \u00b7 y| \u2264 |x||y|", "|x| = 0 if and only if x = 0", "|x + y| = |x| + |y|"], "probs": [[0.22594834181159257, 0.24031585970272035, 0.26038203266990995, 0.2733537657157755], [0.23461707958459097, 0.2576499621924507, 0.2730890575832694, 0.23464390053969322], [0.22951660454766462, 0.24669393155917937, 0.2547987162038121, 0.268990747589336], [0.23214869419677545, 0.2505394054962817, 0.24252494641958455, 0.2747869537873752]], "ideal": "D", "sampled": "D", "correct": true}}
{"type": "result", "data": {"idx": 56, "options": ["4", "5", "6", "7"], "probs": [[0.21994043769659144, 0.27276475911713327, 0.28112631602672755, 0.2261684870595608], [0.2284889344872088, 0.2705662353416088, 0.2799051188606541, 0.2210397112105433], [0.2300110340984877, 0.27527024534412786, 0.2758220408312714, 0.21889667962610668], [0.2276903675507679, 0.27454563899661494, 0.2755733268960609, 0.22219066645654034]], "ideal": "B", "sampled": "D", "correct": false}}
{"type": "result", "data": {"idx": 57, "options": ["1 only", "2 only", "0 and 1 only", "0, 1, and 2 only"], "probs": [[0.22714411907075246, 0.245295874943234, 0.27720324154968856, 0.2503567643363289], [0.245617184855961, 0.2586321538214356, 0.284814091215901, 0.21093657000669735], [0.2621377124630001, 0.26232633145303863, 0.27336578841047, 0.2021701675734754], [0.2598768510343147, 0.26201618779679364, 0.2586468635119155, 0.21946009755698703]], "ideal": "D", "sampled": "D", "correct": true}}
{"type": "result", "data": {"idx": 58, "options": ["2", "\u03c0", "4", "3\u03c0/2"], "probs": [[0.23824468408915364, 0.2818029637706269, 0.2591532209191695, 0.22079913112106508], [0.24731502480337247, 0.2771939250216795, 0.25918157644737816, 0.2163094736275695], [0.24340621449766042, 0.29429300837254746, 0.2511194559149797, 0.21118132111481192], [0.2506729060013083, 0.28654362028326436, 0.25557921187014154, 0.2072042617452637]], "ideal": "C", "sampled": "D", "correct": false}}
{"type": "result", "data": {"idx": 59, "options": ["9", "8", "0", "-5"], "probs": [[0.26060376663098894, 0.2835234980654293, 0.27867742601828593, 0.17719530918529267], [0.26664456913243056, 0.28980642806923296, 0.26273453793111695, 0.18081446476723712], [0.26691948234679835, 0.28007518906225654, 0.2586160920558615, 0.19438923643508807], [0.2639907122283697, 0.2747010144652334, 0.2642320963355444, 0.1970761768708586]], "ideal": "A", "sampled": "C", "correct": false}}
{"type": "result", "data": {"idx": 60, "options": ["None", "One", "Two", "Three"], "probs": [[0.24616014403230585, 0.2605401466737314, 0.29695384647810985, 0.19634586271585314], [0.2713473149481147, 0.2752225997938904, 0.29112742834273314, 0.16230265681525022], [0.30426923903215947, 0.2947012454945409, 0.2766674720126209, 0.12436204336068912], [0.30791161138919343, 0.3046942673628505, 0.25345484854476497, 0.13393927260320576]], "ideal": "B", "sampled": "D", "correct": false}}
{"type": "result", "data": {"idx": 61, "options": ["20!/2^(10)", "10!/2^9", "10^(20) - 2^(10)", "10^(20) - 100"], "probs": [[0.26263407230371677, 0.26280727650513513, 0.2476007105296827, 0.22695794056146937], [0.2658386597505153, 0.2625961811472166, 0.23969485721589232, 0.23187030178637255], [0.25777696654089116, 0.2577115159517411, 0.24714738552229126, 0.2373641318850693], [0.2558546949494111, 0.25651865585708145, 0.23398201759272522, 0.25364463150076955]], "ideal": "A", "sampled": "C", "correct": false}}
{"type": "result", "data": {"idx": 62, "options": ["It is possible to place an linear order relation \u2264 on the complex numbers C such that (C, +, \u00d7, \u2264) is not an ordered field.", "It is possible to place a linear order relation on the complex numbers C which make (C, +, \u00d7, \u2264) an ordered field.", "Neither (a) nor (b)", "Both (a) and (b)."], "probs": [[0.2124702196432258, 0.19562941158944117, 0.30761539601222543, 0.2842849726550914], [0.26041968821161315, 0.21958932980715418, 0.28543254348475816, 0.23455843839646257], [0.23609857546926277, 0.24973812276480642, 0.27612418865366867, 0.2380391130122719], [0.2218148303854821, 0.25210872940660395, 0.33321262559527187, 0.19286381451265167]], "ideal": "A", "sampled": "D", "correct": false}}
{"type": "result", "data": {"idx": 63, "options": ["1/4", "1/3", "1/2", "2/3"], "probs": [[0.26820110309689005, 0.2813541905263581, 0.2931300871283899, 0.15731461914835146], [0.27406504212534744, 0.28526087137680395, 0.28311618635583624, 0.15755790004200443], [0.2652710450670703, 0.27695785419891733, 0.2909314760043767, 0.16683962462962698], [0.2761642230818546, 0.2819846160999236, 0.28618362498681504, 0.1556675357314313]], "ideal": "D", "sampled": "B", "correct": false}}
{"type": "result", "data": {"idx": 64, "options": ["The integers under addition", "The nonzero integers under multiplication", "The nonzero real numbers under multiplication", "The complex numbers under addition"], "probs": [[0.21129328064548905, 0.25031620351319483, 0.27530297335558623, 0.2630875423857343], [0.221064431384461, 0.2578855964670742, 0.2740813304099331, 0.2469686416385371], [0.21724962824602065, 0.25370710177414474, 0.270381982803256, 0.2586612870765925], [0.21043812403125528, 0.24531269368797823, 0.2760319810136049, 0.2682172011671629]], "ideal": "B", "sampled": "C", "correct": false}}
{"type": "result", "data": {"idx": 65, "options": ["4x + 6y", "x + y + 5", "9x + 4y", "4x - 9y"], "probs": [[0.2491273673540919, 0.25811591696127656, 0.26304389299370223, 0.22971282259093204], [0.24503549637815963, 0.2554891474676109, 0.2657948931533432, 0.23368046290086847], [0.2523656505360397, 0.25524820913649837, 0.2635949899377398, 0.22879115028969876], [0.24631900644163038, 0.25982489816963916, 0.2662177894360279, 0.22763830585270722]], "ideal": "D", "sampled": "A", "correct": false}}
{"type": "result", "data": {"idx": 66, "options": ["0", "-2", "-sqrt(34)", "-sqrt(35)"], "probs": [[0.26427059317198137, 0.25323619278886494, 0.27867955296013036, 0.20381366097902737], [0.2723643929504578, 0.26669675606722826, 0.26796387382482884, 0.19297497705748182], [0.28701447536817754, 0.2713372907455949, 0.2635688255685621, 0.17807940821766224], [0.26402287101063415, 0.2683766621175079, 0.2662248883720567, 0.20137557839980746]], "ideal": "C", "sampled": "C", "correct": true}}
{"type": "result", "data": {"idx": 67, "options": ["II only", "III only", "I and II only", "I and III only"], "probs": [[0.2443468176591989, 0.27114961925553865, 0.2750973399697581, 0.2094062230155047], [0.23946524377935788, 0.2748018110051173, 0.27852373949889997, 0.20720920561663508], [0.24422729935128543, 0.3019095520446458, 0.265580996915547, 0.1882821515885431], [0.24401241859227077, 0.28875930177440823, 0.2660985688093573, 0.20112971072396474]], "ideal": "D", "sampled": "D", "correct": true}}
{"type": "result", "data": {"idx": 68, "options": ["\u03c0/3", "\u03c0/4", "\u03c0", "2\u03c0"], "probs": [[0.2669720934689843, 0.28355226511896053, 0.28165095241046345, 0.16782468890158625], [0.2671841701076749, 0.290106369723978, 0.25426577405026995, 0.18844368601808784], [0.26016725832567406, 0.27747683984183713, 0.26776359152508844, 0.19459231020738366], [0.26505584247789016, 0.2725880484386265, 0.2689831697542339, 0.19337293922923485]], "ideal": "A", "sampled": "C", "correct": false}}
{"type": "result", "data": {"idx": 69, "options": ["Sunday", "Monday", "Tuesday", "Wednesday"], "probs": [[0.2813375918744511, 0.2659050862013324, 0.26545586944895994, 0.18730145237526175], [0.2864649527494211, 0.2678578537860756, 0.2661893812069104, 0.17948781215759893], [0.2804308262347774, 0.2732940463906183, 0.26088148036554293, 0.18539364690904442], [0.2803581695586627, 0.265171418618832, 0.25984102447773844, 0.19462938724477336]], "ideal": "A", "sampled": "C", "correct": false}}
{"type": "result", "data": {"idx": 70, "options": ["\u221248/\u03c0 cm/min", "\u22124/(3\u03c0) cm/min", "\u22128/(3\u03c0) cm/min", "\u221216/(3\u03c0) cm/min"], "probs": [[0.24819594951708365, 0.28120237122762587, 0.25760605410624204, 0.21299562504903868], [0.2534483089273067, 0.28461448685665786, 0.26054740214475264, 0.20138980197128367], [0.25219778665075954, 0.28482621590453056, 0.2539151790510311, 0.209060818293689], [0.25443134638144965, 0.28339349876417885, 0.2568773041611938, 0.2052978505931768]], "ideal": "D", "sampled": "D", "correct": true}}
{"type": "result", "data": {"idx": 71, "options": ["The system is consistent.", "The system has infinitely many solutions.", "The sum of any two solutions is a solution.", "Every solution is a scalar multiple of (-5, 1, 1, 0)."], "probs": [[0.22230699546032817, 0.2231134605305123, 0.25576504520846377, 0.29881449870070875], [0.2211111479119953, 0.2376799462072404, 0.26532906205123574, 0.275879843729527], [0.22834175867192172, 0.2330608034850901, 0.2631669170209673, 0.2754305207220203], [0.22954243343444122, 0.24561154448482417, 0.2509094688450916, 0.2739365531356538]], "ideal": "D", "sampled": "D", "correct": true}}
{"type": "result", "data": {"idx": 72, "options": ["f(c)", "f(e^c)", "f(1/c)", "f(log c)"], "probs": [[0.24485322703935403, 0.2774178100665603, 0.25229545334301556, 0.22543350945106863], [0.25541615858172273, 0.28369630155339765, 0.2515010570522689, 0.20938648271263427], [0.25178381340298533, 0.2905691318560597, 0.243473286742672, 0.21417376789829407], [0.2469606989687809, 0.28624107994832215, 0.24597603822825928, 0.2208221827546264]], "ideal": "D", "sampled": "D", "correct": true}}
{"type": "result", "data": {"idx": 73, "options": ["I only", "II only", "III only", "I and II only"], "probs": [[0.28535155433262355, 0.2640481559672855, 0.2483149986347223, 0.20228529096535136], [0.2694350048540855, 0.26082890422833915, 0.2557373805263727, 0.21399871029121484], [0.2596995241017644, 0.2755080146570002, 0.2635907054809209, 0.20120175566032192], [0.2687704346280057, 0.3026615601186723, 0.23955936968258365, 0.18900863547072766]], "ideal": "D", "sampled": "A", "correct": false}}
{"type": "result", "data": {"idx": 74, "options": ["1/(2e)", "1/e", "e^2/2", "2e"], "probs": [[0.2574325661498732, 0.2901082077183738, 0.25547635241334893, 0.19698287361840758], [0.2451250665405231, 0.27891360846219426, 0.2779823387539539, 0.19797898614331516], [0.2500762851901577, 0.27957565869487855, 0.2657002720255816, 0.20464778398939362], [0.2505953572077576, 0.2747244762626055, 0.2750144510273214, 0.1996657154023161]], "ideal": "C", "sampled": "B", "correct": false}}
{"type": "result", "data": {"idx": 75, "options": ["H = 50", "T >= 60", "51 <= H <= 55", "H >= 48 and T >= 48"], "probs": [[0.238109121327131, 0.22803273040964092, 0.2604358489904064, 0.27342229917281413], [0.2533216536059588, 0.25300046179965946, 0.26575338544829136, 0.22792449904611434], [0.27002762263559454, 0.2680017063593626, 0.26683148694721476, 0.19513918395781266], [0.2612024557227496, 0.2577099792227472, 0.24590248553955724, 0.23518507941494252]], "ideal": "D", "sampled": "D", "correct": true}}
{"type": "result", "data": {"idx": 76, "options": ["True, True", "True, False", "False, True", "False, False"], "probs": [[0.35895662138195294, 0.25328238057984515, 0.22942603494640118, 0.15833496299180175], [0.30780450621492156, 0.26656793362494463, 0.23786938888267134, 0.18775817117745047], [0.2891190319951832, 0.266486837930244, 0.25463077798005, 0.189763351994533], [0.3116496820829076, 0.27286596575215916, 0.23351887256490728, 0.18196547950002703]], "ideal": "D", "sampled": "A", "correct": false}}
{"type": "result", "data": {"idx": 77, "options": ["2", "1", "0", "-1"], "probs": [[0.2528208163136563, 0.28744944890879676, 0.2762753172259238, 0.18345441745162533], [0.254073168083253, 0.2928660032619118, 0.2621330631178138, 0.19092776543700465], [0.25156806516697516, 0.2822911887333167, 0.2777050874991217, 0.18843565850059685], [0.25034538651019456, 0.2864416988851279, 0.263050294844789, 0.2001626196598994]], "ideal": "C", "sampled": "C", "correct": true}}
