{"type": "result", "data": {"idx": 0, "options": ["The United States was granted the territory in a postwar treaty with France.", "The United States bought it from the Native Americans who lived there.", "U.S. settlers were the first to arrive in the region; they claimed it for their country.", "Great Britain ceded it to the United States as part of a negotiated treaty."], "probs": [[0.2684782485965707, 0.2737949411209028, 0.2841396903897395, 0.1735871197927765], [0.2665274972946231, 0.2767237183213086, 0.28609636838467545, 0.17065241589938396], [0.26823650192181997, 0.274761527682946, 0.29221093040372387, 0.16479103989150765], [0.26478367551959353, 0.26692450562644715, 0.27775013099875223, 0.19054168775520663]], "ideal": "D", "sampled": "C", "correct": false}}
{"type": "result", "data": {"idx": 1, "options": ["one of the most religiously diverse colonies in British America.", "one of the least religiously diverse colonies in America.", "notorious for witch hunting and popular superstition.", "known for its hostility to traditional religious practices."], "probs": [[0.32852392346103176, 0.2920819089514005, 0.23732692841810424, 0.14206723906947563], [0.2899378121356758, 0.27009617075308423, 0.2533233645007552, 0.18664265251049544], [0.27974672720878735, 0.28017759945559995, 0.26438113616245207, 0.17569453707314905], [0.31980951364893523, 0.2965522939302854, 0.2631641321561721, 0.12047406016459251]], "ideal": "A", "sampled": "A", "correct": true}}
{"type": "result", "data": {"idx": 2, "options": ["The Great Society", "The Square Deal", "The New Deal", "Reconstruction"], "probs": [[0.2916457888031173, 0.29207754053081114, 0.26994674801053015, 0.146329922555547], [0.2876976338324871, 0.2839845620120211, 0.2672285417845226, 0.16108926227099007], [0.28501066709058825, 0.2844689236779855, 0.2848186643103214, 0.1457017448211274], [0.2748565022649202, 0.28799586321205606, 0.2849209549171219, 0.15222667950588561]], "ideal": "D", "sampled": "A", "correct": false}}
{"type": "result", "data": {"idx": 3, "options": ["The Wagner Act of 1935", "The Alien and Sedition Acts of 1798", "The Espionage Act of 1917", "The Immigration and Nationality Act of 1965"], "probs": [[0.285551917916882, 0.3072173903201296, 0.2604106923546722, 0.14681999930833423], [0.2872967791091759, 0.31385217573401636, 0.2663050831189442, 0.1325459619378663], [0.2877529117496231, 0.3116131628323104, 0.2562580716110312, 0.1443758537070532], [0.29612854702197244, 0.3116875808825235, 0.2590097746195319, 0.13317409737596705]], "ideal": "B", "sampled": "D", "correct": false}}
{"type": "result", "data": {"idx": 4, "options": ["Announcing that he would not run for re-election", "Launching the Second New Deal, a series of legislative acts including Social Security", "Diverting people's attention by allowing the Japanese to bomb Pearl Harbor", "Urging Congress to cut taxes and deregulate the economy"], "probs": [[0.2690778053493029, 0.3246882120144527, 0.2544445796755801, 0.1517894028606493], [0.2785334855384282, 0.30311943234328576, 0.26268766169044394, 0.1556594203278456], [0.25406934566342965, 0.3060173465231078, 0.2565426229450995, 0.18337068476837579], [0.2734455351524755, 0.31488227291368187, 0.25953946381483683, 0.15213272801899755]], "ideal": "B", "sampled": "B", "correct": true}}
{"type": "result", "data": {"idx": 5, "options": ["Corruption in government\u2014especially as it related to big business\u2014energized the public to demand increased popular control and reform of local, state, and national governments.", "A large-scale movement of struggling African American and white farmers, as well as urban factory workers, was able to exert a great deal of leverage over federal legislation.", "The two-party system of the era broke down and led to the emergence of an additional major party that was able to win control of Congress within ten years of its founding.", "Continued skirmishes on the frontier in the 1890s with American Indians created a sense of fear and bitterness among western farmers."], "probs": [[0.25312564150103073, 0.27310275696531067, 0.3079290688824573, 0.16584253255119646], [0.2419099928383638, 0.2733682738378266, 0.2979495972416899, 0.18677213598211434], [0.24203581672777044, 0.26483099421334355, 0.2981890838719527, 0.1949441050869151], [0.23040170798978904, 0.2665180294017065, 0.2888590384818743, 0.21422122402662]], "ideal": "A", "sampled": "C", "correct": false}}
{"type": "result", "data": {"idx": 6, "options": ["After the drafting of the Constitution, continued debates about states' rights and competing economic interests led to the formation of political parties, such as the Federalists and the Democratic-Republicans.", "Although Washington warned against the influence of political parties, he reluctantly accepted the endorsement of the Federalist party.", "Political parties did not exist until the War of 1812, when Federalists asserted control over foreign policies with France and Britain.", "Two major political parties dominated early presidential elections until John Quincy Adams founded the Whig party in 1824."], "probs": [[0.28295180934789343, 0.2977630954505762, 0.2519773594811539, 0.1673077356203732], [0.2683456925877575, 0.29466124357774304, 0.25913161886702707, 0.17786144486744615], [0.27190991732887293, 0.3021259182308071, 0.2666192891851674, 0.15934487515516157], [0.28927689445146565, 0.30554301986193666, 0.24254302868889283, 0.16263705689771424]], "ideal": "B", "sampled": "A", "correct": false}}
{"type": "result", "data": {"idx": 7, "options": ["The Social Gospel", "Social Darwinism", "Communism", "The support of an urban political machine"], "probs": [[0.3095081472117944, 0.2911369854484584, 0.26289483175387424, 0.13646003548587912], [0.2943952010432492, 0.27578357303374723, 0.3007953921756548, 0.12902583364734002], [0.2917659063868256, 0.2963571129451716, 0.28716838012279733, 0.12470860044517997], [0.30857427684047994, 0.3221961808989959, 0.2476526774256883, 0.12157686473482816]], "ideal": "A", "sampled": "A", "correct": true}}
{"type": "result", "data": {"idx": 8, "options": ["The war came to a swift conclusion because the Proclamation made the Confederacy realize the futility of their cause.", "The war grew in scope because the Proclamation caused Great Britain to join the fight on the side of the Union.", "President Jefferson Davis of the Confederacy vowed massive resistance to any Union effort to free the slaves.", "The war aims of the United States were no longer exclusively focused on the preservation of the Union."], "probs": [[0.2638760582897776, 0.2804116356007293, 0.2866956531712749, 0.16901665283823877], [0.25556823603769196, 0.2667309895912731, 0.2884013084406378, 0.18929946583041315], [0.2646792450496127, 0.2741210990429694, 0.29629212819818823, 0.16490752760922586], [0.27005787510337764, 0.2785144389529269, 0.2923951720762594, 0.1590325137674378]], "ideal": "D", "sampled": "A", "correct": false}}
{"type": "result", "data": {"idx": 9, "options": ["Decreased trade with Asian nations precipitated economic recession in both the United States and Europe.", "The war-ravaged condition of Asia and Europe allowed the United States to emerge as one of the most prosperous nations on Earth.", "Cold War tensions isolated the economies of both the Soviet Union and the United States, leading to economic struggle for both nations.", "Japan was subsequently required to pay reparations to the United States, forcing it into a prolonged depression."], "probs": [[0.26997602590457437, 0.29409160213218977, 0.26732385733053965, 0.16860851453269174], [0.2611478664520746, 0.30211850852317623, 0.26069621707364726, 0.1760374078511096], [0.2525977654810335, 0.2869621319095841, 0.2697380535770895, 0.19070204893230946], [0.2552772775495508, 0.2808612751288564, 0.2707118484122291, 0.19314959880937943]], "ideal": "B", "sampled": "B", "correct": true}}
{"type": "result", "data": {"idx": 10, "options": ["rural and urban interests.", "federal law and state law.", "those who favored gradual emancipation and those who favored immediate emancipation.", "supporters and opponents of government regulation of commerce."], "probs": [[0.2694809278856021, 0.2779939314262659, 0.29345319863235736, 0.1590719419557498], [0.2667262256706997, 0.2862315697982893, 0.2875212207072551, 0.15952098372375245], [0.26498573513861484, 0.2764258531968669, 0.27625116715347675, 0.1823372444110502], [0.2521068014945543, 0.2606159142359002, 0.2606793412297548, 0.22659794293977867]], "ideal": "B", "sampled": "C", "correct": false}}
{"type": "result", "data": {"idx": 11, "options": ["Colonists were destined to leave the British Empire because of the distance between the New World and England.", "Women are biologically predestined to lives of child rearing and domestic labor.", "America's expansion to the West Coast was inevitable and divinely sanctioned.", "The abolition of slavery in the United States was certain to come about because slavery was immoral."], "probs": [[0.2748237460853847, 0.25669167550291455, 0.27045415882323526, 0.19803041948846886], [0.26190907806633135, 0.2879923386456604, 0.2775761668832649, 0.17252241630473114], [0.27335703222989177, 0.27696205564802806, 0.28145729366107686, 0.16822361836100785], [0.2643544810963021, 0.26380928216133653, 0.2809922882623172, 0.19084394838003413]], "ideal": "C", "sampled": "C", "correct": true}}
{"type": "result", "data": {"idx": 12, "options": ["Puritans only", "all Protestants only", "all Christians only", "all Jews and Christians only"], "probs": [[0.2694560709597211, 0.2559780061057703, 0.2951209301192966, 0.17944499271518927], [0.292144845545398, 0.2806088247191021, 0.2821427723863814, 0.14510355724911317], [0.29162010784023185, 0.27813553977331396, 0.2781966314317753, 0.152047720854684], [0.28286034870926585, 0.2708461062082068, 0.2894646531127328, 0.15682889186978383]], "ideal": "A", "sampled": "C", "correct": false}}
{"type": "result", "data": {"idx": 13, "options": ["Opposition to the administration's arms buildup", "Efforts to deregulate many industries", "Efforts to reform the welfare system", "Support for the administration's cold war policies"], "probs": [[0.28415600100691757, 0.31657941692031666, 0.2594927208453422, 0.13977186112741172], [0.2738603739335722, 0.30750583314388164, 0.2697174117571581, 0.14891638106538607], [0.2837036828746226, 0.302692963044705, 0.2739377128490025, 0.13966564113164437], [0.28265569242808947, 0.32558197472686945, 0.2741166413292236, 0.11764569141581781]], "ideal": "A", "sampled": "A", "correct": true}}
{"type": "result", "data": {"idx": 14, "options": ["Logan believes the expansion of British settlements must be stopped", "Logan laments the loss of his family", "Logan opposes a new peace treaty", "Logan believes that Indians need to find strength in unity"], "probs": [[0.309849288864807, 0.2923983537514955, 0.24035323400668243, 0.157399123277013], [0.2954310940535843, 0.2985159451631605, 0.24658207436156124, 0.15947088632168388], [0.30561838409697406, 0.3052844020295321, 0.2523863864747374, 0.1367108272987691], [0.3134748079798211, 0.2977488958280634, 0.2580342293646854, 0.13074206672743047]], "ideal": "B", "sampled": "D", "correct": false}}
{"type": "result", "data": {"idx": 15, "options": ["The Vietnam War", "The Mutually Assured Destruction (MAD) nuclear strategy", "The Apollo space program", "The Great Society social programs"], "probs": [[0.27457301843603144, 0.28038934531273424, 0.2983227814360981, 0.1467148547151385], [0.28336876405531525, 0.26376819883400177, 0.3151828959451137, 0.1376801410655812], [0.291498357462457, 0.23744609166464287, 0.27933813257324813, 0.19171741819964577], [0.25188009810399936, 0.2559882862733895, 0.3396565573424953, 0.15247505818011015]], "ideal": "C", "sampled": "B", "correct": false}}
{"type": "result", "data": {"idx": 16, "options": ["The creation of the North Atlantic Treaty Organization (NATO)", "Carter's defeat in the next presidential election", "An American invasion in the Middle East", "Carter's victory in the next presidential election"], "probs": [[0.28113886360793966, 0.2979528126051106, 0.2633391053177611, 0.15756921836919385], [0.28503935803637626, 0.3025920405778588, 0.25772371550142936, 0.15464488578434335], [0.2915694581674408, 0.29006810831726404, 0.2703572605779539, 0.14800517283737116], [0.292612639345456, 0.30723488522712317, 0.25845689346764944, 0.14169558185977477]], "ideal": "B", "sampled": "A", "correct": false}}
{"type": "result", "data": {"idx": 17, "options": ["a violent cult", "a federal misuse of power", "the site of a bombing", "a recent conflict between federal agents and Lakota Indians"], "probs": [[0.2816329140598556, 0.31332463914744807, 0.24197281215733163, 0.1630696345353713], [0.28069139480455874, 0.31360803784755575, 0.2633778516834683, 0.14232271556440854], [0.27531654922911947, 0.3238621488641427, 0.25605416991746166, 0.14476713188927207], [0.28110561535632306, 0.31352571492213394, 0.25696903211957234, 0.1483996375019927]], "ideal": "B", "sampled": "D", "correct": false}}
{"type": "result", "data": {"idx": 18, "options": ["specifically declared that the institution of slavery would be protected \"in perpetuity\" in the original 13 states.", "allowed for a state to be exempt from federal laws that went against that state's constitution.", "postponed a solution to the problems of slavery.", "declared that slaves could be both citizens and property."], "probs": [[0.24460929196957815, 0.29704330684663216, 0.2673575146562265, 0.19098988642755538], [0.24197709320563474, 0.2837993114023917, 0.26777227312308816, 0.2064513221688865], [0.23467822113016285, 0.2850597998544332, 0.2702438696101449, 0.2100181093052445], [0.2410287558091111, 0.28724492256364503, 0.29689123707971793, 0.1748350844475233]], "ideal": "C", "sampled": "B", "correct": false}}
{"type": "result", "data": {"idx": 19, "options": ["War Industries Board", "Food Administration", "Espionage Act", "Dawes Plan"], "probs": [[0.2830956709064903, 0.27987640555068877, 0.2564981218758387, 0.18052980156697981], [0.2806180025281284, 0.28130714206913177, 0.25939813078065044, 0.17867672452209934], [0.28218468599254165, 0.28214301148831, 0.25631668328002627, 0.17935561913909603], [0.2882256289731272, 0.2820720749757832, 0.2535670275730399, 0.1761352683780492]], "ideal": "D", "sampled": "D", "correct": true}}
{"type": "result", "data": {"idx": 20, "options": ["The only good Indian is a dead Indian.", "The native peoples of America need to be converted to Christianity.", "Native Americans need to be incorporated into their new colony.", "Surprise that Native Americans could learn English and serve as cultural intermediaries."], "probs": [[0.21733379485552773, 0.2469681682825564, 0.28744218953912676, 0.24825584722281374], [0.29799765815730356, 0.2913468070128035, 0.2701806733532608, 0.14047486137663948], [0.3060600815787768, 0.28499144545682586, 0.24734323733164382, 0.16160523553276684], [0.28630296169613795, 0.2708619288050204, 0.2826748053435257, 0.1601603040553153]], "ideal": "D", "sampled": "D", "correct": true}}
{"type": "result", "data": {"idx": 21, "options": ["economic class divisions among the American people that prevented them from forging a unified vision.", "a failure of American policy-makers to abandon mercantilist principles and to embrace a laissez-faire approach to trade.", "a weak central government without the powers to address pressing issues.", "an unhealthy obsession among the American people with religion and individual salvation, at the expense of interest in solving practical national problems."], "probs": [[0.247405933532517, 0.32014880947228186, 0.2632993755690762, 0.1691458813261262], [0.2654778344213254, 0.31307036334183913, 0.27428905147538796, 0.14716275066144638], [0.2515910541256709, 0.30846501430370404, 0.27309869763940303, 0.16684523383121], [0.27396162347582387, 0.32397936636599306, 0.28203569849811516, 0.12002331156009266]], "ideal": "C", "sampled": "B", "correct": false}}
{"type": "result", "data": {"idx": 22, "options": ["Establishment of the minimum wage law.", "Enactment of laws regulating railroads.", "Shift in U.S. currency from the gold standard to the silver standard.", "Creation of a price-support system for small-scale farmers."], "probs": [[0.2672816674159111, 0.24682893575268638, 0.3068886694941733, 0.17900072723722665], [0.2533595873145161, 0.26673594561766106, 0.32472655086748725, 0.15517791610033196], [0.24670147728014727, 0.27277334295842365, 0.30413259424727906, 0.17639258541417074], [0.2614553465812084, 0.2545509909242438, 0.3013047216978643, 0.1826889406966698]], "ideal": "B", "sampled": "D", "correct": false}}
{"type": "result", "data": {"idx": 23, "options": ["Imperialism", "Containment", "Big-stick diplomacy", "Isolationism"], "probs": [[0.2845966144704821, 0.2955244727356482, 0.2797696698874286, 0.14010924280644269], [0.27580360306589446, 0.2923526203346504, 0.2739019803329192, 0.15794179616653609], [0.2620890011128771, 0.28792985641990804, 0.2765477168214946, 0.17343342554572733], [0.26557151212657376, 0.2821264547905511, 0.29226486021666803, 0.16003717276619817]], "ideal": "B", "sampled": "B", "correct": true}}
{"type": "result", "data": {"idx": 24, "options": ["The economic policies of his predecessor Warren G. Harding", "The growing strength of radical politics in America following the Russian Revolution", "Populist agitation in the West", "The governmental policies of the Progressive Era"], "probs": [[0.3095733194622339, 0.33075078486776227, 0.24498848761966358, 0.11468740795033491], [0.30295857110503516, 0.33170007990501704, 0.22957970345000317, 0.13576164543994906], [0.2888211534236308, 0.3124409064764865, 0.25025336211229243, 0.14848457788758532], [0.3066760738811821, 0.331521931874006, 0.24966375653603137, 0.11213823760876312]], "ideal": "D", "sampled": "B", "correct": false}}
{"type": "result", "data": {"idx": 25, "options": ["Franklin D. Roosevelt", "Lyndon B. Johnson", "Ronald Reagan", "Barack Obama"], "probs": [[0.2739096752810883, 0.27629976940489015, 0.2754294627443948, 0.174361092469604], [0.2694480686736904, 0.28185900019212845, 0.27608772986229746, 0.1726052011718756], [0.27160968415523645, 0.28426397539690546, 0.2872979037207979, 0.15682843662706827], [0.2740511196983442, 0.2832836825410087, 0.27386398322139904, 0.16880121443925977]], "ideal": "C", "sampled": "A", "correct": false}}
{"type": "result", "data": {"idx": 26, "options": ["Convert immigrants to Christianity", "Prevent political radicalism", "Provide cheap labor for industry", "Improve conditions in urban neighborhoods"], "probs": [[0.27142723949505987, 0.27554393724707826, 0.3130058987128815, 0.14002292444496775], [0.2772754950006514, 0.2970155964576206, 0.30248836184983696, 0.12322054659189348], [0.280504279552318, 0.2946278039041992, 0.2930117723563346, 0.1318561440871316], [0.30396136151974407, 0.2750821987224298, 0.2878779839643745, 0.133078455693436]], "ideal": "D", "sampled": "D", "correct": true}}
{"type": "result", "data": {"idx": 27, "options": ["The number of pioneers headed for the Oregon territory decreased while the number headed for California greatly increased.", "The first great wave of migration ended, and the number of migrants remained extremely low until after the Civil War.", "For the first time, pioneers began to settle areas west of the Mississippi River.", "Large numbers of free blacks, unwelcome in the East, began to resettle in the West."], "probs": [[0.2650915293338985, 0.28944349015890214, 0.2614521222202646, 0.18401285818693616], [0.24828837415449728, 0.2787640833787699, 0.2568709163035537, 0.2160766260631589], [0.2560474280903667, 0.2852952908013999, 0.27537700085057476, 0.1832802801576566], [0.25210859651875017, 0.27305262099904226, 0.2587217398513966, 0.21611704253081626]], "ideal": "A", "sampled": "A", "correct": true}}
{"type": "result", "data": {"idx": 28, "options": ["Debates about access to voting rights.", "Debates about the role of federal government in marriage law.", "Debates about discrimination in employment.", "Debates about the legal status of women."], "probs": [[0.2573068923763221, 0.30024572412055583, 0.2810273985306458, 0.16141998487245762], [0.27389086399428364, 0.30192003886391283, 0.2800156367765705, 0.14417346026522462], [0.259230567543779, 0.29801143937066604, 0.2658420150265367, 0.17691597795901134], [0.26896891319585053, 0.3060335959173445, 0.2838925783811109, 0.1411049124057014]], "ideal": "D", "sampled": "B", "correct": false}}
{"type": "result", "data": {"idx": 29, "options": ["The passage of the War Powers Act of 1973", "The Tet Offensive of 1968", "The resignation of Richard Nixon in 1974", "The emergence of a youth counterculture"], "probs": [[0.2496926448790477, 0.29240024802488707, 0.30347951839360304, 0.1544275886024416], [0.2656086229299049, 0.2704433795663309, 0.2881216136680912, 0.17582638373564616], [0.2540305498344086, 0.285728061733898, 0.2936353941905633, 0.1666059941411384], [0.24514559820076462, 0.2821050445224667, 0.30221715306463526, 0.17053220411212658]], "ideal": "A", "sampled": "B", "correct": false}}
{"type": "result", "data": {"idx": 30, "options": ["The Monroe Doctrine", "Theodore Roosevelt's \"Big Stick\"", "Woodrow Wilson's Fourteen Points", "Containment policy toward the Soviet Union"], "probs": [[0.2734234413625582, 0.2870493501371767, 0.2786151268193517, 0.16091208158088816], [0.29070320183985054, 0.29113433464736893, 0.28904686028650867, 0.129115603126269], [0.2884714188258204, 0.2981784781538267, 0.25847941845169325, 0.1548706844686735], [0.27485934540867396, 0.287746808641671, 0.26904836559030876, 0.16834548025933394]], "ideal": "C", "sampled": "C", "correct": true}}
{"type": "result", "data": {"idx": 31, "options": ["American desires for independence from Great Britain", "American rejection of Enlightenment ideals", "A long tradition of self-rule in the American colonies", "The weakening of economic ties between America and Great Britain"], "probs": [[0.29681816396445315, 0.31090942612187855, 0.26166622941849377, 0.13060618039519223], [0.2939978033412726, 0.3322779799262208, 0.24832534433710887, 0.12539887229538318], [0.2966509127530104, 0.331502029723902, 0.25440380742016405, 0.11744325000291855], [0.30841864832453164, 0.31932508498699996, 0.22669280473368994, 0.1455634618547622]], "ideal": "C", "sampled": "C", "correct": true}}
{"type": "result", "data": {"idx": 32, "options": ["The Nineteenth Amendment.", "The Equal Rights Amendment.", "The Fifteenth Amendment.", "The Twenty-sixth Amendment."], "probs": [[0.288028986677592, 0.2789301643618093, 0.27338982245876775, 0.15965102640181858], [0.2547717534399173, 0.266439397425822, 0.30853136933152897, 0.1702574797027314], [0.2312643408592991, 0.2496558307156931, 0.31821781553136264, 0.2008620127936633], [0.2684517497807328, 0.2781638793736885, 0.3058433891080547, 0.14754098163752247]], "ideal": "A", "sampled": "A", "correct": true}}
{"type": "result", "data": {"idx": 33, "options": ["Progressivism of the early 1900s", "Neoconservatism of the 1980s", "Federalism of the late 1700s", "Jacksonian Democracy of the early 1800s"], "probs": [[0.2701691545007183, 0.308441849624982, 0.28165797168491485, 0.13973102408939708], [0.27512267676160346, 0.31584377628301413, 0.2707345799663926, 0.1382989668889789], [0.26824460436004666, 0.30799194104526373, 0.28218309528091945, 0.14158035921377138], [0.2780143189698238, 0.31483436015056065, 0.27680848229125377, 0.1303428384883589]], "ideal": "A", "sampled": "A", "correct": true}}
{"type": "result", "data": {"idx": 34, "options": ["Women's suffrage", "Trust-busting", "Greater rights for unions", "Weakening political machines"], "probs": [[0.3148431124848836, 0.29062955543430097, 0.26919668048614276, 0.125330651494681], [0.30465584513375893, 0.2848353212410138, 0.27683827088066465, 0.13367056264454902], [0.30050520613419196, 0.2880093627327799, 0.27855014543665346, 0.1329352855963587], [0.31685520443110693, 0.2901934813269724, 0.2699804810580717, 0.12297083308384187]], "ideal": "C", "sampled": "A", "correct": false}}
{"type": "result", "data": {"idx": 35, "options": ["The preamble of the Declaration of Independence.", "The enumeration of congressional powers in the Constitution.", "The \"Free Exercise Clause\" of the First Amendment.", "The \"Establishment Clause\" of the First Amendment."], "probs": [[0.24612216909359672, 0.28378355344211476, 0.2516496431227476, 0.21844463424156285], [0.26417475623653913, 0.3102717445939741, 0.2678806465559309, 0.15767285251354532], [0.28146094319522336, 0.3160646014739627, 0.2458226462140912, 0.15665180901673217], [0.26243756494784626, 0.29972793875977255, 0.2509838869372425, 0.18685060925514238]], "ideal": "C", "sampled": "D", "correct": false}}
{"type": "result", "data": {"idx": 36, "options": ["Widespread prosperity in the 1920s", "Widespread economic hardship in the 1920s", "The rapid growth of the welfare state in the 1920s", "Highly publicized antitrust prosecutions"], "probs": [[0.29297649145896537, 0.32442999318263216, 0.2529406430557325, 0.1296528722026506], [0.29148085501585136, 0.31632425825574007, 0.23714776456233805, 0.15504712206606833], [0.27077542184498204, 0.3122384482307546, 0.2566414184064356, 0.1603447114178053], [0.27294602187220113, 0.30682999010256984, 0.2558709273195981, 0.16435306060562097]], "ideal": "A", "sampled": "B", "correct": false}}
{"type": "result", "data": {"idx": 37, "options": ["Conservation, trust-busting, consumer protection", "Protective tariffs, centralized banking, conservation", "Equal opportunity, women's suffrage, laissez-faire economics", "Laissez-faire economics, support of labor unions, conservation"], "probs": [[0.33721057200819865, 0.2946005634007888, 0.23119356039256783, 0.13699530409844485], [0.3223212869754981, 0.28875024584491515, 0.2654187602927061, 0.12350970678687868], [0.3287041375105617, 0.3090546153707644, 0.244901482324403, 0.11733976469425922], [0.32792690119684514, 0.28873525534594857, 0.23864221296630714, 0.14469563039089967]], "ideal": "A", "sampled": "D", "correct": false}}
{"type": "result", "data": {"idx": 38, "options": ["Imperialism", "Anti-imperialism", "Isolationism", "Manifest Destiny"], "probs": [[0.3182993381427756, 0.29895305834245306, 0.2592328069660076, 0.12351479644877641], [0.3007094210146612, 0.28453838761198674, 0.2592336774497242, 0.15551851382364373], [0.28873324208562884, 0.27403469332475056, 0.2863615126148717, 0.15087055187476647], [0.3286375018694588, 0.2758156424947892, 0.27762601889016125, 0.11792083664558067]], "ideal": "A", "sampled": "A", "correct": true}}
{"type": "result", "data": {"idx": 39, "options": ["The expulsion of Anne Hutchinson from Massachusetts Bay Colony.", "Bacon's Rebellion in colonial Virginia.", "The Boston Tea Party.", "The trial of John Peter Zenger."], "probs": [[0.26189476321572164, 0.3079783250023988, 0.2440662817275155, 0.1860606299543713], [0.26384916622130433, 0.29722977336825657, 0.23307004937938355, 0.20585101093106528], [0.2519131482698339, 0.3021526710575347, 0.24507027004857218, 0.20086391052405356], [0.25090604248730286, 0.3072432026985931, 0.2680077625270685, 0.17384299218704627]], "ideal": "B", "sampled": "B", "correct": true}}
{"type": "result", "data": {"idx": 40, "options": ["Americans have more freedoms than people in other countries.", "People in other countries have more rights than Americans.", "Natural rights are merely ideas that don't really exist.", "Rights are granted by the government."], "probs": [[0.3805189685661153, 0.3018215595312781, 0.2270285907016889, 0.09063088110093048], [0.33071202326347543, 0.31527064968346197, 0.23436836040882156, 0.11964896654425253], [0.31825566755441415, 0.32406034289268865, 0.24365201911143494, 0.11403197034147425], [0.4020658934701205, 0.30405993205341575, 0.20653373868856925, 0.08734043568789238]], "ideal": "A", "sampled": "D", "correct": false}}
{"type": "result", "data": {"idx": 41, "options": ["Passage of the Pure Food and Water Act", "Creation of national forests and protected wildlife reserves", "Initiation of antitrust lawsuits against various corporate monopolies", "Intervention in the affairs of Central American governments"], "probs": [[0.24627624105647644, 0.2892004285238927, 0.27807078748388514, 0.1864525428357412], [0.25140909893591334, 0.2992111763462827, 0.26658774295216514, 0.18279198166563984], [0.249181941067692, 0.2984415251921676, 0.2694859408501589, 0.1828905927899942], [0.24236962651593125, 0.29994481802276346, 0.26096805273781065, 0.19671750262349466]], "ideal": "D", "sampled": "C", "correct": false}}
{"type": "result", "data": {"idx": 42, "options": ["most English Puritans were imprisoned for heresy", "most Puritans converted to Catholicism", "the New England settlement had become too overcrowded, and colonial legislatures strongly discouraged immigration", "the Puritans controlled the English government"], "probs": [[0.2743407421719924, 0.29112312853794664, 0.2807336859615817, 0.15380244322848502], [0.27437583545347183, 0.29482174397481364, 0.2551155304506967, 0.1756868900210122], [0.2846378746366204, 0.29628453830192064, 0.2614691252163768, 0.15760846174507884], [0.2675318220266601, 0.2799227802400108, 0.26171316047676607, 0.19083223715655592]], "ideal": "D", "sampled": "C", "correct": false}}
{"type": "result", "data": {"idx": 43, "options": ["abandoning an isolationist approach to foreign policy and adopting a more aggressive and interventionist stance.", "adopting a new constitution in order to create a more national government.", "forging alliances with American Indian nations to present a united front to European powers.", "increasing spending on military forces and cutting spending on social programs."], "probs": [[0.2830657197975849, 0.2957065591046192, 0.2523238269589717, 0.1689038940388426], [0.2564759123404787, 0.282553716204373, 0.2616348639924479, 0.19933550736270636], [0.2691763873153935, 0.2945217354575115, 0.2633462765922692, 0.17295560053483083], [0.2731170787702332, 0.29651201083161505, 0.24591109372567713, 0.18445981657246696]], "ideal": "B", "sampled": "A", "correct": false}}
{"type": "result", "data": {"idx": 44, "options": ["George Washington", "Theodore Roosevelt", "William M. Tweed", "Barack Obama"], "probs": [[0.27066713479225724, 0.3082254782933871, 0.2572977248584546, 0.16380966195590577], [0.28706894113017173, 0.3317183075960177, 0.2269062431630044, 0.15430650801079515], [0.3071120860219886, 0.3275640413139511, 0.2195690711840273, 0.1457548013800199], [0.2828835068241621, 0.30969380483885106, 0.23628350599435674, 0.17113918224263008]], "ideal": "C", "sampled": "C", "correct": true}}
{"type": "result", "data": {"idx": 45, "options": ["attempted to control colonial exports", "offered the colonists the opportunity to address Parliament with grievances", "required the colonies to import English goods exclusively", "levied taxes aimed at raising revenue rather than regulating trade"], "probs": [[0.2831075439721224, 0.28449920824272257, 0.25651120075592376, 0.17588204692923878], [0.2875009825464053, 0.2967008657151397, 0.2902334204940158, 0.1255647311444551], [0.2851340655712034, 0.29775551791383953, 0.24717218482897696, 0.16993823158596932], [0.29678780764344526, 0.2864437200811576, 0.26702202805429087, 0.1497464441211201]], "ideal": "D", "sampled": "D", "correct": true}}
{"type": "result", "data": {"idx": 46, "options": ["the policy of containment.", "the principle of \"massive retaliation.\"", "participation in the Atlantic Charter.", "embarking on a \"roll-back\" of communism."], "probs": [[0.2765337735784287, 0.24168121196330963, 0.2663009965893657, 0.21548401776889398], [0.25674559749432774, 0.26671317532733185, 0.3053961322698264, 0.17114509480851145], [0.2870678606184572, 0.2728535950883758, 0.27880414369328665, 0.16127440049986863], [0.28001996009943125, 0.2819221340122845, 0.28837316611954317, 0.14968473966871856]], "ideal": "A", "sampled": "D", "correct": false}}
{"type": "result", "data": {"idx": 47, "options": ["Neoconservatives", "Reagan Democrats", "Progressive Liberals", "Populists"], "probs": [[0.27605708388041467, 0.3006706833132324, 0.2623959165498872, 0.16087631615645692], [0.2752890984878879, 0.29818865347291745, 0.27311549937928686, 0.15340674855991615], [0.2734010435926662, 0.3004604177577623, 0.27098219736241, 0.155156341187143], [0.27459309964202566, 0.30555297413133786, 0.2560441419848102, 0.16380978414181924]], "ideal": "C", "sampled": "D", "correct": false}}
{"type": "result", "data": {"idx": 48, "options": ["Sherman Anti-Trust Act (1890).", "Interstate Commerce Act (1887).", "Federal Trade Commission Act (1914).", "Newlands Reclamation Act (1902)."], "probs": [[0.2197195931603544, 0.2974395632430947, 0.2767832781223413, 0.20605756537421802], [0.21603000293371377, 0.2917925187433818, 0.27918872446567317, 0.21298875375724752], [0.21664240391688716, 0.30204617392390715, 0.2857839085741629, 0.19552751348506056], [0.2204823668498976, 0.300164905862156, 0.277057873803936, 0.20229485338400455]], "ideal": "D", "sampled": "A", "correct": false}}
{"type": "result", "data": {"idx": 49, "options": ["The care of the mentally ill is a state concern.", "The mentally ill are best left to the care of their families.", "The federal government should regulate the treatment of the mentally ill.", "More democracy will help the mentally ill."], "probs": [[0.31590390837244364, 0.3221728767399626, 0.2587439352375034, 0.10317927955008477], [0.28674629564223475, 0.31230859927789295, 0.25425812435641637, 0.14668698062347588], [0.3208325461336863, 0.3185473805795365, 0.2580420008306216, 0.10257807235613807], [0.3357558875721413, 0.3119672432037788, 0.25439502531867464, 0.09788184380538792]], "ideal": "A", "sampled": "A", "correct": true}}
{"type": "result", "data": {"idx": 50, "options": ["Lincoln promoted the freedom of settlers within territories to determine the slave status of their new state.", "Lincoln passed the Homestead Act to give free land to all western settlers.", "Lincoln favored the exclusion of slavery from any of the new territories.", "Lincoln enacted the policy of giving newly freed slaves \"forty acres and a mule.\""], "probs": [[0.2538699926368046, 0.2858087055548862, 0.27323679534800843, 0.1870845063602943], [0.2449484054049296, 0.282390249369857, 0.279104839686465, 0.1935565054387411], [0.2582361942290496, 0.2913974473410046, 0.2763784645584355, 0.17398789377151405], [0.24969022983556072, 0.2894439253172264, 0.2805307470276102, 0.1803350977196011]], "ideal": "C", "sampled": "A", "correct": false}}
{"type": "result", "data": {"idx": 51, "options": ["Direct confrontation", "Covert sabotage", "Decolonization", "Mutual coexistence"], "probs": [[0.28708326778186427, 0.29458332351768274, 0.2807645888548177, 0.13756881974562413], [0.287540379766323, 0.2899030574690729, 0.2809718496564883, 0.14158471300811787], [0.30243628601548017, 0.29381727249707584, 0.26435984679804964, 0.13938659458939362], [0.30264547701018163, 0.29304889040224796, 0.2677470430043436, 0.13655858948323796]], "ideal": "D", "sampled": "D", "correct": true}}
{"type": "result", "data": {"idx": 52, "options": ["cultural and intellectual arguments justified the success of those at the top of the socioeconomic structure as both appropriate and inevitable.", "popular writers rejected ideas from the sciences, and based their arguments on faith.", "intellectuals were critical of the cut-throat competition of the ages, and proposed radical alternatives based on creating a cooperative economy.", "cultural products of the era tended to ignore the economic direction of society and looked back wistfully to the past."], "probs": [[0.27630415669348246, 0.3023503994309944, 0.258741093672445, 0.16260435010308782], [0.25853220325485765, 0.28165444851084265, 0.2727343609084152, 0.18707898722587502], [0.2816786225224169, 0.29502229723808027, 0.25043920483269166, 0.17285987530682295], [0.2472653031490459, 0.28138024296674696, 0.2619460405033117, 0.20940841328089296]], "ideal": "A", "sampled": "C", "correct": false}}
{"type": "result", "data": {"idx": 53, "options": ["Southern Democrats in the 1880s", "Western ranchers in the 1850s", "Southern farmers in the 1830s", "Northern Republicans in the 1860s"], "probs": [[0.26460447765443346, 0.26748320397513414, 0.2912591655229688, 0.17665315274744495], [0.27378941698750225, 0.27177793160520825, 0.2870032204694107, 0.1674294308378992], [0.2770647238813875, 0.26846038487021795, 0.2858842756953723, 0.1685906154530037], [0.27354285901566555, 0.27300128014406544, 0.29066611933783065, 0.1627897414024583]], "ideal": "D", "sampled": "D", "correct": true}}
{"type": "result", "data": {"idx": 54, "options": ["The Declaration of Independence", "Jonathan Edwards's sermon \"Sinners in the Hands of an Angry God\"", "The Seneca Falls Declaration of Rights and Sentiments", "Martin Luther King, Jr.'s \"I Have a Dream\u201d speech"], "probs": [[0.29451690974945993, 0.2848759421586084, 0.24117724749262914, 0.1794299004993071], [0.28944786134752976, 0.30252276756189916, 0.26656313938142706, 0.1414662316091383], [0.2908548253875481, 0.2887845095072355, 0.23494294589486872, 0.18541771911035307], [0.2974852309834783, 0.28758909192591603, 0.24561651129495032, 0.16930916569565435]], "ideal": "D", "sampled": "D", "correct": true}}
{"type": "result", "data": {"idx": 55, "options": ["the hub of American economic power", "rapidly turning into the \"Paris\" of North America", "still an underdeveloped cultural backwater", "still under the control of the British"], "probs": [[0.2946389207637013, 0.33634416464664546, 0.2516654271632537, 0.11735148732639158], [0.29923893589422856, 0.32825071133754835, 0.25700650193945596, 0.11550385072876446], [0.2671920208067643, 0.325749141862936, 0.2672135937239074, 0.13984524350641062], [0.25943725149552, 0.3426866434312292, 0.2709446830643034, 0.12693142190893775]], "ideal": "C", "sampled": "B", "correct": false}}
{"type": "result", "data": {"idx": 56, "options": ["After World War I, debates intensified over American involvement overseas.", "After World War I, Americans generally favored the new era of American involvement overseas.", "American involvement in World War I was an extension of a long tradition of involvement overseas.", "American involvement in World War I was a direct result of \"dollar diplomacy.\u201d"], "probs": [[0.29736490140141475, 0.287423143923025, 0.2459960948894922, 0.16921585968607347], [0.2918815741378612, 0.2919917097620045, 0.24466771936712994, 0.17145899663301686], [0.2763713311306448, 0.2923520122865937, 0.25152648326162186, 0.17975017322112352], [0.27805402500087645, 0.29403124719871643, 0.23534469518675405, 0.19257003251364366]], "ideal": "A", "sampled": "A", "correct": true}}
{"type": "result", "data": {"idx": 57, "options": ["Washington's Farewell Address", "George H. W. Bush's \"A Thousand Points of Light\"", "Lincoln's Gettysburg Address", "Franklin D. Roosevelt's \"Day of Infamy\""], "probs": [[0.28640214687216276, 0.27656095291589544, 0.2466465702452636, 0.19039032986666982], [0.2809536351578271, 0.31018600507230054, 0.26590756591304116, 0.14295279375685527], [0.2922979153358264, 0.2836815673347614, 0.24594900725803057, 0.17807150997136342], [0.289082349551599, 0.2992824129053059, 0.2613181001952254, 0.15031713724785883]], "ideal": "A", "sampled": "D", "correct": false}}
{"type": "result", "data": {"idx": 58, "options": ["Isolationism", "Appeasement", "Containment", "A call for war"], "probs": [[0.318510219058489, 0.2925642663500772, 0.25822360537557243, 0.1307019091158743], [0.32980843337949123, 0.30019212092451497, 0.26144592027972086, 0.10855352531626503], [0.3503500950357302, 0.30998615068299357, 0.23592966906717236, 0.10373408511408988], [0.33911071505679585, 0.3036340686955186, 0.24020229547283511, 0.11705292067483523]], "ideal": "C", "sampled": "D", "correct": false}}
