{"type": "result", "data": {"idx": 0, "options": ["1", "3", "8", "16"], "probs": [[0.26852989718964576, 0.2992406961190316, 0.27952381278917693, 0.15270559380211898], [0.27163878481200754, 0.2867078939295474, 0.2889859807369439, 0.1526673404215013], [0.2725455055075004, 0.3039802377498304, 0.2896444285189227, 0.1338298281237673], [0.2752331344849001, 0.30593209614406275, 0.2801207549102526, 0.13871401436080566]], "ideal": "C", "sampled": "D", "correct": false}}
{"type": "result", "data": {"idx": 1, "options": ["int(x [,base])", "long(x [,base] )", "float(x)", "str(x)"], "probs": [[0.3130182466384953, 0.28006575760338276, 0.2397819364166688, 0.16713405924145042], [0.2912805345754639, 0.24868402948071813, 0.2592628180643538, 0.20077261777945815], [0.2678810449425616, 0.2576411654912957, 0.27866977888057465, 0.1958080105855653], [0.2936894088913566, 0.2744368672416641, 0.2687793754342808, 0.16309434833270592]], "ideal": "A", "sampled": "A", "correct": true}}
{"type": "result", "data": {"idx": 2, "options": ["The file is broken into packets for transmission. The packets must be reassembled upon receipt.", "The file is broken into packets for transmission. The user's browser must request each packet in order until all packets are received.", "The server attempts to connect directly to the user's computer. If the connection is successful, the entire file is sent. If the connection is unsuccessful, an error message is sent to the user.", "The server repeatedly attempts to connect directly to the user's computer until a connection is made. Once the connection is made, the entire file is sent."], "probs": [[0.270732306070081, 0.2753262172683129, 0.28102195652807926, 0.17291952003350727], [0.28633766510842734, 0.29361952567684374, 0.2871002110365126, 0.13294259807820538], [0.2880522648372951, 0.28946155830556003, 0.2658416757891818, 0.15664450096795451], [0.2729334851723533, 0.2863170919308861, 0.27589382915332106, 0.16485559364342278]], "ideal": "A", "sampled": "C", "correct": false}}
{"type": "result", "data": {"idx": 3, "options": ["Compressing the image in a way that may lose information but will suffer only a small loss of image quality.", "Creating the gray scale of an image by averaging the amounts of red, green, and blue in each pixel and assigning this new value to the corresponding pixel in the new image. The new value of each pixel represents a shade of gray, ranging from white to black.", "Creating the negative of an image by creating a new RGB triplet for each pixel in which each value is calculated by subtracting the original value from 255. The negative of an image is reversed from the original; light areas appear dark, and colors are reversed.", "Modifying part of the image by taking the pixels in one part of the picture and copying them to the pixels in another part of the picture."], "probs": [[0.2522035871162164, 0.26116947346770264, 0.32187794301702183, 0.16474899629904408], [0.2398059982462878, 0.2672243292254696, 0.3137320537059376, 0.17923761872230473], [0.23415569958077737, 0.26353481874547, 0.3185741163457036, 0.1837353652280498], [0.2338535928396793, 0.2659092808835908, 0.3246015227356298, 0.17563560344112983]], "ideal": "C", "sampled": "A", "correct": false}}
{"type": "result", "data": {"idx": 4, "options": ["How long the program takes to run", "How many programming statements the program contains", "How much memory the program requires as it runs", "How much storage space the program requires as it runs"], "probs": [[0.24917048415868306, 0.27573453774755224, 0.257980312814722, 0.2171146651790573], [0.2519222358037989, 0.2872713960316631, 0.2614679407362919, 0.19933842732824839], [0.26395333915455765, 0.28612936703016123, 0.2534676760962483, 0.19644961761900542], [0.25481747943426886, 0.2808957248962131, 0.24555407239623597, 0.21873272317328832]], "ideal": "B", "sampled": "C", "correct": false}}
{"type": "result", "data": {"idx": 5, "options": ["32", "225", "255", "256"], "probs": [[0.2767840265133952, 0.27232507752048934, 0.28169039597351386, 0.16920049989262198], [0.28711718954909066, 0.2694570996112619, 0.2712509800326444, 0.17217473070700196], [0.2856134115579422, 0.26234235988414256, 0.27708134024412445, 0.17496288821380174], [0.2787727445752744, 0.2630651445669764, 0.27219403322294133, 0.18596807753482925]], "ideal": "C", "sampled": "C", "correct": true}}
{"type": "result", "data": {"idx": 6, "options": ["Do students majoring in computer science tend to have higher grade point averages than students majoring in other subjects?", "How many states have a higher percentage of female computer science majors than male computer science majors attending college in that state?", "What percent of students attending college in a certain state are majoring in computer science?", "Which college has the highest number of students majoring in computer science?"], "probs": [[0.21483596155182813, 0.25352665920019063, 0.3143470421253335, 0.21729033702261474], [0.20740105843134984, 0.25047382387899475, 0.30001341092394684, 0.24211170666570925], [0.2018857080130727, 0.25339583107811947, 0.304173878727314, 0.24054458208150858], [0.20900785292285531, 0.2472070262331415, 0.3064040498528133, 0.23738107089118493]], "ideal": "B", "sampled": "A", "correct": false}}
{"type": "result", "data": {"idx": 7, "options": ["All elements in inputListl followed by all elements in inputList2", "Only elements that appear in both inputListl and inputList2", "Only elements that appear in either inputListl or inputList2 but not in both lists", "Only elements that appear in inputListl but not in inputList2"], "probs": [[0.27155076416472135, 0.2892910605308122, 0.25617154864025726, 0.18298662656419815], [0.2651602283234398, 0.2763079529290736, 0.2646924466101752, 0.19383937203731044], [0.2622579642211727, 0.28563125038948267, 0.26448017610989133, 0.1876306091794358], [0.2661668293212265, 0.2883047413128672, 0.26082362290199756, 0.18470480636390862]], "ideal": "B", "sampled": "A", "correct": false}}
{"type": "result", "data": {"idx": 8, "options": ["The program can also be expressed as binary code, but will be more easily understood by humans when expressed in a higher-level programming language.", "The program can also be expressed as binary code, which will reduce the likelihood of errors.", "The program cannot be expressed as binary code, because binary code can only be used to represent data.", "Some parts of the program can be expressed as binary code, but operations must be expressed using a higher-level programming language."], "probs": [[0.3028277417048203, 0.2858841826804241, 0.24179334919402284, 0.16949472632071874], [0.2716918353540405, 0.2777317547003929, 0.2563571009084376, 0.19421930893713976], [0.2754558899199681, 0.2846797534628621, 0.25963706231747385, 0.18022729419966954], [0.2986015494595044, 0.29364587763512395, 0.24797337326767074, 0.1597791995377004]], "ideal": "A", "sampled": "A", "correct": true}}
{"type": "result", "data": {"idx": 9, "options": ["( 'abcd', 786 , 2.23, 'john', 70.2 )", "abcd", "Error", "None of the above."], "probs": [[0.3490897133405372, 0.2885768539481709, 0.22590817334396512, 0.13642525926731386], [0.2846859260184228, 0.27602069487633146, 0.2627122815684145, 0.176581097436842], [0.27403031770905023, 0.2871333844184452, 0.2806526194763461, 0.15818367829613342], [0.3024011030768525, 0.3095899417455298, 0.22419283202242418, 0.16381612305520293]], "ideal": "B", "sampled": "A", "correct": false}}
{"type": "result", "data": {"idx": 10, "options": ["Human representatives will not be needed to respond to some inquiries.", "The company will be able to provide a human representative for any incoming call.", "Customers are likely to spend less time listening to information not relevant to their issue.", "Customers will be unable to mistakenly select the incorrect department for their particular issue."], "probs": [[0.22237528446161955, 0.2518641104037178, 0.25930696483007576, 0.26645364020460577], [0.22170233854810967, 0.25315516038527563, 0.2647421949524251, 0.26040030601417197], [0.229418639204212, 0.24853129518474631, 0.25524499951067636, 0.26680506600035003], [0.22152028036362414, 0.24393140348739287, 0.26174742392238165, 0.27280089212661296]], "ideal": "B", "sampled": "C", "correct": false}}
{"type": "result", "data": {"idx": 11, "options": ["Technology companies can accurately predict the dates when new computing innovations will be available to use.", "Technology companies can plan to double the costs of new products each time advances in processing speed occur.", "Technology companies can set research and development goals based on anticipated processing speeds.", "Technology companies can spend less effort developing new processors because processing speed will always improve at the observed rate."], "probs": [[0.27994789537712517, 0.2935948987834889, 0.2441306943566834, 0.1823265113827197], [0.2719199624069179, 0.2921712337644425, 0.24855357851595164, 0.18735522521268622], [0.2961210939196952, 0.2955904799620858, 0.24158969125889382, 0.16669873475932265], [0.26755723249648433, 0.2919611579909602, 0.25811546673438673, 0.1823661426781571]], "ideal": "C", "sampled": "C", "correct": true}}
{"type": "result", "data": {"idx": 12, "options": ["The conclusion is correct; the program works as intended.", "The conclusion is incorrect; the program does not display the correct value for the test case [0, 1, 4, 5].", "The conclusion is incorrect; using the test case [0, 1, 4, 5] is not sufficient to conclude the program is correct.", "The conclusion is incorrect; using the test case [0, 1, 4, 5] only confirms that the program works for lists in increasing order."], "probs": [[0.3040579050002965, 0.30786349455641526, 0.2431415362038783, 0.14493706413942997], [0.2558464380404733, 0.24174098460871438, 0.2830159755033332, 0.21939660174748327], [0.32698112547573716, 0.29182919075685293, 0.25589866597739475, 0.12529101769002607], [0.3169647987178219, 0.32366877699586133, 0.23548707196541854, 0.12387935222089635]], "ideal": "C", "sampled": "A", "correct": false}}
{"type": "result", "data": {"idx": 13, "options": ["Express the simulation software using both recursive and iterative algorithms. Compare the results of the recursive algorithm to those of the iterative algorithm.", "Perform real-world experiments on the plant species' growth in different environments. Compare the experimental results to the results provided by the simulation.", "Remove any unnecessary details from the model. Compare the running times of the original simulation and the simplified simulation.", "Run the simulation software on multiple devices. Compare the results obtained from each of the devices."], "probs": [[0.2709606506968102, 0.2880140340333871, 0.2639387324284976, 0.17708658274131342], [0.25438317278726613, 0.28975302590109564, 0.2690990935948232, 0.18676470761681174], [0.2683114439013663, 0.28438860435090224, 0.2803420726946062, 0.16695787895311706], [0.2705112430280038, 0.2817056536904986, 0.27911772417743985, 0.16866537900404335]], "ideal": "B", "sampled": "A", "correct": false}}
{"type": "result", "data": {"idx": 14, "options": ["Decryption", "Efficient sorting", "Lossless compression", "Lossy compression"], "probs": [[0.29062560256157544, 0.2842324511618923, 0.25988355890616066, 0.16525838727039838], [0.30604751902532873, 0.3099044095788506, 0.2376920534492676, 0.1463560178465779], [0.3383766261527325, 0.3046125756335346, 0.22589400547322402, 0.13111679264050835], [0.3058358062906048, 0.28650072851738806, 0.24003780045355824, 0.1676256646384573]], "ideal": "C", "sampled": "C", "correct": true}}
{"type": "result", "data": {"idx": 15, "options": ["isupper()", "join(seq)", "len(string)", "ljust(width[, fillchar])"], "probs": [[0.3161564845697061, 0.23726964679567944, 0.2538279449203959, 0.1927459236142229], [0.31640264454976974, 0.2357960726770829, 0.26091613937614216, 0.1868851432970171], [0.32405658473182397, 0.2557688955232438, 0.23788650566456268, 0.18228801398035202], [0.3350023680505056, 0.2511022693117308, 0.23920146237599968, 0.17469390016175174]], "ideal": "A", "sampled": "D", "correct": false}}
{"type": "result", "data": {"idx": 16, "options": ["(num MOD 1) = 0", "(num MOD 1) = 1", "(num MOD 2 ) = 0", "(num MOD 2) = 1"], "probs": [[0.28660189394207136, 0.2940148874703389, 0.2458695306217227, 0.17351368786586588], [0.2858321838937151, 0.2973978891223829, 0.24511085119442433, 0.1716590756894919], [0.28415913246167546, 0.2915667924071207, 0.24415738729909556, 0.1801166877321116], [0.288102665242547, 0.2952668501825693, 0.2445596232710772, 0.17207086120380058]], "ideal": "D", "sampled": "B", "correct": false}}
{"type": "result", "data": {"idx": 17, "options": ["Copying code from the online source into the programmer's product without any other actions", "Copying code from the online source into the programmer's product and limiting the copied code to ten code lines", "Copying code from the online source into the programmer's product and changing all variable names", "Copying code from the online source into the programmer's product and crediting the original author in the manner indicated by the license"], "probs": [[0.23810938969271545, 0.28607022195106835, 0.2766181480353197, 0.1992022402208981], [0.2597607598825578, 0.291721474459301, 0.2815523458578898, 0.16696541970023981], [0.27669506983560144, 0.3032732835556695, 0.2711131620285002, 0.1489184844802022], [0.26462079844549824, 0.2933981730480556, 0.2717383180373055, 0.17024271036914884]], "ideal": "D", "sampled": "D", "correct": true}}
{"type": "result", "data": {"idx": 18, "options": ["The bank can incorporate other factors, such as the number of tellers, in the simulation.", "The bank can use the simulation to investigate these two options without causing inconvenience for customers.", "The bank may consider new alternatives based on the simulation results.", "The simulation will not produce usable results because actual customer data are not available."], "probs": [[0.26497606788041056, 0.2842011463943046, 0.27289358114522094, 0.1779292044800504], [0.26322978803505576, 0.2753673876283534, 0.264053019615882, 0.1973498046207122], [0.24907777671956285, 0.26441303199562605, 0.2716577603593174, 0.21485143082547858], [0.2501190143618463, 0.2768099423996346, 0.2857694550988909, 0.18730158803964175]], "ideal": "D", "sampled": "B", "correct": false}}
{"type": "result", "data": {"idx": 19, "options": ["Each packet contains data to be transmitted, along with metadata containing information used for routing the data.", "Each packet contains an encrypted version of the data to be transmitted, along with metadata containing the key needed to decrypt the data.", "Each packet contains only the metadata used to establish a direct connection so that the data can be transmitted.", "Each packet contains multiple data files bundled together, along with metadata describing how to categorize each data file."], "probs": [[0.2859914695271487, 0.29425240962500104, 0.23826384490293617, 0.18149227584492453], [0.2840702656906803, 0.2916010771855741, 0.24562222070623072, 0.17870643631751562], [0.2789745648694229, 0.29579119074554994, 0.2444313879583657, 0.1808028563266483], [0.29823804093294265, 0.28427538491469667, 0.24269128717108374, 0.17479528688127505]], "ideal": "A", "sampled": "D", "correct": false}}
{"type": "result", "data": {"idx": 20, "options": ["The method should be written on the assumption that there is only one value in the array that is larger than the given item.", "The method should be written so as to return the index of every occurrence of a larger value.", "The specification should be modified to indicate what should be done if there is more than one index of larger values.", "The method should be written to output a message if more than one larger value is found."], "probs": [[0.2356837072775067, 0.2890107026541157, 0.2715414857424956, 0.20376410422589467], [0.2491316553074, 0.277530918621185, 0.2771677027241186, 0.19616972324730042], [0.24280861142566904, 0.27830347032202596, 0.26986197566997666, 0.20902594248232212], [0.24260205216468847, 0.272444639480816, 0.2831006118712031, 0.20185269638330053]], "ideal": "C", "sampled": "B", "correct": false}}
{"type": "result", "data": {"idx": 21, "options": ["Error", "aab", "ab", "a ab"], "probs": [[0.2621097686030332, 0.2820694621585926, 0.2950941064481376, 0.16072666269024108], [0.28953467038933994, 0.30240982793235643, 0.26315826182323726, 0.14489723975504631], [0.30264484164637734, 0.28206721528298245, 0.2804399963482339, 0.1348479466224129], [0.2908945047176953, 0.28667092117010595, 0.2664811024553576, 0.15595347155686098]], "ideal": "B", "sampled": "C", "correct": false}}
{"type": "result", "data": {"idx": 22, "options": ["/", "//", "%", "|"], "probs": [[0.2909177042386098, 0.27951171227035265, 0.25768665580643163, 0.17188392758460658], [0.27496371770811046, 0.2907033365088255, 0.25418648157537715, 0.18014646410769258], [0.27597879876452946, 0.28999436875777335, 0.2593550377165451, 0.17467179466115626], [0.29442635905608694, 0.27306304373026336, 0.2541165213849866, 0.17839407572868515]], "ideal": "B", "sampled": "D", "correct": false}}
{"type": "result", "data": {"idx": 23, "options": ["A school allows students to bring a graphing calculator from home to complete in-class mathematics assignments.", "A school allows students to bring a tablet computer to class every day to participate in graded quizzes.", "A school provides a laptop or tablet computer to all students enrolled at the school.", "A school recommends that all students purchase a computer with as much processing speed as possible so that projects run faster."], "probs": [[0.30031691363826307, 0.24882318069553555, 0.24099480398398385, 0.20986510158222638], [0.301303768749514, 0.25799024483496685, 0.2428246702069026, 0.19788131610861653], [0.29327410055690845, 0.255327257683528, 0.23662175928477092, 0.21477688237479256], [0.28178161702521887, 0.25459350747634346, 0.24309813105466702, 0.2205267443437735]], "ideal": "C", "sampled": "C", "correct": true}}
{"type": "result", "data": {"idx": 24, "options": ["II only", "I and II only", "I and III only", "II and III only"], "probs": [[0.277404342377483, 0.2603943353285399, 0.2837906952671912, 0.17841062692677728], [0.2892731320296406, 0.2664144772644026, 0.27072076578959386, 0.17359162481638574], [0.2897189711673332, 0.2715307862308691, 0.2672734241652966, 0.1714768183365198], [0.2771238339066589, 0.2728318778971933, 0.2678637379400113, 0.1821805501561322]], "ideal": "D", "sampled": "C", "correct": false}}
{"type": "result", "data": {"idx": 25, "options": ["2 more items can be uniquely identified.", "10 more items can be uniquely identified.", "2 times as many items can be uniquely identified.", "10 times as many items can be uniquely identified."], "probs": [[0.2768097950346576, 0.2921495701397244, 0.2548451292969808, 0.17619550542863072], [0.2768400832554004, 0.30073371668461557, 0.257327241396619, 0.1650989585633494], [0.280927456190801, 0.2933439891711092, 0.24882764994752551, 0.1769009045905629], [0.28465977567853085, 0.29340301309338085, 0.25048348667320725, 0.17145372445486798]], "ideal": "C", "sampled": "D", "correct": false}}
{"type": "result", "data": {"idx": 26, "options": ["A program that calculates a student's grade based on the student's quiz and homework scores", "A program that encrypts a folder of digital files", "A program that finds the shortest driving route between two locations on a map", "A program that sorts a list of numbers in order from least to greatest"], "probs": [[0.28818660662159706, 0.2608070319932251, 0.25254214213397647, 0.1984642191512095], [0.2859873664973466, 0.25934053186540174, 0.26548675728244825, 0.1891853442548136], [0.29289978887384177, 0.2647788967256304, 0.268238715292866, 0.1740825990076443], [0.29917688725591135, 0.26788763802532567, 0.25889329450495224, 0.17404218011382125]], "ideal": "C", "sampled": "D", "correct": false}}
{"type": "result", "data": {"idx": 27, "options": ["num1 < num2", "num1 < num3", "num1 > num2 && num1 > num3", "num1 < num2 && num1 < num3"], "probs": [[0.2855505905039359, 0.2512385132914819, 0.270163550026467, 0.19304734607809204], [0.2850369920766501, 0.2729514022487623, 0.271841722546689, 0.17016988302789138], [0.28523487889955185, 0.27341932034201694, 0.2776732551955701, 0.16367254546286503], [0.2806337218613819, 0.2700139139883891, 0.2613329130575236, 0.1880194509927061]], "ideal": "D", "sampled": "D", "correct": true}}
{"type": "result", "data": {"idx": 28, "options": ["newList \u2190 Combine (listl, list2)    newList \u2190 Sort (newList)    newList \u2190 RemoveDup1icates (newList)", "listl \u2190 Sort (listl)    list2 \u2190 Sort (list2)    newList \u2190 Combine (listl, list2)    newList \u2190 RemoveDuplicates (newList)", "listl \u2190 RemoveDuplicates (listl)    list2 \u2190 RemoveDuplicates (list2)    newList \u2190 Combine (listl, 1ist2)    newList \u2190 Sort (newList)", "listl \u2190 RemoveDuplicates (listl)    listl \u2190 Sort (listl)    list2 \u2190 RemoveDuplicates (list2)    1ist2 \u2190 Sort (list2)    newList \u2190 Combine (listl, list2)"], "probs": [[0.2514938367656731, 0.290667358325836, 0.2716689775648061, 0.18616982724369105], [0.28203423677771977, 0.31182990035427305, 0.24983225898712882, 0.1563036037808703], [0.28143705433751715, 0.30318799167843274, 0.2432423797566262, 0.17213257412742392], [0.26447242289364337, 0.3043739418347369, 0.2460972410751316, 0.1850563940964737]], "ideal": "A", "sampled": "C", "correct": false}}
{"type": "result", "data": {"idx": 29, "options": ["Yes", "No", "It's machine-dependent", "None of the above"], "probs": [[0.573169666870735, 0.2723232540163693, 0.10744000494308996, 0.04706707406981594], [0.4816540851634698, 0.24182593813452938, 0.19171165817069213, 0.0848083184313165], [0.40514343174749246, 0.2658637530381355, 0.19657943066436456, 0.13241338444999765], [0.4245196123502921, 0.27141686730888637, 0.19810532996739866, 0.10595819027342757]], "ideal": "A", "sampled": "A", "correct": true}}
{"type": "result", "data": {"idx": 30, "options": ["An overflow error occurred.", "A round-off error occurred.", "The result was affected by lossy data compression.", "The result was approximated by a floating-point representation."], "probs": [[0.26062561545357993, 0.2984305406696381, 0.25771464223152285, 0.18322920154526728], [0.25745137816893876, 0.3006254326923713, 0.26382031332709, 0.17810287571161026], [0.25112723904446405, 0.29700254902913026, 0.259699167637533, 0.19217104418886774], [0.26407719025645127, 0.30848170180035717, 0.2604368566912995, 0.16700425115189094]], "ideal": "A", "sampled": "B", "correct": false}}
{"type": "result", "data": {"idx": 31, "options": ["O(1)", "O(n)", "O(n^2)", "O(log n)"], "probs": [[0.26176439909342014, 0.23185695134888895, 0.2732203999695811, 0.23315824948811825], [0.2774879271468773, 0.24057499384206518, 0.2767077506868725, 0.20522932822417592], [0.28283228760056933, 0.265830460669083, 0.2676386786973926, 0.18369857293295877], [0.2792046191307364, 0.26072219112991873, 0.26840962332367113, 0.19166356631567702]], "ideal": "C", "sampled": "D", "correct": false}}
{"type": "result", "data": {"idx": 32, "options": ["Interchanging line 1 and line 2", "Interchanging line 5 and line 6", "Interchanging line 6 and line 7", "Interchanging line 7 and line 8"], "probs": [[0.28111597342675027, 0.293708821210555, 0.24777481213391675, 0.17740039312877942], [0.279680221010451, 0.29300895414404193, 0.246707814097428, 0.18060301064807233], [0.2727720473042936, 0.2944100574996437, 0.24749710826399873, 0.1853207868320745], [0.2720724170034882, 0.29419979006476077, 0.2498515829233378, 0.1838762099084122]], "ideal": "D", "sampled": "B", "correct": false}}
{"type": "result", "data": {"idx": 33, "options": ["The ability to distribute information instantaneously", "The ability to provide credibility to the information distributed", "The ability to provide information that is widely accessible", "The ability to provide media-rich content for low cost"], "probs": [[0.27267125589899704, 0.2928974716579782, 0.26245372203876205, 0.171977550304264], [0.2894978121145805, 0.2999492221515711, 0.25851321114670184, 0.15203975448715712], [0.28273009324034154, 0.3041701200580513, 0.2593113630273332, 0.1537884235742645], [0.2868505644620154, 0.3063366845036739, 0.2568347154520487, 0.14997803548226113]], "ideal": "B", "sampled": "D", "correct": false}}
{"type": "result", "data": {"idx": 34, "options": ["All of the preconditions in the program are correct.", "All of the postconditions in the program are correct.", "The program may have bugs.", "Every method in the program may safely be used in other programs."], "probs": [[0.26250215940865607, 0.27270041490613267, 0.26451989723630537, 0.20027752834889398], [0.26512985404932493, 0.2633541696254353, 0.2629879704746439, 0.20852800575059907], [0.2151224880858987, 0.24013310444262884, 0.2685616996778867, 0.2761827076935785], [0.24147961727607575, 0.2832098021525284, 0.2789567346196495, 0.19635384585173143]], "ideal": "C", "sampled": "B", "correct": false}}
{"type": "result", "data": {"idx": 35, "options": ["0", "1", "3", "4"], "probs": [[0.2963243112864353, 0.2928089207405806, 0.2635732389752074, 0.14729352889778938], [0.30514820444710267, 0.2825880332240185, 0.2518804960552686, 0.1603832661736087], [0.306370675234071, 0.2711067681410779, 0.2626301218644938, 0.15989243466035688], [0.2998124902603924, 0.28433301349594003, 0.2624173765332401, 0.15343711961041184]], "ideal": "B", "sampled": "B", "correct": true}}
{"type": "result", "data": {"idx": 36, "options": ["1001 0100", "1001 0111", "1101 0100", "1101 0111"], "probs": [[0.2884886360293228, 0.2913592963405104, 0.26161720994091847, 0.15853485758925107], [0.28339039914203945, 0.29334341705784733, 0.26629598060045045, 0.1569702030996604], [0.2797598973035481, 0.2855669828081402, 0.26901182906016063, 0.16566129072813182], [0.2829030619972259, 0.2913882834319508, 0.2684949466660321, 0.15721370780478955]], "ideal": "A", "sampled": "B", "correct": false}}
{"type": "result", "data": {"idx": 37, "options": ["**", "//", "is", "not in"], "probs": [[0.2952624907719115, 0.27102416309105315, 0.24860451154584973, 0.18510883449120089], [0.2618047467644412, 0.2663795049707873, 0.27864399508577237, 0.1931717530790191], [0.2577237395457833, 0.2845109173170545, 0.279202356948089, 0.17856298608907448], [0.27164077108833456, 0.2847653258110248, 0.24879161510024472, 0.1948022879003893]], "ideal": "A", "sampled": "A", "correct": true}}
{"type": "result", "data": {"idx": 38, "options": ["17_{16}", "E4_{16}", "E7_{16}", "F4_{16}"], "probs": [[0.26412759100940236, 0.26697759332163756, 0.2758602932381185, 0.1930345223308476], [0.26489915600418906, 0.2569913466692613, 0.28908378050450045, 0.1890257167220544], [0.25878255791431254, 0.2508903742050935, 0.2893296006909467, 0.20099746708964056], [0.26678353094973756, 0.26059612714618335, 0.27973082031347696, 0.19288952149061622]], "ideal": "C", "sampled": "B", "correct": false}}
{"type": "result", "data": {"idx": 39, "options": ["A function that averages numeric values in a column or row", "A function that counts the values in a column or row", "A function that rounds a numeric value", "A function that sorts values in a column or row"], "probs": [[0.28326682402952874, 0.2661436502355496, 0.2622900333315069, 0.18829949230343807], [0.26864778221372076, 0.2612893103707979, 0.2672067325003316, 0.20285617481516297], [0.27042328209311706, 0.25866631310392, 0.27386919363312456, 0.19704121106982658], [0.2769850703521742, 0.2706016818849682, 0.27652373691859367, 0.17588951074426531]], "ideal": "D", "sampled": "A", "correct": false}}
{"type": "result", "data": {"idx": 40, "options": ["The game's running speed can only be improved if the game is played between two human players instead of with the computer-controlled player.", "The game's running speed might be improved by using a process that finds approximate solutions every time the computer-controlled player has a turn.", "The game's running speed cannot be improved because computers can only be programmed to find the best possible solution.", "The game's running speed cannot be improved because the game is an example of an algorithm that does not run in a reasonable time."], "probs": [[0.29252265489857887, 0.274125848589904, 0.2720899180337093, 0.16126157837781002], [0.2700148306739107, 0.2721434808653574, 0.2788832131491955, 0.17895847521154534], [0.24959919457372315, 0.26360098112142494, 0.2945250399080519, 0.19227478429680891], [0.2759060947338199, 0.2770643472410954, 0.28308735564759907, 0.16394220227748435]], "ideal": "B", "sampled": "A", "correct": false}}
{"type": "result", "data": {"idx": 41, "options": ["[ 'abcd', 786 , 2.23, 'john', 70.2 ]", "abcd", "[786, 2.23]", "None of the above."], "probs": [[0.3383555396614572, 0.28623787205100754, 0.23931666715525748, 0.13608992103229361], [0.2960929027434071, 0.2867308452586903, 0.26312706043568174, 0.1540491914622315], [0.3110765710181601, 0.30365315989055713, 0.2529264774475089, 0.13234379154377052], [0.2824683912418602, 0.2975497013133889, 0.23460473931619735, 0.18537716802855891]], "ideal": "C", "sampled": "A", "correct": false}}
{"type": "result", "data": {"idx": 42, "options": ["Changing line 3 to b \u2190 10", "Changing line 3 to a \u2190 b + 10", "Changing line 7 to b \u2190 20", "Changing line 7 to a \u2190 b + 10"], "probs": [[0.25200187500400634, 0.26487052663163907, 0.2967698663625687, 0.1863577319017803], [0.25226466476575093, 0.2634388948596791, 0.30952052222319454, 0.17477591805136022], [0.24995615364497092, 0.26587925689764047, 0.29680537603709795, 0.18735921332027441], [0.25247791735112063, 0.26267140137870426, 0.3080168363603698, 0.17683384480980394]], "ideal": "A", "sampled": "D", "correct": false}}
{"type": "result", "data": {"idx": 43, "options": ["7", "8", "20", "100"], "probs": [[0.2769959719428001, 0.2632794059211247, 0.2669942905932794, 0.19273033144280152], [0.28460181377406885, 0.2716179276883899, 0.27802093020544594, 0.1657593282320836], [0.2721136396066558, 0.2750046164991754, 0.26479395625164437, 0.18808778754252128], [0.2775177370726891, 0.25207899071359385, 0.27801908654326524, 0.1923841855704369]], "ideal": "A", "sampled": "D", "correct": false}}
{"type": "result", "data": {"idx": 44, "options": ["It supports automatic garbage collection.", "It can be easily integrated with C, C++, COM, ActiveX, CORBA, and Java.", "Both of the above.", "None of the above."], "probs": [[0.44524564573300696, 0.25772638514908475, 0.1942908861345974, 0.10273708288330645], [0.4444921308046584, 0.2508929577062763, 0.19136458817597377, 0.11325032321308595], [0.3425564451120419, 0.20165161345522292, 0.24594770138522307, 0.20984423994751975], [0.28328138424399335, 0.1661634110530169, 0.1710951390471011, 0.37946006555587214]], "ideal": "C", "sampled": "C", "correct": true}}
{"type": "result", "data": {"idx": 45, "options": ["3", "4", "2", "8"], "probs": [[0.258473400117319, 0.2970121213153739, 0.27704613271666223, 0.1674683457506279], [0.2650372657854695, 0.31089639714314626, 0.2735935694109008, 0.15047276756048], [0.2672067812578532, 0.31794113552488235, 0.2640331797485165, 0.15081890336875511], [0.2845443645571226, 0.2918157612934904, 0.26769282409482203, 0.15594704995456915]], "ideal": "B", "sampled": "D", "correct": false}}
{"type": "result", "data": {"idx": 46, "options": ["8", "16", "24", "32"], "probs": [[0.24349585909943655, 0.25910185152241194, 0.29431017678106725, 0.203092112497088], [0.2574215356427904, 0.2598281158615427, 0.29333613059043484, 0.18941421780523768], [0.25501144468288595, 0.261811570260767, 0.30460907530350195, 0.17856790965284233], [0.25403137954517974, 0.2686528739123604, 0.29019781380736687, 0.1871179326350877]], "ideal": "C", "sampled": "D", "correct": false}}
{"type": "result", "data": {"idx": 47, "options": ["a[i] == max", "a[i] != max", "a[i] < max || a[i] > max", "FALSE"], "probs": [[0.3066142156415323, 0.2947915237175269, 0.2274431498882657, 0.17115111065268016], [0.3041969041258828, 0.2738179350095151, 0.21110833090522385, 0.21087682985937964], [0.3171483196643656, 0.266490410345022, 0.24446262530424595, 0.17189864458636567], [0.2919794662255216, 0.2689443972643761, 0.22539907019562205, 0.21367706621446772]], "ideal": "A", "sampled": "C", "correct": false}}
{"type": "result", "data": {"idx": 48, "options": ["In all cases, a binary search of a sorted list requires fewer comparisons than a linear search.", "Generally, the advantage of using a binary search over a linear search increases as the size of the list increases.", "A linear search will generally run faster than a binary search because a linear search requires fewer lines of code to implement.", "Using a linear search is preferable to using a binary search if there is a chance that the target may not be found in the list."], "probs": [[0.2751384452424192, 0.28678331879127744, 0.24587632021444494, 0.19220191565187447], [0.26927623967800973, 0.2833712430940838, 0.24465128673493985, 0.20270123039297386], [0.25537340616754134, 0.2821770186349399, 0.251524666431709, 0.21092490866581115], [0.26906271554472294, 0.3036787433957234, 0.24321730523601165, 0.18404123572354705]], "ideal": "B", "sampled": "A", "correct": false}}
{"type": "result", "data": {"idx": 49, "options": ["O(log e^N)", "O(log N)", "O(log log N)", "O(N)"], "probs": [[0.28761492438009434, 0.2696932130407708, 0.26292726010904965, 0.17976460237009237], [0.2866755057801551, 0.26825636116331564, 0.2661410706794494, 0.17892706227707791], [0.2719451686959831, 0.2650201025819069, 0.26362617393689003, 0.19940855468523602], [0.28056403402113295, 0.2589755367300054, 0.2808007947057697, 0.17965963444308733]], "ideal": "C", "sampled": "B", "correct": false}}
{"type": "result", "data": {"idx": 50, "options": ["The song was saved using fewer bits per second than the original song.", "The song was saved using more bits per second than the original song.", "The song was saved using a lossless compression technique.", "Some information is lost every time a file is saved from one location on a computer to another location."], "probs": [[0.2647654039070248, 0.29843996379744475, 0.254053174196943, 0.18274145799859443], [0.279210473020202, 0.29700672980350906, 0.26044135038471483, 0.16334144669157413], [0.2572254867346707, 0.28626250714900764, 0.2582358546593044, 0.19827615135701043], [0.2472076634990386, 0.29089981287236943, 0.2689858166890131, 0.19290670683957586]], "ideal": "A", "sampled": "B", "correct": false}}
{"type": "result", "data": {"idx": 51, "options": ["cmp(list)", "len(list)", "max(list)", "min(list)"], "probs": [[0.277948478158362, 0.25210352902079375, 0.27957186387705446, 0.19037612884379018], [0.3143375797928804, 0.2652542126183765, 0.24312924622831328, 0.17727896126045745], [0.320715242962614, 0.2772690682732221, 0.2370532785607628, 0.16496241010340681], [0.3074231577721184, 0.26219710740947644, 0.2439737448652149, 0.18640598985317214]], "ideal": "C", "sampled": "C", "correct": true}}
{"type": "result", "data": {"idx": 52, "options": ["O(1)", "O(n)", "O(n^2)", "O(log n)"], "probs": [[0.2818473131255201, 0.24568686021712402, 0.27081087322791575, 0.20165495332943328], [0.2945343363170468, 0.24711088985803936, 0.27517399381551905, 0.18318077990940565], [0.2945707731328136, 0.2729142568861846, 0.26592755711517974, 0.16658741276582265], [0.28943941487297536, 0.271195030958894, 0.2686227468554975, 0.17074280721264298]], "ideal": "A", "sampled": "D", "correct": false}}
{"type": "result", "data": {"idx": 53, "options": ["An e-mail from your bank asks you to call the number on your card to verify a transaction", "An e-mail from a merchant asks that you click on a link to reset your password", "An e-mail from a utility company asks you to enter your date of birth and social security number for verification purposes", "An e-mail indicates that you have won a large sum of money and asks you to enter your bank account number so that the money can be transferred to you"], "probs": [[0.26470337523007104, 0.24924489935758098, 0.2642670352640562, 0.22178469004828394], [0.26977716930687634, 0.2483404882466464, 0.2747105241927456, 0.2071718181537317], [0.27246567534365623, 0.2560370579382598, 0.26444662186741313, 0.2070506447506757], [0.2663429933269585, 0.25798000245574915, 0.2595679754818608, 0.21610902863544745]], "ideal": "A", "sampled": "D", "correct": false}}
{"type": "result", "data": {"idx": 54, "options": ["coin_f1ip = 1", "flip_counter = 1", "flip_counter = 2", "heads_counter = 2"], "probs": [[0.2939869342448479, 0.2727962493094514, 0.253154515077793, 0.1800623012679266], [0.2954823006929371, 0.2708814660995841, 0.2529392297451029, 0.1806970033623716], [0.29515968209602284, 0.2786330987619383, 0.25263959803358976, 0.17356762100847137], [0.3025051531784725, 0.27522020636784594, 0.24345937056658015, 0.17881526978710546]], "ideal": "D", "sampled": "D", "correct": true}}
{"type": "result", "data": {"idx": 55, "options": ["Authentication", "Confidentiality", "Integrity", "Nonrepudiation"], "probs": [[0.35902530381461734, 0.24162430839868684, 0.2484029982259989, 0.15094738946070346], [0.3861162587682418, 0.2527239841416336, 0.23702832821961667, 0.12413142877051422], [0.3767718903617196, 0.265861324030514, 0.23002212194074567, 0.12734466356704635], [0.3712904275918523, 0.2627830383077082, 0.22632164033701244, 0.13960489366341788]], "ideal": "A", "sampled": "D", "correct": false}}
{"type": "result", "data": {"idx": 56, "options": ["Changing line 6 to IF(item = count)", "Changing line 6 to IF(myList[item] = val)", "Moving the statement in line 5 so that it appears between lines 2 and 3", "Moving the statement in line 11 so that it appears between lines 9 and 10"], "probs": [[0.22781086667055594, 0.2951371291981087, 0.27746172073465436, 0.19959028329669984], [0.2299520192951654, 0.29888025998706796, 0.2824346452475517, 0.18873307537021222], [0.2190741750478906, 0.30143943262535255, 0.25611928114478033, 0.2233671110819994], [0.21463188065287322, 0.30178665179659947, 0.26600449867180853, 0.2175769687787139]], "ideal": "C", "sampled": "B", "correct": false}}
{"type": "result", "data": {"idx": 57, "options": ["Program documentation should not be changed after it is first written.", "Program documentation is only needed for programs in development; it is not needed after a program is completed.", "Program documentation is useful when programmers collaborate but not when a programmer works individually on a project.", "Program documentation is useful during initial program development and also when modifications are made to existing programs."], "probs": [[0.27372774721810084, 0.2675495163086797, 0.24741178832882274, 0.21131094804438755], [0.2947510472575915, 0.2809874182215183, 0.25672588376062994, 0.16753565066025708], [0.29206300687851355, 0.2807355486502669, 0.24645610877178653, 0.1807453355994345], [0.3074346975289953, 0.2829021277520051, 0.2417791390252674, 0.1678840355937433]], "ideal": "D", "sampled": "D", "correct": true}}
{"type": "result", "data": {"idx": 58, "options": ["Dictionary/map | Queue | Stack", "Dictionary/map | Stack | Queue", "Queue | Dictionary/map | Stack", "Stack | Queue | Dictionary/map"], "probs": [[0.31667004832853635, 0.2524446544471377, 0.25650101770117856, 0.17438427942314377], [0.3293871454158102, 0.25880691082625973, 0.24965496288175532, 0.16215098077616152], [0.3283319929427183, 0.2619216451250233, 0.24445527535322642, 0.16529108647904325], [0.3151299391601942, 0.2606954460800374, 0.26010198799302947, 0.16407262666675318]], "ideal": "C", "sampled": "C", "correct": true}}
