{"type": "result", "data": {"idx": 0, "options": ["k = 0 and n = 1", "k = 1 and n = 0", "k = n = 1", "k > 1"], "probs": [[0.2454809175042923, 0.22875338108775167, 0.28913047045169377, 0.23663523085626223], [0.2539939582093876, 0.22456958887715547, 0.2743374407017075, 0.24709901211174945], [0.2645795187340135, 0.23551033521262074, 0.2599262738011862, 0.2399838721521796], [0.2500888630471223, 0.21987687883929422, 0.28837533922961456, 0.24165891878396895]], "ideal": "B", "sampled": "C", "correct": false}}
{"type": "result", "data": {"idx": 1, "options": ["0", "1", "2", "3"], "probs": [[0.18791848419217616, 0.2569090425711261, 0.29142487046188537, 0.2637476026748124], [0.21472721119651497, 0.2393825983669777, 0.2844174546377176, 0.2614727356987897], [0.2154131584214406, 0.2403621565893365, 0.26028301145738714, 0.28394167343183574], [0.2067469358237467, 0.2100729048042033, 0.3105646073507642, 0.2726155519212858]], "ideal": "D", "sampled": "B", "correct": false}}
{"type": "result", "data": {"idx": 2, "options": ["n = 1 and r = 6", "n = 1 and r = 7", "n = 2 and r = 5", "n = 2 and r = 6"], "probs": [[0.24467489517231775, 0.20777436159972199, 0.26194088477521377, 0.2856098583527465], [0.23792102221490882, 0.20507469160071587, 0.2564988953662049, 0.3005053907181704], [0.23761839026248097, 0.19680925004912145, 0.2703655700169679, 0.29520678957142965], [0.24992757660307727, 0.20843837594861273, 0.25684846593173916, 0.28478558141657084]], "ideal": "D", "sampled": "A", "correct": false}}
{"type": "result", "data": {"idx": 3, "options": ["4", "8", "16", "2sqrt(2)"], "probs": [[0.20862562330586748, 0.23896615982747085, 0.24975235013394415, 0.3026558666327175], [0.20968304332084975, 0.20952801163056384, 0.3044072570739118, 0.2763816878746746], [0.24341331782608924, 0.2529760040533291, 0.24662325151217268, 0.256987426508409], [0.24201256034338298, 0.22509704527988134, 0.2928719520275976, 0.2400184422491381]], "ideal": "A", "sampled": "D", "correct": false}}
{"type": "result", "data": {"idx": 4, "options": ["2/69", "1/30", "2/23", "12/125"], "probs": [[0.212409999760457, 0.22253921294163692, 0.31866180418729323, 0.24638898301061285], [0.20590398283163092, 0.2559275512471772, 0.32409386374866145, 0.21407460207253043], [0.2280612289677487, 0.24606655535621458, 0.2924937903588579, 0.23337842521717883], [0.21495613773932445, 0.24316235246554788, 0.3039432212994023, 0.23793828839572537]], "ideal": "C", "sampled": "C", "correct": true}}
{"type": "result", "data": {"idx": 5, "options": ["(S, +, x) is closed under addition modulo 10.", "(S, +, x) is closed under multiplication modulo 10.", "(S, +, x) has an identity under addition modulo 10.", "(S, +, x) has no identity under multiplication modulo 10."], "probs": [[0.28536061725269, 0.20799993906325032, 0.26098362775444167, 0.24565581582961796], [0.26600339404099055, 0.1908443442551096, 0.2755232997430979, 0.26762896186080193], [0.2785107666641272, 0.20772755705450913, 0.2625991882449413, 0.25116248793642243], [0.2685474971101107, 0.1956347466620449, 0.27792321804595665, 0.2578945380818877]], "ideal": "D", "sampled": "A", "correct": false}}
{"type": "result", "data": {"idx": 6, "options": ["12*sqrt(2)", "6*sqrt(2)", "4*sqrt(2)", "1/(2*sqrt(2))"], "probs": [[0.23637469543948217, 0.21885580334013513, 0.2575593177317619, 0.2872101833886208], [0.23161112459999222, 0.21242575978377393, 0.2943078068888269, 0.26165530862740694], [0.26509421271134254, 0.24539669614374307, 0.24324216711347244, 0.24626692393144195], [0.2550452909356822, 0.24106709297470946, 0.25334584332933996, 0.2505417726602684]], "ideal": "C", "sampled": "D", "correct": false}}
{"type": "result", "data": {"idx": 7, "options": ["0", "10%", "25%", "50%"], "probs": [[0.20133051574199512, 0.23949151095575558, 0.3223557817964627, 0.23682219140578664], [0.23138141629766265, 0.2352475225690198, 0.3315285145904891, 0.20184254644282845], [0.24003527698448113, 0.252321358710309, 0.29084935348032104, 0.21679401072488888], [0.2387729620511917, 0.22853303293882868, 0.3032045707280904, 0.22948943418188925]], "ideal": "C", "sampled": "D", "correct": false}}
{"type": "result", "data": {"idx": 8, "options": ["None", "I only", "II only", "III only"], "probs": [[0.2180065078820217, 0.31928815833178287, 0.2633283036183469, 0.19937703006784846], [0.2281714907605318, 0.26014509019202015, 0.29331450777355705, 0.21836891117389096], [0.22874276337720353, 0.2427863776441021, 0.28439193961160597, 0.24407891926708838], [0.20819164871515472, 0.248945746467383, 0.2984575255257593, 0.24440507919170293]], "ideal": "C", "sampled": "B", "correct": false}}
{"type": "result", "data": {"idx": 9, "options": ["Every compact space is complete", "Every complete space is compact", "Neither (a) nor (b).", " Both (a) and (b)."], "probs": [[0.24588892618674063, 0.21315199989476147, 0.24533646565199857, 0.2956226081664993], [0.21596214816682038, 0.19955602880973905, 0.2897032883385183, 0.29477853458492226], [0.2171299159309695, 0.25322544572205297, 0.2690837979047628, 0.2605608403422148], [0.25531990094373197, 0.23775643816467107, 0.23744157661929294, 0.269482084172304]], "ideal": "A", "sampled": "D", "correct": false}}
{"type": "result", "data": {"idx": 10, "options": ["10", "20", "25", "45"], "probs": [[0.23586353305807134, 0.25361504770342963, 0.2732428271312039, 0.23727859200729517], [0.22674773293332143, 0.23998731014731767, 0.27478891198883965, 0.2584760448305212], [0.24165245528110627, 0.2440685891254767, 0.2711251039364249, 0.2431538515569921], [0.2387260205074229, 0.24890618030287173, 0.27208776637648024, 0.24028003271322515]], "ideal": "D", "sampled": "A", "correct": false}}
{"type": "result", "data": {"idx": 11, "options": ["1/64", "15/64", "1/4", "3/8"], "probs": [[0.2173494994423001, 0.2517765164123529, 0.27734577653018777, 0.25352820751515925], [0.2157983087175619, 0.24839017172400008, 0.28169779707515485, 0.25411372238328317], [0.2138454445294542, 0.25827927934205286, 0.28380589385806004, 0.2440693821704329], [0.22913398994994638, 0.2515168152271999, 0.2869311528078211, 0.23241804191503268]], "ideal": "B", "sampled": "D", "correct": false}}
{"type": "result", "data": {"idx": 12, "options": ["0", "1", "2", "3"], "probs": [[0.17915066540980948, 0.24469050033356113, 0.295414796578704, 0.2807440375779254], [0.1846909279844525, 0.22420806358622747, 0.2926437643665616, 0.2984572439627584], [0.18436482821595038, 0.22744225302213303, 0.28773156234324915, 0.30046135631866744], [0.18895319747734612, 0.21738939503390997, 0.29981158820619036, 0.29384581918255354]], "ideal": "A", "sampled": "B", "correct": false}}
{"type": "result", "data": {"idx": 13, "options": ["4", "7", "10", "13"], "probs": [[0.2249182197959545, 0.22421251569252984, 0.3059803590763652, 0.24488890533515043], [0.2234907116742353, 0.21937735049650717, 0.2855211453521662, 0.27161079237709135], [0.22586024285709186, 0.21460731856134294, 0.321376339103494, 0.23815609937807117], [0.22811794958569148, 0.23064138680301555, 0.30446944545053883, 0.2367712180607541]], "ideal": "B", "sampled": "A", "correct": false}}
{"type": "result", "data": {"idx": 14, "options": ["0.64", "0.72", "0.81", "0.95"], "probs": [[0.24449338049271271, 0.2588196540323567, 0.2568437899783431, 0.23984317539658753], [0.2405238526662911, 0.25465082360788316, 0.2649260382111376, 0.23989928541468816], [0.24338330688700063, 0.26198745161636594, 0.25577092549286, 0.23885831590377338], [0.23607355705632707, 0.2576291897282044, 0.2636434474866713, 0.24265380562879715]], "ideal": "D", "sampled": "D", "correct": true}}
{"type": "result", "data": {"idx": 15, "options": ["I only", "II only", "III only", "I and II only"], "probs": [[0.24484488761160092, 0.22813879421431726, 0.25666474146073054, 0.2703515766133513], [0.26927042405997786, 0.22970365327838269, 0.2771047096735998, 0.2239212128880397], [0.2713894803343602, 0.24865015968205298, 0.24684609102453817, 0.2331142688590486], [0.30381687114403405, 0.2456384638165855, 0.2440900991274661, 0.20645456581191435]], "ideal": "D", "sampled": "D", "correct": true}}
{"type": "result", "data": {"idx": 16, "options": ["I only", "II only", "III only", "I and II only"], "probs": [[0.2636254649010287, 0.23929565429393657, 0.2410456764145347, 0.2560332042905], [0.3470035739342529, 0.23157563458189798, 0.2483594827350051, 0.173061308648844], [0.30233975791381706, 0.2593680581285261, 0.2287551577345981, 0.20953702612305872], [0.3429816756512461, 0.24983395634573052, 0.22056822651992566, 0.18661614138309768]], "ideal": "B", "sampled": "D", "correct": false}}
{"type": "result", "data": {"idx": 17, "options": ["-1/4", "-1/(4sqrt(2))", "0", "sqrt(2)"], "probs": [[0.18663468676973624, 0.2460349463271192, 0.2380697840501749, 0.32926058275296965], [0.20315061507577717, 0.21829386053286573, 0.3100400566744708, 0.2685154676168862], [0.17925987180049346, 0.26797438463792833, 0.23645044075420632, 0.31631530270737185], [0.20954497397562669, 0.23087166361457098, 0.30196137413573376, 0.25762198817406856]], "ideal": "C", "sampled": "D", "correct": false}}
{"type": "result", "data": {"idx": 18, "options": ["I and II only", "III only", "I and III only", "I, II, and III"], "probs": [[0.2593253293273602, 0.22136499315320607, 0.23590612760667484, 0.2834035498127589], [0.23185018501793905, 0.23087213243106572, 0.31041496063898383, 0.2268627218120114], [0.2844268765443096, 0.2878118836732076, 0.22094334503711088, 0.20681789464537195], [0.296348376379257, 0.23359038977628307, 0.22977140080589403, 0.24028983293856593]], "ideal": "D", "sampled": "D", "correct": true}}
{"type": "result", "data": {"idx": 19, "options": ["3", "e", "sqrt(5)", "0"], "probs": [[0.23919468046442793, 0.25457592658048556, 0.27044861297069805, 0.23578077988438848], [0.2436557186495705, 0.259282864880945, 0.26962909903300925, 0.2274323173364753], [0.4674972330124869, 0.21784603755863127, 0.20255209654445566, 0.11210463278442613], [0.21508254957782486, 0.26025661047906024, 0.2681749978937255, 0.2564858419493894]], "ideal": "A", "sampled": "C", "correct": false}}
{"type": "result", "data": {"idx": 20, "options": ["I only", "II only", "III only", "I, II, and III"], "probs": [[0.20303306866543488, 0.24023821231590753, 0.2441051082335654, 0.31262361068509215], [0.20812443456396457, 0.2607913794498998, 0.30483980601183824, 0.22624437987429738], [0.20483584699966564, 0.31974652406356063, 0.22666484115241287, 0.24875278768436088], [0.2652123193114333, 0.2529896720099877, 0.22908069998474814, 0.25271730859383085]], "ideal": "D", "sampled": "D", "correct": true}}
{"type": "result", "data": {"idx": 21, "options": ["None", "One", "Four", "Five"], "probs": [[0.18036724210170724, 0.22766674919633792, 0.30093328955342813, 0.29103271904852673], [0.20770438322887574, 0.2353196476957268, 0.2923868937853682, 0.2645890751900293], [0.2372592503003557, 0.21275856771787455, 0.2520397863726139, 0.2979423955091558], [0.21534800320784506, 0.20241054606860623, 0.2987579881105873, 0.2834834625129614]], "ideal": "D", "sampled": "C", "correct": false}}
{"type": "result", "data": {"idx": 22, "options": ["I only", "II only", "III only", "I and II only"], "probs": [[0.22274683745580925, 0.27598539403279554, 0.2547567524469958, 0.2465110159643994], [0.21201200375713689, 0.27878815420568226, 0.27873674520416497, 0.2304630967330159], [0.233299900569538, 0.2886529733554119, 0.2468342521464939, 0.23121287382855615], [0.25046970696952, 0.2956613268253775, 0.2449920247243052, 0.20887694138079732]], "ideal": "B", "sampled": "D", "correct": false}}
{"type": "result", "data": {"idx": 23, "options": ["2/81", "1/18", "2/27", "1/9"], "probs": [[0.22687176205738263, 0.23772593194440872, 0.28001007852153426, 0.2553922273766744], [0.2202860894621577, 0.25001916659386925, 0.2776065211853912, 0.25208822265858183], [0.23710238224572044, 0.2446051017813128, 0.2752820767102906, 0.24301043916267612], [0.21164608314969763, 0.2438389546007302, 0.26603812373061136, 0.27847683841896076]], "ideal": "A", "sampled": "C", "correct": false}}
{"type": "result", "data": {"idx": 24, "options": ["True, True", "True, False", "False, True", "False, False"], "probs": [[0.4129593967978459, 0.25973141190792576, 0.18471615014613257, 0.14259304104809573], [0.41878299308822375, 0.25338226216994847, 0.19205253337441222, 0.13578221126741558], [0.3806255828580757, 0.25289963165975055, 0.21869081443204183, 0.14778397095013193], [0.3613147573714105, 0.27628509952560937, 0.21424216562264783, 0.1481579773803323]], "ideal": "B", "sampled": "A", "correct": false}}
{"type": "result", "data": {"idx": 25, "options": ["I and II only", "I and III only", "II and III only", "III only"], "probs": [[0.25039530912552893, 0.24901981284066724, 0.25633175248833034, 0.24425312544547345], [0.25888084205419054, 0.2347278042769634, 0.2614987673424007, 0.24489258622644536], [0.25295135753234965, 0.25166145339567336, 0.2634309569249019, 0.23195623204707502], [0.25005247441883044, 0.24899099010638878, 0.25667979625398263, 0.24427673912079811]], "ideal": "D", "sampled": "A", "correct": false}}
{"type": "result", "data": {"idx": 26, "options": ["9/2 days", "5 days", "41/8 days", "36/7 days"], "probs": [[0.24785584947538922, 0.2328890482219339, 0.2828540289969721, 0.23640107320570478], [0.257595743845039, 0.24980616194780791, 0.26368999085635564, 0.22890810325079738], [0.246312800715265, 0.22422682080748765, 0.2852654201291656, 0.2441949582480817], [0.24523189324430839, 0.24126107680910142, 0.26662505664058667, 0.24688197320600355]], "ideal": "D", "sampled": "C", "correct": false}}
{"type": "result", "data": {"idx": 27, "options": ["1/2", "1", "sqrt(2)", "pi"], "probs": [[0.20541515066402827, 0.28742746372410705, 0.29137275488361924, 0.2157846306282454], [0.1900318208137315, 0.3191186392250829, 0.24448955818087073, 0.24635998168031487], [0.22892730402472292, 0.2750594790723275, 0.2784954780734273, 0.21751773872952232], [0.2119151714803011, 0.3233205474089284, 0.226600772912515, 0.2381635080982555]], "ideal": "A", "sampled": "C", "correct": false}}
{"type": "result", "data": {"idx": 28, "options": ["f has all of its relative extrema on the line x = y.", "f has all of its relative extrema on the parabola x = y^2.", "f has a relative minimum at (0, 0).", "f has an absolute minimum at (2/3, 2/3)."], "probs": [[0.28676257805563893, 0.2192963975868037, 0.2548482861950486, 0.23909273806250875], [0.3089572190929446, 0.20875903961955072, 0.24735172090441063, 0.234932020283094], [0.2935035824482192, 0.2254182845128662, 0.23561780152348868, 0.2454603314154259], [0.27247405861496293, 0.2118206087085562, 0.2698551198527108, 0.24585021272377003]], "ideal": "A", "sampled": "B", "correct": false}}
{"type": "result", "data": {"idx": 29, "options": ["5", "6", "12", "15"], "probs": [[0.2279381202855106, 0.23798810369429854, 0.29032059203222266, 0.24375318388796818], [0.22866734860040902, 0.22456321118016515, 0.26058787104861775, 0.2861815690708081], [0.21694248912549202, 0.22983634469594946, 0.30247557160213767, 0.2507455944764208], [0.22141529617479602, 0.25369682905521196, 0.2769287228307361, 0.2479591518392559]], "ideal": "B", "sampled": "A", "correct": false}}
{"type": "result", "data": {"idx": 30, "options": ["S(n0 + 1) is not true.", "S(n0 - 1) is not true.", "S(n) is not true for any n <= n0", "S(n) is not true for any n >= n0"], "probs": [[0.24858118212335328, 0.21607779930209106, 0.269814443701992, 0.26552657477256364], [0.24543857206276531, 0.21013816875892308, 0.30178549433036533, 0.24263776474794627], [0.25549250077158836, 0.21201744041654905, 0.2953283400440425, 0.23716171866782004], [0.25863545745058164, 0.21783737511486923, 0.25560608122763895, 0.2679210861069102]], "ideal": "C", "sampled": "D", "correct": false}}
{"type": "result", "data": {"idx": 31, "options": ["(0, 0, 1)", "(3/7, 3/14, 9/14)", "(7/15, 8/15, 1/15)", "(5/6, 1/3, 1/3)"], "probs": [[0.3232636355057857, 0.24234498312597996, 0.22447116001771808, 0.20992022125051626], [0.3333900322191818, 0.20406484905921507, 0.24933471154662154, 0.21321040707498157], [0.3200636708397381, 0.1960454971580709, 0.255245677944954, 0.228645153957237], [0.3357811917890281, 0.22239095301774908, 0.23021619362639248, 0.21161166146683036]], "ideal": "B", "sampled": "B", "correct": true}}
{"type": "result", "data": {"idx": 32, "options": ["For no such integer n", "For 3, 5, 7, and 11 only", "For 3, 5, 7, 9, and 11 only", "For 4, 6, 8, and 10 only"], "probs": [[0.2109632962156991, 0.21444814116907565, 0.2828549871844328, 0.29173357533079247], [0.3307548861914992, 0.17785150240958406, 0.25925438048307076, 0.23213923081584598], [0.24440347781712352, 0.17905232041695832, 0.2432454042899937, 0.3332987973759245], [0.22855247554877714, 0.1701644509860582, 0.27944636342115203, 0.3218367099440126]], "ideal": "B", "sampled": "B", "correct": true}}
{"type": "result", "data": {"idx": 33, "options": ["1", "2", "3", "4"], "probs": [[0.21868517666827517, 0.2352399790761076, 0.3007440819924721, 0.24533076216314512], [0.22502269332739439, 0.22757077687621813, 0.2907984126456566, 0.2566081170507309], [0.23620503352321567, 0.22441937695939393, 0.30531690431512687, 0.23405868510226352], [0.22672455010531065, 0.22575657067425509, 0.2928813099568264, 0.2546375691636079]], "ideal": "C", "sampled": "C", "correct": true}}
{"type": "result", "data": {"idx": 34, "options": ["I only", "II only", "III only", "I, II, and III"], "probs": [[0.21385275996792463, 0.2317770535747337, 0.25391783929434636, 0.3004523470629953], [0.21328151859539343, 0.24098744214114018, 0.313397595654309, 0.23233344350915736], [0.21430198313992907, 0.3117007752211472, 0.2170711107515781, 0.2569261307873456], [0.29378843304557234, 0.24311515686465027, 0.2286589741478189, 0.23443743584195847]], "ideal": "D", "sampled": "D", "correct": true}}
{"type": "result", "data": {"idx": 35, "options": ["x^2 + y^2 + z^2 + 8 = 6y", "(x^2 + y^2 + z^2)^2 = 8 + 36(x^2 + z^2)", "(x^2 + y^2 + z^2 + 8)^2 = 36(x^2 + z^2)", "(x^2 + y^2 + z^2 + 8)^2 = 36(x^2 + y^2)"], "probs": [[0.2851119211726022, 0.21609905884046268, 0.26644002197521754, 0.23234899791171756], [0.3378019727248722, 0.21033221717565678, 0.2697233098640543, 0.18214250013541672], [0.29946018903866095, 0.20323582573128685, 0.2411004643899293, 0.25620352074012287], [0.2735117469818258, 0.19331085729820172, 0.26581157250938275, 0.2673658231105897]], "ideal": "D", "sampled": "B", "correct": false}}
{"type": "result", "data": {"idx": 36, "options": ["y = 2x + 1", "y = 2x", "y = x + 2", "y = x + 1"], "probs": [[0.19149975762091018, 0.25415772575813683, 0.2565095462618491, 0.2978329702591039], [0.17439076562554312, 0.23153646633003133, 0.2960369630761488, 0.29803580486827674], [0.22801679030735814, 0.25875666349391413, 0.31131818423558166, 0.20190836186314604], [0.20832777021232152, 0.2721447944368968, 0.2672932445735667, 0.2522341906772149]], "ideal": "A", "sampled": "A", "correct": true}}
{"type": "result", "data": {"idx": 37, "options": ["2", "3", "4", "5"], "probs": [[0.22057783601462436, 0.2289764284858609, 0.29005625841101207, 0.2603894769885027], [0.22022947010491975, 0.22696600175715764, 0.2459854261037464, 0.3068191019341762], [0.2156833953500205, 0.20726240605706428, 0.2837211914250188, 0.2933330070678964], [0.22713686998285504, 0.23021051746343868, 0.2549416606644412, 0.2877109517892651]], "ideal": "A", "sampled": "A", "correct": true}}
{"type": "result", "data": {"idx": 38, "options": ["True, True", "True, False", "False, True", "False, False"], "probs": [[0.2948718026749692, 0.25399300075028064, 0.22486680408752174, 0.2262683923872284], [0.28852901719691976, 0.24500366283004185, 0.23451291721242734, 0.23195440266061107], [0.26198972687546773, 0.2328403304081576, 0.277430249578017, 0.22773969303835767], [0.25831167831756013, 0.26006143239977836, 0.25702767496427137, 0.22459921421839016]], "ideal": "A", "sampled": "A", "correct": true}}
{"type": "result", "data": {"idx": 39, "options": ["1", "2", "3", "4"], "probs": [[0.21829286729777544, 0.23568197028893909, 0.2806342118414351, 0.26539095047185035], [0.225854073776634, 0.22229607897430598, 0.26406561145232693, 0.28778423569673306], [0.23580692354754512, 0.2393737250420431, 0.2757361489894005, 0.24908320232101125], [0.227128588322082, 0.22705813563406418, 0.2737087823561669, 0.27210449358768685]], "ideal": "C", "sampled": "C", "correct": true}}
{"type": "result", "data": {"idx": 40, "options": ["the entire real axis", "a point", "a ray", "an open finite interval"], "probs": [[0.2686597108572283, 0.24074763057208612, 0.2418600022550956, 0.24873265621559], [0.22197867927715667, 0.2350894063476077, 0.2783947288711626, 0.264537185404073], [0.2330657357777683, 0.23479690795581634, 0.3245850454753146, 0.2075523106911008], [0.26449536092190323, 0.2765955503040127, 0.2415424328111371, 0.21736665586294696]], "ideal": "B", "sampled": "A", "correct": false}}
{"type": "result", "data": {"idx": 41, "options": ["finite", "cyclic", "of order two", "abelian"], "probs": [[0.32956463095230354, 0.22630129752280292, 0.23231740293563818, 0.21181666848925534], [0.3150678591054449, 0.2183596892412972, 0.2541789184990633, 0.21239353305419464], [0.2930130914601763, 0.23032942068762877, 0.2594291528885044, 0.2172283348636906], [0.29466026579383464, 0.23221668252684083, 0.24918359144246824, 0.22393946013685626]], "ideal": "D", "sampled": "A", "correct": false}}
{"type": "result", "data": {"idx": 42, "options": ["3", "4", "5", "8"], "probs": [[0.19218363438662212, 0.22681986469205567, 0.3132234904817488, 0.2677730103395734], [0.20339264276664998, 0.2637167313985073, 0.2708326320203409, 0.2620579937145017], [0.22785113410085117, 0.2410171889866199, 0.27607219997160304, 0.25505947684092595], [0.22038266717324215, 0.23684481489807652, 0.28410921344625656, 0.2586633043824248]], "ideal": "D", "sampled": "C", "correct": false}}
{"type": "result", "data": {"idx": 43, "options": ["II only", "III only", "I and II only", "II and III only"], "probs": [[0.2276131476589943, 0.253271009698947, 0.27832734167285017, 0.2407885008692085], [0.21885634956555486, 0.259131610367611, 0.24720446762950776, 0.2748075723373264], [0.27942412672490907, 0.24924325569099337, 0.2415617966177629, 0.22977082086633463], [0.24981414523648943, 0.25688586402010616, 0.24131872476664165, 0.2519812658767628]], "ideal": "A", "sampled": "C", "correct": false}}
{"type": "result", "data": {"idx": 44, "options": ["1", "3", "5", "7"], "probs": [[0.1965061396684517, 0.22890178515854598, 0.2814764040207064, 0.2931156710522959], [0.21541862714735371, 0.21483621528818625, 0.2989767655888692, 0.2707683918755908], [0.21665066801304741, 0.2409940546658154, 0.27411500025205976, 0.2682402769690774], [0.20899717196226525, 0.2254386808432404, 0.28580614495688444, 0.27975800213760993]], "ideal": "D", "sampled": "D", "correct": true}}
{"type": "result", "data": {"idx": 45, "options": ["True, True", "True, False", "False, True", "False, False"], "probs": [[0.3399587419307582, 0.2584218565076618, 0.20159116974284702, 0.200028231718733], [0.3221736203978108, 0.2529023549765415, 0.2167610791591445, 0.20816294536650326], [0.2720503170210717, 0.23812977612424138, 0.2744339365322049, 0.21538597022248207], [0.2784956478345743, 0.2848957265597515, 0.22943179990833862, 0.20717682559733555]], "ideal": "A", "sampled": "A", "correct": true}}
{"type": "result", "data": {"idx": 46, "options": ["\u03c0/12", "\u03c0/6", "\u03c0/3", "2\u03c0/3"], "probs": [[0.24337870968137446, 0.2397283869620617, 0.26774261595951104, 0.24915028729705277], [0.24344558246817335, 0.24360015221782821, 0.26382751056379833, 0.24912675465020012], [0.26010208156627773, 0.2405938845366798, 0.264571952887008, 0.23473208091003442], [0.25294803474907085, 0.24123809046404854, 0.2755809631355915, 0.2302329115512891]], "ideal": "B", "sampled": "D", "correct": false}}
{"type": "result", "data": {"idx": 47, "options": ["3", "pi", "3pi", "3/2"], "probs": [[0.2040312737022455, 0.2685258984297209, 0.2315937727458149, 0.2958490550222187], [0.23593749103570955, 0.25738298890401023, 0.2717633545126949, 0.23491616544758534], [0.2845798943777446, 0.284675291608855, 0.24262396265750905, 0.1881208512558913], [0.22022783425888778, 0.276602264069639, 0.2469208650502872, 0.256249036521186]], "ideal": "B", "sampled": "D", "correct": false}}
{"type": "result", "data": {"idx": 48, "options": ["Only (II)", "Only (IV )", "(I) and (IV )", "(II) and (III)"], "probs": [[0.24173354281155782, 0.20074026589236335, 0.33195748909588463, 0.2255687021001942], [0.2641440927718186, 0.23658479747790553, 0.26060631868617384, 0.23866479096410195], [0.26978896839652317, 0.2038844881501539, 0.31767536766591686, 0.20865117568740604], [0.22211361426366236, 0.22579874576760015, 0.28181539703402786, 0.2702722428347097]], "ideal": "C", "sampled": "C", "correct": true}}
{"type": "result", "data": {"idx": 49, "options": ["f is Riemann integrable.", "There does not exist a countably infinite E of R such that f is nondifferentiable at every x \\in E.", "There does not exist an uncountable subset E of R such that f is nondifferentiable at every x \\in E.", "None of the above."], "probs": [[0.23006505114616618, 0.27135306998390035, 0.27778610998275755, 0.2207957687871759], [0.25591053101308253, 0.20780721053234147, 0.24441325628776545, 0.29186900206681055], [0.2502472027812334, 0.2132597203858107, 0.2801088905021912, 0.2563841862307647], [0.15951084613662733, 0.2576657158574373, 0.3133601154562361, 0.2694633224496993]], "ideal": "D", "sampled": "B", "correct": false}}
{"type": "result", "data": {"idx": 50, "options": ["the open first quadrant", "a closed curve", "a ray in the open first quadrant", "a single point"], "probs": [[0.2971388653049926, 0.2136156079910821, 0.2602343222203743, 0.229011204383551], [0.2481932527799555, 0.2192242326997674, 0.23555793216790452, 0.29702458225237255], [0.273073102907752, 0.20238674873493695, 0.27895396529397376, 0.24558618296333723], [0.23833104185853407, 0.20383047172863872, 0.2728943309777573, 0.28494415533506995]], "ideal": "A", "sampled": "A", "correct": true}}
{"type": "result", "data": {"idx": 51, "options": ["1", "2", "p >= 1", "infinity"], "probs": [[0.2325638567060701, 0.25725299500713644, 0.2809313875294639, 0.22925176065732952], [0.2319848021041389, 0.27419333830137915, 0.21253065129388016, 0.28129120820060177], [0.23167468605108943, 0.2530192136511507, 0.27163800594474474, 0.24366809425301508], [0.21584511004643214, 0.27586848876885656, 0.20715111747392062, 0.30113528361079067]], "ideal": "B", "sampled": "C", "correct": false}}
{"type": "result", "data": {"idx": 52, "options": ["f is a homeomorphism.", "f is continuous and one-to-one", "f is continuous.", "f is one-to-one"], "probs": [[0.20172114380495024, 0.2641537346667384, 0.26930971556054883, 0.26481540586776253], [0.2267852161118878, 0.2914742274510589, 0.23152180358719956, 0.2502187527498538], [0.20509001305004435, 0.23402176446330164, 0.2505582235419796, 0.3103299988446744], [0.1970842121531073, 0.2821910805207415, 0.27840788414113654, 0.24231682308501465]], "ideal": "C", "sampled": "B", "correct": false}}
{"type": "result", "data": {"idx": 53, "options": ["12", "16", "12*sqrt(3)", "16*sqrt(3)"], "probs": [[0.17930438578408864, 0.20347363638411817, 0.37373479083213695, 0.24348718689965623], [0.2266204092666445, 0.29073709679821125, 0.27535283973075414, 0.2072896541043901], [0.24736250565912535, 0.24744887278810926, 0.27515273873509083, 0.23003588271767456], [0.23843040991010606, 0.23138260728087495, 0.2740620537759217, 0.2561249289330973]], "ideal": "C", "sampled": "C", "correct": true}}
{"type": "result", "data": {"idx": 54, "options": ["4", "7", "8", "12"], "probs": [[0.19779275372190575, 0.24547323243299865, 0.2851781930356508, 0.27155582070944484], [0.1921072722465324, 0.22758283869758067, 0.28582116532714247, 0.2944887236287444], [0.19714347407381855, 0.2297857655259256, 0.30237363137441425, 0.2706971289258416], [0.19824420209100557, 0.24993324649715382, 0.3040133759673413, 0.24780917534449928]], "ideal": "A", "sampled": "A", "correct": true}}
{"type": "result", "data": {"idx": 55, "options": ["|x| \u2265 0", "|x \u00b7 y| \u2264 |x||y|", "|x| = 0 if and only if x = 0", "|x + y| = |x| + |y|"], "probs": [[0.25465384123162993, 0.24152784047095677, 0.25930735466271365, 0.2445109635346996], [0.27003389996620614, 0.25579756876946896, 0.23463094581747598, 0.2395375853468489], [0.25224202117060407, 0.243004881029717, 0.23035707380980183, 0.27439602388987705], [0.2495666481240367, 0.24053915201015652, 0.24263969422893772, 0.267254505536869]], "ideal": "D", "sampled": "C", "correct": false}}
{"type": "result", "data": {"idx": 56, "options": ["4", "5", "6", "7"], "probs": [[0.211345493772353, 0.25300201771113473, 0.27356860038882663, 0.2620838880276857], [0.1991664677410774, 0.24819692216408584, 0.2519540861579379, 0.3006825238368988], [0.19832899265478585, 0.2359262923936443, 0.29324741042445407, 0.2724973044271158], [0.2030614614283633, 0.24909350273502412, 0.27745759484377525, 0.27038744089283734]], "ideal": "B", "sampled": "A", "correct": false}}
{"type": "result", "data": {"idx": 57, "options": ["1 only", "2 only", "0 and 1 only", "0, 1, and 2 only"], "probs": [[0.17394679458744974, 0.22603700185155984, 0.2514943813957509, 0.34852182206523946], [0.17790495817357574, 0.22208391956004173, 0.3370653290094038, 0.2629457931569787], [0.20097428558247216, 0.2670827507705634, 0.2575201391916247, 0.2744228243553397], [0.18860992140418328, 0.23990608331722418, 0.27889998011035133, 0.29258401506824117]], "ideal": "D", "sampled": "D", "correct": true}}
{"type": "result", "data": {"idx": 58, "options": ["2", "\u03c0", "4", "3\u03c0/2"], "probs": [[0.19982608257503423, 0.24400914112232713, 0.2775383169281858, 0.2786264592744528], [0.22045431524341555, 0.24095096768790347, 0.2936073076553875, 0.24498740931329346], [0.22640343148808043, 0.2590426349951484, 0.2629907868247025, 0.2515631465920687], [0.22534131182984088, 0.24830644570211374, 0.2756752751693208, 0.25067696719872457]], "ideal": "C", "sampled": "D", "correct": false}}
{"type": "result", "data": {"idx": 59, "options": ["9", "8", "0", "-5"], "probs": [[0.22620459714640337, 0.20214059344473884, 0.2749461747447031, 0.29670863456415464], [0.22486258220994676, 0.21399287024959412, 0.25233972822108913, 0.30880481921937], [0.18785140196369218, 0.20872365247194366, 0.31609100571229687, 0.2873339397520672], [0.2199009060639779, 0.21852099893292085, 0.26943224665808485, 0.2921458482450164]], "ideal": "A", "sampled": "A", "correct": true}}
{"type": "result", "data": {"idx": 60, "options": ["None", "One", "Two", "Three"], "probs": [[0.22093918414912903, 0.277416837668252, 0.2727115871951673, 0.22893239088745168], [0.2694049081983655, 0.27235575556682096, 0.2478364294397674, 0.2104029066950462], [0.29193537989415935, 0.25238316872601385, 0.2108134744729367, 0.2448679768068901], [0.27179014275053, 0.22411949596369957, 0.27247100659758555, 0.23161935458818486]], "ideal": "B", "sampled": "C", "correct": false}}
{"type": "result", "data": {"idx": 61, "options": ["20!/2^(10)", "10!/2^9", "10^(20) - 2^(10)", "10^(20) - 100"], "probs": [[0.2542692124589328, 0.20539462564321787, 0.28146743771599386, 0.25886872408185546], [0.24649208802547257, 0.23127341379753194, 0.22847665972352146, 0.293757838353474], [0.2519228831254712, 0.22059378683130731, 0.2764175020304322, 0.2510658279127893], [0.24387261995835063, 0.2378949295609202, 0.22988191929789076, 0.28835053108283837]], "ideal": "A", "sampled": "A", "correct": true}}
{"type": "result", "data": {"idx": 62, "options": ["It is possible to place an linear order relation \u2264 on the complex numbers C such that (C, +, \u00d7, \u2264) is not an ordered field.", "It is possible to place a linear order relation on the complex numbers C which make (C, +, \u00d7, \u2264) an ordered field.", "Neither (a) nor (b)", "Both (a) and (b)."], "probs": [[0.31721428650319244, 0.22219666671045915, 0.2155583340043089, 0.2450307126820395], [0.2885091433464181, 0.1702841745273734, 0.24088419558161556, 0.3003224864445929], [0.26379935358512785, 0.2039371011090725, 0.23566736363990617, 0.29659618156589346], [0.33545144908139213, 0.21682031575808708, 0.21732731290427007, 0.23040092215625071]], "ideal": "A", "sampled": "A", "correct": true}}
{"type": "result", "data": {"idx": 63, "options": ["1/4", "1/3", "1/2", "2/3"], "probs": [[0.26456166320169333, 0.25014440339206595, 0.2773225994635511, 0.20797133384268968], [0.27412523591197535, 0.28440092719925397, 0.24536705407876086, 0.19610678271000984], [0.28224663661965677, 0.26670687195792114, 0.24903704600360396, 0.20200944531881812], [0.2609571516252867, 0.23932559785833826, 0.2778789996822951, 0.2218382507340799]], "ideal": "D", "sampled": "C", "correct": false}}
{"type": "result", "data": {"idx": 64, "options": ["The integers under addition", "The nonzero integers under multiplication", "The nonzero real numbers under multiplication", "The complex numbers under addition"], "probs": [[0.22787645325029732, 0.25203119227935994, 0.28505064753129555, 0.2350417068390472], [0.24296297896569288, 0.26618587174776065, 0.25739067023234574, 0.23346047895420066], [0.22413691876077418, 0.2558892965060883, 0.2598000466563778, 0.26017373797675974], [0.23029226062379085, 0.2573916315775018, 0.2530889808878533, 0.259227126810854]], "ideal": "B", "sampled": "C", "correct": false}}
{"type": "result", "data": {"idx": 65, "options": ["4x + 6y", "x + y + 5", "9x + 4y", "4x - 9y"], "probs": [[0.24774159105959845, 0.20597943092221005, 0.2796201234606485, 0.266658854457543], [0.2293372967412403, 0.20969875779733435, 0.26737508971923374, 0.2935888556421916], [0.25627527783969045, 0.19890826337620526, 0.308885647722841, 0.2359308109612633], [0.2462439722506919, 0.21368053871760595, 0.26183522135135645, 0.2782402675803457]], "ideal": "D", "sampled": "A", "correct": false}}
{"type": "result", "data": {"idx": 66, "options": ["0", "-2", "-sqrt(34)", "-sqrt(35)"], "probs": [[0.20250158311639158, 0.2189516159516909, 0.31685165039785645, 0.26169515043406105], [0.23392321515609896, 0.24772349366636648, 0.24393058184226737, 0.2744227092352672], [0.2486499547709724, 0.19841730592650836, 0.292721778125101, 0.26021096107741826], [0.21655099737120787, 0.23584506616156403, 0.2277595617471733, 0.3198443746200548]], "ideal": "C", "sampled": "C", "correct": true}}
{"type": "result", "data": {"idx": 67, "options": ["II only", "III only", "I and II only", "I and III only"], "probs": [[0.21653575225084418, 0.2686475395002144, 0.3037254674253662, 0.21109124072357519], [0.23733941854637597, 0.28241204791803237, 0.26488115986200056, 0.21536737357359112], [0.308977677298479, 0.2751455131708096, 0.24458078640849895, 0.1712960230222124], [0.26000172672061045, 0.26726455290221457, 0.25078309327189935, 0.22195062700527562]], "ideal": "D", "sampled": "C", "correct": false}}
{"type": "result", "data": {"idx": 68, "options": ["\u03c0/3", "\u03c0/4", "\u03c0", "2\u03c0"], "probs": [[0.24317728745957448, 0.23429825201378982, 0.2739216901409382, 0.2486027702856975], [0.21305089331674615, 0.23827084116552283, 0.2597937363064889, 0.28888452911124207], [0.20852473065370147, 0.22420568427875187, 0.3060068740239672, 0.26126271094357945], [0.24008110878692657, 0.2365590553213744, 0.3050168843267386, 0.2183429514649604]], "ideal": "A", "sampled": "A", "correct": true}}
{"type": "result", "data": {"idx": 69, "options": ["Sunday", "Monday", "Tuesday", "Wednesday"], "probs": [[0.21315768358960036, 0.2416231333967819, 0.25203776357037727, 0.29318141934324043], [0.19157272004438844, 0.24564030031965575, 0.3341482479790013, 0.2286387315569545], [0.23535580930740466, 0.33197975155371606, 0.20676159856635998, 0.22590284047251927], [0.24515518908962577, 0.24469624821922362, 0.2557801046082913, 0.2543684579828593]], "ideal": "A", "sampled": "D", "correct": false}}
{"type": "result", "data": {"idx": 70, "options": ["\u221248/\u03c0 cm/min", "\u22124/(3\u03c0) cm/min", "\u22128/(3\u03c0) cm/min", "\u221216/(3\u03c0) cm/min"], "probs": [[0.2722502472240284, 0.2143709010135246, 0.24763942869389663, 0.26573942296855035], [0.2713498174872846, 0.21333149073374802, 0.25888484713826554, 0.25643384454070184], [0.2686856090753806, 0.204834789017221, 0.2559905051929068, 0.2704890966144916], [0.2651847758734148, 0.199015480201339, 0.2729636295143171, 0.26283611431092907]], "ideal": "D", "sampled": "B", "correct": false}}
{"type": "result", "data": {"idx": 71, "options": ["The system is consistent.", "The system has infinitely many solutions.", "The sum of any two solutions is a solution.", "Every solution is a scalar multiple of (-5, 1, 1, 0)."], "probs": [[0.2588196319434617, 0.22445695921152498, 0.22620736876230255, 0.29051603998271075], [0.27029352571962834, 0.2100809749726686, 0.24349188076529193, 0.27613361844241113], [0.26350009831386473, 0.22850872914456177, 0.23040607912629618, 0.27758509331527725], [0.27345924751827644, 0.22304118502767126, 0.2283776483194841, 0.27512191903456823]], "ideal": "D", "sampled": "D", "correct": true}}
{"type": "result", "data": {"idx": 72, "options": ["f(c)", "f(e^c)", "f(1/c)", "f(log c)"], "probs": [[0.21288782673268258, 0.23377587247203332, 0.2670204976980173, 0.2863158029972668], [0.20932089032697246, 0.23715125098531695, 0.29712761654698167, 0.2564002420407289], [0.19218343208025168, 0.22508181293916238, 0.31551476839732895, 0.26721998648325695], [0.2138200763792579, 0.2583795266602203, 0.27752763857234747, 0.25027275828817436]], "ideal": "D", "sampled": "A", "correct": false}}
{"type": "result", "data": {"idx": 73, "options": ["I only", "II only", "III only", "I and II only"], "probs": [[0.2127502709414401, 0.24656669793047487, 0.2617685198522106, 0.2789145111758744], [0.21356899079471514, 0.25493590881647804, 0.2750620122696169, 0.25643308801918985], [0.2165444778773845, 0.2628495497105762, 0.25829679827068164, 0.2623091740413577], [0.24795262882543573, 0.26549479758311945, 0.2489598132265966, 0.2375927602648482]], "ideal": "D", "sampled": "D", "correct": true}}
{"type": "result", "data": {"idx": 74, "options": ["1/(2e)", "1/e", "e^2/2", "2e"], "probs": [[0.248598694859995, 0.23215054079651684, 0.2990315377990467, 0.2202192264444415], [0.21314874826555458, 0.24790563068716887, 0.2644484818708877, 0.27449713907638884], [0.19880839282695362, 0.22428300152809716, 0.31646735416071015, 0.26044125138423907], [0.2167000705770494, 0.2478935644410444, 0.28156693927908777, 0.25383942560281847]], "ideal": "C", "sampled": "A", "correct": false}}
{"type": "result", "data": {"idx": 75, "options": ["H = 50", "T >= 60", "51 <= H <= 55", "H >= 48 and T >= 48"], "probs": [[0.19456142765011156, 0.22718592662881665, 0.33114735275614876, 0.24710529286492303], [0.22936791302247472, 0.2576427603915326, 0.2877349383701278, 0.22525438811586485], [0.22516847996656358, 0.2448075559375785, 0.27571435423205987, 0.2543096097637981], [0.20028358101109658, 0.2309256299022909, 0.26834730510772864, 0.30044348387888387]], "ideal": "D", "sampled": "C", "correct": false}}
{"type": "result", "data": {"idx": 76, "options": ["True, True", "True, False", "False, True", "False, False"], "probs": [[0.3178118812394005, 0.24956876408895756, 0.21736046993586106, 0.21525888463578086], [0.30566337701601876, 0.2440860718244607, 0.22994257507408977, 0.22030797598543075], [0.2635297218227566, 0.2308425043418012, 0.28352725925482125, 0.22210051448062096], [0.2747234485686311, 0.2684707125297151, 0.2491387649864791, 0.20766707381517466]], "ideal": "D", "sampled": "A", "correct": false}}
{"type": "result", "data": {"idx": 77, "options": ["2", "1", "0", "-1"], "probs": [[0.23691355395670544, 0.2086643489588555, 0.262288727206249, 0.29213336977819004], [0.22829553482633733, 0.19477164743383094, 0.26817536351383187, 0.30875745412599986], [0.22453401311375426, 0.21015031007363028, 0.28027000185220147, 0.285045674860414], [0.23041115815653063, 0.22563369715140774, 0.27370281373488836, 0.27025233085717326]], "ideal": "C", "sampled": "A", "correct": false}}
