{"type": "result", "data": {"idx": 0, "options": ["0", "4", "2", "6"], "probs": [[0.12492517473733766, 0.39716407948608273, 0.16331751764659216, 0.3145932280299874], [0.1943705888924574, 0.43790588801121116, 0.21390247876729201, 0.15382104422903942], [0.2067785863951633, 0.28715681186105285, 0.11263052467102963, 0.3934340769727542], [0.14115863808996273, 0.1959909226690272, 0.3341056108831096, 0.32874482825790047]], "ideal": "B", "sampled": "B", "correct": true}}
{"type": "result", "data": {"idx": 1, "options": ["8", "2", "24", "120"], "probs": [[0.24605517660395518, 0.5374552406781181, 0.06951259562003642, 0.14697698699789027], [0.3157931581604749, 0.28753295947421553, 0.14259053980558892, 0.2540833424597207], [0.28573782100369544, 0.30893704970540864, 0.2372710974820288, 0.1680540317088671], [0.37813967863172915, 0.40880260542142693, 0.07817988795868562, 0.13487782788815822]], "ideal": "C", "sampled": "A", "correct": false}}
{"type": "result", "data": {"idx": 2, "options": ["0", "1", "0,1", "0,4"], "probs": [[0.16782874367432607, 0.22204785708495342, 0.44472811946975765, 0.16539527967096285], [0.0767951375527424, 0.7890967041683485, 0.03531074856638867, 0.0987974096125204], [0.2822827352851934, 0.18471588353895685, 0.18582834472839527, 0.3471730363474545], [0.13039155108829448, 0.45493378552814134, 0.07463428266145072, 0.34004038062211345]], "ideal": "D", "sampled": "C", "correct": false}}
{"type": "result", "data": {"idx": 3, "options": ["True, True", "False, False", "True, False", "False, True"], "probs": [[0.4265052568413845, 0.31698296887906896, 0.17250486487682065, 0.08400690930272589], [0.19159105355545167, 0.3110387258694512, 0.14477736835055435, 0.3525928521245427], [0.39311634758064756, 0.33106743669426364, 0.2173771370473472, 0.05843907857774159], [0.438175098486203, 0.3632837370898036, 0.08240540631801639, 0.11613575800597699]], "ideal": "B", "sampled": "A", "correct": false}}
{"type": "result", "data": {"idx": 4, "options": ["2x^2 + 5", "6x^2 + 4x + 6", "0", "x^2 + 1"], "probs": [[0.1666532276642984, 0.6592903603196858, 0.05013541114042327, 0.12392100077559254], [0.5189554845456529, 0.17926613028838076, 0.07845936948645424, 0.22331901557951217], [0.10119590162218937, 0.21103243527686275, 0.13857708869978821, 0.5491945743011596], [0.2257542960794384, 0.2119963060402148, 0.4295353080977393, 0.13271408968260748]], "ideal": "B", "sampled": "B", "correct": true}}
{"type": "result", "data": {"idx": 5, "options": ["True, True", "False, False", "True, False", "False, True"], "probs": [[0.31544088374080276, 0.30106811815266804, 0.2498801722908428, 0.13361082571568642], [0.18110691689646038, 0.36029912407226417, 0.15033293586957938, 0.30826102306169606], [0.23906083046398846, 0.34256001793058366, 0.31226777561957586, 0.10611137588585202], [0.27087877005248817, 0.406761896771104, 0.11130194696570872, 0.21105738611069902]], "ideal": "A", "sampled": "A", "correct": true}}
{"type": "result", "data": {"idx": 6, "options": ["True, True", "False, False", "True, False", "False, True"], "probs": [[0.3405038416045147, 0.3005517422852372, 0.26136228439578457, 0.0975821316144636], [0.1287825516100325, 0.3557178569760487, 0.14840162846745308, 0.36709796284646573], [0.25220641961046303, 0.36135826184262027, 0.3292642892803357, 0.057171029166581004], [0.3114902992392753, 0.4825732574063832, 0.08391413086581344, 0.1220223123885281]], "ideal": "A", "sampled": "A", "correct": true}}
{"type": "result", "data": {"idx": 7, "options": ["True, True", "False, False", "True, False", "False, True"], "probs": [[0.4097482592184001, 0.2905817053219794, 0.2096162304789037, 0.09005380488071682], [0.2107310381103118, 0.29726113980237895, 0.149675796920716, 0.34233202506659327], [0.3271553266787503, 0.3429007282942468, 0.2634510138881657, 0.0664929310388372], [0.4421286615445801, 0.3285816037965674, 0.11918678222288999, 0.11010295233596247]], "ideal": "D", "sampled": "A", "correct": false}}
{"type": "result", "data": {"idx": 8, "options": ["0", "4", "2", "6"], "probs": [[0.15074010641081054, 0.3790564053590448, 0.1969920008281173, 0.2732114873020274], [0.2197610801167394, 0.5189746772418405, 0.12155384186345264, 0.1397104006779674], [0.2091393541656152, 0.22973913586304198, 0.11747232385770748, 0.44364918601363534], [0.12929254768986004, 0.1660226881338036, 0.3689298927415036, 0.3357548713348327]], "ideal": "B", "sampled": "B", "correct": true}}
{"type": "result", "data": {"idx": 9, "options": ["1", "2", "2,3", "6"], "probs": [[0.14585659744518073, 0.2517595178340661, 0.32498525117134014, 0.277398633449413], [0.16601571191653872, 0.39172702440089197, 0.1718691412654141, 0.2703881223171552], [0.22321607502874877, 0.2606748381096941, 0.16895473253460075, 0.3471543542269564], [0.14482645688992868, 0.3419675230637952, 0.09224988519222917, 0.420956134754047]], "ideal": "C", "sampled": "C", "correct": true}}
{"type": "result", "data": {"idx": 10, "options": ["True, True", "False, False", "True, False", "False, True"], "probs": [[0.35600110884921127, 0.3505462109692026, 0.21274557707566452, 0.0807071030059216], [0.14733303642787324, 0.3373621303291878, 0.17788449887986837, 0.33742033426307055], [0.22034622575029958, 0.34136364297406274, 0.37514785113547994, 0.06314228004015772], [0.27420254108981734, 0.459321445067115, 0.11261779226484837, 0.15385822147821931]], "ideal": "C", "sampled": "A", "correct": false}}
{"type": "result", "data": {"idx": 11, "options": ["symmetric only", "anti-symmetric only", "both symmetric and anti-symmetric", "an equivalence relation"], "probs": [[0.1383420166976087, 0.15198693488566917, 0.5478917114831213, 0.1617793368336008], [0.12263577992530503, 0.623205235192366, 0.09412966527400377, 0.1600293195083252], [0.23736533520232242, 0.3195028900780656, 0.3099213838267349, 0.13321039079287708], [0.15610556186586041, 0.3205725824469683, 0.11793204307917579, 0.4053898125079955]], "ideal": "C", "sampled": "C", "correct": true}}
{"type": "result", "data": {"idx": 12, "options": ["1", "2", "5", "11"], "probs": [[0.18324451146677534, 0.28396251794836463, 0.1185959130406993, 0.41419705744416074], [0.23925943670264418, 0.19224025307163442, 0.4209612011488524, 0.147539108976869], [0.15420166116011877, 0.7022480577198179, 0.08021743088806468, 0.06333285013199867], [0.35513108435996876, 0.3494730539348971, 0.09280069033170543, 0.20259517127342874]], "ideal": "A", "sampled": "D", "correct": false}}
{"type": "result", "data": {"idx": 13, "options": ["(x \u2212 2)(x + 2)(x \u2212 1)", "(x + 1)(x + 4)(x \u2212 2)", "(x + 1)(x \u2212 4)(x \u2212 2)", "(x - 1)(x \u2212 4)(x \u2212 2)"], "probs": [[0.39941807089409787, 0.11266606625286855, 0.0751110957818955, 0.41280476697113805], [0.30022406502726157, 0.13324737347980917, 0.09312980033038137, 0.47339876106254786], [0.4619555048911069, 0.16213453418386384, 0.0910835225447648, 0.2848264382802644], [0.4182644501590608, 0.14455488376570685, 0.055786814742868014, 0.38139385123236436]], "ideal": "C", "sampled": "A", "correct": false}}
{"type": "result", "data": {"idx": 14, "options": ["6", "12", "30", "105"], "probs": [[0.17559302374731992, 0.2476675732981127, 0.21554689749549752, 0.3611925053590698], [0.18461544809879463, 0.18459700046123848, 0.4371634721318818, 0.1936240792080851], [0.21347036737872502, 0.43800752981142255, 0.21060907603834467, 0.1379130266715078], [0.25040967389268504, 0.4393364088991417, 0.14069913955261115, 0.16955477755556211]], "ideal": "C", "sampled": "D", "correct": false}}
{"type": "result", "data": {"idx": 15, "options": ["True, True", "False, False", "True, False", "False, True"], "probs": [[0.4090063121130977, 0.24047977324108383, 0.23328930758254457, 0.1172246069632739], [0.2243168998590698, 0.3114944258842814, 0.16686203328213256, 0.29732664087451627], [0.30118568543674823, 0.3156797775715682, 0.2968266186910049, 0.08630791820067868], [0.35909128720583716, 0.33214083805548966, 0.12814885567559098, 0.18061901896308222]], "ideal": "B", "sampled": "A", "correct": false}}
{"type": "result", "data": {"idx": 16, "options": ["1", "-1", "i", "-i"], "probs": [[0.06907551657750911, 0.04533250951314563, 0.545183056405992, 0.3404089174033533], [0.09441399784367376, 0.6871357713057453, 0.1376529217594208, 0.08079730899116012], [0.17391922938687804, 0.7102590162171926, 0.047646000978674864, 0.06817575331725456], [0.42005162637474797, 0.08146630651631, 0.03616791406787903, 0.462314152941063]], "ideal": "C", "sampled": "C", "correct": true}}
{"type": "result", "data": {"idx": 17, "options": ["(1,1)", "(3,1)", "(1,6)", "(3,6)"], "probs": [[0.20246164347843051, 0.3967021673766776, 0.09153103014260874, 0.30930515890228316], [0.14167589158900262, 0.15812979872626973, 0.473562784051668, 0.22663152553305965], [0.20077872130508487, 0.43209957989377284, 0.11296258878072456, 0.2541591099204177], [0.19311474837263712, 0.2223488009453631, 0.3244254387419476, 0.26011101184005214]], "ideal": "C", "sampled": "D", "correct": false}}
{"type": "result", "data": {"idx": 18, "options": ["multiplication is not a binary operation", "multiplication is not associative", "identity element does not exist", "zero has no inverse"], "probs": [[0.25869854511122126, 0.5653038451909813, 0.07775053894485752, 0.09824707065293987], [0.778066456240095, 0.11036773769943915, 0.044609867031881634, 0.06695593892858426], [0.12432976335731728, 0.1047511621480147, 0.11870409737366908, 0.652214977020999], [0.18395935545391112, 0.15497914416966202, 0.4557196931299732, 0.2053418071464537]], "ideal": "D", "sampled": "B", "correct": false}}
{"type": "result", "data": {"idx": 19, "options": ["True, True", "False, False", "True, False", "False, True"], "probs": [[0.4166935948857191, 0.3296005700973839, 0.1741664992533317, 0.07953933566356529], [0.1804116544008394, 0.3118111835378208, 0.11320236492816622, 0.3945747970331736], [0.3186801827225212, 0.37263692736012477, 0.23757057317635374, 0.07111231664100026], [0.3659941933532826, 0.38955862196868135, 0.09420437575391484, 0.15024280882412122]], "ideal": "A", "sampled": "A", "correct": true}}
{"type": "result", "data": {"idx": 20, "options": ["True, True", "False, False", "True, False", "False, True"], "probs": [[0.4549407924633704, 0.3226461684184026, 0.1433245826866608, 0.07908845633156625], [0.15272329518574174, 0.3038810147952985, 0.15297809013717312, 0.3904175997817867], [0.2413201313871214, 0.3299263094786219, 0.36276241863048575, 0.06599114040377096], [0.33589252075414483, 0.41810970559760263, 0.11440875124363734, 0.1315890223046152]], "ideal": "A", "sampled": "A", "correct": true}}
{"type": "result", "data": {"idx": 21, "options": ["2x^2 + 5", "6x^2 + 4x + 6", "0", "x^2 + 1"], "probs": [[0.13283948351530991, 0.6854085197842069, 0.052945899716948144, 0.12880609688353503], [0.4983984379030158, 0.19203627334429185, 0.07775980928595391, 0.23180547936673843], [0.1036789573899463, 0.1999481037055287, 0.11588604088373962, 0.5804868979207853], [0.19670176504075462, 0.21258096394797255, 0.4445802568944763, 0.14613701401679652]], "ideal": "A", "sampled": "B", "correct": false}}
{"type": "result", "data": {"idx": 22, "options": ["True, True", "False, False", "True, False", "False, True"], "probs": [[0.41848702343896793, 0.32596613496413934, 0.16917080419290514, 0.08637603730398756], [0.1647632693369839, 0.36564137983180345, 0.12062065122380669, 0.3489746995074059], [0.23898517459887478, 0.2883294745309423, 0.41319214216084577, 0.0594932086093371], [0.4227880018562781, 0.36168025034206996, 0.07824187316936808, 0.1372898745322839]], "ideal": "D", "sampled": "A", "correct": false}}
{"type": "result", "data": {"idx": 23, "options": ["semi group with identity", "commutative semigroups with identity", "group", "abelian group"], "probs": [[0.1719908884002469, 0.183209420483163, 0.30228269825217013, 0.34251699276441994], [0.09710175015033762, 0.6960597789200915, 0.14602552679268016, 0.06081294403689067], [0.21881318250705759, 0.7523910374035003, 0.019752770287779584, 0.00904300970166251], [0.5800893846402427, 0.25742834221124, 0.05839830062683634, 0.10408397242168087]], "ideal": "D", "sampled": "D", "correct": true}}
{"type": "result", "data": {"idx": 24, "options": ["True, True", "False, False", "True, False", "False, True"], "probs": [[0.3478544742799951, 0.3070320899756429, 0.24697367862534333, 0.09813975701901864], [0.13215232091047557, 0.33231950298084834, 0.12824507247484376, 0.40728310353383235], [0.27139765223678214, 0.3828064231400824, 0.2760903557567651, 0.0697055687663704], [0.3265225144958675, 0.4326470896475805, 0.09814932502647275, 0.1426810707300793]], "ideal": "B", "sampled": "A", "correct": false}}
{"type": "result", "data": {"idx": 25, "options": ["subgroup", "finite abelian group", "infinite, non abelian group", "ininite, abelian"], "probs": [[0.2114345721905926, 0.2118388109185252, 0.4578782030549518, 0.11884841373593037], [0.07637113749862405, 0.8361496566304331, 0.027805958611835036, 0.05967324715910784], [0.6027883864232549, 0.25126346849647063, 0.04889354463589929, 0.09705460034437519], [0.23804547244977917, 0.2920727475004298, 0.16719615706911867, 0.3026856228806724]], "ideal": "C", "sampled": "C", "correct": true}}
{"type": "result", "data": {"idx": 26, "options": ["True, True", "False, False", "True, False", "False, True"], "probs": [[0.4018500983037521, 0.2987039342417046, 0.19620720747822626, 0.10323875987631703], [0.19423869250262507, 0.4049963950705843, 0.11798989771616732, 0.28277501461062327], [0.27490210643172885, 0.35309960731764345, 0.30248197735244386, 0.06951630879818384], [0.3405615217852344, 0.4306431572693273, 0.08898084941290293, 0.13981447143253534]], "ideal": "C", "sampled": "A", "correct": false}}
{"type": "result", "data": {"idx": 27, "options": ["Yes, with p=2.", "Yes, with p=3.", "Yes, with p=5.", "No."], "probs": [[0.4651155492129395, 0.19976401626472684, 0.09752004756428843, 0.23760038685804521], [0.27317627854631044, 0.1629675304284515, 0.13966031163040465, 0.4241958792948334], [0.314649760691649, 0.1998479813137478, 0.22010515628044158, 0.2653971016141616], [0.048630321421602944, 0.726588094624604, 0.09245739453918243, 0.13232418931461057]], "ideal": "B", "sampled": "A", "correct": false}}
{"type": "result", "data": {"idx": 28, "options": ["True, True", "False, False", "True, False", "False, True"], "probs": [[0.29724367121270623, 0.3164998747166452, 0.23906660498970503, 0.14718984898094353], [0.16986719502893768, 0.30770443491372057, 0.18967857107060218, 0.33274979888673956], [0.2422896189790563, 0.3364648448204074, 0.32634990612245324, 0.0948956299780831], [0.2795483171660301, 0.37627199288420204, 0.13636311887331132, 0.2078165709764565]], "ideal": "D", "sampled": "A", "correct": false}}
{"type": "result", "data": {"idx": 29, "options": ["True, True", "False, False", "True, False", "False, True"], "probs": [[0.4259609725902711, 0.25842442821319017, 0.23922392238620002, 0.07639067671033871], [0.1897148568099693, 0.3833577191685592, 0.11884339454910113, 0.3080840293723704], [0.32213749418241006, 0.3074558560216445, 0.3225174440131396, 0.04788920568280583], [0.37141629283387423, 0.40168240076354084, 0.09850589027050881, 0.12839541603207613]], "ideal": "A", "sampled": "A", "correct": true}}
{"type": "result", "data": {"idx": 30, "options": ["True, True", "False, False", "True, False", "False, True"], "probs": [[0.38714581147217897, 0.3694675211318288, 0.18017212776271638, 0.06321453953327588], [0.13081892348866866, 0.32898730565392487, 0.15549716683433418, 0.3846966039230723], [0.24809756214252948, 0.37839104009927066, 0.32388026604886466, 0.0496311316093352], [0.29927713203381534, 0.4783532524980148, 0.10514083386987187, 0.11722878149829793]], "ideal": "B", "sampled": "A", "correct": false}}
{"type": "result", "data": {"idx": 31, "options": ["commutative semi group", "abelian group", "non-abelian group", "None of these"], "probs": [[0.043681414476785335, 0.9055822215181666, 0.02339001827529558, 0.027346345629752467], [0.531013824325086, 0.4072572876772144, 0.02263360257979811, 0.03909528531790139], [0.31866218212060554, 0.2261195528525692, 0.07008471770995134, 0.38513354721687393], [0.061792415404175315, 0.1437998258543944, 0.3910210603844108, 0.40338669825701945]], "ideal": "B", "sampled": "B", "correct": true}}
{"type": "result", "data": {"idx": 32, "options": ["True, True", "False, False", "True, False", "False, True"], "probs": [[0.38837056682819066, 0.2978472588865491, 0.22151076621646482, 0.09227140796879543], [0.16374939190450777, 0.32579742887942126, 0.14694457806832664, 0.36350860104774435], [0.26576829250965534, 0.2965664300387293, 0.3810718697793271, 0.05659340757228827], [0.3752288417634789, 0.3581248112176881, 0.10266648022299554, 0.16397986669583742]], "ideal": "A", "sampled": "A", "correct": true}}
{"type": "result", "data": {"idx": 33, "options": ["g = g^-1 for every g in G", "g = g^2 for every g in G", "(g o h)^2 = g^2 o h^2 for every g,h in G", "G is of finite order"], "probs": [[0.3887556377035354, 0.10795856689450693, 0.20504967255181952, 0.2982361227501381], [0.18455822007695355, 0.6648015106817251, 0.05633957080078262, 0.09430069834053871], [0.5889454062869917, 0.19725318838928094, 0.06716536184966541, 0.14663604337406203], [0.12828442166317203, 0.19266455933019833, 0.07547830620819351, 0.6035727126984362]], "ideal": "C", "sampled": "C", "correct": true}}
{"type": "result", "data": {"idx": 34, "options": ["True, True", "False, False", "True, False", "False, True"], "probs": [[0.3922812669501912, 0.3103491090698814, 0.1883947118063727, 0.10897491207355466], [0.19532713326891535, 0.36502346653391476, 0.12236475031606961, 0.3172846497811003], [0.24557619918548712, 0.3463944442761085, 0.29198863664346725, 0.11604071979493713], [0.33477085825433417, 0.39146563406844315, 0.08878849445885643, 0.1849750131183662]], "ideal": "A", "sampled": "A", "correct": true}}
{"type": "result", "data": {"idx": 35, "options": ["0", "4", "2", "6"], "probs": [[0.1443237003136614, 0.340934892914468, 0.2136707284040599, 0.30107067826781064], [0.17356417615848682, 0.6058534148238278, 0.09157623895541427, 0.12900616996227107], [0.20216355328217758, 0.24013065514936777, 0.1153401617691858, 0.44236562969926885], [0.12411661259905181, 0.21117624323675896, 0.2757695871946179, 0.3889375568695713]], "ideal": "B", "sampled": "C", "correct": false}}
{"type": "result", "data": {"idx": 36, "options": ["0", "1", "11", "22"], "probs": [[0.19730239810606134, 0.36885544104381224, 0.18014980582358284, 0.2536923549265436], [0.2452448831180397, 0.29595475503957824, 0.1715891309927437, 0.28721123074963834], [0.3045217854438876, 0.26880576002268186, 0.16586432607909926, 0.26080812835433126], [0.23485181083196024, 0.27905056293573804, 0.16432492678198457, 0.3217726993503171]], "ideal": "D", "sampled": "C", "correct": false}}
{"type": "result", "data": {"idx": 37, "options": ["Yes, with p=2.", "Yes, with p=3.", "Yes, with p=5.", "No."], "probs": [[0.5526882368318268, 0.15334154549688353, 0.08089456646159056, 0.21307565110969912], [0.28287237007116567, 0.13567257936972996, 0.16910949117560062, 0.41234555928350375], [0.3647500411168051, 0.21773492314419204, 0.19258148105387635, 0.22493355458512654], [0.05624155022041064, 0.7530947319968553, 0.07698345785806368, 0.11368025982467038]], "ideal": "B", "sampled": "A", "correct": false}}
{"type": "result", "data": {"idx": 38, "options": ["1", "2", "3", "4"], "probs": [[0.6604828514009462, 0.23919074566699408, 0.05095836645429333, 0.049368036377766406], [0.4653929752190196, 0.3100009250703363, 0.039427239297011474, 0.18517886031363265], [0.4517325133666177, 0.13775418028372927, 0.3412402773301465, 0.06927302891950655], [0.09325284805203218, 0.8444664148811104, 0.01752908769446128, 0.04475164927239614]], "ideal": "C", "sampled": "A", "correct": false}}
{"type": "result", "data": {"idx": 39, "options": ["True, True", "False, False", "True, False", "False, True"], "probs": [[0.3919536324960822, 0.24531704761178919, 0.2696090835953947, 0.09312023619673386], [0.17294706531335272, 0.541228894397353, 0.08979436076126368, 0.19602967942803065], [0.26336653840739965, 0.3031872077048379, 0.3603012102347378, 0.07314504355302455], [0.4328983659177497, 0.37614556582764036, 0.07071793718349163, 0.12023813097111828]], "ideal": "D", "sampled": "A", "correct": false}}
{"type": "result", "data": {"idx": 40, "options": ["0", "1", "-1", "12"], "probs": [[0.4378640916664824, 0.38600504106889727, 0.07525590005318844, 0.1008749671114319], [0.6933094819688234, 0.21779946858977633, 0.025322912116854918, 0.06356813722454532], [0.4592694273240636, 0.18261334026099985, 0.1807095530342717, 0.1774076792806649], [0.28881987496080824, 0.2714418430140099, 0.17946640877916237, 0.26027187314601946]], "ideal": "C", "sampled": "B", "correct": false}}
{"type": "result", "data": {"idx": 41, "options": ["0", "3", "12", "30"], "probs": [[0.28263049472633467, 0.3745010979247774, 0.13586368750573485, 0.20700471974315307], [0.2612988650537499, 0.315281182496014, 0.14916259048877636, 0.27425736186145977], [0.21459315823801875, 0.22851646156681715, 0.26767524088293115, 0.2892151392122329], [0.19197590015291233, 0.38798888268117454, 0.18074309141958247, 0.23929212564633062]], "ideal": "A", "sampled": "A", "correct": true}}
{"type": "result", "data": {"idx": 42, "options": ["True, True", "False, False", "True, False", "False, True"], "probs": [[0.4292943541171165, 0.2997491404077047, 0.18503766035729488, 0.08591884501788398], [0.17667911681734338, 0.2824585991449036, 0.14223885322819052, 0.39862343070956247], [0.32469853997484227, 0.32991153244289406, 0.2740385552522575, 0.07135137223000608], [0.3588985043897623, 0.37036700377484405, 0.11137595273740158, 0.15935853899799207]], "ideal": "B", "sampled": "A", "correct": false}}
{"type": "result", "data": {"idx": 43, "options": ["True, True", "False, False", "True, False", "False, True"], "probs": [[0.447161555245506, 0.23940962550630196, 0.21819691357814827, 0.09523190557004377], [0.23582741088682818, 0.3596840718099489, 0.10153623442373053, 0.3029522827794924], [0.34395390745538124, 0.31820827719367356, 0.2480942904701094, 0.08974352478083583], [0.3673082021055987, 0.3617016699675247, 0.09742722731917784, 0.1735629005076988]], "ideal": "C", "sampled": "A", "correct": false}}
{"type": "result", "data": {"idx": 44, "options": ["True, True", "False, False", "True, False", "False, True"], "probs": [[0.3539081144372845, 0.2844555080965533, 0.22515907022916512, 0.13647730713699707], [0.21133602608129123, 0.29356457112317735, 0.17267560238939525, 0.32242380030613615], [0.28386600937582634, 0.3217637480297598, 0.29313718473492134, 0.10123305775949247], [0.33837265781275233, 0.3547288880806749, 0.11703665902149525, 0.18986179498507752]], "ideal": "C", "sampled": "A", "correct": false}}
{"type": "result", "data": {"idx": 45, "options": ["True, True", "False, False", "True, False", "False, True"], "probs": [[0.41638507504207006, 0.2952926986676347, 0.19683473860363598, 0.09148748758665928], [0.24719254301709795, 0.36539464640845704, 0.1477364577542558, 0.2396763527201892], [0.2911973790591063, 0.37394541025526584, 0.26122115811321417, 0.07363605247241367], [0.38381271120745686, 0.4022762625159281, 0.0986443050612099, 0.11526672111540519]], "ideal": "C", "sampled": "A", "correct": false}}
{"type": "result", "data": {"idx": 46, "options": ["True, True", "False, False", "True, False", "False, True"], "probs": [[0.4223900923778961, 0.2523017042161814, 0.2264917593889731, 0.09881644391694942], [0.3033354512298282, 0.3081842293687979, 0.10336374259383564, 0.2851165767075382], [0.38248881408853463, 0.30739119416835214, 0.21489551501140153, 0.09522447663171174], [0.48065876470275926, 0.29614992935453666, 0.0810675214208405, 0.1421237844218636]], "ideal": "B", "sampled": "A", "correct": false}}
{"type": "result", "data": {"idx": 47, "options": ["0", "2", "1", "3"], "probs": [[0.21133155488846703, 0.34845354111126786, 0.19278890808117985, 0.24742599581908525], [0.27319346634427055, 0.3562519986756628, 0.19400403524467283, 0.17655049963539377], [0.2553846132041396, 0.28489424917935363, 0.1412477449371044, 0.3184733925794024], [0.24838840949366586, 0.3091086631172934, 0.19374087115620542, 0.2487620561328353]], "ideal": "B", "sampled": "B", "correct": true}}
{"type": "result", "data": {"idx": 48, "options": ["True, True", "False, False", "True, False", "False, True"], "probs": [[0.45890514670476384, 0.34642376459878177, 0.13157532715747294, 0.06309576143898142], [0.21358989234882753, 0.40539279837924036, 0.11090508103643155, 0.27011222813550056], [0.28576664304098515, 0.37276149411890047, 0.281568002722359, 0.05990386001775543], [0.36713234133524536, 0.4226178291407479, 0.08725401143235653, 0.12299581799165021]], "ideal": "C", "sampled": "A", "correct": false}}
{"type": "result", "data": {"idx": 49, "options": ["8", "120", "240", "24"], "probs": [[0.06308965666362021, 0.6081694039766022, 0.18865203208759537, 0.14008890717218223], [0.3664192231644897, 0.3605708154632873, 0.1482757616768339, 0.12473419959538912], [0.14388432036046758, 0.2646462995933978, 0.1331859419566108, 0.4582834379895238], [0.1132641383923215, 0.17268811882699658, 0.5329321384076348, 0.18111560427304715]], "ideal": "B", "sampled": "B", "correct": true}}
{"type": "result", "data": {"idx": 50, "options": ["True, True", "False, False", "True, False", "False, True"], "probs": [[0.40119155050638766, 0.2845777400109686, 0.22184064483692031, 0.09239006454572342], [0.1912955925325817, 0.4380190935440504, 0.10911039180625344, 0.26157492201711446], [0.281549536386624, 0.33444526548988424, 0.29539665017573835, 0.08860854784775334], [0.33332996812087173, 0.4149441698858756, 0.10831998268832264, 0.14340587920493]], "ideal": "D", "sampled": "A", "correct": false}}
{"type": "result", "data": {"idx": 51, "options": ["0", "2", "1", "3"], "probs": [[0.21426638958695654, 0.337101638283398, 0.20168066022763467, 0.2469513118020108], [0.25644917745116785, 0.3449894579906312, 0.23024496551565812, 0.16831639894254286], [0.2390445690823337, 0.3021715671169057, 0.1364370177978042, 0.3223468459029564], [0.23524128861889754, 0.31161543993975016, 0.19840530138471177, 0.2547379699566405]], "ideal": "B", "sampled": "B", "correct": true}}
{"type": "result", "data": {"idx": 52, "options": ["6", "8", "4", "2"], "probs": [[0.24653999116965342, 0.2974445356478913, 0.1806344619496341, 0.2753810111328212], [0.2800410049867581, 0.3431863137261659, 0.18108337845953393, 0.19568930272754206], [0.26246326572513196, 0.46799515627125804, 0.12220746749443827, 0.14733411040917177], [0.22971119789832886, 0.31899624109069663, 0.14173060231786455, 0.30956195859311]], "ideal": "A", "sampled": "D", "correct": false}}
{"type": "result", "data": {"idx": 53, "options": ["True, True", "False, False", "True, False", "False, True"], "probs": [[0.509666525208641, 0.2814913517621904, 0.1330670773730909, 0.07577504555607764], [0.18020441978890847, 0.3315446325465769, 0.16171176444699753, 0.32653918311751706], [0.24698038396749708, 0.31227377053952765, 0.3654084801308481, 0.07533736526212721], [0.3287169189996013, 0.42879394755870953, 0.09426784093028093, 0.14822129241140822]], "ideal": "C", "sampled": "A", "correct": false}}
{"type": "result", "data": {"idx": 54, "options": ["0", "2", "1", "3"], "probs": [[0.059774307163999875, 0.7755595155938941, 0.05119338440407792, 0.1134727927380281], [0.2664061903570704, 0.581842210018962, 0.07177096180366335, 0.07998063772030431], [0.11938415255175955, 0.25683112097933586, 0.09601823668793354, 0.5277664896809711], [0.14974783957010063, 0.22483162729687498, 0.3541251805591998, 0.2712953524738246]], "ideal": "B", "sampled": "B", "correct": true}}
{"type": "result", "data": {"idx": 55, "options": ["True, True", "False, False", "True, False", "False, True"], "probs": [[0.38726539569991675, 0.2703864952766665, 0.25034803895676166, 0.09200006996665504], [0.15047340990429864, 0.3136679120744267, 0.13295587198333794, 0.40290280593793676], [0.3156548142117512, 0.33082178231745796, 0.2923292517369719, 0.06119415163381894], [0.3277789202501934, 0.42091508597017147, 0.11884457403028265, 0.1324614196493525]], "ideal": "A", "sampled": "A", "correct": true}}
{"type": "result", "data": {"idx": 56, "options": ["True, True", "False, False", "True, False", "False, True"], "probs": [[0.35937137781790146, 0.28880594866937415, 0.22163156172063903, 0.13019111169208536], [0.16101314605691658, 0.31532655102814705, 0.16627882914903433, 0.357381473665902], [0.21942346468521376, 0.3143659116622142, 0.38548462143095585, 0.08072600212161618], [0.34820036653078146, 0.3706957267165107, 0.11136870582936309, 0.16973520082334473]], "ideal": "D", "sampled": "A", "correct": false}}
{"type": "result", "data": {"idx": 57, "options": ["1", "2", "3", "4"], "probs": [[0.6401047682118138, 0.23917861191332707, 0.044261958280764124, 0.07645466149409497], [0.3020252990019802, 0.14268340673916874, 0.024794916566037103, 0.5304963775928139], [0.26635334488365875, 0.06947931801904304, 0.5913493168809338, 0.0728180201163643], [0.10959506309298744, 0.8227413539453936, 0.015070748799599097, 0.052592834062019846]], "ideal": "B", "sampled": "A", "correct": false}}
{"type": "result", "data": {"idx": 58, "options": ["True, True", "False, False", "True, False", "False, True"], "probs": [[0.4310353695915248, 0.24563513693737343, 0.22405746576929653, 0.09927202760180528], [0.24349950432949743, 0.3277080977209633, 0.12074596523586914, 0.3080464326136701], [0.30977482292925373, 0.30984205697005646, 0.291611886552883, 0.08877123344780678], [0.3656663109195035, 0.3382202487315348, 0.10332551905449677, 0.19278792119446492]], "ideal": "A", "sampled": "A", "correct": true}}
{"type": "result", "data": {"idx": 59, "options": ["True, True", "False, False", "True, False", "False, True"], "probs": [[0.42161946542175655, 0.3084762623193183, 0.18150464782901066, 0.08839962432991451], [0.20263358948588592, 0.30423924323854273, 0.13725900648651823, 0.3558681606890531], [0.30232107636289535, 0.3534920811299645, 0.2588968574741866, 0.08528998493295355], [0.3451480798549966, 0.3850827772958316, 0.12127611108017906, 0.14849303166899266]], "ideal": "A", "sampled": "A", "correct": true}}
{"type": "result", "data": {"idx": 60, "options": ["True, True", "False, False", "True, False", "False, True"], "probs": [[0.39837648866996245, 0.2695918042749017, 0.23438764756976668, 0.09764405938536916], [0.25140902959445666, 0.3774725878786401, 0.1116522351910035, 0.2594661472358998], [0.3567924445988709, 0.31490557913454065, 0.26126056517639973, 0.06704141099018875], [0.4307269132655095, 0.35158867001082267, 0.09617251185315903, 0.12151190477050876]], "ideal": "D", "sampled": "A", "correct": false}}
{"type": "result", "data": {"idx": 61, "options": ["True, True", "False, False", "True, False", "False, True"], "probs": [[0.39375512568090754, 0.30196471369069355, 0.19826869060807695, 0.10601146992032198], [0.156321103666853, 0.3635898719784654, 0.15409904257607124, 0.3259899816786104], [0.22195367182130846, 0.28507193495355515, 0.4283736283891142, 0.06460076473602215], [0.3241680312453594, 0.4163217606176119, 0.09898759571199568, 0.160522612325033]], "ideal": "D", "sampled": "A", "correct": false}}
{"type": "result", "data": {"idx": 62, "options": ["True, True", "False, False", "True, False", "False, True"], "probs": [[0.3804973959542293, 0.3058003782920213, 0.2274484038125518, 0.08625382184119762], [0.18666125454593235, 0.3277157740095829, 0.13671676137968233, 0.3489062099648024], [0.29316405473343077, 0.34824148462081417, 0.2889553710484756, 0.06963908949727948], [0.33799618227382977, 0.4014887779438684, 0.11511092546093525, 0.14540411422136654]], "ideal": "C", "sampled": "A", "correct": false}}
{"type": "result", "data": {"idx": 63, "options": ["not anti-symmetric", "transitive", "reflexive", "symmetric"], "probs": [[0.2124269385582473, 0.27711934880820893, 0.11929821666248061, 0.3911554958710632], [0.20648826041277885, 0.23402044967395985, 0.3743176050313232, 0.18517368478193805], [0.1893541273092854, 0.48369674331169504, 0.15716407169809093, 0.1697850575809286], [0.28088461512842455, 0.41513444732047894, 0.14137126082642007, 0.16260967662467646]], "ideal": "B", "sampled": "D", "correct": false}}
{"type": "result", "data": {"idx": 64, "options": ["1", "2", "infinitely many", "0"], "probs": [[0.11724560706635084, 0.7301439642176045, 0.11569350956713548, 0.03691691904890917], [0.1686093033728453, 0.617121268832641, 0.01697506168170479, 0.19729436601280895], [0.1653297915291766, 0.1459765201352526, 0.5427280906519605, 0.14596559758361033], [0.05740253305964588, 0.8184071321112069, 0.04691094270004557, 0.07727939202910165]], "ideal": "B", "sampled": "A", "correct": false}}
{"type": "result", "data": {"idx": 65, "options": ["True, True", "False, False", "True, False", "False, True"], "probs": [[0.37501121401787046, 0.24215740504281247, 0.2923327153405139, 0.09049866549880314], [0.18105441323793287, 0.34907051798023697, 0.12072494869197974, 0.3491501199898504], [0.2948497445631297, 0.2995471566750923, 0.3344568212157764, 0.07114627744600163], [0.3646289217673509, 0.3943176063484275, 0.09822501473953234, 0.14282845704468927]], "ideal": "C", "sampled": "A", "correct": false}}
{"type": "result", "data": {"idx": 66, "options": ["True, True", "False, False", "True, False", "False, True"], "probs": [[0.32514185194611345, 0.3627440387056724, 0.19433240880114236, 0.1177817004470718], [0.16980964702798973, 0.307573481211906, 0.15722813413484785, 0.3653887375252564], [0.2283565861737904, 0.39460844425734953, 0.28898729148673225, 0.08804767798212781], [0.31603226217158986, 0.4122326303100254, 0.11278392855136914, 0.1589511788670156]], "ideal": "D", "sampled": "A", "correct": false}}
{"type": "result", "data": {"idx": 67, "options": ["a,b in H=> a * b in H", "a in H => a^-1 in H", "a,b in H=> a * b^-1 in H", "H contains the identity element"], "probs": [[0.3614317422530462, 0.08064990369690751, 0.47970717425754017, 0.0782111796925061], [0.19627657265996, 0.6048228795379971, 0.07007239131771631, 0.12882815638432668], [0.23470819784713542, 0.628270488072079, 0.05326380421392536, 0.08375750976686021], [0.0637049672550893, 0.7072311612732122, 0.038683462740026923, 0.1903804086316716]], "ideal": "C", "sampled": "C", "correct": true}}
{"type": "result", "data": {"idx": 68, "options": ["(x \u2212 2)(x + 2)(x \u2212 1)(x + 1)", "(x+1)^4", "(x-1)(x+1)^3", "(x-1)^3(x+1)"], "probs": [[0.5807245394778842, 0.17981137400487288, 0.04774309339546226, 0.1917209930217807], [0.07041085290285565, 0.07387063456859343, 0.09489162972303244, 0.7608268827055185], [0.17162424368550944, 0.06314335582310537, 0.6802611958533826, 0.08497120453800254], [0.06973916841702234, 0.8241520292935395, 0.02823963495882111, 0.07786916723061711]], "ideal": "A", "sampled": "A", "correct": true}}
{"type": "result", "data": {"idx": 69, "options": ["True, True", "False, False", "True, False", "False, True"], "probs": [[0.4733959400672484, 0.27401831539201643, 0.16634173565675067, 0.08624400878398451], [0.20175695704844898, 0.2845849522911068, 0.16484430938238667, 0.34881378117805756], [0.34814060249633, 0.317034517450734, 0.2714109758971567, 0.06341390405577929], [0.4329068958326401, 0.3425046503201349, 0.10619688778053708, 0.11839156596668791]], "ideal": "A", "sampled": "A", "correct": true}}
{"type": "result", "data": {"idx": 70, "options": ["0", "-2", "a-2", "(2+a)*-1"], "probs": [[0.05299594706849822, 0.06201295712826165, 0.06402341079272267, 0.8209676849105174], [0.09593191884887413, 0.0659587393032923, 0.6586182214945303, 0.17949112025330327], [0.05755688091376341, 0.8079703154340921, 0.040929397226107424, 0.093543406326037], [0.6050451935732656, 0.19632493816802923, 0.04062998228013464, 0.1579998858785705]], "ideal": "D", "sampled": "D", "correct": true}}
{"type": "result", "data": {"idx": 71, "options": ["0", "4", "2", "6"], "probs": [[0.12323832612989574, 0.42367450169169923, 0.16623441006338574, 0.2868527620150193], [0.25502580971758465, 0.49149341484817516, 0.11697095147775782, 0.13650982385648242], [0.17757163905281353, 0.2544480174445588, 0.10620062177465438, 0.46177972162797326], [0.14918435441621805, 0.19462223969142425, 0.2623820187314321, 0.3938113870609256]], "ideal": "C", "sampled": "B", "correct": false}}
{"type": "result", "data": {"idx": 72, "options": ["1", "2", "3", "4"], "probs": [[0.4163734204519693, 0.28161795203334017, 0.15342258601245518, 0.14858604140223533], [0.26266501133989256, 0.2884276892977919, 0.12621412056060483, 0.3226931787017107], [0.2840371643009712, 0.19213134965968026, 0.3487332060961914, 0.17509827984315718], [0.1717123687095591, 0.6281604766217542, 0.06628125905327788, 0.13384589551540874]], "ideal": "D", "sampled": "A", "correct": false}}
{"type": "result", "data": {"idx": 73, "options": ["0", "3", "12", "30"], "probs": [[0.2865001665700636, 0.4234938778861266, 0.11060608589310869, 0.1793998695507011], [0.2961923855103606, 0.3104656405089542, 0.12757167758472998, 0.2657702962959552], [0.22041561212053865, 0.22047815229126722, 0.2971227333938754, 0.26198350209431875], [0.19630996268410197, 0.40931792892823965, 0.16817750786846733, 0.22619460041919104]], "ideal": "B", "sampled": "A", "correct": false}}
{"type": "result", "data": {"idx": 74, "options": ["True, True", "False, False", "True, False", "False, True"], "probs": [[0.35607603392104237, 0.2999146252494314, 0.23016028671588212, 0.1138490540136441], [0.20549821851582714, 0.28540337082869843, 0.14819109438367942, 0.360907316171795], [0.31284979915023, 0.3279499807014931, 0.2637620050572445, 0.0954382149910324], [0.32159151560377924, 0.3478216735862568, 0.12608174239815548, 0.20450506831180845]], "ideal": "D", "sampled": "A", "correct": false}}
{"type": "result", "data": {"idx": 75, "options": ["True, True", "False, False", "True, False", "False, True"], "probs": [[0.41060945920358016, 0.2867246695038251, 0.2004281907818047, 0.10223768041079004], [0.1818935749035017, 0.31439248192731484, 0.1793150332288693, 0.32439890984031416], [0.2582427359204561, 0.34220064957745605, 0.33724449337792434, 0.06231212102416356], [0.32813499352437125, 0.3548811779525994, 0.141304914380037, 0.1756789140429924]], "ideal": "B", "sampled": "A", "correct": false}}
{"type": "result", "data": {"idx": 76, "options": ["True, True", "False, False", "True, False", "False, True"], "probs": [[0.41509741962328756, 0.28533252429089023, 0.1993861063612331, 0.10018394962458908], [0.17155632630594123, 0.33076775563579813, 0.1916321097365929, 0.30604380822166777], [0.2374656753361735, 0.29102708207261857, 0.37993480469665997, 0.09157243779454799], [0.37992774154593906, 0.34060515492453725, 0.11600053827797098, 0.1634665651515527]], "ideal": "C", "sampled": "A", "correct": false}}
{"type": "result", "data": {"idx": 77, "options": ["0", "3", "12", "30"], "probs": [[0.45009356694755587, 0.32419372408021413, 0.07954372676490874, 0.14616898210732127], [0.3590604364512918, 0.2931294738953239, 0.1046563237800846, 0.24315376577329967], [0.31310918457492554, 0.2678833265650114, 0.22597750682392692, 0.19302998193613613], [0.2178584881441808, 0.37080650195376674, 0.15233001792382872, 0.25900499187822373]], "ideal": "A", "sampled": "A", "correct": true}}
{"type": "result", "data": {"idx": 78, "options": ["True, True", "False, False", "True, False", "False, True"], "probs": [[0.41373361591830016, 0.2800316706007952, 0.18387004046277655, 0.12236467291812811], [0.19323031890293318, 0.2901921315229637, 0.18756163397882772, 0.32901591549527537], [0.24797341976149437, 0.29923834501974517, 0.36706082915388105, 0.0857274059648794], [0.3825873887682561, 0.3377335243433669, 0.11504109519161633, 0.16463799159676065]], "ideal": "D", "sampled": "A", "correct": false}}
