{"type": "result", "data": {"idx": 0, "options": ["k = 0 and n = 1", "k = 1 and n = 0", "k = n = 1", "k > 1"], "probs": [[0.3006915956228808, 0.19406641439445038, 0.2782396292932854, 0.22700236058938342], [0.2922659261570061, 0.2922174377777636, 0.10425488805108138, 0.31126174791414896], [0.2874536833434965, 0.3206199133121716, 0.12178524673097336, 0.2701411565133585], [0.2598865167477539, 0.23293164094831892, 0.12283947958221758, 0.38434236262170957]], "ideal": "B", "sampled": "C", "correct": false}}
{"type": "result", "data": {"idx": 1, "options": ["0", "1", "2", "3"], "probs": [[0.14699365021251803, 0.4602441006656879, 0.17503108157235198, 0.21773116744944207], [0.23640502201353844, 0.31313092446566315, 0.24457370471218381, 0.20589034870861456], [0.21665977585115392, 0.25344250358915604, 0.12966578093858644, 0.40023193952110364], [0.20541216390670364, 0.17577079117248157, 0.35026702651849784, 0.26855001830231695]], "ideal": "D", "sampled": "B", "correct": false}}
{"type": "result", "data": {"idx": 2, "options": ["n = 1 and r = 6", "n = 1 and r = 7", "n = 2 and r = 5", "n = 2 and r = 6"], "probs": [[0.35268004321565233, 0.22765573384522542, 0.1404044690768595, 0.27925975376226275], [0.374378155860959, 0.2166147147383653, 0.12160666648145384, 0.2874004628192218], [0.2760618544522475, 0.1896755638625619, 0.2401118802750837, 0.2941507013101069], [0.4406001600227246, 0.28877568457200975, 0.09533038060405015, 0.1752937747012155]], "ideal": "D", "sampled": "A", "correct": false}}
{"type": "result", "data": {"idx": 3, "options": ["4", "8", "16", "2sqrt(2)"], "probs": [[0.09222448283515186, 0.15936983342528324, 0.14522775165302526, 0.6031779319865396], [0.1287520065963269, 0.09562634928141098, 0.5968434836551404, 0.17877816036712174], [0.1865981598534042, 0.3223959981180197, 0.11335872435334998, 0.3776471175752261], [0.34042980249011234, 0.19372987167895075, 0.2656802753635719, 0.200160050367365]], "ideal": "A", "sampled": "D", "correct": false}}
{"type": "result", "data": {"idx": 4, "options": ["2/69", "1/30", "2/23", "12/125"], "probs": [[0.23322372036173558, 0.20904092244447528, 0.3731546922045137, 0.18458066488927544], [0.0926689748272629, 0.6433839413843536, 0.137194804106654, 0.1267522795817295], [0.23376167166520542, 0.28640708751209143, 0.2530578710341398, 0.22677336968856335], [0.22622441090205675, 0.264473352770485, 0.22302499743593188, 0.28627723879152633]], "ideal": "C", "sampled": "C", "correct": true}}
{"type": "result", "data": {"idx": 5, "options": ["(S, +, x) is closed under addition modulo 10.", "(S, +, x) is closed under multiplication modulo 10.", "(S, +, x) has an identity under addition modulo 10.", "(S, +, x) has no identity under multiplication modulo 10."], "probs": [[0.24144066328136213, 0.2530742230816232, 0.10718849805739407, 0.3982966154796206], [0.25093549861388653, 0.1752187635606958, 0.12624608167110174, 0.44759965605431595], [0.2436705591456014, 0.23993433175707865, 0.12068351678173612, 0.39571159221558383], [0.23910028808856443, 0.21104691373891277, 0.10287987154646515, 0.44697292652605763]], "ideal": "D", "sampled": "A", "correct": false}}
{"type": "result", "data": {"idx": 6, "options": ["12*sqrt(2)", "6*sqrt(2)", "4*sqrt(2)", "1/(2*sqrt(2))"], "probs": [[0.2216582894103598, 0.24307037887526725, 0.16814570127236236, 0.36712563034201057], [0.24539889758455832, 0.2817503255584766, 0.21128142192756438, 0.2615693548294007], [0.25305435436004603, 0.3296542216456227, 0.10620130755735342, 0.31109011633697786], [0.22850308288570184, 0.21127100832416354, 0.1759789209199289, 0.3842469877702057]], "ideal": "C", "sampled": "D", "correct": false}}
{"type": "result", "data": {"idx": 7, "options": ["0", "10%", "25%", "50%"], "probs": [[0.15437921880131927, 0.3703680634128228, 0.24698258933935355, 0.22827012834650434], [0.31662525308131284, 0.2836291662932798, 0.2547749166781527, 0.14497066384725463], [0.327274878425944, 0.32206447848821546, 0.17267357840441944, 0.17798706458142113], [0.29934603418912226, 0.2724753956593103, 0.21247323171864968, 0.21570533833291775]], "ideal": "C", "sampled": "D", "correct": false}}
{"type": "result", "data": {"idx": 8, "options": ["None", "I only", "II only", "III only"], "probs": [[0.10498853693606205, 0.4153802959549767, 0.21557243005584334, 0.2640587369531179], [0.12207310628106008, 0.28836886810571344, 0.2013978034889647, 0.38816022202426176], [0.15776992312790558, 0.28133625627733017, 0.19954458471760225, 0.361349235777162], [0.13271270295506676, 0.36653949714394213, 0.23672620244263043, 0.26402159735836067]], "ideal": "C", "sampled": "B", "correct": false}}
{"type": "result", "data": {"idx": 9, "options": ["Every compact space is complete", "Every complete space is compact", "Neither (a) nor (b).", " Both (a) and (b)."], "probs": [[0.1963253111546019, 0.1308744063581959, 0.1707562753162015, 0.5020440070710007], [0.14477968625917984, 0.14489280096536333, 0.27080486184594554, 0.43952265082951125], [0.11747641860263987, 0.5698809027101933, 0.16859264670116594, 0.14405003188600088], [0.3461828154087452, 0.2343996114556127, 0.08360441586423392, 0.33581315717140825]], "ideal": "A", "sampled": "D", "correct": false}}
{"type": "result", "data": {"idx": 10, "options": ["10", "20", "25", "45"], "probs": [[0.3190537785882715, 0.22974876251750748, 0.20634273307473544, 0.24485472571948558], [0.14501568263925954, 0.12218004629135572, 0.06049452427128925, 0.6723097466980955], [0.20361585279289762, 0.0835631253495416, 0.5541837232857179, 0.1586372984718429], [0.20113536114066066, 0.23512475979585326, 0.34264909196499493, 0.22109078699849116]], "ideal": "D", "sampled": "A", "correct": false}}
{"type": "result", "data": {"idx": 11, "options": ["1/64", "15/64", "1/4", "3/8"], "probs": [[0.2535421625581806, 0.36880610488559595, 0.18303196675830524, 0.19461976569791825], [0.24426817527551306, 0.28108527834755764, 0.16043106970924578, 0.3142154765676835], [0.22499553037406714, 0.34300873702340695, 0.23631375239851518, 0.19568198010401072], [0.24681082733205717, 0.35902229482848846, 0.19868807788721776, 0.19547879985223657]], "ideal": "B", "sampled": "A", "correct": false}}
{"type": "result", "data": {"idx": 12, "options": ["0", "1", "2", "3"], "probs": [[0.25719284242225177, 0.28273957122301197, 0.15876549007599894, 0.3013020961787373], [0.22636907615874277, 0.22305903661824766, 0.15835807743998054, 0.39221380968302905], [0.2242364898554864, 0.1950156423245177, 0.1922162060416525, 0.3885316616783434], [0.21828679874493323, 0.23632480472383013, 0.17301365530352594, 0.37237474112771063]], "ideal": "A", "sampled": "A", "correct": true}}
{"type": "result", "data": {"idx": 13, "options": ["4", "7", "10", "13"], "probs": [[0.2123432159211485, 0.2725910544122856, 0.20041885970018822, 0.31464686986637774], [0.21188901362684423, 0.21183769402769775, 0.14613023398845398, 0.430143058257004], [0.20754748327727773, 0.2042688401893457, 0.31281729413822135, 0.2753663822951552], [0.199057909882553, 0.2894933348906622, 0.28201313123188787, 0.2294356238948969]], "ideal": "B", "sampled": "A", "correct": false}}
{"type": "result", "data": {"idx": 14, "options": ["0.64", "0.72", "0.81", "0.95"], "probs": [[0.29639430176010484, 0.27843667318584714, 0.20111365023242384, 0.22405537472162415], [0.2732646505747855, 0.2690373996977794, 0.2005074500912706, 0.25719049953616446], [0.24663386133973725, 0.2545137887410912, 0.23591344491655344, 0.2629389049026181], [0.22910884703219192, 0.24391677210027943, 0.23688890743535876, 0.2900854733321699]], "ideal": "D", "sampled": "B", "correct": false}}
{"type": "result", "data": {"idx": 15, "options": ["I only", "II only", "III only", "I and II only"], "probs": [[0.13720209077404275, 0.24083057098182334, 0.0958152356162079, 0.526152102527926], [0.15664992201698696, 0.26237026636272365, 0.2882752206119278, 0.2927045909083616], [0.19707355804041543, 0.41078965627646336, 0.18233625045573504, 0.2098005351273862], [0.2563498241540792, 0.464230463928337, 0.08589891832509199, 0.1935207934924918]], "ideal": "D", "sampled": "D", "correct": true}}
{"type": "result", "data": {"idx": 16, "options": ["I only", "II only", "III only", "I and II only"], "probs": [[0.1533432911690171, 0.2865864635137021, 0.11584697380887539, 0.4442232714084054], [0.16175283489993952, 0.2975652515590649, 0.2430431991572524, 0.2976387142837432], [0.15280380491902792, 0.5012018457449334, 0.1370758367249263, 0.2089185125111123], [0.24170273900152295, 0.4659807154961463, 0.104022727956245, 0.18829381744608578]], "ideal": "B", "sampled": "D", "correct": false}}
{"type": "result", "data": {"idx": 17, "options": ["-1/4", "-1/(4sqrt(2))", "0", "sqrt(2)"], "probs": [[0.15423018198349092, 0.2504001036155194, 0.12600696461153493, 0.46936274968945474], [0.21795930099984712, 0.19231228471205886, 0.37150683783055916, 0.21822157635753484], [0.10418849515013472, 0.3160678171502473, 0.08120554745283444, 0.49853814014678355], [0.23815266785624303, 0.14664475618326492, 0.27871510383679826, 0.3364874720236938]], "ideal": "C", "sampled": "D", "correct": false}}
{"type": "result", "data": {"idx": 18, "options": ["I and II only", "III only", "I and III only", "I, II, and III"], "probs": [[0.0841032341038524, 0.13871568440003834, 0.07200001924510026, 0.705181062151009], [0.09438465253408686, 0.19070635165732336, 0.38538141886369753, 0.32952757684489226], [0.09539721160173119, 0.70520019524198, 0.056131400162328905, 0.14327119289395993], [0.20589774538160113, 0.36147030645763734, 0.0928735868111722, 0.3397583612495893]], "ideal": "D", "sampled": "D", "correct": true}}
{"type": "result", "data": {"idx": 19, "options": ["3", "e", "sqrt(5)", "0"], "probs": [[0.22615563530216604, 0.31406542187671244, 0.19071380507955457, 0.2690651376415669], [0.29704399684343574, 0.22076335372882927, 0.28409831426272847, 0.19809433506500648], [0.32256830792966557, 0.42738968562443697, 0.1133845827832931, 0.13665742356260438], [0.40825559468193434, 0.3602495085758476, 0.10494346602870232, 0.12655143061351576]], "ideal": "A", "sampled": "D", "correct": false}}
{"type": "result", "data": {"idx": 20, "options": ["I only", "II only", "III only", "I, II, and III"], "probs": [[0.08228397000723915, 0.22029774394077623, 0.09779677846958282, 0.5996215074824018], [0.08430146864785854, 0.17850185369787488, 0.5252011095684666, 0.21199556798580005], [0.05607244699092909, 0.8115136017946305, 0.04951739686847791, 0.0828965542459625], [0.33917382608817154, 0.4935559368649985, 0.06378714787163593, 0.10348308907519402]], "ideal": "D", "sampled": "D", "correct": true}}
{"type": "result", "data": {"idx": 21, "options": ["None", "One", "Four", "Five"], "probs": [[0.15157434116912574, 0.23135915051532127, 0.23516226952164743, 0.38190423869390555], [0.17691285642832372, 0.2784938174432105, 0.270177926540508, 0.2744153994879578], [0.2594826298538432, 0.2637106556542453, 0.12661260742508668, 0.35019410696682485], [0.20182669461477187, 0.2474906183157822, 0.17834739651010226, 0.37233529045934366]], "ideal": "D", "sampled": "C", "correct": false}}
{"type": "result", "data": {"idx": 22, "options": ["I only", "II only", "III only", "I and II only"], "probs": [[0.15238799252649082, 0.3277494354851031, 0.13046109545755621, 0.3894014764308498], [0.19083437253372662, 0.3621801705430493, 0.21308134591544814, 0.2339041109077759], [0.23655527475263521, 0.48544498549844695, 0.12282021159463459, 0.15517952805428326], [0.22443699362533212, 0.4979902465877666, 0.11837401072696874, 0.15919874895993252]], "ideal": "B", "sampled": "D", "correct": false}}
{"type": "result", "data": {"idx": 23, "options": ["2/81", "1/18", "2/27", "1/9"], "probs": [[0.2337103222629714, 0.27321055935885125, 0.31071463687165773, 0.18236448140651962], [0.1506177991109792, 0.3847366937767163, 0.18238838418159597, 0.28225712283070853], [0.2553770358028606, 0.2361362234774826, 0.30914066620688724, 0.19934607441276958], [0.14205963696520055, 0.2739008623996529, 0.25791570157339355, 0.326123798961753]], "ideal": "A", "sampled": "C", "correct": false}}
{"type": "result", "data": {"idx": 24, "options": ["True, True", "True, False", "False, True", "False, False"], "probs": [[0.3279744684368223, 0.4345893561405468, 0.09853003918139303, 0.13890613614123787], [0.24083739571324267, 0.32416815610456345, 0.13516429749780504, 0.29983015058438883], [0.2891018878714018, 0.2891376804592524, 0.3030939585004907, 0.11866647306885511], [0.26375127622086625, 0.408592444873495, 0.18422425340432225, 0.1434320254013165]], "ideal": "B", "sampled": "A", "correct": false}}
{"type": "result", "data": {"idx": 25, "options": ["I and II only", "I and III only", "II and III only", "III only"], "probs": [[0.14656282304716056, 0.30083848678269454, 0.166236661377168, 0.38636202869297687], [0.1659942815735559, 0.3054171411263361, 0.18246998837345074, 0.34611858882665725], [0.17394559796148354, 0.36265329881916014, 0.185325539749558, 0.27807556336979833], [0.2262265797295457, 0.3397071608604953, 0.17358568050338932, 0.26048057880656966]], "ideal": "D", "sampled": "D", "correct": true}}
{"type": "result", "data": {"idx": 26, "options": ["9/2 days", "5 days", "41/8 days", "36/7 days"], "probs": [[0.2215129235841665, 0.2980404331106124, 0.25161970784024196, 0.2288269353649791], [0.19792745415593418, 0.36979313579100503, 0.1778043008327212, 0.25447510912033955], [0.22957972031889912, 0.2259979728532035, 0.2300445769503828, 0.3143777297775146], [0.23720295371420985, 0.24089270468787388, 0.26516389449025124, 0.256740447007665]], "ideal": "D", "sampled": "C", "correct": false}}
{"type": "result", "data": {"idx": 27, "options": ["1/2", "1", "sqrt(2)", "pi"], "probs": [[0.038154541133355334, 0.1461696419155605, 0.6982262576040011, 0.11744955924708302], [0.02209370649996468, 0.8962312451771979, 0.032675104310117185, 0.04899994391272024], [0.2923636159929602, 0.4249025912523243, 0.15903256950451486, 0.12370122315020064], [0.11197756390760925, 0.22595341813037825, 0.11917504045497758, 0.5428939774070349]], "ideal": "A", "sampled": "C", "correct": false}}
{"type": "result", "data": {"idx": 28, "options": ["f has all of its relative extrema on the line x = y.", "f has all of its relative extrema on the parabola x = y^2.", "f has a relative minimum at (0, 0).", "f has an absolute minimum at (2/3, 2/3)."], "probs": [[0.17186656418016488, 0.08642177190897637, 0.3998044341592213, 0.34190722965163745], [0.2986929505375237, 0.34373731442045935, 0.1676837404704418, 0.18988599447157511], [0.34459977825116594, 0.31860327242700187, 0.10352504098087868, 0.23327190824095353], [0.263824428812985, 0.1651146422645019, 0.1001646392106706, 0.4708962896118425]], "ideal": "A", "sampled": "C", "correct": false}}
{"type": "result", "data": {"idx": 29, "options": ["5", "6", "12", "15"], "probs": [[0.18504755085700633, 0.3351765822415587, 0.2306525431828921, 0.24912332361854284], [0.1436716680236286, 0.12684292166944647, 0.0745630744574791, 0.6549223357494458], [0.1330960452317438, 0.11932546432577987, 0.5027454719671987, 0.24483301837527766], [0.13037508724816244, 0.31282019612045137, 0.2806943058686896, 0.2761104106626966]], "ideal": "B", "sampled": "A", "correct": false}}
{"type": "result", "data": {"idx": 30, "options": ["S(n0 + 1) is not true.", "S(n0 - 1) is not true.", "S(n) is not true for any n <= n0", "S(n) is not true for any n >= n0"], "probs": [[0.21810603464606926, 0.22857667844061144, 0.19873452480734646, 0.35458276200597283], [0.2300519232229601, 0.2606958487472884, 0.16321432832060778, 0.3460378996091437], [0.21331138588871218, 0.20038750467103297, 0.2657479305933217, 0.3205531787469331], [0.2860635028897896, 0.32403636782857437, 0.10360381056498853, 0.2862963186166475]], "ideal": "C", "sampled": "A", "correct": false}}
{"type": "result", "data": {"idx": 31, "options": ["(0, 0, 1)", "(3/7, 3/14, 9/14)", "(7/15, 8/15, 1/15)", "(5/6, 1/3, 1/3)"], "probs": [[0.6211029545048621, 0.15210310246441938, 0.05691642174330652, 0.16987752118741206], [0.2293322677383687, 0.12084539913214332, 0.11541260748906054, 0.5344097255404274], [0.2228966901778316, 0.08325726165194891, 0.4875966229962954, 0.20624942507392405], [0.3293990317178819, 0.44312392331415495, 0.05914508771100347, 0.16833195715695973]], "ideal": "B", "sampled": "A", "correct": false}}
{"type": "result", "data": {"idx": 32, "options": ["For no such integer n", "For 3, 5, 7, and 11 only", "For 3, 5, 7, 9, and 11 only", "For 4, 6, 8, and 10 only"], "probs": [[0.06995997040644955, 0.30873645268978195, 0.36127845525938884, 0.2600251215443796], [0.5043926872135911, 0.22724621164944891, 0.09941820128324504, 0.168942899753715], [0.2244629943318835, 0.2044002787713556, 0.12403201772641657, 0.44710470907034433], [0.12331252278318387, 0.10883964450138128, 0.28705663113686625, 0.4807912014785686]], "ideal": "B", "sampled": "B", "correct": true}}
{"type": "result", "data": {"idx": 33, "options": ["1", "2", "3", "4"], "probs": [[0.23165074333691837, 0.2883283836602188, 0.2587834038890412, 0.22123746901382163], [0.2675787308858433, 0.2804309814566843, 0.1841268253047797, 0.2678634622526927], [0.25449904417683245, 0.39419552092491206, 0.14980970098353838, 0.2014957338147171], [0.2331225653319122, 0.3445630566561455, 0.1996381670144784, 0.2226762108974639]], "ideal": "C", "sampled": "D", "correct": false}}
{"type": "result", "data": {"idx": 34, "options": ["I only", "II only", "III only", "I, II, and III"], "probs": [[0.05487441704850728, 0.1614943313604143, 0.0812282347735176, 0.7024030167175608], [0.08621457860610361, 0.1854924846621991, 0.46678266422123904, 0.26151027241045827], [0.03916218328849431, 0.8251090872158934, 0.03568919960696839, 0.10003952978864397], [0.23994448539905933, 0.4418956569383932, 0.11905671530812274, 0.1991031422544247]], "ideal": "D", "sampled": "D", "correct": true}}
{"type": "result", "data": {"idx": 35, "options": ["x^2 + y^2 + z^2 + 8 = 6y", "(x^2 + y^2 + z^2)^2 = 8 + 36(x^2 + z^2)", "(x^2 + y^2 + z^2 + 8)^2 = 36(x^2 + z^2)", "(x^2 + y^2 + z^2 + 8)^2 = 36(x^2 + y^2)"], "probs": [[0.22645729975054815, 0.4644747125991661, 0.12128614791656736, 0.18778183963371836], [0.3983147888349582, 0.2958358338118235, 0.12342673253623439, 0.18242264471698394], [0.32064309474120517, 0.2135186030240029, 0.07858749419717284, 0.38725080793761907], [0.25056340541231165, 0.1668820629286162, 0.12804340933343614, 0.454511122225636]], "ideal": "D", "sampled": "B", "correct": false}}
{"type": "result", "data": {"idx": 36, "options": ["y = 2x + 1", "y = 2x", "y = x + 2", "y = x + 1"], "probs": [[0.21987915855977405, 0.2066414582016602, 0.12165461187541662, 0.4518247712631491], [0.09356229520493817, 0.10281009643732575, 0.12214953667124379, 0.6814780715864923], [0.24732109533278884, 0.16476028910478985, 0.44911899488966195, 0.13879962057275938], [0.2178488807274943, 0.4402050643566327, 0.1525084560578205, 0.18943759875805247]], "ideal": "A", "sampled": "A", "correct": true}}
{"type": "result", "data": {"idx": 37, "options": ["2", "3", "4", "5"], "probs": [[0.2034398700975723, 0.2776496716527495, 0.3364291137864957, 0.18248134436318245], [0.14678074855471354, 0.21011128155607775, 0.07735198965944169, 0.565755980129767], [0.13050387117804071, 0.12062956507484601, 0.6243002088481138, 0.12456635479899954], [0.12482232877142936, 0.5863574031148961, 0.10696749519710805, 0.18185277281656648]], "ideal": "A", "sampled": "A", "correct": true}}
{"type": "result", "data": {"idx": 38, "options": ["True, True", "True, False", "False, True", "False, False"], "probs": [[0.23947295124548343, 0.4337455823768069, 0.1431066904717639, 0.1836747758059458], [0.23756848199188163, 0.35120712820398214, 0.1333586056908886, 0.27786578401324763], [0.24708545222878497, 0.2934565368921235, 0.2757901980726184, 0.1836678127064731], [0.2175032943269664, 0.34764882918696055, 0.24282495675042912, 0.19202291963564388]], "ideal": "A", "sampled": "A", "correct": true}}
{"type": "result", "data": {"idx": 39, "options": ["1", "2", "3", "4"], "probs": [[0.20931321380429452, 0.26469054815506476, 0.2650737762186098, 0.26092246172203093], [0.23317661879115073, 0.3289600312380848, 0.2411914616582005, 0.19667188821256396], [0.2670228580499468, 0.46166520045794274, 0.10649777599468448, 0.16481416539742597], [0.2956084398811025, 0.2734651050730797, 0.1853050197566521, 0.24562143518916565]], "ideal": "C", "sampled": "D", "correct": false}}
{"type": "result", "data": {"idx": 40, "options": ["the entire real axis", "a point", "a ray", "an open finite interval"], "probs": [[0.47100080107659653, 0.28565863410489156, 0.07001783854599113, 0.1733227261725208], [0.10942868876002336, 0.1804702700809404, 0.13621949571480718, 0.5738815453442291], [0.10488462645113376, 0.13468916010385834, 0.6634106885434764, 0.09701552480153147], [0.05011211884199666, 0.8885851750001419, 0.024053026910117077, 0.03724967914774439]], "ideal": "B", "sampled": "A", "correct": false}}
{"type": "result", "data": {"idx": 41, "options": ["finite", "cyclic", "of order two", "abelian"], "probs": [[0.28314864632636044, 0.1447021663044232, 0.06628522276215505, 0.5058639645070613], [0.22792529284931454, 0.18322402521560444, 0.4686153984495292, 0.12023528338555182], [0.2234918657242065, 0.6676611403104744, 0.061213300538100375, 0.04763369332721873], [0.8167505659007761, 0.1292129519443953, 0.02283144480062986, 0.031205037254198754]], "ideal": "D", "sampled": "D", "correct": true}}
{"type": "result", "data": {"idx": 42, "options": ["3", "4", "5", "8"], "probs": [[0.1638825286427924, 0.2659954209656384, 0.3161364589654112, 0.25398559132615794], [0.16673997291357814, 0.5217158275576629, 0.1472755841357594, 0.16426861529299955], [0.2532774470004862, 0.3861968161346236, 0.16620008398122438, 0.19432565278366581], [0.2065431444655473, 0.41722860306458803, 0.142026794806422, 0.23420145756344263]], "ideal": "D", "sampled": "C", "correct": false}}
{"type": "result", "data": {"idx": 43, "options": ["II only", "III only", "I and II only", "II and III only"], "probs": [[0.1712348584475518, 0.2531286142047147, 0.24544673789897706, 0.3301897893487564], [0.16628899174127038, 0.3633363354837054, 0.1445794595508078, 0.3257952131242164], [0.30237660986877, 0.3219331608728602, 0.13639352401361737, 0.23929670514475235], [0.208933322044182, 0.26835703647167336, 0.10029939486350424, 0.4224102465206404]], "ideal": "A", "sampled": "C", "correct": false}}
{"type": "result", "data": {"idx": 44, "options": ["1", "3", "5", "7"], "probs": [[0.2115623738684577, 0.13242929777879545, 0.1389115262217034, 0.5170968020310435], [0.24132435792284881, 0.22324781942376748, 0.19430821552991254, 0.34111960702347116], [0.3113624201606647, 0.27912131365013365, 0.1427907219802211, 0.2667255441089806], [0.19911642073910432, 0.2990103617158981, 0.09869468064074204, 0.4031785368042555]], "ideal": "D", "sampled": "D", "correct": true}}
{"type": "result", "data": {"idx": 45, "options": ["True, True", "True, False", "False, True", "False, False"], "probs": [[0.43541383799486927, 0.4027404514694992, 0.07337032510848578, 0.08847538532714572], [0.2232925411344911, 0.33529763910848226, 0.12145918425508911, 0.3199506354019375], [0.2533186021197156, 0.25334566262783603, 0.39866965114057207, 0.09466608401187629], [0.20758544623320255, 0.5385424889628542, 0.14274031880782975, 0.11113174589611355]], "ideal": "A", "sampled": "A", "correct": true}}
{"type": "result", "data": {"idx": 46, "options": ["\u03c0/12", "\u03c0/6", "\u03c0/3", "2\u03c0/3"], "probs": [[0.2927116155331678, 0.2501532137143798, 0.1984710693160904, 0.258664101336362], [0.27600127867086327, 0.2250826243098396, 0.17040106906380545, 0.32851502785549164], [0.2441280109676377, 0.18135069849318822, 0.1579829799369835, 0.4165383105021906], [0.22484705370028912, 0.17231886137659483, 0.15477153550968406, 0.448062549313432]], "ideal": "B", "sampled": "C", "correct": false}}
{"type": "result", "data": {"idx": 47, "options": ["3", "pi", "3pi", "3/2"], "probs": [[0.17246837077022165, 0.6508794111054232, 0.0543456088455329, 0.12230660917882226], [0.4482374221688843, 0.31276817242545424, 0.13899693553268114, 0.09999746977298035], [0.191189105330092, 0.37427698533919035, 0.10403397475809978, 0.33049993447261783], [0.36169215478282307, 0.40968295694625334, 0.1312795518320349, 0.0973453363388887]], "ideal": "B", "sampled": "B", "correct": true}}
{"type": "result", "data": {"idx": 48, "options": ["Only (II)", "Only (IV )", "(I) and (IV )", "(II) and (III)"], "probs": [[0.14723692503804747, 0.10951954625525634, 0.3890602799325979, 0.3541832486740983], [0.2448747902863722, 0.34561040994049086, 0.139844492063843, 0.26967030760929395], [0.21566613703053217, 0.11734769055013755, 0.3622121079569901, 0.30477406436234017], [0.18808988804523524, 0.166138585652071, 0.12360653748751706, 0.5221649887151767]], "ideal": "C", "sampled": "C", "correct": true}}
{"type": "result", "data": {"idx": 49, "options": ["f is Riemann integrable.", "There does not exist a countably infinite E of R such that f is nondifferentiable at every x \\in E.", "There does not exist an uncountable subset E of R such that f is nondifferentiable at every x \\in E.", "None of the above."], "probs": [[0.130311006091908, 0.22523565608335913, 0.12054933669661018, 0.5239040010281226], [0.2613479455843296, 0.13560567592806055, 0.23430555707398124, 0.36874082131362856], [0.32692638036319666, 0.2111113220242151, 0.15936724840001024, 0.302595049112578], [0.11934244631527523, 0.24878284332648584, 0.345462769235397, 0.28641194102284195]], "ideal": "D", "sampled": "B", "correct": false}}
{"type": "result", "data": {"idx": 50, "options": ["the open first quadrant", "a closed curve", "a ray in the open first quadrant", "a single point"], "probs": [[0.32530503662958116, 0.398654994238498, 0.17986137879146896, 0.09617859024045187], [0.24624039964122038, 0.3212419843722604, 0.10596035735621492, 0.32655725853030426], [0.3146854364161327, 0.20314145237516562, 0.38000011723413946, 0.10217299387456216], [0.14345332557415857, 0.12862750354817976, 0.5951929535265341, 0.1327262172511276]], "ideal": "A", "sampled": "B", "correct": false}}
{"type": "result", "data": {"idx": 51, "options": ["1", "2", "p >= 1", "infinity"], "probs": [[0.03780961725021372, 0.07758226874317356, 0.8345163935405502, 0.05009172036606252], [0.032297679401511514, 0.9295785746486807, 0.010492473269901137, 0.027631272579906694], [0.6740253089943002, 0.05619374636862568, 0.23674298634949414, 0.03303795818757988], [0.025046378741359735, 0.10713651881717061, 0.02466617936148868, 0.843150922979981]], "ideal": "B", "sampled": "C", "correct": false}}
{"type": "result", "data": {"idx": 52, "options": ["f is a homeomorphism.", "f is continuous and one-to-one", "f is continuous.", "f is one-to-one"], "probs": [[0.140297749313194, 0.2791121775029656, 0.2880365421467631, 0.2925535309370773], [0.2727334736148939, 0.403136959561544, 0.09430741306999317, 0.22982215365356892], [0.3191612267425014, 0.29522123050058396, 0.1289980372956132, 0.25661950536130135], [0.21478575995864446, 0.1956167133426234, 0.21825151657731517, 0.371346010021417]], "ideal": "C", "sampled": "C", "correct": true}}
{"type": "result", "data": {"idx": 53, "options": ["12", "16", "12*sqrt(3)", "16*sqrt(3)"], "probs": [[0.036136631009507654, 0.05095871397386048, 0.8627290453134367, 0.05017560960319507], [0.038421038681427676, 0.9023346655719411, 0.026880891350120818, 0.03236340429651046], [0.6234375237795141, 0.2185743003865059, 0.10522075741430931, 0.05276741831967061], [0.43623073584751837, 0.25622128674146466, 0.09155580127647485, 0.21599217603454215]], "ideal": "C", "sampled": "C", "correct": true}}
{"type": "result", "data": {"idx": 54, "options": ["4", "7", "8", "12"], "probs": [[0.16723961378870655, 0.3077909808540569, 0.18114354394903384, 0.34382586130820275], [0.18242737377209034, 0.1973747432425722, 0.1945586473365976, 0.42563923554873984], [0.19015230519885146, 0.308849458497417, 0.18186143309833083, 0.31913680310540066], [0.1834699499028698, 0.35941052130819323, 0.18973384719186953, 0.2673856814970674]], "ideal": "A", "sampled": "A", "correct": true}}
{"type": "result", "data": {"idx": 55, "options": ["|x| \u2265 0", "|x \u00b7 y| \u2264 |x||y|", "|x| = 0 if and only if x = 0", "|x + y| = |x| + |y|"], "probs": [[0.20379335265237553, 0.24590841324067855, 0.2345810278457801, 0.31571720616116583], [0.288892158506, 0.3540311262858866, 0.16460359585438006, 0.19247311925373337], [0.30296614311636516, 0.28466546108460694, 0.15718404712917072, 0.25518434856985717], [0.2439379204835999, 0.2597751137253943, 0.1575081567684926, 0.3387788089225131]], "ideal": "D", "sampled": "C", "correct": false}}
{"type": "result", "data": {"idx": 56, "options": ["4", "5", "6", "7"], "probs": [[0.2453599605732146, 0.2693356177936585, 0.23540272080054644, 0.24990170073258045], [0.21022484254709894, 0.25367983039108055, 0.12800216101310416, 0.4080931659487163], [0.26827983664451466, 0.24426051937643994, 0.2304987001485817, 0.2569609437304637], [0.20697613058404635, 0.34135416146679537, 0.18919928370014288, 0.2624704241490154]], "ideal": "B", "sampled": "A", "correct": false}}
{"type": "result", "data": {"idx": 57, "options": ["1 only", "2 only", "0 and 1 only", "0, 1, and 2 only"], "probs": [[0.0434483691364223, 0.14960474985823158, 0.08933713119818351, 0.7176097497071626], [0.05817103736202212, 0.09012202884055218, 0.6695935104505428, 0.18211342324688287], [0.0673075506682974, 0.6716229564668605, 0.08043856498487605, 0.18063092777996598], [0.23753764366554878, 0.3298947807722509, 0.1747137762175526, 0.25785379924464774]], "ideal": "D", "sampled": "D", "correct": true}}
{"type": "result", "data": {"idx": 58, "options": ["2", "\u03c0", "4", "3\u03c0/2"], "probs": [[0.2143031262703606, 0.30699430520768284, 0.18073213780806532, 0.2979704306138912], [0.2459564768134495, 0.3060089005818592, 0.25026973706559436, 0.19776488543909693], [0.22950491429031136, 0.3666684706638075, 0.18466315061015107, 0.21916346433573008], [0.2484325616369105, 0.3670906344935154, 0.19384786149994365, 0.19062894226963042]], "ideal": "C", "sampled": "D", "correct": false}}
{"type": "result", "data": {"idx": 59, "options": ["9", "8", "0", "-5"], "probs": [[0.3369500834321767, 0.27505799305495815, 0.18345796513338244, 0.2045339582794827], [0.24551428066846825, 0.21006341664449554, 0.1975732473151921, 0.34684905527184406], [0.1439905953270304, 0.1710404477067281, 0.4239960592564093, 0.26097289760983217], [0.2357131943934819, 0.28441668825360206, 0.25123099613200134, 0.2286391211209147]], "ideal": "A", "sampled": "A", "correct": true}}
{"type": "result", "data": {"idx": 60, "options": ["None", "One", "Two", "Three"], "probs": [[0.0957827476037771, 0.23353901405019764, 0.319759358121329, 0.35091888012469624], [0.1398499989280325, 0.4517404109825204, 0.27897386422788045, 0.12943572576156667], [0.18404442207198007, 0.4418223532728278, 0.06997933290183608, 0.304153891653356], [0.14880654817484593, 0.18252772493160035, 0.1944016102118634, 0.4742641165816903]], "ideal": "B", "sampled": "C", "correct": false}}
{"type": "result", "data": {"idx": 61, "options": ["20!/2^(10)", "10!/2^9", "10^(20) - 2^(10)", "10^(20) - 100"], "probs": [[0.5387242550259702, 0.2207510869802839, 0.1343715219627189, 0.10615313593102697], [0.29626455017153475, 0.2612306993571745, 0.1402485030675203, 0.30225624730377043], [0.25160023567544726, 0.19897183773912075, 0.42273092265670154, 0.12669700382873045], [0.1413796491265609, 0.6851865393286264, 0.06491188462502766, 0.10852192681978501]], "ideal": "A", "sampled": "A", "correct": true}}
{"type": "result", "data": {"idx": 62, "options": ["It is possible to place an linear order relation \u2264 on the complex numbers C such that (C, +, \u00d7, \u2264) is not an ordered field.", "It is possible to place a linear order relation on the complex numbers C which make (C, +, \u00d7, \u2264) an ordered field.", "Neither (a) nor (b)", "Both (a) and (b)."], "probs": [[0.17749002045137946, 0.2175712371378754, 0.08260972550848371, 0.5223290168022614], [0.17997875405585842, 0.09340704022739225, 0.1888361381810685, 0.5377780674356808], [0.10994996620881613, 0.42833759311047576, 0.1626416815345522, 0.29907075904615593], [0.3228526220682693, 0.23632913907017508, 0.2222128079780567, 0.2186054307834989]], "ideal": "A", "sampled": "D", "correct": false}}
{"type": "result", "data": {"idx": 63, "options": ["1/4", "1/3", "1/2", "2/3"], "probs": [[0.364178527432665, 0.22088068063194058, 0.2317469944797573, 0.18319379735563715], [0.2801357486553813, 0.5571483331574034, 0.07315467242794828, 0.08956124565926704], [0.6044910975958258, 0.18145487392568363, 0.0380713518878522, 0.1759826764906384], [0.20890799785277303, 0.10182282631043094, 0.4291494914206715, 0.26011968431612453]], "ideal": "D", "sampled": "C", "correct": false}}
{"type": "result", "data": {"idx": 64, "options": ["The integers under addition", "The nonzero integers under multiplication", "The nonzero real numbers under multiplication", "The complex numbers under addition"], "probs": [[0.1895724719828056, 0.2217733876618468, 0.21155315864634, 0.37710098160900757], [0.1250918535411105, 0.37373633024240127, 0.11573121954232708, 0.38544059657416113], [0.10717917472197852, 0.1796570609253635, 0.15121199527089635, 0.5619517689817616], [0.23298844099798494, 0.32881465591349346, 0.14814707800929747, 0.29004982497922416]], "ideal": "B", "sampled": "B", "correct": true}}
{"type": "result", "data": {"idx": 65, "options": ["4x + 6y", "x + y + 5", "9x + 4y", "4x - 9y"], "probs": [[0.4528794923627114, 0.15653516026773023, 0.1922899478697673, 0.19829539939979104], [0.3403742807651643, 0.15835727277730013, 0.137856583645369, 0.3634118627121666], [0.4537827940596028, 0.13625577902955888, 0.24003833470556837, 0.16992309210526993], [0.4496930502134101, 0.18748203011351344, 0.139695857473958, 0.22312906209911845]], "ideal": "D", "sampled": "A", "correct": false}}
{"type": "result", "data": {"idx": 66, "options": ["0", "-2", "-sqrt(34)", "-sqrt(35)"], "probs": [[0.16419457653633324, 0.15412876809506648, 0.3222012375479047, 0.3594754177206956], [0.18202549083390684, 0.17915853700921494, 0.127167934700642, 0.5116480373562362], [0.26635243890708504, 0.10753340032664321, 0.4400668641469846, 0.18604729651928711], [0.23155727070256577, 0.2879791814974322, 0.13211776005953452, 0.34834578764046753]], "ideal": "C", "sampled": "A", "correct": false}}
{"type": "result", "data": {"idx": 67, "options": ["II only", "III only", "I and II only", "I and III only"], "probs": [[0.16626314318085908, 0.3012243986558335, 0.27055199564087895, 0.2619604624224285], [0.19817514420293159, 0.46106299066309436, 0.14536230048033877, 0.19539956455363527], [0.30901741748180256, 0.4291097489381644, 0.10872539050739498, 0.15314744297263805], [0.23778925302207982, 0.3516690652092753, 0.09937587902351143, 0.3111658026451334]], "ideal": "D", "sampled": "C", "correct": false}}
{"type": "result", "data": {"idx": 68, "options": ["\u03c0/3", "\u03c0/4", "\u03c0", "2\u03c0"], "probs": [[0.3180089294592422, 0.2760869860373022, 0.21890787778095802, 0.18699620662249758], [0.25991661397625, 0.2944061536489949, 0.15542894932347814, 0.2902482829512769], [0.2781514698815189, 0.24923053757303698, 0.20700099136841096, 0.2656170010770331], [0.2665701985135746, 0.336809500862825, 0.19532627482280676, 0.20129402570079358]], "ideal": "A", "sampled": "A", "correct": true}}
{"type": "result", "data": {"idx": 69, "options": ["Sunday", "Monday", "Tuesday", "Wednesday"], "probs": [[0.22741958970151907, 0.1886850361925162, 0.10928557323530133, 0.4746098007706634], [0.18942216397881737, 0.1836621055620766, 0.4344755449769214, 0.1924401853821846], [0.165117281139034, 0.6141505928341909, 0.0858798635796239, 0.13485226234715111], [0.3741710650921192, 0.2915188204139488, 0.11077735322100886, 0.22353276117292314]], "ideal": "A", "sampled": "D", "correct": false}}
{"type": "result", "data": {"idx": 70, "options": ["\u221248/\u03c0 cm/min", "\u22124/(3\u03c0) cm/min", "\u22128/(3\u03c0) cm/min", "\u221216/(3\u03c0) cm/min"], "probs": [[0.23939856821280264, 0.27560006231890216, 0.162346894268663, 0.3226544750996322], [0.26132271469968144, 0.22006828246503637, 0.16642401116685823, 0.3521849915684239], [0.2414028531280581, 0.1940009622678018, 0.14666027047747449, 0.4179359140266656], [0.26278470921754876, 0.16705175987091264, 0.23228867590255314, 0.3378748549089854]], "ideal": "D", "sampled": "B", "correct": false}}
{"type": "result", "data": {"idx": 71, "options": ["The system is consistent.", "The system has infinitely many solutions.", "The sum of any two solutions is a solution.", "Every solution is a scalar multiple of (-5, 1, 1, 0)."], "probs": [[0.11178874968364534, 0.19326262174104208, 0.10840834676135307, 0.5865402817139594], [0.15041283140966952, 0.2122000893589184, 0.14360751630363888, 0.4937795628277732], [0.16623868545785023, 0.20373542880551576, 0.2309729617023188, 0.39905292393431524], [0.18315615849786243, 0.283798294265399, 0.1449870106425144, 0.3880585364942242]], "ideal": "D", "sampled": "A", "correct": false}}
{"type": "result", "data": {"idx": 72, "options": ["f(c)", "f(e^c)", "f(1/c)", "f(log c)"], "probs": [[0.22962435150452146, 0.21247922291531285, 0.16046549322778125, 0.3974309322523844], [0.23026094985297016, 0.19396218366527793, 0.2131384579156517, 0.3626384084661002], [0.32734557982986007, 0.20167902109990352, 0.2983961701094731, 0.17257922886076332], [0.2383756821867223, 0.5048264935827056, 0.10754242698581103, 0.1492553971447611]], "ideal": "D", "sampled": "A", "correct": false}}
{"type": "result", "data": {"idx": 73, "options": ["I only", "II only", "III only", "I and II only"], "probs": [[0.13274106777595468, 0.28113020301422137, 0.1436411483037224, 0.4424875808061015], [0.15597700141437726, 0.3251904949107126, 0.25339637673965065, 0.2654361268352595], [0.1766340285362993, 0.4441959857496478, 0.16604244707354468, 0.21312753854050823], [0.21773177575486485, 0.41330791032306397, 0.14068318063502264, 0.2282771331870485]], "ideal": "D", "sampled": "D", "correct": true}}
{"type": "result", "data": {"idx": 74, "options": ["1/(2e)", "1/e", "e^2/2", "2e"], "probs": [[0.34645762003600183, 0.2697386959003273, 0.20398133383197242, 0.17982235013169842], [0.1982777534690558, 0.24678339042480926, 0.14747134728574343, 0.4074675087203915], [0.23704356659198345, 0.18750773927207492, 0.34551943374753186, 0.22992926028840976], [0.24526291717724727, 0.310020501731321, 0.20685943650830318, 0.23785714448312853]], "ideal": "C", "sampled": "A", "correct": false}}
{"type": "result", "data": {"idx": 75, "options": ["H = 50", "T >= 60", "51 <= H <= 55", "H >= 48 and T >= 48"], "probs": [[0.11060676310570274, 0.1584575564085352, 0.4966740124669946, 0.23426166791876743], [0.08345953001173322, 0.7678078069004999, 0.07153234310333319, 0.07720031988443371], [0.15513236472398606, 0.5674835316086767, 0.11726430540258578, 0.16011979816475147], [0.1814515129932246, 0.21221425969107038, 0.11186852221660319, 0.4944657049991018]], "ideal": "D", "sampled": "C", "correct": false}}
{"type": "result", "data": {"idx": 76, "options": ["True, True", "True, False", "False, True", "False, False"], "probs": [[0.29828125679909473, 0.4207467201042643, 0.1187496053867443, 0.16222241760989667], [0.23675368723885973, 0.33398675915239234, 0.11548151074685181, 0.31377804276189614], [0.2602107044888417, 0.3139163097685914, 0.27287803317312664, 0.1529949524694402], [0.2556251921342272, 0.40857023605448556, 0.19011581225454757, 0.1456887594567397]], "ideal": "D", "sampled": "A", "correct": false}}
{"type": "result", "data": {"idx": 77, "options": ["2", "1", "0", "-1"], "probs": [[0.24771954854990064, 0.24389339217767184, 0.24038761078062665, 0.26799944839180084], [0.22337963191835158, 0.3301584419419616, 0.11601329885872068, 0.3304486271809661], [0.3008832306158571, 0.24173960758470533, 0.15626019144821918, 0.30111697025121836], [0.2391056197909139, 0.23541962396474, 0.19840217533505253, 0.3270725808092936]], "ideal": "C", "sampled": "C", "correct": true}}
