{"type": "result", "data": {"idx": 0, "options": ["It is hard not to verify in our peers the same weakened intelligence due to emotions that we observe in our everyday patients.", "The arrogance of our consciousness, which in general, belongs to the strongest defense mechanisms, blocks the unconscious complexes.", "Because of this, it is difficult to convince people of the unconscious, and in turn to teach them what their conscious knowledge contradicts.", "It is difficult to convince people of the unconscious, and in turn to teach them what their conscious knowledge contradicts."], "probs": [[0.5577190947654698, 0.3079944756916781, 0.04875229153287777, 0.08553413790997437], [0.20046250146741557, 0.37461855306048375, 0.03223100616775369, 0.392687939204347], [0.4830715285790955, 0.2506048641758167, 0.10450230382079471, 0.1618213033242931], [0.6158527043917321, 0.22652913994178261, 0.018029117569910814, 0.13958903799657438]], "ideal": "D", "sampled": "A", "correct": false}}
{"type": "result", "data": {"idx": 1, "options": ["Tdc", "Tcd", "Tcc", "dTc"], "probs": [[0.26911506455107126, 0.2231680038820259, 0.1397061070616328, 0.36801082440527], [0.21100318115324976, 0.2211898532111312, 0.15445299214885372, 0.4133539733867653], [0.185544884832504, 0.25369097645915417, 0.13582023369711377, 0.424943904911228], [0.20213221027410871, 0.42805129494344996, 0.07099058262223755, 0.29882591206020376]], "ideal": "A", "sampled": "A", "correct": true}}
{"type": "result", "data": {"idx": 2, "options": ["Some large houses are bigger than some apartments.", "Some houses are bigger than all large apartments.", "Some large apartments are bigger than some houses.", "Some houses are bigger thatn some large apartments."], "probs": [[0.12980519756828104, 0.6005553155123169, 0.06531567384277738, 0.2043238129766247], [0.2801007899459513, 0.3598037412212747, 0.08414930174359299, 0.27594616698918106], [0.14542641475843798, 0.3330694262984666, 0.11332382414648104, 0.4081803346966144], [0.15175511732883004, 0.5641148384007248, 0.10938206139360614, 0.17474798277683892]], "ideal": "C", "sampled": "B", "correct": false}}
{"type": "result", "data": {"idx": 3, "options": ["Valid", "Invalid. Counterexample when G and H are true", "Invalid. Counterexample when G is true and H is false", "Invalid. Counterexample when H is true and G is false"], "probs": [[0.0941523444053163, 0.706808370686921, 0.08183034996348985, 0.11720893484427279], [0.23169484841325474, 0.21769167673248632, 0.06744171276361577, 0.48317176199064316], [0.3979233978852596, 0.2097225580775775, 0.23402404338868887, 0.158330000548474], [0.4271385296004768, 0.359730500826875, 0.08282538934548245, 0.13030558012716567]], "ideal": "A", "sampled": "B", "correct": false}}
{"type": "result", "data": {"idx": 4, "options": ["If it's not the case that both Izzy plays Minecraft and Ashleigh stops by then Russell makes dinner.", "If it's both not the case that Izzy plays Minecraft and Ashleigh stops by then Russell makes dinner.", "Izzy playing Minecraft and Ashleigh stopping by entails that Russell makes dinner.", "Russell's making dinner is a sufficient condition for Izzy not playing Minecraft and Ashleigh stopping by."], "probs": [[0.24699360515716134, 0.18355841112275312, 0.32236619339493, 0.24708179022515553], [0.28298062504949534, 0.4665719339764241, 0.08913257850012808, 0.1613148623739525], [0.2563067299971952, 0.2904651674199162, 0.15805193309240737, 0.29517616939048125], [0.272751493858749, 0.25227977319341727, 0.09001817761843187, 0.38495055522940186]], "ideal": "B", "sampled": "C", "correct": false}}
{"type": "result", "data": {"idx": 5, "options": ["Some houses are smaller than all apartments.", "Every house is bigger than every apartment.", "Some apartment is smaller than every house.", "Some houses are bigger than every apartment."], "probs": [[0.14129276572245061, 0.4781990348814556, 0.04661525785456851, 0.33389294144152526], [0.22653055328663538, 0.15330616214493709, 0.3246272906558558, 0.29553599381257173], [0.13561355359021537, 0.27838753199242666, 0.07375495495442594, 0.512243959362932], [0.14152727808837515, 0.10194942202219974, 0.6149706152215956, 0.14155268456782955]], "ideal": "D", "sampled": "B", "correct": false}}
{"type": "result", "data": {"idx": 6, "options": ["Valid", "Invalid. Counterexample when K and L are true", "Invalid. Counterexample when K is true and L is false", "Invalid. Counterexample when L is true and K is false"], "probs": [[0.15965146958010484, 0.6217546919464385, 0.07544078508514983, 0.14315305328830683], [0.15639938179479598, 0.21379846013734882, 0.07505464441242325, 0.554747513555432], [0.2637409089424132, 0.1812848678624335, 0.4022985280185313, 0.15267569507662201], [0.240365611293461, 0.558948997791461, 0.0699666371124056, 0.13071875370267239]], "ideal": "D", "sampled": "A", "correct": false}}
{"type": "result", "data": {"idx": 7, "options": ["The university increases financial aid.", "The university does not increase financial aid.", "The board of trustees prevents it.", "The president fails to approve it."], "probs": [[0.08742422125133498, 0.29582736774786517, 0.3300393917838324, 0.2867090191169674], [0.22378606175015162, 0.6083717692329723, 0.12955223981830374, 0.038289929098572366], [0.13628777644454876, 0.714215982501991, 0.015293926688247429, 0.13420231426521279], [0.35225184173704016, 0.11800263293385801, 0.32585088938862955, 0.20389463584047227]], "ideal": "B", "sampled": "D", "correct": false}}
{"type": "result", "data": {"idx": 8, "options": ["E \u2283 F", "F \u2283 G", "H \u2283 ~E", "~H"], "probs": [[0.2749891219388082, 0.11286569133317521, 0.47589464907295037, 0.13625053755506622], [0.212926218470182, 0.5190930002003227, 0.12147102301713661, 0.1465097582123587], [0.5288894333575599, 0.14012581526206824, 0.2072355063718599, 0.12374924490851198], [0.21723362996589615, 0.2041537788810556, 0.13185092019604866, 0.4467616708569996]], "ideal": "D", "sampled": "C", "correct": false}}
{"type": "result", "data": {"idx": 9, "options": ["L", "~L", "L \u2022 ~L", "L \u2228 ~L"], "probs": [[0.0724834023333666, 0.226874856739892, 0.08354575684103908, 0.6170959839857023], [0.13340033191895637, 0.39230220336858773, 0.21697900540509624, 0.25731845920735963], [0.10124288979389538, 0.7967074304881004, 0.05345692345636548, 0.04859275616163874], [0.2220502677643316, 0.39603308429383266, 0.0780873012179623, 0.30382934662387345]], "ideal": "D", "sampled": "D", "correct": true}}
{"type": "result", "data": {"idx": 10, "options": ["(\u2200x)[Kx \u2283 (\u2200y)(Py \u2283 Lxy)]", "(\u2200x)[Kx \u2283 (\u2200y)(Lxy \u2283 Py)]", "(\u2200x)(\u2200y)[(Kx \u2022 Py) \u2283 Lyx]", "(\u2200x)[(Kx \u2022 (\u2200y)(Py)) \u2283 Lxy]"], "probs": [[0.27198930964158097, 0.24770873228869672, 0.07797544274499343, 0.4023265152247289], [0.2715924841843145, 0.1547765823910779, 0.057846460208261605, 0.515784473116346], [0.19856162673862232, 0.2590451681924001, 0.10148250450773454, 0.44091070046124303], [0.32386115998702325, 0.20269513259100377, 0.08858238310791268, 0.38486132421406033]], "ideal": "A", "sampled": "A", "correct": true}}
{"type": "result", "data": {"idx": 11, "options": ["Logically equivalent", "Contradictory", "Neither logically equivalent nor contradictory, but consistent", "Inconsistent"], "probs": [[0.27353297438570007, 0.23767701216599255, 0.20652492909191916, 0.28226508425638824], [0.19471986880023964, 0.25007012856590655, 0.12973141862244614, 0.4254785839114077], [0.2122783394285107, 0.22955295783299884, 0.3555847757041229, 0.20258392693436755], [0.11645093870298809, 0.22100982734549432, 0.12397343947342679, 0.5385657943780908]], "ideal": "B", "sampled": "A", "correct": false}}
{"type": "result", "data": {"idx": 12, "options": ["E \u2283 F", "F \u2283 G", "G \u2283 E", "~~F"], "probs": [[0.3040281054652822, 0.2994781851780041, 0.16299258689486723, 0.23350112236184642], [0.30995725658544004, 0.1822810714574842, 0.17680271931302635, 0.33095895254404945], [0.2714244005665973, 0.2217112680282938, 0.1622936503891634, 0.3445706809159455], [0.39912650579881687, 0.2346672748490043, 0.19168789968492841, 0.17451831956725042]], "ideal": "D", "sampled": "B", "correct": false}}
{"type": "result", "data": {"idx": 13, "options": ["Valid", "Invalid. Counterexample when E, F, and G are true", "Invalid. Counterexample when E and F are true and G is false", "Invalid. Counterexample when E, F, and G are false"], "probs": [[0.15854676256967806, 0.6781045834105329, 0.06715481922325232, 0.09619383469653671], [0.17778456275542154, 0.22476011596145762, 0.05773281699487218, 0.5397225041882486], [0.23328048683696173, 0.20589532569660113, 0.3449786705917452, 0.2158455167746919], [0.1834546531092847, 0.5146239552765239, 0.13219084238252887, 0.1697305491316625]], "ideal": "C", "sampled": "A", "correct": false}}
{"type": "result", "data": {"idx": 14, "options": ["Valid", "Invalid. Counterexample when H, I, and J are false", "Invalid. Counterexample when H and I are true and J is false", "Invalid. Counterexample when I is true and H and J are false"], "probs": [[0.1524724524499923, 0.5845770282799823, 0.11513062651146479, 0.14781989265856063], [0.14065328553372652, 0.2392893039782064, 0.06341075293258708, 0.55664665745548], [0.30514141004785017, 0.20648486294812823, 0.3300381800190924, 0.15833554688492915], [0.23731082321847394, 0.4720361459969889, 0.13738971742523126, 0.15326331325930587]], "ideal": "D", "sampled": "A", "correct": false}}
{"type": "result", "data": {"idx": 15, "options": ["(\u2203x){Fx \u2022 (\u2200y)[Dy \u2283 (\u2203z)(Vz \u2022 Rxyz)]}", "(\u2203x){Fx \u2022 (\u2203y)[Vy \u2022 (\u2203z)(Dz \u2022 Rxyz)]}", "(\u2203x){Fx \u2022 (\u2203y)(\u2203z)[(Vy \u2022 Dz) \u2022 Rxzy]}", "(\u2200x){Fx \u2283 (\u2203y)[Vy . (\u2203z)(Dz \u2022 Rxyz)]}"], "probs": [[0.28500942242303756, 0.2762518011130349, 0.10010415612960644, 0.33863462023432106], [0.47337153196539716, 0.3103509521892934, 0.07851465732180728, 0.13776285842350214], [0.23465550992476616, 0.32075701594529277, 0.06940166961758229, 0.37518580441235877], [0.23020373625545001, 0.3402310064129197, 0.1291993577529835, 0.3003658994786468]], "ideal": "B", "sampled": "B", "correct": true}}
{"type": "result", "data": {"idx": 16, "options": ["The university raises tuition.", "The governor approves of it.", "The board of trustees recommends it.", "None of the above"], "probs": [[0.208913296440214, 0.34453818198573355, 0.2812476157860842, 0.1653009056879682], [0.2607356338769489, 0.625578946843535, 0.04126430721091196, 0.07242111196860408], [0.311786846258448, 0.24290454789483923, 0.11837911075455307, 0.32692949499215973], [0.13713980128406394, 0.2124831590583975, 0.17890824908935823, 0.4714687904681803]], "ideal": "D", "sampled": "C", "correct": false}}
{"type": "result", "data": {"idx": 17, "options": ["(\u2203x)(Px \u2022 Sxj)", "(\u2200x)(Px \u2022 Sxj)", "(\u2200x)(Px \u2283 Sjx)", "(\u2200x)(Px \u2283 Sxj)"], "probs": [[0.15528723075332665, 0.5336989580928646, 0.03412625451366469, 0.276887556540144], [0.39165753643686846, 0.18500319285359415, 0.20015123783892744, 0.22318803277060997], [0.20293482099533616, 0.1485112342502208, 0.07016273744066436, 0.5783912072137787], [0.35240954774308286, 0.22053100177840193, 0.32608053878619203, 0.10097891159232318]], "ideal": "D", "sampled": "B", "correct": false}}
{"type": "result", "data": {"idx": 18, "options": ["Iwkj", "Ijwk", "Iwjk", "Ijkw"], "probs": [[0.22882967844061064, 0.2435991578514289, 0.3492867000158023, 0.1782844635921581], [0.12140476792883352, 0.6263676927831823, 0.08094597667351021, 0.17128156251447393], [0.24738050979170048, 0.15972791072487424, 0.4146446236341575, 0.17824695574926774], [0.12596449806291127, 0.35334319220353355, 0.13846435109896996, 0.38222795853458524]], "ideal": "B", "sampled": "C", "correct": false}}
{"type": "result", "data": {"idx": 19, "options": ["~Pa", "(\u2200x)(Ax \u2283 ~Px)", "~Ap", "(\u2200x)(Ax \u2022 ~Px)"], "probs": [[0.1284543237422304, 0.4926558585670907, 0.06565522951258623, 0.3132345880780927], [0.20600666103687157, 0.24469651279386684, 0.3912772535886494, 0.1580195724806122], [0.148843288961231, 0.4308421031358718, 0.057421323120146736, 0.3628932846827505], [0.27090709995142925, 0.2466881685205748, 0.33736058563553434, 0.14504414579246164]], "ideal": "B", "sampled": "D", "correct": false}}
{"type": "result", "data": {"idx": 20, "options": ["Valid", "Invalid. Counterexample when P, R, and Q are true", "Invalid. Counterexample when P and Q are true and R is false", "Invalid. Counterexample when R and Q are true and P is false"], "probs": [[0.15716897886427003, 0.5660915115560154, 0.12436763192170724, 0.15237187755800724], [0.21820908782684242, 0.19260253010254302, 0.08155225216526854, 0.507636129805346], [0.32641615425756687, 0.16674239435569327, 0.32653747951922657, 0.18030397176751325], [0.44229108749811236, 0.3338959564515236, 0.10841158937937098, 0.11540136657099308]], "ideal": "B", "sampled": "A", "correct": false}}
{"type": "result", "data": {"idx": 21, "options": ["Msim", "Mmis", "Mims", "Mmsi"], "probs": [[0.2391256207118874, 0.2586449643912807, 0.14294910216467951, 0.35928031263215243], [0.2361355090481015, 0.26353811822374623, 0.12265465969625441, 0.3776717129318979], [0.2481804600786547, 0.1964027820213185, 0.1996644526370381, 0.3557523051629886], [0.24977924299393597, 0.31097123487121375, 0.14245459648219644, 0.2967949255526538]], "ideal": "D", "sampled": "A", "correct": false}}
{"type": "result", "data": {"idx": 22, "options": ["All apartments are not bigger than some large house.", "No apartment is bigger than any large house.", "All large houses are not bigger than some apartment.", "No large house is bigger than all apartments."], "probs": [[0.22299891048670942, 0.3246633531075657, 0.07245920122655836, 0.3798785350791665], [0.2537079978070465, 0.23477158556959016, 0.15891161490087585, 0.3526088016224875], [0.1905684385749072, 0.3733787071311202, 0.079522561444322, 0.3565302927496506], [0.28931942148117706, 0.23624549451722338, 0.1411080339244754, 0.3333270499771242]], "ideal": "B", "sampled": "D", "correct": false}}
{"type": "result", "data": {"idx": 23, "options": ["Valid", "Invalid. Counterexample when J and K are true and L is false", "Invalid. Counterexample when J is true and K and L are false", "Invalid. Counterexample when K is true and J and L are false"], "probs": [[0.18158205935967467, 0.5955033764652696, 0.08580472127671677, 0.13710984279833893], [0.25068962011163265, 0.19834540339039, 0.06748608348247384, 0.4834788929155035], [0.39055274096853326, 0.21571112319789282, 0.25225342069289086, 0.14148271504068308], [0.406377839811402, 0.40013437266716356, 0.07519116027821719, 0.11829662714321718]], "ideal": "C", "sampled": "A", "correct": false}}
{"type": "result", "data": {"idx": 24, "options": ["(P \u2261 D) \u2261 G", "(D \u2022 G) \u2283 P", "P \u2283 (D \u2022 G)", "P \u2261 (D \u2022 G)"], "probs": [[0.13607958363363076, 0.11114175947811691, 0.13206200693902018, 0.6207166498492321], [0.15628047553418165, 0.1664000172210219, 0.6288809879743228, 0.04843851917047365], [0.08815493230592457, 0.8498545214525852, 0.030531104665039718, 0.031459441476450495], [0.1795542132940617, 0.16357055819958544, 0.14448190362904645, 0.5123933247773065]], "ideal": "D", "sampled": "D", "correct": true}}
{"type": "result", "data": {"idx": 25, "options": ["Inconsistent", "Consistent. Consistent valuation when D, E, and F are true", "Consistent. Consistent valuation when D and E are true and F is false", "Consistent. Consistent valuation when D and F are true and E is false"], "probs": [[0.08196274843779051, 0.841058781200076, 0.04820112457164651, 0.028777345690486865], [0.6420570324289818, 0.18395779202717696, 0.07550804723753232, 0.09847712820630888], [0.2120913682354288, 0.12670576382344853, 0.1017962976920688, 0.5594065701490538], [0.33926213795315513, 0.1628631401752431, 0.30446035574194064, 0.19341436602966114]], "ideal": "A", "sampled": "B", "correct": false}}
{"type": "result", "data": {"idx": 26, "options": ["P \u2228 (C \u2228 I)", "(P \u2228 C) \u2228 I", "P \u2228 C \u2228 I", "Options A and B"], "probs": [[0.0962099677871063, 0.08763127223936952, 0.5288656471632319, 0.2872931127102923], [0.0933274621667117, 0.36366793238966355, 0.037215287772218754, 0.505789317571406], [0.09435682391337637, 0.04898582215915183, 0.295705843847259, 0.5609515099802128], [0.07955795170057178, 0.0888171752237146, 0.09914032670726926, 0.7324845462684444]], "ideal": "D", "sampled": "C", "correct": false}}
{"type": "result", "data": {"idx": 27, "options": ["B \u2283 W", "W \u2283 B", "B \u2261 W", "Both A and B"], "probs": [[0.14850738864408095, 0.4102039993919606, 0.1764795657291298, 0.26480904613482864], [0.10161591762432802, 0.29885621965351655, 0.06669477918986769, 0.5328330834322877], [0.11975327253430926, 0.4665270203951689, 0.17169695195419235, 0.24202275501632944], [0.10133652539039355, 0.2589262464223597, 0.2801993828761428, 0.359537845211104]], "ideal": "A", "sampled": "A", "correct": true}}
{"type": "result", "data": {"idx": 28, "options": ["Lt \u2228 Le", "Lx \u2228 Ly", "tL \u2228 eL", "Tl \u2283 El"], "probs": [[0.2700759671414999, 0.12176662099385177, 0.42533222025344886, 0.18282519151119944], [0.13421127398774918, 0.6305872891300245, 0.06546142794224805, 0.1697400088399783], [0.39359091780970795, 0.4255978686621249, 0.081267860291781, 0.09954335313638615], [0.061985125859117765, 0.8427237538268052, 0.02391657494995326, 0.0713745452641237]], "ideal": "A", "sampled": "C", "correct": false}}
{"type": "result", "data": {"idx": 29, "options": ["Valid", "Invalid. Counterexample when E, F, and G are true", "Invalid. Counterexample when E and G are true and F is false", "Invalid. Counterexample when F and G are true and E is false"], "probs": [[0.13488695526588226, 0.6959141751395946, 0.07932187166470825, 0.08987699782981486], [0.23166301757886382, 0.20446596961485386, 0.04933636244140295, 0.5145346502648793], [0.34625753756875255, 0.17965942619434486, 0.28277388212237264, 0.19130915401452997], [0.38983066628688406, 0.3549834946180616, 0.12659879593471882, 0.12858704306033547]], "ideal": "A", "sampled": "A", "correct": true}}
{"type": "result", "data": {"idx": 30, "options": ["Inconsistent", "Consistent. Consistent valuation when A and D are true and B and C are false", "Consistent. Consistent valuation when A, B, and D are true and C is false", "Consistent. Consistent valuation when C and D are true and A and B are false"], "probs": [[0.14047778827459495, 0.6599938125249764, 0.06957164995634016, 0.1299567491440885], [0.35675610892332504, 0.15833864573650738, 0.06105955112287769, 0.4238456941172899], [0.4161370849244306, 0.17624223887060367, 0.07825547002425062, 0.3293652060807151], [0.3830341766073226, 0.19266002220015216, 0.10157268632989544, 0.3227331147626298]], "ideal": "B", "sampled": "B", "correct": true}}
{"type": "result", "data": {"idx": 31, "options": ["Valid", "Invalid. Counterexample when M and O are true and N is false", "Invalid. Counterexample when M is true and O and N are false", "Invalid. Counterexample when O is true and M and N are false"], "probs": [[0.1541011872197776, 0.6095836525297725, 0.0892242097302983, 0.14709095042015152], [0.2248761951698494, 0.20160442588697455, 0.06648799776366064, 0.5070313810795154], [0.35095385236440063, 0.2196453395213384, 0.2528846897361816, 0.1765161182780793], [0.4084300307126943, 0.3837251279031809, 0.07099615623100576, 0.136848685053119]], "ideal": "A", "sampled": "A", "correct": true}}
{"type": "result", "data": {"idx": 32, "options": ["U \u2283 Z", "U \u2228 W", "~W", "~(X \u2261 ~Y)"], "probs": [[0.2801751216978928, 0.1500766139333123, 0.12071395754138949, 0.4490343067274054], [0.3253633476576689, 0.16365691015445497, 0.22779335758176475, 0.2831863845061114], [0.3957163632158641, 0.27630960526818205, 0.162853327930775, 0.1651207034851788], [0.4641460041492158, 0.22621586242392908, 0.1332971711830961, 0.176340962143759]], "ideal": "D", "sampled": "D", "correct": true}}
{"type": "result", "data": {"idx": 33, "options": ["The Aardvarks win their first game.", "The Bees don't win their first game.", "The Chipmunks win their first game.", "Both the Aardvarks and the Chipmunks win their first games."], "probs": [[0.19522239120421842, 0.5307467539767152, 0.059554449764238473, 0.2144764049548279], [0.3803251569985951, 0.22012717363638287, 0.25741406505472053, 0.14213360421030147], [0.15713567035077336, 0.5931070070760689, 0.04793481597237806, 0.20182250650077968], [0.4829291222905563, 0.28389628661206495, 0.11295160229299946, 0.12022298870437928]], "ideal": "B", "sampled": "D", "correct": false}}
{"type": "result", "data": {"idx": 34, "options": ["hLf", "fLh", "Lfh", "Lhf"], "probs": [[0.1980008305708506, 0.29269183042473784, 0.05587237573252309, 0.4534349631718884], [0.19076842636252384, 0.4167421285910539, 0.252885647178802, 0.13960379776762025], [0.13126846096624598, 0.7209341767022578, 0.03372521438681195, 0.11407214784468424], [0.30915317281768007, 0.24844949222609106, 0.04525864546955017, 0.3971386893866787]], "ideal": "D", "sampled": "D", "correct": true}}
{"type": "result", "data": {"idx": 35, "options": ["Valid", "Invalid. Counterexample when P, Q, R, and S are true", "Invalid. Counterexample when P and Q are true and R and S are false", "Invalid. Counterexample when P, R, and S are true and Q is false"], "probs": [[0.15574903436498694, 0.6661566942378052, 0.0759262872576868, 0.10216798403952101], [0.20807439396795677, 0.22855493764610785, 0.056012705797505544, 0.5073579624884299], [0.24546828497774012, 0.20999252481159925, 0.3409736701360061, 0.20356551997465452], [0.2931383019349014, 0.49871115006089106, 0.08400281705618638, 0.12414773084802114]], "ideal": "C", "sampled": "A", "correct": false}}
{"type": "result", "data": {"idx": 36, "options": ["Valid", "Invalid. Counterexample when T and W are true and U is false", "Invalid. Counterexample when T is true and W and U are false", "Invalid. Counterexample when W is true and T and U are false"], "probs": [[0.18962352117209463, 0.6122332856358292, 0.06979348561806033, 0.12834970747401586], [0.26864118482113536, 0.19966811757903358, 0.059957704163809376, 0.4717329933360217], [0.32415233107232044, 0.20607732496124118, 0.29070771985081156, 0.17906262401562684], [0.43080452722182044, 0.36855409094811625, 0.06713496247953814, 0.13350641925052512]], "ideal": "B", "sampled": "A", "correct": false}}
{"type": "result", "data": {"idx": 37, "options": ["The university raises tuition.", "The governor approves of it.", "The board of trustees recommends it.", "The governor approves of it and the board of trustees recommends it."], "probs": [[0.07674422745020316, 0.1065636782753644, 0.08833425359536626, 0.7283578405790662], [0.17269030415102204, 0.23977298735865912, 0.48441212735606026, 0.10312458103425856], [0.03390756807831366, 0.9456388429792328, 0.011182809564297545, 0.009270779278155956], [0.7929538782993446, 0.16361480069069567, 0.016716264809347407, 0.026715056100612262]], "ideal": "D", "sampled": "D", "correct": true}}
{"type": "result", "data": {"idx": 38, "options": ["The restaurant has peas.", "The restaurant does not have peas.", "The restaurant serves corn.", "The restaurant serves potatoes."], "probs": [[0.13811019267415034, 0.7825737711388172, 0.03082466543641395, 0.04849137065061853], [0.8688742210059286, 0.09448435567268106, 0.018607047657421112, 0.018034375563969186], [0.14042063918405376, 0.16678864506654092, 0.09210228507332588, 0.6006884305760795], [0.1553331052058523, 0.13287349340943308, 0.6644140629792554, 0.04737933830545917]], "ideal": "B", "sampled": "B", "correct": true}}
{"type": "result", "data": {"idx": 39, "options": ["(\u2200x)[Fx \u2283 (\u2200y)(Jy \u2283 Sxy)]", "(\u2200x)(\u2200y)[(Fx \u2022 Jy) \u2022 Sxy]", "(\u2200x)(\u2200y)[Sxy \u2283 (Fy \u2022 Jx)]", "(\u2200x)[Jx \u2283 (\u2200y)(Fy \u2283 Sxy)]"], "probs": [[0.3060060485153167, 0.15877446814988544, 0.0683036150309255, 0.4669158682038723], [0.28317651149779016, 0.1717872321433895, 0.08505952357395254, 0.45997673268486783], [0.2734782140201767, 0.27784187012877026, 0.08610998221534652, 0.3625699335357065], [0.26735893088408186, 0.17265848942355147, 0.07544959391979074, 0.4845329856725759]], "ideal": "D", "sampled": "D", "correct": true}}
{"type": "result", "data": {"idx": 40, "options": ["The world is an idea.", "That the world is my idea is a truth valid for every living creature, though only man can contemplate it.", "In doing so, he attains philosophical wisdom.", "No truth is more absolutely certain than that all that exists for knowledge and therefore this world is only object in relation to subject, perception of a perceiver."], "probs": [[0.7808731975387636, 0.17975247323001833, 0.009092659900281746, 0.030281669230936337], [0.6006182599384867, 0.07172503522043083, 0.025581369888684077, 0.30207533485239835], [0.2491006627161747, 0.14417809676213011, 0.31994591113544557, 0.2867753292862496], [0.15521930201109801, 0.7640619757694769, 0.03410587514354884, 0.04661284697587628]], "ideal": "A", "sampled": "A", "correct": true}}
{"type": "result", "data": {"idx": 41, "options": ["Tlc", "Tcl", "lTc", "cTl"], "probs": [[0.1382082659401889, 0.1667452106683041, 0.4327069689584108, 0.26233955433309614], [0.11864368490065176, 0.17814106676426902, 0.3489095750278535, 0.35430567320722567], [0.28098020841499166, 0.524953206952081, 0.08572957025135797, 0.10833701428156929], [0.2881888854285808, 0.4001136868834361, 0.053324693932442054, 0.258372733655541]], "ideal": "A", "sampled": "D", "correct": false}}
{"type": "result", "data": {"idx": 42, "options": ["Logically equivalent", "Contradictory", "Neither logically equivalent nor contradictory, but consistent", "Inconsistent"], "probs": [[0.2938883050071605, 0.23618683568539936, 0.25147664919181195, 0.21844821001562817], [0.23451347646752307, 0.21696914730286515, 0.12362226842597701, 0.42489510770363476], [0.2671963949888895, 0.2215495026351841, 0.3889038380264906, 0.1223502642494358], [0.16118498865475164, 0.24583905541699183, 0.13366149962078797, 0.4593144562074685]], "ideal": "C", "sampled": "A", "correct": false}}
{"type": "result", "data": {"idx": 43, "options": ["Logically equivalent", "Contradictory", "Neither logically equivalent nor contradictory, but consistent", "Inconsistent"], "probs": [[0.36671232627073985, 0.23313298471722732, 0.1706110809481735, 0.2295436079638593], [0.19202742753390606, 0.20446906220101083, 0.08932424003019862, 0.5141792701348845], [0.2283600657729501, 0.22485264498680166, 0.3483456736219228, 0.1984416155183254], [0.13291302817151854, 0.1995699032781343, 0.08995131737403035, 0.5775657510763168]], "ideal": "A", "sampled": "A", "correct": true}}
{"type": "result", "data": {"idx": 44, "options": ["Valid", "Invalid. Counterexample when T, X, and Z are true and U and W are false", "Invalid. Counterexample when T and X are true and U, W, and Z are false", "Invalid. Counterexample when T, W, and Z are true and U and X are false"], "probs": [[0.1150298029457384, 0.7047412166277293, 0.06871160477443786, 0.11151737555209448], [0.19051310205216201, 0.22275702404137454, 0.05209540889529641, 0.5346344649111671], [0.28784671851865967, 0.2540442683151276, 0.2834835392472314, 0.17462547381898139], [0.24663653763492005, 0.555878787366231, 0.06335901798801673, 0.13412565691083217]], "ideal": "A", "sampled": "A", "correct": true}}
{"type": "result", "data": {"idx": 45, "options": ["Bc \u2261 (Pm \u2228 Gm)", "Bc \u2261 (Pm \u2022 Gm)", "Bc \u2283 (Pm \u2228 Gm)", "Cb \u2283 (Pm \u2022 Gm)"], "probs": [[0.3738610791432292, 0.5355522868993979, 0.040749878679991934, 0.04983675517738093], [0.21359687028768481, 0.41832161880545493, 0.04211845342658502, 0.3259630573802752], [0.3240878533383791, 0.21932376592165795, 0.2302191222941265, 0.22636925834583646], [0.21406797369917255, 0.46041463535944815, 0.086607749997648, 0.23890964084373126]], "ideal": "A", "sampled": "A", "correct": true}}
{"type": "result", "data": {"idx": 46, "options": ["Nd \u2283 (Bj \u2022 Sl)", "Dn \u2261 (Bx \u2022 Ly)", "Nd \u2261 (Bj \u2022 Sl)", "Nd \u2283 (Bj \u2228 Sl)"], "probs": [[0.21938389902497155, 0.21945888165915284, 0.1036735649394354, 0.4574836542764402], [0.14520108481980096, 0.14753767626691186, 0.20806334600657767, 0.4991978928067095], [0.21667400888203756, 0.5280285097440311, 0.20050457939568206, 0.054792901878249214], [0.23951870495060298, 0.2181681407895178, 0.10147541026318165, 0.44083774389669755]], "ideal": "D", "sampled": "D", "correct": true}}
{"type": "result", "data": {"idx": 47, "options": ["It's not the case that Marina's reading a Percy Jackson book entails that Izzy plays Minecraft, but Izzy's playing Minecraft does entail that Ashleigh doesn't stop by.", "If Marina doesn't read a Percy Jackson book, then Izzy plays Minecraft, which entails that Ashleigh doesn't stop by.", "Marina's reading a Percy Jackson book does not entail that Izzy plays Minecraft, but Izzy plays Minecraft provided that Ashleigh doesn't stop by.", "It's not true that Marina reads a Percy Jackson book only when Izzy plays Minecraft, but Izzy plays Minecraft only when Ashleigh stops by."], "probs": [[0.5058820096379677, 0.2043807743469905, 0.1279975882641352, 0.16173962765090658], [0.5093374885805046, 0.19331294440268235, 0.052874960393945014, 0.244474606522868], [0.3550060278197928, 0.12268774850046302, 0.11351203764275261, 0.40879418593699157], [0.35768342547540444, 0.20379826728151143, 0.12762330661366644, 0.3108950005294177]], "ideal": "A", "sampled": "B", "correct": false}}
{"type": "result", "data": {"idx": 48, "options": ["Valid", "Invalid. Counterexample when B, C, and D are true and A is false", "Invalid. Counterexample when B and D are true and A and C are false", "Invalid. Counterexample when A, B, and C are false and D is true"], "probs": [[0.11976179956724634, 0.7111941416328555, 0.039504095025043935, 0.12953996367485412], [0.1035280268753385, 0.16290144951146332, 0.05808638684836164, 0.6754841366648365], [0.21341350136411652, 0.26151336405851106, 0.3307020215673262, 0.19437111291004622], [0.1864847319063773, 0.592739367873303, 0.05869478599752139, 0.16208111412279838]], "ideal": "D", "sampled": "A", "correct": false}}
{"type": "result", "data": {"idx": 49, "options": ["If my headache is dualist state, then your tickle is a physical state. Either everything is physical or everything is mental. But my broken toe is not a mental state. So my headache is not a dualist state.", "If my headache is dualist state, then your tickle is not a physical state. Either everything is physical or everything is mental. But my broken toe is not a mental state. So my headache is not a dualist state.", "If my headache is dualist state, then your tickle is not a physical state. If everything is physical then everything is mental. But my broken toe is not a mental state. So my headache is not a dualist state.", "If my headache is dualist state, then your tickle is not a physical state. Everything is either physical or mental. But my broken toe is not a mental state. So my headache is not a dualist state."], "probs": [[0.22964388935522895, 0.2685457387731424, 0.12295116116512665, 0.37885921060650196], [0.2873624562929801, 0.17984990773786674, 0.3991214036542407, 0.1336662322149125], [0.2826094795546138, 0.46602597625518527, 0.11783044741348986, 0.13353409667671107], [0.3305555332949342, 0.2872278434827967, 0.15136687681602048, 0.2308497463062486]], "ideal": "B", "sampled": "D", "correct": false}}
{"type": "result", "data": {"idx": 50, "options": ["A", "~A", "B", "~B"], "probs": [[0.32179687862442574, 0.1723411160091577, 0.25892780385979675, 0.24693420140661979], [0.3097857740275489, 0.22330335604987628, 0.20986551908940937, 0.25704535073316537], [0.35621880093613056, 0.1485774732341667, 0.26503710140783593, 0.2301666243218668], [0.4108864007347254, 0.19730566146031384, 0.2005448162273966, 0.19126312147756416]], "ideal": "B", "sampled": "A", "correct": false}}
{"type": "result", "data": {"idx": 51, "options": ["P", "N \u2283 ~O", "O \u2228 Q", "~P"], "probs": [[0.27859119615865346, 0.5287406640992066, 0.09635977059979389, 0.096308369042346], [0.3669505824363023, 0.29030696419873403, 0.09430480283464099, 0.24843765043032265], [0.19144167353136185, 0.1612442784598588, 0.14234328910219063, 0.5049707588065887], [0.2358615178867299, 0.24338469671602964, 0.23609557041860296, 0.2846582148786375]], "ideal": "A", "sampled": "B", "correct": false}}
{"type": "result", "data": {"idx": 52, "options": ["~Bje", "Bej", "Bje~", "~Bej"], "probs": [[0.33978605462456396, 0.11560662632268268, 0.09439046651451276, 0.4502168524382406], [0.129198767482162, 0.404283875441885, 0.19716097097576796, 0.2693563860001851], [0.25771614138540944, 0.19759885375911337, 0.3470609382323777, 0.19762406652309947], [0.3183200240442713, 0.2440667061238785, 0.07683799128814595, 0.3607752784437043]], "ideal": "D", "sampled": "A", "correct": false}}
{"type": "result", "data": {"idx": 53, "options": ["The Aardvarks do not win their first game.", "The Bees win their first game.", "The Chipmunks do not win their first game.", "Either the Aardvarks or the Chipmunks do not win their first game."], "probs": [[0.15603904657053777, 0.5362927396996876, 0.0620863595853702, 0.24558185404440436], [0.2948604567778361, 0.21574423036420934, 0.32905549297999204, 0.16033981977796252], [0.13538573378343643, 0.5975016221365005, 0.05734143277411221, 0.20977121120595085], [0.29314257818084355, 0.20466639979621332, 0.35929798005510616, 0.14289304186783697]], "ideal": "D", "sampled": "D", "correct": true}}
{"type": "result", "data": {"idx": 54, "options": ["The Aardvarks do not win their first game.", "The Bees win their first game.", "The Chipmunks do not win their first game.", "Either the Aardvarks or the Chipmunks do not win their first games."], "probs": [[0.1448214447047488, 0.1566378117703541, 0.07875241790101613, 0.619788325523881], [0.09997832178198948, 0.15486193268765522, 0.6419978950575, 0.10316185037285523], [0.04857691280495218, 0.9025045857180295, 0.017055663117966916, 0.0318628382590514], [0.6272458573678048, 0.22716029493832582, 0.03827041472716322, 0.10732343286670616]], "ideal": "B", "sampled": "D", "correct": false}}
{"type": "result", "data": {"idx": 55, "options": ["~Ia", "(\u2203x)(Ax \u2022 ~Ix)", "~Ai", "(\u2203x)(Ix \u2228 ~Ax)"], "probs": [[0.12870496366333295, 0.4708781487298217, 0.039281855825707195, 0.36113503168113814], [0.19703219924531568, 0.07716729690041362, 0.6881873119844782, 0.037613191769792456], [0.12022851854211772, 0.6707287083911984, 0.02562540119724771, 0.18341737176943623], [0.2377667497685235, 0.10718567242699913, 0.5889999445385811, 0.06604763316589636]], "ideal": "B", "sampled": "D", "correct": false}}
{"type": "result", "data": {"idx": 56, "options": ["Logically equivalent", "Contradictory", "Neither logically equivalent nor contradictory, but consistent", "Inconsistent"], "probs": [[0.3332887291574975, 0.2516183256851348, 0.19300778208233038, 0.22208516297503728], [0.1693454695274871, 0.23891772505425682, 0.09356204489101676, 0.49817476042723935], [0.21350319681416757, 0.24578134713099284, 0.3691220283139179, 0.1715934276409217], [0.11080978312300209, 0.2577248869070078, 0.10251587857433923, 0.5289494512956509]], "ideal": "B", "sampled": "A", "correct": false}}
{"type": "result", "data": {"idx": 57, "options": ["Inconsistent", "Consistent. Consistent valuation when U, W, and X are true and T is false", "Consistent. Consistent valuation when W and X are true and T and U are false", "Consistent. Consistent valuation when T and U are true and W and X are false"], "probs": [[0.05015805512636163, 0.8096688630268594, 0.04497257008617125, 0.0952005116606078], [0.3633819438679391, 0.20707495252654184, 0.09335223395798295, 0.3361908695475361], [0.22616198151170136, 0.2192757676484408, 0.09000431544169066, 0.4645579352981672], [0.24936638398409108, 0.24555319179294896, 0.21342414297377454, 0.2916562811491854]], "ideal": "B", "sampled": "B", "correct": true}}
{"type": "result", "data": {"idx": 58, "options": ["Cs \u2283 Ej", "Sc \u2261 Ej", "sC \u2261 eJ", "Sx \u2261 Jy"], "probs": [[0.05038546617274889, 0.8659434606520016, 0.047367508234226176, 0.03630356484102334], [0.10727453082376945, 0.8310302417928438, 0.028448197368011838, 0.03324702991537491], [0.45093033005673494, 0.1822080503395948, 0.11770274532436026, 0.24915887417930999], [0.18854170473890466, 0.15639580318568408, 0.12567592781491202, 0.5293865641604992]], "ideal": "B", "sampled": "C", "correct": false}}
{"type": "result", "data": {"idx": 59, "options": ["(E \u2283 F) \u2228 (~C \u2283 S)", "(F \u2283 E) \u2228 (S \u2283 ~C", "(E \u2283 F) \u2228 ~(S \u2261 C)", "(E \u2283 F) \u2228 (~C \u2261 S)"], "probs": [[0.22473462091176424, 0.09226393022407282, 0.15960095940127098, 0.523400489362892], [0.18556711905384118, 0.13375639021950284, 0.10759193185051916, 0.5730845587761368], [0.35348942872327227, 0.16178137062362288, 0.3228674530660104, 0.16186174748709448], [0.20896247182904054, 0.1933123632573915, 0.07944411842806516, 0.5182810463855028]], "ideal": "D", "sampled": "A", "correct": false}}
{"type": "result", "data": {"idx": 60, "options": ["If neither Marina reads a Percy Jackson book nor Izzy plays Minecraft, then Emily stops working.", "If it's not the case that both Marina reads a Percy Jackson book and Izzy plays Minecraft, then Emily stops working.", "Either Marina not reading a Percy Jackson book or Izzy not playing Minecraft entails that Emily stops working.", "Emily stopping working is a sufficient condition for either Marina not reading a Percy Jackson book or Izzy not playing Minecraft."], "probs": [[0.2544088249663445, 0.1592104214623614, 0.19214730593962376, 0.39423344753167033], [0.38111103713012456, 0.22055033504397545, 0.1403314512926512, 0.2580071764332488], [0.3689670965990285, 0.2037593168836085, 0.09632426742045049, 0.33094931899691254], [0.3063693802093986, 0.1718765884699615, 0.10269726602362456, 0.41905676519701535]], "ideal": "C", "sampled": "C", "correct": true}}
{"type": "result", "data": {"idx": 61, "options": ["There are those who use predicate variables; the values of these variables are attributes.", "Predicates are wanted in all sentences regardless of whether there are attributes to refer to.", "The dummy predicate 'F' is wanted generally for expository purposes.", "If we are going to quantify over attributes and refer to them, then clarity is served by using recognizable variables and distinctive names for the purposes, and not mixing these up with the predicates."], "probs": [[0.06292966541626958, 0.05730638087803224, 0.023889980406868773, 0.8558739731988294], [0.0605372934303122, 0.05687154795385202, 0.8361726900797978, 0.04641846843603797], [0.018968021838658904, 0.9430497128483518, 0.01648622060233246, 0.021496044610656836], [0.8240620170728418, 0.10976728366500503, 0.018205584244253722, 0.04796511491789944]], "ideal": "D", "sampled": "D", "correct": true}}
{"type": "result", "data": {"idx": 62, "options": ["If Emily doesn't stop working then Russell makes dinner.", "Emily stops working unless Russell makes dinner.", "Emily stops working unless Russell doesn't make dinner.", "Emily doesn't stop working unless Russell makes dinner."], "probs": [[0.21150384125193555, 0.3175476159905741, 0.1432104706252461, 0.32773807203224425], [0.3134385323699904, 0.21543884114674916, 0.09271291573377484, 0.3784097106494856], [0.287123748247633, 0.21008143452931996, 0.1562313185842959, 0.3465634985387511], [0.2343756204702925, 0.2614825044367127, 0.2168975251440272, 0.2872443498489676]], "ideal": "D", "sampled": "B", "correct": false}}
