{"type": "result", "data": {"idx": 0, "options": ["10%", "20%", "40%", "80%"], "probs": [[0.0763134394351868, 0.2174484081698351, 0.35868136694486485, 0.34755678535011325], [0.11056204637013317, 0.48794560529004105, 0.2572544159351583, 0.1442379323046675], [0.15114921780353918, 0.38607643201294467, 0.10558703855373702, 0.3571873115297791], [0.06176569008692749, 0.0927453945418692, 0.40298092811601366, 0.44250798715518963]], "ideal": "C", "sampled": "C", "correct": true}}
{"type": "result", "data": {"idx": 1, "options": ["About $300", "About $3k", "About $8k", "About $15k"], "probs": [[0.20806666646605265, 0.20809140239473775, 0.16990383727209726, 0.4139380937671123], [0.19888701744889, 0.18979733973655483, 0.12645976603616396, 0.4848558766783912], [0.21443557737113456, 0.15689662097315615, 0.1953268348975358, 0.43334096665817345], [0.2252326343017984, 0.1727038498453029, 0.13244632082518173, 0.469617194927717]], "ideal": "B", "sampled": "A", "correct": false}}
{"type": "result", "data": {"idx": 2, "options": ["52%", "62%", "72%", "82%"], "probs": [[0.15080139488862124, 0.37334848559188055, 0.17104077847203197, 0.3048093409474662], [0.16031810639685576, 0.38468724485365163, 0.19055157897951053, 0.2644430696699821], [0.15045574754330224, 0.30402753660104836, 0.2642945129694846, 0.28122220278616483], [0.11947593213666154, 0.48016980761562744, 0.15119207605441065, 0.24916218409330035]], "ideal": "C", "sampled": "A", "correct": false}}
{"type": "result", "data": {"idx": 3, "options": ["China", "United States", "Germany", "Japan"], "probs": [[0.1413475977831518, 0.38434775514491165, 0.33940043030562195, 0.1349042166663146], [0.026758510099804376, 0.06126820603562938, 0.09196448787693655, 0.8200087958876296], [0.04982227813020466, 0.05646678411222043, 0.5978521681804186, 0.2958587694771563], [0.04953783543598185, 0.17568714013870132, 0.3662739518531914, 0.4085010724721254]], "ideal": "A", "sampled": "A", "correct": true}}
{"type": "result", "data": {"idx": 4, "options": ["by 5 fold", "by 10 fold", "by 15 fold", "by 20 fold"], "probs": [[0.16099720471990037, 0.20036948319594403, 0.20057099158974015, 0.43806232039441545], [0.17321884688959463, 0.20895420390848748, 0.2332688033289817, 0.3845581457729362], [0.19140465206405688, 0.2203105074132018, 0.18277388408584835, 0.40551095633689294], [0.13653324949965237, 0.16993214694744196, 0.25935340698013193, 0.43418119647277376]], "ideal": "C", "sampled": "B", "correct": false}}
{"type": "result", "data": {"idx": 5, "options": ["Lower respiratory infections", "Preterm birth complications", "Diarrheal diseases", "Malaria"], "probs": [[0.9778346949517108, 0.016824919617097717, 0.004390899993705906, 0.0009494853374855284], [0.021627568834295136, 0.9198529007034321, 0.012720980412335133, 0.0457985499499377], [0.9826907100371968, 0.01256515185040304, 0.002150602575922664, 0.002593535436477543], [0.012886258616200635, 0.9770514249740367, 0.0035804085927738294, 0.006481907716988781]], "ideal": "A", "sampled": "A", "correct": true}}
{"type": "result", "data": {"idx": 6, "options": ["10%", "20%", "30%", "40%"], "probs": [[0.11289504001062116, 0.20446499875430554, 0.24289486937932805, 0.4397450917557452], [0.1756313398681092, 0.2186166625171831, 0.18416480325793183, 0.4215871942567759], [0.15931839289750546, 0.20143086005635233, 0.2628387651872793, 0.376411981758863], [0.13724803923188067, 0.22283025083697752, 0.22998143730247944, 0.40994027252866233]], "ideal": "C", "sampled": "C", "correct": true}}
{"type": "result", "data": {"idx": 7, "options": ["29%", "49%", "69%", "89%"], "probs": [[0.15218394539670377, 0.25490542484042805, 0.22168129019662353, 0.37122933946624465], [0.14285725779467548, 0.297784694933459, 0.2471051885567916, 0.3122528586150739], [0.20015978811169788, 0.3198966979660572, 0.14433917401777738, 0.3356043398044675], [0.14369731925932086, 0.19044391525206025, 0.1935842902230708, 0.4722744751655481]], "ideal": "C", "sampled": "C", "correct": true}}
{"type": "result", "data": {"idx": 8, "options": ["18%", "38%", "58%", "78%"], "probs": [[0.10045873076769747, 0.23360831587399883, 0.3563924590764294, 0.30954049418187424], [0.11396088176175849, 0.3916363663606878, 0.2911950685214313, 0.20320768325612243], [0.13583759759740252, 0.45957657005398367, 0.12571418096784004, 0.2788716512807738], [0.14289274810315764, 0.2248417138828503, 0.22491458056108093, 0.40735095735291116]], "ideal": "C", "sampled": "C", "correct": true}}
{"type": "result", "data": {"idx": 9, "options": ["11%", "26%", "41%", "56%"], "probs": [[0.13309512634451034, 0.2448332683546903, 0.3401722806300608, 0.28189932457073863], [0.14947994051869, 0.41277736421272004, 0.2709300517764959, 0.16681264339209406], [0.1616736106905428, 0.41938046097254367, 0.12602085612819885, 0.29292507210871466], [0.14692938326320013, 0.16139850018794646, 0.23864689466950995, 0.45302522177934346]], "ideal": "B", "sampled": "C", "correct": false}}
{"type": "result", "data": {"idx": 10, "options": ["23%", "38%", "53%", "68%"], "probs": [[0.09098953549422438, 0.2324452199007907, 0.2990014783962252, 0.3775637661087597], [0.08313203788012515, 0.339338787000342, 0.36186078996006815, 0.21566838505946476], [0.09933755619827114, 0.5206841268665763, 0.10114188566643284, 0.27883643116871976], [0.09431426338781242, 0.1682073957016751, 0.18494314203433287, 0.5525351987761796]], "ideal": "D", "sampled": "D", "correct": true}}
{"type": "result", "data": {"idx": 11, "options": ["5%", "10%", "15%", "25%"], "probs": [[0.07324830496508765, 0.11708040621510878, 0.26807397801038585, 0.5415973107094177], [0.13830100664299505, 0.1804188531207117, 0.16689453022631806, 0.5143856099099752], [0.1377381451148253, 0.15857223219643402, 0.26567549907438587, 0.43801412351435487], [0.14461459864487206, 0.16391611830366154, 0.2661724507321581, 0.4252968322193083]], "ideal": "B", "sampled": "A", "correct": false}}
{"type": "result", "data": {"idx": 12, "options": ["2%", "4%", "9%", "18%"], "probs": [[0.05459034984048867, 0.09288555036727755, 0.37328021324119603, 0.4792438864510377], [0.09753211132302426, 0.19099166066499945, 0.253101773627177, 0.4583744542847992], [0.13413513995654425, 0.28400969079262545, 0.29780855328132044, 0.28404661586950986], [0.10528719424148544, 0.2264617830288446, 0.13316290079215704, 0.5350881218375129]], "ideal": "C", "sampled": "C", "correct": true}}
{"type": "result", "data": {"idx": 13, "options": ["minimum wage legislation", "land reform", "progressive taxation", "increased access to education"], "probs": [[0.1586235047253664, 0.22402019617551036, 0.1357061016642866, 0.4816501973348366], [0.13883828245972274, 0.12856716491041623, 0.41460390748127346, 0.31799064504858754], [0.11021672358366572, 0.18486510741310588, 0.29505099304529236, 0.40986717585793603], [0.1439614317267436, 0.1633997434720872, 0.47975072974758115, 0.21288809495358804]], "ideal": "A", "sampled": "B", "correct": false}}
{"type": "result", "data": {"idx": 14, "options": ["36%", "56%", "76%", "96%"], "probs": [[0.1235117316122521, 0.2963299750985408, 0.27433535453914054, 0.3058229386500665], [0.13266338011299, 0.3388084667937362, 0.35545932183706624, 0.1730688311562075], [0.15575007298894222, 0.34026502100395534, 0.19405006737780503, 0.3099348385292974], [0.08861079811163758, 0.202887296656347, 0.304823279350316, 0.4036786257816994]], "ideal": "B", "sampled": "C", "correct": false}}
{"type": "result", "data": {"idx": 15, "options": ["6%", "13%", "27%", "46%"], "probs": [[0.03255138979063613, 0.0942108350564734, 0.4093845264462132, 0.46385324860667726], [0.06622552974655666, 0.23122078918685277, 0.43220676761501314, 0.27034691335157746], [0.08940114625242829, 0.6016706093170694, 0.08406269361588097, 0.22486555071462133], [0.0591182857506059, 0.07022402735168663, 0.3351252462486731, 0.5355324405490344]], "ideal": "B", "sampled": "D", "correct": false}}
{"type": "result", "data": {"idx": 16, "options": ["34%", "49%", "64%", "79%"], "probs": [[0.09250780939130769, 0.28951925036396187, 0.2221137881056878, 0.3958591520390426], [0.06977567873030278, 0.4695265029611038, 0.3129518055077749, 0.14774601270081847], [0.10412307780765134, 0.5207191458305965, 0.0919657485668167, 0.2831920276949354], [0.12201922186074865, 0.1981089203506302, 0.27951965982739857, 0.40035219786122256]], "ideal": "A", "sampled": "D", "correct": false}}
{"type": "result", "data": {"idx": 17, "options": ["62%", "72%", "82%", "92%"], "probs": [[0.14793864772858906, 0.28969888622837375, 0.2680603425270684, 0.2943021234159688], [0.14141852098641322, 0.39669519683512805, 0.17610912201214643, 0.28577716006631226], [0.14195484988596524, 0.24152836971465336, 0.291465154515411, 0.3250516257839704], [0.10349745071022606, 0.32391326892310907, 0.1996325060607721, 0.3729567742058928]], "ideal": "C", "sampled": "C", "correct": true}}
{"type": "result", "data": {"idx": 18, "options": ["About $3k", "About $8k", "About $15k", "About $30k"], "probs": [[0.19022055251812942, 0.21895975198582318, 0.14141053170653495, 0.44940916368951245], [0.19679555294929932, 0.19075608251571444, 0.12513384221732976, 0.4873145222176565], [0.21224293743165637, 0.17874169880574767, 0.19332609154812683, 0.4156892721144691], [0.16441488366713186, 0.120299567001162, 0.2393239074051279, 0.4759616418265782]], "ideal": "C", "sampled": "B", "correct": false}}
{"type": "result", "data": {"idx": 19, "options": ["55,000", "550,000", "5,500,000", "55,000,000"], "probs": [[0.18577081484430225, 0.32604475105785313, 0.11274653829083572, 0.3754378957070089], [0.2264808930671498, 0.24874358617988054, 0.23383251527094553, 0.2909430053820241], [0.12281494599455622, 0.17594403468136668, 0.1328565846038174, 0.5683844346202597], [0.1414667006529947, 0.21913648159980706, 0.1603834259178252, 0.479013391729373]], "ideal": "B", "sampled": "B", "correct": true}}
{"type": "result", "data": {"idx": 20, "options": ["25%", "45%", "65%", "85%"], "probs": [[0.07018756382164193, 0.1374619654228154, 0.3622540668130535, 0.43009640384248915], [0.09516163985345066, 0.3220276558228245, 0.2755312939869849, 0.30727941023673994], [0.11928110602609954, 0.2999875366395216, 0.1231307313837224, 0.4576006258506565], [0.07330662229837913, 0.15285321034015178, 0.20569982245593096, 0.5681403448055381]], "ideal": "A", "sampled": "C", "correct": false}}
{"type": "result", "data": {"idx": 21, "options": ["24%", "44%", "64%", "84%"], "probs": [[0.13254047138912456, 0.2720366553966369, 0.20551002288730075, 0.3899128502269378], [0.12902628076315523, 0.3400284698269751, 0.21633866749535266, 0.31460658181451695], [0.18406139175197614, 0.40843829204201504, 0.0941210903571221, 0.31337922574888666], [0.17313090481012983, 0.21893636042480863, 0.16535142555226678, 0.44258130911279475]], "ideal": "A", "sampled": "D", "correct": false}}
{"type": "result", "data": {"idx": 22, "options": ["25%", "40%", "55%", "75%"], "probs": [[0.1546812286215762, 0.3174286044476026, 0.24758050226564718, 0.280309664565174], [0.1693225080994696, 0.3584735148559189, 0.20141572058296267, 0.2707882563616488], [0.20117663144806858, 0.28372240486470424, 0.19833576972789707, 0.3167651938593301], [0.15038897319703892, 0.2991759225304155, 0.20584115690678031, 0.3445939472657653]], "ideal": "D", "sampled": "C", "correct": false}}
{"type": "result", "data": {"idx": 23, "options": ["8%", "16%", "32%", "64%"], "probs": [[0.15574010179095044, 0.40412704356822426, 0.19107553930385102, 0.24905731523697427], [0.2510621957704684, 0.4547096395653101, 0.1598232161759897, 0.13440494838823183], [0.3205401003040208, 0.3156526684445395, 0.09790861605618814, 0.2658986150952516], [0.20952661333373027, 0.133242532597569, 0.3005284964737771, 0.3567023574949236]], "ideal": "B", "sampled": "C", "correct": false}}
{"type": "result", "data": {"idx": 24, "options": ["males are more likely to have depression and are more likely to have an alcohol use disorder than females.", "females are more likely to have depression and are more likely to have an alcohol use disorder than males.", "males are more likely than females to have depression while females are more likely than males to have an alcohol use disorder.", "females are more likely than males to have depression while males are more likely than females to have an alcohol use disorder."], "probs": [[0.6626255462205473, 0.14785466976583644, 0.09699233548124027, 0.09252744843237601], [0.4827307020321346, 0.12399308757754746, 0.10942933381210215, 0.28384687647821577], [0.3408697145577227, 0.14663461902360192, 0.30570872703985824, 0.20678693927881714], [0.3471311032424933, 0.2009439915217681, 0.22775295374500118, 0.2241719513907374]], "ideal": "D", "sampled": "A", "correct": false}}
{"type": "result", "data": {"idx": 25, "options": ["37%", "47%", "57%", "67%"], "probs": [[0.09198024191517908, 0.2540509421426142, 0.30664915071825216, 0.34731966512395457], [0.0931277314805344, 0.3921872230902317, 0.2614420554733329, 0.253242989855901], [0.1367751339421717, 0.3958824217537173, 0.17307392993218587, 0.29426851427192513], [0.11830350451119005, 0.38202272284765687, 0.14061883614366372, 0.35905493639748937]], "ideal": "D", "sampled": "C", "correct": false}}
{"type": "result", "data": {"idx": 26, "options": ["1%", "3%", "6%", "10%"], "probs": [[0.08997543825616504, 0.22634120479504874, 0.26064475329927517, 0.42303860354951106], [0.12422557729248804, 0.21814803262025312, 0.24345726860669242, 0.4141691213805664], [0.13074148674055996, 0.2601638927917709, 0.19955641025964693, 0.40953821010802216], [0.13608384333805143, 0.24276405932210232, 0.23908268269119004, 0.38206941454865617]], "ideal": "D", "sampled": "D", "correct": true}}
{"type": "result", "data": {"idx": 27, "options": ["23%", "43%", "63%", "83%"], "probs": [[0.12326434069735477, 0.22324829958757023, 0.24914691968532032, 0.4043404399297547], [0.12148487747713337, 0.2200266900442558, 0.2782501023468792, 0.38023833003173163], [0.13511376766321356, 0.3616598628600462, 0.15806688914703837, 0.3451594802297019], [0.14461027299821094, 0.2008233100097717, 0.1947039692610105, 0.45986244763100687]], "ideal": "C", "sampled": "D", "correct": false}}
{"type": "result", "data": {"idx": 28, "options": ["10%", "30%", "50%", "70%"], "probs": [[0.0824405873466719, 0.3161082361652718, 0.1692264428335015, 0.4322247335545548], [0.14821438048149033, 0.27695359951606685, 0.24069447095685875, 0.33413754894558406], [0.10320379944589604, 0.37758745332803456, 0.09112087296823138, 0.428087874157838], [0.09496305032945293, 0.1182174725815925, 0.34750231970331125, 0.43931715728564336]], "ideal": "D", "sampled": "B", "correct": false}}
{"type": "result", "data": {"idx": 29, "options": ["26%", "41%", "56%", "71%"], "probs": [[0.0856362359708953, 0.2597929173263023, 0.25206508503405645, 0.40250576156874596], [0.07354674575069489, 0.17649033576061693, 0.4304008694694402, 0.319562048919248], [0.09998627974552546, 0.36020401921702533, 0.1960243179309514, 0.34378538300649775], [0.11221365963927307, 0.29117296010839777, 0.2341402391598998, 0.36247314099242933]], "ideal": "C", "sampled": "D", "correct": false}}
{"type": "result", "data": {"idx": 30, "options": ["690 million", "6.9 billion", "69 billion", "690 billion"], "probs": [[0.2859224123359266, 0.5510920367746609, 0.07015729799399495, 0.0928282527954175], [0.37976675655968, 0.305122549725023, 0.0736747373019284, 0.2414359563133686], [0.25263521072722367, 0.21610166130289088, 0.07357425986984747, 0.457688868000038], [0.1822803494491739, 0.2164886178826658, 0.22706936635889902, 0.3741616662092613]], "ideal": "C", "sampled": "B", "correct": false}}
{"type": "result", "data": {"idx": 31, "options": ["9%", "29%", "59%", "79%"], "probs": [[0.1073869730196412, 0.2785920306237113, 0.28312442758546846, 0.330896568671179], [0.11566973846212705, 0.41659893526600555, 0.2412217025524396, 0.22650962361942778], [0.13804511930225363, 0.25001499426867324, 0.15898537871120044, 0.45295450761787265], [0.11142262651371133, 0.18664898949889663, 0.2397282546377197, 0.4622001292496723]], "ideal": "A", "sampled": "C", "correct": false}}
{"type": "result", "data": {"idx": 32, "options": ["31%", "51%", "71%", "91%"], "probs": [[0.15112358694326716, 0.27369112714689453, 0.20671664126261385, 0.36846864454722444], [0.14119561663672306, 0.37790597209095994, 0.23299671808554998, 0.24790169308676702], [0.1723639445891249, 0.34825275901587593, 0.15707635090015726, 0.3223069453948419], [0.14548216569299519, 0.2437113592122888, 0.20859527960675683, 0.4022111953879592]], "ideal": "B", "sampled": "C", "correct": false}}
{"type": "result", "data": {"idx": 33, "options": ["by 4 fold", "by 8 fold", "by 16 fold", "by 32 fold"], "probs": [[0.1752556316455475, 0.2017278880194128, 0.21504782778996964, 0.40796865244507], [0.1984933227775688, 0.2755729432617401, 0.30784560850854603, 0.2180881253521451], [0.2518055326177711, 0.3232879195804401, 0.1482105337735083, 0.2766960139282805], [0.20942925226723844, 0.17912593749052053, 0.1879303483168657, 0.42351446182537533]], "ideal": "C", "sampled": "D", "correct": false}}
{"type": "result", "data": {"idx": 34, "options": ["1", "7", "13", "19"], "probs": [[0.11211654208622149, 0.3147554005440609, 0.12148382896508392, 0.45164422830463363], [0.1384543134472134, 0.23566839362323916, 0.09380971593289127, 0.5320675768966562], [0.13970909803142145, 0.28240891867422857, 0.19741296472046105, 0.38046901847388886], [0.13654791697025137, 0.3435408617119782, 0.14795158140588358, 0.37195963981188684]], "ideal": "D", "sampled": "A", "correct": false}}
{"type": "result", "data": {"idx": 35, "options": ["59%", "69%", "79%", "89%"], "probs": [[0.13697440655421048, 0.2480776531517669, 0.24819146823113, 0.36675647196289257], [0.13693661782360697, 0.2899371342080404, 0.36098372394731276, 0.21214252392103988], [0.18253282928827724, 0.31543853405780486, 0.210215505784359, 0.2918131307695589], [0.12950253099390657, 0.22380419896378634, 0.2537113352250263, 0.39298193471728077]], "ideal": "D", "sampled": "D", "correct": true}}
{"type": "result", "data": {"idx": 36, "options": ["Earthquakes", "Volcanic activity", "Wildfires", "Floods"], "probs": [[0.18385309510350747, 0.10646365771685141, 0.12448618655596576, 0.5851970605236754], [0.06548629261362869, 0.05433815352788049, 0.06866802559097203, 0.8115075281675188], [0.040480884790607394, 0.028280748190637903, 0.06472976218211615, 0.8665086047366385], [0.16556596744484767, 0.08330439775090426, 0.28638419086312134, 0.4647454438411267]], "ideal": "D", "sampled": "B", "correct": false}}
{"type": "result", "data": {"idx": 37, "options": ["15%", "35%", "55%", "75%"], "probs": [[0.09988915919258677, 0.29827731844780286, 0.2891928255268821, 0.31264069673272826], [0.12773237582750144, 0.32119213944383285, 0.1447995859835475, 0.4062758986451182], [0.13260959680287335, 0.27644197385714575, 0.2187502481756022, 0.3721981810643787], [0.1034963439186713, 0.2685401659484024, 0.23703232857714757, 0.39093116145577866]], "ideal": "B", "sampled": "C", "correct": false}}
{"type": "result", "data": {"idx": 38, "options": ["by 4 fold", "by 8 fold", "by 16 fold", "by 32 fold"], "probs": [[0.18372173210462917, 0.20179019579003143, 0.18685893336209275, 0.42762913864324664], [0.21311735884903713, 0.2611130333349084, 0.23430767559496002, 0.29146193212109445], [0.2502858750058857, 0.2582206831449821, 0.1748963910988619, 0.3165970506502703], [0.210333875108603, 0.1945240406355657, 0.18291777915668514, 0.41222430499914614]], "ideal": "D", "sampled": "D", "correct": true}}
{"type": "result", "data": {"idx": 39, "options": ["36%", "51%", "66%", "81%"], "probs": [[0.12448875323513825, 0.26362160827644, 0.22213494112859117, 0.3897546972598306], [0.12746745156760705, 0.25755455703611707, 0.36919870418792433, 0.24577928710835154], [0.11255750720152088, 0.4967752955597423, 0.10751691379427923, 0.2831502833444576], [0.13279315630071883, 0.21227083781815523, 0.26433083018504494, 0.390605175596081]], "ideal": "C", "sampled": "D", "correct": false}}
{"type": "result", "data": {"idx": 40, "options": ["81%", "86%", "91%", "96%"], "probs": [[0.1414276999519213, 0.22251740758927951, 0.3502758845418857, 0.2857790078169135], [0.13148405167009483, 0.36308121952648914, 0.1798301652020567, 0.32560456350135936], [0.14088842481289712, 0.22516487872084712, 0.4016019165353002, 0.23234477983095556], [0.11713785106467832, 0.3443340412083753, 0.19940559861164406, 0.3391225090153023]], "ideal": "B", "sampled": "A", "correct": false}}
{"type": "result", "data": {"idx": 41, "options": ["26%", "46%", "66%", "86%"], "probs": [[0.14549344993408114, 0.31290784941327515, 0.18121831387284665, 0.3603803866797971], [0.16436890521332953, 0.26268293276709864, 0.27981232343145074, 0.2931358384881211], [0.16001671789501404, 0.38996270876147915, 0.14134048134672583, 0.308680091896781], [0.1581946979987989, 0.20003345010813994, 0.2735839012103634, 0.36818795058269776]], "ideal": "A", "sampled": "D", "correct": false}}
{"type": "result", "data": {"idx": 42, "options": ["Brazil", "China", "Mexico", "Iran"], "probs": [[0.16338480520447987, 0.23413207426912513, 0.23411370113792251, 0.3683694192884725], [0.17944893086016764, 0.23412612332492205, 0.1881099632276212, 0.3983149824872891], [0.1341787685564459, 0.2178840274031423, 0.21448228611940237, 0.4334549178210094], [0.1448898231043984, 0.2175950952071701, 0.22447439539308495, 0.41304068619534656]], "ideal": "C", "sampled": "B", "correct": false}}
{"type": "result", "data": {"idx": 43, "options": ["1.2 million", "2.4 million", "3.6 million", "4.8 million"], "probs": [[0.20507185502432163, 0.2512728498272722, 0.205311704136318, 0.33834359091208815], [0.29870741666228434, 0.22197093895924835, 0.1757507271665201, 0.30357091711194717], [0.231202367389959, 0.23855711872810406, 0.21404278595159007, 0.31619772783034683], [0.1899382166328494, 0.215236679833218, 0.27659713299765365, 0.3182279704362789]], "ideal": "A", "sampled": "B", "correct": false}}
{"type": "result", "data": {"idx": 44, "options": ["Diarrheal diseases", "Diabetes", "Dementia", "Road injuries"], "probs": [[0.6093477396017108, 0.12574904462083505, 0.03720107537291822, 0.2277021403045358], [0.08765817367408647, 0.06619012305827057, 0.6187207056058568, 0.22743099756178614], [0.03931524940079643, 0.895095101513843, 0.01888760347766422, 0.04670204550769641], [0.9600971813272443, 0.0328521575264217, 0.0055376444228578256, 0.0015130166234761128]], "ideal": "C", "sampled": "D", "correct": false}}
{"type": "result", "data": {"idx": 45, "options": ["3 million", "14 million", "42 million", "124 million"], "probs": [[0.09428895474673316, 0.2771527828852718, 0.3143369029372316, 0.31422135933076345], [0.17282829717030163, 0.5079775754884083, 0.11705220442150971, 0.2021419228197804], [0.37956291150557014, 0.2733567336423273, 0.0860957571323863, 0.26098459761971626], [0.08845396273105463, 0.10839680500439046, 0.17878956957765488, 0.6243596625869]], "ideal": "C", "sampled": "C", "correct": true}}
{"type": "result", "data": {"idx": 46, "options": ["26%", "46%", "66%", "86%"], "probs": [[0.1143655940734286, 0.3523356730410555, 0.1638964925000427, 0.3694022402854732], [0.1302455793154293, 0.2935654774973458, 0.24344330660884042, 0.3327456364783845], [0.1262672283006771, 0.36544827712243905, 0.17539412304179663, 0.3328903714350872], [0.12501021100851137, 0.24483751487779548, 0.25663883256249714, 0.373513441451196]], "ideal": "A", "sampled": "D", "correct": false}}
{"type": "result", "data": {"idx": 47, "options": ["25%", "45%", "65%", "85%"], "probs": [[0.09788588126004849, 0.24613850916570007, 0.27469090852483075, 0.3812847009494207], [0.10980215667580262, 0.22888970372772138, 0.38950219746509335, 0.27180594203138264], [0.12270841837720166, 0.43513706646335687, 0.12868709956824698, 0.3134674154911945], [0.1188533705097801, 0.20223120304926714, 0.2638500689566796, 0.4150653573842731]], "ideal": "B", "sampled": "D", "correct": false}}
{"type": "result", "data": {"idx": 48, "options": ["6%", "16%", "36%", "66%"], "probs": [[0.09181516958656553, 0.33592207487748343, 0.1914603781307649, 0.3808023773051861], [0.14564784491704694, 0.2401796733985765, 0.16511483994770904, 0.4490576416366675], [0.13642608981841417, 0.21467841090458675, 0.15709739539275427, 0.49179810378424477], [0.09208157187022559, 0.1060056494370089, 0.3759355954728772, 0.4259771831198883]], "ideal": "C", "sampled": "B", "correct": false}}
{"type": "result", "data": {"idx": 49, "options": ["43%", "58%", "73%", "88%"], "probs": [[0.11260107819652271, 0.25782862110965593, 0.24238413389297309, 0.38718616670084827], [0.0985805660810665, 0.3037264852301591, 0.33379142478372326, 0.2639015238050511], [0.15113521435231128, 0.34605900882930474, 0.1973118693640866, 0.3054939073542974], [0.11250958842053031, 0.2829400661961931, 0.25778645850643084, 0.3467638867768457]], "ideal": "B", "sampled": "D", "correct": false}}
{"type": "result", "data": {"idx": 50, "options": ["0.50%", "2%", "6%", "12%"], "probs": [[0.09170567858308744, 0.29616578416166445, 0.2917325990027027, 0.3203959381525454], [0.11110125481037446, 0.19207054576864213, 0.33209414040070356, 0.3647340589202798], [0.13648112320252082, 0.28906012009263443, 0.2760387103883363, 0.29842004621650847], [0.17993525205050379, 0.2660618205418904, 0.2277214594768689, 0.3262814678307369]], "ideal": "B", "sampled": "D", "correct": false}}
{"type": "result", "data": {"idx": 51, "options": ["strongly supported by most studies", "supported mainly by cross-section, not time-series studies", "supported mainly by time-series, not cross-section studies", "generally repudiated by empirical studies"], "probs": [[0.2744097925624085, 0.34176256230743746, 0.25409074857999875, 0.12973689645015535], [0.15740614106887502, 0.5500305458362386, 0.08704778810607505, 0.2055155248888114], [0.18818063102809196, 0.24959073212007418, 0.26576582386714404, 0.29646281288468984], [0.10913545366799096, 0.6287615405245425, 0.07627268987198646, 0.18583031583548013]], "ideal": "B", "sampled": "A", "correct": false}}
{"type": "result", "data": {"idx": 52, "options": ["12 years", "9 years", "6 years", "3 years"], "probs": [[0.19011980293280076, 0.3497788607724409, 0.16539829967752145, 0.29470303651723684], [0.15044830065437342, 0.23679376077696118, 0.1628315822841601, 0.4499263561845053], [0.1175142478269748, 0.16070159137210155, 0.3299658073892347, 0.3918183533116889], [0.1150878928774052, 0.2850036344761215, 0.37791993530071144, 0.22198853724576187]], "ideal": "B", "sampled": "B", "correct": true}}
{"type": "result", "data": {"idx": 53, "options": ["0.90%", "1.80%", "3.60%", "7.20%"], "probs": [[0.1477917945740159, 0.2185156442833021, 0.21876246712832617, 0.4149300939143558], [0.162294531585112, 0.170157159559231, 0.21879194488673645, 0.44875636386892054], [0.1769018979970815, 0.16365667146675422, 0.2787213955506786, 0.3807200348854856], [0.17724554767164022, 0.24619110659852703, 0.1949750838971393, 0.38158826173269345]], "ideal": "D", "sampled": "A", "correct": false}}
{"type": "result", "data": {"idx": 54, "options": ["14%", "24%", "34%", "44%"], "probs": [[0.11598578925750445, 0.23435835712561645, 0.23819005664432885, 0.4114657968725502], [0.1440169683553351, 0.22662894763213495, 0.2376299982672228, 0.39172408564530714], [0.14388148270775294, 0.25655403348392636, 0.26487376888615927, 0.3346907148221614], [0.14253661247462132, 0.3212879049648609, 0.18317215415750304, 0.3530033283030147]], "ideal": "A", "sampled": "A", "correct": true}}
{"type": "result", "data": {"idx": 55, "options": ["60%", "75%", "90%", "45%"], "probs": [[0.12717189815090402, 0.45093436008946225, 0.17667629523255615, 0.24521744642707757], [0.13471056720326155, 0.2943044646431419, 0.2765980999878329, 0.2943868680657636], [0.09352316776117624, 0.4677431319763153, 0.17216250426956844, 0.26657119589294], [0.12411318152745066, 0.3764412981224095, 0.20160043249501652, 0.2978450877551233]], "ideal": "B", "sampled": "D", "correct": false}}
{"type": "result", "data": {"idx": 56, "options": ["50%", "60%", "70%", "80%"], "probs": [[0.1374282518275005, 0.29557179961271063, 0.2267312820516102, 0.34026866640817865], [0.1538521074178759, 0.3257523823315843, 0.3258891153887229, 0.19450639476181691], [0.17559222351964077, 0.4279227724862503, 0.15264302035703642, 0.24384198353707248], [0.14175101479583502, 0.24118736795811824, 0.23754705914504337, 0.37951455800100337]], "ideal": "D", "sampled": "D", "correct": true}}
{"type": "result", "data": {"idx": 57, "options": ["2%", "25%", "50%", "75%"], "probs": [[0.03174713850894356, 0.3414633813449672, 0.17441838722403105, 0.4523710928220582], [0.08433213021260487, 0.4024111300124809, 0.23667891144860118, 0.27657782822631305], [0.06348128415288244, 0.5839421474435889, 0.06351595914981008, 0.28906060915371856], [0.09198790111208902, 0.1858878000333373, 0.1403181116166323, 0.5818061871379414]], "ideal": "D", "sampled": "D", "correct": true}}
{"type": "result", "data": {"idx": 58, "options": ["no nation has been able to grow in the past years.", "the Democratic Republic of Congo has become poorer than it initially was in 1980.", "some countries have had relatively significant growth rates.", "some countries have had relatively significant growth rates, but the Democratic Republic of Congo has become poorer than it initially was in 1980."], "probs": [[0.026423170470925104, 0.05594597237883659, 0.7725007927855767, 0.1451300642646616], [0.1309631078244812, 0.510097526414236, 0.1907178993653329, 0.16822146629594986], [0.5969002083820519, 0.2607183645554241, 0.03019384700048531, 0.11218757996203861], [0.26398804387808383, 0.13072356385587403, 0.2025015770813742, 0.4027868150846679]], "ideal": "C", "sampled": "C", "correct": true}}
{"type": "result", "data": {"idx": 59, "options": ["15.50%", "34.80%", "48.10%", "65.20%"], "probs": [[0.17697081231747838, 0.341445182847288, 0.25399446863368064, 0.22758953610155297], [0.1738794024692851, 0.30070057956401425, 0.31547669043182675, 0.2099433274348739], [0.17467318284800204, 0.3587841062473174, 0.2078543907087604, 0.25868832009592013], [0.170753454273358, 0.277411171092997, 0.2910217133177878, 0.26081366121585714]], "ideal": "B", "sampled": "D", "correct": false}}
{"type": "result", "data": {"idx": 60, "options": ["5 million", "30 million", "150 million", "500 million"], "probs": [[0.08332918024710652, 0.2195635486822107, 0.36220143051253934, 0.3349058404581434], [0.1021229110714215, 0.5969603701602526, 0.2064453974639962, 0.09447132120432965], [0.16970710201790948, 0.6817557113419339, 0.04716698009545338, 0.10137020644470318], [0.09517444527427628, 0.1428969928047663, 0.14071668473391208, 0.6212118770870453]], "ideal": "C", "sampled": "C", "correct": true}}
{"type": "result", "data": {"idx": 61, "options": ["Colombia, Peru, Uruguay, and Costa Rica.", "Bhutan, Niger, Cambodia, and Costa Rica.", "Uruguay, Costa Rica, Timor-Leste, and Pakistan.", "Bhutan, Cambodia, Uruguay and Costa Rica."], "probs": [[0.1705873582999088, 0.26045569386774925, 0.22322867475857233, 0.3457282729737697], [0.2852682769013285, 0.4088896810599564, 0.15302255748172228, 0.15281948445699284], [0.3051875051439092, 0.47289928950710997, 0.07980273187538274, 0.14211047337359814], [0.238996188571821, 0.3704351053956057, 0.07776116181554853, 0.31280754411702477]], "ideal": "A", "sampled": "C", "correct": false}}
{"type": "result", "data": {"idx": 62, "options": ["10%", "20%", "40%", "80%"], "probs": [[0.10639556575542353, 0.20513469131575093, 0.21849534076126476, 0.4699744020675608], [0.13562040029600064, 0.24562828240322496, 0.2829189598277414, 0.33583235737303296], [0.1318322857200972, 0.3698233934135208, 0.11647011996780816, 0.38187420079857387], [0.10753278937904798, 0.14701935318834097, 0.27055951345481033, 0.4748883438778007]], "ideal": "B", "sampled": "D", "correct": false}}
{"type": "result", "data": {"idx": 63, "options": ["38%", "58%", "78%", "98%"], "probs": [[0.13422265157420196, 0.26285146642466434, 0.24345876597851523, 0.35946711592261843], [0.1614625381608133, 0.3211697196116374, 0.1642758027623617, 0.3530919393651876], [0.13949150053494258, 0.20949073445923427, 0.2530354000827269, 0.39798236482309624], [0.10765596879150652, 0.2584169006989605, 0.23940352494868938, 0.3945236054608436]], "ideal": "C", "sampled": "C", "correct": true}}
{"type": "result", "data": {"idx": 64, "options": ["True, True", "True, False", "False, True", "False, False"], "probs": [[0.15628961634974356, 0.48908759316800243, 0.11993860005361744, 0.23468419032863655], [0.1715577691621884, 0.5203842520193421, 0.08770929276066114, 0.22034868595780827], [0.17148046193792243, 0.36306855078881217, 0.2382404058933436, 0.22721058127992177], [0.14541050140250716, 0.42084095976729546, 0.225412835512292, 0.20833570321790534]], "ideal": "B", "sampled": "B", "correct": true}}
{"type": "result", "data": {"idx": 65, "options": ["260", "2,600", "26,000", "260,000"], "probs": [[0.07245148350438443, 0.4724497444987826, 0.1038626486483553, 0.35123612324847764], [0.208419520693019, 0.5320757349455987, 0.1116805092747322, 0.14782423498665015], [0.047039540765365304, 0.08002102850996962, 0.051669946065483544, 0.8212694845591815], [0.10383453141727914, 0.1685463028340899, 0.1660013782364919, 0.5616177874121391]], "ideal": "C", "sampled": "B", "correct": false}}
{"type": "result", "data": {"idx": 66, "options": ["90%", "70%", "50%", "30%"], "probs": [[0.15938992969184906, 0.5477949355675036, 0.08808229291416615, 0.2047328417264812], [0.16608999420397572, 0.34086852754419955, 0.14668386954563487, 0.34635760860618986], [0.1137948119064233, 0.22993178834651185, 0.3563452091184439, 0.29992819052862096], [0.05164519812347311, 0.7243991655370203, 0.09806773284738478, 0.12588790339212172]], "ideal": "A", "sampled": "A", "correct": true}}
{"type": "result", "data": {"idx": 67, "options": ["Japan", "Canada", "Russia", "Iran"], "probs": [[0.16278458125109574, 0.16279876715697364, 0.3556303189527101, 0.31878633253922056], [0.17553431578613754, 0.16752927752529923, 0.13252792353472695, 0.5244084830538362], [0.10063510907250621, 0.07716657793122943, 0.2778886494234524, 0.544309663472812], [0.06197089213312425, 0.13121147208072415, 0.2956802789630797, 0.5111373567230719]], "ideal": "B", "sampled": "B", "correct": true}}
{"type": "result", "data": {"idx": 68, "options": ["59%", "69%", "79%", "89%"], "probs": [[0.16179451826964694, 0.23918896133859088, 0.22844289921749747, 0.3705736210742647], [0.18476029402731675, 0.2606275858933955, 0.2450524011730891, 0.3095597188061986], [0.17757000723627694, 0.2245431590805, 0.27109860159285193, 0.3267882319903711], [0.1599403345416038, 0.2942781491920841, 0.21218483464063534, 0.33359668152567673]], "ideal": "C", "sampled": "A", "correct": false}}
{"type": "result", "data": {"idx": 69, "options": ["9%", "19%", "39%", "59%"], "probs": [[0.09440268293859226, 0.29087003195744665, 0.2230922960090378, 0.39163498899492327], [0.12518889270315392, 0.22674026606528713, 0.2912484239308646, 0.35682241720069435], [0.14113680578376167, 0.2364266094646814, 0.1368727636850667, 0.4855638209664902], [0.10498474850155348, 0.14580263630489718, 0.28555709971782356, 0.4636555153757258]], "ideal": "B", "sampled": "B", "correct": true}}
{"type": "result", "data": {"idx": 70, "options": ["18%", "38%", "58%", "78%"], "probs": [[0.09771732167133047, 0.2457257937712679, 0.23837680934685282, 0.4181800751105488], [0.1284707784524239, 0.2438363134617156, 0.25574728843992517, 0.3719456195459353], [0.13666366039339997, 0.29855382439488826, 0.19296462831951733, 0.3718178867921944], [0.1221632706513296, 0.2282938458923575, 0.2548716011044708, 0.39467128225184206]], "ideal": "B", "sampled": "D", "correct": false}}
{"type": "result", "data": {"idx": 71, "options": ["24%", "39%", "54%", "69%"], "probs": [[0.09390243211866986, 0.20843568597464346, 0.2764002105049076, 0.4212616713017791], [0.08684577176366687, 0.3382864644529859, 0.2763511877431963, 0.29851657594015096], [0.11717409202871364, 0.30406846460384535, 0.1629092036431093, 0.41584823962433176], [0.10845902722673373, 0.18459545349116108, 0.1966418951052763, 0.5103036240768288]], "ideal": "A", "sampled": "C", "correct": false}}
{"type": "result", "data": {"idx": 72, "options": ["1.5 children per woman", "2.5 children per woman", "3.5 children per woman", "4.5 children per woman"], "probs": [[0.6088942311426601, 0.18282221323964976, 0.061314117385701195, 0.146969438131989], [0.9069378717751075, 0.0636711102752295, 0.013779990919978039, 0.015611026929684888], [0.7782183478923625, 0.11933173360732363, 0.031157402556240516, 0.07129251584407327], [0.6468748546024226, 0.11597254298916854, 0.1056810707594731, 0.1314715315489358]], "ideal": "B", "sampled": "B", "correct": true}}
{"type": "result", "data": {"idx": 73, "options": ["$300 ", "$1,000 ", "$10,000 ", "$30,000 "], "probs": [[0.0679998187950961, 0.16833685321881162, 0.19382318609595534, 0.569840141790137], [0.05131685332330254, 0.07825781928949069, 0.6255488814528581, 0.24487644583434862], [0.1220629598492457, 0.2353330429606893, 0.12022885797012083, 0.5223751391199442], [0.12894548570524758, 0.12306515217880458, 0.1605400454877713, 0.5874493165281766]], "ideal": "C", "sampled": "D", "correct": false}}
{"type": "result", "data": {"idx": 74, "options": ["20%", "40%", "60%", "80%"], "probs": [[0.07331518609639433, 0.2294635257055319, 0.37856649220476296, 0.3186547958933108], [0.09856640997835564, 0.4151449079353242, 0.2640481810291356, 0.22224050095718453], [0.1392285130491396, 0.3612948492290454, 0.10852284387616552, 0.3909537937456494], [0.10258521902915325, 0.19785413128052473, 0.24632174119287237, 0.4532389083974497]], "ideal": "C", "sampled": "C", "correct": true}}
{"type": "result", "data": {"idx": 75, "options": ["41%", "56%", "71%", "86%"], "probs": [[0.10926788706237724, 0.22425998090423596, 0.2665167847946793, 0.3999553471387075], [0.08311208274790947, 0.4288049903917289, 0.36133253301544294, 0.12675039374491864], [0.10655593046556339, 0.6328356814285409, 0.0792721503947964, 0.1813362376110994], [0.1004685953368478, 0.1709542648749879, 0.24121845844442524, 0.48735868124373904]], "ideal": "B", "sampled": "D", "correct": false}}
{"type": "result", "data": {"idx": 76, "options": ["1%", "2%", "4%", "8%"], "probs": [[0.11287167655408362, 0.22807641285844962, 0.2586100523847231, 0.40044185810274363], [0.15953915532748128, 0.21810833592506212, 0.4142250007375357, 0.20812750790992088], [0.1341352274543581, 0.4908027156609478, 0.12037275971833424, 0.25468929706635984], [0.12193352055374623, 0.15908215515020663, 0.25838308276220995, 0.4606012414338372]], "ideal": "C", "sampled": "D", "correct": false}}
{"type": "result", "data": {"idx": 77, "options": ["US", "Chile", "Ireland", "Spain"], "probs": [[0.13046039445197732, 0.2943095222669154, 0.29435017263404245, 0.2808799105470648], [0.08308114358193784, 0.4290550180558964, 0.14823250912830602, 0.33963132913385974], [0.11011722436674207, 0.10193513849993374, 0.38470383614841913, 0.4032438008849051], [0.10818003620213214, 0.37811370835143265, 0.14125781934209625, 0.37244843600433897]], "ideal": "A", "sampled": "A", "correct": true}}
{"type": "result", "data": {"idx": 78, "options": ["was approximately zero", "exceeded that of high income countries", "exceeded that of Britain during the industrial revolution", "was approximately 3.0% per year"], "probs": [[0.0673579787816827, 0.14265672752725148, 0.06431577976973284, 0.7256695138213329], [0.08033602088512332, 0.03977112918268162, 0.8375522649484816, 0.04234058488371355], [0.014900081496503077, 0.9512750912984012, 0.01074136839522943, 0.023083458709866306], [0.7769823114304016, 0.12482156881214626, 0.061854754981190745, 0.03634136467626129]], "ideal": "C", "sampled": "D", "correct": false}}
