{"type": "result", "data": {"idx": 0, "options": ["(0, \u2013 3)", "(4, 1)", "(2, 2)", "(\u2013 4, \u20132)"], "probs": [[0.35996146913858357, 0.2148840214131757, 0.16529894870955944, 0.2598555606386813], [0.28165736329635993, 0.1762114324582526, 0.3684248359214747, 0.1737063682239128], [0.25764142787634675, 0.41163156132440204, 0.1449027041859001, 0.1858243065133511], [0.40696369991161246, 0.22816897586434792, 0.17827029258807534, 0.18659703153596427]], "ideal": "D", "sampled": "D", "correct": true}}
{"type": "result", "data": {"idx": 1, "options": ["2500", "2", "50", "25"], "probs": [[0.39842404118440006, 0.3681651761212891, 0.1294813343598505, 0.10392944823446032], [0.31180589923414004, 0.2624064644550168, 0.21467354571649142, 0.21111409049435179], [0.3397962844153423, 0.2949862304043093, 0.19697337166644108, 0.16824411341390727], [0.38039245914296804, 0.23416545810320694, 0.26193010609264916, 0.12351197656117584]], "ideal": "C", "sampled": "B", "correct": false}}
{"type": "result", "data": {"idx": 2, "options": ["392", "336", "300", "297"], "probs": [[0.3505554690440971, 0.21266972382714375, 0.18789821301315143, 0.24887659401560766], [0.3351324796341503, 0.1851156502776997, 0.17407305536913598, 0.305678814619014], [0.301823242060009, 0.20430616455595818, 0.1617238146675547, 0.33214677861647807], [0.2999598264370309, 0.17639849639550143, 0.24141071683202367, 0.28223096023544403]], "ideal": "A", "sampled": "B", "correct": false}}
{"type": "result", "data": {"idx": 3, "options": ["\\frac{7}{9}", "\\frac{8}{9}", "\\frac{5}{9}", "\\frac{9}{11}"], "probs": [[0.27086254951629446, 0.2974101006687301, 0.1924898624227676, 0.23923748729220784], [0.25988646951868327, 0.303744728777064, 0.14609317262361068, 0.290275628980642], [0.2510757371211586, 0.27569609056052047, 0.19284599442800646, 0.28038217779031444], [0.21002047074751626, 0.2961221679171164, 0.27012968463177794, 0.22372767660358944]], "ideal": "B", "sampled": "B", "correct": true}}
{"type": "result", "data": {"idx": 4, "options": ["(-inf, 10)", "(-inf, 9)", "(-inf, 8)", "(-inf, 7)"], "probs": [[0.365179717504223, 0.3481047749171243, 0.11141835151988691, 0.17529715595876574], [0.3447699546469195, 0.23670895395296027, 0.11375467478091426, 0.304766416519206], [0.22955939513472987, 0.19930747446373023, 0.16042991219987401, 0.4107032181016659], [0.25378396348251336, 0.2005847483498514, 0.32144408456913615, 0.22418720349849908]], "ideal": "C", "sampled": "B", "correct": false}}
{"type": "result", "data": {"idx": 5, "options": ["396", "72", "66", "36"], "probs": [[0.07865159828056498, 0.14927129123617017, 0.7126873692397165, 0.05938974114354824], [0.10926056583171986, 0.7353425073378185, 0.08256901929677714, 0.07282790743368452], [0.39438626166214524, 0.4066457449983216, 0.0894425362259114, 0.10952545701362174], [0.12458241448730197, 0.1677114131771481, 0.08301835815591765, 0.6246878140796323]], "ideal": "B", "sampled": "C", "correct": false}}
{"type": "result", "data": {"idx": 6, "options": ["0.16", "0.24", "0.3", "0.5"], "probs": [[0.29767878510007195, 0.3373796490668794, 0.17258951784779455, 0.1923520478852541], [0.2701415838094333, 0.2618998107901492, 0.15660007996483616, 0.31135852533558134], [0.23058000204641527, 0.24552430210042467, 0.2497535198677172, 0.2741421758854428], [0.25058074662947866, 0.29763724066452485, 0.2470621057921004, 0.20471990681389612]], "ideal": "C", "sampled": "A", "correct": false}}
{"type": "result", "data": {"idx": 7, "options": ["42", "12", "36", "39"], "probs": [[0.1907635692719981, 0.23376104678434306, 0.3302478344297445, 0.24522754941391434], [0.15937798738739575, 0.2669797459877854, 0.25119095289606425, 0.32245131362875457], [0.24393642309754182, 0.1841460195617413, 0.32384565951932026, 0.24807189772139662], [0.22213630376024945, 0.2120319753673237, 0.2369650602103733, 0.3288666605620535]], "ideal": "A", "sampled": "C", "correct": false}}
{"type": "result", "data": {"idx": 8, "options": ["\\frac{125}{648}", "\\frac{25}{648}", "\\frac{625}{648}", "\\frac{1}{648}"], "probs": [[0.23308221298860587, 0.27249272842982225, 0.294941595317982, 0.19948346316358986], [0.2703405996988263, 0.2040536911299527, 0.36411495098153307, 0.16149075808968796], [0.23372573896948692, 0.35086387758442766, 0.14187404945012408, 0.2735363338959613], [0.20643354690594726, 0.23028282701352099, 0.310178775170945, 0.2531048508095867]], "ideal": "C", "sampled": "B", "correct": false}}
{"type": "result", "data": {"idx": 9, "options": ["8", "12", "10", "4"], "probs": [[0.28508264673131906, 0.26366595216933597, 0.18723491390367322, 0.2640164870956717], [0.28241436794663355, 0.27372049341746507, 0.22370639617786872, 0.22015874235803262], [0.19684852364406658, 0.33491339777170176, 0.2414811217322696, 0.22675695675196206], [0.21169280459966908, 0.29397414445801984, 0.22217000521747854, 0.2721630456248325]], "ideal": "B", "sampled": "A", "correct": false}}
{"type": "result", "data": {"idx": 10, "options": ["13", "14", "1", "2"], "probs": [[0.36961258004802694, 0.3313394833969459, 0.16706070551186175, 0.13198723094316542], [0.2903409345208479, 0.35025147121997136, 0.12919323337564217, 0.2302143607835385], [0.2427426987234992, 0.30693485872455445, 0.22526800294548643, 0.22505443950645992], [0.3001587599168442, 0.3196323418407187, 0.17973243652774337, 0.20047646161469374]], "ideal": "D", "sampled": "A", "correct": false}}
{"type": "result", "data": {"idx": 11, "options": ["30", "64", "2048", "60"], "probs": [[0.15675016446707488, 0.1077773321063625, 0.492243758938132, 0.2432287443884306], [0.18175958636849232, 0.5263448513918737, 0.13120411726128664, 0.16069144487834733], [0.3934854981948489, 0.23127453716094817, 0.13619777964773105, 0.23904218489647186], [0.16043122589269007, 0.11738737276177066, 0.30501125168764004, 0.4171701495578992]], "ideal": "D", "sampled": "C", "correct": false}}
{"type": "result", "data": {"idx": 12, "options": ["0", "1", "2", "4"], "probs": [[0.2779332461213274, 0.43740494032460503, 0.09332176505560243, 0.19134004839846508], [0.19799576387784373, 0.18314504223095035, 0.10287480668438741, 0.5159843871068185], [0.11050746963346884, 0.06199263200313676, 0.5450501258668221, 0.28244977239657226], [0.07431509704925635, 0.7995930104451076, 0.04048561127940628, 0.08560628112622976]], "ideal": "D", "sampled": "A", "correct": false}}
{"type": "result", "data": {"idx": 13, "options": ["92", "93", "94.5", "95"], "probs": [[0.21019436654168283, 0.3865748413071986, 0.18286112349224606, 0.2203696685588725], [0.2949990112040228, 0.29029289702456285, 0.23006066453684518, 0.18464742713456922], [0.2759776752311829, 0.3598220699639223, 0.13890020754885768, 0.22530004715603716], [0.1810863640885221, 0.21498219987063824, 0.4283766809925719, 0.17555475494826775]], "ideal": "B", "sampled": "B", "correct": true}}
{"type": "result", "data": {"idx": 14, "options": ["R <= T <= M <= L", "L <= T <= M <= R", "R <= M <= T <= L", "L <= M <= T <= R"], "probs": [[0.26009803159227496, 0.3237290945401417, 0.10688887666421387, 0.30928399710336946], [0.28288875321368206, 0.18545790399497444, 0.29698915496543526, 0.23466418772590822], [0.26694196459961805, 0.31209921833732035, 0.13650554417198787, 0.2844532727910737], [0.26304453608743456, 0.16201308368016404, 0.3601228892443069, 0.21481949088809446]], "ideal": "D", "sampled": "B", "correct": false}}
{"type": "result", "data": {"idx": 15, "options": ["16", "2\\sqrt{2}", "5", "5+2\\sqrt{13}"], "probs": [[0.1585491597493886, 0.20349285004488205, 0.2384500503301589, 0.3995079397755704], [0.17476731797448508, 0.2208106699485903, 0.33770934247140605, 0.26671266950551853], [0.1576842665514618, 0.41535234447140423, 0.1936585604950842, 0.23330482838204977], [0.2632527688367085, 0.2471850849021413, 0.11167900429561048, 0.37788314186553973]], "ideal": "D", "sampled": "D", "correct": true}}
{"type": "result", "data": {"idx": 16, "options": ["8", "3", "6", "9"], "probs": [[0.35807733344776904, 0.33101142929215593, 0.13619840752603427, 0.17471282963404075], [0.26387998065872714, 0.2638292273044623, 0.18181021238818287, 0.2904805795486277], [0.34297167229287345, 0.24695763743560642, 0.22907430738678713, 0.180996382784733], [0.3792590627026207, 0.2861754169993588, 0.1660690382224085, 0.16849648197561196]], "ideal": "A", "sampled": "A", "correct": true}}
{"type": "result", "data": {"idx": 17, "options": ["-2", "-4", "-1", "1"], "probs": [[0.30394986721739314, 0.17045857264570363, 0.19651624851223007, 0.3290753115246732], [0.32536056149685355, 0.19726714195920558, 0.2072150527148597, 0.2701572437290812], [0.2966568811933108, 0.29660737953509214, 0.15658797555472154, 0.2501477636168756], [0.3148649820290045, 0.17385684988291064, 0.1421305770809723, 0.3691475909071126]], "ideal": "B", "sampled": "D", "correct": false}}
{"type": "result", "data": {"idx": 18, "options": ["1", "3", "0", "5"], "probs": [[0.25217264136616013, 0.2091580417794031, 0.1708917715708855, 0.36777754518355127], [0.2285728569312873, 0.2017838477620781, 0.354704315109779, 0.21493898009685558], [0.19244410812584758, 0.5659449906805826, 0.0984666011557833, 0.14314429993778652], [0.3373973767836469, 0.3072908015924604, 0.13026737063617305, 0.2250444508877196]], "ideal": "A", "sampled": "D", "correct": false}}
{"type": "result", "data": {"idx": 19, "options": ["(-\\infty,-1)\\cup (1,\\infty)", "(-\\infty,0)\\cup (0,\\infty)", "[-1,1]", "(-1,1)"], "probs": [[0.14685281890871626, 0.06026570408537775, 0.28766578004365756, 0.5052156968622484], [0.3486888305134044, 0.22860859119516685, 0.051061636822498875, 0.3716409413689299], [0.8114178233731608, 0.12828646136341712, 0.032968601986542154, 0.027327113176879945], [0.10436726418789219, 0.11288299473484721, 0.021544480814555254, 0.7612052601627053]], "ideal": "B", "sampled": "C", "correct": false}}
{"type": "result", "data": {"idx": 20, "options": ["\\frac{5}{x-4}", "\\frac{x-4}{5}", "\\frac{x+4}{5}", "-\\frac{x-4}{5}"], "probs": [[0.13813077681683453, 0.13827256135818516, 0.04150790504282381, 0.6820887566821565], [0.14110312382058987, 0.029587767838806116, 0.7409563149229373, 0.08835279331766673], [0.06417111099558852, 0.8461709730928118, 0.009710966491088529, 0.07994694932051115], [0.4322592841089763, 0.034933170259470694, 0.506425287858992, 0.026382257672561013]], "ideal": "D", "sampled": "D", "correct": true}}
{"type": "result", "data": {"idx": 21, "options": ["\u221216", "32", "\u221232", "64"], "probs": [[0.26287622040492753, 0.16982351747911228, 0.32764957328290234, 0.2396506887330578], [0.17082230198793433, 0.367660299781714, 0.17937777286431242, 0.28213962526603925], [0.24997762588080288, 0.17460464459713604, 0.22785913130922802, 0.3475585981128331], [0.13129286075432878, 0.22701869226156352, 0.22364392207877795, 0.4180445248053298]], "ideal": "B", "sampled": "C", "correct": false}}
{"type": "result", "data": {"idx": 22, "options": ["7", "11", "16", "8"], "probs": [[0.11228282413901142, 0.13978872775263246, 0.1007111340448539, 0.6472173139635022], [0.0965319403194528, 0.08928352393918548, 0.7248880104393265, 0.08929652520203521], [0.13772697950605614, 0.4808162819980022, 0.24580969280243056, 0.13564704559351107], [0.23815189547643298, 0.4887131197187958, 0.11441835908245883, 0.15871662562231245]], "ideal": "D", "sampled": "D", "correct": true}}
{"type": "result", "data": {"idx": 23, "options": ["4", "8", "2", "1"], "probs": [[0.214451661038486, 0.4470810987913071, 0.1547940155055992, 0.1836732245646077], [0.2343861986645261, 0.3204065465485557, 0.21049652364245555, 0.23471073104446263], [0.15897331656495503, 0.26631014742840126, 0.1804203188113657, 0.394296217095278], [0.14506735554678046, 0.20143813793305435, 0.41403003393577925, 0.23946447248438593]], "ideal": "B", "sampled": "B", "correct": true}}
{"type": "result", "data": {"idx": 24, "options": ["Friday", "Thursday", "Wednesday", "Tuesday"], "probs": [[0.31446085314171607, 0.39763389218746586, 0.1271670051437707, 0.16073824942704742], [0.3291362450135773, 0.4361812672436377, 0.09737499584680846, 0.13730749179597657], [0.22295718225033495, 0.2819188874963963, 0.121299715645398, 0.37382421450787073], [0.12399973811459125, 0.1519534897052795, 0.4400275679984809, 0.2840192040816483]], "ideal": "A", "sampled": "B", "correct": false}}
{"type": "result", "data": {"idx": 25, "options": ["5", "3", "15", "31"], "probs": [[0.18948658655864203, 0.3173598490647939, 0.13256031866060733, 0.36059324561595674], [0.20913686411359778, 0.18169716676606462, 0.35652191829743485, 0.25264405072290275], [0.23347745137629294, 0.25641512104047814, 0.3101484384778403, 0.1999589890053886], [0.27936999672062945, 0.387816303203443, 0.15219953071738376, 0.1806141692585438]], "ideal": "C", "sampled": "D", "correct": false}}
{"type": "result", "data": {"idx": 26, "options": ["145", "90", "60", "70"], "probs": [[0.22994104025448697, 0.37920832630180085, 0.19094690678594375, 0.19990372655776842], [0.19311970758175406, 0.28103706656621485, 0.37303141311597887, 0.15281181263605223], [0.22737688297545092, 0.2830645911232622, 0.21060379396044135, 0.2789547318408455], [0.21618764744586474, 0.1908334550319053, 0.4108570936166789, 0.18212180380555107]], "ideal": "D", "sampled": "B", "correct": false}}
{"type": "result", "data": {"idx": 27, "options": ["2 min", "5 min", "18 min", "20 min"], "probs": [[0.10523345241959488, 0.18469719449299457, 0.457568820836319, 0.2525005321510916], [0.12222734531249838, 0.3170720943635818, 0.2673425039042856, 0.29335805631963424], [0.15798948468193807, 0.4501436285203026, 0.12714299368863946, 0.26472389300911986], [0.12491082026039628, 0.44987170244342634, 0.16061683476203364, 0.2646006424341437]], "ideal": "C", "sampled": "C", "correct": true}}
{"type": "result", "data": {"idx": 28, "options": ["(-4,4)", "[0,4]", "(-inf, -1) U (4, inf)", "(-inf, -1) U (-1, 4) U (4, inf)"], "probs": [[0.09795676113039907, 0.09645699663220654, 0.5554403206907322, 0.2501459214466621], [0.05139125978789022, 0.8837713166890033, 0.02016070522465684, 0.04467671819844957], [0.39629327628781835, 0.2721566123783594, 0.0589294468659508, 0.27262066436787147], [0.1868936526537731, 0.128482353782866, 0.09851490485022248, 0.5861090886131384]], "ideal": "C", "sampled": "C", "correct": true}}
{"type": "result", "data": {"idx": 29, "options": ["1", "e", "2/e", "1/e"], "probs": [[0.1311030238735703, 0.5268003344009027, 0.20024989543342808, 0.1418467461920989], [0.49584137699157105, 0.2532025235813569, 0.09479770282185819, 0.15615839650521382], [0.2605845746398713, 0.18479930688675872, 0.14410535143835812, 0.4105107669350119], [0.4102790362930573, 0.22301636805512312, 0.21329411961196668, 0.15341047593985288]], "ideal": "D", "sampled": "B", "correct": false}}
{"type": "result", "data": {"idx": 30, "options": ["1", "2", "0", "5"], "probs": [[0.3196011125424617, 0.2865764711940165, 0.08351745332817422, 0.31030496283534753], [0.30515436496339265, 0.19101877860192926, 0.21680541532223496, 0.2870214410124431], [0.20340385879476444, 0.3355662201339743, 0.11429706874615596, 0.3467328522251053], [0.23806944132347257, 0.3204340886684584, 0.08905009791779961, 0.3524463719902694]], "ideal": "C", "sampled": "D", "correct": false}}
{"type": "result", "data": {"idx": 31, "options": ["10", "16", "24", "12"], "probs": [[0.20451138606840613, 0.1951461256078522, 0.1594494706314874, 0.44089301759225424], [0.1701879624824215, 0.1388591805131577, 0.4353384906312824, 0.25561436627313844], [0.19271200839082558, 0.22880225095861836, 0.22911112225082625, 0.34937461829972977], [0.2451804243501156, 0.2608379384489597, 0.17402450479280407, 0.3199571323081206]], "ideal": "A", "sampled": "D", "correct": false}}
{"type": "result", "data": {"idx": 32, "options": ["12", "22", "840", "240"], "probs": [[0.32352936834368096, 0.25196085480607816, 0.16027105148984763, 0.26423872526039327], [0.14409468207738205, 0.14189205216585948, 0.3626215837460779, 0.35139168191068054], [0.22629413147724925, 0.36730823708030713, 0.27331687368301016, 0.13308075765943347], [0.1266411793611523, 0.717746111762792, 0.06576425336521909, 0.08984845541083662]], "ideal": "D", "sampled": "A", "correct": false}}
{"type": "result", "data": {"idx": 33, "options": ["8788", "2", "2197", "21"], "probs": [[0.18554511940926235, 0.5204588251853896, 0.08003163456163633, 0.21396442074371175], [0.22731189969697496, 0.4519181953143537, 0.16681641339926412, 0.15395349148940718], [0.33800835966776166, 0.3430116934299965, 0.08972198973440816, 0.2292579570678337], [0.2631297366109111, 0.11672223743664076, 0.5086734787071342, 0.11147454714531396]], "ideal": "A", "sampled": "B", "correct": false}}
{"type": "result", "data": {"idx": 34, "options": ["-9", "-5", "-6", "-57"], "probs": [[0.2836755387048374, 0.3017925484865466, 0.15950591147559642, 0.2550260012330196], [0.3318068037326109, 0.3214009653991781, 0.13865919203177515, 0.20813303873643582], [0.30410751244204726, 0.2559234759563066, 0.17921901970473322, 0.26074999179691294], [0.3062270718310201, 0.31091056660779137, 0.1361697525917804, 0.24669260886940808]], "ideal": "A", "sampled": "C", "correct": false}}
{"type": "result", "data": {"idx": 35, "options": ["15", "5", "9", "17"], "probs": [[0.2234985961391704, 0.31020196137914235, 0.24264790071492226, 0.223651541666765], [0.162211701257697, 0.2760075628481469, 0.23338414726307669, 0.3283965885310794], [0.21017139597391712, 0.3255360867742244, 0.25057731196359306, 0.2137152051882654], [0.2629388946907705, 0.3705878963871124, 0.1550428764379811, 0.21143033238413603]], "ideal": "D", "sampled": "A", "correct": false}}
{"type": "result", "data": {"idx": 36, "options": ["252", "4680", "98770", "101170"], "probs": [[0.24437111215998814, 0.23318588283647246, 0.18199094451593628, 0.3404520603876031], [0.28402444294198603, 0.12602929581887926, 0.3540820724299807, 0.23586418870915404], [0.2650448302646228, 0.1557798637061544, 0.2918212922572946, 0.28735401367192825], [0.23364157276077438, 0.16054884609319095, 0.3405418592189393, 0.26526772182709535]], "ideal": "C", "sampled": "B", "correct": false}}
{"type": "result", "data": {"idx": 37, "options": ["4.5", "1", "5.5", "5"], "probs": [[0.19967353341966887, 0.31414353844362225, 0.21293473241584032, 0.27324819562086855], [0.13670788028708233, 0.34916295698745003, 0.2055636766683339, 0.30856548595713373], [0.2730897231478426, 0.30935852580305984, 0.2569521520448362, 0.16059959890426143], [0.11415406485480055, 0.6570417382215322, 0.09934685526311621, 0.12945734156055105]], "ideal": "C", "sampled": "A", "correct": false}}
{"type": "result", "data": {"idx": 38, "options": ["240", "120", "60", "111"], "probs": [[0.14335748658652137, 0.6427484797993426, 0.11532443101537654, 0.0985696024987595], [0.20173512109498176, 0.3950160678835714, 0.15973026510848296, 0.2435185458129638], [0.13418696919371145, 0.19226503513518348, 0.11663515206478314, 0.556912843506322], [0.14406309376424442, 0.11221438143557008, 0.5615418897808475, 0.18218063491933795]], "ideal": "A", "sampled": "B", "correct": false}}
{"type": "result", "data": {"idx": 39, "options": ["24", "5", "3", "21"], "probs": [[0.3472475551951974, 0.2580000642578065, 0.13620198652863508, 0.258550393918361], [0.24973952395594867, 0.1827113749990235, 0.270499165768706, 0.29704993517632183], [0.29889285561433676, 0.1990762352744344, 0.3288626968531764, 0.17316821215805245], [0.365413088600659, 0.3889536741298799, 0.13051205483228026, 0.11512118233718083]], "ideal": "A", "sampled": "A", "correct": true}}
{"type": "result", "data": {"idx": 40, "options": ["1", "-3", "-1", "3"], "probs": [[0.22876186325703474, 0.1754438254740654, 0.41474514577495375, 0.18104916539394608], [0.22181201970499015, 0.2514370792005043, 0.15498053228708417, 0.37177036870742136], [0.28724811318266014, 0.16629991184747847, 0.2967000680343589, 0.24975190683550252], [0.23469989440329778, 0.34160329361107433, 0.13593001054671044, 0.2877668013389174]], "ideal": "B", "sampled": "C", "correct": false}}
{"type": "result", "data": {"idx": 41, "options": ["4", "6", "10", "15"], "probs": [[0.26350672228264516, 0.2514279000847995, 0.18152450834744177, 0.3035408691851136], [0.32856274137434055, 0.22935720127549783, 0.1819146004422574, 0.2601654568079042], [0.33745835736558477, 0.2546920889968732, 0.2184787043030549, 0.18937084923448713], [0.31842155210236034, 0.2723641178444092, 0.1531425163933234, 0.25607181355990705]], "ideal": "C", "sampled": "D", "correct": false}}
{"type": "result", "data": {"idx": 42, "options": ["Alice", "Devon", "Bob", "Gerald"], "probs": [[0.24500020028436081, 0.3675392595127689, 0.1139966928397615, 0.2734638472631088], [0.24204256406859384, 0.29637720294679165, 0.08630811910040018, 0.3752721137842143], [0.26250292041520973, 0.2880856821287235, 0.2213088074690289, 0.22810258988703785], [0.21465269157999217, 0.454110096717076, 0.10969958689006179, 0.22153762471287003]], "ideal": "B", "sampled": "A", "correct": false}}
{"type": "result", "data": {"idx": 43, "options": ["(6-3x)(6+3x)", "(-3x+6)(3x+6)", "9(2-x)(2+x)", "3(2+x)^2"], "probs": [[0.43810973588720986, 0.2534876948272554, 0.1592086482242588, 0.1491939209612759], [0.2726768017885879, 0.4714488193990199, 0.0591452805447728, 0.1967290981676194], [0.3013422578671909, 0.14019275128013917, 0.11105785103694209, 0.4474071397157279], [0.09958376808648689, 0.32173240421275934, 0.2016863837762132, 0.3769974438245406]], "ideal": "C", "sampled": "C", "correct": true}}
{"type": "result", "data": {"idx": 44, "options": ["100", "90950", "5200", "50"], "probs": [[0.2558118288345306, 0.42821873296007623, 0.15063526551549594, 0.16533417258989727], [0.3249797023501769, 0.36800966759845116, 0.12743126234423144, 0.17957936760714052], [0.2031730309634816, 0.2567703483020122, 0.10884209964473132, 0.4312145209897749], [0.29554685066525516, 0.3453730837544214, 0.18518517357687497, 0.1738948919034485]], "ideal": "C", "sampled": "B", "correct": false}}
{"type": "result", "data": {"idx": 45, "options": ["\\frac{1}{8}", "\\frac{1}{7}", "\\frac{1}{40}", "\\frac{1}{35}"], "probs": [[0.3465324496816368, 0.282684159966639, 0.23496156488817774, 0.13582182536354648], [0.27425582031415613, 0.2615974921202575, 0.19788286677655226, 0.2662638206890341], [0.30012544539362856, 0.23363233752250348, 0.31520661238846287, 0.15103560459540505], [0.26297797574551784, 0.32713173354282166, 0.22893880772064915, 0.18095148289101134]], "ideal": "D", "sampled": "A", "correct": false}}
{"type": "result", "data": {"idx": 46, "options": ["5", "11", "17", "199"], "probs": [[0.19936609865075022, 0.2600849452316726, 0.29987134185990055, 0.24067761415767666], [0.3105693256520491, 0.2102131662577569, 0.0919027817332282, 0.38731472625696584], [0.1729545094509468, 0.13474727764131383, 0.27675988442633936, 0.4155383283814], [0.1601157134680202, 0.2330414940506527, 0.27286030485645063, 0.33398248752487647]], "ideal": "D", "sampled": "B", "correct": false}}
{"type": "result", "data": {"idx": 47, "options": ["7", "5", "2", "25"], "probs": [[0.2545635737904195, 0.3118978188902841, 0.24719788499979628, 0.1863407222195001], [0.20496259970069106, 0.35427534763924157, 0.1325657188073498, 0.30819633375271754], [0.21159145233899404, 0.18969161806593837, 0.2438807934278748, 0.3548361360671928], [0.2202571001390335, 0.27419021314337444, 0.2745577055752243, 0.2309949810423678]], "ideal": "A", "sampled": "B", "correct": false}}
{"type": "result", "data": {"idx": 48, "options": ["792", "66", "396", "72"], "probs": [[0.11016439481223084, 0.5509427107179161, 0.12303351426334413, 0.2158593801065089], [0.3094575199013696, 0.29979927238206006, 0.23749177863284612, 0.15325142898372418], [0.11234661533682129, 0.2306145652748204, 0.06711204254296266, 0.5899267767453956], [0.09024556120171169, 0.08217219456544037, 0.7329824670651546, 0.09459977706769339]], "ideal": "D", "sampled": "B", "correct": false}}
{"type": "result", "data": {"idx": 49, "options": ["5", "-75", "-64", "-24"], "probs": [[0.17189614216909233, 0.10760475533713582, 0.16413320354767616, 0.5563658988460957], [0.31689590212514024, 0.16439709065700694, 0.3074370026281003, 0.21127000448975253], [0.31345083839365284, 0.22228289807178656, 0.18735164122866188, 0.2769146222058987], [0.2784518599231741, 0.1586891561587908, 0.21036966142934907, 0.352489322388686]], "ideal": "B", "sampled": "D", "correct": false}}
{"type": "result", "data": {"idx": 50, "options": ["\\frac{1}{27}", "\\frac{1}{68}", "\\frac{1}{3}", "\\frac{1}{243}"], "probs": [[0.1330400138894797, 0.11560292054159317, 0.6073922650070824, 0.14396480046184465], [0.06524170934501544, 0.7708242534820301, 0.0643628314073096, 0.09957120566564484], [0.4628914835604098, 0.26773087583871713, 0.17073140437028045, 0.09864623613059256], [0.12028556881706727, 0.25878071396772023, 0.11319012770131627, 0.5077435894138962]], "ideal": "D", "sampled": "C", "correct": false}}
{"type": "result", "data": {"idx": 51, "options": ["100", "4", "5", "20"], "probs": [[0.13305174804278977, 0.30455847860498036, 0.16142333754946878, 0.4009664357027611], [0.19810129095575865, 0.24224426932792564, 0.33450616898050417, 0.2251482706358115], [0.17129663269358916, 0.45845215235730646, 0.11127799417746383, 0.2589732206716405], [0.19285138811558425, 0.21169508447743343, 0.26535339346944425, 0.330100133837538]], "ideal": "A", "sampled": "D", "correct": false}}
{"type": "result", "data": {"idx": 52, "options": ["1", "9", "2", "10"], "probs": [[0.15646029774084264, 0.26631137329193116, 0.29784419685836144, 0.27938413200886475], [0.25562402984363686, 0.29424518782303544, 0.2770673971654181, 0.1730633850679096], [0.20211250174501746, 0.25161652629765646, 0.3342247157556252, 0.21204625610170086], [0.20840153406564854, 0.36582321470034446, 0.2993091985181059, 0.12646605261590113]], "ideal": "B", "sampled": "B", "correct": true}}
{"type": "result", "data": {"idx": 53, "options": ["43", "16", "42", "44"], "probs": [[0.19112003417249745, 0.2415633571372272, 0.2419326675272249, 0.32538394106305046], [0.06100340237275338, 0.04193235735039001, 0.053847770702937656, 0.8432164694739189], [0.026769605514098918, 0.021847659344236922, 0.9448219164909233, 0.006560818550740832], [0.02237731039401807, 0.9519005645295073, 0.012767403559757062, 0.012954721416717479]], "ideal": "C", "sampled": "A", "correct": false}}
{"type": "result", "data": {"idx": 54, "options": ["\\frac{1}{6}", "\\frac{1}{64}", "\\frac{1}{32}", "\\frac{1}{2}"], "probs": [[0.35717262749758066, 0.23009563294447344, 0.16662021973194766, 0.24611151972599826], [0.40256507381205575, 0.25526990342851286, 0.16327869160574943, 0.17888633105368199], [0.2846668915960601, 0.28860976859112686, 0.1788611981263531, 0.24786214158645992], [0.4762998088114316, 0.25818666333676354, 0.10331939415458884, 0.16219413359721604]], "ideal": "C", "sampled": "D", "correct": false}}
{"type": "result", "data": {"idx": 55, "options": ["5", "\\frac{25}{6}", "\\frac{\\sqrt{2465}{9}", "2"], "probs": [[0.2280918759516616, 0.4660156875091744, 0.13817085942008092, 0.16772157701908305], [0.3935803951352527, 0.2483884021871729, 0.13990544854477366, 0.2181257540328007], [0.22429577669797837, 0.20052736696790036, 0.15078603995147424, 0.424390816282647], [0.1740880556502283, 0.1884286645334683, 0.3936708749833162, 0.24381240473298718]], "ideal": "A", "sampled": "B", "correct": false}}
{"type": "result", "data": {"idx": 56, "options": ["3", "\\frac{1}{49}", "\\frac{1}{7}", "7"], "probs": [[0.22360754344026654, 0.4657484957966642, 0.17484966179246106, 0.1357942988706082], [0.342013393934342, 0.26602453387140146, 0.12050740599183282, 0.27145466610242375], [0.3416820764199944, 0.23826920983792846, 0.22500251231327703, 0.19504620132880013], [0.27523334061880356, 0.27503032718964343, 0.11149229606581741, 0.3382440360257356]], "ideal": "B", "sampled": "C", "correct": false}}
{"type": "result", "data": {"idx": 57, "options": ["4, 7", "5, 5", "3, 9", "9, 8"], "probs": [[0.22915544296462909, 0.23298380470878008, 0.1932335106308796, 0.34462724159571123], [0.22244620156723252, 0.2370091817743508, 0.20604303215130265, 0.334501584407114], [0.23756397830095397, 0.21650471758933684, 0.17137555052305117, 0.37455575348665804], [0.19645561887792873, 0.19661279631915934, 0.20936823443308844, 0.3975633502698235]], "ideal": "B", "sampled": "C", "correct": false}}
{"type": "result", "data": {"idx": 58, "options": ["1", "120", "20", "12"], "probs": [[0.20158047683490996, 0.468705085987969, 0.1597973948436558, 0.16991704223346524], [0.4689259756792652, 0.32718154297206964, 0.11153474282796323, 0.09235773842070191], [0.2344591975984239, 0.3410651094332607, 0.17455636033664249, 0.24991933253167295], [0.26553171870437337, 0.3103105425524345, 0.24991330501918285, 0.17424443362400927]], "ideal": "B", "sampled": "B", "correct": true}}
{"type": "result", "data": {"idx": 59, "options": ["1", "2", "-2", "0"], "probs": [[0.2170741376499698, 0.19160243581401917, 0.17202779392626505, 0.419295632509746], [0.21448852650962788, 0.1751235048987605, 0.21503535439745872, 0.3953526140941529], [0.17895107502790136, 0.1846959645770856, 0.2063465924755993, 0.4300063678194137], [0.23995457587226765, 0.26777580377762, 0.1932272761866938, 0.2990423440634185]], "ideal": "C", "sampled": "A", "correct": false}}
{"type": "result", "data": {"idx": 60, "options": ["1160", "1440", "2408", "2793"], "probs": [[0.26230607215839385, 0.20752263685543257, 0.25487215083888, 0.2752991400472936], [0.22242473726506243, 0.24816369257363657, 0.2648759562965387, 0.26453561376476226], [0.25841706218468646, 0.21764987056314403, 0.20174314968526103, 0.32218991746690845], [0.2518551126423486, 0.19618090079792222, 0.2228301680708669, 0.32913381838886224]], "ideal": "D", "sampled": "C", "correct": false}}
{"type": "result", "data": {"idx": 61, "options": ["0.615", "4.875", "15", "34.667"], "probs": [[0.2280642640987378, 0.16686452179363007, 0.3073092240075075, 0.2977619900001246], [0.3359491524405862, 0.24965348095303352, 0.20724092059081356, 0.2071564459155667], [0.26642521419169934, 0.34208326508906167, 0.18053480442939465, 0.21095671618984432], [0.25313954788479376, 0.17950713097722956, 0.32556693772496703, 0.2417863833130096]], "ideal": "B", "sampled": "D", "correct": false}}
{"type": "result", "data": {"idx": 62, "options": ["f (x) = 0 has three real solutions.", "f (x) \u2265 \u201318 for all x \u2265 0.", "f (x) \u2264 \u201318 for all x \u2264 0.", "The function f (x) is decreasing for x \u2264 \u20133."], "probs": [[0.2940116015978176, 0.13890840525753217, 0.13892437930280646, 0.42815561374184374], [0.3528329571952418, 0.14036727812820937, 0.18026920345399713, 0.3265305611225517], [0.3658047345347329, 0.1345928321241316, 0.10986604622298068, 0.38973638701815483], [0.31305327541896494, 0.13895095676357386, 0.14563265224382316, 0.40236311547363807]], "ideal": "A", "sampled": "D", "correct": false}}
{"type": "result", "data": {"idx": 63, "options": ["211", "2321", "11", "608"], "probs": [[0.1564818883572077, 0.5727761259226796, 0.08165868188387118, 0.18908330373624158], [0.21993591544621982, 0.2737539789925639, 0.2791137778215774, 0.22719632763963887], [0.14986912234704014, 0.33792273676341816, 0.12866517324955795, 0.38354296753998374], [0.17959122357956742, 0.23799893257622146, 0.3939896821581718, 0.18842016158603928]], "ideal": "D", "sampled": "B", "correct": false}}
{"type": "result", "data": {"idx": 64, "options": ["-8", "128", "-128", "16"], "probs": [[0.2845736486116634, 0.27596801927858633, 0.16756876061028578, 0.27188957139946446], [0.23365483576808802, 0.13525425177167077, 0.3742319606557013, 0.25685895170453993], [0.21809978455955642, 0.21148122529833835, 0.16230512911983816, 0.40811386092226704], [0.3507072590467742, 0.1877515157684326, 0.273705026010995, 0.18783619907379817]], "ideal": "C", "sampled": "D", "correct": false}}
{"type": "result", "data": {"idx": 65, "options": ["\u201312", "\u20139", "0", "8"], "probs": [[0.14781327874553143, 0.12259830062202673, 0.14343108555948852, 0.5861573349729533], [0.1537967438690604, 0.16125607200262232, 0.41889345782482834, 0.26605372620348894], [0.15125600766731695, 0.3574750965852429, 0.19457596248564513, 0.29669293316179507], [0.20162486727568582, 0.27566515985853796, 0.20508478274254377, 0.3176251900232325]], "ideal": "B", "sampled": "D", "correct": false}}
{"type": "result", "data": {"idx": 66, "options": ["3", "4", "5", "6"], "probs": [[0.2578673583646829, 0.23124688172272392, 0.23155453108753266, 0.27933122872506055], [0.37022488202252535, 0.2077273366324796, 0.23223596116855097, 0.18981182007644407], [0.3705224637238831, 0.3072960628664748, 0.1547881937648809, 0.16739327954476121], [0.3827127344801047, 0.25904660256388423, 0.16235532629258145, 0.19588533656342963]], "ideal": "C", "sampled": "D", "correct": false}}
{"type": "result", "data": {"idx": 67, "options": ["72", "6", "18", "12"], "probs": [[0.24146593334244812, 0.3514694079843185, 0.16884896660692703, 0.23821569196630635], [0.14628196815333339, 0.3246514700132364, 0.22354603635382259, 0.3055205253796076], [0.1570702963473829, 0.22156381934995845, 0.4346802597010608, 0.18668562450159787], [0.15797669948582554, 0.4793917464821206, 0.1463533319929914, 0.21627822193906246]], "ideal": "B", "sampled": "A", "correct": false}}
{"type": "result", "data": {"idx": 68, "options": ["\\frac{1}{12}", "\\frac{1}{6}", "\\frac{2}{3}", "\\frac{1}{3}"], "probs": [[0.2649545848870004, 0.295573489536285, 0.24546885880747601, 0.1940030666692386], [0.262502554964139, 0.3701159114782826, 0.24711810418158356, 0.12026342927599483], [0.26960533854649527, 0.3922252356613848, 0.17445799706621815, 0.1637114286259018], [0.30860075811341064, 0.2638984957654402, 0.3190998780274158, 0.10840086799373332]], "ideal": "D", "sampled": "D", "correct": true}}
{"type": "result", "data": {"idx": 69, "options": ["5", "2", "13", "139"], "probs": [[0.15120556723743245, 0.5531030214307482, 0.16631996382123054, 0.12937144741058879], [0.1860652891519163, 0.3317042638283705, 0.1341665854046674, 0.3480638615150458], [0.1729763104132476, 0.20859130968101927, 0.36665850079317985, 0.25177387901255327], [0.13952104330095058, 0.252578668194229, 0.4726395763687643, 0.13526071203605616]], "ideal": "A", "sampled": "B", "correct": false}}
{"type": "result", "data": {"idx": 70, "options": ["100", "999", "625", "500"], "probs": [[0.13637209411299753, 0.6407584069953547, 0.11150117876747004, 0.11136832002417772], [0.28288537682573445, 0.2616642454252876, 0.2207116517309916, 0.23473872591798634], [0.1885619703175223, 0.18863331707518502, 0.3017361371890129, 0.32106857531827976], [0.17524424009092385, 0.26315750649603475, 0.40197309862327424, 0.15962515468976718]], "ideal": "C", "sampled": "B", "correct": false}}
{"type": "result", "data": {"idx": 71, "options": ["\\frac{7}{15}", "\\frac{15}{7}", "\\frac{15}{8}", "\\frac{15}{11}"], "probs": [[0.3693740124537823, 0.3635405951902407, 0.08120720208677992, 0.18587819016919707], [0.24337367348362615, 0.1925329686131323, 0.10150094178047622, 0.4625924160227653], [0.22616839601582572, 0.1817467645930371, 0.14163191180242723, 0.45045292748870996], [0.3497668582544184, 0.21542445304529353, 0.3138867686498716, 0.12092191995041648]], "ideal": "B", "sampled": "B", "correct": true}}
{"type": "result", "data": {"idx": 72, "options": ["29", "14", "27", "11"], "probs": [[0.21268657164661967, 0.23723811262318542, 0.2303710166934881, 0.31970429893670677], [0.2045436921239212, 0.23539914101387302, 0.28452263975413383, 0.27553452700807196], [0.21382206676252283, 0.2702713310448265, 0.20438995955330674, 0.3115166425393439], [0.1540254549237678, 0.25394294420155444, 0.23896538430939762, 0.35306621646528014]], "ideal": "A", "sampled": "C", "correct": false}}
{"type": "result", "data": {"idx": 73, "options": ["-5", "13", "64", "25"], "probs": [[0.20604569900887537, 0.20935609622655718, 0.31979190823528175, 0.26480629642928566], [0.322110091447062, 0.189436289491728, 0.2082779587340389, 0.28017566022717105], [0.3147945293346877, 0.20012949107847985, 0.1796164619514415, 0.30545951753539097], [0.2307730798307715, 0.14219364734350742, 0.32101765750144934, 0.3060156152242717]], "ideal": "C", "sampled": "B", "correct": false}}
{"type": "result", "data": {"idx": 74, "options": ["2", "1", "9", "16"], "probs": [[0.19941901564335363, 0.3039970009023832, 0.18219798258515185, 0.3143860007691114], [0.1349058976578452, 0.17315218882928418, 0.47277524900329493, 0.2191666644095757], [0.1869371691951102, 0.4483588301419759, 0.1996048241948538, 0.16509917636806007], [0.2428845650144606, 0.32663766033121394, 0.1755031671274511, 0.2549746074268744]], "ideal": "B", "sampled": "D", "correct": false}}
{"type": "result", "data": {"idx": 75, "options": ["10240", "5001", "5002", "8192"], "probs": [[0.26868671976879704, 0.3189132606340398, 0.17124510320039094, 0.2411549162967722], [0.2955068471430167, 0.26062847607936035, 0.22741539908665784, 0.21644927759096508], [0.26688645082685136, 0.27520463688019525, 0.23639299677609782, 0.22151591541685556], [0.2516905404627543, 0.24386619392379574, 0.2524361349752853, 0.25200713053816465]], "ideal": "D", "sampled": "B", "correct": false}}
{"type": "result", "data": {"idx": 76, "options": ["If f(x) is continuous at x = c, then f\u2032(c) exists.", "If f\u2032(c) = 0, then f has a local maximum or minimum at (c, f (c)).", "If f\u2032\u2032(c) = 0, then the graph of f has an inflection point at (c, f (c)).", "If f is differentiable at x = c, then f is continuous at x = c."], "probs": [[0.3813995917489982, 0.12190621980806694, 0.09059645707129861, 0.40609773127163623], [0.3197371864077435, 0.13122725094355414, 0.2032639323489078, 0.34577163019979457], [0.20342583497607827, 0.2002850427959613, 0.0848048086795758, 0.5114843134483846], [0.2918243370799366, 0.15867768155040177, 0.2135366988150354, 0.3359612824546262]], "ideal": "D", "sampled": "B", "correct": false}}
{"type": "result", "data": {"idx": 77, "options": ["5", "22", "11", "6"], "probs": [[0.11877204956181138, 0.6839123810759451, 0.1018086872488818, 0.09550688201336177], [0.5700496859315468, 0.252895791274038, 0.09616104483842698, 0.08089347785598817], [0.15690150621601262, 0.21117347162081848, 0.16210750992304987, 0.469817512140119], [0.11802771774264854, 0.09939827098000176, 0.669877295649695, 0.11269671552765463]], "ideal": "A", "sampled": "B", "correct": false}}
{"type": "result", "data": {"idx": 78, "options": ["Wednesday", "Thursday", "Friday", "Saturday"], "probs": [[0.3539732992295105, 0.2889715134808532, 0.1674750745129003, 0.18958011267673597], [0.2138078798283005, 0.1666084105646589, 0.15182130396179294, 0.4677624055452477], [0.16914560885092117, 0.1424934821435329, 0.38181256106216577, 0.30654834784338014], [0.16877192741304162, 0.22372338330157227, 0.35786534199322817, 0.24963934719215794]], "ideal": "C", "sampled": "A", "correct": false}}
{"type": "result", "data": {"idx": 79, "options": ["January 10th", "January 21st", "January 31st", "February 10th"], "probs": [[0.1740882150383017, 0.36287839298429414, 0.21724378217800955, 0.2457896096993946], [0.14554747531951404, 0.23274015131799675, 0.15768591742770932, 0.4640264558347799], [0.1501111388056371, 0.23995770511611805, 0.38435032959909243, 0.22558082637915242], [0.11702647447417278, 0.7174392440697616, 0.06374990066806281, 0.10178438068800287]], "ideal": "B", "sampled": "A", "correct": false}}
{"type": "result", "data": {"idx": 80, "options": ["75", "76", "22", "23"], "probs": [[0.34745522553451996, 0.38160490132915587, 0.15448096047702214, 0.11645891255930198], [0.3016808718642175, 0.31123183101974455, 0.1695000877657932, 0.21758720925024472], [0.2357454860608645, 0.2713903744040185, 0.1598039990532931, 0.3330601403818239], [0.14740347531297177, 0.10955454163153439, 0.6316922761234994, 0.11134970683199442]], "ideal": "B", "sampled": "B", "correct": true}}
