{"type": "result", "data": {"idx": 0, "options": ["True, True", "False, False", "True, False", "False, True"], "probs": [[0.3886006233989115, 0.2670993546442223, 0.21811275506986716, 0.12618726678699907], [0.24990463626155404, 0.3062184680854878, 0.11269477848287836, 0.3311821170700797], [0.30939408672645097, 0.2817263858971444, 0.31451427464746023, 0.09436525262894441], [0.4102328006617036, 0.3145343801601579, 0.08738840016094963, 0.18784441891718887]], "ideal": "D", "sampled": "A", "correct": false}}
{"type": "result", "data": {"idx": 1, "options": ["True, True", "False, False", "True, False", "False, True"], "probs": [[0.2619810324054928, 0.2348758508067142, 0.3365884918654592, 0.16655462482233377], [0.23965470668999936, 0.34874403733062204, 0.12246016502988735, 0.28914109084949124], [0.32036024922205286, 0.3410792394327351, 0.23454780616889812, 0.10401270507631387], [0.28074362034542444, 0.31323369400844775, 0.12081753846338586, 0.28520514708274197]], "ideal": "C", "sampled": "C", "correct": true}}
{"type": "result", "data": {"idx": 2, "options": ["True, True", "False, False", "True, False", "False, True"], "probs": [[0.24749099099436617, 0.3129128375524516, 0.2940701412531153, 0.14552603010006698], [0.1768297377524313, 0.32025038715601634, 0.13995659141397737, 0.36296328357757496], [0.24529168949151547, 0.3053187361355563, 0.3801972482674221, 0.06919232600550605], [0.2747024595462755, 0.3874357342332596, 0.12388215957833291, 0.213979646542132]], "ideal": "B", "sampled": "A", "correct": false}}
{"type": "result", "data": {"idx": 3, "options": ["12", "24", "48", "72"], "probs": [[0.17020060120311087, 0.4019059240416118, 0.18758183715851842, 0.24031163749675893], [0.21548071501484414, 0.29441803690827184, 0.2338731288676039, 0.2562281191092801], [0.19273743947195532, 0.28036328311848563, 0.23701689428650763, 0.2898823830230514], [0.18701922891653977, 0.3034315108949498, 0.21940565107058874, 0.2901436090179217]], "ideal": "D", "sampled": "B", "correct": false}}
{"type": "result", "data": {"idx": 4, "options": ["convolutional networks", "graph networks", "fully connected networks", "RBF networks"], "probs": [[0.9681513484334544, 0.015896572087217377, 0.013396702948768853, 0.0025553764305593996], [0.021941192504126746, 0.03619775865106155, 0.0502353280007158, 0.8916257207440959], [0.017969695966558893, 0.01769711461102552, 0.9519769014433218, 0.0123562878790938], [0.01262844308876451, 0.9428360821260541, 0.009101346481757198, 0.0354341282034242]], "ideal": "A", "sampled": "A", "correct": true}}
{"type": "result", "data": {"idx": 5, "options": ["True, True", "False, False", "True, False", "False, True"], "probs": [[0.29066606486912433, 0.3243160448847929, 0.2411002891686771, 0.14391760097740566], [0.2587757706383375, 0.3537565469388065, 0.12040516732919178, 0.26706251499366424], [0.3021403432865999, 0.38200872429417493, 0.24295343414222156, 0.07289749817700365], [0.36547420514368645, 0.39519960862021264, 0.09841078812124063, 0.14091539801486028]], "ideal": "B", "sampled": "A", "correct": false}}
{"type": "result", "data": {"idx": 6, "options": ["O(D)", "O(N)", "O(ND)", "O(ND^2)"], "probs": [[0.10814606155537294, 0.10158536355108361, 0.6837904299754726, 0.10647814481807083], [0.08422455567283102, 0.7277121868469263, 0.09109957177471155, 0.0969636856055311], [0.25773603781447074, 0.13581425428416274, 0.3993251919849845, 0.20712451581638205], [0.10256445712507689, 0.4894123222759404, 0.09196073089993483, 0.31606248959904787]], "ideal": "A", "sampled": "C", "correct": false}}
{"type": "result", "data": {"idx": 7, "options": ["True, True", "False, False", "True, False", "False, True"], "probs": [[0.36650141523836605, 0.32857420547635513, 0.21223362961921236, 0.09269074956606646], [0.24674550838197137, 0.32694989983821476, 0.1593989759972008, 0.26690561568261306], [0.3098007645952617, 0.32984535899900985, 0.28675418234716743, 0.07359969395856102], [0.39862820194887755, 0.35737886437485455, 0.11250346907244045, 0.1314894645038274]], "ideal": "B", "sampled": "A", "correct": false}}
{"type": "result", "data": {"idx": 8, "options": ["2", "4", "8", "16"], "probs": [[0.16198223869531636, 0.6210169236321879, 0.09841897202768458, 0.11858186554481115], [0.2413594989714439, 0.29578144131761547, 0.0703430719347682, 0.3925159876761724], [0.11591748719371264, 0.17407485581572277, 0.21349650301144638, 0.4965111538791182], [0.12109024641062514, 0.49420701716060067, 0.18491705974701023, 0.199785676581764]], "ideal": "C", "sampled": "B", "correct": false}}
{"type": "result", "data": {"idx": 9, "options": ["Lower variance", "Higher variance", "Same variance", "None of the above"], "probs": [[0.28475299899044715, 0.15242688583439537, 0.20836121152286116, 0.3544589035522963], [0.10111807511744679, 0.1566426192807066, 0.11282145483009592, 0.6294178506717507], [0.17828022634927784, 0.23254332394614005, 0.3602225917118015, 0.22895385789278064], [0.07063184783097871, 0.5470433912183679, 0.1279318947653973, 0.25439286608525613]], "ideal": "A", "sampled": "A", "correct": true}}
{"type": "result", "data": {"idx": 10, "options": ["True, True", "False, False", "True, False", "False, True"], "probs": [[0.4333728285696819, 0.28876152846877157, 0.17805057894930856, 0.09981506391223795], [0.299530918873235, 0.3189357471305715, 0.12113390681226816, 0.26039942708392533], [0.3715118654740318, 0.3331229885148774, 0.222189270766532, 0.07317587514455877], [0.4277791455373498, 0.3081629711294406, 0.08564716875046702, 0.17841071448274262]], "ideal": "A", "sampled": "A", "correct": true}}
{"type": "result", "data": {"idx": 11, "options": ["good fitting", "overfitting", "underfitting", "all of the above"], "probs": [[0.010739793459789806, 0.9226620924446517, 0.007617208722841775, 0.05898090527271674], [0.9642505042006043, 0.025295095498033462, 0.007479731918859362, 0.0029746682825028863], [0.27278092018130506, 0.06378763800597352, 0.00877087082007126, 0.6546605708926502], [0.026771555550818726, 0.0575681945413199, 0.8867132958675044, 0.02894695394035696]], "ideal": "C", "sampled": "B", "correct": false}}
{"type": "result", "data": {"idx": 12, "options": ["True, True", "False, False", "True, False", "False, True"], "probs": [[0.28391971316476483, 0.28843297720297045, 0.23550191783799473, 0.19214539169426997], [0.24571830921649965, 0.33069893937295414, 0.08233524910549189, 0.34124750220505434], [0.366273002272263, 0.31332407799168754, 0.21212744168875758, 0.10827547794729186], [0.36977769869179145, 0.34202014200054465, 0.06737087272623087, 0.22083128648143305]], "ideal": "A", "sampled": "A", "correct": true}}
{"type": "result", "data": {"idx": 13, "options": ["True, True", "False, False", "True, False", "False, True"], "probs": [[0.28064399065578854, 0.3180554447791396, 0.20224852874704266, 0.19905203571802918], [0.24301656172912925, 0.3481426705018726, 0.09671354677628129, 0.3121272208927169], [0.2672418017829175, 0.3432052978052421, 0.2633045276243756, 0.12624837268746478], [0.28714104414314656, 0.34638826745308576, 0.1008540726779103, 0.26561661562585737]], "ideal": "B", "sampled": "A", "correct": false}}
{"type": "result", "data": {"idx": 14, "options": ["pure", "not pure", "useful", "useless"], "probs": [[0.35771207398866434, 0.3522211453463561, 0.15638174906082888, 0.13368503150415065], [0.31350198034598886, 0.4219092977156735, 0.020364995816194803, 0.24422372602214287], [0.1099145002954416, 0.04107916589522658, 0.7633941512888686, 0.0856121824204632], [0.07518419398556739, 0.2584347945659769, 0.06535938186709012, 0.6010216294813656]], "ideal": "B", "sampled": "A", "correct": false}}
{"type": "result", "data": {"idx": 15, "options": ["True, True", "False, False", "True, False", "False, True"], "probs": [[0.383884545041684, 0.3084539381559599, 0.21210509468688835, 0.09555642201546774], [0.30407688018619083, 0.34998667236642955, 0.08581268786525906, 0.2601237594821206], [0.3654840399103665, 0.3276247777499393, 0.22534478380050219, 0.081546398439192], [0.44457002476940477, 0.31521622752447875, 0.0889671037540475, 0.15124664385206896]], "ideal": "B", "sampled": "A", "correct": false}}
{"type": "result", "data": {"idx": 16, "options": ["This feature has a strong effect on the model (should be retained)", "This feature does not have a strong effect on the model (should be ignored)", "It is not possible to comment on the importance of this feature without additional information", "Nothing can be determined."], "probs": [[0.595660551999589, 0.2684661647756275, 0.07006386443747777, 0.06580941868730565], [0.07142856876050714, 0.1254202918610977, 0.06924993721635068, 0.7339012020620445], [0.035686563829811696, 0.019406199525614336, 0.9211252961173617, 0.023781940427212225], [0.010985436535849569, 0.9737840246496482, 0.006261362580713003, 0.008969176133789213]], "ideal": "C", "sampled": "A", "correct": false}}
{"type": "result", "data": {"idx": 17, "options": ["The number of hidden nodes", "The learning rate", "The initial choice of weights", "The use of a constant-term unit input"], "probs": [[0.3281517971448542, 0.2852304322021646, 0.18433094297489402, 0.2022868275780872], [0.16103608544715012, 0.3519965629226408, 0.12359369268685635, 0.36337365884335265], [0.14382191215242057, 0.1331175436410935, 0.18774412850266992, 0.535316415603816], [0.1890675518005503, 0.337231774974962, 0.19838801923234167, 0.27531265389214604]], "ideal": "A", "sampled": "A", "correct": true}}
{"type": "result", "data": {"idx": 18, "options": ["The polynomial degree", "Whether we learn the weights by matrix inversion or gradient descent", "The assumed variance of the Gaussian noise", "The use of a constant-term unit input"], "probs": [[0.4474214216956745, 0.24711270242452266, 0.14085561665328716, 0.16461025912651564], [0.04580548098039538, 0.10326464525783209, 0.0755356052455733, 0.7753942684161992], [0.1138520321820352, 0.09896294926828256, 0.6767854882525833, 0.11039953019709886], [0.16034199773681101, 0.5960248885758209, 0.08324571201105076, 0.16038740157631728]], "ideal": "A", "sampled": "A", "correct": true}}
{"type": "result", "data": {"idx": 19, "options": ["True, True", "False, False", "True, False", "False, True"], "probs": [[0.2981542944609988, 0.2845466136647826, 0.2551595270378538, 0.1621395647363648], [0.2325867483558153, 0.4212284809295855, 0.09852625722276145, 0.24765851339183775], [0.3164666592758332, 0.3317135870124982, 0.2625464200710964, 0.08927333354057218], [0.36312061269828977, 0.31063079165025576, 0.10248049366049071, 0.22376810189096372]], "ideal": "A", "sampled": "C", "correct": false}}
{"type": "result", "data": {"idx": 20, "options": ["Requires the dimension of the feature space to be no bigger than the number of samples", "Has the smallest value of the objective function when K = 1", "Minimizes the within class variance for a given number of clusters", "Converges to the global optimum if and only if the initial means are chosen as some of the samples themselves"], "probs": [[0.17270278210862514, 0.05695542947179179, 0.6029318840019322, 0.16740990431765085], [0.04646596805756712, 0.8632793054721566, 0.03676461896436453, 0.05349010740591171], [0.6501620532324821, 0.12603524560776724, 0.05681733519793115, 0.1669853658618195], [0.1697123250109811, 0.13638160037767827, 0.10135041478307066, 0.59255565972827]], "ideal": "C", "sampled": "C", "correct": true}}
{"type": "result", "data": {"idx": 21, "options": ["True, True", "False, False", "True, False", "False, True"], "probs": [[0.3766298535591755, 0.2933621362547449, 0.21146611552111447, 0.11854189456496513], [0.3353724131342313, 0.3570394462431148, 0.10726962822691348, 0.20031851229574044], [0.359597997346398, 0.3173947215733408, 0.2183431305390134, 0.10466415044124774], [0.4192228694246203, 0.2926906790378453, 0.10775625887706806, 0.1803301925604664]], "ideal": "A", "sampled": "C", "correct": false}}
{"type": "result", "data": {"idx": 22, "options": ["0", "1", "2", "3"], "probs": [[0.1387884492626475, 0.4275593970980393, 0.17832063032507195, 0.25533152321424124], [0.1678284157449016, 0.2724163071588668, 0.18729839100762452, 0.3724568859886071], [0.1327424724411826, 0.21887264958056463, 0.3040126743020192, 0.34437220357623355], [0.1293632912126932, 0.23062974096791794, 0.3574040446760905, 0.28260292304329837]], "ideal": "B", "sampled": "B", "correct": true}}
{"type": "result", "data": {"idx": 23, "options": ["True, True", "False, False", "True, False", "False, True"], "probs": [[0.3069266424308254, 0.30695471621893017, 0.2317721132966387, 0.15434652795360573], [0.2313819877135784, 0.3640301904619086, 0.0980100430005391, 0.3065777787239739], [0.31474032760437803, 0.356663522411506, 0.21982927454427054, 0.10876687533984541], [0.3218858313660116, 0.37631625774426714, 0.08399904706232045, 0.2177988637274008]], "ideal": "C", "sampled": "A", "correct": false}}
{"type": "result", "data": {"idx": 24, "options": ["Decision Trees", "Density-based clustering", "Model-based clustering", "K-means clustering"], "probs": [[0.020647322798024833, 0.9348480966403923, 0.009911751356161309, 0.03459282910542163], [0.682697255382381, 0.18658975142819897, 0.05877235180908707, 0.07194064128033294], [0.06514197368910013, 0.3869199026649243, 0.05077088080979587, 0.4971672427361797], [0.10514984748875937, 0.08064103486212987, 0.7419143650049596, 0.07229475254415119]], "ideal": "B", "sampled": "B", "correct": true}}
{"type": "result", "data": {"idx": 25, "options": ["True, True", "False, False", "True, False", "False, True"], "probs": [[0.37518354408006177, 0.30149602213103566, 0.22072626154764502, 0.10259417214125759], [0.21906426731158518, 0.3340806761597889, 0.16546547915082668, 0.28138957727779923], [0.27403847727190034, 0.35193500801769156, 0.31093509128947533, 0.0630914233209328], [0.38705805420504247, 0.3469673705022896, 0.09947545224704064, 0.1664991229456273]], "ideal": "A", "sampled": "A", "correct": true}}
{"type": "result", "data": {"idx": 26, "options": ["they are biased", "they have high variance", "they are not consistent estimators", "None of the above"], "probs": [[0.20840319120001513, 0.3382989566672985, 0.1728122434685344, 0.28048560856415194], [0.2460739983692262, 0.3209951019262678, 0.2500261142607679, 0.18290478534373816], [0.3090080733663807, 0.38462261794470826, 0.21919149974745183, 0.08717780884145918], [0.03037722091608637, 0.6702092186218168, 0.12994867696593984, 0.16946488339615698]], "ideal": "B", "sampled": "A", "correct": false}}
{"type": "result", "data": {"idx": 27, "options": ["linear in D", "linear in N", "polynomial in D", "dependent on the number of iterations"], "probs": [[0.1863547740147139, 0.3169867145249166, 0.3073796973424689, 0.18927881401790062], [0.12417831460582777, 0.42679117197934296, 0.11135865249003063, 0.33767186082479866], [0.06447697934614784, 0.8363908586716515, 0.07426851077990643, 0.024863651102294194], [0.11213485477731136, 0.11214642552854619, 0.5788981102238566, 0.1968206093702858]], "ideal": "C", "sampled": "D", "correct": false}}
{"type": "result", "data": {"idx": 28, "options": ["Increase bias", "Decrease bias", "Increase variance", "Decrease variance"], "probs": [[0.04952972363360495, 0.7395669789633915, 0.032496269668010676, 0.1784070276349928], [0.31376578465644694, 0.1653552452948664, 0.29486425829369844, 0.22601471165498818], [0.0676412671954627, 0.17282422271484926, 0.09693373955413845, 0.6626007704355495], [0.13751673492134223, 0.12523779085161912, 0.5032865329583879, 0.2339589411686508]], "ideal": "D", "sampled": "B", "correct": false}}
{"type": "result", "data": {"idx": 29, "options": ["Best-subset selection", "Forward stepwise selection", "Forward stage wise selection", "All of the above"], "probs": [[0.11485399450719724, 0.1407478080159147, 0.22143321072306854, 0.5229649866538195], [0.15611348579414738, 0.28271921623742985, 0.47358457818109795, 0.08758271968732481], [0.1379567744248792, 0.757659864051059, 0.03713855284321186, 0.06724480858084994], [0.3949483960095606, 0.3124675475677377, 0.07778685597138717, 0.21479720035131455]], "ideal": "C", "sampled": "D", "correct": false}}
{"type": "result", "data": {"idx": 30, "options": ["Optimize a convex objective function", "Can only be trained with stochastic gradient descent", "Can use a mix of different activation functions", "None of the above"], "probs": [[0.2368822579874481, 0.28573862141104134, 0.08060893535715309, 0.39677018514435747], [0.1684150968559785, 0.1533544487598003, 0.24128594632588046, 0.4369445079583407], [0.4896656614971771, 0.21729091164504877, 0.20101638578018027, 0.09202704097759386], [0.13684607327163792, 0.3778795104456813, 0.3606511165991545, 0.12462329958352623]], "ideal": "C", "sampled": "A", "correct": false}}
{"type": "result", "data": {"idx": 31, "options": ["0.0368", "0.473", "0.078", "None of the above"], "probs": [[0.23066383138959906, 0.26967332969919205, 0.16380841270574836, 0.33585442610546046], [0.12588553129367824, 0.19503173230128235, 0.14751617608979398, 0.5315665602152454], [0.13864820781012077, 0.35964350817053703, 0.3444183961876013, 0.1572898877317409], [0.09376411965476261, 0.7611472663200276, 0.04041986253461838, 0.10466875139059142]], "ideal": "C", "sampled": "A", "correct": false}}
{"type": "result", "data": {"idx": 32, "options": ["True, True", "False, False", "True, False", "False, True"], "probs": [[0.26718938746148807, 0.23217846796840944, 0.3597905689086922, 0.14084157556141025], [0.23639132784599454, 0.3494221671894104, 0.15036397128878334, 0.26382253357581176], [0.28887954964077234, 0.32740122373545344, 0.29830968912385086, 0.08540953739992337], [0.33998677384423875, 0.35635239147819214, 0.10057237073199832, 0.2030884638455708]], "ideal": "B", "sampled": "C", "correct": false}}
{"type": "result", "data": {"idx": 33, "options": ["It can not be applied to non-differentiable functions.", "It can not be applied to non-continuous functions.", "It is hard to implement.", "It runs reasonably slow for multiple linear regression."], "probs": [[0.07009579136123961, 0.12699857163651518, 0.09436812855301167, 0.7085375083492336], [0.11672039415801912, 0.0840999862773062, 0.5401672164568098, 0.25901240300786493], [0.01621231686247189, 0.8717976552638159, 0.044781146455555976, 0.06720888131815615], [0.4815174484223647, 0.23469757240742617, 0.07986966012721246, 0.20391531894299664]], "ideal": "D", "sampled": "D", "correct": true}}
{"type": "result", "data": {"idx": 34, "options": ["Supervised learning", "Unsupervised learning", "Clustering", "None of the above"], "probs": [[0.959018710082245, 0.036608621585226805, 0.002491986851982197, 0.0018806813805459792], [0.016859051507806273, 0.03626335155227364, 0.011588339803779392, 0.9352892570361407], [0.01066522263621215, 0.008706002026151228, 0.9603884132942359, 0.02024036194340078], [0.00949388298645897, 0.9838020659035991, 0.004148593326651291, 0.002555457683290603]], "ideal": "A", "sampled": "A", "correct": true}}
{"type": "result", "data": {"idx": 35, "options": ["It relates inputs to outputs.", "It is used for prediction.", "It may be used for interpretation.", "It discovers causal relationships"], "probs": [[0.2666251798228918, 0.32678497866790096, 0.15202420042280826, 0.254565640986399], [0.2961531678635373, 0.24559244354346188, 0.0835831332700697, 0.37467125522293115], [0.17950829861753195, 0.11237525938817654, 0.18822428582216572, 0.5198921560721258], [0.09235705033351224, 0.38294015757412503, 0.14764486801805113, 0.3770579239743116]], "ideal": "D", "sampled": "B", "correct": false}}
{"type": "result", "data": {"idx": 36, "options": ["To save computing time during testing", "To save space for storing the Decision Tree", "To make the training set error smaller", "To avoid overfitting the training set"], "probs": [[0.00925373461838958, 0.019594849797671496, 0.04147638333759262, 0.9296750321463463], [0.03239849251704303, 0.04789123001073947, 0.9039183375963934, 0.01579193977582409], [0.00801599853198166, 0.9865859018966714, 0.0021581626208633667, 0.0032399368504835427], [0.9064293502854862, 0.056156560773002205, 0.016093995420515463, 0.021320093420996118]], "ideal": "D", "sampled": "D", "correct": true}}
{"type": "result", "data": {"idx": 37, "options": ["True, True", "False, False", "True, False", "False, True"], "probs": [[0.3033052429746061, 0.30336967559656197, 0.24773282179341188, 0.14559225953542004], [0.25783240024156745, 0.31106879377029634, 0.15648552307454938, 0.2746132828135868], [0.2751580537988324, 0.2929631834846546, 0.33220464730378363, 0.09967411531272935], [0.3860154690056149, 0.33021553855491315, 0.11241379211592394, 0.17135520022354803]], "ideal": "B", "sampled": "A", "correct": false}}
{"type": "result", "data": {"idx": 38, "options": ["Increase the amount of training data.", "Improve the optimisation algorithm being used for error minimisation.", "Decrease the model complexity.", "Reduce the noise in the training data."], "probs": [[0.09426407374595598, 0.2603487333343043, 0.20918839856099727, 0.4361987942587424], [0.10611533293471047, 0.34262239674314116, 0.2392054629145859, 0.3120568073075625], [0.10110965520785928, 0.26646143592407173, 0.18602998830052558, 0.4463989204675434], [0.11092040937174194, 0.2661514282536235, 0.20406428677064772, 0.41886387550398685]], "ideal": "B", "sampled": "C", "correct": false}}
{"type": "result", "data": {"idx": 39, "options": ["True, True", "False, False", "True, False", "False, True"], "probs": [[0.44731811370324676, 0.33769595407041175, 0.14529807564861086, 0.06968785647773063], [0.2646069228384533, 0.3674326836695403, 0.1193230002999192, 0.24863739309208724], [0.32851318378289723, 0.3285687055109478, 0.2901207582021409, 0.052797352404014015], [0.3948677509245867, 0.4011231392304551, 0.08544066611151323, 0.11856844363344494]], "ideal": "A", "sampled": "A", "correct": true}}
{"type": "result", "data": {"idx": 40, "options": ["For two dimensional data points, the separating hyperplane learnt by a linear SVM will be a straight line.", "In theory, a Gaussian kernel SVM cannot model any complex separating hyperplane.", "For every kernel function used in a SVM, one can obtain an equivalent closed form basis expansion.", "Overfitting in an SVM is not a function of number of support vectors."], "probs": [[0.5968018484831065, 0.18785553658356816, 0.08210542480376343, 0.13323719002956189], [0.6274611996042695, 0.17159289247758547, 0.06516138512109819, 0.1357845226970468], [0.5134858778508088, 0.19803411076269406, 0.07758724226251769, 0.2108927690239794], [0.4187218484054231, 0.18302273475749822, 0.177439746579073, 0.22081567015800566]], "ideal": "A", "sampled": "B", "correct": false}}
{"type": "result", "data": {"idx": 41, "options": ["P(H, U, P, W) = P(H) * P(W) * P(P) * P(U)", "P(H, U, P, W) = P(H) * P(W) * P(P | W) * P(W | H, P)", "P(H, U, P, W) = P(H) * P(W) * P(P | W) * P(U | H, P)", "None of the above"], "probs": [[0.20534420164367645, 0.5760558885956123, 0.11531591500169167, 0.10328399465901957], [0.49753787011210315, 0.1746397918210798, 0.07753071297795741, 0.25029162498885965], [0.40660626347227236, 0.15194725857174174, 0.08796425949328003, 0.3534822183627059], [0.05869598992231582, 0.5071931745376049, 0.08544605670106083, 0.34866477873901836]], "ideal": "C", "sampled": "B", "correct": false}}
{"type": "result", "data": {"idx": 42, "options": ["True, True", "False, False", "True, False", "False, True"], "probs": [[0.3933906676946282, 0.28340827148963904, 0.16667572407207318, 0.15652533664365956], [0.31126477847466405, 0.3162218582876923, 0.07998283087433, 0.29253053226331366], [0.34999533813720723, 0.35006361525066876, 0.16287323622099045, 0.13706781029113355], [0.32673715265672415, 0.36455522885168806, 0.06960875903313637, 0.2390988593584514]], "ideal": "B", "sampled": "A", "correct": false}}
{"type": "result", "data": {"idx": 43, "options": ["True, True", "False, False", "True, False", "False, True"], "probs": [[0.37460296784167163, 0.3411324867096277, 0.15873296320739086, 0.12553158214130983], [0.29070380110587507, 0.3399010871018234, 0.10869363613313066, 0.2607014755591709], [0.30259636492380015, 0.32217121601118387, 0.2673129180896135, 0.10791950087540247], [0.3635391321678444, 0.3469186748732806, 0.0949016592921906, 0.19464053356668437]], "ideal": "B", "sampled": "A", "correct": false}}
{"type": "result", "data": {"idx": 44, "options": ["Stochastic Gradient Descent", "Mini-Batch Gradient Descent", "Batch Gradient Descent", "All of the above"], "probs": [[0.11466619456654169, 0.18043403460094548, 0.11292008393559229, 0.5919796867969205], [0.15329263069564897, 0.1509315118320307, 0.45074708608492103, 0.24502877128739928], [0.13179022465193302, 0.5908397015588633, 0.10268663174933411, 0.17468344193986957], [0.21174534048840865, 0.4554530740210078, 0.10009396298228816, 0.23270762240829537]], "ideal": "D", "sampled": "D", "correct": true}}
{"type": "result", "data": {"idx": 45, "options": ["Decreases model bias", "Decreases estimation bias", "Decreases variance", "Doesn\u2019t affect bias and variance"], "probs": [[0.6920317955216758, 0.18050080401507435, 0.07887850642251078, 0.048588893940739016], [0.6574581150356998, 0.08896721866789992, 0.13569574790809436, 0.11787891828830584], [0.18619920034037885, 0.3118979288042927, 0.17498737311122278, 0.3269154976441057], [0.10411087965502444, 0.6789861078842696, 0.11439332961453456, 0.10250968274617134]], "ideal": "A", "sampled": "A", "correct": true}}
{"type": "result", "data": {"idx": 46, "options": ["3", "4", "7", "15"], "probs": [[0.1503443315577465, 0.4282911249057656, 0.2157557670781556, 0.20560877635833227], [0.1306319029216116, 0.2223655332835187, 0.07808227487249932, 0.5689202888223703], [0.12262192550002074, 0.15996064482461164, 0.40895376214696944, 0.30846366742839815], [0.08245379415481932, 0.5907670810915812, 0.13193745811500926, 0.19484166653859028]], "ideal": "D", "sampled": "A", "correct": false}}
{"type": "result", "data": {"idx": 47, "options": ["anomaly detection", "one-class detection", "train-test mismatch robustness", "background detection"], "probs": [[0.13798186078791452, 0.7009622997762974, 0.08117930529811326, 0.07987653403767482], [0.03207057317718106, 0.04595680500139574, 0.04055106236714624, 0.8814215593542769], [0.018808896076320993, 0.014423065593529207, 0.8255840473911963, 0.14118399083895355], [0.01903958905865938, 0.7973764777558962, 0.1386095223313755, 0.04497441075406893]], "ideal": "A", "sampled": "A", "correct": true}}
{"type": "result", "data": {"idx": 48, "options": ["True, True", "False, False", "True, False", "False, True"], "probs": [[0.33604751536082283, 0.3690984115722516, 0.20717206031271626, 0.08768201265420934], [0.2234798255857837, 0.43081838530193584, 0.14215144725438186, 0.2035503417578986], [0.34500180771844935, 0.4097285759482585, 0.1906749258196247, 0.054594690413667456], [0.3551228211791777, 0.42837916204597487, 0.08984667472214046, 0.12665134195270691]], "ideal": "D", "sampled": "A", "correct": false}}
{"type": "result", "data": {"idx": 49, "options": ["True, True", "False, False", "True, False", "False, True"], "probs": [[0.3022641359107941, 0.27522997404982247, 0.2797176968939909, 0.14278819304539253], [0.3072487620031918, 0.3322045405709972, 0.13220715127436028, 0.22833954605145076], [0.3102274102526014, 0.3354552860832557, 0.27829529303559536, 0.0760220105285475], [0.35126129312670257, 0.33516848583399067, 0.1313382704624068, 0.18223195047689994]], "ideal": "D", "sampled": "A", "correct": false}}
{"type": "result", "data": {"idx": 50, "options": ["O(1)", "O( N )", "O(log N )", "O( N^2 )"], "probs": [[0.029787645161006626, 0.7927758308970678, 0.14901035300964655, 0.028426170832279028], [0.18022981632968454, 0.7828665475184239, 0.014345846160261041, 0.022557789891630563], [0.4633933797746919, 0.09412985828777429, 0.10341223097127178, 0.33906453086626204], [0.12638264893221646, 0.12061658500418895, 0.4146904348912397, 0.33831033107235486]], "ideal": "B", "sampled": "C", "correct": false}}
{"type": "result", "data": {"idx": 51, "options": ["True, True", "False, False", "True, False", "False, True"], "probs": [[0.35367070225832853, 0.3073050516821871, 0.2588567849223792, 0.08016746103710515], [0.2363483826981583, 0.47008283342437435, 0.10656768400103159, 0.18700109977643573], [0.30684968826086473, 0.3477342128405928, 0.30700895187168864, 0.03840714692685387], [0.42670051212887805, 0.4135799499987727, 0.07302472157846424, 0.08669481619388499]], "ideal": "A", "sampled": "A", "correct": true}}
{"type": "result", "data": {"idx": 52, "options": ["True, True", "False, False", "True, False", "False, True"], "probs": [[0.35848544112689984, 0.292613664020056, 0.22103477180877631, 0.12786612294426786], [0.25392160006250086, 0.3933160333934205, 0.1026660434997684, 0.2500963229443102], [0.2871964828800585, 0.305748487892742, 0.3108429862122384, 0.09621204291496112], [0.3789072306156692, 0.31411698223402357, 0.09438078779244762, 0.21259499925785957]], "ideal": "D", "sampled": "A", "correct": false}}
{"type": "result", "data": {"idx": 53, "options": ["Is unbounded, encompassing all real numbers.", "Is unbounded, encompassing all integers.", "Is bounded between 0 and 1.", "Is bounded between -1 and 1."], "probs": [[0.004298912134626761, 0.004948091432360501, 0.9883414581907776, 0.0024115381422351654], [0.003805059365837305, 0.9912251569398761, 0.0016115220846521618, 0.0033582615096343885], [0.9402706318927636, 0.05472819330092511, 0.0031859459256236757, 0.0018152287806875954], [0.17257210084776978, 0.060580346387173994, 0.005293805447462861, 0.7615537472175934]], "ideal": "C", "sampled": "C", "correct": true}}
{"type": "result", "data": {"idx": 54, "options": ["Linear hard-margin SVM.", "Linear Logistic Regression.", "Linear Soft margin SVM.", "The centroid method."], "probs": [[0.5485692929674102, 0.22512992040119256, 0.061566506089330654, 0.16473428044206656], [0.6065739361497231, 0.18789868314721886, 0.05914999722377261, 0.1463773833792854], [0.31150562496365264, 0.12986901788214594, 0.1259167231766646, 0.4327086338775368], [0.2865617189549428, 0.24136307113847283, 0.24529679876208668, 0.2267784110444977]], "ideal": "A", "sampled": "B", "correct": false}}
{"type": "result", "data": {"idx": 55, "options": ["Partitioning based clustering", "K-means clustering", "Grid based clustering", "All of the above"], "probs": [[0.11828936551200292, 0.27080248316663486, 0.04633816962625333, 0.5645699815951088], [0.08015890000620354, 0.07414026170986202, 0.748999556503819, 0.0967012816801155], [0.06392163627890304, 0.8689394978007966, 0.021087439218035277, 0.04605142660226503], [0.30636418661596404, 0.5999981916840421, 0.03605531249724081, 0.05758230910275299]], "ideal": "D", "sampled": "D", "correct": true}}
{"type": "result", "data": {"idx": 56, "options": ["True, True", "False, False", "True, False", "False, True"], "probs": [[0.3490782249713214, 0.312968123189798, 0.23634036492650262, 0.10161328681237798], [0.245969526565228, 0.39314760582248, 0.11094280745640189, 0.2499400600558901], [0.29730959616200325, 0.38783864718378547, 0.2505465354316275, 0.06430522112258377], [0.3802050734722033, 0.40477780408338143, 0.07729145311442741, 0.13772566922998788]], "ideal": "D", "sampled": "A", "correct": false}}
{"type": "result", "data": {"idx": 57, "options": ["True, True", "False, False", "True, False", "False, True"], "probs": [[0.3204479968027103, 0.29640104038726933, 0.25763269104619296, 0.1255182716638274], [0.23370696427789533, 0.38537165231597403, 0.09447693008374439, 0.2864444532223862], [0.2953260540666893, 0.33996301886019925, 0.2864498793792377, 0.07826104759387373], [0.3825874641785555, 0.38863969050213965, 0.07656647146644836, 0.15220637375285648]], "ideal": "D", "sampled": "A", "correct": false}}
{"type": "result", "data": {"idx": 58, "options": ["P(E, F), P(H), P(E|H), P(F|H)", "P(E, F), P(H), P(E, F|H)", "P(H), P(E|H), P(F|H)", "P(E, F), P(E|H), P(F|H)"], "probs": [[0.09934710636227935, 0.3809946746669091, 0.1074634633294805, 0.412194755541331], [0.12229351226418571, 0.2671862900106069, 0.2215599168964179, 0.38896028072878946], [0.14360603046742357, 0.34456922060221395, 0.29951353519334484, 0.21231121363701763], [0.14157682655826054, 0.5514383911535048, 0.11031289397567068, 0.19667188821256396]], "ideal": "B", "sampled": "A", "correct": false}}
{"type": "result", "data": {"idx": 59, "options": ["The use of sampling with replacement as the sampling technique", "The use of weak classifiers", "The use of classification algorithms which are not prone to overfitting", "The practice of validation performed on every classifier trained"], "probs": [[0.1517403974458708, 0.16929663211510487, 0.49010069692894215, 0.18886227341008216], [0.18337637581324395, 0.4610453866828148, 0.1778195692230522, 0.17775866818088903], [0.1348934668992074, 0.3783712700844473, 0.29942790420131465, 0.18730735871503068], [0.1941508468285272, 0.2067195300085969, 0.11068320932969533, 0.48844641373318054]], "ideal": "B", "sampled": "C", "correct": false}}
{"type": "result", "data": {"idx": 60, "options": ["True, True", "False, False", "True, False", "False, True"], "probs": [[0.3666669182112546, 0.3040173147601166, 0.21570579749161503, 0.11360996943701378], [0.2671389202396769, 0.3709365135082828, 0.11862063633825556, 0.2433039298137848], [0.3529850761317245, 0.34755986148607393, 0.2142853241731818, 0.08516973810901982], [0.33003538322392234, 0.41725397234364925, 0.1039268451770661, 0.14878379915536233]], "ideal": "B", "sampled": "A", "correct": false}}
{"type": "result", "data": {"idx": 61, "options": ["True, True", "False, False", "True, False", "False, True"], "probs": [[0.2354114607670093, 0.3882003003656228, 0.26689760087283976, 0.10949063789452812], [0.16729228814474212, 0.5401234344533573, 0.09388618425679647, 0.19869809304510405], [0.298493833431904, 0.4770882444988247, 0.18401859767391862, 0.04039932429535263], [0.28321026908872826, 0.5375080543961634, 0.0683623084845634, 0.11091936793054487]], "ideal": "A", "sampled": "C", "correct": false}}
{"type": "result", "data": {"idx": 62, "options": ["0", "1", "2", "3"], "probs": [[0.1577881323474253, 0.35017583814265857, 0.16809464000256683, 0.3239413894073493], [0.11445842704616195, 0.24236947430724085, 0.18298314246827604, 0.4601889560783211], [0.12241381481350454, 0.2182928469904195, 0.2513371278245804, 0.40795621027149553], [0.11408230981273401, 0.28693508030081855, 0.1941783653684106, 0.40480424441803686]], "ideal": "C", "sampled": "A", "correct": false}}
{"type": "result", "data": {"idx": 63, "options": ["The examples farthest from the decision boundary.", "The only examples necessary to compute f(x) in an SVM.", "The data centroid.", "All the examples that have a non-zero weight \u03b1k in a SVM."], "probs": [[0.06845289672086259, 0.15188618455459293, 0.04351349304221529, 0.7361474255823292], [0.013528831389964718, 0.009298247344875093, 0.919316834152217, 0.057856087012943216], [0.006369969545938055, 0.975483925593508, 0.010340832505047678, 0.007805272255506188], [0.022376773814174338, 0.9515624018787775, 0.008902476143405471, 0.01715834806364271]], "ideal": "B", "sampled": "D", "correct": false}}
{"type": "result", "data": {"idx": 64, "options": ["True, True", "False, False", "True, False", "False, True"], "probs": [[0.3650499743957111, 0.38864307143962656, 0.1808448217313635, 0.06546213233329892], [0.3087314757017954, 0.5251876867838338, 0.06891939993763402, 0.09716143747673683], [0.2766048568716478, 0.3962789118448154, 0.25606977555471316, 0.07104645562882363], [0.400248762923324, 0.4395727780053569, 0.08136299936134342, 0.07881545960997564]], "ideal": "A", "sampled": "A", "correct": true}}
{"type": "result", "data": {"idx": 65, "options": ["Regularization is too low and model is overfitting", "Regularization is too high and model is underfitting", "Step size is too large", "Step size is too small"], "probs": [[0.3561799313558637, 0.2999573468887453, 0.21279663067140317, 0.13106609098398783], [0.11165390741224283, 0.29891538171587334, 0.3085730327569867, 0.2808576780148971], [0.05978187612347629, 0.1434369848164193, 0.6740810349738164, 0.12270010398628789], [0.03893192109360887, 0.8726079695972775, 0.06627078238176558, 0.022189326827348]], "ideal": "C", "sampled": "A", "correct": false}}
{"type": "result", "data": {"idx": 66, "options": ["0.0495", "0.078", "0.635", "0.97"], "probs": [[0.25687608503032056, 0.2031793177398414, 0.21998247829833925, 0.3199621188314988], [0.1811283027608374, 0.18981606690725733, 0.18709721601828902, 0.44195841421361626], [0.13966983313980239, 0.12519523129360702, 0.5528956549415516, 0.18223928052503907], [0.07387524455187881, 0.7699541225609753, 0.05670578679313155, 0.09946484599401433]], "ideal": "C", "sampled": "A", "correct": false}}
{"type": "result", "data": {"idx": 67, "options": ["True, True", "False, False", "True, False", "False, True"], "probs": [[0.284503034190605, 0.3541131807773892, 0.21829245331809158, 0.14309133161391419], [0.2331139067510279, 0.4709748169599321, 0.07339838365173637, 0.22251289253730366], [0.34442364396234076, 0.4220490658893299, 0.15297826781132784, 0.08054902223700153], [0.3400312192409655, 0.3734940429214929, 0.08338434558959724, 0.20309039214794433]], "ideal": "A", "sampled": "C", "correct": false}}
{"type": "result", "data": {"idx": 68, "options": ["True, True", "False, False", "True, False", "False, True"], "probs": [[0.31244937979059406, 0.33265317970107705, 0.21832476039989485, 0.136572680008434], [0.3111705663798057, 0.3695877056352865, 0.11820505862972279, 0.201036669255185], [0.3146744165902896, 0.4041412890787487, 0.18812867067746566, 0.09305562355349602], [0.4179808150100445, 0.33587898822519047, 0.09935320014873225, 0.14678699651603275]], "ideal": "A", "sampled": "D", "correct": false}}
{"type": "result", "data": {"idx": 69, "options": ["Expectation Maximization", "CART", "Gaussian Na\u00efve Bayes", "Apriori"], "probs": [[0.08464905114227124, 0.5351663508376949, 0.2338846335245951, 0.14629996439543874], [0.1151679487721212, 0.4148836576939615, 0.22216708128290413, 0.24778131215101312], [0.14949040893037943, 0.20441735854877432, 0.08132126605627973, 0.5647709663645665], [0.10106051117751458, 0.1692948813462073, 0.43251673027298093, 0.2971278771032972]], "ideal": "A", "sampled": "B", "correct": false}}
{"type": "result", "data": {"idx": 70, "options": ["Your decision trees are too shallow.", "You need to increase the learning rate.", "You are overfitting.", "None of the above."], "probs": [[0.07304806506436957, 0.062488181742713714, 0.7735336681494066, 0.09093008494351014], [0.016308786224367624, 0.9480552601756167, 0.01037014267959201, 0.025265810820423642], [0.9265124351852425, 0.05740209016797419, 0.0074159024553205975, 0.008669572091462671], [0.03252698492874893, 0.1033873785309944, 0.037443000959001105, 0.8266426354812556]], "ideal": "A", "sampled": "C", "correct": false}}
{"type": "result", "data": {"idx": 71, "options": ["linear in K", "quadratic in K", "cubic in K", "exponential in K"], "probs": [[0.2366355771091042, 0.43529983701972536, 0.13491761482025635, 0.19314697095091404], [0.09814565481537135, 0.15444704658562655, 0.07646738623111621, 0.6709399122678859], [0.06313995898740479, 0.05073977166764105, 0.8321117006879474, 0.054008568557006774], [0.10742738857208435, 0.7817071632722479, 0.047705188040129826, 0.06316026001553794]], "ideal": "A", "sampled": "A", "correct": true}}
{"type": "result", "data": {"idx": 72, "options": ["True, True", "False, False", "True, False", "False, True"], "probs": [[0.292811517281033, 0.33706445000771357, 0.2317814414236841, 0.13834259118756934], [0.24884517680662735, 0.39770082541373647, 0.12325403195297337, 0.2301999657266628], [0.3197406232037284, 0.3979616164763171, 0.21314601598038674, 0.06915174423956767], [0.34742473517088596, 0.38159807375435517, 0.10938660473365648, 0.1615905862411024]], "ideal": "B", "sampled": "A", "correct": false}}
