{"type": "result", "data": {"idx": 0, "options": ["Offerings", "Prayers", "Apparitions", "Idols"], "probs": [[0.024683907211794757, 0.027978958090184757, 0.03481328428687792, 0.9125238503111426], [0.002940760879210353, 0.0062262177693385885, 0.9387041926065167, 0.05212882864493436], [0.03495140784947576, 0.7592886174376452, 0.0653166927181063, 0.14044328189477268], [0.26466802548706375, 0.4574626522042651, 0.09589945064716535, 0.18196987156150585]], "ideal": "D", "sampled": "D", "correct": true}}
{"type": "result", "data": {"idx": 1, "options": ["Daoism", "Yin-Yang School", "Mengzi", "Humanistic Buddhism"], "probs": [[0.20934920166834714, 0.3145433389419437, 0.1194420540171782, 0.35666540527253093], [0.07043009250651824, 0.10749116538880227, 0.09784159808372551, 0.724237143920954], [0.11482068809597354, 0.09828672483857046, 0.42724784886105155, 0.35964473810440445], [0.14047249497394687, 0.3881853751858537, 0.22836370634916875, 0.24297842339103062]], "ideal": "B", "sampled": "A", "correct": false}}
{"type": "result", "data": {"idx": 2, "options": ["325 CE", "119 CE", "451 CE", "596 CE"], "probs": [[0.026219246669047992, 0.8684090275537026, 0.03066625013892513, 0.07470547553832425], [0.10899171408709242, 0.10401205175012061, 0.5451589537901456, 0.24183728027264143], [0.04932376083645968, 0.7136918374267888, 0.1129622042962268, 0.1240221973405247], [0.2040113687908988, 0.4597690471512614, 0.15894712742984968, 0.17727245652799012]], "ideal": "D", "sampled": "D", "correct": true}}
{"type": "result", "data": {"idx": 3, "options": ["Akitu", "Wag and Thoth", "Bast", "Nehebkau"], "probs": [[0.9754877475588462, 0.017867949565378297, 0.005200283807193567, 0.0014440189685819259], [0.01169168088464427, 0.014783640354265683, 0.014546444587369436, 0.9589782340737206], [0.013222238437088004, 0.013433412096917131, 0.9568888151963679, 0.016455534169626976], [0.014763474768867807, 0.9726476869890223, 0.003348427660896425, 0.009240410481213547]], "ideal": "A", "sampled": "A", "correct": true}}
{"type": "result", "data": {"idx": 4, "options": ["Zazen", "Tariki", "Kami", "Ikebana"], "probs": [[0.0019666002841569803, 0.006653570495026868, 0.00367395389407693, 0.9877058752267392], [0.0022579796670856352, 0.008131058740060827, 0.9851206363464251, 0.004490325146428399], [0.006169107035021392, 0.990152856621205, 0.0006710635235004846, 0.0030069727202730948], [0.9930213603729432, 0.005293402161348699, 0.001109615141700108, 0.000575622224008032]], "ideal": "D", "sampled": "D", "correct": true}}
{"type": "result", "data": {"idx": 5, "options": ["Harmony and balance", "Devotion and piety", "Love and passion", "Goodwill and love"], "probs": [[0.384149523447351, 0.3235411110604679, 0.019739281812884407, 0.2725700835792967], [0.5037178396674932, 0.097661256780395, 0.09769874810195497, 0.3009221553501568], [0.01930762343932599, 0.1299323788315137, 0.8092295843183549, 0.0415304133108054], [0.14427204482406106, 0.4242305770994824, 0.392649204962362, 0.038848173014094496]], "ideal": "A", "sampled": "A", "correct": true}}
{"type": "result", "data": {"idx": 6, "options": ["Shabad", "Khalse", "Nam", "Guru"], "probs": [[0.9725224589863648, 0.023598747847542508, 0.002774862866480876, 0.0011039301996117537], [0.031000310825830667, 0.19907894610470725, 0.0295851083343116, 0.7403356346351505], [0.11928426829375564, 0.05723893455275456, 0.8156072826740983, 0.00786951437939146], [0.028482427352674977, 0.9584641268401021, 0.0027344017380500616, 0.010319043969172884]], "ideal": "A", "sampled": "A", "correct": true}}
{"type": "result", "data": {"idx": 7, "options": ["Muhammad's miraculous ascent to heaven", "Muhammad's migration to Mecca", "Muhammad's first community in Mecca", "Muhammad's revelations of the Qur'an"], "probs": [[0.9884057041693193, 0.00896164495199671, 0.0018495509860469198, 0.0007830997926370617], [0.0013723656046391104, 0.005179402813809135, 0.0063457654741952765, 0.9871024660073565], [0.0016601266043612813, 0.004956195807242806, 0.9898691932049432, 0.003514484283452754], [0.001986090467638463, 0.9971993104268198, 0.00038505780359192505, 0.0004295412019498111]], "ideal": "A", "sampled": "A", "correct": true}}
{"type": "result", "data": {"idx": 8, "options": ["Laws of Dharma", "Laws of Karma", "Laws of Vishnu", "Laws of Manu"], "probs": [[0.09649556686390565, 0.06137575562922906, 0.020232792247329504, 0.8218958851595358], [0.010678019612213529, 0.012485940287189464, 0.8620337439666034, 0.11480229603399364], [0.009534966000924712, 0.9728948624426148, 0.010807745056672481, 0.006762426399787951], [0.9662367122638102, 0.026982629521439993, 0.004763763700253673, 0.002016894414496125]], "ideal": "D", "sampled": "D", "correct": true}}
{"type": "result", "data": {"idx": 9, "options": ["The Holy Book", "The Narrative", "The Recitation", "The Pillars"], "probs": [[0.11083107729569987, 0.06935842515396755, 0.7938925830123469, 0.02591791443798569], [0.016967104611879013, 0.9559139532708478, 0.003188740902164312, 0.023930201115108844], [0.4825943963262579, 0.0421687919598712, 0.4677933114634218, 0.007443500150449116], [0.014752523631578755, 0.8575391515922788, 0.009829137866941777, 0.11787918680920065]], "ideal": "C", "sampled": "C", "correct": true}}
{"type": "result", "data": {"idx": 10, "options": ["Mother of Light", "Father of Goodness", "Ineffable Lover", "Eternal Spirit"], "probs": [[0.06928243561385902, 0.07042061599781232, 0.09040105211416617, 0.7698958961741624], [0.1578300077535331, 0.0885666420117872, 0.5689716680238648, 0.18463168211081493], [0.12751405319828352, 0.32088739632995955, 0.1516830519191649, 0.39991549845259206], [0.16509181519497948, 0.14130548078603017, 0.08842218752645956, 0.6051805163925308]], "ideal": "B", "sampled": "D", "correct": false}}
{"type": "result", "data": {"idx": 11, "options": ["Bushido", "Shinto", "Nichiren", "Soto Zen"], "probs": [[0.007319747406927518, 0.021184314373825664, 0.07054402169330391, 0.9009519164259429], [0.016141500983846247, 0.042532043407525, 0.8678411004057384, 0.07348535510289035], [0.08407942831267258, 0.6931804934330376, 0.08409714579465036, 0.13864293235963948], [0.5415730283294723, 0.1814061538251247, 0.09560317512414297, 0.18141764262125998]], "ideal": "D", "sampled": "D", "correct": true}}
{"type": "result", "data": {"idx": 12, "options": ["Sangat", "Langar", "Gurdwara", "Panth"], "probs": [[0.021900394727831767, 0.9760525731897708, 0.000849371186011712, 0.0011976607963857257], [0.975900770856564, 0.02156103833067815, 0.0016889672421408325, 0.0008492234706169884], [0.021981832394631598, 0.015588764788541267, 0.012722142184081816, 0.9497072605327453], [0.00487610988465875, 0.1277436968741446, 0.8461990936926662, 0.021181099448530458]], "ideal": "B", "sampled": "B", "correct": true}}
{"type": "result", "data": {"idx": 13, "options": ["Buddhism", "Daoism", "Confucianism", "Shamanism"], "probs": [[0.015823745715323415, 0.8916241309810757, 0.026937111557221737, 0.0656150116463791], [0.9175700986620178, 0.05510404985603909, 0.009432779465985608, 0.017893071915957567], [0.014010862568227683, 0.034690560629088776, 0.04184726383627981, 0.9094513128664037], [0.015955649790230737, 0.036529381913149646, 0.8853737974883013, 0.06214117070831834]], "ideal": "B", "sampled": "B", "correct": true}}
{"type": "result", "data": {"idx": 14, "options": ["Worship", "Submission", "Obedience", "Faith"], "probs": [[0.007401319209582462, 0.9847245201628462, 0.0037220441680562515, 0.004152116359515111], [0.9725299977025555, 0.02216827610732704, 0.003453255808373534, 0.001848470281743915], [0.0041547992779631514, 0.004027474436217203, 0.006237106288701605, 0.985580619897118], [0.001268668476680048, 0.00595868205386653, 0.9866247984671597, 0.006147850902293745]], "ideal": "B", "sampled": "B", "correct": true}}
{"type": "result", "data": {"idx": 15, "options": ["Suffering", "Soul", "Impermanence", "No-self"], "probs": [[0.0016551526762364033, 0.6889987102685234, 0.003615401743379798, 0.30573073521186034], [0.04013424162601535, 0.009683147511658018, 0.9425227162719791, 0.0076598944903475], [0.004255686335803711, 0.9783412618403388, 0.001590409167887862, 0.01581264255596967], [0.9795276146491532, 0.01419263744242849, 0.0019511548285831269, 0.004328592979835192]], "ideal": "D", "sampled": "D", "correct": true}}
{"type": "result", "data": {"idx": 16, "options": ["Spiritual narratives", "Redemption narratives", "Birth narratives", "Theological narratives"], "probs": [[0.1531385254491895, 0.05210841689242585, 0.7780971292604776, 0.016655928297907113], [0.01669651011618464, 0.9706797886294584, 0.004093458242757618, 0.008530242911599343], [0.9468788166346167, 0.04428772097568895, 0.006793457306382075, 0.0020400049833122318], [0.10330575516507162, 0.23288947109373567, 0.030545800708585057, 0.6332589729326077]], "ideal": "C", "sampled": "C", "correct": true}}
{"type": "result", "data": {"idx": 17, "options": ["Vajrayana", "Theravada", "Mahayana", "Mahavira"], "probs": [[0.029435511785169535, 0.06532139354783273, 0.8475963504047835, 0.05764674416221418], [0.01178318012215258, 0.9364149208950401, 0.028724333990805564, 0.023077564892001745], [0.7879779267899581, 0.12084162533494194, 0.04310227984728272, 0.04807816792781722], [0.04104762840853833, 0.07673484775932292, 0.1305230421641883, 0.7516944815679504]], "ideal": "C", "sampled": "C", "correct": true}}
{"type": "result", "data": {"idx": 18, "options": ["Svetambara", "Jina", "Agama", "Digambara"], "probs": [[0.30280748909090266, 0.2181872641281828, 0.1303011962730878, 0.3487040504078267], [0.11110990576161901, 0.12794616912475903, 0.262552918933548, 0.498391006080074], [0.10996967225257548, 0.2990160495037025, 0.41525314996699964, 0.17576112817672238], [0.1665034331178332, 0.5998016729306773, 0.09345335721303345, 0.14024153663845598]], "ideal": "D", "sampled": "A", "correct": false}}
{"type": "result", "data": {"idx": 19, "options": ["The Shema", "The Sefirot", "Deuteronomy", "The Decalogue"], "probs": [[0.9396643181645622, 0.03818332460413993, 0.006234187725072366, 0.01591816940622545], [0.009241861030340961, 0.017001004260268866, 0.030783333254786823, 0.9429738013546033], [0.004795131014070965, 0.016221656517500183, 0.9729214380179438, 0.006061774350485028], [0.009928873549580563, 0.9817433168821484, 0.00275772804689637, 0.005570081421374574]], "ideal": "A", "sampled": "A", "correct": true}}
{"type": "result", "data": {"idx": 20, "options": ["Brahminic orthodoxy", "Legalistic asceticism", "Bhakti devotionals", "Unorthodox practices"], "probs": [[0.3231851957956068, 0.36099155657878984, 0.10684336402410653, 0.2089798835014968], [0.09337852218840433, 0.08793003921769457, 0.19800609495750443, 0.6206853435363967], [0.10410260020263312, 0.36976413537723146, 0.24266520726246363, 0.28346805705767175], [0.15780462008661167, 0.742012079135788, 0.06908065594642888, 0.03110264473117139]], "ideal": "A", "sampled": "A", "correct": true}}
{"type": "result", "data": {"idx": 21, "options": ["The Battle of Uhud", "The Battle of Camel", "The Battle of the Trench", "The Battle of Badr"], "probs": [[0.45407466110683603, 0.15695542446344832, 0.07186807106911851, 0.31710184326059715], [0.6419557284521169, 0.14325804900243264, 0.11159332012317255, 0.10319290232227792], [0.27503958956470526, 0.5915566814447217, 0.053344548935574804, 0.08005917995499823], [0.795949190624527, 0.12399461581043043, 0.03443826862967849, 0.04561792483536415]], "ideal": "C", "sampled": "D", "correct": false}}
{"type": "result", "data": {"idx": 22, "options": ["Remembering the Divine Name", "Meditating on the sacred hymns", "Remembering that death is inevitable", "Meditating on the goodness of the created world"], "probs": [[0.9480943628022406, 0.04434287708863205, 0.004899207160525468, 0.0026635528486019084], [0.009553496422390754, 0.017033177818211755, 0.013685651620122008, 0.9597276740392755], [0.006597758087132539, 0.007134164988440987, 0.9794605792965906, 0.0068074975278358315], [0.0055147151766230616, 0.987369271019531, 0.0020939020313645086, 0.0050221116724814075]], "ideal": "A", "sampled": "A", "correct": true}}
{"type": "result", "data": {"idx": 23, "options": ["Confucianism", "Buddhism", "Christianity", "Daoism"], "probs": [[0.16230193301592882, 0.23262371224081577, 0.09694252329437936, 0.5081318313488761], [0.04694627754858245, 0.041456358030417514, 0.07862790936805507, 0.8329694549529449], [0.036671110896791266, 0.04094062858414025, 0.060467123875155085, 0.8619211365439134], [0.09245123450396793, 0.08423179081448909, 0.18108672846240248, 0.6422302461191405]], "ideal": "A", "sampled": "B", "correct": false}}
{"type": "result", "data": {"idx": 24, "options": ["Disciple", "Faithful", "Devotee", "Enlightened"], "probs": [[0.050919950762066735, 0.08663520345171995, 0.06539799369810693, 0.7970468519881064], [0.16500301411583526, 0.13896718412787054, 0.3779150190882211, 0.3181147825680731], [0.0788998374345987, 0.7846652210116624, 0.03189022069932339, 0.10454472075441557], [0.17204097039797808, 0.18033124639027479, 0.06531895000072013, 0.582308833111027]], "ideal": "A", "sampled": "D", "correct": false}}
{"type": "result", "data": {"idx": 25, "options": ["The sages of the Zhuangzi", "The Songs of the South", "The Duke of Zhou", "The Confucian \"sage kings\""], "probs": [[0.27264506977185654, 0.19337816871985175, 0.13086562567441573, 0.40311113573387597], [0.15308749902338006, 0.2263066057084186, 0.2861182135969118, 0.3344876815712895], [0.3136721346562989, 0.3610904324018602, 0.14365332255277938, 0.18158411028906152], [0.26450476047731847, 0.23713688550008238, 0.1309749334919608, 0.3673834204306384]], "ideal": "A", "sampled": "D", "correct": false}}
{"type": "result", "data": {"idx": 26, "options": ["Anointed one", "God", "Prophet", "The line of David"], "probs": [[0.9886119100455412, 0.009248769036331273, 0.0015098429133761065, 0.0006294779047514951], [0.001961445302333575, 0.004352017009477563, 0.008654284633051582, 0.9850322529551373], [0.0008246212904688377, 0.004745364489473255, 0.9932487639564506, 0.0011812501636073026], [0.0032185776672300167, 0.9956807364794746, 0.00029941057048075455, 0.0008012751828146264]], "ideal": "A", "sampled": "A", "correct": true}}
{"type": "result", "data": {"idx": 27, "options": ["Soul", "Sound", "Non-matter", "Non-soul"], "probs": [[0.059401410929952596, 0.07511445525879426, 0.41250508190690743, 0.4529790518043457], [0.034730591135207156, 0.6977701834470397, 0.12125964551889991, 0.1462395797988533], [0.4572385753489621, 0.32428200499221377, 0.09148815682307636, 0.12699126273574776], [0.18334664402558776, 0.45400080080260713, 0.07410807906840249, 0.2885444760034026]], "ideal": "D", "sampled": "C", "correct": false}}
{"type": "result", "data": {"idx": 28, "options": ["A collection of statues", "Veneration of ancestors", "Seated meditation", "Funeral rituals"], "probs": [[0.0010171891653406719, 0.002679991584017742, 0.9844782866220539, 0.011824532528587626], [0.0024830961905424847, 0.9863451922889648, 0.001350225745426261, 0.009821485675066445], [0.9910135303526361, 0.0068897410116237155, 0.0011787520984786026, 0.0009179764372616676], [0.0012766715501493825, 0.0014023691325220115, 0.004318951672916044, 0.9930020075444126]], "ideal": "C", "sampled": "C", "correct": true}}
{"type": "result", "data": {"idx": 29, "options": ["Asceticism", "Bodily pleasure", "Music", "Sexual union"], "probs": [[0.008404652438650654, 0.4379701723810197, 0.016980606779677235, 0.5366445683006523], [0.0020750370290041815, 0.004676648043138703, 0.9636932207419802, 0.029555094085876893], [0.005607179844207953, 0.8454472441438948, 0.006556680440611842, 0.14238889547128541], [0.023711577261877892, 0.011557215947627889, 0.9473826222536889, 0.01734858443680534]], "ideal": "D", "sampled": "D", "correct": true}}
{"type": "result", "data": {"idx": 30, "options": ["Loving and forgiving", "Wrathful and merciful", "Judging and vengeful", "Transcendent and immanent"], "probs": [[0.02034127514415255, 0.037441558922948676, 0.06267690622919116, 0.8795402596037076], [0.02941669430273939, 0.03083451180561983, 0.9013791394013208, 0.038369654390320036], [0.04478040253704758, 0.8194271768661878, 0.05078383812575635, 0.08500858237100824], [0.6788917739592313, 0.06828259490573459, 0.17173804258416175, 0.0810875884508724]], "ideal": "B", "sampled": "D", "correct": false}}
{"type": "result", "data": {"idx": 31, "options": ["Palestine and Babylonia", "Babylonia and Europe", "Palestine and Spain", "Spain and France"], "probs": [[0.7569524846313369, 0.16889992963845696, 0.041397863698447654, 0.03274972193175843], [0.05044174607233844, 0.35024741178766333, 0.030600229920385927, 0.5687106121196123], [0.010769489529668618, 0.020122253103423582, 0.9398309640861737, 0.029277293180734104], [0.004951828423244986, 0.9891751863382074, 0.0012921234015262802, 0.00458086173702125]], "ideal": "A", "sampled": "A", "correct": true}}
{"type": "result", "data": {"idx": 32, "options": ["Buddhism", "Hinduism", "Judaism", "Islam"], "probs": [[0.8322139598546853, 0.1469224133510626, 0.012443338844065921, 0.008420287850186172], [0.08364135708835742, 0.1976639315462341, 0.09048554232940063, 0.6282091689360079], [0.0036847902610764355, 0.029455346358280066, 0.9307806874423062, 0.03607917583833718], [0.008216761817032391, 0.9650476280610465, 0.01634541119708311, 0.010390198824838031]], "ideal": "A", "sampled": "A", "correct": true}}
{"type": "result", "data": {"idx": 33, "options": ["Kali yuga", "Maha yuga", "Krita yuga", "Satya yuga"], "probs": [[0.9462219072368563, 0.03089523945171999, 0.006085355807082667, 0.016797497404341027], [0.13529841499690443, 0.044623817911574624, 0.028812046876558993, 0.791265720114962], [0.03809579635275984, 0.05994143396322013, 0.6248047025351308, 0.27715806704888923], [0.11025054423151959, 0.7897367241267371, 0.034167586735420405, 0.06584514480632292]], "ideal": "A", "sampled": "A", "correct": true}}
{"type": "result", "data": {"idx": 34, "options": ["Hymns", "Laws", "Ethics", "Myths"], "probs": [[0.9577551686725899, 0.03329925847356873, 0.004577383210979072, 0.004368189542862241], [0.008617737995783734, 0.028270041889863092, 0.011965484350780414, 0.9511467356635728], [0.004980192240936422, 0.01038115972281969, 0.9795001196906155, 0.005138528245628402], [0.007674075196661057, 0.9898297785722817, 0.0009608367689855684, 0.0015353093620717035]], "ideal": "A", "sampled": "A", "correct": true}}
{"type": "result", "data": {"idx": 35, "options": ["Pure Land", "Tendai", "Shingon", "Soto Zen"], "probs": [[0.8213378663830493, 0.13833765478035773, 0.01843361156348411, 0.02189086717310884], [0.0021714649611508864, 0.008725650601572219, 0.011378213754151588, 0.9777246705831253], [0.003290981716455518, 0.015458137557569033, 0.9565490378605576, 0.024701842765417887], [0.0036365748379332996, 0.9622637012424397, 0.008456479215723506, 0.02564324460390351]], "ideal": "A", "sampled": "A", "correct": true}}
{"type": "result", "data": {"idx": 36, "options": ["Sita", "Rama", "Kali", "Durga"], "probs": [[0.644547455195545, 0.17897718943008797, 0.05721796611998293, 0.11925738915438407], [0.050371457233882026, 0.06780557624131249, 0.06779368511547836, 0.8140292813093272], [0.046074238699706775, 0.047546190336349735, 0.7324621840384276, 0.17391738682551594], [0.09880705995470951, 0.48652276754373885, 0.13304430344148438, 0.28162586896006725]], "ideal": "A", "sampled": "A", "correct": true}}
{"type": "result", "data": {"idx": 37, "options": ["Rumi", "Rabi'a", "Fatimah", "Khadija"], "probs": [[0.158487332875864, 0.8303753630336054, 0.008141776445552003, 0.00299552754497865], [0.9046943824983491, 0.057824917401108594, 0.009294454982014644, 0.02818624501852761], [0.018095999634110335, 0.014540928157196422, 0.5288832093537139, 0.43847986275497935], [0.009365562749849881, 0.03218240428430497, 0.9406786367019756, 0.01777339616386948]], "ideal": "B", "sampled": "B", "correct": true}}
{"type": "result", "data": {"idx": 38, "options": ["Andal", "Devi", "Ganga", "Kali"], "probs": [[0.9732227708546592, 0.023986811762550457, 0.0015580418434503764, 0.0012323754393398611], [0.03448551414403582, 0.024840163121993046, 0.007816379561946007, 0.9328579430720251], [0.00797608797846212, 0.017422074969518666, 0.9664995361344964, 0.008102300817522824], [0.014419443360680746, 0.9799852670899847, 0.002885174735596985, 0.002710114713737531]], "ideal": "A", "sampled": "A", "correct": true}}
{"type": "result", "data": {"idx": 39, "options": ["Paul of Tarsus", "Clare of Assisi", "Francis of Assisi", "John of the Cross"], "probs": [[0.20636273341901598, 0.6456743297730027, 0.13537340976694795, 0.012589526941033454], [0.577151000979524, 0.3966613713224141, 0.020702719705626167, 0.005484907892435761], [0.9290814593476927, 0.05492945502513529, 0.01133654942163742, 0.004652536105534528], [0.07130854682371025, 0.11219517307642465, 0.13966156749016514, 0.6768347125097]], "ideal": "C", "sampled": "C", "correct": true}}
{"type": "result", "data": {"idx": 40, "options": ["Epistemology", "Morality", "Religion", "Aesthetics"], "probs": [[0.030829338788089182, 0.8737301284490099, 0.039602889832089525, 0.05583764283081135], [0.3163572490577459, 0.46051206322415883, 0.04559144664860863, 0.1775392409694866], [0.15185047118894415, 0.18913628944590694, 0.10279982153043997, 0.5562134177347089], [0.05239886672869409, 0.12778477083839915, 0.4323823056895267, 0.38743405664338004]], "ideal": "B", "sampled": "B", "correct": true}}
{"type": "result", "data": {"idx": 41, "options": ["Greek Orthodox", "Roman Catholic", "Puritans", "Quakers"], "probs": [[0.006607529121986828, 0.023797943942844905, 0.14351588706540022, 0.826078639769768], [0.00462814308748851, 0.036980623757338536, 0.9101590744829106, 0.04823215857226242], [0.012563539883008141, 0.9524305735118033, 0.007986340468566715, 0.027019546036621843], [0.029456911337010484, 0.06957660686148492, 0.1044430557159805, 0.7965234259855241]], "ideal": "D", "sampled": "D", "correct": true}}
{"type": "result", "data": {"idx": 42, "options": ["Peter", "Paul", "Jesus", "Matthew"], "probs": [[0.868619306251889, 0.10537640571901868, 0.018604571231801672, 0.007399716697290625], [0.03337645529884994, 0.04090899143976016, 0.036662261557385355, 0.8890522916040046], [0.013372552318256846, 0.03158976075539654, 0.9234484848644838, 0.03158920196186275], [0.02164593902373805, 0.935092907157944, 0.01910819884222967, 0.024152954876088217]], "ideal": "A", "sampled": "A", "correct": true}}
{"type": "result", "data": {"idx": 43, "options": ["1935", "2000", "1965", "1975"], "probs": [[0.032241552462484266, 0.02433958512610142, 0.8993458425955857, 0.04407301971582858], [0.009123507682286376, 0.1340974390201856, 0.04781314995824406, 0.808965903239284], [0.0061355599602056264, 0.010116366264811041, 0.9694816974800804, 0.014266376194902907], [0.0034943581740967604, 0.9843143931893603, 0.006428964897941084, 0.005762283638601835]], "ideal": "A", "sampled": "A", "correct": true}}
{"type": "result", "data": {"idx": 44, "options": ["Householders who supported renouncers", "Orthodox interpreters of the scriptures", "Women ascetics who lived in communities", "Temple-dwelling renouncers"], "probs": [[0.07388731091475711, 0.07505754380667652, 0.438851237253173, 0.41220390792539335], [0.009112581253324757, 0.9296613567084087, 0.013471153967795036, 0.047754907970471515], [0.3838212916407306, 0.11890987704320599, 0.4419659225859842, 0.05530290863007922], [0.40076920012875994, 0.5227117489248111, 0.022268177731826152, 0.054250873114602756]], "ideal": "D", "sampled": "C", "correct": false}}
{"type": "result", "data": {"idx": 45, "options": ["Thoughtfulness", "Non-action", "Spontaneity", "Meditation"], "probs": [[0.006342410611383516, 0.10237232660004461, 0.8575282774845391, 0.033756985204032725], [0.07697862314241775, 0.90911113360084, 0.005406202697528048, 0.008504040459214227], [0.8715023770886776, 0.03596694548671839, 0.006250454380037043, 0.08628022294456697], [0.0038586484218015716, 0.010822495300897756, 0.5728151125608749, 0.4125037436164258]], "ideal": "C", "sampled": "C", "correct": true}}
{"type": "result", "data": {"idx": 46, "options": ["hand gestures", "saints", "religious clothing", "temples"], "probs": [[0.9851535778565993, 0.012403685514662166, 0.0017318674517065563, 0.0007108690770319746], [0.0020516217918401937, 0.0047716407948711305, 0.009635550516409774, 0.9835411867968789], [0.0011239703645001997, 0.006368413317134921, 0.9907393533603155, 0.0017682628580494104], [0.0020789330261191973, 0.9962558029748491, 0.00044277784489394706, 0.0012224860541378145]], "ideal": "A", "sampled": "A", "correct": true}}
{"type": "result", "data": {"idx": 47, "options": ["Julius Caesar", "Alexander the Great", "Cyrus of Persia", "Antiochus IV Epiphanes"], "probs": [[0.007746270928438668, 0.009948654455872943, 0.028783997518834654, 0.9535210769968537], [0.0016771262531398063, 0.009354903893214335, 0.9848170242906498, 0.004150945462996111], [0.003516545777715602, 0.9906523419686708, 0.0013146058863159771, 0.004516506267297591], [0.9683758520782693, 0.02540737365418531, 0.0031333795904769286, 0.003083394577068537]], "ideal": "D", "sampled": "D", "correct": true}}
{"type": "result", "data": {"idx": 48, "options": ["30", "40", "33", "52"], "probs": [[0.011087974780165434, 0.023843808630193766, 0.9380496949073582, 0.027018521582282545], [0.011820418499201835, 0.9539877121251232, 0.01616390327388655, 0.01802796600178833], [0.09129625830024239, 0.15531413718441098, 0.5773735813926529, 0.17601602302269373], [0.03959293187330165, 0.3999574377743962, 0.0851873286120667, 0.4752623016402355]], "ideal": "A", "sampled": "C", "correct": false}}
{"type": "result", "data": {"idx": 49, "options": ["Serpent", "Eagle", "Cheetah", "Cow"], "probs": [[0.045005730944798976, 0.08154747573553035, 0.07425282094441782, 0.7991939722752528], [0.01284048595094492, 0.0229035985227551, 0.7470041408340716, 0.21725177459222836], [0.047683539838724975, 0.2923482899755645, 0.43235149169950443, 0.22761667838620606], [0.2887519044699389, 0.33245331541034967, 0.16737820455811842, 0.211416575461593]], "ideal": "D", "sampled": "D", "correct": true}}
{"type": "result", "data": {"idx": 50, "options": ["Community", "Scripture", "Worship", "Apprenticeship"], "probs": [[0.008255656692458974, 0.011827530172948797, 0.01027454514501486, 0.9696422678895774], [0.013543980709830638, 0.020978181907411183, 0.9496427481619848, 0.01583508912077339], [0.01313660219823099, 0.9804856920031558, 0.002178514640850657, 0.004199191057762479], [0.6527922639433725, 0.2807852280472562, 0.021993739159545986, 0.04442876874982534]], "ideal": "A", "sampled": "D", "correct": false}}
{"type": "result", "data": {"idx": 51, "options": ["Construction of the Second Temple", "Destruction of the Second Temple", "The Christianization of the Roman Empire", "The emergence of Islam"], "probs": [[0.5059272608703546, 0.45354166284479946, 0.021215714354064562, 0.01931536183078134], [0.968399861847435, 0.020415003305171243, 0.005243619650168741, 0.005941515097225031], [0.020134252462798933, 0.032178988252893316, 0.23775976466661267, 0.709926994517695], [0.019508801025922357, 0.7916792638904356, 0.1534835813279948, 0.035328353655647154]], "ideal": "B", "sampled": "B", "correct": true}}
{"type": "result", "data": {"idx": 52, "options": ["Genshin", "Dogen", "Honen", "Shinran"], "probs": [[0.0319142786238892, 0.10798253782516826, 0.07421559039345611, 0.7858875930574865], [0.015952030819163153, 0.03826941326559168, 0.9130444286855204, 0.032734127129724754], [0.0031779993616275477, 0.9831224789740021, 0.004210785754375369, 0.009488735809995007], [0.8844838090921289, 0.09322062942401609, 0.007773399249607228, 0.014522162134247802]], "ideal": "C", "sampled": "D", "correct": false}}
{"type": "result", "data": {"idx": 53, "options": ["Pakistan", "Iraq", "Indonesia", "Turkey"], "probs": [[0.06801133287834746, 0.0546617654255878, 0.70895980310919, 0.16836709848687464], [0.02671890755324553, 0.6785935885263684, 0.024716932784472307, 0.2699705710359137], [0.08868812288017675, 0.14626773136189397, 0.5522284671776144, 0.21281567848031482], [0.030836566368744198, 0.32648006077854935, 0.022921610850707323, 0.6197617619019992]], "ideal": "C", "sampled": "C", "correct": true}}
{"type": "result", "data": {"idx": 54, "options": ["Gregory", "Augustine", "Athanasius", "Francis"], "probs": [[0.17565409263388113, 0.12653366389898466, 0.09403384966384505, 0.6037783937032891], [0.025980784180843042, 0.039623636713353096, 0.1748235388319775, 0.7595720401738264], [0.020382466668191535, 0.03360913530803864, 0.685749497513654, 0.2602589004101158], [0.0284732697218732, 0.769680693103904, 0.07620693884413328, 0.1256390982300896]], "ideal": "A", "sampled": "A", "correct": true}}
{"type": "result", "data": {"idx": 55, "options": ["Enlightened being", "Worthy ones", "Saintly ones", "Sages"], "probs": [[0.9737628940869221, 0.023261391644566996, 0.0014413388621184874, 0.0015343753063924682], [0.010918199435333068, 0.014021152816050481, 0.022055205647354123, 0.9530054420012624], [0.007981061345219484, 0.009043948180089266, 0.9668522294344265, 0.01612276094026476], [0.0038654229704844266, 0.9913338565986265, 0.0017424750160816953, 0.0030582453148074265]], "ideal": "A", "sampled": "A", "correct": true}}
{"type": "result", "data": {"idx": 56, "options": ["Guru Ram Das", "Guru Tegh Bahadur", "Guru Gobind Singh", "Guru Har Rai"], "probs": [[0.1590385174377335, 0.55518020434744, 0.21408224582205246, 0.07169903229277409], [0.888367470610941, 0.08134630637219958, 0.020569099930548482, 0.009717122986310953], [0.2723856649241355, 0.13275690771077422, 0.08571560935461507, 0.5091418179104752], [0.10616478085578038, 0.06963788561635971, 0.5309974431982691, 0.29319989022959075]], "ideal": "B", "sampled": "B", "correct": true}}
{"type": "result", "data": {"idx": 57, "options": ["Guru Nanak", "Guru Arjan", "Guru Hargobind", "Guru Ram Das"], "probs": [[0.008525317583954287, 0.03425448778464814, 0.9407840589731499, 0.016436135558247692], [0.007741912807496217, 0.9829532602515461, 0.006223854293755836, 0.0030809725472018333], [0.9265124974206081, 0.06304792095338944, 0.008534660343083117, 0.0019049211829193138], [0.020107450775637976, 0.05056372765731254, 0.060033746651992306, 0.8692950748150572]], "ideal": "C", "sampled": "C", "correct": true}}
{"type": "result", "data": {"idx": 58, "options": ["In the community", "In faith in God", "In ascetic renunciation", "In the life of the householder"], "probs": [[0.013811340675132866, 0.9386969849106839, 0.009348324881914782, 0.03814334943226853], [0.07059697201242511, 0.03779964942333619, 0.6807858359949703, 0.21081754246926843], [0.03811370996131756, 0.10693711905904407, 0.16823743470086236, 0.686711736178776], [0.025266083943157085, 0.02195803534228332, 0.8773318871424873, 0.07544399347207228]], "ideal": "D", "sampled": "B", "correct": false}}
{"type": "result", "data": {"idx": 59, "options": ["God is eternal and merciful to those who offer worship", "Humans can align themselves with life energy through worship of kami", "Justice will be the final outcome in the next world", "Power and force are the most divine attributes"], "probs": [[0.006755615885011206, 0.9872730897906238, 0.0019363154291925325, 0.004034978795172449], [0.9733992553420873, 0.01649042089318384, 0.004043093090094925, 0.006067230574633989], [0.0028579794346697226, 0.004224935616920881, 0.06607068440148424, 0.9268464004469251], [0.00903864072403171, 0.03988939761057343, 0.9368507823514347, 0.014221179213960173]], "ideal": "A", "sampled": "B", "correct": false}}
{"type": "result", "data": {"idx": 60, "options": ["Durga", "Sri Lakshmi", "Kali", "Mahavira"], "probs": [[0.008957675145679347, 0.9882947668595827, 0.0007475078804685988, 0.0020000500142693172], [0.9912354392948889, 0.007335197212225362, 0.0008361697000283962, 0.0005931936928573776], [0.013677945718666302, 0.0076759244254014656, 0.017291860615558687, 0.9613542691403736], [0.0016588837440664663, 0.011160464993679583, 0.974333088940695, 0.012847562221558907]], "ideal": "B", "sampled": "B", "correct": true}}
{"type": "result", "data": {"idx": 61, "options": ["China", "Silla", "Goguryeo", "Joseon"], "probs": [[0.16159989946657005, 0.2426096873455122, 0.14947826713383697, 0.4463121459540808], [0.17077347162288195, 0.1905292087918254, 0.21592482719198258, 0.42277249229331004], [0.1318117529022012, 0.18302281199055545, 0.1470762789102344, 0.5380891560970089], [0.1906103676003123, 0.19667092281574713, 0.4364175833970445, 0.17630112608689605]], "ideal": "B", "sampled": "B", "correct": true}}
{"type": "result", "data": {"idx": 62, "options": ["Madhva", "Patanjali", "Ramanuja", "Aryabhatta"], "probs": [[0.0059744063313708195, 0.9893248602553952, 0.002130857652727831, 0.0025698756605061295], [0.9894573668511603, 0.00925603693343286, 0.0009912899675304308, 0.00029530614787640313], [0.00808565316488579, 0.007248618524805202, 0.020012366044658683, 0.9646533621656503], [0.004069817074452624, 0.010722431180769073, 0.9805959560163338, 0.004611795628444553]], "ideal": "B", "sampled": "B", "correct": true}}
{"type": "result", "data": {"idx": 63, "options": ["It was visited by Moses.", "It is a haram.", "It was built by Abraham.", "It is a square building."], "probs": [[0.10224845030816118, 0.2003448113521679, 0.07966403484298783, 0.6177427033966831], [0.13265456060253397, 0.1390702107548193, 0.38404228707224797, 0.34423294147039873], [0.054061772850491345, 0.22070589155907247, 0.30640365059904323, 0.4188286848913929], [0.1354816555841386, 0.16871353982191953, 0.27815127369960185, 0.41765353079434]], "ideal": "A", "sampled": "D", "correct": false}}
{"type": "result", "data": {"idx": 64, "options": ["Parvati", "Ganesha", "Vishnu", "Sita"], "probs": [[0.020475208369760686, 0.9564376613475934, 0.009230739353021246, 0.013856390829624667], [0.9659410999761082, 0.027833859325141083, 0.004010135891746012, 0.0022149047070046893], [0.012585984916798871, 0.019200509984376543, 0.04258129872198163, 0.925632206276843], [0.009632960764948557, 0.0169098638024371, 0.9527406836620528, 0.02071649167056155]], "ideal": "B", "sampled": "B", "correct": true}}
{"type": "result", "data": {"idx": 65, "options": ["Sri Lakshmi", "Mahavira", "Rsabha", "Nanak"], "probs": [[0.009459418133591838, 0.9806875471361961, 0.004201024721410227, 0.005652009908801873], [0.9274007685741613, 0.0523229167300321, 0.012247381742049314, 0.008028932853757248], [0.03430071069532357, 0.036567874167893165, 0.013234371705592371, 0.9158970433311909], [0.010146630231827748, 0.016484156633106938, 0.9440003256300901, 0.029368887404975223]], "ideal": "C", "sampled": "B", "correct": false}}
{"type": "result", "data": {"idx": 66, "options": ["Ban Zhao", "Laozi", "Menicus", "Liu Xiang"], "probs": [[0.9442915527445662, 0.05084676458586648, 0.0032015592869254123, 0.0016601232826419228], [0.0164162229536345, 0.02209860355844442, 0.02174879136516263, 0.9397363820227584], [0.004601750312391785, 0.011391031034864836, 0.9784563928382246, 0.005550825714518805], [0.009965260573371135, 0.9855833980215063, 0.00145879724349931, 0.0029925440616232085]], "ideal": "A", "sampled": "A", "correct": true}}
{"type": "result", "data": {"idx": 67, "options": ["36,000", "12,000", "24,000", "7,000"], "probs": [[0.09794071607625728, 0.529617861742996, 0.11823669427156322, 0.2542047278091835], [0.10637984820061501, 0.11869024181260299, 0.6126940478030354, 0.16223586208374663], [0.09692174940332128, 0.5846692323100023, 0.1032661273972242, 0.2151428907894522], [0.1013035990099365, 0.09975396021386358, 0.5481305080988452, 0.2508119325773547]], "ideal": "A", "sampled": "D", "correct": false}}
{"type": "result", "data": {"idx": 68, "options": ["Ultimate Reality", "The gurus", "The community", "Sikh worship"], "probs": [[0.8869636023587435, 0.058498915258464367, 0.016763948964093358, 0.037773533318698746], [0.020116536581704623, 0.016424488794681665, 0.05218588353015168, 0.911273090993462], [0.011365691886795303, 0.013926902696260518, 0.9616252765081723, 0.013082128808771902], [0.024732031320299476, 0.9578787365642047, 0.00828814395828934, 0.009101088057206393]], "ideal": "A", "sampled": "A", "correct": true}}
{"type": "result", "data": {"idx": 69, "options": ["Sansar", "Hukam", "Mantar", "Karam"], "probs": [[0.06934406530151652, 0.7578444395442435, 0.056640106545981984, 0.11617138850825795], [0.6049349049396253, 0.24066169412234872, 0.05716442263100983, 0.09723897820701612], [0.03299707992783457, 0.051953939014408757, 0.035685543764961275, 0.8793634371927954], [0.021358058053336362, 0.025373189012526966, 0.8674573382189784, 0.08581141461515819]], "ideal": "B", "sampled": "B", "correct": true}}
{"type": "result", "data": {"idx": 70, "options": ["30", "29", "27", "47"], "probs": [[0.04654184130469976, 0.3836725168003073, 0.4021578533990404, 0.16762778839595252], [0.07458736057271262, 0.6245769904270325, 0.07460314835311355, 0.22623250054714128], [0.0776010935348646, 0.24280006776408553, 0.33713750554844774, 0.3424613330526021], [0.028317607181425133, 0.1555094034547892, 0.3731000270975193, 0.44307296216626635]], "ideal": "C", "sampled": "C", "correct": true}}
{"type": "result", "data": {"idx": 71, "options": ["Zen Buddhism", "Chan Buddhism", "Humanistic Buddhism", "Pure Land Buddhism"], "probs": [[0.022202206980100017, 0.026369400565384525, 0.5054260538890872, 0.4460023384654282], [0.004664491225671542, 0.9463683965163635, 0.01051297198399275, 0.03845414017397217], [0.02273185525534388, 0.614517860635931, 0.04888975192613292, 0.31386053208259224], [0.018861728174229684, 0.023477936187137324, 0.034156651354556665, 0.9235036841840764]], "ideal": "C", "sampled": "C", "correct": true}}
{"type": "result", "data": {"idx": 72, "options": ["They worshipped exclusively outside of the temple", "They believed that nakedness was an elemental expression of non-attachment", "They included women within the ranks of the leadership", "They believed that the omniscient Jina must eat and sleep"], "probs": [[0.09540553213628937, 0.15492550460491078, 0.09694716166165539, 0.6527218014971444], [0.49123198468779505, 0.1281576400984548, 0.20813310204846788, 0.17247727306528227], [0.02423921463141223, 0.06694200771445066, 0.053787329399535316, 0.8550314481546017], [0.10651175090368037, 0.1016602307703793, 0.6528728104903021, 0.13895520773563824]], "ideal": "B", "sampled": "B", "correct": true}}
{"type": "result", "data": {"idx": 73, "options": ["Namokar Mantra", "The Liberation Mantra", "Ahimsa", "Archaryas"], "probs": [[0.9821532716121928, 0.014232316557908548, 0.0031272327702420197, 0.0004871789596566586], [0.007032916824149106, 0.011419265263227694, 0.015123713709049122, 0.966424104103574], [0.003316695331677334, 0.01122088463752742, 0.9641709233600223, 0.02129149657077294], [0.00934752305457657, 0.9840669097122169, 0.0030366378582918907, 0.003548929274914606]], "ideal": "A", "sampled": "A", "correct": true}}
{"type": "result", "data": {"idx": 74, "options": ["Second century CE", "Fifth century CE", "Fifth century BCE", "Eighteenth century CE"], "probs": [[0.07264566204281388, 0.12552885335832661, 0.7813350920690054, 0.020490392429854072], [0.036302261137573066, 0.9511856838539737, 0.00388835620879629, 0.008623698699656936], [0.1111020458141346, 0.048539923119841344, 0.8085261184607982, 0.03183191250522586], [0.007985307573952544, 0.8947230880974063, 0.07344979552679747, 0.023841808701843676]], "ideal": "B", "sampled": "C", "correct": false}}
{"type": "result", "data": {"idx": 75, "options": ["7", "42", "24", "13"], "probs": [[0.12941633163588495, 0.18540196118884963, 0.37462592121192706, 0.3105557858633383], [0.1021818199299371, 0.36230354406879883, 0.3051840225770477, 0.23033061332421637], [0.08109494126821686, 0.7694895215319286, 0.09786015695600236, 0.051555380143852136], [0.08441588423254139, 0.8010825052237786, 0.028732276069089645, 0.0857693343745904]], "ideal": "C", "sampled": "D", "correct": false}}
