{"type": "result", "data": {"idx": 0, "options": ["Bargaining", "Satisficing", "Accepting", "Compromising"], "probs": [[0.0024074023195377143, 0.9938860623081719, 0.00169380178097056, 0.0020127334913198807], [0.47294954466740713, 0.1558171492858988, 0.3682152342833037, 0.0030180716633903073], [0.002640051545814398, 0.04430487771117218, 0.005375308473553085, 0.9476797621694604], [0.0018270153120963212, 0.012380987429041602, 0.9839368481051329, 0.001855149053729136]], "ideal": "B", "sampled": "B", "correct": true}}
{"type": "result", "data": {"idx": 1, "options": ["Framing bias", "Hindsight bias", "Over-confidence bias", "Heuristics"], "probs": [[0.4857263528388317, 0.23302757564071402, 0.07219766770924115, 0.20904840371121314], [0.013001032075468235, 0.13126006623341285, 0.8298780259414281, 0.025860875649690817], [0.001864265449871741, 0.9963684254081269, 0.0016972055020444046, 7.010353995700755e-05], [0.821192553380197, 0.17764438489738052, 0.0010899971117155189, 7.306451070689484e-05]], "ideal": "D", "sampled": "D", "correct": true}}
{"type": "result", "data": {"idx": 2, "options": ["The way things are.", "The way things are going to be.", "The way things should be.", "The way things were."], "probs": [[0.0006240053458075146, 0.0027515763027365766, 0.9959657388341902, 0.000658679417265777], [0.0006982043482469635, 0.999042386387457, 0.0002080312788705272, 5.137788542552217e-05], [0.8540323717326513, 0.04117892931946805, 0.10360186982305347, 0.0011868290248271418], [0.0018211240150574097, 0.010815330900831784, 0.013669805752644208, 0.9736937392314666]], "ideal": "C", "sampled": "C", "correct": true}}
{"type": "result", "data": {"idx": 3, "options": ["The potential for entry into the industry", "The threat of substitute products", "The power of customers", "The level of rivalry"], "probs": [[0.004248582484565322, 0.011746935721673181, 0.004669475068622119, 0.9793350066251394], [0.003519158636189055, 0.009485643515105424, 0.9842543766003989, 0.002740821148306585], [0.0012813695212818628, 0.9972470433400772, 0.001321865869252067, 0.0001497211693888748], [0.9715166644581592, 0.025503290703254685, 0.0024290103356849413, 0.0005510344029011758]], "ideal": "D", "sampled": "D", "correct": true}}
{"type": "result", "data": {"idx": 4, "options": ["Margaret Thatcher", "Mikhail Gorbachov", "Nelson Mandela", "Bill Clinton"], "probs": [[0.013292428154258476, 0.03526365769772625, 0.30752968899635413, 0.6439142250516612], [0.005075374513604852, 0.01637313817701025, 0.5264717118987409, 0.452079775310644], [0.006019732863806225, 0.030509577805304767, 0.3699863521665296, 0.5934843370643594], [0.004275739335890405, 0.02183875142023911, 0.7668329137597669, 0.20705259538410356]], "ideal": "D", "sampled": "B", "correct": false}}
{"type": "result", "data": {"idx": 5, "options": ["Work flow design", "Work schedule design", "Work rate design", "Work output design"], "probs": [[0.06739313440829586, 0.9304924568699936, 0.0015616348345184451, 0.0005527737871921278], [0.7122646431157194, 0.25394971807977457, 0.010493019337664968, 0.02329261936684112], [0.1221997129728093, 0.7485825484873242, 0.030916111215069847, 0.09830162722479671], [0.16270474722355388, 0.8008438764080885, 0.034656088017114166, 0.0017952882512434416]], "ideal": "B", "sampled": "B", "correct": true}}
{"type": "result", "data": {"idx": 6, "options": ["Workers enjoy responsibility.", "Workers view physical and mental effort as a natural part of work.", "Workers like to show initiative.", "Workers like to be directed."], "probs": [[0.09938461998945222, 0.24220685792424437, 0.008290544707355116, 0.6501179772789483], [0.3478603706068303, 0.26222867112890336, 0.35899305808111676, 0.030917900083149614], [0.037351979981999225, 0.9481676607923496, 0.0009429059365592292, 0.013537453189091931], [0.941142346617068, 0.029311098973921694, 0.0036156755977423656, 0.025930878711267917]], "ideal": "D", "sampled": "D", "correct": true}}
{"type": "result", "data": {"idx": 7, "options": ["Referent", "Expert", "Reward", "Legitimate"], "probs": [[0.04604239230182741, 0.03424106047433257, 0.00825915922739011, 0.9114573878964499], [0.0007535090166359734, 0.0054803361670821196, 0.9663661968276789, 0.027399957888603003], [0.002225562202374601, 0.03881931998986875, 0.9558414691273, 0.0031136485804567062], [0.14931470922964338, 0.8457964845313604, 0.003920651316824589, 0.0009681548221716785]], "ideal": "D", "sampled": "D", "correct": true}}
{"type": "result", "data": {"idx": 8, "options": ["Henry Fayol", "Max Weber", "Adam Smith", "Mary Parker Follett"], "probs": [[0.5491274336447031, 0.4479567793478106, 0.0021930496571730034, 0.0007227372503133169], [0.029581996504481466, 0.019411510396991873, 0.015836770155842086, 0.9351697228426845], [0.0006850971542945323, 0.017649195322224264, 0.9792587928095078, 0.0024069146139733774], [0.0036384155998744456, 0.9929991371289086, 0.00311095989522602, 0.00025148727599083365]], "ideal": "B", "sampled": "A", "correct": false}}
{"type": "result", "data": {"idx": 9, "options": ["Frederick Taylor", "Seebohm Rowntree", "Henry Ford", "Max Weber"], "probs": [[0.028974600457198994, 0.8866061070413093, 0.06629204078427184, 0.018127251617219876], [0.46989040152928574, 0.4271244819975309, 0.052681399018698255, 0.0503037173544851], [0.3125369045581879, 0.204681894302222, 0.1499146714631212, 0.3328665295764689], [0.011506154597264022, 0.049153452565334675, 0.899822564047591, 0.039517828689810325]], "ideal": "B", "sampled": "B", "correct": true}}
{"type": "result", "data": {"idx": 10, "options": ["John Kenneth Galbraith", "John Maynard Keynes", "Milton Friedman", "Alfred Marshall"], "probs": [[0.005647054288848239, 0.02414725856305462, 0.9495643177375609, 0.020641369310536273], [0.03254127465748285, 0.9216539755847216, 0.0200512667719571, 0.025753482885838435], [0.6246097110504023, 0.27280998328882006, 0.051281348056736495, 0.05129895750404116], [0.032614944418092776, 0.18198326633640624, 0.1790735167638092, 0.6063282723816917]], "ideal": "C", "sampled": "C", "correct": true}}
{"type": "result", "data": {"idx": 11, "options": ["Mary Parker Follett", "Elton Mayo", "Lillian Gilbreth", "Frederick Taylor"], "probs": [[0.0012249895285598455, 0.9978667427662877, 0.0006869899177248419, 0.00022127768742753672], [0.9746192850162315, 0.02291889711752415, 0.002099867943855108, 0.00036194982238924424], [0.004131706538837538, 0.029594662436724498, 0.016088784158936175, 0.9501848467655017], [0.0007434762584266491, 0.019004219936414758, 0.9755949868028324, 0.004657316902326138]], "ideal": "B", "sampled": "B", "correct": true}}
{"type": "result", "data": {"idx": 12, "options": ["Strategic", "Operational", "Functional", "Developmental"], "probs": [[0.008114107615387006, 0.005758224795539617, 0.0027193086251360923, 0.9834083588639373], [0.003396934595203117, 0.00783480556624302, 0.9797516385029803, 0.00901662123557355], [0.04941925543761963, 0.8897174173303685, 0.05427836740945947, 0.006584959722552448], [0.9241214041766946, 0.07239495875293808, 0.0012461682749198484, 0.0022374686954474404]], "ideal": "A", "sampled": "D", "correct": false}}
{"type": "result", "data": {"idx": 13, "options": ["Guiding, mentoring and motivating", "Guiding, commanding and motivating", "Guiding, demonstrating and motivating", "Guiding, mentoring and demonstrating"], "probs": [[0.6551097700618584, 0.30458459788642256, 0.036972329772232734, 0.0033333021794862824], [0.4465309822534891, 0.5139153168302935, 0.007688509080957636, 0.03186519173525983], [0.47085692184685, 0.08572308281109849, 0.44253198897244717, 0.0008880062696043335], [0.2549374499847465, 0.7375979707866133, 0.004254237447021584, 0.003210341681618683]], "ideal": "A", "sampled": "A", "correct": true}}
{"type": "result", "data": {"idx": 14, "options": ["Incomplete information", "An agreed goal", "A structured problem", "High level of certainty regarding the environment"], "probs": [[0.23762405550702906, 0.10382659915481249, 0.11394654486946146, 0.544602800368697], [0.006384600913195211, 0.02000189062926299, 0.13652557688831424, 0.8370879314692276], [0.0010973339488878821, 0.011970773144366653, 0.9662583313020974, 0.020673561504648125], [0.023536889537777224, 0.8563298821430176, 0.03267682062163574, 0.08745640759756944]], "ideal": "A", "sampled": "A", "correct": true}}
{"type": "result", "data": {"idx": 15, "options": ["Making people's strengths effective and their weaknesses irrelevant.", "Enhancing the ability of people to contribute.", "To operate the organisation's status system.", "Integrating people in a common venture by thinking through, setting and exemplifying the organisational objectives, values and goals."], "probs": [[0.001439330818868311, 0.008807854216133965, 0.9730082618853296, 0.016744552979668113], [0.003965646558416082, 0.8782029890215546, 0.011194100784784933, 0.10663726353524441], [0.6306667993779148, 0.05340233131786244, 0.2111725830579144, 0.10475828614630839], [0.0008871772735034919, 0.01208046332464462, 0.02713988268331112, 0.9598924766185408]], "ideal": "C", "sampled": "C", "correct": true}}
{"type": "result", "data": {"idx": 16, "options": ["A theoretical assumption", "An illustration", "A theoretical model", "An example serving as a model"], "probs": [[0.27897789863703937, 0.13802640035838665, 0.5637013273591757, 0.01929437354539828], [0.005452013450339701, 0.9920500635669277, 0.0021351554914929485, 0.00036276739123962615], [0.35327043385569296, 0.25432756007678964, 0.3879873074857758, 0.004414698481741603], [0.007101192760461438, 0.9911626848623294, 0.0011149811137078245, 0.0006211411635013262]], "ideal": "D", "sampled": "C", "correct": false}}
{"type": "result", "data": {"idx": 17, "options": ["Conceptual skills", "Analytical skills", "IT and computing skills", "Communication skills"], "probs": [[0.008910670560260995, 0.014246394352156036, 0.707886134296952, 0.268956800690631], [0.14575626931972888, 0.13285776372206723, 0.08698847727275458, 0.6343974895854493], [0.5731207834564869, 0.06742113208508431, 0.056718488343320474, 0.3027395960151083], [0.19012880252587597, 0.05202356333501614, 0.10332146247440957, 0.6545261715646983]], "ideal": "C", "sampled": "C", "correct": true}}
{"type": "result", "data": {"idx": 18, "options": ["Co-ordinator", "Shaper", "Resource investigator", "Implementer"], "probs": [[0.014349337407730726, 0.8885645725041108, 0.05420457494442599, 0.04288151504373252], [0.11546713499763857, 0.7189380170820031, 0.11741376315642918, 0.048181084663929084], [0.029746801357195065, 0.22709741297878722, 0.0100622545707085, 0.7330935309933092], [0.11577678729427182, 0.15105539896442566, 0.6671497970260312, 0.06601801661527135]], "ideal": "C", "sampled": "B", "correct": false}}
{"type": "result", "data": {"idx": 19, "options": ["Contingency planning", "Scenario planning", "Financial planning", "Building planning"], "probs": [[0.0023559098194247097, 0.004583910404186086, 0.03330270823181344, 0.9597574714445758], [0.0634490143880643, 0.03849333323560669, 0.8374427715440141, 0.06061488073231485], [0.11677846893212673, 0.17291546727755186, 0.0044272940013416594, 0.7058787696889798], [0.0071716598231654485, 0.003936885907029438, 0.032162864177326334, 0.9567285899924788]], "ideal": "D", "sampled": "D", "correct": true}}
{"type": "result", "data": {"idx": 20, "options": ["Opportunistic organisation", "Enterprising organisation", "International organisation", "Agile organisation"], "probs": [[0.0009829946347478197, 0.0005563527558814821, 0.0008278366501047785, 0.9976328158592659], [0.00032216811383803243, 0.00090278045640408, 0.998149702208416, 0.000625349121341803], [0.001499436281965998, 0.9973257638521804, 0.001071066062347098, 0.00010373370350651932], [0.9532525661712932, 0.045299607948834024, 0.0013463266509952513, 0.00010149912887756706]], "ideal": "D", "sampled": "D", "correct": true}}
{"type": "result", "data": {"idx": 21, "options": ["Micro-managing the workforce", "Managing communications", "Managing change", "Managing the learning organisation"], "probs": [[0.713181434662137, 0.030819928213070034, 0.01727194708176101, 0.2387266899430319], [0.0015274125926114988, 0.0018337704378896152, 0.00315616355304727, 0.9934826533164516], [0.0006697571536936697, 0.004605815860173692, 0.9800926094057417, 0.014631817480390927], [0.007161189355621712, 0.8676784061918678, 0.004140109300590853, 0.12102029505191969]], "ideal": "A", "sampled": "A", "correct": true}}
{"type": "result", "data": {"idx": 22, "options": ["How people view and understand the world.", "How people view and understand themselves.", "How people view and understand others.", "How people view and understand themselves and others."], "probs": [[0.022631600159652855, 0.41397070263700464, 0.5154306811259735, 0.04796701597736899], [0.5331772955282523, 0.15271372501364247, 0.31360687590357045, 0.0005021034545347035], [0.9024623110428783, 0.09667778200991155, 0.0007982396175371793, 6.166722967290346e-05], [0.9913811828066663, 0.006686664220180833, 0.001841705662850147, 9.044721030269122e-05]], "ideal": "D", "sampled": "C", "correct": false}}
{"type": "result", "data": {"idx": 23, "options": ["Job design", "Job enrichment", "Job rate", "Job planning"], "probs": [[0.44042573953894953, 0.5481186705117254, 0.00554726665185218, 0.005908323197472879], [0.008232061880697628, 0.026169876048413965, 0.471191473267657, 0.4944065887032314], [0.0027863473671935475, 0.021071715060747828, 0.9396975899964163, 0.036444347475642326], [0.02516872903519243, 0.8463670305091884, 0.12782883181507443, 0.0006354085405447451]], "ideal": "B", "sampled": "A", "correct": false}}
{"type": "result", "data": {"idx": 24, "options": ["Peer recognition", "Promotion", "Greater freedom", "Economic reward"], "probs": [[0.0010843825006290606, 0.002389571542424344, 0.0013087961700592367, 0.9952172496868874], [0.0011104244127838221, 0.0020565202328386516, 0.9938628902021276, 0.002970165052249949], [0.00040744019745947825, 0.9993532121773714, 0.00015586769510741357, 8.347983006167111e-05], [0.9859633042687622, 0.011661717896444372, 0.0010031241887093418, 0.0013718535460840022]], "ideal": "D", "sampled": "D", "correct": true}}
{"type": "result", "data": {"idx": 25, "options": ["Product safety", "Consumer rights", "Environmental policies", "Price-fixing"], "probs": [[0.0029038283479996944, 0.006756790722607693, 0.00219162206285454, 0.988147758766538], [0.01143810408243946, 0.02532829270806927, 0.8800876430197252, 0.0831459600897661], [0.004265170934729484, 0.9651627827847891, 0.0014180613349653042, 0.029153984845516154], [0.9051968062400387, 0.05264978999843033, 0.007014906195042321, 0.03513849746648865]], "ideal": "D", "sampled": "D", "correct": true}}
{"type": "result", "data": {"idx": 26, "options": ["John Stuart Mill", "Thomas Hobbes", "Karl Marx", "Adam Smith"], "probs": [[0.869504984867403, 0.08213361321263622, 0.02883907955283961, 0.019522322267121184], [0.010028232074797031, 0.04356772533308385, 0.7966366557843936, 0.14976738670772555], [0.016355335002505016, 0.36639092762347397, 0.6137705178873314, 0.0034832193866896357], [0.025375373686948078, 0.9671212558316594, 0.005403384037027638, 0.002099986344364866]], "ideal": "A", "sampled": "A", "correct": true}}
{"type": "result", "data": {"idx": 27, "options": ["Work specialisation", "Work design", "Work schedule", "Work shift"], "probs": [[0.10073220816656511, 0.8978795554660821, 0.0011283700354927633, 0.00025986623185998383], [0.8744705770530007, 0.09656672677871264, 0.005988255917751434, 0.02297444015053526], [0.006299380605464903, 0.028694610967727262, 0.013546183617915764, 0.951459824708892], [0.0023570645935190124, 0.049158875437620805, 0.9433785661439366, 0.00510549372492357]], "ideal": "A", "sampled": "B", "correct": false}}
{"type": "result", "data": {"idx": 28, "options": ["Dependent", "Independent", "Interdependent", "Collaborative"], "probs": [[0.00334915732687001, 0.03150868610510721, 0.9504818379821177, 0.014660318485905035], [0.0034532292327140715, 0.957193116630346, 0.036534702070186574, 0.0028189519667533745], [0.0437433680708796, 0.4625423532912186, 0.4626967889252409, 0.031017489612660896], [0.008526106435637431, 0.2198836970658446, 0.015197115144824849, 0.7563930812536931]], "ideal": "B", "sampled": "C", "correct": false}}
{"type": "result", "data": {"idx": 29, "options": ["Matrix", "Divisional", "Multi-divisional", "Functional"], "probs": [[0.025988735230721656, 0.8472107628608048, 0.060426845476234115, 0.0663736563322395], [0.033296294196939, 0.14460944993270392, 0.8194864315140471, 0.0026078242563100013], [0.008972058954117804, 0.9895655292884272, 0.0011145204702082325, 0.0003478911872466845], [0.177841599354377, 0.5477153386186003, 0.2669875183375923, 0.0074555435894303815]], "ideal": "D", "sampled": "D", "correct": true}}
{"type": "result", "data": {"idx": 30, "options": ["Procurement", "Inbound logistics", "Outbound logistics", "Service"], "probs": [[0.00357025965401364, 0.0024207701507449274, 0.002868580296606563, 0.9911403897986348], [0.0021264890291139075, 0.004205006098935496, 0.04303094294577272, 0.9506375618261779], [0.05820229518869472, 0.2453365568868628, 0.060041329406724506, 0.636419818417718], [0.35487215445865683, 0.1704786949293568, 0.018230047957976402, 0.45641910255400997]], "ideal": "A", "sampled": "D", "correct": false}}
{"type": "result", "data": {"idx": 31, "options": ["Indoctrination", "Brainwashing", "Propaganda", "Socialisation"], "probs": [[0.015554657338954208, 0.059614089052029036, 0.63118478396634, 0.2936464695426767], [0.0024620696069009317, 0.017228019212755394, 0.053885607439155145, 0.9264243036411886], [0.0053678146654733685, 0.991375703624184, 0.002699292083470485, 0.0005571895268721337], [0.13599131016531069, 0.25404850592339595, 0.10427996158599992, 0.5056802222252934]], "ideal": "D", "sampled": "D", "correct": true}}
{"type": "result", "data": {"idx": 32, "options": ["Two equal partners decide to work together.", "Two equal partners share resources.", "Two unequal partners join together.", "Two unequal partners become one after a buyout."], "probs": [[0.0012547921077186235, 0.006944733578155704, 0.8959230655044748, 0.09587740870965092], [0.0029371332763415228, 0.7770171986877508, 0.21242689212367982, 0.007618775812227916], [0.04355235041710478, 0.8752786106735135, 0.055946776051896865, 0.025222262757484806], [0.004244689922122697, 0.01052431040088763, 0.007690902501261239, 0.9775400970757284]], "ideal": "D", "sampled": "C", "correct": false}}
{"type": "result", "data": {"idx": 33, "options": ["Barack Obama", "James Dyson", "Damien Hirst", "Mo Farah"], "probs": [[0.004785825074494578, 0.9787938919938012, 0.008466195496546456, 0.007954087335157803], [0.6336144816076921, 0.3185872144813417, 0.010904019812069116, 0.036894283998897076], [0.0027050294085991388, 0.00670162020603412, 0.011568595500574768, 0.979024754784792], [0.0007726140493396974, 0.003055735099247051, 0.990551523462857, 0.005620127288556215]], "ideal": "B", "sampled": "B", "correct": true}}
{"type": "result", "data": {"idx": 34, "options": ["Team members can be recruited for their specific skills or experience.", "No overhead costs associated with physical buildings.", "Conflict can be resolved easily using face-to-face meetings.", "Low transport or commuting costs."], "probs": [[0.0017553650484300797, 0.006073970793605001, 0.9759230582057226, 0.016247605852242334], [0.00468035158037742, 0.979958462391624, 0.0018198183685868546, 0.013541367559411675], [0.9256999486228918, 0.05221456621875175, 0.006641883360460255, 0.015443601697896115], [0.0017941235942202849, 0.002101803611897332, 0.012170718166011637, 0.9839333545278708]], "ideal": "C", "sampled": "C", "correct": true}}
{"type": "result", "data": {"idx": 35, "options": ["Telephone", "Face-to-face", "E-mail", "Video conference"], "probs": [[0.07767515520292646, 0.8095765776520699, 0.09371271751509683, 0.019035549529906763], [0.7980420722431207, 0.11321154425447043, 0.03000419823159826, 0.05874218517081061], [0.00129024289790784, 0.0010216229222517743, 0.0017510160264589537, 0.9959371180533815], [0.005776221284384166, 0.004978483380336408, 0.9794995785244269, 0.009745716710852465]], "ideal": "B", "sampled": "B", "correct": true}}
{"type": "result", "data": {"idx": 36, "options": ["Bring together managers and workers to find improvements.", "Bring together managers and workers to discuss output.", "Bring together managers and workers to review quality of work.", "Bring together managers and workers to review targets."], "probs": [[0.8589936169468217, 0.02051838409669688, 0.11996954225083237, 0.0005184566056490271], [0.001729442104474727, 0.06343156446519169, 0.001871229471616941, 0.9329677638587166], [0.001290864824478767, 0.0020289528932729926, 0.9960211883158379, 0.0006589938664103367], [0.0015112675848810587, 0.9976607334506021, 0.0005693097353124235, 0.00025868912920442227]], "ideal": "A", "sampled": "A", "correct": true}}
{"type": "result", "data": {"idx": 37, "options": ["Profit maximisation", "Introducing private sector business principles into the public sector", "Replacing public management with private sector management", "Restructuring public organisations"], "probs": [[0.0006211219615692897, 0.9988791986657933, 0.0003271619512695465, 0.0001725173213678476], [0.9746814360443444, 0.018700976625121598, 0.005440429911899562, 0.0011771573186344442], [0.01767443098340808, 0.12269182546651936, 0.006816189398076533, 0.852817554051996], [0.0011368808575503082, 0.004285702079470329, 0.9859173918621913, 0.008660025100788069]], "ideal": "B", "sampled": "B", "correct": true}}
{"type": "result", "data": {"idx": 38, "options": ["Peter Drucker", "Jay Barney", "Michael Porter", "Henry Mintzberg"], "probs": [[0.029018412477440633, 0.06434791026155758, 0.9031905863238953, 0.0034430908371064707], [0.05705843193974266, 0.9351456881265491, 0.006554602729381358, 0.0012412771043269323], [0.8711022784233446, 0.11423102794745742, 0.0122374819365473, 0.0024292115926506795], [0.03030600398494134, 0.08912530343299757, 0.1446132897668978, 0.7359554027151632]], "ideal": "C", "sampled": "C", "correct": true}}
{"type": "result", "data": {"idx": 39, "options": ["teamwork", "specialisation", "project work groups", "multi-skilled employees"], "probs": [[0.0077905627107059915, 0.9890207656219978, 0.003003713340809139, 0.00018495822648700234], [0.8592413777037796, 0.1199806497402875, 0.01703486241485708, 0.003743110041075763], [0.1079081413665348, 0.7376523989400998, 0.0675856450852029, 0.08685381450816251], [0.04003772448288245, 0.13329297091784634, 0.817442582934819, 0.009226721564452185]], "ideal": "B", "sampled": "B", "correct": true}}
{"type": "result", "data": {"idx": 40, "options": ["Dismissing an employee for a more favourable employee", "A formal process of planning to fill a role that will become vacant", "A vote of no confidence in a board member", "The formal process of acquiring a new staff member"], "probs": [[0.0010811962904417396, 0.9985368103025273, 0.0003677049700031491, 1.4288337027848044e-05], [0.996175343760042, 0.0034850443983649683, 0.00031415280646023333, 2.5458935132795603e-05], [0.0005422676202986625, 0.0011224440266076605, 0.0010871987066823482, 0.9972480895464113], [0.0003738475177905502, 0.000809280782414538, 0.9986825689670394, 0.00013430263275544837]], "ideal": "B", "sampled": "B", "correct": true}}
{"type": "result", "data": {"idx": 41, "options": ["An imagined sequence of future events", "An unpredictable event", "A planned for event", "An unplanned for event"], "probs": [[0.9938644126343196, 0.005730483655352767, 0.0003719698271853835, 3.3133783142313595e-05], [0.0028834667937686635, 0.02845615281431584, 0.010467033390742297, 0.9581933469011732], [0.00021972459519486973, 0.0007722523261282224, 0.9987147122623474, 0.0002933107163294864], [0.0002034715139912137, 0.9995762567066755, 0.0002130772616311763, 7.194417702080625e-06]], "ideal": "A", "sampled": "A", "correct": true}}
{"type": "result", "data": {"idx": 42, "options": ["Limited knowledge and great insight", "Limited knowledge but high level of experience", "Limited knowledge and uncertainty", "Limited knowledge and high risk"], "probs": [[0.0012881324854967546, 0.006131307663164647, 0.9855249041218027, 0.007055655629535912], [0.005990762222138511, 0.9914569786223713, 0.0018261425303763264, 0.0007261165251138683], [0.961453818170202, 0.02947883563912012, 0.004886955604043449, 0.004180390486634421], [0.047278143311335646, 0.03201477339422552, 0.013547650358036255, 0.9071594328364025]], "ideal": "C", "sampled": "C", "correct": true}}
{"type": "result", "data": {"idx": 43, "options": ["Equality for everyone", "Maximisation of outcomes for individuals", "The best outcome for the majority of people", "The least worst outcome for everybody"], "probs": [[0.0009613272863697253, 0.9983383422496865, 0.0004609020561624676, 0.00023942830778127478], [0.9629028994923651, 0.03453627000376017, 0.0023662031926254814, 0.00019462721124930066], [0.8048939316194526, 0.19431193622310025, 0.00042182525639296287, 0.0003723068010542196], [0.9937026890135688, 0.0048274530127084166, 0.0005204259854737585, 0.0009494318882489701]], "ideal": "C", "sampled": "B", "correct": false}}
{"type": "result", "data": {"idx": 44, "options": ["Group roles", "Virtual teamwork", "Synergy", "Role making"], "probs": [[0.9802364052267256, 0.017950681862066165, 0.0017228128751053463, 9.009993610285767e-05], [0.0012533052087440619, 0.003834017578962646, 0.010741816534610371, 0.9841708605776829], [0.0018869301325518248, 0.012192589366395275, 0.9849935439836163, 0.0009269364174366256], [0.001865431218985382, 0.9965897896157191, 0.0014745011138806595, 7.027795141484328e-05]], "ideal": "A", "sampled": "A", "correct": true}}
{"type": "result", "data": {"idx": 45, "options": ["Social plan", "Social strategy", "Social audit", "Social account"], "probs": [[0.00040629052551198106, 0.003265042592346676, 0.994468390564083, 0.0018602762180583274], [0.001426184627819072, 0.9944453186512783, 0.0026202787679247812, 0.001508217852977901], [0.28350256580274863, 0.12373729786453849, 0.5549257131811799, 0.03783442305153295], [0.0015203464850065292, 0.006819618328846521, 0.010066794126225636, 0.9815932409599213]], "ideal": "C", "sampled": "C", "correct": true}}
{"type": "result", "data": {"idx": 46, "options": ["Task culture", "Role culture", "Power culture", "People culture"], "probs": [[0.0018304732519594947, 0.0017473904227778211, 0.0025820022129164895, 0.9938401340123462], [0.003798625178626203, 0.006360247772707937, 0.9590210275044874, 0.030820099444178496], [0.009243892511903986, 0.9726991447804161, 0.009099847628647743, 0.008957114979032213], [0.23297922918424238, 0.706488329643211, 0.02004500530577063, 0.04048743576677599]], "ideal": "B", "sampled": "D", "correct": false}}
{"type": "result", "data": {"idx": 47, "options": ["Rosabeth Kanter", "Joan Woodward", "Rensis Likert", "Fred Fiedler"], "probs": [[0.1357430408980716, 0.5455328984171866, 0.1468932076215838, 0.17183085296315803], [0.0985592894264897, 0.2679254392421136, 0.5948944642925337, 0.03862080693886305], [0.01497530430166394, 0.9560139508198944, 0.017522737216654403, 0.011488007561787283], [0.5388126968798651, 0.3702141642200281, 0.05957783012986451, 0.031395308670242275]], "ideal": "D", "sampled": "D", "correct": true}}
{"type": "result", "data": {"idx": 48, "options": ["Complex and risky", "Uncertain and non-routine", "Low risk and certain", "Routine and non-complex"], "probs": [[0.005811988458964108, 0.9929367245945546, 0.0010259041352676176, 0.0002253827112137036], [0.6722756648593746, 0.20823404268415385, 0.06762499386746325, 0.05186529848900828], [0.1993463434250073, 0.5417874909674528, 0.05624728875144982, 0.2026188767560901], [0.027792731179736407, 0.04652994911695158, 0.9206562577476181, 0.00502106185569394]], "ideal": "D", "sampled": "B", "correct": false}}
{"type": "result", "data": {"idx": 49, "options": ["Clear chain of command", "Quick response to change", "Discipline and stability", "Small span of control"], "probs": [[0.025600579879051868, 0.11660989733417498, 0.3268528561780298, 0.5309366665087434], [0.5587156456054501, 0.20878273402139916, 0.11350374752268438, 0.11899787275046639], [0.16053818702896785, 0.17095847999318387, 0.03313109016899189, 0.6353722427088564], [0.10420651810473115, 0.032795839252737616, 0.2040094599222488, 0.6589881826202824]], "ideal": "B", "sampled": "B", "correct": true}}
{"type": "result", "data": {"idx": 50, "options": ["Any form of partnership between one firm and another", "Formal agreement committing two or more firms to exchange resources to produce products or services", "Formal agreement to share profits from a shared investment", "Formal agreement to share knowledge"], "probs": [[0.0019082462770312401, 0.9970789347896243, 0.0008666767922377558, 0.00014614204110673944], [0.6173026367508827, 0.24931812419136834, 0.11972036246915393, 0.013658876488595031], [0.00919640778596542, 0.08071674954486621, 0.7307749886700025, 0.17931185389916587], [0.0006933452984344106, 0.00607813269685819, 0.991416676945801, 0.0018118449589063696]], "ideal": "B", "sampled": "B", "correct": true}}
{"type": "result", "data": {"idx": 51, "options": ["Modes of behaviour that are acceptable to and shared by group members", "Modes of behaviour that are shared by some members of the group", "Modes of behaviour that challenge group values and beliefs", "Modes of behaviour that are different of those of the other group members"], "probs": [[0.9988783058143821, 0.001017859909826821, 8.963578198285132e-05, 1.419839380824028e-05], [0.9682334376923326, 0.027888876206064346, 0.0009340137187406357, 0.0029436722828623915], [0.0007893096586079444, 0.0019053050333685698, 0.996780193212042, 0.000525191995981461], [0.0008763450738204948, 0.9990135847034464, 0.00010139438198887986, 8.675740744219206e-06]], "ideal": "A", "sampled": "A", "correct": true}}
{"type": "result", "data": {"idx": 52, "options": ["Business", "Succession", "Ad hoc", "Financial"], "probs": [[0.005390664169179101, 0.04960505358311066, 0.8259982577415964, 0.11900602440611383], [0.02418170412785471, 0.7657907928910618, 0.007320799708655404, 0.2027067031724281], [0.38813072491412615, 0.061596485789931175, 0.010352023095241365, 0.5399207661007013], [0.002366474385755738, 0.006556987357200889, 0.20490426013901938, 0.786172278018024]], "ideal": "C", "sampled": "C", "correct": true}}
{"type": "result", "data": {"idx": 53, "options": ["International trade", "Global economics", "Global competition", "Globalisation"], "probs": [[0.0004489944424374205, 0.004816776631976287, 0.9933963833452683, 0.0013378454803180087], [0.0008610498795705888, 0.9963548302565813, 0.0027537074484576003, 3.0412315390459594e-05], [0.09098662959308489, 0.9043750542519787, 0.003812987730106889, 0.0008253283248294719], [0.20803170580447755, 0.09980130549299446, 0.019954950697486682, 0.6722120379050412]], "ideal": "D", "sampled": "C", "correct": false}}
{"type": "result", "data": {"idx": 54, "options": ["Administrations", "Processes", "Activities", "Contingencies"], "probs": [[0.07340116415326801, 0.8806041615005702, 0.03360336098317397, 0.012391313262987836], [0.3575937031658649, 0.25333943111130813, 0.380447643122668, 0.008619222500158947], [0.03887031939438866, 0.9422143617820937, 0.013641322847235359, 0.005273995876282217], [0.40353242460773253, 0.24072225927513732, 0.3240650368321358, 0.03168027918499434]], "ideal": "D", "sampled": "D", "correct": true}}
{"type": "result", "data": {"idx": 55, "options": ["Expectations", "Choice opportunities", "Problems", "Solutions"], "probs": [[0.19067299008934463, 0.05553594500135441, 0.624563980327601, 0.1292270844817], [0.004171243359445814, 0.012934365593091855, 0.006063252878433872, 0.9768311380690284], [0.006121404599524126, 0.01035064574047314, 0.8527248087535705, 0.1308031408064322], [0.0216484698464728, 0.324106388269693, 0.010379927940803692, 0.6438652138430304]], "ideal": "A", "sampled": "A", "correct": true}}
{"type": "result", "data": {"idx": 56, "options": ["Political, environmental, strategic, testing", "Political, environmental, strategic, technological", "Political, economic, strategic, technological", "Political, economic, social, technological"], "probs": [[0.005231950734251331, 0.9512799335607541, 0.04180237147257089, 0.0016857441324236327], [0.09514298600128221, 0.9027247723132809, 0.0021024782430219767, 2.976334241489905e-05], [0.5760364314621995, 0.41490982393883313, 0.002648526236834288, 0.006405218262133101], [0.9689464750862258, 0.022086952799957933, 0.008927716491878967, 3.8855521937333664e-05]], "ideal": "D", "sampled": "C", "correct": false}}
{"type": "result", "data": {"idx": 57, "options": ["Suitable, measurable, actionable, rewarded and timely", "Specific, measurable, actionable, resourced and timely", "Standardised, measurable, achievable, rewarded, and timely", "Specific, measurable, achievable, rewarded and timely"], "probs": [[0.0857854343600101, 0.907811310818634, 0.0031270781247019494, 0.0032761765966539086], [0.9494315262458872, 0.048014651360122146, 0.0025068174256264036, 4.700486836417508e-05], [0.03844536269350692, 0.9608551958456579, 0.0006881389061428332, 1.1302454692332434e-05], [0.9648207766716856, 0.03406413764821217, 0.00109563201343234, 1.9453566669825167e-05]], "ideal": "D", "sampled": "D", "correct": true}}
{"type": "result", "data": {"idx": 58, "options": ["Merton", "Weber", "Gouldner", "Mayo"], "probs": [[0.02206250339508397, 0.4713857598785054, 0.501928760206364, 0.0046229764200466945], [0.01710475517833735, 0.9786955194272448, 0.0033678382708524257, 0.0008318870235654613], [0.5861828944476234, 0.3781510009169582, 0.01769104233837184, 0.017975062197046532], [0.4861217421361721, 0.3779691079570917, 0.11354310719993063, 0.02236604260680555]], "ideal": "C", "sampled": "C", "correct": true}}
{"type": "result", "data": {"idx": 59, "options": ["2", "5", "7", "None of the above"], "probs": [[0.02007383633080454, 0.49391200305572763, 0.4428467377845276, 0.04316742272894022], [0.04403190440811016, 0.36285201664075073, 0.4734233650786473, 0.1196927137724918], [0.012254368193039567, 0.06519883700407286, 0.8199476385055342, 0.10259915619735338], [0.009617980112061112, 0.16780393652207296, 0.5858493735893738, 0.2367287096764921]], "ideal": "D", "sampled": "B", "correct": false}}
{"type": "result", "data": {"idx": 60, "options": ["Executive", "Functional", "Line management", "Supplier"], "probs": [[0.001302054261814057, 0.005265424462324383, 0.00903442789269063, 0.984398093283171], [0.004205170942435956, 0.009657287932804978, 0.7298028548592908, 0.25633468616546834], [0.015208284315914521, 0.10752293342247296, 0.30537571283104337, 0.5718930693305692], [0.11919007981971455, 0.07605056058826022, 0.03689712450569512, 0.7678622349863301]], "ideal": "D", "sampled": "D", "correct": true}}
{"type": "result", "data": {"idx": 61, "options": ["Minimal and formal knowledge sharing", "Collective output", "Individual and collective responsibility", "Fluid dimension to roles and tasks"], "probs": [[0.1588496208460618, 0.04628987809963016, 0.05748228886587203, 0.737378212088436], [0.0063163581444496825, 0.010886746451078911, 0.021182727104353965, 0.9616141682001175], [0.002066996717965541, 0.004694285434834639, 0.9829881017314753, 0.010250616015724467], [0.0329421497234875, 0.31796845731318135, 0.016549942982497696, 0.6325394498808334]], "ideal": "A", "sampled": "A", "correct": true}}
{"type": "result", "data": {"idx": 62, "options": ["Ethical", "Economic", "Discretionary", "Technical"], "probs": [[0.015357162744665878, 0.027823187304399682, 0.27211004391530735, 0.684709605935627], [0.015149962508329024, 0.09435094531763381, 0.04964912865222869, 0.8408499634218085], [0.03145415323861504, 0.052742209083743406, 0.024099022057853917, 0.8917046155197876], [0.009696557321033627, 0.025958495574621633, 0.020502999709307683, 0.943841947295037]], "ideal": "D", "sampled": "C", "correct": false}}
{"type": "result", "data": {"idx": 63, "options": ["Product development", "Market penetration", "Diversification", "Market development"], "probs": [[0.01448616480197128, 0.9843630764811179, 0.0009709530827857969, 0.00017980553412500587], [0.5156531143713129, 0.06866200760051439, 0.41445483228613844, 0.0012300456420342642], [0.005988930848887855, 0.9914825785173036, 0.001975060837286215, 0.0005534296965222685], [0.07056237514172226, 0.1317307446741103, 0.7954202860260795, 0.002286594058087956]], "ideal": "B", "sampled": "B", "correct": true}}
{"type": "result", "data": {"idx": 64, "options": ["In the same building", "In the same industry", "In the same country", "remotely"], "probs": [[0.00010051139271400402, 0.00032983026739941146, 0.000630349893315081, 0.9989393083465715], [7.374363778160268e-05, 0.00040388292255567914, 0.9993603625827375, 0.00016201075692515672], [0.00015475491307241065, 0.999724201483861, 0.00010458860323298086, 1.6454899833680362e-05], [0.9895089295567936, 0.009705639123972471, 0.0006500958525051524, 0.00013533536672880476]], "ideal": "D", "sampled": "D", "correct": true}}
{"type": "result", "data": {"idx": 65, "options": ["Good natured", "Calm and self-confident", "Sensitive and curious", "Assertive and sociable"], "probs": [[0.016971253299501554, 0.0312267661755872, 0.1335052286496492, 0.8182967517752621], [0.016193489583996454, 0.23421944878613893, 0.7445312328568788, 0.005055828672985772], [0.022553647493562656, 0.9743597360521437, 0.0026109451900354374, 0.00047567116425828226], [0.9891563260429141, 0.00883576611295789, 0.001895720762220185, 0.00011218698190780062]], "ideal": "D", "sampled": "D", "correct": true}}
{"type": "result", "data": {"idx": 66, "options": ["Vision statement", "Mission statement", "Strategy statement", "Business statement"], "probs": [[0.1076948186715283, 0.8877680245768248, 0.003714585437136082, 0.000822571214510762], [0.2226987917559165, 0.34498342707570695, 0.009125073396968502, 0.42319270767140804], [0.006266878474468113, 0.015263630537283301, 0.7239477543977317, 0.2545217364905168], [0.015432510149756152, 0.37364088580498245, 0.6066396684965409, 0.0042869354487204666]], "ideal": "B", "sampled": "B", "correct": true}}
{"type": "result", "data": {"idx": 67, "options": ["Synergy planning", "Strategy formulation", "Functional planning", "SWOT analysis"], "probs": [[0.000976880395773189, 0.998514855436651, 0.00046496746468639233, 4.329660288947754e-05], [0.9964682530247329, 0.0031243455357601074, 0.0003819899539765137, 2.541138553051834e-05], [0.0006234339102292101, 0.0010130021058493953, 0.0026248432873680273, 0.9957387205965533], [0.000952660156027975, 0.001644646734567755, 0.9968516143710227, 0.0005510786383816516]], "ideal": "B", "sampled": "B", "correct": true}}
{"type": "result", "data": {"idx": 68, "options": ["Working conditions", "Time and motion studies", "Work psychology", "Work as a social setting"], "probs": [[0.001477450377538508, 0.9980918658019085, 0.00040656008105571833, 2.4123639497273694e-05], [0.9978066696210693, 0.0018104896904991357, 0.00036221512758370157, 2.0625460847844976e-05], [0.00028354988688286274, 0.0009230736108791838, 0.0011304223360275346, 0.9976629540662104], [0.0001246906714014351, 0.0007027629404822677, 0.9990014022998069, 0.00017114398830934678]], "ideal": "B", "sampled": "B", "correct": true}}
{"type": "result", "data": {"idx": 69, "options": ["Synergy planning", "Ad hoc planning", "Business level planning", "Scenario planning"], "probs": [[0.006070809082806976, 0.05583737518902246, 0.007675632041739914, 0.9304161835864306], [0.013410740293335138, 0.07245692481802629, 0.9112316207855534, 0.002900714003085133], [0.007679279110270159, 0.9902998408716328, 0.0017959493175368478, 0.00022493060056016174], [0.9450086271341679, 0.049302681842988784, 0.005447344806129946, 0.00024134611671339042]], "ideal": "D", "sampled": "D", "correct": true}}
