{"type": "result", "data": {"idx": 0, "options": ["7 N", "5 N", "10 N", "12 N"], "probs": [[0.11189880471076469, 0.24068733095252173, 0.27052292829705693, 0.37689093593965667], [0.0467644624847428, 0.284338678624528, 0.5482751048810107, 0.12062175390971851], [0.03322065745038842, 0.6271804208121019, 0.24173943106422263, 0.09785949057328705], [0.14505486837314305, 0.3675801619928136, 0.15198592029419244, 0.3353790492398509]], "ideal": "A", "sampled": "D", "correct": false}}
{"type": "result", "data": {"idx": 1, "options": ["weight of fluid.", "volume of fluid.", "density of fluid.", "All of these."], "probs": [[0.3180508767296515, 0.17292127848913819, 0.04511032844045516, 0.46391751624075517], [0.6644065626942761, 0.01574871188798684, 0.29487041734452846, 0.024974307973208577], [0.05278664552612695, 0.7883829620508545, 0.07162620259899018, 0.08720418972402841], [0.5842831632310209, 0.2892209540707692, 0.10725576994743165, 0.01924011265077822]], "ideal": "B", "sampled": "D", "correct": false}}
{"type": "result", "data": {"idx": 2, "options": ["totally internally reflects", "passes into the air above", "is absorbed", "None of these"], "probs": [[0.6123153164544831, 0.21153534126420334, 0.021277694703225925, 0.15487164747808763], [0.024445219987453998, 0.014486424299267704, 0.02026693421400701, 0.9408014213992713], [0.007227188267410827, 0.02043295470688057, 0.8358967755921675, 0.13644308133354113], [0.02072124710887216, 0.8953156932991139, 0.06537219783945526, 0.0185908616525587]], "ideal": "B", "sampled": "A", "correct": false}}
{"type": "result", "data": {"idx": 3, "options": ["always.", "sometimes.", "never.", "on planet Earth only."], "probs": [[0.5643830663585522, 0.177587919092796, 0.23162749948307798, 0.026401514965573792], [0.08996180510468242, 0.04318026499614314, 0.011173475621034141, 0.8556844541781403], [0.03390723750643115, 0.036104380139336624, 0.895528352660173, 0.03446002959405915], [0.0201850615866531, 0.9282586936719661, 0.024161963734969594, 0.027394280906411224]], "ideal": "B", "sampled": "A", "correct": false}}
{"type": "result", "data": {"idx": 4, "options": ["changes", "aligns with the electric field", "is at right angles to the electric field", "converts to magnetic energy"], "probs": [[0.9905113531881029, 0.0019420591325722027, 0.004242044853851707, 0.003304542725473206], [0.0013919064743538596, 0.019515401917919912, 0.007946857898663168, 0.971145833609063], [0.002576660929317108, 0.011367110875493878, 0.9766265837924587, 0.00942964430273029], [0.009561513318862628, 0.9380548051401275, 0.0025958159574934227, 0.04978786548351648]], "ideal": "A", "sampled": "A", "correct": true}}
{"type": "result", "data": {"idx": 5, "options": ["red", "yellow-green", "blue", "violet"], "probs": [[0.007962564618098314, 0.034869028718106196, 0.10487870450965542, 0.85228970205414], [0.0059725318404728975, 0.0417909153041974, 0.872900458005621, 0.07933609474970871], [0.01570636394681654, 0.774888330807621, 0.17019885649917105, 0.03920644864639142], [0.8055307628391156, 0.08037244141963056, 0.03678931459964894, 0.0773074810416049]], "ideal": "D", "sampled": "D", "correct": true}}
{"type": "result", "data": {"idx": 6, "options": ["mass distorts spacetime.", "gravity affects clocks.", "light can\u2019t escape from a black hole.", "All of these."], "probs": [[0.047807925936237144, 0.006032020041183557, 0.006572133600209652, 0.9395879203223696], [0.010725837611690877, 0.008758402004486573, 0.4744246669849161, 0.5060910932989064], [0.04132002948809711, 0.17269813948372761, 0.5321511009840819, 0.25383072994409334], [0.21099988410001566, 0.5103755782919209, 0.10048091039848268, 0.17814362710958073]], "ideal": "D", "sampled": "D", "correct": true}}
{"type": "result", "data": {"idx": 7, "options": ["voltage", "energy", "Both of these", "Neither of these"], "probs": [[0.6130257430961361, 0.019391220638935402, 0.3490636452404374, 0.018519390924490994], [0.0234236151208222, 0.04997560972854382, 0.009389211134191484, 0.9172115639164425], [0.7957448273576979, 0.09501685840040011, 0.09066477315713434, 0.018573540984767666], [0.04607598402371588, 0.5704726937514628, 0.0195115966021023, 0.36393972552271897]], "ideal": "A", "sampled": "A", "correct": true}}
{"type": "result", "data": {"idx": 8, "options": ["chaotic", "ordered", "positioned by amplitude", "in phase"], "probs": [[0.008799471399827749, 0.9628513512439407, 0.015330097711224185, 0.01301907954500738], [0.9580753797116736, 0.023980109900831707, 0.005877996544865629, 0.012066513742629122], [0.01802585309055392, 0.01641335556555362, 0.00906566641238106, 0.9564951248315113], [0.012563199870617544, 0.06280506748940029, 0.9165130868355745, 0.00811864570440758]], "ideal": "B", "sampled": "B", "correct": true}}
{"type": "result", "data": {"idx": 9, "options": ["amplitude", "wavelength", "frequency", "energy"], "probs": [[0.010392040675758496, 0.01912156830250506, 0.047672962847569736, 0.9228134280741667], [0.006752912530164123, 0.02756420753841656, 0.6782931199272149, 0.28738975990420446], [0.006958562080643031, 0.1925901380003697, 0.1925336029975175, 0.6079176968214698], [0.9553171506397331, 0.004746195788334676, 0.00921907730297392, 0.030717576168958302]], "ideal": "D", "sampled": "D", "correct": true}}
{"type": "result", "data": {"idx": 10, "options": ["the same", "opposite", "Either of these", "Need more information"], "probs": [[0.03326680138374493, 0.751613616868198, 0.17030760644163317, 0.044811975206423875], [0.6046585630622308, 0.1199657091401403, 0.05620766053629405, 0.21916806716133483], [0.03966986464536871, 0.039676637222626036, 0.13420078647278938, 0.7864527115592159], [0.020973322532810753, 0.11608500854111846, 0.7873291333694712, 0.07561253545659953]], "ideal": "B", "sampled": "B", "correct": true}}
{"type": "result", "data": {"idx": 11, "options": ["conduction", "convection", "radiation", "radioactivity"], "probs": [[0.0005657292571774333, 0.0068382753263117775, 0.9914881807531234, 0.0011078145633873727], [0.0006297031388716739, 0.9969339552609194, 0.0008279373525342799, 0.0016084041476746222], [0.9787021820691344, 0.004824523615223473, 0.0060984225591657025, 0.010374871656476398], [0.0013727464674409564, 0.0030457264293961253, 0.00753741315723771, 0.9880441138459252]], "ideal": "C", "sampled": "C", "correct": true}}
{"type": "result", "data": {"idx": 12, "options": ["half, 1 A", "2 A", "Depends on which lamp is closer to the battery", "Not enough information to say"], "probs": [[0.2647889674704176, 0.2862982557674726, 0.031868641918558545, 0.4170441347435513], [0.2282694228897091, 0.0894770974693281, 0.47680630209432173, 0.20544717744664104], [0.04085963180546881, 0.5220325063582849, 0.20127814471754085, 0.23582971701870536], [0.443714290035422, 0.35099176130157167, 0.19690616559963775, 0.00838778296336851]], "ideal": "B", "sampled": "D", "correct": false}}
{"type": "result", "data": {"idx": 13, "options": ["increase.", "decrease.", "remain unchanged.", "None of these."], "probs": [[0.8675783114091291, 0.05720861521520183, 0.05416132035754441, 0.02105175291812469], [0.05998917988909505, 0.02993200879725945, 0.026000192408630277, 0.8840786188050153], [0.02951463596835526, 0.01920822513237003, 0.8298219719757228, 0.12145516682355186], [0.012626924235550896, 0.7058740156717241, 0.21529664951883057, 0.06620241047389439]], "ideal": "A", "sampled": "A", "correct": true}}
{"type": "result", "data": {"idx": 14, "options": ["2mg", "mg", "mg/2", "mg/4"], "probs": [[0.08575320115195689, 0.46020858789537855, 0.27482571785643634, 0.1792124929962282], [0.08542291691904991, 0.6072877554392339, 0.1767356816243867, 0.13055364591732954], [0.1371406347273382, 0.3067090579570129, 0.10849625858688774, 0.4476540486287611], [0.12476399448103827, 0.20737843312927123, 0.311329105450656, 0.3565284668390345]], "ideal": "B", "sampled": "C", "correct": false}}
{"type": "result", "data": {"idx": 15, "options": ["less.", "equal.", "greater.", "none because it sinks."], "probs": [[0.861283160305159, 0.03499782235002328, 0.08527228600659326, 0.018446731238224483], [0.10203379965614137, 0.03445437492441548, 0.019321599649392594, 0.8441902256700505], [0.013709031146913327, 0.015178361188450356, 0.9543013099543181, 0.016811297610318295], [0.015428095341279216, 0.918731221370259, 0.023168820749053663, 0.0426718624394081]], "ideal": "A", "sampled": "A", "correct": true}}
{"type": "result", "data": {"idx": 16, "options": ["red.", "green.", "white minus red.", "a mixture of green and yellow."], "probs": [[0.7193478505938398, 0.04026649981930145, 0.12015304236744687, 0.12023260711941187], [0.036470079320815675, 0.014400524635683061, 0.020778554351711317, 0.9283508415917899], [0.04935126208342284, 0.043574741028817185, 0.8552959314931038, 0.0517780652946562], [0.03765994007620504, 0.8712354463815324, 0.04268724550414961, 0.048417367938113014]], "ideal": "A", "sampled": "A", "correct": true}}
{"type": "result", "data": {"idx": 17, "options": ["speed", "frequency", "wavelength", "All of these"], "probs": [[0.060009745800745085, 0.4232280082049337, 0.05771947451012731, 0.45904277138419386], [0.3684159181640031, 0.047940276226320716, 0.3302023346162608, 0.25344147089341534], [0.0019413374991062902, 0.009334466869106158, 0.020228578595137627, 0.9684956169366499], [0.019711306353384746, 0.17711798877941265, 0.7348129762250241, 0.0683577285421785]], "ideal": "B", "sampled": "B", "correct": true}}
{"type": "result", "data": {"idx": 18, "options": ["volume", "mass", "weight", "density"], "probs": [[0.824692655391735, 0.038862981293753575, 0.06927627475852541, 0.06716808845598599], [0.001298938447906406, 0.01342934100313875, 0.5078575295484264, 0.4774141909005284], [0.000499981178531418, 0.070242958256693, 0.9253836534464077, 0.0038734070183678963], [0.03249544586722425, 0.9276367969072395, 0.02377069981253414, 0.01609705731300203]], "ideal": "D", "sampled": "A", "correct": false}}
{"type": "result", "data": {"idx": 19, "options": ["transverse waves", "longitudinal waves", "all waves", "None of these"], "probs": [[0.747403148938126, 0.022039596112324943, 0.20745383316878957, 0.02310342168075947], [0.04644355895975407, 0.37998470511098936, 0.052622154545152657, 0.5209495812841038], [0.18919060699558932, 0.040599531513873396, 0.592258022839403, 0.17795183855113428], [0.02178324503547578, 0.8507437435755179, 0.033479566553700615, 0.09399344473530577]], "ideal": "A", "sampled": "A", "correct": true}}
{"type": "result", "data": {"idx": 20, "options": ["buoyant force", "mass", "weight", "All of these"], "probs": [[0.035774937625798225, 0.022391864318654225, 0.35858615093824264, 0.5832470470173049], [0.2574898542767351, 0.12548689262460966, 0.5990678533520988, 0.017955399646556434], [0.6502269109596224, 0.2975906820861054, 0.014593533687311823, 0.03758887316696042], [0.2622615772897474, 0.018129919262799183, 0.037482020627148505, 0.6821264827203048]], "ideal": "A", "sampled": "C", "correct": false}}
{"type": "result", "data": {"idx": 21, "options": ["thermal energy.", "vibrational kinetic energy.", "average translational kinetic energy.", "rotational kinetic energy."], "probs": [[0.9299472421023904, 0.023278246449799478, 0.04282064098426085, 0.003953870363549176], [0.5744503858971202, 0.10460099055859384, 0.008195714268480819, 0.3127529091758051], [0.9181897744063613, 0.0034438686369150954, 0.0686298020494599, 0.009736554807263745], [0.0012047997207571208, 0.9592729619445054, 0.014338492135651776, 0.025183746099085746]], "ideal": "C", "sampled": "A", "correct": false}}
{"type": "result", "data": {"idx": 22, "options": ["move farther than the input piston", "exceed the force input", "exceed the input piston\u2019s speed", "produce increased energy"], "probs": [[0.8052316539694743, 0.10897055581806843, 0.0142943425491357, 0.07150344756332157], [0.5120705432388973, 0.023215489762392, 0.14902046515632938, 0.3156935017423813], [0.22020258649943855, 0.09621569700176028, 0.23080035297056167, 0.4527813634282395], [0.06109034283792953, 0.46953195322096086, 0.40168201482970894, 0.06769568901140065]], "ideal": "D", "sampled": "A", "correct": false}}
{"type": "result", "data": {"idx": 23, "options": ["decreases", "increases", "remains unchanged", "may increase or decrease"], "probs": [[0.011039039205461343, 0.8839546064069421, 0.0271094987922623, 0.07789685549533422], [0.9091297597096588, 0.019926536536200128, 0.05416189666036926, 0.01678180699377177], [0.03120960748802675, 0.5198410884474711, 0.19121088584267878, 0.25773841812182335], [0.055434233616884085, 0.1707708099427003, 0.7419403778664595, 0.03185457847395608]], "ideal": "C", "sampled": "B", "correct": false}}
{"type": "result", "data": {"idx": 24, "options": ["half the bend.", "the same bend if the branch doesn\u2019t break.", "twice the bend.", "4 times the bend."], "probs": [[0.025133913216519983, 0.4818675784163054, 0.48200291076137214, 0.010995597505802451], [0.43501437255407527, 0.4777767986823723, 0.030544391054713033, 0.05666443760883943], [0.3654572069279471, 0.10634933411011549, 0.051020726556444254, 0.4771727323054932], [0.017843734670624938, 0.02006598584227009, 0.05989463693676936, 0.9021956424503356]], "ideal": "C", "sampled": "C", "correct": true}}
{"type": "result", "data": {"idx": 25, "options": ["increases but less than doubles", "doubles", "more than doubles", "depends on factors not stated"], "probs": [[0.002568647627787038, 0.9589701778452504, 0.031791044139536664, 0.006670130287425935], [0.8027277363762033, 0.12697162868195927, 0.016521228014108918, 0.05377940682772852], [0.014011101600089153, 0.012275156392301078, 0.019762217720453425, 0.9539515241871563], [0.0030909586832287427, 0.015951673780010524, 0.949223002763066, 0.031734364673694684]], "ideal": "A", "sampled": "B", "correct": false}}
{"type": "result", "data": {"idx": 26, "options": ["1 minute.", "2 minutes.", "5 minutes.", "9 minutes."], "probs": [[0.047736663890848414, 0.48637190175149525, 0.13607442955303023, 0.3298170047046261], [0.050988989858650885, 0.35139479575154686, 0.48067261868616173, 0.11694359560364052], [0.06034893101950447, 0.7243400134426955, 0.06328570026324722, 0.1520253551745528], [0.33441014589348805, 0.21258396858461617, 0.22453616070898838, 0.22846972471290736]], "ideal": "D", "sampled": "D", "correct": true}}
{"type": "result", "data": {"idx": 27, "options": ["move at a constant speed in a straight line", "accelerate at a constant rate in a straight line", "come to rest", "increase its amount of inertia"], "probs": [[0.573601327864142, 0.14730789342067618, 0.27097101076663205, 0.008119767848549779], [0.07427961503067738, 0.7445121531572914, 0.025081580922729656, 0.1561266507893016], [0.1482952214883206, 0.023469701057267135, 0.5510408795663886, 0.2771941977880237], [0.0019429955394907861, 0.9093737331342375, 0.07122481123964072, 0.01745845998663094]], "ideal": "A", "sampled": "A", "correct": true}}
{"type": "result", "data": {"idx": 28, "options": ["everyday low speeds.", "relativistic speeds.", "Both of these.", "Neither of these."], "probs": [[0.0007608111233356588, 0.9236522014932674, 0.07233155282272874, 0.0032554344606681206], [0.1354874501169221, 0.8172874328080989, 0.03479950450311541, 0.012425612471863638], [0.3339202841655895, 0.02022099765741609, 0.009110735178929592, 0.6367479828980648], [0.002832817826295368, 0.011834528218850102, 0.9049586593807862, 0.08037399447406823]], "ideal": "C", "sampled": "B", "correct": false}}
{"type": "result", "data": {"idx": 29, "options": ["evaporation", "condensation", "Both", "Neither"], "probs": [[0.030056711044220183, 0.19606455727544805, 0.728703061292445, 0.0451756702878868], [0.14392591796976642, 0.6204362418562186, 0.13952383189707757, 0.09611400817693742], [0.1287144162739075, 0.07992959259931426, 0.31129462451488055, 0.4800613665118977], [0.0279256329531766, 0.0923327867153213, 0.3122690236888622, 0.5674725565426398]], "ideal": "C", "sampled": "C", "correct": true}}
{"type": "result", "data": {"idx": 30, "options": ["shorter", "taller", "equal in height", "inoperable"], "probs": [[0.1055648025025901, 0.30558698435262843, 0.28270443186570327, 0.3061437811790782], [0.13973759562334803, 0.35696953852112184, 0.20184537752596365, 0.3014474882295665], [0.16378583256433435, 0.14569038368333387, 0.3260024536224408, 0.36452133002989096], [0.44920781919648106, 0.06887994808581029, 0.15278929698115506, 0.3291229356365536]], "ideal": "B", "sampled": "C", "correct": false}}
{"type": "result", "data": {"idx": 31, "options": ["force due to gravity is the same on each.", "air resistance is always zero in free fall.", "inertia of both rocks is the same.", "ratio of force to mass is the same."], "probs": [[0.03700120243602569, 0.008195974680136574, 0.09747339203806467, 0.8573294307457731], [0.001926820526723195, 0.008435935863746297, 0.6752724767909277, 0.3143647667186028], [0.008346465104487912, 0.37197540801115625, 0.6133720049627679, 0.006306121821587917], [0.6132808098596679, 0.24777684180282195, 0.017127520696316026, 0.12181482754119405]], "ideal": "D", "sampled": "D", "correct": true}}
{"type": "result", "data": {"idx": 32, "options": ["increases but less than doubles", "doubles", "more than doubles", "depends on factors not stated"], "probs": [[0.002858125518053768, 0.9489061898712479, 0.04039778351070962, 0.007837900999988713], [0.7807024832883965, 0.12841087769790183, 0.023199327633435123, 0.06768731128026649], [0.013687235926468767, 0.011804100663525496, 0.02103713809378531, 0.9534715252162204], [0.002408862912672049, 0.0146452459826674, 0.9496756269290739, 0.03327026407558662]], "ideal": "C", "sampled": "B", "correct": false}}
{"type": "result", "data": {"idx": 33, "options": ["equals mass moving at the speed of light squared.", "equals moving mass.", "is fundamentally different than mass.", "and mass are closely related."], "probs": [[0.8192411784312723, 0.008615466895584258, 0.002977919576756136, 0.16916543499638728], [0.002580344356441657, 0.011656743198615807, 0.9631087129606531, 0.02265419938428941], [0.0013706458428209298, 0.6882847032525818, 0.3055195248337174, 0.004825125970879814], [0.17195756190458475, 0.8204492186415207, 0.005573234362169834, 0.0020199849917248046]], "ideal": "D", "sampled": "D", "correct": true}}
{"type": "result", "data": {"idx": 34, "options": ["light leaving the Sun is slowed by gravity.", "light passing the Sun is deflected.", "a clock on the Sun\u2019s surface runs faster than on Earth.", "All of these."], "probs": [[0.022392249955353938, 0.04704222301941562, 0.013062630250194837, 0.9175028966750356], [0.09460373697657491, 0.06014748964598975, 0.8176865988106261, 0.027562174466809215], [0.054680502211068585, 0.48370613464741763, 0.05868708187824283, 0.40292628116327095], [0.16583529360178698, 0.2734715979045087, 0.37388706760671664, 0.18680604078698765]], "ideal": "D", "sampled": "D", "correct": true}}
{"type": "result", "data": {"idx": 35, "options": ["reduces by 2", "reduces by 4", "increases by 2", "increases by 4"], "probs": [[0.56287995349977, 0.17850204874292444, 0.1368542842045236, 0.1217637134527819], [0.2449260019277085, 0.13318471410753577, 0.46489711898539976, 0.156992164879356], [0.5712665702104549, 0.2698413628874081, 0.08624521320772446, 0.07264685359441252], [0.4062323509311895, 0.17886493831775666, 0.2582277914887558, 0.15667491916229803]], "ideal": "A", "sampled": "D", "correct": false}}
{"type": "result", "data": {"idx": 36, "options": ["increases", "decreases", "remains the same", "Not enough information to say"], "probs": [[0.27030378577390346, 0.40572836991067535, 0.20400618014679756, 0.11996166406862364], [0.11932405049347031, 0.11032842756171984, 0.08198494206949437, 0.6883625797753155], [0.1390848381200962, 0.06417838818123436, 0.6235383477538783, 0.17319842584479117], [0.1084919978386451, 0.5957880989690346, 0.20916233175531784, 0.08655757133700243]], "ideal": "A", "sampled": "A", "correct": true}}
{"type": "result", "data": {"idx": 37, "options": ["30 km/h", "40 km/h", "50 km/h", "60 km/h"], "probs": [[0.16640798247628188, 0.3468508032720616, 0.21195761630547108, 0.2747835978461854], [0.032068825299250175, 0.5176474297230135, 0.329065164024552, 0.12121858085318438], [0.25376898047770535, 0.38691967721884585, 0.1690118908713129, 0.19029945133213583], [0.23155108719420983, 0.29499768108913454, 0.36138986191302686, 0.11206136970362879]], "ideal": "C", "sampled": "D", "correct": false}}
{"type": "result", "data": {"idx": 38, "options": ["amplitude", "polarization", "momentum", "frequency"], "probs": [[0.0008399714179074081, 0.0020956451596909095, 0.023605022933819664, 0.973459360388582], [0.0005192066107572751, 0.014142541594831593, 0.9838817928147424, 0.00145645887966869], [0.0005333221354925658, 0.9949363545650152, 0.002353411044747753, 0.0021769121547444894], [0.9875053358289992, 0.0022288244286328787, 0.002486100633972895, 0.007779739008395038]], "ideal": "D", "sampled": "D", "correct": true}}
{"type": "result", "data": {"idx": 39, "options": ["electrons", "protons", "neutrons", "ions"], "probs": [[0.6693238131478061, 0.03803937200514995, 0.013459353000692247, 0.27917746174635166], [0.0056258313739892965, 0.005669480137941833, 0.026832278914240004, 0.9618724094738289], [0.003984079773759365, 0.01827626338399866, 0.9674818107981565, 0.010257845944085473], [0.06266248748833048, 0.8924933355203107, 0.024166033676914788, 0.02067814321444394]], "ideal": "A", "sampled": "A", "correct": true}}
{"type": "result", "data": {"idx": 40, "options": ["less.", "more.", "the same.", "Need more information."], "probs": [[0.14954810957218628, 0.16171197306326976, 0.2750105466426487, 0.41372937062189524], [0.1005334973075738, 0.13959709882540974, 0.38540964166215474, 0.3744597621048617], [0.07690978851823153, 0.2881690880976718, 0.5469540993840472, 0.08796702390004955], [0.3716198773934865, 0.3834669263019135, 0.1727444665501788, 0.0721687296544212]], "ideal": "C", "sampled": "D", "correct": false}}
{"type": "result", "data": {"idx": 41, "options": ["overlapping one another", "constructively interfering", "moving slower than the source producing them", "All of these"], "probs": [[0.1577555662570261, 0.16158459838227965, 0.04926206097613792, 0.6313977742845563], [0.06423170752978341, 0.08785451324949516, 0.8211094354739731, 0.026804343646748302], [0.054945090749423914, 0.9084632678789213, 0.012557145705481335, 0.024034495566173437], [0.7895374981590305, 0.08519634698816414, 0.09650290864303054, 0.028763246109774824]], "ideal": "D", "sampled": "D", "correct": true}}
{"type": "result", "data": {"idx": 42, "options": ["cold day", "hot day", "day with steady temperature", "None of these"], "probs": [[0.23567912416727857, 0.1864259755532591, 0.21802099562397448, 0.35987390455548784], [0.25552053018400506, 0.29405961314061024, 0.33869219832288433, 0.11172765825250036], [0.23131622716432645, 0.16022967039278727, 0.20743634113735346, 0.4010177612055328], [0.10366653213854685, 0.4469002618015025, 0.2628370005475004, 0.1865962054124502]], "ideal": "B", "sampled": "B", "correct": true}}
{"type": "result", "data": {"idx": 43, "options": ["half", "twice", "the same", "None of these"], "probs": [[0.1576106814592436, 0.15040993319511833, 0.47800514678385697, 0.21397423846178107], [0.17087363940447042, 0.48681022986654704, 0.11559758907000196, 0.22671854155898058], [0.43496412358526987, 0.08300595791557334, 0.2764316221529351, 0.20559829624622167], [0.04910538955424689, 0.13041718934447544, 0.2067138801579606, 0.6137635408433171]], "ideal": "C", "sampled": "C", "correct": true}}
{"type": "result", "data": {"idx": 44, "options": ["hot to cold ever", "cold to hot ever", "hot to cold without external energy", "cold to hot without external energy"], "probs": [[0.6275025254883533, 0.055691078912984096, 0.23822397150190788, 0.07858242399675477], [0.18332686267228188, 0.5826667307876986, 0.04458709995577121, 0.18941930648424826], [0.45007351669255347, 0.04319191498366656, 0.4296785964554755, 0.07705597176830448], [0.08617529785816191, 0.5983872173656994, 0.14900400631153696, 0.16643347836460168]], "ideal": "D", "sampled": "A", "correct": false}}
{"type": "result", "data": {"idx": 45, "options": ["hydrogen.", "oxygen.", "nitrogen.", "But all have the same speed on average."], "probs": [[0.2639140008385614, 0.0904964696002319, 0.47076471759579935, 0.17482481186540733], [0.2715233543875241, 0.16727384798587144, 0.08148226825463843, 0.479720529271966], [0.16994091993317018, 0.031717472011534624, 0.46620342478115967, 0.3321381831741355], [0.12465769515645019, 0.3873166287793567, 0.06621911622737947, 0.42180655973681364]], "ideal": "A", "sampled": "A", "correct": true}}
{"type": "result", "data": {"idx": 46, "options": ["greater", "less", "the same", "Any of these"], "probs": [[0.04239243164484715, 0.4703041612451751, 0.383916789726465, 0.10338661728351277], [0.28297092664478957, 0.23091522658794972, 0.15994928298932362, 0.32616456367793706], [0.31506496899452985, 0.10069029852255326, 0.2737045904251262, 0.3105401419577907], [0.03134657966592939, 0.07009495388475359, 0.6756329862963126, 0.22292548005300436]], "ideal": "C", "sampled": "B", "correct": false}}
{"type": "result", "data": {"idx": 47, "options": ["less than 0.8 N", "0.8 N", "greater than 0.8 N", "dependent on the orientation of its body"], "probs": [[0.1490904404547959, 0.5004603312824544, 0.32827949826377095, 0.02216972989897881], [0.10100476480384707, 0.3553833080300821, 0.048840563921367784, 0.494771363144703], [0.03788469703202563, 0.053437731756605496, 0.6261808228896165, 0.28249674822175236], [0.07019061110921929, 0.08403801485197347, 0.5926409583929964, 0.2531304155458109]], "ideal": "B", "sampled": "B", "correct": true}}
{"type": "result", "data": {"idx": 48, "options": ["along and parallel to the wave", "perpendicular to the wave", "Both of these", "Neither of these"], "probs": [[0.9233414031072106, 0.03751164471758234, 0.03158465974470447, 0.007562292330502578], [0.14507323691197502, 0.05549878326340004, 0.026212437417506784, 0.7732155423071181], [0.022996261413752227, 0.017359899128877938, 0.9044641137499234, 0.05517972560744636], [0.018745963692803513, 0.8824460772866429, 0.07130812587218202, 0.02749983304837151]], "ideal": "A", "sampled": "A", "correct": true}}
{"type": "result", "data": {"idx": 49, "options": ["the work done on them", "motion", "Both of these", "Neither of these"], "probs": [[0.10492758332202101, 0.06567373517534453, 0.7636944509990922, 0.06570423040354234], [0.020312682473171046, 0.9195847222640275, 0.03795445837293302, 0.02214813678986839], [0.9770988361458677, 0.01164309115709613, 0.0070071984672239835, 0.004250874129812171], [0.0786311794407365, 0.24810283484313064, 0.02739021806903618, 0.6458757675470966]], "ideal": "A", "sampled": "C", "correct": false}}
{"type": "result", "data": {"idx": 50, "options": ["voltage", "energy", "Both of these", "Neither of these"], "probs": [[0.5359483996685969, 0.022814685646507682, 0.4237292440089736, 0.017507670575921883], [0.02427439824054294, 0.05260637563508598, 0.00906950793005762, 0.9140497180943135], [0.7910803283775159, 0.09155398236452107, 0.09594678525939243, 0.021418903898570624], [0.040333848893340095, 0.5112040099497493, 0.022982277230657287, 0.4254798638262533]], "ideal": "A", "sampled": "A", "correct": true}}
{"type": "result", "data": {"idx": 51, "options": ["inside the nucleus", "outside the nucleus", "Either of these", "Neither of these"], "probs": [[0.9315581910739948, 0.010108752815341364, 0.042550681986731974, 0.01578237402393186], [0.003396374834448018, 0.007898348296383702, 0.008276174684861954, 0.9804291020843063], [0.004783275115463325, 0.006488356964867739, 0.9630594087456302, 0.02566895907403867], [0.00693660131720731, 0.9089381634628739, 0.050476431512502126, 0.03364880360741668]], "ideal": "A", "sampled": "A", "correct": true}}
{"type": "result", "data": {"idx": 52, "options": ["absorbed", "reflected", "scattered", "refracted"], "probs": [[0.2835436328773014, 0.2502817059779465, 0.4465406496427705, 0.0196340114019816], [0.014807502054558223, 0.4432405605267151, 0.022239838166096343, 0.5197120991526303], [0.7411752759012019, 0.013578561735804573, 0.212409446439284, 0.03283671582370957], [0.017607340685793636, 0.6308668290427534, 0.18369896810731784, 0.16782686206413516]], "ideal": "A", "sampled": "C", "correct": false}}
{"type": "result", "data": {"idx": 53, "options": ["destruction", "interference", "resonance", "amplification"], "probs": [[0.005766253143382536, 0.9473614184418658, 0.028385460716474933, 0.01848686759827668], [0.8172330442125382, 0.04229352717334723, 0.015080303289283108, 0.12539312522483154], [0.017897894504192154, 0.019200786838991204, 0.810489411512425, 0.15241190704439156], [0.0017985810623197534, 0.9245137986150744, 0.06542537007758831, 0.00826225014501743]], "ideal": "B", "sampled": "B", "correct": true}}
{"type": "result", "data": {"idx": 54, "options": ["all the colors together", "two or more appropriate colors", "light when a prism is held upside down", "None of these"], "probs": [[0.130002717288148, 0.49855358526513427, 0.03874274198536794, 0.3327009553613498], [0.15647269084352042, 0.07393380668315915, 0.4674084275161921, 0.30218507485712837], [0.14455162400412278, 0.22398078260709312, 0.11709242185580875, 0.5143751714329754], [0.13730565198033273, 0.07069344323012995, 0.7667686613787692, 0.025232243310768114]], "ideal": "D", "sampled": "B", "correct": false}}
{"type": "result", "data": {"idx": 55, "options": ["about 1 A", "2 A", "Depends on which lamp is closer to the battery", "Not enough information to say"], "probs": [[0.21040087386653789, 0.34692154882008575, 0.036561371526699596, 0.4061162056866768], [0.2096731262371331, 0.0634627579863108, 0.4654117926209325, 0.2614523230556236], [0.03351133911670881, 0.6085345472441994, 0.20384787599874096, 0.15410623754035083], [0.3378335086141871, 0.48393804646936367, 0.16989802553006644, 0.00833041928638276]], "ideal": "D", "sampled": "D", "correct": true}}
{"type": "result", "data": {"idx": 56, "options": ["Speed only", "Wavelength only", "Both speed and wavelength", "Neither of these"], "probs": [[0.0070358036724494435, 0.03383170664895059, 0.9360537118324708, 0.023078777746129205], [0.012111574680895845, 0.9039776526376603, 0.042591110819590716, 0.041319661761853116], [0.7972468136943842, 0.034474801268706376, 0.13736626504478083, 0.03091211989212859], [0.006502245863428858, 0.03599298659555067, 0.027576844481592463, 0.929927922959428]], "ideal": "C", "sampled": "C", "correct": true}}
{"type": "result", "data": {"idx": 57, "options": ["2 Hz", "4 Hz", "8 Hz", "16 Hz"], "probs": [[0.1332579741719614, 0.3856907601474701, 0.18504919661367758, 0.2960020689668909], [0.18678340969080162, 0.2675825237550842, 0.09690328998326991, 0.4487307764708443], [0.13126137460166767, 0.2570351285368921, 0.19401406661674173, 0.4176894301446985], [0.09758871883445767, 0.296004871517295, 0.30069799192012975, 0.30570841762811757]], "ideal": "B", "sampled": "B", "correct": true}}
{"type": "result", "data": {"idx": 58, "options": ["frequency", "period", "wavelength", "amplitude"], "probs": [[0.01808437401383886, 0.01895294038116513, 0.01242830558514786, 0.9505343799198481], [0.0028269594114480223, 0.01227980129247307, 0.9455518893308322, 0.039341349865246636], [0.0004895804178131715, 0.9873741317030235, 0.009529919765839825, 0.002606368013323514], [0.9723220623452008, 0.011587914486175315, 0.005781601387049573, 0.010308421681574257]], "ideal": "D", "sampled": "D", "correct": true}}
{"type": "result", "data": {"idx": 59, "options": ["charged", "uncharged", "Either of these", "Neither of these"], "probs": [[0.23191357023603545, 0.4539926129799681, 0.2886590519535679, 0.02543476473042853], [0.49599132675920105, 0.19720849686689754, 0.061079115579563685, 0.2457210606943377], [0.2048725236996491, 0.09161315999732515, 0.3377226321835919, 0.36579168401943385], [0.14183016965342868, 0.31220479677206303, 0.4762363717220652, 0.0697286617524431]], "ideal": "C", "sampled": "B", "correct": false}}
{"type": "result", "data": {"idx": 60, "options": ["absorbed", "transmitted", "scattered", "polarized"], "probs": [[0.04750215218374244, 0.07021497319662315, 0.8762841052703595, 0.005998769249274933], [0.041408686206106986, 0.11348013879884904, 0.004986660359450454, 0.8401245145355936], [0.350688804957077, 0.011724817226893941, 0.5784762930172695, 0.05911008469875946], [0.029210719161839316, 0.48667384548854004, 0.22285369658999346, 0.26126173865962715]], "ideal": "C", "sampled": "A", "correct": false}}
{"type": "result", "data": {"idx": 61, "options": ["thorium-242", "thorium-238", "thorium-234", "radium-214"], "probs": [[0.14119573251673653, 0.39293459932155844, 0.3931261686541293, 0.07274349940757566], [0.042047149992963134, 0.7513492098382284, 0.1600024378141618, 0.046601202254646666], [0.2738386175906589, 0.24163436117242487, 0.1324072072494901, 0.35211981388742614], [0.2912853571098224, 0.1633833001872443, 0.29591794917253, 0.24941339343040328]], "ideal": "C", "sampled": "C", "correct": true}}
{"type": "result", "data": {"idx": 62, "options": ["toward you", "away from you", "Both of these", "None of these"], "probs": [[0.008773995056101718, 0.8216994205863593, 0.1543553844186535, 0.015171199838885475], [0.2519296890872756, 0.49346495444019955, 0.04552717302907933, 0.2090781833434455], [0.04583448468005068, 0.011235609482093333, 0.23646216760024658, 0.7064677381376094], [0.001170077152144225, 0.0306592298620435, 0.8684089092542875, 0.0997617836315248]], "ideal": "C", "sampled": "B", "correct": false}}
{"type": "result", "data": {"idx": 63, "options": ["charge", "energy", "mass", "all of these"], "probs": [[0.025927100928295768, 0.12086828454917939, 0.21885389676280154, 0.6343507176597233], [0.0464783879160266, 0.42753318823857617, 0.5000871521869868, 0.025901271558410346], [0.4548510644491476, 0.3597806122522929, 0.08218941152905139, 0.10317891166950813], [0.03364939690006193, 0.06641996054625815, 0.04974177217899035, 0.8501888702746896]], "ideal": "D", "sampled": "C", "correct": false}}
{"type": "result", "data": {"idx": 64, "options": ["unchanged", "twice as much", "half as much", "four times as much"], "probs": [[0.013053457603928321, 0.7354852755089298, 0.1541683119296351, 0.09729295485750673], [0.1537745445812946, 0.2400131970403984, 0.3660190999141885, 0.2401931583641185], [0.0633696434607823, 0.334678463694559, 0.14393653939289577, 0.4580153533517629], [0.0962909041633548, 0.1929942575796448, 0.47035299148484316, 0.24036184667215724]], "ideal": "B", "sampled": "B", "correct": true}}
{"type": "result", "data": {"idx": 65, "options": ["breaking the sound barrier", "pulling out of a subsonic dive", "flying faster than sound", "Each of these produces a sonic boom"], "probs": [[0.0709744585543919, 0.03354047833611784, 0.30843250561703184, 0.5870525573924584], [0.009584225927472417, 0.8365345783410665, 0.07085467287609744, 0.08302652275536362], [0.5852714405755503, 0.08974936035220207, 0.308479170305928, 0.016500028666319673], [0.026870925899195538, 0.03589646888500185, 0.02077117345426072, 0.9164614316615419]], "ideal": "C", "sampled": "C", "correct": true}}
{"type": "result", "data": {"idx": 66, "options": ["becomes slightly radioactive", "doesn\u2019t become radioactive", "will spoil faster", "should be avoided"], "probs": [[0.1079848140823407, 0.7380592519847158, 0.10635800222757068, 0.04759793160537278], [0.01955115908370758, 0.02164435119545265, 0.0359628559626865, 0.9228416336581533], [0.06484587703514849, 0.05251656041751034, 0.23176449125617674, 0.6508730711911644], [0.06871319999395718, 0.1443416262568006, 0.7566693682210739, 0.03027580542816827]], "ideal": "B", "sampled": "B", "correct": true}}
{"type": "result", "data": {"idx": 67, "options": ["fluorescence.", "coherence.", "polarization.", "de-excitation."], "probs": [[0.17325726230412997, 0.010736743968474557, 0.013675436439839, 0.8023305571875564], [0.005082045954056966, 0.0038076677307753775, 0.01328432416286077, 0.9778259620523069], [0.0018841966499369262, 0.005284819280251046, 0.9915453780238005, 0.0012856059460115176], [0.013906526670487196, 0.9751527570627903, 0.004048924317759087, 0.006891791848963433]], "ideal": "D", "sampled": "A", "correct": false}}
{"type": "result", "data": {"idx": 68, "options": ["reflected or converted to internal energy in the material.", "mainly reflected.", "mainly refracted.", "transmitted at a lower frequency."], "probs": [[0.037824012775662205, 0.8679937820478548, 0.09079370752458688, 0.003388497551896034], [0.7748983609865152, 0.038571589230031005, 0.010795765706130582, 0.17573428397732316], [0.017596670126878017, 0.008853167607506577, 0.3218965603254685, 0.6516536018401469], [0.0015675386811684385, 0.8851513754112428, 0.11077392711440187, 0.002507158693186891]], "ideal": "A", "sampled": "B", "correct": false}}
{"type": "result", "data": {"idx": 69, "options": ["1/100 as much", "10 times as much", "100 times as much", "1000 times as much"], "probs": [[0.4251988859436807, 0.12275960386627877, 0.2967946253181332, 0.1552468847719073], [0.03482297159819869, 0.028648598917184256, 0.04436775047915854, 0.8921606789054585], [0.01017828884198819, 0.02385406289185335, 0.8409378856691496, 0.12502976249700884], [0.004356812383963813, 0.8304338767597497, 0.126348112806242, 0.03886119795004449]], "ideal": "C", "sampled": "A", "correct": false}}
{"type": "result", "data": {"idx": 70, "options": ["direction", "energy", "Both of these", "Neither of these"], "probs": [[0.15314965084438759, 0.030165722068076297, 0.7779443493132709, 0.03874027767426516], [0.019693774880431683, 0.03272388466056407, 0.019086347677665247, 0.928495992681339], [0.37245752605934124, 0.05365529540941772, 0.5592127918061435, 0.01467438662509756], [0.019890961081985934, 0.6745052600808409, 0.028493012481971745, 0.2771107662552014]], "ideal": "A", "sampled": "A", "correct": true}}
{"type": "result", "data": {"idx": 71, "options": ["more dense", "less dense", "more slippery", "warmer"], "probs": [[0.30062308764514084, 0.6263609498748, 0.05872916029770691, 0.0142868020823523], [0.554383716467841, 0.07500311214636667, 0.028916962311640246, 0.34169620897415204], [0.5210495227523426, 0.059363099600239395, 0.24224707074635504, 0.17734030680106297], [0.022126417934565695, 0.6883289319829589, 0.2573135533271246, 0.032231096655350885]], "ideal": "A", "sampled": "B", "correct": false}}
{"type": "result", "data": {"idx": 72, "options": ["frequency.", "wavelength.", "air temperature.", "All of these."], "probs": [[0.010310881318931415, 0.0079068824597589, 0.10171353544551448, 0.8800687006757952], [0.009516117002524537, 0.024684281603463438, 0.9557450848575366, 0.01005451643647543], [0.043583673292115106, 0.9177850464553854, 0.017204846031408504, 0.02142643412109101], [0.8698881300037251, 0.01618257170821791, 0.03425099340577265, 0.07967830478228426]], "ideal": "C", "sampled": "D", "correct": false}}
{"type": "result", "data": {"idx": 73, "options": ["conduction", "convection", "radiation", "All of these, although radiation is greatest"], "probs": [[0.001117581503573026, 0.008004192276996506, 0.4990978547787345, 0.49178037134069597], [0.003979489099390359, 0.25211276920666853, 0.7297844092900792, 0.014123332303861978], [0.4839693630746451, 0.4993098990415578, 0.00907441643068888, 0.007646321353108194], [0.033656885622258506, 0.006949561682630279, 0.010591855546929235, 0.948801697048182]], "ideal": "C", "sampled": "C", "correct": true}}
{"type": "result", "data": {"idx": 74, "options": ["like any other force", "multiplied by a lever arm", "that is fictitious", "that accelerates things"], "probs": [[0.31545548511559124, 0.6175536890203603, 0.04876254325899064, 0.01822828250505777], [0.16798814429307563, 0.028740312879225453, 0.03689776997114563, 0.7663737727565533], [0.028362201788068423, 0.05216987851643663, 0.7851004672857981, 0.13436745230969688], [0.031005051330413178, 0.23636727296842963, 0.6737274006124473, 0.05890027498870989]], "ideal": "B", "sampled": "A", "correct": false}}
