{"type": "result", "data": {"idx": 0, "options": ["10%", "20%", "40%", "80%"], "probs": [[0.004237312154214313, 0.40305958241145434, 0.5175420393152296, 0.07516106601910176], [0.016620817187543154, 0.752624714289259, 0.19327472760396824, 0.037479740819229584], [0.13665373302760567, 0.3545219605583268, 0.0531069123001151, 0.45571739401395245], [0.01874643539594209, 0.017616135768110473, 0.5229395559268967, 0.4406978728090508]], "ideal": "C", "sampled": "C", "correct": true}}
{"type": "result", "data": {"idx": 1, "options": ["About $300", "About $3k", "About $8k", "About $15k"], "probs": [[0.22148017083040153, 0.3919417138873766, 0.24333290350982145, 0.14324521167240042], [0.2220393121020484, 0.47758281226150684, 0.17568384109170743, 0.12469403444473733], [0.28882240385438407, 0.2980385333586161, 0.20483444018597155, 0.20830462250102827], [0.2597896216502937, 0.5087483638481556, 0.1379977942417652, 0.09346422015978549]], "ideal": "B", "sampled": "C", "correct": false}}
{"type": "result", "data": {"idx": 2, "options": ["52%", "62%", "72%", "82%"], "probs": [[0.014469878504042044, 0.3000865826068632, 0.4364764020746187, 0.24896713671447607], [0.036662518018402986, 0.5144861801892001, 0.41328670492730657, 0.035564596765090314], [0.05252868642483864, 0.790994578587926, 0.06048099650969536, 0.09599573837754002], [0.13810254734940056, 0.044164754774957786, 0.11450523222214258, 0.703227465553499]], "ideal": "C", "sampled": "C", "correct": true}}
{"type": "result", "data": {"idx": 3, "options": ["China", "United States", "Germany", "Japan"], "probs": [[0.3833745150136124, 0.060210772301276305, 0.46242392403049304, 0.09399078855461825], [0.01928716037753112, 0.041163620875317934, 0.07165450174959194, 0.867894716897559], [0.10121058671654444, 0.06905043869520143, 0.5690101384547567, 0.26072883603349745], [0.021716240829783375, 0.22122724798657672, 0.2772657815676297, 0.4797907295160102]], "ideal": "A", "sampled": "A", "correct": true}}
{"type": "result", "data": {"idx": 4, "options": ["by 5 fold", "by 10 fold", "by 15 fold", "by 20 fold"], "probs": [[0.03196657833124877, 0.6478264355303216, 0.17993700569535367, 0.14026998034307597], [0.06165701647700914, 0.4454876928026744, 0.33378719903076287, 0.15906809158955357], [0.15481053291203206, 0.3925985991562205, 0.11880557237867578, 0.3337852954530717], [0.16546214868765255, 0.24095622833709035, 0.1763122800365762, 0.4172693428386809]], "ideal": "C", "sampled": "B", "correct": false}}
{"type": "result", "data": {"idx": 5, "options": ["Lower respiratory infections", "Preterm birth complications", "Diarrheal diseases", "Malaria"], "probs": [[0.5793859977161443, 0.030710547694661576, 0.37409315501009277, 0.01581029947910134], [0.029456715918155615, 0.8280826179299083, 0.023125223726980438, 0.11933544232495566], [0.9376493708925502, 0.016645098134412378, 0.02853144524060129, 0.01717408563243609], [0.012638995327066227, 0.8198549692720841, 0.0227156743503863, 0.14479036095046333]], "ideal": "A", "sampled": "C", "correct": false}}
{"type": "result", "data": {"idx": 6, "options": ["10%", "20%", "30%", "40%"], "probs": [[0.06586016017925889, 0.24862401370172976, 0.29988679510252014, 0.3856290309164912], [0.08062306730668864, 0.252297071697687, 0.29959130060961586, 0.3674885602860085], [0.1444852159926287, 0.3990321338066142, 0.2873841438189612, 0.1690985062817959], [0.231895423862854, 0.32711196917338264, 0.14741242369764415, 0.2935801831661192]], "ideal": "C", "sampled": "D", "correct": false}}
{"type": "result", "data": {"idx": 7, "options": ["29%", "49%", "69%", "89%"], "probs": [[0.04700708883921722, 0.3020098585857525, 0.4463949319451366, 0.2045881205298937], [0.01894462698974565, 0.613403151720197, 0.28522593258269213, 0.08242628860736521], [0.07308801898988329, 0.32274522893263197, 0.36006718333835075, 0.24409956863913398], [0.0303268649325696, 0.34754135424428667, 0.26227563030759177, 0.35985615041555197]], "ideal": "C", "sampled": "C", "correct": true}}
{"type": "result", "data": {"idx": 8, "options": ["18%", "38%", "58%", "78%"], "probs": [[0.04570238140562231, 0.2958086872010394, 0.29573763846103346, 0.36275129283230484], [0.04513255251465868, 0.38998434960626766, 0.463108641018454, 0.10177445676061962], [0.05752812218224678, 0.7820215078774848, 0.05620367347252714, 0.10424669636774125], [0.26664021608547284, 0.12597049771479704, 0.15309531985182456, 0.4542939662479056]], "ideal": "C", "sampled": "D", "correct": false}}
{"type": "result", "data": {"idx": 9, "options": ["11%", "26%", "41%", "56%"], "probs": [[0.03128288231857151, 0.36963435039906667, 0.3638584518552705, 0.2352243153270913], [0.04180038612143879, 0.6291361252904902, 0.24253395243200182, 0.08652953605606911], [0.09242527987440445, 0.4587704793076045, 0.10725343917329666, 0.34155080154469436], [0.12189051507684598, 0.09351187943477113, 0.3612498640652849, 0.42334774132309794]], "ideal": "B", "sampled": "C", "correct": false}}
{"type": "result", "data": {"idx": 10, "options": ["23%", "38%", "53%", "68%"], "probs": [[0.04642464229403551, 0.2673686235326595, 0.38291230778605795, 0.30329442628724707], [0.02820269873058599, 0.4379837402651066, 0.481076195687731, 0.05273736521657635], [0.061006469235933114, 0.7553903774388837, 0.06497006620673579, 0.11863308701844735], [0.151802636003333, 0.19502373909596257, 0.2707206429592543, 0.38245298184145016]], "ideal": "D", "sampled": "D", "correct": true}}
{"type": "result", "data": {"idx": 11, "options": ["5%", "10%", "15%", "25%"], "probs": [[0.15771368144365552, 0.3088552653480665, 0.25206783411366346, 0.28136321899461453], [0.06107253199637349, 0.07030248315242142, 0.06301380323815844, 0.8056111815130467], [0.052997019308175984, 0.09902820071143702, 0.676762654632723, 0.17121212524766402], [0.04215255704675169, 0.6647162958532861, 0.20590448147341367, 0.08722666552654851]], "ideal": "B", "sampled": "A", "correct": false}}
{"type": "result", "data": {"idx": 12, "options": ["2%", "4%", "9%", "18%"], "probs": [[0.0505642629688882, 0.11221200135628806, 0.5271234715110835, 0.31010026406374025], [0.13210236631197844, 0.2627742509944446, 0.22830539259101573, 0.37681799000256117], [0.12062196791819417, 0.2805367791532115, 0.2437304479751773, 0.355110804853417], [0.1328964700103494, 0.36134687600913523, 0.20589250630901434, 0.29986414757150104]], "ideal": "C", "sampled": "C", "correct": true}}
{"type": "result", "data": {"idx": 13, "options": ["minimum wage legislation", "land reform", "progressive taxation", "increased access to education"], "probs": [[0.13440291707366497, 0.7860377503335265, 0.01450438624572611, 0.06505494624708243], [0.32713307409292264, 0.08877028920822054, 0.4761396560851283, 0.10795698051372847], [0.1304520493158622, 0.11249457834104953, 0.04403449139984511, 0.7130188808432432], [0.030169530098417174, 0.6255737806438693, 0.33482606418334193, 0.009430624974371651]], "ideal": "A", "sampled": "B", "correct": false}}
{"type": "result", "data": {"idx": 14, "options": ["36%", "56%", "76%", "96%"], "probs": [[0.11266169611980158, 0.2746250012642819, 0.5051127038010045, 0.10760059871491201], [0.14713573015840542, 0.475146607257696, 0.14948795288832334, 0.2282297095955753], [0.11202314822659425, 0.2263665561760141, 0.5263595980490545, 0.13525069744833715], [0.06548137265892696, 0.5112960376175757, 0.18515081839759473, 0.23807177122590262]], "ideal": "B", "sampled": "A", "correct": false}}
{"type": "result", "data": {"idx": 15, "options": ["6%", "13%", "27%", "46%"], "probs": [[0.007246643820378674, 0.05928059708163074, 0.6178114456750907, 0.3156613133228998], [0.011643624626045814, 0.6309223550476935, 0.3430499340578551, 0.014384086168405632], [0.15725112545598327, 0.6318625446470977, 0.051061132957192765, 0.15982519683972632], [0.11781249456442913, 0.06017948067341105, 0.12156538165926023, 0.7004426430028996]], "ideal": "B", "sampled": "C", "correct": false}}
{"type": "result", "data": {"idx": 16, "options": ["34%", "49%", "64%", "79%"], "probs": [[0.05977435854778668, 0.1960327771134426, 0.28080054226693946, 0.4633923219718313], [0.0286703811044858, 0.31809628202095086, 0.5163760924760269, 0.13685724429853643], [0.0354617331009818, 0.7763563202625078, 0.11539254193156229, 0.07278940460494808], [0.11743558109542895, 0.3118928349310235, 0.2585703413036405, 0.31210124256990707]], "ideal": "A", "sampled": "D", "correct": false}}
{"type": "result", "data": {"idx": 17, "options": ["62%", "72%", "82%", "92%"], "probs": [[0.09363913208676866, 0.5560665974686756, 0.29302827830789024, 0.05726599203666553], [0.10796503319386953, 0.33261199543234543, 0.11140151650829026, 0.44802145476549476], [0.060620636758976054, 0.13664111072493865, 0.4695127079157661, 0.3332255445003192], [0.040898447139756565, 0.2545416360292567, 0.45376356880461266, 0.25079634792637406]], "ideal": "C", "sampled": "B", "correct": false}}
{"type": "result", "data": {"idx": 18, "options": ["About $3k", "About $8k", "About $15k", "About $30k"], "probs": [[0.11385912041297772, 0.5268657363980374, 0.22481547963801396, 0.134459663450971], [0.26213166896260087, 0.4061072291357684, 0.1541266934159258, 0.17763440838570493], [0.4002483099058265, 0.3879792016078756, 0.09963472711601311, 0.11213776127028477], [0.5035554132587163, 0.24161797579481514, 0.13033990463547931, 0.12448670621098921]], "ideal": "C", "sampled": "D", "correct": false}}
{"type": "result", "data": {"idx": 19, "options": ["55,000", "550,000", "5,500,000", "55,000,000"], "probs": [[0.048758613257834704, 0.6576687390892606, 0.14444642413213712, 0.1491262234207675], [0.8583724569838355, 0.07045467256244928, 0.013657993750139538, 0.05751487660357568], [0.2553307239429855, 0.047974853300993436, 0.21166392693649694, 0.4850304957195241], [0.01753418160452576, 0.10575241673240834, 0.2576755900250161, 0.6190378115380498]], "ideal": "B", "sampled": "B", "correct": true}}
{"type": "result", "data": {"idx": 20, "options": ["25%", "45%", "65%", "85%"], "probs": [[0.05698903522095085, 0.45214777169740245, 0.3108020951108798, 0.18006109787076688], [0.11076856653319217, 0.4739752199484936, 0.16899561124859833, 0.24626060216971585], [0.08031162858134948, 0.33842421583201443, 0.40825678130647236, 0.17300737418016368], [0.07631481381253083, 0.4679248893692697, 0.1668418037214792, 0.2889184929967203]], "ideal": "A", "sampled": "A", "correct": true}}
{"type": "result", "data": {"idx": 21, "options": ["24%", "44%", "64%", "84%"], "probs": [[0.04005577801758829, 0.3128359633816006, 0.3833212211355604, 0.2637870373652508], [0.021698803434918666, 0.5512195413789868, 0.3848851451785662, 0.04219650990752833], [0.041532303193459595, 0.8610576371696727, 0.05418892940113733, 0.04322113013573041], [0.2364000818731468, 0.3036627950163682, 0.24780543132958904, 0.2121316916808959]], "ideal": "A", "sampled": "D", "correct": false}}
{"type": "result", "data": {"idx": 22, "options": ["25%", "40%", "55%", "75%"], "probs": [[0.0849860323133424, 0.3933481036232172, 0.2969991012663539, 0.22466676269708646], [0.10399643253242784, 0.31070139769560423, 0.25361928152275603, 0.3316828881492119], [0.07562611082275682, 0.4423791368821642, 0.328840814598381, 0.15315393759669804], [0.0884015560061745, 0.525286436028404, 0.23316934702448885, 0.15314266084093267]], "ideal": "D", "sampled": "A", "correct": false}}
{"type": "result", "data": {"idx": 23, "options": ["8%", "16%", "32%", "64%"], "probs": [[0.2156214585314267, 0.45657190934789715, 0.2561050798574237, 0.07170155216325239], [0.23967004534202355, 0.19872467810088004, 0.11321543493376812, 0.4483898415233283], [0.13583915412265998, 0.16909769405985972, 0.23473722971586222, 0.4603259220016181], [0.10654923825653051, 0.15505204746695447, 0.4702381684107636, 0.2681605457657514]], "ideal": "B", "sampled": "B", "correct": true}}
{"type": "result", "data": {"idx": 24, "options": ["males are more likely to have depression and are more likely to have an alcohol use disorder than females.", "females are more likely to have depression and are more likely to have an alcohol use disorder than males.", "males are more likely than females to have depression while females are more likely than males to have an alcohol use disorder.", "females are more likely than males to have depression while males are more likely than females to have an alcohol use disorder."], "probs": [[0.024955161471147402, 0.173328403515062, 0.3502775210598947, 0.4514389138538959], [0.01094872406474024, 0.0946565409217108, 0.6423205754424036, 0.2520741594711453], [0.013057995873060196, 0.353263926914968, 0.4468361812361551, 0.18684189587581673], [0.012481874936189635, 0.5654129453838407, 0.37102225868352795, 0.05108292089644166]], "ideal": "D", "sampled": "D", "correct": true}}
{"type": "result", "data": {"idx": 25, "options": ["37%", "47%", "57%", "67%"], "probs": [[0.023155218297930442, 0.30056036480458576, 0.34574038448703354, 0.33054403231045026], [0.021493693310081285, 0.32874794892925907, 0.5678695799355925, 0.08188877772506713], [0.046495186202969226, 0.8510971417249072, 0.06258949148209499, 0.039818180490028575], [0.21028242689827667, 0.13270269135246807, 0.13470755315405786, 0.5223073284951973]], "ideal": "D", "sampled": "D", "correct": true}}
{"type": "result", "data": {"idx": 26, "options": ["1%", "3%", "6%", "10%"], "probs": [[0.07265702838044263, 0.2764769884312101, 0.4215477986549146, 0.22931818443343266], [0.16357075922685171, 0.2534022293224516, 0.24177236492343437, 0.34125464642726233], [0.12370049667985888, 0.22936702626762256, 0.19012779703801225, 0.4568046799145063], [0.06773044168271823, 0.09781222044443479, 0.35222506519610075, 0.4822322725767462]], "ideal": "D", "sampled": "C", "correct": false}}
{"type": "result", "data": {"idx": 27, "options": ["23%", "43%", "63%", "83%"], "probs": [[0.050145091862958034, 0.31452862831168055, 0.4795893048576928, 0.15573697486766863], [0.09194262256341684, 0.1744959788260011, 0.11443210306787502, 0.619129295442707], [0.05999486319138019, 0.24105975711342426, 0.5432574566308407, 0.15568792296435488], [0.04269649571824575, 0.47002295880594713, 0.2850655391358085, 0.20221500623999863]], "ideal": "C", "sampled": "A", "correct": false}}
{"type": "result", "data": {"idx": 28, "options": ["10%", "30%", "50%", "70%"], "probs": [[0.10826366816082773, 0.4525711997124619, 0.11800086145410518, 0.32116427057260516], [0.1321842709702472, 0.13642554390334413, 0.24697180825898374, 0.4844183767674249], [0.05307389874335715, 0.23608830920612733, 0.0778368126945862, 0.6330009792559294], [0.07314569193261705, 0.14897721402211617, 0.5938453431635521, 0.18403175078171471]], "ideal": "D", "sampled": "B", "correct": false}}
{"type": "result", "data": {"idx": 29, "options": ["26%", "41%", "56%", "71%"], "probs": [[0.03622700991695195, 0.45192908899489953, 0.26984935795164694, 0.24199454303650156], [0.03934076545264601, 0.4036686540339639, 0.3912728247034529, 0.1657177557099372], [0.0132924360286003, 0.8687666354350293, 0.061958914344075494, 0.055982014092294925], [0.11420189503032947, 0.4846765064360073, 0.24371820504226285, 0.1574033933914004]], "ideal": "C", "sampled": "D", "correct": false}}
{"type": "result", "data": {"idx": 30, "options": ["690 million", "6.9 billion", "69 billion", "690 billion"], "probs": [[0.01693172336005952, 0.8355983276977438, 0.05217266691249174, 0.09529728192970495], [0.5428788580518654, 0.20288529687752072, 0.1211346369691557, 0.1331012080014581], [0.30649173028316057, 0.09204553743242508, 0.07111866718476112, 0.5303440649996533], [0.07472936662530254, 0.06597012239391063, 0.6559659652094567, 0.20333454567133008]], "ideal": "C", "sampled": "B", "correct": false}}
{"type": "result", "data": {"idx": 31, "options": ["9%", "29%", "59%", "79%"], "probs": [[0.35272408931643723, 0.43903918087387256, 0.13598784195071273, 0.07224888775897745], [0.1333287834991894, 0.14875687817425193, 0.10064380460175519, 0.6172705336248036], [0.022079097145970415, 0.046748381190446386, 0.48715624299087046, 0.4440162785727127], [0.011449527957587689, 0.3095318981403112, 0.6156153099432073, 0.0634032638588938]], "ideal": "A", "sampled": "A", "correct": true}}
{"type": "result", "data": {"idx": 32, "options": ["31%", "51%", "71%", "91%"], "probs": [[0.0342330706514974, 0.3405513737714128, 0.4511572684555307, 0.17405828702155904], [0.011324959191058546, 0.5949455069233509, 0.3086377766225427, 0.08509175716304784], [0.03939155905364926, 0.5791936580912521, 0.30048397516230446, 0.08093080759279413], [0.04407963156259338, 0.3442253470076612, 0.25577110049551055, 0.35592392083423485]], "ideal": "B", "sampled": "C", "correct": false}}
{"type": "result", "data": {"idx": 33, "options": ["by 4 fold", "by 8 fold", "by 16 fold", "by 32 fold"], "probs": [[0.0144885971156729, 0.23965939408300396, 0.4621769098980902, 0.28367509880323294], [0.023837708467194296, 0.3791015232519534, 0.5784357914890628, 0.01862497669178955], [0.1251353178984532, 0.7793461708665853, 0.03941239430887411, 0.05610611682608735], [0.20723086825061512, 0.02987355399436783, 0.10589186964494399, 0.657003708010073]], "ideal": "C", "sampled": "D", "correct": false}}
{"type": "result", "data": {"idx": 34, "options": ["1", "7", "13", "19"], "probs": [[0.0850072808858283, 0.16136421334422366, 0.09942162998875063, 0.6542068756811974], [0.06516364507457062, 0.20235059567829722, 0.5997206836214273, 0.13276507552570485], [0.16811333219262678, 0.5428375479892009, 0.21263615309624065, 0.07641296662193166], [0.19701803022169864, 0.3540764801457571, 0.10549448586682267, 0.3434110036657216]], "ideal": "D", "sampled": "D", "correct": true}}
{"type": "result", "data": {"idx": 35, "options": ["59%", "69%", "79%", "89%"], "probs": [[0.060130526046370945, 0.23978370693666665, 0.37715742409731456, 0.32292834281964783], [0.0652829483086153, 0.49789822096614034, 0.34752368923526716, 0.0892951413899772], [0.10011792666780027, 0.7400564909013683, 0.1170738992050961, 0.04275168312573535], [0.1681135009862118, 0.0825921005783853, 0.09356730408596856, 0.6557270942494343]], "ideal": "D", "sampled": "C", "correct": false}}
{"type": "result", "data": {"idx": 36, "options": ["Earthquakes", "Volcanic activity", "Wildfires", "Floods"], "probs": [[0.4156540759527964, 0.03807179845939664, 0.02807041142311679, 0.5182037140646901], [0.38434019394592406, 0.03604565533601156, 0.10029079689356031, 0.4793233537245041], [0.2833792994108956, 0.06374343849120245, 0.2706428306641046, 0.3822344313337973], [0.3146964843775411, 0.22145365336212688, 0.21640579522515388, 0.24744406693517812]], "ideal": "D", "sampled": "A", "correct": false}}
{"type": "result", "data": {"idx": 37, "options": ["15%", "35%", "55%", "75%"], "probs": [[0.17708287169005513, 0.4316243955545456, 0.227416343291201, 0.16387638936419818], [0.11071497866037654, 0.1662180746763074, 0.07491601444657407, 0.648150932116742], [0.061320480339685776, 0.15418421764365237, 0.21073821107905671, 0.5737570908376052], [0.022283006374235595, 0.3459564136145893, 0.4656529706785353, 0.16610760923263979]], "ideal": "B", "sampled": "B", "correct": true}}
{"type": "result", "data": {"idx": 38, "options": ["by 4 fold", "by 8 fold", "by 16 fold", "by 32 fold"], "probs": [[0.015363727623160644, 0.33930757480396817, 0.3844922166655346, 0.2608364808073365], [0.023479003413134213, 0.5224708308456079, 0.4332730761607471, 0.020777089480510817], [0.09701546366792703, 0.781866021312514, 0.04480593662460816, 0.07631257829495072], [0.17615362231791487, 0.041543332695445, 0.11467490814009945, 0.6676281367465406]], "ideal": "D", "sampled": "C", "correct": false}}
{"type": "result", "data": {"idx": 39, "options": ["36%", "51%", "66%", "81%"], "probs": [[0.0843761252620464, 0.29462080751958525, 0.24808106944343578, 0.37292199767493256], [0.05098004992176393, 0.3623964474643601, 0.4511317593483562, 0.13549174316551976], [0.036005410086306915, 0.8071141567614182, 0.1277047054738909, 0.02917572757838395], [0.18100716711282158, 0.4080438139043643, 0.21501966459447677, 0.19592935428833735]], "ideal": "C", "sampled": "D", "correct": false}}
{"type": "result", "data": {"idx": 40, "options": ["81%", "86%", "91%", "96%"], "probs": [[0.13315574724269708, 0.41679957194332956, 0.32963517059341474, 0.12040951012055859], [0.1536886875257141, 0.5366413116657828, 0.21341689405878073, 0.0962531066497224], [0.22362965833560036, 0.4312515363596575, 0.24184458364312733, 0.10327422156161478], [0.08589368120704674, 0.32182570569368757, 0.31672667745924693, 0.2755539355400188]], "ideal": "B", "sampled": "C", "correct": false}}
{"type": "result", "data": {"idx": 41, "options": ["26%", "46%", "66%", "86%"], "probs": [[0.038908621024155564, 0.4153126051921032, 0.25989208687780996, 0.28588668680593127], [0.030060710774382767, 0.3930287411997106, 0.5127155847130025, 0.06419496321290415], [0.038358643514241814, 0.7129875895760803, 0.1425900911772248, 0.10606367563245309], [0.06595879194878855, 0.3797948742977314, 0.31986729022345456, 0.2343790434300255]], "ideal": "A", "sampled": "D", "correct": false}}
{"type": "result", "data": {"idx": 42, "options": ["Brazil", "China", "Mexico", "Iran"], "probs": [[0.2279510294014822, 0.11744061551344658, 0.21404867938565414, 0.4405596755994171], [0.036141514235972526, 0.2216982212187944, 0.23742796124486157, 0.5047323032003715], [0.270679356657314, 0.34235570086360484, 0.27483803235850646, 0.11212691002057469], [0.139642575087177, 0.44423983490912994, 0.13112007984161123, 0.28499751006208185]], "ideal": "C", "sampled": "A", "correct": false}}
{"type": "result", "data": {"idx": 43, "options": ["1.2 million", "2.4 million", "3.6 million", "4.8 million"], "probs": [[0.05728591190237708, 0.4507384564221787, 0.20961099704783895, 0.28236463452760524], [0.0633137367977173, 0.605583780135932, 0.27295705368295947, 0.058145429283391246], [0.1685340280443879, 0.6166346760466175, 0.08345079545513938, 0.1313805003538552], [0.17182022331426938, 0.1745705753390264, 0.1858263164572856, 0.4677828847894186]], "ideal": "A", "sampled": "C", "correct": false}}
{"type": "result", "data": {"idx": 44, "options": ["Diarrheal diseases", "Diabetes", "Dementia", "Road injuries"], "probs": [[0.31097575581769465, 0.0727186272026914, 0.016352806304221028, 0.599952810575393], [0.056107091149486546, 0.018077645505695152, 0.6473031134559319, 0.2785121497888864], [0.011950958771359446, 0.6036834373236544, 0.323136281458652, 0.06122932234633424], [0.601276821597256, 0.3372719027204891, 0.04935346598452171, 0.012097809597733173]], "ideal": "C", "sampled": "D", "correct": false}}
{"type": "result", "data": {"idx": 45, "options": ["3 million", "14 million", "42 million", "124 million"], "probs": [[0.0030563889419189926, 0.06743582106613806, 0.468119038964027, 0.4613887509279159], [0.0041475474358223085, 0.7426798591918594, 0.24491938277222194, 0.00825321050009634], [0.15423813087236826, 0.7835353422387965, 0.03183643069941028, 0.030390096089424928], [0.3393680935225536, 0.03107942908797732, 0.08648164279514454, 0.5430708344943246]], "ideal": "C", "sampled": "C", "correct": true}}
{"type": "result", "data": {"idx": 46, "options": ["26%", "46%", "66%", "86%"], "probs": [[0.1576078282916243, 0.5010630637223057, 0.19314247943444254, 0.1481866284516274], [0.09692106828261582, 0.1388586970514689, 0.08964469683665775, 0.6745755377292575], [0.032119922576016306, 0.10700824935415394, 0.4435566696346056, 0.41731515833522415], [0.02530148167761968, 0.48892362261773253, 0.38079951913126675, 0.104975376473381]], "ideal": "A", "sampled": "A", "correct": true}}
{"type": "result", "data": {"idx": 47, "options": ["25%", "45%", "65%", "85%"], "probs": [[0.046847851475794795, 0.2655319054317751, 0.35171533675596645, 0.3359049062364637], [0.07224912357164666, 0.25622562144128874, 0.3670085750229643, 0.30451667986410025], [0.07437228355280688, 0.637751514864629, 0.16894623509635184, 0.11892996638621228], [0.13829543107245532, 0.20286541289641588, 0.3344157437471637, 0.3244234121839651]], "ideal": "B", "sampled": "D", "correct": false}}
{"type": "result", "data": {"idx": 48, "options": ["6%", "16%", "36%", "66%"], "probs": [[0.13410182445759217, 0.6107077666212981, 0.19518360711750166, 0.06000680170360807], [0.2283691580608231, 0.28426140120373594, 0.08601352443410827, 0.40135591620133265], [0.15841108795028938, 0.1686885679894167, 0.12732018718817467, 0.5455801567721192], [0.07119657047909393, 0.12998615241395733, 0.479293650419729, 0.3195236265872197]], "ideal": "C", "sampled": "B", "correct": false}}
{"type": "result", "data": {"idx": 49, "options": ["43%", "58%", "73%", "88%"], "probs": [[0.048461250594916294, 0.41873368304704256, 0.3526238772470004, 0.18018118901104077], [0.04004930138407853, 0.5840501449738583, 0.24347233368133137, 0.1324282198607318], [0.06323724192316832, 0.5092922410657418, 0.3137818253189822, 0.11368869159210775], [0.04041534722066111, 0.5041195228805606, 0.18545024371453683, 0.27001488608424135]], "ideal": "B", "sampled": "C", "correct": false}}
{"type": "result", "data": {"idx": 50, "options": ["0.50%", "2%", "6%", "12%"], "probs": [[0.07779108334856037, 0.36551772198230353, 0.40779872567444275, 0.14889246889469335], [0.22599420285936567, 0.3138248370843946, 0.14593641675944707, 0.3142445431967927], [0.19073414942751943, 0.12221267164179951, 0.3245423460020603, 0.3625108328286208], [0.12038659151284607, 0.4269466379642728, 0.26305870239348905, 0.1896080680293921]], "ideal": "B", "sampled": "B", "correct": true}}
{"type": "result", "data": {"idx": 51, "options": ["strongly supported by most studies", "supported mainly by cross-section, not time-series studies", "supported mainly by time-series, not cross-section studies", "generally repudiated by empirical studies"], "probs": [[0.18077469131085777, 0.5837026207171362, 0.17811575765247806, 0.057406930219528], [0.30185232069770307, 0.4257313855829886, 0.11556279456062765, 0.15685349905868068], [0.22674983399701823, 0.21980151204352713, 0.40454345334681424, 0.1489052005126404], [0.21712031438803484, 0.3694754407695951, 0.1381131770225267, 0.27529106771984335]], "ideal": "B", "sampled": "B", "correct": true}}
{"type": "result", "data": {"idx": 52, "options": ["12 years", "9 years", "6 years", "3 years"], "probs": [[0.1731731372826884, 0.5091163743128255, 0.21895847701141277, 0.0987520112930733], [0.14343537388797734, 0.29210901257454885, 0.19456283746204242, 0.36989277597543135], [0.05462617155784554, 0.12411726496090955, 0.406998373657713, 0.41425818972353184], [0.02393898513776049, 0.2635480121037341, 0.5849442979397202, 0.12756870471878512]], "ideal": "B", "sampled": "B", "correct": true}}
{"type": "result", "data": {"idx": 53, "options": ["0.90%", "1.80%", "3.60%", "7.20%"], "probs": [[0.08164062532652999, 0.4180586133045312, 0.26569980974147667, 0.2346009515274621], [0.12821054113511504, 0.407591796559326, 0.2049295340210489, 0.25926812818451], [0.0868745705305529, 0.5450064891773918, 0.22365363430288707, 0.14446530588916826], [0.10790731676402968, 0.5190090497883031, 0.18795943118272587, 0.1851242021649413]], "ideal": "D", "sampled": "D", "correct": true}}
{"type": "result", "data": {"idx": 54, "options": ["14%", "24%", "34%", "44%"], "probs": [[0.07222422956698107, 0.3237945139084317, 0.30891773101578485, 0.2950635254088024], [0.07641378960174143, 0.3506708521195198, 0.2952572769061398, 0.27765808127259894], [0.06842519546138044, 0.4714407464819805, 0.2996255248373791, 0.16050853311925994], [0.09050906516085769, 0.5010440386408503, 0.16780041281542357, 0.24064648328286842]], "ideal": "A", "sampled": "D", "correct": false}}
{"type": "result", "data": {"idx": 55, "options": ["60%", "75%", "90%", "45%"], "probs": [[0.08861143754115554, 0.3045365466687045, 0.23349547035899115, 0.3733565453311488], [0.05154132842502165, 0.28087750074438844, 0.3441443144930972, 0.32343685623749274], [0.04548540575390966, 0.496818169996583, 0.2537472172201082, 0.20394920692939916], [0.04803081350877618, 0.3012789330408258, 0.3929333481504969, 0.2577569051999011]], "ideal": "B", "sampled": "D", "correct": false}}
{"type": "result", "data": {"idx": 56, "options": ["50%", "60%", "70%", "80%"], "probs": [[0.02690147708465397, 0.18680325844518142, 0.371450497599445, 0.4148447667707196], [0.062203870358360946, 0.23118858355564748, 0.43189824021707984, 0.2747093057689117], [0.09166861939271703, 0.39220735076518387, 0.23782327873421832, 0.27830075100788076], [0.08740846710292065, 0.16592076302173087, 0.2735155257629387, 0.47315524401240977]], "ideal": "D", "sampled": "D", "correct": true}}
{"type": "result", "data": {"idx": 57, "options": ["2%", "25%", "50%", "75%"], "probs": [[0.11858877715159866, 0.4113116325222159, 0.18237982960277646, 0.2877197606234089], [0.12094655583442432, 0.2158265519911651, 0.1747136920174517, 0.48851320005695886], [0.07497302851941852, 0.15159209883520583, 0.1799607494311043, 0.5934741231142714], [0.10101328871988056, 0.22083595712655424, 0.5017857962318428, 0.17636495782172237]], "ideal": "D", "sampled": "B", "correct": false}}
{"type": "result", "data": {"idx": 58, "options": ["no nation has been able to grow in the past years.", "the Democratic Republic of Congo has become poorer than it initially was in 1980.", "some countries have had relatively significant growth rates.", "some countries have had relatively significant growth rates, but the Democratic Republic of Congo has become poorer than it initially was in 1980."], "probs": [[0.0009116512262108676, 0.006528637389446855, 0.9104566491796006, 0.08210306210474168], [0.010207912199487584, 0.46571026375373975, 0.5197891718323403, 0.004292652114432338], [0.6340089746754528, 0.3186912392617438, 0.008902840746559, 0.03839694521624438], [0.06776696897293007, 0.015479945682821742, 0.2518253197003002, 0.664927765543948]], "ideal": "C", "sampled": "C", "correct": true}}
{"type": "result", "data": {"idx": 59, "options": ["15.50%", "34.80%", "48.10%", "65.20%"], "probs": [[0.032547482776359236, 0.4256503578320788, 0.26221479107022355, 0.2795873682213384], [0.061648811756965814, 0.5539420620367197, 0.3466965268754594, 0.03771259923085505], [0.08768576513375813, 0.7174469934796138, 0.034618288790970585, 0.16024895249565752], [0.21721793675456927, 0.07627931002892543, 0.39968469434825904, 0.3068180587682462]], "ideal": "B", "sampled": "D", "correct": false}}
{"type": "result", "data": {"idx": 60, "options": ["5 million", "30 million", "150 million", "500 million"], "probs": [[0.02613548707712716, 0.6535788543005975, 0.26404516381617466, 0.056240494706100694], [0.29734972780986296, 0.49037010568774253, 0.07818555260827592, 0.13409461379411858], [0.3953291173874226, 0.1500700525841588, 0.09995644538270579, 0.35464438454571284], [0.1768770406265342, 0.11423058316974768, 0.18831856967827781, 0.5205738064254403]], "ideal": "C", "sampled": "C", "correct": true}}
{"type": "result", "data": {"idx": 61, "options": ["Colombia, Peru, Uruguay, and Costa Rica.", "Bhutan, Niger, Cambodia, and Costa Rica.", "Uruguay, Costa Rica, Timor-Leste, and Pakistan.", "Bhutan, Cambodia, Uruguay and Costa Rica."], "probs": [[0.06732680572648456, 0.1416989846941059, 0.05462463511027312, 0.7363495743691364], [0.1282716167875039, 0.25553078913930066, 0.5206135200567863, 0.09558407391640918], [0.10549443607074215, 0.5667234869749174, 0.09108490090222644, 0.23669717595211404], [0.17877848336293306, 0.274942909903786, 0.27719304464729905, 0.2690855619859818]], "ideal": "A", "sampled": "D", "correct": false}}
{"type": "result", "data": {"idx": 62, "options": ["10%", "20%", "40%", "80%"], "probs": [[0.1505265064308543, 0.3290061603305625, 0.29948794392499667, 0.2209793892135865], [0.16082134841264406, 0.13336248694516747, 0.10714508592010977, 0.5986710786220787], [0.14438777100751657, 0.21855055444887939, 0.2085038783491926, 0.42855779609441147], [0.10790465931863373, 0.2080935866638585, 0.4405408268806995, 0.24346092703680824]], "ideal": "B", "sampled": "B", "correct": true}}
{"type": "result", "data": {"idx": 63, "options": ["38%", "58%", "78%", "98%"], "probs": [[0.050247842450177646, 0.4807832717706516, 0.40487732007319055, 0.0640915656059802], [0.0972860491657592, 0.42280162951598615, 0.08194720304486258, 0.3979651181733921], [0.051546850918236894, 0.11353393922775616, 0.48185137915127063, 0.3530678306027363], [0.013391328159192282, 0.33235784981620753, 0.36500948539153133, 0.2892413365330689]], "ideal": "C", "sampled": "B", "correct": false}}
{"type": "result", "data": {"idx": 64, "options": ["True, True", "True, False", "False, True", "False, False"], "probs": [[0.14856121325786348, 0.5270456278508144, 0.1684563183276045, 0.15593684046371764], [0.13238404295360295, 0.30318736123428675, 0.42112513117378375, 0.1433034645383265], [0.11344172888933972, 0.31832447882035375, 0.2639603038163296, 0.30427348837397694], [0.08500359698269302, 0.3694688269284797, 0.38140367321123325, 0.164123902777594]], "ideal": "B", "sampled": "B", "correct": true}}
{"type": "result", "data": {"idx": 65, "options": ["260", "2,600", "26,000", "260,000"], "probs": [[0.032086517060943315, 0.6345708847422579, 0.21589758587895563, 0.11744501221784315], [0.25180109394799854, 0.5764038943517519, 0.09191207244400691, 0.07988293915624271], [0.3454626007170504, 0.30966735805953405, 0.17644466983832777, 0.16842537128508775], [0.13085265456321632, 0.13713267444192942, 0.20586343107549063, 0.5261512398193636]], "ideal": "C", "sampled": "C", "correct": true}}
{"type": "result", "data": {"idx": 66, "options": ["90%", "70%", "50%", "30%"], "probs": [[0.2899483848053985, 0.5173280431307611, 0.10346921172706275, 0.08925436023677773], [0.0968316477285417, 0.042996226936074695, 0.032701420916673066, 0.8274707043187105], [0.01536103744998635, 0.053248225105899064, 0.8140696674782831, 0.11732106986583149], [0.013380689947211262, 0.7606064242340791, 0.1953346327690704, 0.030678252949639235]], "ideal": "A", "sampled": "A", "correct": true}}
{"type": "result", "data": {"idx": 67, "options": ["Japan", "Canada", "Russia", "Iran"], "probs": [[0.16526673732535413, 0.04245626925997557, 0.5814554690733241, 0.21082152424134612], [0.04923318515102027, 0.21907659546789993, 0.04449238089428044, 0.6871978383867994], [0.25868378291503824, 0.03090788381367501, 0.5651402736048514, 0.14526805956643535], [0.017134635574083738, 0.6795133071976743, 0.04111711871944463, 0.2622349384087973]], "ideal": "B", "sampled": "A", "correct": false}}
{"type": "result", "data": {"idx": 68, "options": ["59%", "69%", "79%", "89%"], "probs": [[0.05653673578342885, 0.29409883299803735, 0.3895644661264808, 0.25979996499205293], [0.0755079732943079, 0.4485423099344091, 0.30822848122358787, 0.16772123544769516], [0.11262178419894289, 0.6284884809819204, 0.17178152499865285, 0.08710820972048382], [0.11660793285586271, 0.17927768269581762, 0.15092466067110707, 0.5531897236772125]], "ideal": "C", "sampled": "C", "correct": true}}
{"type": "result", "data": {"idx": 69, "options": ["9%", "19%", "39%", "59%"], "probs": [[0.13649805972111012, 0.4013084053201981, 0.21478823675188582, 0.2474052981068059], [0.1364423293799116, 0.3652253041729093, 0.251011781339227, 0.247320585007952], [0.12291977357766658, 0.4095031801724644, 0.14829840427488086, 0.3192786418749881], [0.1327363083716171, 0.2681845684351873, 0.2900143818265105, 0.30906474126668515]], "ideal": "B", "sampled": "B", "correct": true}}
{"type": "result", "data": {"idx": 70, "options": ["18%", "38%", "58%", "78%"], "probs": [[0.07268023273574986, 0.4152305002026623, 0.2479023561258859, 0.26418691083570195], [0.0688783706154358, 0.2725350680317916, 0.34450267301792054, 0.314083888234852], [0.061023668218606046, 0.5441942546921469, 0.18803756516599676, 0.20674451182325032], [0.1027114421834588, 0.2665250082501977, 0.34224076095498773, 0.2885227885113557]], "ideal": "B", "sampled": "D", "correct": false}}
{"type": "result", "data": {"idx": 71, "options": ["24%", "39%", "54%", "69%"], "probs": [[0.06490683864777749, 0.27988735941989107, 0.34284598313111475, 0.31235981870121665], [0.041172589642468886, 0.36424144691786964, 0.49020003719717703, 0.10438592614248444], [0.058318417264257384, 0.768471763562112, 0.07549291553296204, 0.09771690354066859], [0.1663795436212866, 0.2498392648721132, 0.25773308062558564, 0.32604811078101453]], "ideal": "A", "sampled": "D", "correct": false}}
{"type": "result", "data": {"idx": 72, "options": ["1.5 children per woman", "2.5 children per woman", "3.5 children per woman", "4.5 children per woman"], "probs": [[0.44013159642937527, 0.4541509364435609, 0.08942659776831599, 0.016290869258747804], [0.7309231246019063, 0.15083005937450628, 0.038737505552909474, 0.07950931037067789], [0.42907205219746447, 0.15300881861110294, 0.29491215941341037, 0.12300696967802217], [0.09653804619908272, 0.4717571453721152, 0.3141982069775257, 0.11750660135127636]], "ideal": "B", "sampled": "B", "correct": true}}
{"type": "result", "data": {"idx": 73, "options": ["$300 ", "$1,000 ", "$10,000 ", "$30,000 "], "probs": [[0.012137201541218995, 0.08899658802355151, 0.2850739263324149, 0.6137922840028146], [0.009492410505045344, 0.07351306203318919, 0.43317560083293255, 0.4838189265288329], [0.020546046606538283, 0.3557999385544952, 0.5776876619479, 0.04596635279106648], [0.28380980556209573, 0.4129564386760167, 0.04057167767007844, 0.2626620779918091]], "ideal": "C", "sampled": "D", "correct": false}}
{"type": "result", "data": {"idx": 74, "options": ["20%", "40%", "60%", "80%"], "probs": [[0.14535628041130677, 0.2553397974810995, 0.3007041170787497, 0.2985998049288441], [0.1105490931430719, 0.1205220076010102, 0.14997690020629645, 0.6189519989496214], [0.09772011054253234, 0.2536265996663502, 0.38673896268678887, 0.2619143270043286], [0.13145549985809352, 0.4850484872883837, 0.21183093521357024, 0.17166507753995255]], "ideal": "C", "sampled": "A", "correct": false}}
{"type": "result", "data": {"idx": 75, "options": ["41%", "56%", "71%", "86%"], "probs": [[0.03046338801639964, 0.18961359452638665, 0.41414808991424984, 0.36577492744296386], [0.018410085875521835, 0.489998916524867, 0.45320517943269534, 0.03838581806691583], [0.030171919049063637, 0.8819948269663378, 0.06338968754317596, 0.02444356634142256], [0.17972461458582203, 0.09181134949072096, 0.0903757119312338, 0.6380883238922231]], "ideal": "B", "sampled": "D", "correct": false}}
{"type": "result", "data": {"idx": 76, "options": ["1%", "2%", "4%", "8%"], "probs": [[0.07051894698501285, 0.25404163483597286, 0.36393118174589856, 0.3115082363331157], [0.1476548142932995, 0.2869178609722356, 0.2914483503490056, 0.27397897428545925], [0.16980053988786886, 0.3027957171732099, 0.21470530968859428, 0.31269843315032697], [0.17841671671300205, 0.17570662758540334, 0.2556432225395386, 0.390233433062056]], "ideal": "C", "sampled": "C", "correct": true}}
{"type": "result", "data": {"idx": 77, "options": ["US", "Chile", "Ireland", "Spain"], "probs": [[0.47544148883080156, 0.3940706926523199, 0.10771538459277812, 0.022772433824100345], [0.021033622126472473, 0.034678771765426435, 0.004841523199402647, 0.9394460828086985], [0.03655244802626772, 0.017002256680454998, 0.9212977936760179, 0.025147501517259346], [0.006092960584969767, 0.9705127047843086, 0.013948358834299207, 0.009445975696422436]], "ideal": "A", "sampled": "A", "correct": true}}
{"type": "result", "data": {"idx": 78, "options": ["was approximately zero", "exceeded that of high income countries", "exceeded that of Britain during the industrial revolution", "was approximately 3.0% per year"], "probs": [[0.039861776079206705, 0.14587220602466344, 0.04698877426135327, 0.7672772435347766], [0.17532516307829174, 0.12053175063112939, 0.6415734577240771, 0.06256962846650165], [0.11891603903619795, 0.6040711840811607, 0.047324272496475805, 0.2296885042861656], [0.4193012211641364, 0.10275732954511645, 0.4395191171218323, 0.038422332068914926]], "ideal": "C", "sampled": "D", "correct": false}}
