{"type": "result", "data": {"idx": 0, "options": ["ADD.", "AIDA.", "PESTLE.", "SWOT."], "probs": [[0.023823741578101257, 0.974558479188128, 0.0011776736572792056, 0.00044010547649156657], [0.9402842353248053, 0.003581539663596534, 0.0014135261045904244, 0.054720698807007674], [0.00756205864333955, 0.004344081046507097, 0.09960536349946279, 0.8884884967106905], [0.006617777177730879, 0.010577099602661823, 0.9824486565159891, 0.0003564666036182126]], "ideal": "B", "sampled": "B", "correct": true}}
{"type": "result", "data": {"idx": 1, "options": ["The realm of understanding.", "Personal selling.", "Noise.", "Feedback."], "probs": [[0.6833044045888347, 0.02096030789519545, 0.01892553968336121, 0.27680974773260864], [0.007663131658669344, 0.018975887809809616, 0.5501971889899754, 0.4231637914415457], [0.018534241216451433, 0.049613933935996, 0.9293967471514937, 0.0024550775960588563], [0.2105249248626101, 0.7704495492169211, 0.006462878799761611, 0.01256264702070716]], "ideal": "A", "sampled": "A", "correct": true}}
{"type": "result", "data": {"idx": 2, "options": ["In the late 1800s.", "In the early 1900s.", "In the 1920s.", "After the end of the Second World War."], "probs": [[0.18191689116304566, 0.27744936027206285, 0.09663281563692669, 0.44400093282796477], [0.1286580663545642, 0.10023926569117816, 0.41235344061775714, 0.3587492272365005], [0.06785835325039342, 0.40624260898342357, 0.46052163834734994, 0.06537739931883305], [0.27244022079902086, 0.3725069705395874, 0.20898347779533352, 0.1460693307660582]], "ideal": "C", "sampled": "D", "correct": false}}
{"type": "result", "data": {"idx": 3, "options": ["The level of tangibility associated with the type of product.", "Performance-value.", "Variations in supply and demand.", "The way in which the service is delivered."], "probs": [[0.021009575495222407, 0.1370490784170927, 0.7351393671524781, 0.10680197883520677], [0.049521387945460627, 0.7692634089996141, 0.08559521617354643, 0.09561998678137881], [0.7634237066597586, 0.04844090498018568, 0.03769924695267176, 0.150436141307384], [0.03817959442334697, 0.05140313181835807, 0.17655064120655828, 0.7338666324517367]], "ideal": "B", "sampled": "C", "correct": false}}
{"type": "result", "data": {"idx": 4, "options": ["found guilty under the Sherman Antitrust Act and face prison time", "found guilty under the Magnuson-Moss Warranty Act and face large fines", "found guilty under the Adamson Act and face prison time and fines", "found not guilty because retailers are allowed to set their own price levels"], "probs": [[0.955988203789001, 0.007354483743861715, 0.010784959816232217, 0.025872352550905107], [0.011272237207607403, 0.029239069111957956, 0.018297753181613467, 0.9411909403988211], [0.034769100693239595, 0.04535332030220993, 0.9117390522659832, 0.008138526638567256], [0.006429401441367472, 0.9846702430250954, 0.005375261208979115, 0.0035250942245580365]], "ideal": "A", "sampled": "A", "correct": true}}
{"type": "result", "data": {"idx": 5, "options": ["A composite analysis of all environmental factors inside and outside the firm.", "A series of business decisions that aid in selling a product.", "The relationship between a firm's marketing strengths and its business weaknesses.", "A blending of four strategic elements to satisfy specific target markets."], "probs": [[0.0053287888760101525, 0.014260468041880746, 0.002239217743949337, 0.9781715252381598], [0.07055780563556854, 0.007208550626766718, 0.9152992124544809, 0.006934431183183859], [0.0015421401814254706, 0.9866926886184788, 0.005469869476406224, 0.006295301623689521], [0.9904958749012466, 0.00411122369531939, 0.002361145046752285, 0.0030317562566817805]], "ideal": "D", "sampled": "D", "correct": true}}
{"type": "result", "data": {"idx": 6, "options": ["Gatekeepers.", "Buyers.", "Users.", "Initiators."], "probs": [[0.9821354696314207, 0.0022867188196498108, 0.013681758023813342, 0.0018960534251160966], [0.007477873310654885, 0.01895220096396456, 0.006297187205776648, 0.9672727384196039], [0.016940022990091414, 0.010938958976932398, 0.9696013366505349, 0.0025196812824412633], [0.004240461815923999, 0.9826542098075345, 0.005362078199870713, 0.007743250076670846]], "ideal": "A", "sampled": "A", "correct": true}}
{"type": "result", "data": {"idx": 7, "options": ["Motive development.", "An attitude.", "A self-concept.", "Product evaluation."], "probs": [[0.828366015440933, 0.025604755733031743, 0.09588156287418079, 0.05014766585185447], [0.1211306993348669, 0.035281304825091626, 0.013707447081389627, 0.8298805486586518], [0.008671663716819338, 0.007541617391885687, 0.7750042690586234, 0.20878244973267154], [0.0427153590770996, 0.8724454559216903, 0.01701202786346252, 0.0678271570377476]], "ideal": "A", "sampled": "A", "correct": true}}
{"type": "result", "data": {"idx": 8, "options": ["Promotion.", "Product.", "Target market.", "Pricing."], "probs": [[0.43655316236563374, 0.04639361180703162, 0.5104218265066275, 0.0066313992207071145], [0.5893889736372712, 0.3520204169102642, 0.04913633003225207, 0.009454279320212533], [0.879713313803495, 0.021854105276279113, 0.008555866362691176, 0.08987671445753463], [0.6034102326883046, 0.023047748521501474, 0.20849273708440225, 0.1650492816057916]], "ideal": "C", "sampled": "C", "correct": true}}
{"type": "result", "data": {"idx": 9, "options": ["Classical conditioning.", "Operant conditioning.", "Social learning.", "Behavioural learning."], "probs": [[0.6193193654248829, 0.10673499612780242, 0.12674981071091712, 0.14719582763639755], [0.531576772412279, 0.0639800825643665, 0.16465898469898782, 0.23978416022436672], [0.3473881534495483, 0.23501880814793144, 0.06425896382075144, 0.35333407448176873], [0.1074090581418707, 0.11436351238943357, 0.6090046484385327, 0.16922278093016294]], "ideal": "A", "sampled": "B", "correct": false}}
{"type": "result", "data": {"idx": 10, "options": ["To break down large markets into smaller markets.", "To provide an opportunity to surpass competitors.", "By grouping together customers with similar needs, it provides a commercially viable method of serving these customers.", "To allow the achievement of greater market share."], "probs": [[0.00404982965375856, 0.005756479194946128, 0.9834098769140968, 0.006783814137198518], [0.0006255407047844473, 0.9904059611702719, 0.004920546649708689, 0.0040479513752349], [0.9899869776874733, 0.003741407848448822, 0.0033799131205911217, 0.0028917012434867074], [0.0032350290594451835, 0.012209372658025812, 0.005677586948940874, 0.9788780112335881]], "ideal": "C", "sampled": "C", "correct": true}}
{"type": "result", "data": {"idx": 11, "options": ["Repeat purchases.", "Buyphases.", "Buyclasses.", "Tenders."], "probs": [[0.036665135292502087, 0.07701938060603715, 0.8822901823869916, 0.004025301614469071], [0.06918280048237943, 0.9114703827983326, 0.01440644403498195, 0.004940372584306063], [0.27146524390445426, 0.05387279803417422, 0.06153203964759536, 0.6131299183137762], [0.07104890365406737, 0.1469657188640667, 0.38755734503375266, 0.3944280323481133]], "ideal": "C", "sampled": "C", "correct": true}}
{"type": "result", "data": {"idx": 12, "options": ["Winner's curse.", "Winner's price.", "Winner's reward.", "Loss-leader pricing."], "probs": [[0.9985584003910057, 0.0010810415761281344, 0.00021297678325069393, 0.00014758114961542292], [0.001934326047824112, 0.002407086901636658, 0.0010272829783249447, 0.9946313039722143], [0.00021732291225824336, 0.004036465609230166, 0.995486008585569, 0.0002602027929425664], [0.00012326443049223866, 0.9986247017121475, 0.0010899490654483377, 0.00016208469191198151]], "ideal": "A", "sampled": "A", "correct": true}}
{"type": "result", "data": {"idx": 13, "options": ["Price bundling.", "Price elasticity.", "Price inelasticity.", "Price inflation."], "probs": [[0.0030481475068786876, 0.9431067004960318, 0.05156085583253171, 0.0022842960645577375], [0.696133432919985, 0.294762759616368, 0.00527417751488248, 0.003829629848764571], [0.022498294415518774, 0.007136685679964819, 0.005556985662882704, 0.9648080341416337], [0.00179970762090463, 0.008999616692462315, 0.9847453076246325, 0.00445536796200051]], "ideal": "B", "sampled": "B", "correct": true}}
{"type": "result", "data": {"idx": 14, "options": ["Relationship marketing.", "Service mix.", "Market exchanges.", "Service failure."], "probs": [[0.2208268396717675, 0.04927318619888423, 0.7129986936201475, 0.016901280409200786], [0.04884252824107778, 0.8863990537114415, 0.018836156023098016, 0.045922261924382736], [0.7647180698926099, 0.03777306224350389, 0.18163648584226766, 0.015872381921618575], [0.29909674555821486, 0.11176693151308606, 0.020675060253108557, 0.5684612625755905]], "ideal": "C", "sampled": "C", "correct": true}}
{"type": "result", "data": {"idx": 15, "options": ["Search marketing.", "Internet advertising.", "Permission-based email marketing.", "Social web marketing."], "probs": [[0.0017963920967680178, 0.005621091220246711, 0.9907283580370794, 0.0018541585459059002], [0.0005075022184958674, 0.9923460711933264, 0.0058085741644302285, 0.0013378523237475052], [0.9983991851910545, 0.0007488873439326777, 0.0002548208113845784, 0.0005971065536282293], [0.0018750974900823365, 0.0030196538751175836, 0.006964378401976321, 0.9881408701328237]], "ideal": "C", "sampled": "C", "correct": true}}
{"type": "result", "data": {"idx": 16, "options": ["Vehicle.", "Courier.", "Transportation.", "Distribution channel."], "probs": [[0.0024130806081900085, 0.003978737661352677, 0.003947616116650022, 0.9896605655138073], [0.0005458016828754462, 0.01062453669173762, 0.9870258056254407, 0.001803855899946155], [0.0006821271842032119, 0.9913746538175582, 0.004451041030653094, 0.003492177867585468], [0.9862442842761936, 0.0057714338372871574, 0.0010763555879431997, 0.006907926198576101]], "ideal": "D", "sampled": "D", "correct": true}}
{"type": "result", "data": {"idx": 17, "options": ["Organizational size, industry type, and gender.", "Psychographics, purchaser, and behavioural criteria.", "Organizational size, industry type, and geographical location.", "None of the above."], "probs": [[0.006966490626937784, 0.10731055320614985, 0.8716289202505278, 0.014094035816384527], [0.048255396797387266, 0.9039626925444733, 0.026668577241135697, 0.02111333331700381], [0.40608518494663953, 0.12674635762711553, 0.10758944472355038, 0.35957901260269454], [0.010768110811308886, 0.022457111437611064, 0.049024324110105905, 0.9177504535409742]], "ideal": "C", "sampled": "C", "correct": true}}
{"type": "result", "data": {"idx": 18, "options": ["a free-standing coupon", "an instant-redemption coupon", "a bounce-back coupon", "a rebate coupon"], "probs": [[0.10585563234464129, 0.1993412748025217, 0.33908020183479737, 0.3557228909180396], [0.28773145578614917, 0.2311625377082986, 0.41215978206328596, 0.06894622434226627], [0.4234380940774193, 0.340213411635907, 0.19537655643326274, 0.04097193775341093], [0.16398856775261753, 0.2768279139492807, 0.1977832852605366, 0.3614002329375652]], "ideal": "C", "sampled": "C", "correct": true}}
{"type": "result", "data": {"idx": 19, "options": ["Strong theory.", "Weak theory.", "ATR framework.", "DRIP model."], "probs": [[0.33707138264773373, 0.6296859861711676, 0.026822082196062764, 0.006420548885035907], [0.3012903450260346, 0.3157154742871879, 0.019263527176342658, 0.36373065341043487], [0.4963656554618156, 0.050304460868058766, 0.07851403307387113, 0.3748158504962545], [0.04545061738531188, 0.32045037088328837, 0.618012677000714, 0.01608633463068564]], "ideal": "B", "sampled": "B", "correct": true}}
{"type": "result", "data": {"idx": 20, "options": ["SWOT analysis.", "Political analysis.", "Portfolio analysis.", "Competitive analysis."], "probs": [[0.0011640913335816772, 0.00304310478779655, 0.9942382390248831, 0.0015545647537387275], [0.0013864337544390046, 0.9894045578251245, 0.004802367354303696, 0.004406640966132783], [0.9971211451819131, 0.001608279031486924, 0.0008409945711962378, 0.00042958111540378533], [0.006304536142945564, 0.010476404240160633, 0.0018205295972075653, 0.9813985299196862]], "ideal": "C", "sampled": "C", "correct": true}}
{"type": "result", "data": {"idx": 21, "options": ["Non-durable.", "Durable.", "Generic.", "Luxury."], "probs": [[0.9961384827848279, 0.0024121155833189993, 0.0005957755799142921, 0.0008536259519388432], [0.02762948834942678, 0.02309049232417184, 0.0036817399278241424, 0.9455982792985772], [0.011394206645582513, 0.005554929944222926, 0.9790487470811702, 0.004002116229024344], [0.0022244112640658308, 0.9939169500900477, 0.0027480245440722638, 0.0011106140018142024]], "ideal": "A", "sampled": "A", "correct": true}}
{"type": "result", "data": {"idx": 22, "options": ["Cognition.", "Perception.", "Learning.", "Personality."], "probs": [[0.004452296208816426, 0.018748160950495283, 0.013500219160256283, 0.963299323580432], [0.0040425916989973235, 0.028956865927530294, 0.9442651890863721, 0.022735353187100224], [0.0019400737240498997, 0.9516690572994498, 0.033333855673951175, 0.013057013202549029], [0.9424800198467118, 0.022336088897925776, 0.011406258165249646, 0.023777632990112794]], "ideal": "D", "sampled": "D", "correct": true}}
{"type": "result", "data": {"idx": 23, "options": ["Direct marketing.", "Public relations.", "Sale promotion.", "Advertising"], "probs": [[0.0004974249317885512, 0.9893604252821846, 0.0022142129422043394, 0.007927936743822547], [0.9117413397905647, 0.002211233890731177, 0.08216882708609304, 0.003878599132611104], [0.001573935489680468, 0.005627778736877009, 0.0019741753511337504, 0.9908241103223088], [0.001117639582588345, 0.004220124761015783, 0.9933528212906323, 0.0013094142657635861]], "ideal": "B", "sampled": "B", "correct": true}}
{"type": "result", "data": {"idx": 24, "options": ["Digital marketing.", "Interactive marketing.", "Direct marketing.", "Electronic marketing."], "probs": [[0.0008927752834602555, 0.9949152846224323, 0.002299226209005891, 0.0018927137851015275], [0.9539635016896665, 0.0026798013323817817, 0.0024017638474621845, 0.040954933030489575], [0.0016625538590144644, 0.002720947634344825, 0.009344119793216539, 0.9862723786134242], [0.0016878325199613273, 0.01947219342360846, 0.9759194143279242, 0.0029205596285060945]], "ideal": "B", "sampled": "B", "correct": true}}
{"type": "result", "data": {"idx": 25, "options": ["Social branding.", "Eco-branding.", "Me-too branding.", "Brand personality."], "probs": [[0.0005581514230540551, 0.9935691053264363, 0.0051330698874102665, 0.0007396732630993859], [0.9700383980946344, 0.0022234238785238413, 0.0012769030663343983, 0.02646127486050728], [0.0006510030544197688, 0.0012948891743555938, 0.10203778284537544, 0.8960163248258491], [0.000516086277737113, 0.011120949867666726, 0.9855723606665598, 0.0027906030880363313]], "ideal": "B", "sampled": "B", "correct": true}}
{"type": "result", "data": {"idx": 26, "options": ["Process of diffusion.", "Process of differentiation.", "Adoption process.", "Adoption lifecycle."], "probs": [[0.05811483968949366, 0.010422435918118544, 0.923654585429541, 0.0078081388628467256], [0.011244857954202724, 0.9007983870366394, 0.04772957506395117, 0.040227179845206726], [0.07917536037922554, 0.1650341603934565, 0.7514239053111478, 0.0043665738161702055], [0.15259311702994816, 0.45571944422025645, 0.007365155098967899, 0.3843222835508275]], "ideal": "A", "sampled": "C", "correct": false}}
{"type": "result", "data": {"idx": 27, "options": ["have excess disposable income", "are between the ages of 8 and 14", "share similar attitudes and behaviors", "have opted out of customized marketing"], "probs": [[0.009099845222693841, 0.045144488160275775, 0.9071239279020047, 0.03863173861502571], [0.02520085814639319, 0.9311101823610984, 0.03611650981877538, 0.007572449573733028], [0.8798480854382267, 0.08054983821368923, 0.007793006220339707, 0.03180907002774435], [0.03837014985391399, 0.011888553942099811, 0.06037088291804093, 0.8893704131859452]], "ideal": "C", "sampled": "C", "correct": true}}
{"type": "result", "data": {"idx": 28, "options": ["Late majority.", "Early adopter.", "Early majority.", "Laggards."], "probs": [[0.0028094968483444224, 0.9925436075309446, 0.002968216348200236, 0.0016786791725107082], [0.9975518981580868, 0.0010068529919355289, 0.00042635588276593837, 0.0010148928672117725], [0.014934728310041863, 0.004663301287285721, 0.003411304759932912, 0.9769906655427395], [0.011496846753018503, 0.014308748070564016, 0.9725240032727617, 0.001670401803655805]], "ideal": "B", "sampled": "B", "correct": true}}
{"type": "result", "data": {"idx": 29, "options": ["Direct.", "Indirect.", "Hybrid.", "None of the above."], "probs": [[0.9872115436570508, 0.005470990634596919, 0.001068834998150357, 0.0062486306102019756], [0.01100168869352211, 0.0057993369644135815, 0.006725142406422268, 0.9764738318356421], [0.004673500736367161, 0.00936942865257042, 0.978484610978755, 0.00747245953230734], [0.0021584852904595344, 0.9873380374969041, 0.007024374121325245, 0.0034791029913111044]], "ideal": "A", "sampled": "A", "correct": true}}
{"type": "result", "data": {"idx": 30, "options": ["Interactive marketing.", "Co-creation experience.", "Relationship marketing.", "Organization marketing."], "probs": [[0.00238722137229116, 0.9785260651430869, 0.01750767726854112, 0.0015790361160807666], [0.9903425090251105, 0.0024165022460209975, 0.002003414346209458, 0.005237574282659129], [0.011900612969316904, 0.0026979627541127258, 0.03111090910722412, 0.9542905150693463], [0.007192039245044445, 0.0487742259047474, 0.9063215055501044, 0.03771222920010374]], "ideal": "B", "sampled": "B", "correct": true}}
{"type": "result", "data": {"idx": 31, "options": ["Advertising.", "Personal selling.", "Public relations.", "Publicity."], "probs": [[0.9864919748542404, 0.0025630926161575745, 0.007414513708327967, 0.0035304187212739685], [0.006944871416339744, 0.006838863625676922, 0.00871118984847142, 0.9775050750095119], [0.005406816705107338, 0.025397096190332168, 0.9681873827170673, 0.0010087042874932237], [0.003704563523627006, 0.965443324039706, 0.0021452093739514, 0.02870690296271553]], "ideal": "A", "sampled": "A", "correct": true}}
{"type": "result", "data": {"idx": 32, "options": ["Aggregate marketing system.", "Planning excellence.", "A quality rift.", "A value line."], "probs": [[0.9242209896633086, 0.017600116315207977, 0.015289222939752625, 0.04288967098173081], [0.03176125617518705, 0.02341733117580952, 0.09188992504034205, 0.8529314875086614], [0.014658455230763914, 0.04806263511702107, 0.9359765920310922, 0.0013023175211228312], [0.11091459598217245, 0.8725675388289897, 0.008965717673626505, 0.007552147415211336]], "ideal": "A", "sampled": "A", "correct": true}}
{"type": "result", "data": {"idx": 33, "options": ["Brand repositioning.", "Brand stretching.", "Brand equity.", "Brand imagery."], "probs": [[0.006403763807687182, 0.016374876797307418, 0.0830415342061698, 0.8941798250888356], [0.001752079520207453, 0.014449153554935049, 0.981494934773831, 0.002303832051026519], [0.029275463964244828, 0.9402889634105877, 0.01965896169997325, 0.010776610825194268], [0.49864836129081175, 0.02209048470008514, 0.03187254726924123, 0.4473886066398619]], "ideal": "D", "sampled": "D", "correct": true}}
{"type": "result", "data": {"idx": 34, "options": ["Interest; action.", "Intensity; appeal.", "Involvement; action.", "Involvement; appeal."], "probs": [[0.478660270714029, 0.01108351408788371, 0.3042599166992615, 0.20599629839882577], [0.1169240890670651, 0.03917120542623311, 0.4414175018754818, 0.40248720353122], [0.49948951038764194, 0.12727776026260157, 0.3543033559902727, 0.018929373259483833], [0.0710243312173023, 0.40257662848926434, 0.008623300480488452, 0.5177757397129449]], "ideal": "A", "sampled": "A", "correct": true}}
{"type": "result", "data": {"idx": 35, "options": ["Exclusive.", "Intensive.", "Selective.", "Direct."], "probs": [[0.7818562722592031, 0.014892141971215139, 0.19456682440748668, 0.008684761262095067], [0.0015811616535808084, 0.8930837036720058, 0.013345988647781377, 0.09198914592663199], [0.7410674790443884, 0.005400149255324561, 0.2521347234498188, 0.0013976481504682152], [0.0057648502148139194, 0.8835263658684559, 0.011562323729594731, 0.09914646008713544]], "ideal": "A", "sampled": "A", "correct": true}}
{"type": "result", "data": {"idx": 36, "options": ["Research brief.", "Research proposal.", "Research question.", "Research programme."], "probs": [[0.07143984960629349, 0.7742048361811568, 0.02079445965006791, 0.1335608544624818], [0.8563325649401351, 0.020454189831222776, 0.08814580376457427, 0.03506744136406783], [0.005384088668846517, 0.705270849735245, 0.0376655434390993, 0.2516795180568092], [0.06270602105401468, 0.139118070044761, 0.788326948502985, 0.00984896029823935]], "ideal": "B", "sampled": "B", "correct": true}}
{"type": "result", "data": {"idx": 37, "options": ["DMU.", "Firmographics.", "ACORN", "Product usage."], "probs": [[0.001985659653824062, 0.9895032962367912, 0.006671553226454349, 0.0018394907829303803], [0.9870214630202752, 0.006006310330444043, 0.0014162581887763688, 0.005555968360504463], [0.004419515319040047, 0.007066151037670894, 0.015069168801371177, 0.9734451647419179], [0.0016393628248423755, 0.02353357391458269, 0.9706362284935124, 0.0041908346670624964]], "ideal": "B", "sampled": "B", "correct": true}}
{"type": "result", "data": {"idx": 38, "options": ["Differentiate.", "Participate.", "Reinforce.", "Inform."], "probs": [[0.007554668747244369, 0.9152634546531875, 0.029417296197024587, 0.0477645803025436], [0.8923882264093582, 0.05317307629538535, 0.015839538695686595, 0.0385991584995698], [0.12469287238642289, 0.018249938296657338, 0.017273459613967868, 0.8397837296029519], [0.022456223958527217, 0.015316556762625567, 0.9112121196830943, 0.05101509949575288]], "ideal": "B", "sampled": "B", "correct": true}}
{"type": "result", "data": {"idx": 39, "options": ["multilevel marketing", "cold canvassing", "the center-of-influence method", "the sales-associate method"], "probs": [[0.0021340002361684082, 0.9910513294017431, 0.00448769763438287, 0.0023269726277056293], [0.9697404868651524, 0.01507111601853334, 0.005681015648337242, 0.009507381367977028], [0.01195175752696222, 0.00998696865421333, 0.0047202910959454406, 0.973340982622879], [0.006903527014516316, 0.01580302350890553, 0.9704409430045237, 0.006852506372054509]], "ideal": "B", "sampled": "B", "correct": true}}
{"type": "result", "data": {"idx": 40, "options": ["Decision.", "Adoption.", "Acquisition.", "Awareness."], "probs": [[0.002742148711309131, 0.9918817907954552, 0.003929600597210661, 0.0014464597960249421], [0.9930915491629887, 0.00197772069564686, 0.0013489170933910254, 0.003581812947973404], [0.008625672571517154, 0.006410995309634978, 0.00947397150054799, 0.9754893605182998], [0.006091305431490774, 0.007581432239338672, 0.9854627703855954, 0.0008644918435751661]], "ideal": "B", "sampled": "B", "correct": true}}
{"type": "result", "data": {"idx": 41, "options": ["Price differentiation.", "Price fixing.", "Price wars.", "Price guarantees."], "probs": [[0.0025065192118369625, 0.021825116376829008, 0.9725962030194452, 0.003072161291888825], [0.0037415079900196308, 0.9748484768236102, 0.005888878534527944, 0.015521136551842183], [0.9936749508158138, 0.0021070195720440197, 0.0018302394621392056, 0.002387790050002984], [0.011545195726951726, 0.0675032167047231, 0.04391611178546173, 0.8770354756828634]], "ideal": "C", "sampled": "C", "correct": true}}
{"type": "result", "data": {"idx": 42, "options": ["Organizational size.", "Demographics.", "Product type.", "Price."], "probs": [[0.0015891720835716934, 0.9934468918037651, 0.002901711109630407, 0.0020622249030327754], [0.9968682371037259, 0.001021837799599858, 0.001046175586398902, 0.0010637494102753496], [0.018830883518323658, 0.013250934377930514, 0.005566301074252304, 0.9623518809294935], [0.009198375006783423, 0.004773070083939172, 0.9836059170478577, 0.00242263776141964]], "ideal": "B", "sampled": "B", "correct": true}}
{"type": "result", "data": {"idx": 43, "options": ["Negotiated price", "Internal pricing.", "Listed pricing.", "Cost pricing."], "probs": [[0.9894529869103483, 0.00269070406073899, 0.0011397266184765978, 0.006716582310436057], [0.002021223040210329, 0.004086626625641789, 0.009872231468286244, 0.9840199187658616], [0.0011389994538399271, 0.0275990026266383, 0.9676507522318417, 0.0036112455876800174], [0.001222916513486833, 0.9908079722266796, 0.0045541388927155734, 0.003414972267117931]], "ideal": "A", "sampled": "A", "correct": true}}
{"type": "result", "data": {"idx": 44, "options": ["Individual branding.", "Corporate brands.", "Family branding.", "Co-branding."], "probs": [[0.9936153690730912, 0.0034736037714650737, 0.0016026917788609818, 0.001308335276582723], [0.045858926202751685, 0.022537337157485692, 0.00822419817572293, 0.9233795383640396], [0.00995830608301349, 0.01734595330693407, 0.9696328998012681, 0.0030628407087843505], [0.0009580300947713105, 0.9949883647267166, 0.002409956055179787, 0.0016436490233322993]], "ideal": "A", "sampled": "A", "correct": true}}
{"type": "result", "data": {"idx": 45, "options": ["Direct marketing.", "Personal selling.", "Sale promotions.", "Advertising."], "probs": [[0.004888207392663294, 0.9769800718386572, 0.005631301790121547, 0.01250041887855794], [0.8892622390410141, 0.01110935558768232, 0.051756608069207594, 0.047871797202096014], [0.005292061740432007, 0.011295755445273505, 0.0106071550882392, 0.9728050276260553], [0.0061301753960769, 0.018744112101396638, 0.9692232779622416, 0.005902434440284793]], "ideal": "B", "sampled": "B", "correct": true}}
{"type": "result", "data": {"idx": 46, "options": ["Market exchanges.", "Service failure.", "Relationship marketing.", "Shared responsibility."], "probs": [[0.0012782309482816405, 0.003906627736414113, 0.9941569187268063, 0.0006582224884978984], [0.0003915305516266104, 0.9984657403641015, 0.0006114636342686998, 0.000531265350003183], [0.9984440210674684, 0.001023683997062196, 0.00025888790248226873, 0.0002734069329871139], [0.010086992565346257, 0.004955259515841896, 0.001621465317831986, 0.9833362825009798]], "ideal": "C", "sampled": "C", "correct": true}}
{"type": "result", "data": {"idx": 47, "options": ["Revenue.", "Cost.", "Value.", "Product."], "probs": [[0.0027183607506478637, 0.18617559103916684, 0.8089198042659829, 0.0021862438442023955], [0.010582672677403792, 0.9755724894670406, 0.008641652963229858, 0.005203184792325769], [0.8504975076868241, 0.004095022571353545, 0.0020751235999222945, 0.14333234604190012], [0.0020267422332379344, 0.0047874593732340895, 0.29846613707722097, 0.694719661216307]], "ideal": "C", "sampled": "C", "correct": true}}
{"type": "result", "data": {"idx": 48, "options": ["Dialogue.", "Personal influencer.", "Feedback.", "Message."], "probs": [[0.9920657678026135, 0.0027429339187434922, 0.0014120007970094888, 0.0037792973816335547], [0.01191155754240109, 0.00851409757372169, 0.009348868043200533, 0.9702254767406767], [0.006919360998586433, 0.01910567476031108, 0.9726733244340587, 0.0013016397070436945], [0.008773609288346204, 0.9831833494193606, 0.0036595916377807265, 0.004383449554512457]], "ideal": "A", "sampled": "A", "correct": true}}
{"type": "result", "data": {"idx": 49, "options": ["Selective adaptation.", "Learning.", "Involvement manipulation.", "Attitude adjustment."], "probs": [[0.0025275864988213714, 0.9289716185834409, 0.01768747960472548, 0.050813315213012196], [0.8190595567827398, 0.04045020818641256, 0.06721987624703099, 0.07327035868381665], [0.036555695137295584, 0.08978699037262282, 0.04015478403070196, 0.8335025303593796], [0.014224167514357405, 0.040538067724094934, 0.923013661252784, 0.022224103408763747]], "ideal": "B", "sampled": "B", "correct": true}}
{"type": "result", "data": {"idx": 50, "options": ["Price skimming", "Promotional pricing", "Psychological pricing", "Penetration pricing"], "probs": [[0.6066855058847639, 0.022805809851389056, 0.029972540637971886, 0.34053614352587513], [0.04643957229910618, 0.043636876272574995, 0.2049514761929996, 0.7049720751353192], [0.020089243438965218, 0.088658656100048, 0.8817572737193405, 0.009494826641646246], [0.22767667894166613, 0.7351287739571571, 0.015501041252497969, 0.021693505748678735]], "ideal": "A", "sampled": "A", "correct": true}}
{"type": "result", "data": {"idx": 51, "options": ["Supermarkets.", "Convenience stores.", "Category-killer stores.", "Limited line retailers."], "probs": [[0.0035504512141439452, 0.9923631993104655, 0.003468922310783754, 0.0006174270646068078], [0.9872813810656872, 0.002605266167889345, 0.0012996464488662827, 0.008813706217557126], [0.0029996904860381595, 0.00230114753612249, 0.4776265819766603, 0.517072579901179], [0.001077620570631907, 0.22206553427847908, 0.7751473128536256, 0.0017095321972634583]], "ideal": "B", "sampled": "B", "correct": true}}
{"type": "result", "data": {"idx": 52, "options": ["Selling success experienced by the vendor.", "Consumer satisfaction with the purchase.", "Follow-up effectiveness of the firm.", "Advertising influence on the purchase."], "probs": [[0.002355745847975786, 0.9884866031006967, 0.006925980104552045, 0.002231670846775472], [0.9826738809406113, 0.009556789278519688, 0.0026129335842031876, 0.005156396096665878], [0.016531897753310012, 0.006839183177597074, 0.00657625684423619, 0.9700526621248567], [0.008491224426580686, 0.008167654100122825, 0.9665781051525083, 0.016763016220788202]], "ideal": "B", "sampled": "B", "correct": true}}
{"type": "result", "data": {"idx": 53, "options": ["Branding pyramid.", "Brand value.", "Brand names.", "Brand personalities."], "probs": [[0.0019654848433521984, 0.005099145769853172, 0.00475185650804221, 0.9881835127787524], [0.0003985962597630436, 0.005766293583791861, 0.9928559209796604, 0.0009791890767847076], [0.00018454819937405067, 0.9961293288445678, 0.0027983853726864702, 0.0008877374833716188], [0.9972687324201677, 0.00169878034737861, 0.0005101725948919126, 0.0005223145375617827]], "ideal": "D", "sampled": "D", "correct": true}}
{"type": "result", "data": {"idx": 54, "options": ["Is work undertaken to understand how to make specific marketing strategy decisions.", "Is the collection and analysis of data from a sample or census of individuals or organizations.", "Includes all forms of market, opinion, and social research such as consumer and industrial surveys.", "Is work undertaken to determine either structural characteristics of the industry of concern."], "probs": [[0.4043180135216358, 0.1879460266370717, 0.3740023179126084, 0.033733641828684074], [0.2740301431430594, 0.5799786359590637, 0.030748193047036028, 0.11524302775084086], [0.42288885396153714, 0.009126098660522481, 0.024041409507465313, 0.543943637770475], [0.0031129097521251856, 0.019980390492768844, 0.4957152522368925, 0.48119144741821346]], "ideal": "A", "sampled": "C", "correct": false}}
{"type": "result", "data": {"idx": 55, "options": ["Digital.", "Print.", "Broadcast.", "Outdoor."], "probs": [[0.045906842434387904, 0.12980185641245204, 0.7895969865366532, 0.03469431451650686], [0.2642638018096224, 0.20583778080944015, 0.04315155259065625, 0.4867468646902812], [0.6488664842324259, 0.03632234835741808, 0.24253654838962724, 0.07227461892052878], [0.1713677870177229, 0.049884157617653996, 0.05522220083022136, 0.7235258544344018]], "ideal": "B", "sampled": "C", "correct": false}}
{"type": "result", "data": {"idx": 56, "options": ["Store marketing.", "Field marketing.", "Sales promotions.", "Personal selling."], "probs": [[0.08379740325932844, 0.8940988443756269, 0.009932125007680079, 0.012171627257364512], [0.10693296382598479, 0.018878039568500902, 0.03111303882161396, 0.8430759576839003], [0.011392337385651161, 0.06980414014342276, 0.4446750328351545, 0.4741284895357715], [0.008841860523041867, 0.39716785029911517, 0.5870997585221179, 0.006890530555725031]], "ideal": "B", "sampled": "B", "correct": true}}
{"type": "result", "data": {"idx": 57, "options": ["Intangibility.", "Variability.", "Inseparability.", "Perishability."], "probs": [[0.0032541449809618947, 0.009201103340601783, 0.9836475931202214, 0.003897158458214879], [0.0008400515193986844, 0.988828256288238, 0.007373585939223966, 0.002958106153139313], [0.9945130421105234, 0.0024845666342096194, 0.0014834623236307184, 0.0015189288316362476], [0.01163689242657326, 0.005499373259565723, 0.003467461542940028, 0.979396272670921]], "ideal": "C", "sampled": "C", "correct": true}}
{"type": "result", "data": {"idx": 58, "options": ["Fixed costs.", "Moving assets.", "Working capital.", "Fixed capital."], "probs": [[0.9973896836847417, 0.0009605417227905439, 0.0004067300169334877, 0.0012430444755343185], [0.008657272904245585, 0.010609403251540682, 0.02504895999777167, 0.9556843637464421], [0.0036029865738701596, 0.019027385845724817, 0.9759803169995085, 0.0013893104808964816], [0.004879995575581307, 0.9900605047267358, 0.003102685405881789, 0.001956814191801102]], "ideal": "A", "sampled": "A", "correct": true}}
{"type": "result", "data": {"idx": 59, "options": ["Strengths, weaknesses, opportunities, threats.", "Strategy, work, openness, toughness.", "Strategy, weakness, opinions, tactics.", "Strategy, working, opinion, tactical."], "probs": [[0.994687412582925, 0.0012299627255430022, 0.0018899791824876283, 0.002192645409044294], [0.0025257547112488223, 0.005181014469770337, 0.0031177149202281044, 0.9891755157987527], [0.0013044426505388542, 0.0062228418217156745, 0.9910725992892824, 0.0014001161384630957], [0.0004158671780359085, 0.9961356226569923, 0.0020632681596624283, 0.001385241905309322]], "ideal": "A", "sampled": "A", "correct": true}}
{"type": "result", "data": {"idx": 60, "options": ["Behaviour.", "Conative.", "Cognitive.", "Emotional."], "probs": [[0.0032133460128403388, 0.020954347512697917, 0.9712993147286111, 0.0045329916458506595], [0.017899504196336607, 0.9330436725434977, 0.040050969120594734, 0.00900585403957094], [0.8766777914628391, 0.02353263221000324, 0.06446944032405603, 0.035320135903101665], [0.015415993892774139, 0.012683594741714401, 0.03187708826492751, 0.9400233230005839]], "ideal": "C", "sampled": "C", "correct": true}}
{"type": "result", "data": {"idx": 61, "options": ["Test markets.", "Data mining.", "Analytical information.", "Storyboards."], "probs": [[0.9991891884177977, 0.0004106851616583133, 0.0001836671964215203, 0.00021645912412249376], [0.010743348965735587, 0.0031517178598256352, 0.0024733720592438925, 0.9836315610151949], [0.0011118425823613575, 0.0025452568818882006, 0.9952479662476664, 0.0010949341880839673], [0.0008089606140011512, 0.9976021901497295, 0.0013980572796769568, 0.00019079185659238743]], "ideal": "A", "sampled": "A", "correct": true}}
{"type": "result", "data": {"idx": 62, "options": ["Low-contact service.", "Medium-contact service.", "High-contact service.", "Intense-contact service."], "probs": [[0.9662054218479774, 0.010649709729162075, 0.016883731995234477, 0.006261136327626022], [0.0053895804699408125, 0.007904638487632475, 0.005063302318141671, 0.981642478624285], [0.0020188371928385775, 0.0063168867473445646, 0.9903397289335877, 0.00132454702622916], [0.0007614094783922653, 0.9918484703218653, 0.004281128971743839, 0.0031089911279985507]], "ideal": "A", "sampled": "A", "correct": true}}
{"type": "result", "data": {"idx": 63, "options": ["Product usage.", "Media usage.", "Purchase occasion.", "Personality."], "probs": [[0.00784267738895881, 0.05708327330272288, 0.031758236591752344, 0.903315812616566], [0.02527275167491404, 0.0984735657284153, 0.8251413241055996, 0.05111235839107106], [0.02826710811173702, 0.20890674148576588, 0.053653300202885106, 0.709172850099612], [0.008601977336815373, 0.09251896127332522, 0.8381463736158085, 0.060732687674050975]], "ideal": "D", "sampled": "D", "correct": true}}
{"type": "result", "data": {"idx": 64, "options": ["Environmental scanning", "Stakeholder analysis", "Market sampling", "Opportunity analysis"], "probs": [[0.9922651668321835, 0.0043500005354363686, 0.0009631738085893179, 0.0024216587237908586], [0.0027901554890824073, 0.0039045265425369175, 0.005815152824213506, 0.9874901650441672], [0.0008375722388747217, 0.01230712471265472, 0.9854738963198982, 0.0013814066285723113], [0.000471378644245826, 0.9964671066379911, 0.0022142021764443185, 0.0008473124413187865]], "ideal": "A", "sampled": "A", "correct": true}}
{"type": "result", "data": {"idx": 65, "options": ["A corresponding official residential notation.", "A classification of reported nationals.", "A classification of residential neighbourhoods.", "A countrywide official resources navigation."], "probs": [[0.20739724131906456, 0.057160452319646095, 0.713048965087976, 0.022393341173313385], [0.03890262485796666, 0.928242431067351, 0.02116371845743439, 0.011691225517247855], [0.8492005060330312, 0.0615155412533952, 0.05557316665331728, 0.033710785960256305], [0.015444449305749132, 0.06157589766264261, 0.029546132610957107, 0.8934335203206512]], "ideal": "C", "sampled": "C", "correct": true}}
{"type": "result", "data": {"idx": 66, "options": ["Stratified sample.", "Convenience sample.", "Quota sample.", "Cluster sample."], "probs": [[0.9961838379118186, 0.001291037492690951, 0.0006753571564552272, 0.0018497673390351348], [0.0013800773184333064, 0.00858833705815837, 0.88283032900237, 0.10720125652103835], [0.010760153617011351, 0.37960069971845845, 0.6066922005226386, 0.002946946041891563], [0.0031730158915996157, 0.9898382180882885, 0.0036590857334128936, 0.0033296801866989074]], "ideal": "A", "sampled": "A", "correct": true}}
{"type": "result", "data": {"idx": 67, "options": ["Advertising", "Public relations", "Third-party endorsement", "Puffing"], "probs": [[0.9421749894362963, 0.028011624315042408, 0.016988644706958343, 0.012824741441702958], [0.06603506108405865, 0.08547870686572276, 0.4240561958118977, 0.42443003613832087], [0.07175283577611483, 0.22453415940688332, 0.6917163439080977, 0.011996660808904219], [0.04561585973674895, 0.8746302087650923, 0.030395492562919752, 0.04935843883523899]], "ideal": "A", "sampled": "A", "correct": true}}
{"type": "result", "data": {"idx": 68, "options": ["Society and ethics.", "Personal selling.", "Physical production.", "Customer's needs."], "probs": [[0.012580166408716129, 0.012289858221804997, 0.003777326362441356, 0.9713526489070375], [0.010783266576185987, 0.003501292345968966, 0.9785287403429419, 0.0071867006349031525], [0.0014936590969664154, 0.9936443346817058, 0.0020261828985298725, 0.002835823222797908], [0.9769338241216708, 0.002943391513910318, 0.016035202586253974, 0.004087581678164896]], "ideal": "D", "sampled": "D", "correct": true}}
{"type": "result", "data": {"idx": 69, "options": ["Marketing is the term used to refer only to the sales function within a firm.", "Marketing managers don't usually get involved in production or distribution decisions.", "Marketing is an activity that considers only the needs of the organization; not the needs of society as a whole.", "Marketing is the activity, set of institutions, and processes for creating, communicating, delivering, and exchanging offerings that have value for customers, clients, partners, and society at large."], "probs": [[0.005745167102046822, 0.004440143385108871, 0.007149893094835329, 0.982664796318009], [0.013340385231818314, 0.023782632533835356, 0.9501444413264812, 0.012732540807865138], [0.004616134583242379, 0.9814430408350329, 0.00656194740895961, 0.007378877072765091], [0.963228754081707, 0.016060240557180135, 0.0033405091742653896, 0.017370496086847383]], "ideal": "D", "sampled": "D", "correct": true}}
