{"type": "result", "data": {"idx": 0, "options": ["Offerings", "Prayers", "Apparitions", "Idols"], "probs": [[0.006668734605763666, 0.004995154397817953, 0.005113352275334016, 0.9832227586210843], [0.00030363348028367073, 0.004158678042979192, 0.994176525414506, 0.0013611629622312022], [0.0003399131066941764, 0.9976401086515604, 0.0015966939374361274, 0.0004232842043093295], [0.9877367168149578, 0.00573684935700876, 0.002229206996024823, 0.004297226732008647]], "ideal": "D", "sampled": "D", "correct": true}}
{"type": "result", "data": {"idx": 1, "options": ["Daoism", "Yin-Yang School", "Mengzi", "Humanistic Buddhism"], "probs": [[0.24376728038582599, 0.6625770033571499, 0.024329713387006312, 0.06932600277001787], [0.05981759827404561, 0.016615485223505803, 0.015005257235686935, 0.9085616591667617], [0.0570746498406679, 0.04377815774141212, 0.4352382621798183, 0.46390893013810164], [0.012737973609632029, 0.7760791163919479, 0.19939261668361696, 0.01179029321480308]], "ideal": "B", "sampled": "A", "correct": false}}
{"type": "result", "data": {"idx": 2, "options": ["325 CE", "119 CE", "451 CE", "596 CE"], "probs": [[0.008957856325507444, 0.04143203418154198, 0.012535329895204584, 0.937074779497746], [0.031178887179635788, 0.05781104303039491, 0.8630633822005473, 0.047946687489421935], [0.0064328963115701234, 0.9327744597402953, 0.02861226833964164, 0.032180375508492946], [0.5191152977951629, 0.2164015640756711, 0.2198162543663356, 0.044666883662830455]], "ideal": "D", "sampled": "D", "correct": true}}
{"type": "result", "data": {"idx": 3, "options": ["Akitu", "Wag and Thoth", "Bast", "Nehebkau"], "probs": [[0.9979195590516609, 0.0011592070328176065, 0.0004264877023232402, 0.000494746113198253], [0.0012490496110491723, 0.0023500273082744617, 0.0014934414708160898, 0.9949074815098603], [0.0006006419930739507, 0.0016064698368673685, 0.9959429374533635, 0.0018499506166951396], [0.0005688999950964081, 0.9964784887980686, 0.0017381513905096648, 0.0012144597163253922]], "ideal": "A", "sampled": "A", "correct": true}}
{"type": "result", "data": {"idx": 4, "options": ["Zazen", "Tariki", "Kami", "Ikebana"], "probs": [[0.001506962307275296, 0.002076186183920799, 0.0012493843342606433, 0.9951674670745433], [0.00035504117537691915, 0.0031153729385066985, 0.9942501698460905, 0.002279415940025861], [0.0002999236504500047, 0.9974409944920521, 0.0016089225574559142, 0.0006501592000419581], [0.9982177068326696, 0.0007429215788548485, 0.00012911175121793747, 0.0009102597372576267]], "ideal": "D", "sampled": "D", "correct": true}}
{"type": "result", "data": {"idx": 5, "options": ["Harmony and balance", "Devotion and piety", "Love and passion", "Goodwill and love"], "probs": [[0.11017585981906779, 0.6649299077509963, 0.012175080956369901, 0.21271915137356603], [0.37949810181825544, 0.007520838198605598, 0.13962621166236364, 0.47335484822077534], [0.012579167705641775, 0.1907746859164478, 0.45067624848085125, 0.34596989779705917], [0.1169324758527388, 0.6177988944650831, 0.23092754554652792, 0.03434108403565016]], "ideal": "A", "sampled": "A", "correct": true}}
{"type": "result", "data": {"idx": 6, "options": ["Shabad", "Khalse", "Nam", "Guru"], "probs": [[0.997019638938174, 0.0007777785691624455, 0.0005303183202328976, 0.0016722640724305855], [0.006299443179335313, 0.006403284251103109, 0.013231952889020002, 0.9740653195805415], [0.0380914666784044, 0.010427381144033293, 0.9376777023110375, 0.01380344976652475], [0.0029421034766885248, 0.9769369706174772, 0.01628135859901279, 0.0038395672068214453]], "ideal": "A", "sampled": "A", "correct": true}}
{"type": "result", "data": {"idx": 7, "options": ["Muhammad's miraculous ascent to heaven", "Muhammad's migration to Mecca", "Muhammad's first community in Mecca", "Muhammad's revelations of the Qur'an"], "probs": [[0.9922949082792841, 0.004929211925513847, 0.0006883129249591071, 0.002087566770242965], [0.001186863459504835, 0.0020031485266021167, 0.005979817180494806, 0.9908301707333982], [0.0007154250597790686, 0.0058965268247216625, 0.9687492202497098, 0.024638827765789493], [0.0008351363893634655, 0.9901785199310459, 0.006568604112327241, 0.002417739467263387]], "ideal": "A", "sampled": "A", "correct": true}}
{"type": "result", "data": {"idx": 8, "options": ["Laws of Dharma", "Laws of Karma", "Laws of Vishnu", "Laws of Manu"], "probs": [[0.002828080594396286, 0.003411513008233235, 0.0019438314381906574, 0.9918165748591798], [0.001099630708604298, 0.0043494747265476605, 0.9766611752379776, 0.017889719226870503], [0.0007074338753518767, 0.9963742478825132, 0.0026496980207934297, 0.0002686201213415107], [0.996693482895751, 0.002375449123171034, 0.00028159773016863624, 0.0006494701509093421]], "ideal": "D", "sampled": "D", "correct": true}}
{"type": "result", "data": {"idx": 9, "options": ["The Holy Book", "The Narrative", "The Recitation", "The Pillars"], "probs": [[0.0020989680607577366, 0.006567749991691945, 0.990173428185922, 0.0011598536616282563], [0.006979422422079581, 0.9508531983652098, 0.0041041596420275895, 0.03806321947068305], [0.9007511314002814, 0.004074753733359212, 0.0934487848272379, 0.001725329939121525], [0.0110734082224386, 0.023080968262976384, 0.006020702149375528, 0.9598249212652095]], "ideal": "C", "sampled": "C", "correct": true}}
{"type": "result", "data": {"idx": 10, "options": ["Mother of Light", "Father of Goodness", "Ineffable Lover", "Eternal Spirit"], "probs": [[0.3981057376823843, 0.05519874686057061, 0.43072834056770143, 0.11596717478934372], [0.5470991959330752, 0.2883606359428463, 0.08931745734024112, 0.0752227106838374], [0.6225089256259527, 0.026524526254661535, 0.1455707062196436, 0.2053958417997421], [0.20904850812394069, 0.2092059090773019, 0.0545533293966788, 0.5271922533020785]], "ideal": "B", "sampled": "C", "correct": false}}
{"type": "result", "data": {"idx": 11, "options": ["Bushido", "Shinto", "Nichiren", "Soto Zen"], "probs": [[0.007980661815250468, 0.009409784750313979, 0.8209455371799803, 0.16166401615445522], [0.012445038892684834, 0.011516152744094156, 0.9740836908799422, 0.001955117383278805], [0.16045338264985562, 0.8150241552531301, 0.00594130031669756, 0.018581161680316705], [0.9521060000061066, 0.002633791885347514, 0.003433509034964457, 0.04182669897358144]], "ideal": "D", "sampled": "D", "correct": true}}
{"type": "result", "data": {"idx": 12, "options": ["Sangat", "Langar", "Gurdwara", "Panth"], "probs": [[8.324285235817185e-05, 0.9966510384376484, 0.0022670974572812277, 0.0009986211527122438], [0.9978641376237393, 0.0011147878780538498, 0.00041011579638427527, 0.0006109586018226294], [0.002254880562123171, 0.0031060948957217136, 0.0023816829150760297, 0.9922573415270791], [0.0002841189549161124, 0.007045098292882394, 0.9902159705090171, 0.0024548121431843834]], "ideal": "B", "sampled": "B", "correct": true}}
{"type": "result", "data": {"idx": 13, "options": ["Buddhism", "Daoism", "Confucianism", "Shamanism"], "probs": [[0.016723051136006264, 0.9350017012185856, 0.020032628734353592, 0.028242618811054557], [0.9633013953885391, 0.004937319117935246, 0.0029032409440573476, 0.02885804444946834], [0.0629113119907354, 0.02926056025814632, 0.037571189668253575, 0.8702569379828647], [0.02063161268780448, 0.03221352771116762, 0.9060962941001804, 0.04105856540084748]], "ideal": "B", "sampled": "B", "correct": true}}
{"type": "result", "data": {"idx": 14, "options": ["Worship", "Submission", "Obedience", "Faith"], "probs": [[8.473994251270119e-05, 0.9987060703041714, 0.0009696173047115665, 0.0002395723486043641], [0.9981828849799029, 0.001303692998012884, 0.00035643660915582085, 0.00015698531292834004], [0.004210446683853542, 0.002655445716817117, 0.0015733059966437691, 0.9915608015026856], [0.00021943658286781065, 0.0019403780196649595, 0.9973377750889488, 0.0005024102085184232]], "ideal": "B", "sampled": "B", "correct": true}}
{"type": "result", "data": {"idx": 15, "options": ["Suffering", "Soul", "Impermanence", "No-self"], "probs": [[0.0012397037464696907, 0.004642201163585306, 0.006295374651163763, 0.9878227203387813], [0.0010997390829963428, 0.012783899620741336, 0.9844776770435343, 0.001638684152728072], [0.0003412510871517812, 0.9937419105139631, 0.0039980813491702965, 0.0019187569497147948], [0.9940234290926593, 0.003999089769165458, 0.0008923555606041679, 0.0010851254775711226]], "ideal": "D", "sampled": "D", "correct": true}}
{"type": "result", "data": {"idx": 16, "options": ["Spiritual narratives", "Redemption narratives", "Birth narratives", "Theological narratives"], "probs": [[0.007529943388932488, 0.008600540085836696, 0.978851156661583, 0.005018359763647829], [0.0013087775068801187, 0.9867284173914718, 0.005467297575992455, 0.006495507425655698], [0.9903825146920668, 0.005707700055302389, 0.0020995178862885495, 0.00181026726634223], [0.012640096179852121, 0.009922062725020792, 0.00329736875556647, 0.9741404722395606]], "ideal": "C", "sampled": "C", "correct": true}}
{"type": "result", "data": {"idx": 17, "options": ["Vajrayana", "Theravada", "Mahayana", "Mahavira"], "probs": [[0.031634271537820446, 0.03787796917904389, 0.9250301340336636, 0.005457625149472011], [0.0046884598923356965, 0.9892708403543438, 0.0016342451945962132, 0.004406454458724336], [0.9863169606908551, 0.004127821808710972, 0.0024257392639584724, 0.007129478136475464], [0.008334463903838336, 0.008876749784705791, 0.010054342981444647, 0.9727344432300112]], "ideal": "C", "sampled": "C", "correct": true}}
{"type": "result", "data": {"idx": 18, "options": ["Svetambara", "Jina", "Agama", "Digambara"], "probs": [[0.779104606195561, 0.11047387446967968, 0.04127628010539443, 0.06914523912936492], [0.04234682695363824, 0.10647834099914961, 0.2697303485782299, 0.5814444833689822], [0.023924825971127165, 0.15725829408452827, 0.8116836563647143, 0.007133223479630263], [0.05809642297379564, 0.9088828456263368, 0.022760601815233147, 0.010260129484634456]], "ideal": "D", "sampled": "A", "correct": false}}
{"type": "result", "data": {"idx": 19, "options": ["The Shema", "The Sefirot", "Deuteronomy", "The Decalogue"], "probs": [[0.9975287411607235, 0.001408765370748383, 0.00030237143732558515, 0.0007601219312025218], [0.0063188040790336806, 0.003304517468112551, 0.006418521721614353, 0.9839581566312394], [0.0023189910648711565, 0.007784528022793928, 0.988277056176628, 0.0016194246357069285], [0.0020132441465080604, 0.9952970476267363, 0.0020457752431669823, 0.0006439328835886285]], "ideal": "A", "sampled": "A", "correct": true}}
{"type": "result", "data": {"idx": 20, "options": ["Brahminic orthodoxy", "Legalistic asceticism", "Bhakti devotionals", "Unorthodox practices"], "probs": [[0.8610945567658062, 0.05293822426030979, 0.004590179890424172, 0.08137703898345987], [0.030486194629713224, 0.02733968981668578, 0.26761741978065523, 0.6745566956729457], [0.005922535907284908, 0.18721699755721438, 0.7644018535246785, 0.04245861291082219], [0.0035039563137669715, 0.9718432280664867, 0.019860509485098852, 0.004792306034647425]], "ideal": "A", "sampled": "A", "correct": true}}
{"type": "result", "data": {"idx": 21, "options": ["The Battle of Uhud", "The Battle of Camel", "The Battle of the Trench", "The Battle of Badr"], "probs": [[0.42945198120771433, 0.1372947477232024, 0.028993728094932586, 0.40425954287415067], [0.2272766589553494, 0.23826102041241293, 0.49673004248654956, 0.037732278045688114], [0.005487302163742704, 0.9750508026903529, 0.015045396905535574, 0.004416498140368767], [0.9516633180820975, 0.02679095257306693, 0.009184400002669759, 0.012361329242165797]], "ideal": "C", "sampled": "D", "correct": false}}
{"type": "result", "data": {"idx": 22, "options": ["Remembering the Divine Name", "Meditating on the sacred hymns", "Remembering that death is inevitable", "Meditating on the goodness of the created world"], "probs": [[0.6344417462959846, 0.30913538371006516, 0.045584377830812456, 0.01083849206313775], [0.040097310911035834, 0.022504921874547397, 0.006755286789259814, 0.930642480325157], [0.006566474839086819, 0.01025424942950391, 0.959876909761772, 0.02330236586963724], [0.0016198974037874288, 0.9736833989498344, 0.019584633050066132, 0.005112070496312075]], "ideal": "A", "sampled": "A", "correct": true}}
{"type": "result", "data": {"idx": 23, "options": ["Confucianism", "Buddhism", "Christianity", "Daoism"], "probs": [[0.12779219732926334, 0.41905761697551874, 0.41259042346651537, 0.04055976212870257], [0.02379571683888523, 0.038337052471575775, 0.014893106419205361, 0.9229741241703336], [0.07097712718417805, 0.02066324969680077, 0.29424040739394236, 0.6141192156250788], [0.011564884866455094, 0.41424210428126457, 0.49191830842402134, 0.08227470232825897]], "ideal": "A", "sampled": "A", "correct": true}}
{"type": "result", "data": {"idx": 24, "options": ["Disciple", "Faithful", "Devotee", "Enlightened"], "probs": [[0.9187732594688844, 0.04068468624369437, 0.027737761688562606, 0.012804292498858574], [0.8759518020110124, 0.07133272090215151, 0.012687531875457363, 0.04002794511137873], [0.9303872220440181, 0.016518735610357875, 0.03495300051590514, 0.01814104172971879], [0.3627091780951447, 0.4881630423237622, 0.06553237383650473, 0.0835954056445884]], "ideal": "A", "sampled": "A", "correct": true}}
{"type": "result", "data": {"idx": 25, "options": ["The sages of the Zhuangzi", "The Songs of the South", "The Duke of Zhou", "The Confucian \"sage kings\""], "probs": [[0.29081374837252694, 0.20145470202122273, 0.3853917774976113, 0.12233977200863903], [0.07602867200103551, 0.289279211682985, 0.10154420503166371, 0.5331479111843158], [0.2737170241117055, 0.15967511114893349, 0.45150680690979367, 0.11510105772956737], [0.19802540538714936, 0.4863647222032556, 0.10274653135702728, 0.21286334095256773]], "ideal": "A", "sampled": "A", "correct": true}}
{"type": "result", "data": {"idx": 26, "options": ["Anointed one", "God", "Prophet", "The line of David"], "probs": [[0.9962160492954851, 0.0027332608329160893, 0.0004640090002502192, 0.0005866807713485606], [0.000837889370638734, 0.0043902966029387615, 0.008201333775973364, 0.9865704801504491], [0.0005657289429236609, 0.005758239898915088, 0.9914728216735217, 0.0022032093846395965], [0.00047479409757863664, 0.99586283698561, 0.003219571495562178, 0.0004427973212492884]], "ideal": "A", "sampled": "A", "correct": true}}
{"type": "result", "data": {"idx": 27, "options": ["Soul", "Sound", "Non-matter", "Non-soul"], "probs": [[0.011249856497218835, 0.015870032638647995, 0.9370839573859342, 0.03579615337819895], [0.022644770965484663, 0.8049005164252289, 0.14887268645670013, 0.0235820260525863], [0.859648156992657, 0.11279019567838316, 0.025164322602831354, 0.002397324626128539], [0.05836323417296103, 0.03950262778528663, 0.014644314882260399, 0.887489823059492]], "ideal": "D", "sampled": "C", "correct": false}}
{"type": "result", "data": {"idx": 28, "options": ["A collection of statues", "Veneration of ancestors", "Seated meditation", "Funeral rituals"], "probs": [[0.0008851294743254034, 0.002857395601665072, 0.99379393692525, 0.0024635378987594883], [0.0007343397267886461, 0.9945290841530599, 0.003068203669512801, 0.0016683723506387257], [0.9976048620708748, 0.0012051834230548907, 0.0004646318323141828, 0.000725322573756103], [0.002857846379968053, 0.003816269800713007, 0.006241912398015715, 0.9870839713213032]], "ideal": "C", "sampled": "C", "correct": true}}
{"type": "result", "data": {"idx": 29, "options": ["Asceticism", "Bodily pleasure", "Music", "Sexual union"], "probs": [[0.0026771789579347386, 0.3119119451457145, 0.0037465236844371917, 0.6816643521119136], [0.06238632043623226, 0.017333134361369063, 0.861638573409933, 0.05864197169246571], [0.0011094099702353068, 0.9776857577417086, 0.006237394228807173, 0.014967437959248903], [0.948291931450962, 0.017503281576698285, 0.030477716685509557, 0.003727070186830131]], "ideal": "D", "sampled": "D", "correct": true}}
{"type": "result", "data": {"idx": 30, "options": ["Loving and forgiving", "Wrathful and merciful", "Judging and vengeful", "Transcendent and immanent"], "probs": [[0.024113845032810333, 0.462171017216549, 0.49224942825981066, 0.021465709390829986], [0.32340137130964447, 0.4704169472705868, 0.18142794611511157, 0.02475373520465718], [0.2783926323376619, 0.5534165294877404, 0.03766769775119382, 0.1305231403234038], [0.15014920679768848, 0.034027709539476404, 0.26144637875784493, 0.5543767048049901]], "ideal": "B", "sampled": "C", "correct": false}}
{"type": "result", "data": {"idx": 31, "options": ["Palestine and Babylonia", "Babylonia and Europe", "Palestine and Spain", "Spain and France"], "probs": [[0.332197326141948, 0.07472457387603561, 0.5831205557801384, 0.009957544101877911], [0.05382930727491795, 0.565856601205057, 0.04226269761479605, 0.33805139380522903], [0.564657070296518, 0.05815530957741468, 0.3167213115561071, 0.06046630846996018], [0.04697670037019881, 0.4899309958346167, 0.0811876718057757, 0.3819046318894088]], "ideal": "A", "sampled": "C", "correct": false}}
{"type": "result", "data": {"idx": 32, "options": ["Buddhism", "Hinduism", "Judaism", "Islam"], "probs": [[0.9884541940471191, 0.004912478833786856, 0.002230874467176941, 0.004402452551917049], [0.04680304353019344, 0.005775946345174949, 0.005812794589475264, 0.9416082154351564], [0.007062911478181091, 0.012806687425245926, 0.970084840050234, 0.010045560946339014], [0.005333962656001306, 0.9780729056802921, 0.011296627631614502, 0.005296503932092003]], "ideal": "A", "sampled": "A", "correct": true}}
{"type": "result", "data": {"idx": 33, "options": ["Kali yuga", "Maha yuga", "Krita yuga", "Satya yuga"], "probs": [[0.9866394088416194, 0.0030199627795206197, 0.0013936364958557215, 0.008946991783004319], [0.013830679549786779, 0.010613219441339885, 0.009734341380037675, 0.9658217595288356], [0.013116495667331668, 0.04371581158972524, 0.9274441054637771, 0.015723587179166013], [0.004299343575198568, 0.9741270568387443, 0.011792992273450563, 0.00978060721260648]], "ideal": "A", "sampled": "A", "correct": true}}
{"type": "result", "data": {"idx": 34, "options": ["Hymns", "Laws", "Ethics", "Myths"], "probs": [[0.9944666088387009, 0.002927441866211566, 0.001201401588348938, 0.0014045476067385783], [0.0035243912473282785, 0.00581181389071161, 0.004633391014470101, 0.98603040374749], [0.004580631606394277, 0.007436787776263602, 0.9819116065601359, 0.006070973957206245], [0.0006227940717902887, 0.9940305652755028, 0.0035853561810738235, 0.0017612843716331055]], "ideal": "A", "sampled": "A", "correct": true}}
{"type": "result", "data": {"idx": 35, "options": ["Pure Land", "Tendai", "Shingon", "Soto Zen"], "probs": [[0.9957468731824696, 0.0020951743239445283, 0.0007950238245957492, 0.0013629285689900866], [0.010419947319505735, 0.003958496462175941, 0.0015014327509417684, 0.9841201233673765], [0.003686322005354023, 0.004050845396836522, 0.9832782432213861, 0.008984589276423262], [0.00037119088353183995, 0.9920706056824935, 0.005672571535176272, 0.0018856317987983402]], "ideal": "A", "sampled": "A", "correct": true}}
{"type": "result", "data": {"idx": 36, "options": ["Sita", "Rama", "Kali", "Durga"], "probs": [[0.9633526787641754, 0.02319567647084209, 0.00690968985566268, 0.006541954809319815], [0.021097705931184898, 0.0069053170775247655, 0.000994728379492028, 0.9710022485117983], [0.0057555395541143035, 0.00850884087232789, 0.9834272127786915, 0.0023084066948663453], [0.0028180075573985184, 0.9879852777337877, 0.007905779601673135, 0.0012909350071405353]], "ideal": "A", "sampled": "A", "correct": true}}
{"type": "result", "data": {"idx": 37, "options": ["Rumi", "Rabi'a", "Fatimah", "Khadija"], "probs": [[0.0013519345321577499, 0.9954993638432639, 0.002078535824086923, 0.0010701657004914366], [0.9461866524963128, 0.03815028911473331, 0.004117069466436761, 0.011545988822517107], [0.04498704115993023, 0.013617365320821674, 0.01472184767052534, 0.9266737457487227], [0.009162248313095402, 0.029351040243482698, 0.9574170541372523, 0.0040696572061696395]], "ideal": "B", "sampled": "B", "correct": true}}
{"type": "result", "data": {"idx": 38, "options": ["Andal", "Devi", "Ganga", "Kali"], "probs": [[0.9971996235416402, 0.0015109714116002672, 0.00039416567825435907, 0.0008952392685052159], [0.006103257118429081, 0.004130075641994537, 0.0021093690079107014, 0.9876572981316657], [0.0010785751072562124, 0.006207394422991201, 0.9884134851074505, 0.004300545262302115], [0.00028094905667809035, 0.9946270669749967, 0.003908923394733876, 0.0011830604735913494]], "ideal": "A", "sampled": "A", "correct": true}}
{"type": "result", "data": {"idx": 39, "options": ["Paul of Tarsus", "Clare of Assisi", "Francis of Assisi", "John of the Cross"], "probs": [[0.004549273701985929, 0.1554341297972796, 0.8274530075192361, 0.012563588881498328], [0.06165618887397078, 0.9203520514864721, 0.014199573697308478, 0.0037921858422485686], [0.9875844184876966, 0.005603353190985227, 0.0008936470358594591, 0.005918581185458632], [0.006449308927786714, 0.0030234589932503276, 0.017259416432940402, 0.9732678155460226]], "ideal": "C", "sampled": "C", "correct": true}}
{"type": "result", "data": {"idx": 40, "options": ["Epistemology", "Morality", "Religion", "Aesthetics"], "probs": [[0.46245984048285493, 0.18687553743364446, 0.09106110036708343, 0.25960352161641714], [0.90063340637103, 0.01715436041198588, 0.03630742477663371, 0.04590480834035047], [0.04647320049400066, 0.09101503171951203, 0.5797880779411496, 0.2827236897453377], [0.027723899779696543, 0.06549371936899086, 0.7496139587922709, 0.15716842195904174]], "ideal": "B", "sampled": "B", "correct": true}}
{"type": "result", "data": {"idx": 41, "options": ["Greek Orthodox", "Roman Catholic", "Puritans", "Quakers"], "probs": [[0.019545563934530212, 0.009681359620358574, 0.4964973503176687, 0.47427572602744256], [0.028635555866264192, 0.6220188542860762, 0.34365760520780797, 0.005687984539851716], [0.5077387084532572, 0.4622073462474683, 0.012811562021264104, 0.01724238317801044], [0.2273134824300596, 0.011770950464197488, 0.01453053908924189, 0.746385027916501]], "ideal": "D", "sampled": "C", "correct": false}}
{"type": "result", "data": {"idx": 42, "options": ["Peter", "Paul", "Jesus", "Matthew"], "probs": [[0.9959877040846907, 0.0008733596747447157, 0.0019073090361579525, 0.0012316271044066137], [0.005298964174186517, 0.004462899141363305, 0.0018172402498257425, 0.9884208963346244], [0.006232303984516019, 0.006331343627699574, 0.9848969046090027, 0.0025394476787816375], [0.0030065607952793, 0.9901076606263742, 0.002474278773881382, 0.0044114997044651175]], "ideal": "A", "sampled": "A", "correct": true}}
{"type": "result", "data": {"idx": 43, "options": ["1935", "2000", "1965", "1975"], "probs": [[0.4337569604009841, 0.04644203323978781, 0.29812691501160166, 0.22167409124762644], [0.005613467747377525, 0.220800534066794, 0.025755835842054545, 0.747830162243774], [0.02555011246544251, 0.09493725925108566, 0.8596039497228786, 0.019908678460593243], [0.01854637733715421, 0.7468090731933343, 0.020531509735392302, 0.2141130396341192]], "ideal": "A", "sampled": "A", "correct": true}}
{"type": "result", "data": {"idx": 44, "options": ["Householders who supported renouncers", "Orthodox interpreters of the scriptures", "Women ascetics who lived in communities", "Temple-dwelling renouncers"], "probs": [[0.379828440203314, 0.05344835162142469, 0.038790779055834064, 0.5279324290194272], [0.06324616356661994, 0.21233906798947186, 0.3845980934979511, 0.33981667484595707], [0.037712083679047596, 0.8788445648938461, 0.08050953103029512, 0.002933820296811218], [0.8691920534962663, 0.09160357488131356, 0.010603340012640893, 0.028601031509779308]], "ideal": "D", "sampled": "D", "correct": true}}
{"type": "result", "data": {"idx": 45, "options": ["Thoughtfulness", "Non-action", "Spontaneity", "Meditation"], "probs": [[0.0020285388280374653, 0.03918085586118296, 0.956999830123614, 0.0017907750871655479], [0.0019787343526996353, 0.9934999758293394, 0.0028798610503435913, 0.0016414286676173914], [0.9750971685312882, 0.002270421220730025, 0.0010894216708337346, 0.021542988477147976], [0.0019933210987079972, 0.0033649508563758537, 0.15109474832350134, 0.8435469796214148]], "ideal": "C", "sampled": "C", "correct": true}}
{"type": "result", "data": {"idx": 46, "options": ["hand gestures", "saints", "religious clothing", "temples"], "probs": [[0.9965975256025253, 0.0016715410117601344, 0.000334301351310357, 0.0013966319344041744], [0.005466752160654905, 0.0044970419596152495, 0.003238848565193665, 0.9867973572145362], [0.0005577653864776352, 0.005210015273429275, 0.9928515190060129, 0.0013807002340801673], [0.0005732497412385075, 0.9967370604322269, 0.0019241528290969447, 0.0007655368974376585]], "ideal": "A", "sampled": "A", "correct": true}}
{"type": "result", "data": {"idx": 47, "options": ["Julius Caesar", "Alexander the Great", "Cyrus of Persia", "Antiochus IV Epiphanes"], "probs": [[0.0020507246354599085, 0.0030787894182383022, 0.003571061110297379, 0.9912994247360044], [0.0009748810019876514, 0.005925635836976335, 0.9888964941098809, 0.004202988951155121], [0.0006339012752848874, 0.9958847747405303, 0.0026279170961160617, 0.00085340678806876], [0.9884152882050923, 0.005876787508629042, 0.0013743059403646801, 0.004333618245913974]], "ideal": "D", "sampled": "D", "correct": true}}
{"type": "result", "data": {"idx": 48, "options": ["30", "40", "33", "52"], "probs": [[0.10906583069664347, 0.12078800796254584, 0.5628815292749191, 0.20726463196589157], [0.08945073453040682, 0.6613522368411155, 0.11048950583096637, 0.13870752269751124], [0.1608183573966944, 0.39822587676809884, 0.32499257527816927, 0.1159631904570375], [0.11301689820907741, 0.2910213144926299, 0.09224638801117294, 0.5037153991871197]], "ideal": "A", "sampled": "C", "correct": false}}
{"type": "result", "data": {"idx": 49, "options": ["Serpent", "Eagle", "Cheetah", "Cow"], "probs": [[0.012113218787408238, 0.019511617173027657, 0.012025102635804317, 0.9563500613037598], [0.005773685874665992, 0.023379089319314095, 0.9637704495139431, 0.007076775192076829], [0.00309733781866754, 0.9810592718218822, 0.008692905346720497, 0.0071504849127297125], [0.9715426197927615, 0.012326023832885651, 0.00916205740780448, 0.006969298866548387]], "ideal": "D", "sampled": "D", "correct": true}}
{"type": "result", "data": {"idx": 50, "options": ["Community", "Scripture", "Worship", "Apprenticeship"], "probs": [[0.013236805308353992, 0.007142029439213655, 0.005348771147568915, 0.9742723940048634], [0.0006806048154300926, 0.007318098533074511, 0.9890874020136644, 0.0029138945378309627], [0.0007817627227515043, 0.9947446814155803, 0.0040975945084241105, 0.0003759612532441203], [0.3067877074304174, 0.5822764190297745, 0.07698495886038305, 0.03395091457942515]], "ideal": "A", "sampled": "D", "correct": false}}
{"type": "result", "data": {"idx": 51, "options": ["Construction of the Second Temple", "Destruction of the Second Temple", "The Christianization of the Roman Empire", "The emergence of Islam"], "probs": [[0.0036923850083368493, 0.9847904974707474, 0.006584929657372523, 0.004932187763543148], [0.9938473094023841, 0.0024066606974546736, 0.0013394459368188877, 0.0024065838633423563], [0.004657012687575788, 0.00948341340377944, 0.01771390729750325, 0.9681456665111415], [0.0013681970979092103, 0.017197588243443564, 0.9765059960219624, 0.004928218536684763]], "ideal": "B", "sampled": "B", "correct": true}}
{"type": "result", "data": {"idx": 52, "options": ["Genshin", "Dogen", "Honen", "Shinran"], "probs": [[0.0029350451473946645, 0.012553051099243236, 0.9591503247528453, 0.025361578900516744], [0.0005571624540500864, 0.9687442855260412, 0.02881271787156757, 0.0018858340483411211], [0.3937762349913909, 0.5818811611109149, 0.020388685012889374, 0.003953918784804736], [0.6314656637672132, 0.022126452884052586, 0.00807544187227773, 0.3383324413764564]], "ideal": "C", "sampled": "C", "correct": true}}
{"type": "result", "data": {"idx": 53, "options": ["Pakistan", "Iraq", "Indonesia", "Turkey"], "probs": [[0.01935172614632325, 0.007236575844601278, 0.9625464287070117, 0.01086526920206374], [0.0006172221922242985, 0.9559262267523134, 0.007824013393257381, 0.035632537562204844], [0.7810124111199532, 0.009836235774289484, 0.2037618899365365, 0.005389463069220793], [0.008144462878794388, 0.18703702356719054, 0.0033978177336402853, 0.8014206957203748]], "ideal": "C", "sampled": "C", "correct": true}}
{"type": "result", "data": {"idx": 54, "options": ["Gregory", "Augustine", "Athanasius", "Francis"], "probs": [[0.861216365654301, 0.015774353235242653, 0.01349248177056678, 0.10951679923988951], [0.010245743912723773, 0.012854801444220387, 0.02382475487931976, 0.953074699663736], [0.012443661889725526, 0.0451657335736874, 0.9215446168964161, 0.02084598754017098], [0.006801407843629415, 0.9708210383298854, 0.006803338475475638, 0.015574215251009537]], "ideal": "A", "sampled": "A", "correct": true}}
{"type": "result", "data": {"idx": 55, "options": ["Enlightened being", "Worthy ones", "Saintly ones", "Sages"], "probs": [[0.9802923964532085, 0.009242155183689984, 0.005518253184901161, 0.004947195078200317], [0.058669834786516856, 0.01965639224712813, 0.016040687213748732, 0.9056330856526063], [0.7519834692917058, 0.01700872009083951, 0.22231894894938942, 0.008688861568065297], [0.01948031612370033, 0.946440971394, 0.018165909024378285, 0.01591280335792141]], "ideal": "A", "sampled": "A", "correct": true}}
{"type": "result", "data": {"idx": 56, "options": ["Guru Ram Das", "Guru Tegh Bahadur", "Guru Gobind Singh", "Guru Har Rai"], "probs": [[0.0004657934905510329, 0.9848115732682607, 0.013613428387988454, 0.0011092047531997553], [0.9949282726697127, 0.002838668397167267, 0.0010120916689077383, 0.0012209671642122468], [0.01733888928110899, 0.002898517857095771, 0.0018276641504313268, 0.9779349286113639], [0.0005838348778643232, 0.003837613555446211, 0.9918291397454714, 0.003749411721218034]], "ideal": "B", "sampled": "B", "correct": true}}
{"type": "result", "data": {"idx": 57, "options": ["Guru Nanak", "Guru Arjan", "Guru Hargobind", "Guru Ram Das"], "probs": [[0.001577514844422759, 0.009517800295734794, 0.9863610508938907, 0.0025436338659517678], [0.0007622227348880962, 0.9934041404845466, 0.0032108050928871756, 0.002622831587678081], [0.9951420541223354, 0.0013310989751441512, 0.001735531977850756, 0.0017913148246697097], [0.002485442737392902, 0.005648621904704798, 0.008742878549574973, 0.9831230567083273]], "ideal": "C", "sampled": "C", "correct": true}}
{"type": "result", "data": {"idx": 58, "options": ["In the community", "In faith in God", "In ascetic renunciation", "In the life of the householder"], "probs": [[0.04598661477413895, 0.6163382483675286, 0.059505685714599806, 0.27816945104373264], [0.24561039708827329, 0.033783958869057246, 0.3202905201721508, 0.40031512377051864], [0.04172064022094514, 0.8262239159281144, 0.11349182659364168, 0.018563617157298776], [0.16069420159325007, 0.05644087661062158, 0.22832909904607993, 0.5545358226500484]], "ideal": "D", "sampled": "D", "correct": true}}
{"type": "result", "data": {"idx": 59, "options": ["God is eternal and merciful to those who offer worship", "Humans can align themselves with life energy through worship of kami", "Justice will be the final outcome in the next world", "Power and force are the most divine attributes"], "probs": [[0.000900605311321458, 0.9953877656914656, 0.0027961051356387334, 0.0009155237615741523], [0.9621402503818904, 0.009141277410259337, 0.0053734750762282416, 0.023344997031621996], [0.0009059844983007989, 0.002704810786162261, 0.00879691048162721, 0.9875922941339097], [0.001031848155932588, 0.011093261862379255, 0.9833556600410529, 0.0045192298406352875]], "ideal": "A", "sampled": "B", "correct": false}}
{"type": "result", "data": {"idx": 60, "options": ["Durga", "Sri Lakshmi", "Kali", "Mahavira"], "probs": [[0.009878300991702888, 0.9394907884792816, 0.043941456513219415, 0.006689453915796076], [0.7690334492777029, 0.031249955438913023, 0.008150987809725584, 0.19156560737365852], [0.008027471436684658, 0.009536651698099145, 0.9067915491324103, 0.07564432763280583], [0.005146132941374357, 0.05405750782107971, 0.9216594623193121, 0.019136896818233863]], "ideal": "B", "sampled": "B", "correct": true}}
{"type": "result", "data": {"idx": 61, "options": ["China", "Silla", "Goguryeo", "Joseon"], "probs": [[0.2512365914814259, 0.49964360142187103, 0.11774325545062264, 0.13137655154608038], [0.4506038162451678, 0.4232752354263822, 0.07355181926909554, 0.05256912895935444], [0.5041186715136257, 0.24757942093706498, 0.05395514044454675, 0.1943467670047626], [0.6541185074741513, 0.12383916036317365, 0.10106365833450479, 0.1209786737281702]], "ideal": "B", "sampled": "B", "correct": true}}
{"type": "result", "data": {"idx": 62, "options": ["Madhva", "Patanjali", "Ramanuja", "Aryabhatta"], "probs": [[0.0010061034894203208, 0.9968593313090967, 0.001711738328910665, 0.0004228267725723748], [0.9979541216210464, 0.0010977433900344435, 0.00023928945096979667, 0.0007088454379493604], [0.005665399456107266, 0.0017691724774899931, 0.0010813852455313878, 0.9914840427208713], [0.0013830045201877889, 0.003215833629065356, 0.9947269626482628, 0.0006741991024840595]], "ideal": "B", "sampled": "B", "correct": true}}
{"type": "result", "data": {"idx": 63, "options": ["It was visited by Moses.", "It is a haram.", "It was built by Abraham.", "It is a square building."], "probs": [[0.7796526638875534, 0.061071208408678745, 0.12927531854833546, 0.03000080905543241], [0.15328200097358, 0.1175450270454226, 0.051338994063797334, 0.6778339778172], [0.12250120229252799, 0.08552865189317616, 0.7624035632695226, 0.029566582444773244], [0.010422542951745377, 0.9310070273098993, 0.020728948123265825, 0.037841481515089585]], "ideal": "A", "sampled": "A", "correct": true}}
{"type": "result", "data": {"idx": 64, "options": ["Parvati", "Ganesha", "Vishnu", "Sita"], "probs": [[0.0019955764575812396, 0.9943974771610895, 0.0025628724867748924, 0.0010440737945543665], [0.9959291281216135, 0.0018928236180797559, 0.0008871345202357467, 0.0012909136400709466], [0.0071147194246609854, 0.0035229126500244128, 0.0038987679138101274, 0.9854635999115045], [0.003392954349733815, 0.00801443455011726, 0.9860699832421963, 0.002522627757952567]], "ideal": "B", "sampled": "B", "correct": true}}
{"type": "result", "data": {"idx": 65, "options": ["Sri Lakshmi", "Mahavira", "Rsabha", "Nanak"], "probs": [[0.0144475735200344, 0.929793592565909, 0.03719559431143828, 0.018563239502618373], [0.7822372635742574, 0.19171681319752304, 0.017421619348328404, 0.00862430377989116], [0.3288391941522633, 0.08060828128256943, 0.012754912926407744, 0.5777976115387595], [0.0726571179155505, 0.03542262420963543, 0.832114363590546, 0.059805894184268085]], "ideal": "C", "sampled": "B", "correct": false}}
{"type": "result", "data": {"idx": 66, "options": ["Ban Zhao", "Laozi", "Menicus", "Liu Xiang"], "probs": [[0.9888694937812599, 0.007670308506262532, 0.001157781930609698, 0.002302415681867931], [0.011883762706532245, 0.015998288435984012, 0.0045461341734711735, 0.9675718145840125], [0.00600644953869782, 0.0265071581753474, 0.964116347389396, 0.0033700447965588154], [0.002477382274301642, 0.9917955852752776, 0.004247356145430135, 0.0014796762049906504]], "ideal": "A", "sampled": "A", "correct": true}}
{"type": "result", "data": {"idx": 67, "options": ["36,000", "12,000", "24,000", "7,000"], "probs": [[0.12319410968996643, 0.5229528986004699, 0.16581922273708524, 0.18803376887247844], [0.12675999103709054, 0.3612358569737641, 0.3726846575364315, 0.13931949435271387], [0.09628158133469009, 0.5719115180092711, 0.20710288140418526, 0.12470401915185354], [0.14119155703563213, 0.3335889577532012, 0.3663403987518181, 0.1588790863593486]], "ideal": "A", "sampled": "D", "correct": false}}
{"type": "result", "data": {"idx": 68, "options": ["Ultimate Reality", "The gurus", "The community", "Sikh worship"], "probs": [[0.9689286178309536, 0.013500625857226362, 0.008579387704199196, 0.008991368507620766], [0.009449181409981888, 0.00400239566307712, 0.005384476539638026, 0.981163946287303], [0.0031111671639030007, 0.007883947131923655, 0.9855865544900786, 0.0034183311140946965], [0.0033981598349764096, 0.98768922934576, 0.005265368172872302, 0.0036472425463913334]], "ideal": "A", "sampled": "A", "correct": true}}
{"type": "result", "data": {"idx": 69, "options": ["Sansar", "Hukam", "Mantar", "Karam"], "probs": [[0.0004027037830707652, 0.9960056274219109, 0.002161844575104354, 0.0014298241199139695], [0.9980993100581175, 0.0006506560105109872, 0.0002886763545520825, 0.0009613574768194369], [0.0040276121988215025, 0.006391672666896089, 0.002026305147341679, 0.9875544098869408], [0.0003543938723137755, 0.004743578739341651, 0.9924790044679882, 0.002423022820356371]], "ideal": "B", "sampled": "B", "correct": true}}
{"type": "result", "data": {"idx": 70, "options": ["30", "29", "27", "47"], "probs": [[0.028320510870714913, 0.19508058266490244, 0.7248996019005052, 0.05169930446387744], [0.03358441628460483, 0.8799380757517873, 0.04019933610975338, 0.04627817175385447], [0.8976089602373947, 0.040687872363944104, 0.01736266656676652, 0.044340500731894696], [0.03796752414581589, 0.05745183855813459, 0.07913352282968934, 0.8254471143663602]], "ideal": "C", "sampled": "C", "correct": true}}
{"type": "result", "data": {"idx": 71, "options": ["Zen Buddhism", "Chan Buddhism", "Humanistic Buddhism", "Pure Land Buddhism"], "probs": [[0.024327735122004646, 0.02511087864759964, 0.8854038865241414, 0.06515749960625432], [0.010672509344180224, 0.8548080213847616, 0.02406089516834457, 0.11045857400271354], [0.8205320345245705, 0.04889405564684715, 0.06630040527555936, 0.06427350445302306], [0.020986785132817275, 0.012934543520104128, 0.007253902625782403, 0.9588247686212962]], "ideal": "C", "sampled": "C", "correct": true}}
{"type": "result", "data": {"idx": 72, "options": ["They worshipped exclusively outside of the temple", "They believed that nakedness was an elemental expression of non-attachment", "They included women within the ranks of the leadership", "They believed that the omniscient Jina must eat and sleep"], "probs": [[0.002189535997860242, 0.9778603991920971, 0.008012258025302655, 0.01193780668473999], [0.9522595042863167, 0.020388072166497868, 0.01600296634245788, 0.011349457104727621], [0.0030196080588017087, 0.007301446999836817, 0.009015461095966003, 0.9806634837453955], [0.004467730347536808, 0.0176729631917625, 0.9578266009034171, 0.020032705457283577]], "ideal": "B", "sampled": "B", "correct": true}}
{"type": "result", "data": {"idx": 73, "options": ["Namokar Mantra", "The Liberation Mantra", "Ahimsa", "Archaryas"], "probs": [[0.9966546617649016, 0.0014986051368149713, 0.0007418341773660352, 0.0011048988209174469], [0.04037928978518974, 0.007589834557669286, 0.002602343005052161, 0.9494285325520888], [0.003217155752062281, 0.0031930643001532753, 0.9875775390699588, 0.006012240777825587], [0.000564062850969931, 0.9886225877148501, 0.0074895572127578885, 0.0033237921214220177]], "ideal": "A", "sampled": "A", "correct": true}}
{"type": "result", "data": {"idx": 74, "options": ["Second century CE", "Fifth century CE", "Fifth century BCE", "Eighteenth century CE"], "probs": [[0.16550600393373266, 0.381900759009887, 0.42617735774987103, 0.026415879206509316], [0.211381844731075, 0.6023846639692159, 0.03142429025811538, 0.1548092009415938], [0.18070684102297507, 0.04361595893042295, 0.11308724263539674, 0.6625899573112052], [0.0018893451249546213, 0.9055573331309593, 0.024317227007222296, 0.06823609463686381]], "ideal": "B", "sampled": "A", "correct": false}}
