{"type": "result", "data": {"idx": 0, "options": ["Planetary density will decrease.", "Planetary years will become longer.", "Planetary days will become shorter.", "Planetary gravity will become stronger."], "probs": [[0.004955122433307618, 0.009856169487017624, 0.9443422022889357, 0.04084650569073907], [0.04242435034052945, 0.07331024745401406, 0.10833751247727047, 0.775927889628186], [0.0057639174723797745, 0.8826545730932251, 0.09016503789319613, 0.02141647144119894], [0.002845590171114444, 0.9667529244464238, 0.009043440948916157, 0.021358044333545604], [0.04398550760208968, 0.032690679980645725, 0.13131977006878992, 0.7920040422484746], [0.002303854411917568, 0.0043048976903734045, 0.9441319087607702, 0.04925933903693881], [0.006715346589611165, 0.008101992304510492, 0.9510785931929382, 0.03410406781294017], [0.19455273560537226, 0.05662593961725796, 0.15879421300682184, 0.5900271116705479], [0.02510109690072587, 0.9419845788601016, 0.012426272767986265, 0.020488051371186262], [0.017740743910396102, 0.968675352271347, 0.0065266217728058825, 0.007057281945450967], [0.13734764729150797, 0.0197892425056022, 0.039971626097130265, 0.8028914840057596], [0.0015431214382970223, 0.002666811069508928, 0.9794571421215904, 0.016332925270603586], [0.7997202664095368, 0.05033958941504282, 0.05442280146898128, 0.09551734260643917], [0.7973013252127382, 0.04940859434752296, 0.03290948161084674, 0.12038059872889209], [0.8086211288952048, 0.08658148673220172, 0.02088669213619951, 0.08391069213639402], [0.876147548554822, 0.07421088052072612, 0.011740892861930563, 0.03790067796252125], [0.8919076474159214, 0.025703398800032223, 0.012525837054457872, 0.06986311662958841], [0.8721379117011359, 0.03657011469415014, 0.04208660246984887, 0.04920537103486514], [0.023457769957570675, 0.012171311642818585, 0.16283379948467933, 0.8015371188149314], [0.0006479850833909313, 0.0013092500117478762, 0.9713374942537073, 0.026705270551153917], [0.03639368576961088, 0.0581639387339327, 0.0770479337403641, 0.8283944416560923], [0.0020133443295140972, 0.0046821245440999935, 0.964628471351621, 0.028676059674764894], [0.0007783397601818513, 0.982464781756762, 0.005319033523175173, 0.011437844859880999], [0.0020343411421700187, 0.9300359609472778, 0.055850871493691015, 0.012078826316861092]], "ideal": "C", "sampled": "C", "correct": true}}
{"type": "result", "data": {"idx": 1, "options": ["buildings will be built faster", "buildings will be made safer", "building designs will look nicer", "building materials will be cheaper"], "probs": [[0.0001291609187802414, 0.9986668547597101, 0.00033501674421365776, 0.0008689674772960045], [0.00011049598958333508, 0.9988344424306005, 0.00034570979576960243, 0.000709351684046614], [0.0007037486624953332, 0.0006407779271048707, 0.9909703102774312, 0.007685163032968588], [0.00042971232768585453, 0.0002487026529977365, 0.0016995615036082142, 0.9976220234157082], [0.0002721240556830343, 0.0005245371339832209, 0.9939057610338508, 0.005297577676482973], [0.00028643571352265625, 0.00018207235878228925, 0.0012638233827912619, 0.9982676684449038], [0.9982998318416273, 0.0009103447539375408, 0.0003794929212950458, 0.00041033038314015343], [0.9980515248177125, 0.0011150987127668084, 0.00041668768999522296, 0.00041668867952545914], [0.9985158688608795, 0.0008035509099067341, 0.0003349730277999047, 0.00034560710141381577], [0.9982569528132872, 0.0009103048643073717, 0.0003677999889774317, 0.00046494223342802564], [0.9982880326780719, 0.0010315416119881238, 0.00034552751364289144, 0.0003348980962970664], [0.9984851706038521, 0.0008290312353820188, 0.00030025862651822583, 0.00038553943424759357], [0.0005840488156213615, 0.0006025956995507086, 0.9920240087795024, 0.006789346605325529], [0.0004944778379300351, 0.00031431367750833474, 0.0018087390394114092, 0.9973824693451502], [0.00026891214160110286, 0.9976244384618234, 0.0005347969610216553, 0.0015718523355538589], [0.00038482484407636254, 0.9966579803215323, 0.0007078037529037619, 0.002249390981487517], [0.0006150783323410671, 0.00035598511721340723, 0.0021468531627888508, 0.9968820832876567], [0.0010064560243426383, 0.0009164009687202076, 0.9893826725569904, 0.008694470349946717], [0.0002989133003521465, 0.0005944651665613557, 0.9940509001505474, 0.005055721282539046], [0.00026903975804681125, 0.00020953192911344996, 0.0014096764618529286, 0.9981117517509868], [0.00011942529770311851, 0.9984238095590267, 0.0004723358418084408, 0.0009844292014618283], [0.00015569593393507627, 0.9980175597699155, 0.0005025927727531941, 0.0013241514233962583], [0.000526311071614402, 0.0003046107915620659, 0.00189533690547177, 0.9972737411313518], [0.0011222930659191906, 0.0009599611955252216, 0.9889511925875782, 0.008966553050977351]], "ideal": "B", "sampled": "B", "correct": true}}
{"type": "result", "data": {"idx": 2, "options": ["Chemical energy is absorbed through the roots.", "Light energy is converted to chemical energy.", "Chlorophyll in the leaf captures light energy.", "Sunlight is converted into chlorophyll."], "probs": [[0.013232486264859976, 0.020179116568109542, 0.9276955740216889, 0.038892823045341626], [0.03831229959416522, 0.08500522135869303, 0.057513445312795265, 0.8191690336343465], [0.02638109455119317, 0.8207367214784704, 0.12390765187297519, 0.028974531997361237], [0.017066478168236754, 0.9031831714921086, 0.03188484405272976, 0.04786550618692486], [0.02971061931056913, 0.025020300221013887, 0.10369975400276214, 0.8415693263656548], [0.0308163529618841, 0.030818450300134408, 0.746618561674329, 0.1917466349636525], [0.015913725613585446, 0.0017856175421235277, 0.969312001853627, 0.012988654890664092], [0.06405716264160986, 0.005510654833648727, 0.018068088104148505, 0.9123640943205928], [0.1367047382477657, 0.8506296583085151, 0.008339164494280783, 0.004326438849438386], [0.16733559177404744, 0.8109082793463592, 0.015564759459633747, 0.006191369319959596], [0.0577476458697169, 0.004523276249836838, 0.005717792419864832, 0.9320112853605814], [0.07382869293419062, 0.006553161510266686, 0.8994342164495053, 0.02018392900603746], [0.7022732069564027, 0.012467680799608112, 0.2389386353890865, 0.04632047675490265], [0.9423406968604395, 0.007083592675102403, 0.005102009789946293, 0.04547370057451178], [0.9797433864008634, 0.012527697869202891, 0.002667276651694917, 0.005061638978238707], [0.9788300410153564, 0.012713136485442826, 0.004063299368506379, 0.004393523030694367], [0.9663581212882102, 0.005657284497608519, 0.0026308495910245962, 0.025353744523156665], [0.906370509011483, 0.011589873264896054, 0.06072354638457485, 0.021316071239046067], [0.019450317441369953, 0.007155901056111841, 0.1964401092396338, 0.7769536721628845], [0.01678147278435787, 0.003573229144322347, 0.9020480707570425, 0.07759722721427723], [0.08728450002151067, 0.041881055649752266, 0.016400291048592516, 0.8544341531801446], [0.0516757731698178, 0.012084813497529153, 0.9160025605128993, 0.02023685271975369], [0.17650180724543715, 0.6456410167905078, 0.022091988060426088, 0.15576518780362894], [0.30180694862920715, 0.5054495202313561, 0.136035125866914, 0.05670840517252277]], "ideal": "C", "sampled": "C", "correct": true}}
{"type": "result", "data": {"idx": 3, "options": ["the control", "the hypothesis statement", "the dependent (responding) variable", "the independent (manipulated) variable"], "probs": [[0.08638515129450786, 0.07162785369273324, 0.2422872131309393, 0.5996997817818196], [0.021354237416918876, 0.02536223100351972, 0.9080739747703617, 0.04520955670919971], [0.127823857535695, 0.3264509986543391, 0.06328014934502817, 0.4824449943649377], [0.10395023622236207, 0.19423285963643477, 0.6778839002581242, 0.023933003783078936], [0.08835508224675051, 0.8253585972118073, 0.03514644621079624, 0.05113987423064594], [0.1365042904403753, 0.7496098167502826, 0.09679875377642573, 0.01708713893291639], [0.07239356420527468, 0.10535014850784406, 0.1967968732876416, 0.6254594138992396], [0.024507378024612215, 0.052707401738481076, 0.8639908689585863, 0.05879435117832035], [0.0813403685617067, 0.21771606740330962, 0.14501329219559522, 0.5559302717393884], [0.030161819778573802, 0.11930561575596033, 0.8281166907441331, 0.022415873621332738], [0.019169685711600166, 0.9237054574422435, 0.029231214881487128, 0.027893641864669128], [0.028381531461389796, 0.8829691803899711, 0.07247694905019496, 0.016172338998444172], [0.34679552909244143, 0.17169903217029195, 0.06315828859174479, 0.41834715004552187], [0.3006636258037658, 0.11961443943851188, 0.5530343158182732, 0.026687618839449076], [0.34838198708280915, 0.10461814579025659, 0.07078066144358583, 0.4762192055833484], [0.0915420913560343, 0.034749357529725695, 0.8551097176909215, 0.01859883332331848], [0.26701263792805946, 0.7145990848815403, 0.012488658638410222, 0.005899618451990014], [0.25920011214703526, 0.726974627454195, 0.0091511229774015, 0.004674137321368131], [0.747679864059429, 0.1519105979380265, 0.03086106002860531, 0.06954847787393917], [0.7960545360539928, 0.14726498611836475, 0.03963351592298248, 0.017046961804659946], [0.8021508841343643, 0.10040797030347921, 0.03159328094869464, 0.06584786451346188], [0.6322212571887217, 0.10987167673232334, 0.22542981570734047, 0.03247725027161445], [0.6875060571371866, 0.26924680134971096, 0.027077506824944142, 0.016169634588158323], [0.7022271470435258, 0.26241435547173597, 0.02187883766075667, 0.013479659723981529]], "ideal": "D", "sampled": "D", "correct": true}}
{"type": "result", "data": {"idx": 4, "options": ["They have each lost kinetic energy.", "They have each gained the same amount of potential energy.", "They have each lost the same amount of potential energy.", "They have each gained one-half of their maximum kinetic energy."], "probs": [[0.8854467349720402, 0.06935515503701467, 0.013444811170042767, 0.031753298720902316], [0.9164797760929085, 0.05011431926017039, 0.006997414473182452, 0.02640849007373866], [0.6771519842546537, 0.28672981526377683, 0.011834586148220238, 0.02428361423334918], [0.6387413442082223, 0.3313800537916046, 0.008693972196772584, 0.0211846297034005], [0.9037313194139001, 0.03848674542215608, 0.016813095517116797, 0.040968839546827], [0.6540560806068224, 0.050439148915648116, 0.2123475057445549, 0.08315726463297458], [0.8842958741175778, 0.04402778264419203, 0.039464991241733124, 0.03221135189649697], [0.8980453703746674, 0.037651506938847515, 0.01670728157811721, 0.047595841008367924], [0.9142957856768434, 0.05321947046918121, 0.010982195548449569, 0.021502548205525773], [0.85878033195188, 0.08371549008704003, 0.021499110202879465, 0.03600506765820055], [0.8349402261040714, 0.10450893283741153, 0.02025925443339614, 0.040291586525120944], [0.8340240555031173, 0.10603804693254165, 0.023292576243992193, 0.0366453212203488], [0.9457076005997097, 0.032360743095120124, 0.00844162034040276, 0.0134900358647674], [0.9539414911415952, 0.02208701307007956, 0.005944534559855346, 0.01802696112846994], [0.9505079802242353, 0.024937919793738942, 0.0071446656740896414, 0.017409434207936073], [0.9545520054149865, 0.022101328505253252, 0.005587928641647031, 0.017758737338113242], [0.9245122637705281, 0.028804737975971068, 0.01027035550136238, 0.03641264265213842], [0.9150935409484867, 0.0371857684012499, 0.01784131443155956, 0.02987937611870381], [0.8002074807043456, 0.0756078050283022, 0.08434299221642678, 0.0398417219509255], [0.7512152493697505, 0.0829830790058932, 0.11701970451134935, 0.0487819670130069], [0.7563373244122407, 0.20041480213562915, 0.015697357130578262, 0.02755051622155187], [0.7486865620950857, 0.20790829208540285, 0.01933804520566772, 0.024067100513843694], [0.6624539197712032, 0.284925984491556, 0.01582496169833713, 0.036795133938903664], [0.7095987928246923, 0.24143581539652528, 0.02012993432622147, 0.02883545735256091]], "ideal": "D", "sampled": "C", "correct": false}}
{"type": "result", "data": {"idx": 5, "options": ["a non-infectious, cell-cycle disease", "an infectious, cell-cycle disease", "a non-infectious, chronic disease", "an infectious, chronic disease"], "probs": [[0.002886416678389405, 0.996020356802256, 0.0005508814905662642, 0.0005423449287883594], [0.006677343153399537, 0.991014308443313, 0.0012351873369448798, 0.0010731609663425991], [0.015966773719443432, 0.008681372099779034, 0.9575390110272943, 0.01781284305348318], [0.062136685596059595, 0.023219843675299993, 0.3520515760412919, 0.5625918945873485], [0.05477073384960614, 0.09613004272142225, 0.8304637623280725, 0.018635461000899103], [0.03410179907290661, 0.8658793204160293, 0.015613311101067357, 0.0844055693099967], [0.9844483970570881, 0.011824991839174265, 0.0017035589964218584, 0.0020230520073158003], [0.9886642195994035, 0.009248763971692466, 0.001213179986354896, 0.0008738363425491392], [0.971815182144359, 0.009379716006220557, 0.013862282996378846, 0.004942818753041528], [0.9921246766126061, 0.004384100639032917, 0.0019760794214258876, 0.001515143226935132], [0.9909901157296821, 0.005711404096349624, 0.0016363548389686446, 0.0016621252349996525], [0.9941709133190669, 0.003530006422587701, 0.0010599105250884762, 0.0012391696332568689], [0.00597522333598217, 0.008296075825070462, 0.9589486871185467, 0.026780013620400656], [0.04973184782014884, 0.03638632662950045, 0.5347148279071617, 0.37916699754318894], [0.0015414126476918923, 0.9937208161994614, 0.0023873832223223947, 0.0023503878305243353], [0.0014943177006254153, 0.9939435362923565, 0.0023879099744658645, 0.0021742359325521605], [0.006544921878966195, 0.9866560985847348, 0.0023704366915394287, 0.0044285427447596235], [0.007996914035749297, 0.6762561847804459, 0.3048162184709686, 0.010930682612836163], [0.2506061573454186, 0.024429390978045955, 0.7139531003290278, 0.011011351247507713], [0.803739863637328, 0.05914025885333873, 0.019502558248087137, 0.11761731916124615], [0.7668952855420409, 0.21972033133708288, 0.006953427024010808, 0.006430955996865415], [0.6988907405254934, 0.2959311880867536, 0.0030883443315827502, 0.0020897269561702698], [0.8148865961073823, 0.026607335383463934, 0.010099092083569213, 0.14840697632558453], [0.8604431016213158, 0.01730873155723657, 0.11645040538478134, 0.005797761336666296]], "ideal": "B", "sampled": "B", "correct": true}}
{"type": "result", "data": {"idx": 6, "options": ["to repare for migration before winter", "to provide warmth during the cold winter months", "to store food that will be eaten over the winter months", "to protect the grasses and seeds from decay before winter"], "probs": [[0.005087134737128696, 0.0074021548544374195, 0.8163941846893469, 0.17111652561908697], [0.0020155425602737522, 0.0042009471897442655, 0.9506898939777333, 0.0430936161722487], [0.00010864076256051684, 0.9975018904072053, 0.000742396500013916, 0.001647072230220281], [0.00024345649189153184, 0.9919301111811701, 0.004813923423009941, 0.003012508803928373], [0.0006626325609689096, 0.9932066229496173, 0.002969585312649749, 0.0031611590767640723], [0.0029134924923663857, 0.9593247920280448, 0.023643344614357305, 0.014118370765231559], [0.007183451064281362, 0.008268670016406186, 0.7679483739571891, 0.21659950486212334], [0.0026221834865352523, 0.005909507795800882, 0.9336240555860909, 0.05784425303157301], [0.0008694237167104091, 0.9836841636316236, 0.004346695181034539, 0.011099717370631514], [0.007346818671416579, 0.9181914903278753, 0.047164883350044026, 0.02729680755066407], [0.002678927374785751, 0.9840185183039083, 0.005671064570395132, 0.007631489650910806], [0.010093586706358886, 0.9374426180945665, 0.02786914124562442, 0.0245946538534502], [0.9918166871407159, 0.002742720898492214, 0.0009186922544467582, 0.004521899606345053], [0.9746502062040956, 0.010827876380768566, 0.00511461342428302, 0.009407303890852783], [0.992171870311818, 0.0024594654080682004, 0.000773903018613839, 0.004594761161500019], [0.9891610491191727, 0.005439941030082919, 0.0014190798888360228, 0.003979929861908331], [0.9955503554228152, 0.0030713219866327934, 0.0005254354124005628, 0.0008528870781513888], [0.9936033405699473, 0.004390788896430381, 0.0007280645162631822, 0.0012778059173591796], [0.9732228809164144, 0.010157188701418456, 0.004368355757326122, 0.012251574524840993], [0.9278463271002884, 0.02359590006105565, 0.021821386053175545, 0.02673638668548045], [0.9773465000474991, 0.008325349711203113, 0.0034703135740401735, 0.010857836567257542], [0.9581685961040275, 0.016747223514578705, 0.009104753926905795, 0.01597942635448797], [0.3755840339053521, 0.6192644097426863, 0.0024149021511133497, 0.0027366541008482016], [0.6018769804918759, 0.3886206489311621, 0.003692708948691982, 0.0058096615282700395]], "ideal": "C", "sampled": "C", "correct": true}}
{"type": "result", "data": {"idx": 7, "options": ["There was once more water in the area.", "The area was once grassland.", "The climate in the area was once tropical.", "There are active faults in the area."], "probs": [[0.5818571296013183, 0.03181851944482417, 0.25026141942088365, 0.13606293143297385], [0.1702363425905324, 0.005646111721766809, 0.011952602893304595, 0.8121649426943962], [0.2119694562147307, 0.7515155889245587, 0.011590862048857066, 0.024924092711853488], [0.17270375175281755, 0.7985917642412379, 0.008077636074444745, 0.020626847831499755], [0.4267116474677317, 0.012686255351248251, 0.012685984336379822, 0.5479161127446402], [0.004159033375544562, 0.0010353140724777387, 0.986404139196657, 0.008401513255320637], [0.036506861070640974, 0.009376293882591645, 0.8984499480766992, 0.055666896870068226], [0.0031400265090802625, 0.0022617038616209546, 0.008018362434005678, 0.9865799070952931], [0.10045951494989941, 0.8152818003218828, 0.046719084653892864, 0.03753959997432494], [0.060142361657361504, 0.8838070137693529, 0.014063865126965978, 0.041986759346319596], [0.008564179166011468, 0.002098786726522899, 0.02989211608866158, 0.959444917918804], [0.0017670763110060766, 0.0008748141071657861, 0.9744423033182131, 0.02291580616361499], [0.9940308243907704, 0.003698895397528346, 0.0007283586536758439, 0.0015419214580254083], [0.9948460271849203, 0.0029284732902697887, 0.00063332852108007, 0.0015921709037298342], [0.995515690923977, 0.002710217736250401, 0.0006960443312437133, 0.001078046908528867], [0.9971416215783523, 0.0014759308566455228, 0.0004295220843718001, 0.0009529253806304013], [0.9934371638997171, 0.0032117489560724824, 0.0009643416197443234, 0.0023867454244660877], [0.9966297614450649, 0.0016456716657145783, 0.0004429280201842295, 0.0012816387690363], [0.10514389839995376, 0.24447860094485108, 0.035774153122164885, 0.6146033474330302], [0.005304058668557479, 0.004066933038833715, 0.9645214299924768, 0.026107578200132014], [0.05396146976290085, 0.011854159434789922, 0.11603720279674394, 0.8181471679055653], [0.02745934720868433, 0.008915355295312625, 0.7900743365976746, 0.1735509607983285], [0.0010124981761290197, 0.9798806430778371, 0.013547139409685858, 0.00555971923634808], [0.0005590353979024206, 0.9950935845983023, 0.0010282298322734447, 0.0033191500715217784]], "ideal": "C", "sampled": "C", "correct": true}}
{"type": "result", "data": {"idx": 8, "options": ["The chicken population would go down.", "Populations of mice and rats would increase.", "Another bird of prey would replace the hawk.", "The chickens would have a lower rate of disease."], "probs": [[0.9844615148927239, 0.00812721089748916, 0.003387919958223331, 0.0040233541515635445], [0.9867226450330947, 0.007188734172961181, 0.0030918259531773308, 0.0029967947407667722], [0.9694123407097547, 0.014491539656243144, 0.006136074284510962, 0.00996004524949123], [0.9880043370981532, 0.006553928971906264, 0.002954076595268874, 0.0024876572346717377], [0.9891095943034295, 0.005700549217708436, 0.002232366050561624, 0.0029574903283003913], [0.9917334882888846, 0.003990177758010053, 0.0020379802441293964, 0.002238353608975948], [0.007205189731878885, 0.9889918052762355, 0.002339166841556999, 0.0014638380503285153], [0.012581970496252683, 0.984026143617293, 0.0020862917020468006, 0.0013055940844075432], [0.006504587322630485, 0.007033764302661117, 0.9806308578811855, 0.005830790393522871], [0.2693553894789357, 0.28229850843294574, 0.043972600738471083, 0.40437350124964744], [0.023524603618428085, 0.015919573449742663, 0.9397946596956035, 0.020761163136225752], [0.14613796660230013, 0.03111734217751777, 0.3045959151634266, 0.5181487759567555], [0.41381699767631913, 0.5482303026119819, 0.01734938697379307, 0.020603312637905814], [0.7258621364475427, 0.2508555229634315, 0.010193444568117922, 0.013088895920907877], [0.05137872890892465, 0.008790743233448455, 0.9251098909150819, 0.014720636842544954], [0.8562737935786441, 0.04263253549971251, 0.018917655540076, 0.08217601528156736], [0.8854042554626862, 0.023967764120916772, 0.062165999768895065, 0.02846198054750198], [0.9085725896643221, 0.023468433530949663, 0.01827679019890544, 0.04968218650582275], [0.014654856583170728, 0.9354625008659722, 0.024162041696037046, 0.025720600754820085], [0.013089798396927277, 0.9176815213290432, 0.04863518079713616, 0.020593499376893268], [0.008555941616544212, 0.011335895535154876, 0.9585981294533346, 0.021510033294966334], [0.023902612910368142, 0.020129573823356155, 0.3857939120769339, 0.5701739010893417], [0.008273740660378174, 0.018940203718986255, 0.9415609055685468, 0.031225149952088735], [0.034589545469914454, 0.38974497230303784, 0.08297924171062349, 0.4926862404164242]], "ideal": "B", "sampled": "A", "correct": false}}
{"type": "result", "data": {"idx": 9, "options": ["the atom", "the electron", "the nucleus", "the proton"], "probs": [[0.980916609386569, 0.003707507347372416, 0.003593432899058099, 0.011782450267000505], [0.9858690374562737, 0.003137792696567583, 0.0027261597902548847, 0.008267009956903807], [0.9814390439322074, 0.0035396031314530525, 0.003595339534112278, 0.011426013302227232], [0.9825110990386949, 0.0038314000538980215, 0.0030786145354577054, 0.010578886271949337], [0.9841215180741143, 0.003719615347202485, 0.002807711531351562, 0.009351154947331646], [0.9640972870418879, 0.004752593878730457, 0.0033700844481749943, 0.027780034531206674], [0.03157895392373468, 0.9521815064543865, 0.00566180602255146, 0.010577733499327386], [0.026501587718588127, 0.9638813441343236, 0.003020228260679438, 0.00659683978640882], [0.006192891691501536, 0.001666824888329652, 0.9784006491818755, 0.01373963413829328], [0.007890006338165235, 0.0016798890371308953, 0.0043572870414615855, 0.9860728174832423], [0.013036590916080068, 0.0016317403536351195, 0.9728919800435232, 0.012439688586761652], [0.008389988608555473, 0.001872072393808667, 0.004706370007196653, 0.9850315688904392], [0.005602166393900985, 0.9873700736334493, 0.001682081128222999, 0.005345678744426659], [0.0059591554787837295, 0.9866543371020314, 0.0018751349920359843, 0.005511372327148883], [0.006022974966642106, 0.0018084588581784736, 0.9817617131716575, 0.010406852903521937], [0.006950013927840642, 0.0019603526947848536, 0.006842282714241224, 0.9842473505631333], [0.009120145059827525, 0.0011415350241515375, 0.9749347758393868, 0.014803543976634134], [0.005942326571245359, 0.0015501588523660125, 0.008646057084114363, 0.9838614573922743], [0.035634229756778525, 0.9482016279881219, 0.005464695230632075, 0.010699446924467435], [0.05945961496676246, 0.9156958378875325, 0.0069913486324544045, 0.017853198413250636], [0.021654039908814992, 0.001805474850329664, 0.9649498356788438, 0.011590649462011462], [0.01752704452773974, 0.002299056947009748, 0.00815084888943167, 0.9720230495358189], [0.01139285062795203, 0.0018026336644134987, 0.9634277392935485, 0.023376776314085898], [0.008575738359891553, 0.0014220065125199266, 0.014139042157134935, 0.9758632128704536]], "ideal": "A", "sampled": "A", "correct": true}}
{"type": "result", "data": {"idx": 10, "options": ["life processes", "size differences", "plasma membranes", "energy molecules"], "probs": [[0.09746832286117633, 0.10375846800569274, 0.7910181787119599, 0.007755030321170977], [0.1572317784764287, 0.3434365404181834, 0.0443501734851288, 0.4549815075202591], [0.14224246858229872, 0.8185595088771743, 0.035407150078736516, 0.00379087236179045], [0.14388694526959178, 0.8280257699764275, 0.01917126850161967, 0.008916016152361081], [0.12064079733360984, 0.056989426472571936, 0.1388606342025105, 0.6835091418913077], [0.14075801194565613, 0.07302836545656094, 0.7375659565654723, 0.04864766593231056], [0.15720967961505933, 0.13874252152055983, 0.6936779624029946, 0.010369836361386239], [0.23849053165686845, 0.20721034062561203, 0.04144441133281592, 0.5128547162847036], [0.17136247773547625, 0.8175338062112164, 0.009370254526286355, 0.001733461427020933], [0.17216065932127636, 0.8213433702207463, 0.005534172640972882, 0.0009617977170044387], [0.19744798446525447, 0.06022048049633428, 0.05314348268620525, 0.689188052252206], [0.1448561161366434, 0.05085165634007447, 0.795455369087518, 0.008836858335764069], [0.9200950946244852, 0.061642900412556316, 0.011764760407371004, 0.006497244455587415], [0.903838491621868, 0.06547441162139755, 0.011027715811543042, 0.019659380845191355], [0.8659051519479768, 0.11718830342139144, 0.011071893041868758, 0.005834651488762948], [0.8837172705011689, 0.10720798011496278, 0.005681847425309049, 0.0033929018585592617], [0.9326656080936044, 0.04034372512647999, 0.010690023439100714, 0.016300643240814854], [0.9320204932658986, 0.042250586190776436, 0.019043770492869285, 0.006685149950455656], [0.08064414614073881, 0.06087585388951464, 0.10518196067955884, 0.7532980391901877], [0.10796184656761382, 0.07899039306156552, 0.7612445297499795, 0.05180323052084117], [0.11182376167595763, 0.4027058215764091, 0.06997880167385621, 0.415491614973777], [0.08673092758373964, 0.1807688929085155, 0.7262169748451556, 0.006283204562589309], [0.11694071876357527, 0.8506961780940223, 0.023758063975508843, 0.00860503906689361], [0.10137510828937517, 0.8621807510897629, 0.03343013230327047, 0.0030140082175915003]], "ideal": "B", "sampled": "C", "correct": false}}
{"type": "result", "data": {"idx": 11, "options": ["The Sun influences the formation of waves.", "The Sun creates water particles.", "The Sun's rays cause organisms to come to the surface.", "The Sun provides minerals."], "probs": [[0.9327651090969662, 0.0286142950868495, 0.011742503916958207, 0.02687809179922611], [0.9553540557222084, 0.01952202223674101, 0.007070157806472973, 0.018053764134577613], [0.9127242043681527, 0.04203194688634077, 0.013019943635144774, 0.032223905010361674], [0.9360647738861225, 0.0351818998880497, 0.009923069043740946, 0.018830257082086833], [0.9566234765274644, 0.015707376257977308, 0.006861802877689375, 0.020807344236868863], [0.95163270677446, 0.019144679057015185, 0.00977774365976259, 0.019444870408762225], [0.03985999739505343, 0.9215772648831156, 0.01973313758373554, 0.018829600038095366], [0.014661721288191935, 0.9656453983534349, 0.009615694682201711, 0.010077185576171472], [0.019996044801481153, 0.014182337307383096, 0.9051825839135216, 0.060639033877614226], [0.005230010957645621, 0.0032730951815294657, 0.010240078001481582, 0.9812568157593433], [0.017111165750096413, 0.007835316609618911, 0.9198168678002021, 0.05523664974008254], [0.0024104016219167117, 0.0016567462807807539, 0.008154413770255468, 0.987778438227047], [0.029167876746661565, 0.9217511174194482, 0.020363581765101467, 0.028717423968788812], [0.022244647515951798, 0.945934311417163, 0.015289262191918722, 0.01653177877496642], [0.02436878990862208, 0.013046642229470303, 0.9003542887864043, 0.06223027897550333], [0.004632893603684244, 0.0018720007538079264, 0.00852137166621278, 0.984973733876295], [0.010333158079587915, 0.0051160226594737564, 0.9597622755699116, 0.024788543591026797], [0.0037892911774896946, 0.0013725051533309029, 0.007775290729501404, 0.987062912839678], [0.0011614784626897735, 0.9920033438663313, 0.003577648312235238, 0.0032575292587437147], [0.002731329986216615, 0.9877728090556751, 0.0062522032528419605, 0.0032436576052662764], [0.0025071181800689294, 0.004069899897730995, 0.9651750855536155, 0.028247896268584566], [0.0013732691970017293, 0.0019982038412960455, 0.008954933180873733, 0.9876735936808285], [0.003950685161102523, 0.0058393136959447355, 0.9667533983574036, 0.023456602685549104], [0.0043796683324060755, 0.005893943284563521, 0.01391881202681333, 0.9758075762562171]], "ideal": "A", "sampled": "A", "correct": true}}
{"type": "result", "data": {"idx": 12, "options": ["32\u00b0 F", "41\u00b0 F", "78\u00b0 F", "98\u00b0 F"], "probs": [[0.03071064771257262, 0.04005915536877614, 0.8300975281999986, 0.09913266861865264], [0.13249195814688391, 0.08555074589103102, 0.09845922666267173, 0.6834980691994134], [0.0554222919799441, 0.7415486683930788, 0.09281067687552921, 0.11021836265144795], [0.17647500027646418, 0.6765331482866261, 0.082068500947319, 0.06492335038959061], [0.09493204382103647, 0.042129610514332144, 0.12774382768306897, 0.7351945178815624], [0.02097085831169605, 0.01312536377040149, 0.9200989683987792, 0.04580480941912317], [0.010362512971482293, 0.16595050063632671, 0.7096447038487327, 0.11404228244345832], [0.019551401555323835, 0.38063483646620366, 0.08762122510273455, 0.512192536775738], [0.005507230459147743, 0.8976545604666586, 0.03763230631035679, 0.05920590266383686], [0.0026231810884376643, 0.9635340300533058, 0.013530475732736538, 0.020312313025519974], [0.018103507872272245, 0.02760898446144525, 0.6283231236532139, 0.3259643839130687], [0.0035181708154034133, 0.005407103657690051, 0.9381509767169377, 0.05292374870996883], [0.7162227745680664, 0.12841939063744148, 0.0698156607949883, 0.08554217389950385], [0.5946791038511771, 0.22573103993965066, 0.0911966839819098, 0.08839317212726243], [0.6639615843230998, 0.06273502064066354, 0.15048156565054285, 0.1228218292856938], [0.6640034317306273, 0.08055771141438761, 0.09271440654065913, 0.162724450214326], [0.6285404702811337, 0.1338397890308723, 0.1317517190686376, 0.10586802151935643], [0.7484353110844711, 0.11478224114382658, 0.050141225737574006, 0.08664122193412824], [0.02169971317711768, 0.20914579575221875, 0.17337371116565292, 0.5957807798050107], [0.015856176731313457, 0.0926952368874185, 0.7760986146754175, 0.11534997160585053], [0.0076268606929875546, 0.020252668138765525, 0.3118688880960809, 0.660251582972166], [0.002673939645841401, 0.005750072319063423, 0.9083966083151043, 0.0831793796199909], [0.026342783218755012, 0.7462074783674502, 0.1424101298249786, 0.08503960848881618], [0.012785354018054662, 0.8687587001949574, 0.048249651955030705, 0.07020629373195729]], "ideal": "C", "sampled": "C", "correct": true}}
{"type": "result", "data": {"idx": 13, "options": ["Repeat the investigation.", "Write a report of the results.", "Make a table for recording data.", "Make daily observations of the light bulbs."], "probs": [[0.019748562227641778, 0.007496428402917804, 0.6540168285585187, 0.3187381807109217], [0.0147107065276474, 0.007170229597263175, 0.8960671287554105, 0.08205193501967892], [0.11340070736523582, 0.22204681172886953, 0.01195277576309151, 0.6525997050428032], [0.1979498992070912, 0.38759675164721413, 0.39988717059527, 0.014566178450424653], [0.18030147706044852, 0.14488822584638822, 0.015270342501494668, 0.6595399544916686], [0.11148717107922655, 0.08683575575703335, 0.773924102151732, 0.027752970912008037], [0.0033574878648030297, 0.004518570558925491, 0.660175528672209, 0.3319484128040625], [0.0035224227635827794, 0.0060870212644469155, 0.8755492320476327, 0.11484132382433765], [0.01704930816590766, 0.09812637760481159, 0.21430874480624124, 0.6705155693230395], [0.0041244576873403285, 0.021952911440398157, 0.9630559565686493, 0.010866674203612162], [0.013718294412781502, 0.15701367456615503, 0.0442852652640491, 0.7849827656570143], [0.007079816838044926, 0.028446145159241522, 0.9129701791508978, 0.051503858751815665], [0.6248246631071278, 0.02105047979048183, 0.009053354508615842, 0.34507150249377455], [0.8950055119892819, 0.04894203300190163, 0.043870028315546976, 0.01218242659326944], [0.3831449607538121, 0.009592934162212102, 0.023010424431527704, 0.584251680552448], [0.03086446236255928, 0.004883931206125569, 0.9602029373166335, 0.004048669014681566], [0.8492655599006753, 0.1364953642000298, 0.008863126697221174, 0.005375949102073679], [0.7929362762543045, 0.1825542039534272, 0.00614968835698464, 0.018359831335283593], [0.21418280119437078, 0.016261243600459267, 0.010175642186829217, 0.7593803129183407], [0.05588977142404235, 0.01872296479758707, 0.9020880627864043, 0.023299200891966267], [0.276204323402733, 0.010879465356620106, 0.05030263892016442, 0.6626135722204824], [0.06957973714096642, 0.008710236506761174, 0.8746284465501603, 0.04708157970211218], [0.3501913128470256, 0.5864981806246494, 0.05205281271455511, 0.011257693713769825], [0.41640071732440004, 0.5182579219506338, 0.014027995468477028, 0.05131336515648918]], "ideal": "C", "sampled": "C", "correct": true}}
{"type": "result", "data": {"idx": 14, "options": ["ozone", "methane", "water vapor", "carbon dioxide"], "probs": [[0.05771067873997008, 0.0308911266154363, 0.07645338459670727, 0.8349448099478863], [0.05686885329768796, 0.06245999270276457, 0.8356808138429206, 0.044990340056626874], [0.09460017084129377, 0.07367569207408385, 0.09913852809868295, 0.7325856088859394], [0.03246128641090449, 0.0397735910280278, 0.7160795882153055, 0.21168553424576217], [0.07314923622917498, 0.29387206712025393, 0.5405015509929636, 0.09247714555760753], [0.0752380454961694, 0.2839521913517579, 0.2211349870635337, 0.419674775988539], [0.03347579497002344, 0.00915223380651084, 0.06657383063256377, 0.890798140490902], [0.06179554462126161, 0.009931984476791098, 0.8801437722028832, 0.048128698599064074], [0.1734372205596941, 0.22620965243203173, 0.013584626660083038, 0.5867685002481912], [0.25254856596788405, 0.14166959591024045, 0.5964371935263931, 0.009344644495482413], [0.2132282600564461, 0.7442530552278335, 0.03269961173513902, 0.009819072880581358], [0.3722349907475487, 0.4490075655684197, 0.173104847031272, 0.0056525965527596455], [0.26524310807386187, 0.013414330529303324, 0.043981324057701096, 0.6773612372391337], [0.046234587363955755, 0.00939367100642426, 0.7698759176782364, 0.17449582385138365], [0.14647635747854637, 0.038212708947093596, 0.01094762696333823, 0.8043633065110218], [0.2259168454600255, 0.05450677075337588, 0.7068300180656878, 0.012746365620910855], [0.034103398601318294, 0.9362859323331437, 0.015613668114782054, 0.013997000850755925], [0.16541311309127935, 0.7298503652033835, 0.10032803823658402, 0.0044084833687530875], [0.803286953625982, 0.009955625974957645, 0.14859294982269128, 0.038164470476369006], [0.8330001636273723, 0.008426214371286224, 0.030819607177936092, 0.1277540147234054], [0.37307040549887915, 0.6150997552566161, 0.008114452831973533, 0.0037153863125312264], [0.7242527064665985, 0.2140940593525873, 0.05498239068449161, 0.006670843396322701], [0.8206058991862112, 0.16672063942575813, 0.004108962131809873, 0.008564499156220814], [0.9054698971170451, 0.060664501490685446, 0.030983384968194805, 0.0028822163240746898]], "ideal": "C", "sampled": "D", "correct": false}}
{"type": "result", "data": {"idx": 15, "options": ["0 degrees Celsius", "32 degrees Celsius", "100 degrees Celsius", "212 degrees Celsius"], "probs": [[0.9928832673846552, 0.001359198443675649, 0.0027888551698089133, 0.0029686789018603154], [0.992824832487537, 0.0014926970170314768, 0.0030627732014483896, 0.002619697193983218], [0.017753910296340058, 0.004087391780402704, 0.9693698299582763, 0.008788867864980924], [0.07407878997368829, 0.003865323915396272, 0.005366322055780115, 0.9166895639551353], [0.14052561670064118, 0.002271487497939624, 0.8474894018991826, 0.00971349380223655], [0.019883881821823057, 0.00264936842780347, 0.004300245455985477, 0.973166504194388], [5.515969013787408e-05, 0.9993907986229157, 0.0003981324860975245, 0.00015590910084888765], [4.718847632417639e-05, 0.999555413339845, 0.0003005758707008741, 9.682221312993705e-05], [0.0008505542257657973, 0.0011809078902774686, 0.9929186248243144, 0.0050499129596423865], [0.001239722893463348, 0.0010771280800681354, 0.003020819102921415, 0.9946623298235471], [0.0012160836518906755, 0.001537325912571427, 0.9910708692546908, 0.006175721080847131], [0.000559819135381573, 0.0005511604552212333, 0.0023940623455824595, 0.9964949579638147], [0.0003573209867633042, 0.09907671501400037, 0.8969571907817044, 0.0036087731175318406], [0.0005283871604949775, 0.9628447143360699, 0.0031618247615510637, 0.03346507364188405], [0.0007842296198596542, 0.04248517839800944, 0.9519640404712214, 0.00476655141090954], [0.003081050279634184, 0.7539332046619978, 0.0057563973785366715, 0.23722934757983133], [0.001475314242622739, 0.0027349760890877962, 0.8865480911829517, 0.10924161838533769], [0.0036159212487497996, 0.004034212922465834, 0.6177004181850838, 0.37464944754370055], [0.000328130614855549, 0.8045978601070154, 0.19110772144127977, 0.00396628773684929], [0.0009210942794900648, 0.5199649408796091, 0.005686781451003554, 0.4734271832898973], [0.0009075916592971966, 0.020178599824707828, 0.9722598154611127, 0.006653992954882237], [0.001754413894814188, 0.6246332958015791, 0.006417587696403509, 0.3671947025072032], [0.000756228116848504, 0.0017176406692520423, 0.7261766299873923, 0.2713495011265072], [0.0020521660944902947, 0.0032287161824966193, 0.6549439028723918, 0.3397752147506213]], "ideal": "A", "sampled": "A", "correct": true}}
{"type": "result", "data": {"idx": 16, "options": ["exclude research on teeth or bones", "predict what the next discovery will be", "analyze new data as it becomes available", "delete earlier reports that were missing the new findings"], "probs": [[0.0005069708199109827, 0.0017974293615116562, 0.9757989459206599, 0.021896653797917488], [0.002824756513865136, 0.0020346680212594854, 0.004957748922797697, 0.9901828264420777], [0.0004792570802977188, 0.9973477058570296, 0.0009681258169549142, 0.0012049111457177798], [0.00034526167213188056, 0.9975297814103024, 0.0009385117226892743, 0.0011864450948765087], [0.005729008600289299, 0.008079477118519033, 0.00747227672107193, 0.9787192374601197], [0.0010571271074449155, 0.003058961261547872, 0.9762466832405856, 0.01963722829042165], [0.0007122185807602007, 0.001310021845123939, 0.9720737574502497, 0.025904002023866182], [0.0013194493426005854, 0.0012590560975023462, 0.002882006485271627, 0.9945394879746254], [0.000995358791961443, 0.9938706660925816, 0.002208332277278898, 0.0029256427381781198], [0.0009805686915821754, 0.9945214300611478, 0.0021085811122120352, 0.002389420035057953], [0.001200904907498778, 0.0014040249759832617, 0.00326445974048838, 0.9941306102760296], [0.0018129465611606682, 0.003605590522531051, 0.9539582961601901, 0.04062316665611811], [0.9905635920827981, 0.004960035877287006, 0.0021332956590146084, 0.002343076280900297], [0.9890316194151393, 0.005611785386428031, 0.0024902290725563113, 0.002866366025876421], [0.9938010613594975, 0.0031631080630649937, 0.0015415851541335651, 0.0014942453233038502], [0.9939788772307254, 0.0032641187847222675, 0.0015179699368824409, 0.0012390339476698851], [0.9868578235672278, 0.007189809752734953, 0.002859935141525667, 0.0030924314385115032], [0.9917716770593011, 0.0052863755844825685, 0.0017986078200476325, 0.0011433394361686751], [0.027367730633977284, 0.002077781666680073, 0.005736811283646181, 0.9648176763156965], [0.0034326354951488974, 0.0025510255111758067, 0.982035053561484, 0.011981285332191283], [0.007304408714336677, 0.0010041787929092809, 0.004571124525012228, 0.9871202878677418], [0.0024832126227905724, 0.001964518102604263, 0.9863258007795149, 0.009226468395090243], [0.005361867026851792, 0.9903588951162363, 0.0018243010898917633, 0.002454936667020098], [0.003218120121210058, 0.995426154586519, 0.0008136702044579842, 0.0005420549878130348]], "ideal": "C", "sampled": "C", "correct": true}}
