{"type": "result", "data": {"idx": 0, "options": ["k = 0 and n = 1", "k = 1 and n = 0", "k = n = 1", "k > 1"], "probs": [[0.3092450453144259, 0.2242522504067841, 0.20274586671432152, 0.2637568374644685], [0.3355714778436865, 0.251166053125956, 0.21509238226326263, 0.19817008666709476], [0.3174691058019129, 0.219709505727843, 0.16988510622389022, 0.29293628214635387], [0.258955371009235, 0.2451407571699792, 0.243435095677847, 0.2524687760429388]], "ideal": "B", "sampled": "B", "correct": true}}
{"type": "result", "data": {"idx": 1, "options": ["0", "1", "2", "3"], "probs": [[0.20449700068863697, 0.3324421742953862, 0.3042501301535736, 0.1588106947624032], [0.2752061105927959, 0.29976837930756106, 0.22908947676842886, 0.1959360332312141], [0.3154139361400172, 0.26750795246256354, 0.24082216204479867, 0.17625594925262056], [0.3162402259427007, 0.2442552930506486, 0.26545247828470253, 0.17405200262194812]], "ideal": "D", "sampled": "C", "correct": false}}
{"type": "result", "data": {"idx": 2, "options": ["n = 1 and r = 6", "n = 1 and r = 7", "n = 2 and r = 5", "n = 2 and r = 6"], "probs": [[0.3010901465548466, 0.2476311139867762, 0.2367562616118028, 0.21452247774657437], [0.28224435445824103, 0.28220003840485497, 0.23613087830566395, 0.1994247287312401], [0.27782403095709796, 0.24911542229041314, 0.26556001693692693, 0.20750052971556196], [0.2909409278901106, 0.3404613935881969, 0.19551051826372778, 0.17308716015796471]], "ideal": "D", "sampled": "A", "correct": false}}
{"type": "result", "data": {"idx": 3, "options": ["4", "8", "16", "2sqrt(2)"], "probs": [[0.3060965400882989, 0.23276935965016235, 0.18128097735256718, 0.2798531228089715], [0.2891620566036298, 0.20982845677594086, 0.29195644143479155, 0.20905304508563777], [0.29171094730128805, 0.34940922777450656, 0.20352919700985156, 0.15535062781435383], [0.3728015533551764, 0.29228044424354177, 0.1730746827272755, 0.1618433195740063]], "ideal": "A", "sampled": "D", "correct": false}}
{"type": "result", "data": {"idx": 4, "options": ["2/69", "1/30", "2/23", "12/125"], "probs": [[0.27695266647635997, 0.3182911120763022, 0.2120836620752173, 0.1926725592721205], [0.2778053192371469, 0.24087953869672385, 0.3147005970983366, 0.16661454486779262], [0.2516898773107091, 0.38939353239526286, 0.18383927367518846, 0.1750773165188396], [0.3410727882683613, 0.22320432799040396, 0.24942277365948629, 0.18630010998174848]], "ideal": "C", "sampled": "D", "correct": false}}
{"type": "result", "data": {"idx": 5, "options": ["(S, +, x) is closed under addition modulo 10.", "(S, +, x) is closed under multiplication modulo 10.", "(S, +, x) has an identity under addition modulo 10.", "(S, +, x) has no identity under multiplication modulo 10."], "probs": [[0.3117731213257868, 0.20893387494382065, 0.18749301133665078, 0.29179999229374176], [0.29654086958814496, 0.19419025750856972, 0.30619262034480327, 0.20307625245848202], [0.34199883079083826, 0.2968023849787615, 0.1625690979751395, 0.19862968615526075], [0.3400399437212642, 0.2059097469527708, 0.22832733730666427, 0.2257229719193007]], "ideal": "D", "sampled": "D", "correct": true}}
{"type": "result", "data": {"idx": 6, "options": ["12*sqrt(2)", "6*sqrt(2)", "4*sqrt(2)", "1/(2*sqrt(2))"], "probs": [[0.3114034486786538, 0.27042263340596245, 0.21111334543630328, 0.20706057237908046], [0.35328980223908285, 0.29273392874848303, 0.18353819298285112, 0.170438075929583], [0.33803957697348974, 0.24314141271067122, 0.18696451185264143, 0.2318544983631976], [0.2930164845585917, 0.22090358371601065, 0.24349393712547518, 0.24258599449992246]], "ideal": "C", "sampled": "B", "correct": false}}
{"type": "result", "data": {"idx": 7, "options": ["0", "10%", "25%", "50%"], "probs": [[0.19218500873953479, 0.26851972134647595, 0.3253320656292528, 0.21396320418473644], [0.21735777282564506, 0.2479718364224989, 0.288803075058236, 0.24586731559362007], [0.3052967053958933, 0.28856884140308087, 0.2555031661953904, 0.15063128690563543], [0.32736737508383135, 0.22619787530418875, 0.24547799660725322, 0.20095675290472667]], "ideal": "C", "sampled": "D", "correct": false}}
{"type": "result", "data": {"idx": 8, "options": ["None", "I only", "II only", "III only"], "probs": [[0.22942952003060824, 0.22915530885417434, 0.27850998275206856, 0.2629051882631488], [0.22042001781643608, 0.20338879523627582, 0.22832801935773667, 0.34786316748955143], [0.209005829536789, 0.2087059138699395, 0.34471556027190525, 0.23757269622136623], [0.21967679587308422, 0.34291065246774877, 0.20286624433852482, 0.23454630722064218]], "ideal": "C", "sampled": "A", "correct": false}}
{"type": "result", "data": {"idx": 9, "options": ["Every compact space is complete", "Every complete space is compact", "Neither (a) nor (b).", " Both (a) and (b)."], "probs": [[0.25773768554566473, 0.17657753648910957, 0.3858071256644505, 0.17987765220077517], [0.3261171080178869, 0.23454809885505098, 0.24300051457241595, 0.19633427845464616], [0.3684052228559207, 0.22171750662493822, 0.20322068033570362, 0.20665659008343742], [0.415189736813664, 0.18754304664132554, 0.21200316826364551, 0.1852640481813649]], "ideal": "A", "sampled": "C", "correct": false}}
{"type": "result", "data": {"idx": 10, "options": ["10", "20", "25", "45"], "probs": [[0.18365084454000105, 0.31407941788629445, 0.3159224531896001, 0.18634728428410435], [0.24080857328088723, 0.19746555404882224, 0.28238306322976414, 0.2793428093405264], [0.3307223516802485, 0.25080312790765463, 0.25634519791097177, 0.1621293224011251], [0.32452989183623576, 0.26609877746880584, 0.25155125171774045, 0.15782007887721797]], "ideal": "D", "sampled": "D", "correct": true}}
{"type": "result", "data": {"idx": 11, "options": ["1/64", "15/64", "1/4", "3/8"], "probs": [[0.2681504883981948, 0.30393374678927065, 0.22604428035410704, 0.20187148435842756], [0.3037827357909692, 0.29930243339082374, 0.22960269790980012, 0.16731213280840695], [0.259111150530227, 0.31779558549351944, 0.17803948054682128, 0.24505378332943228], [0.2767250157101884, 0.18409959421404212, 0.2331500132700105, 0.30602537670575897]], "ideal": "B", "sampled": "C", "correct": false}}
{"type": "result", "data": {"idx": 12, "options": ["0", "1", "2", "3"], "probs": [[0.27749476660977745, 0.2443918062320877, 0.2573540287164, 0.22075939834173477], [0.26396965977890086, 0.2399800419567454, 0.22626924512507815, 0.2697810530392756], [0.27695264996869495, 0.23832377433891389, 0.2888333456103254, 0.19589022998206576], [0.3067826238926644, 0.2877750012653883, 0.1984189242397336, 0.20702345050221366]], "ideal": "A", "sampled": "A", "correct": true}}
{"type": "result", "data": {"idx": 13, "options": ["4", "7", "10", "13"], "probs": [[0.23719451612262699, 0.29041751350784323, 0.269844553746283, 0.20254341652324678], [0.2637522079533163, 0.25541235536240603, 0.22976045187562572, 0.25107498470865197], [0.23914705570850026, 0.30679220415254466, 0.2594496944205248, 0.19461104561843026], [0.27070804620932365, 0.30647190488874154, 0.2358932573591237, 0.18692679144281107]], "ideal": "B", "sampled": "A", "correct": false}}
{"type": "result", "data": {"idx": 14, "options": ["0.64", "0.72", "0.81", "0.95"], "probs": [[0.26526934301091953, 0.32065612552321315, 0.24739711352790683, 0.1666774178379605], [0.24288647278712092, 0.263164419066022, 0.3459231102453056, 0.14802599780155154], [0.2697671055523995, 0.34975638982136287, 0.2308275401361427, 0.14964896439009492], [0.24249679615168332, 0.33247568209197265, 0.2771954751573327, 0.14783204649901127]], "ideal": "D", "sampled": "D", "correct": true}}
{"type": "result", "data": {"idx": 15, "options": ["I only", "II only", "III only", "I and II only"], "probs": [[0.24556743364359673, 0.2323474516532695, 0.18303778220260278, 0.339047332400531], [0.24975942444925484, 0.21024301959324035, 0.2673130969035505, 0.2726844589539543], [0.25979895171306167, 0.2597506719493596, 0.24542664720425403, 0.23502372903332472], [0.3204107725483489, 0.32058940767670846, 0.20778479608833741, 0.15121502358660524]], "ideal": "D", "sampled": "D", "correct": true}}
{"type": "result", "data": {"idx": 16, "options": ["I only", "II only", "III only", "I and II only"], "probs": [[0.2097002950190326, 0.20830396684995534, 0.2562588674688718, 0.3257368705621403], [0.21959912266319487, 0.2252200644336457, 0.3019590512491873, 0.2532217615539721], [0.24212810755525846, 0.24254639805732214, 0.2803808492198474, 0.23494464506757198], [0.2655084312214391, 0.2966668472887361, 0.26505507831358927, 0.17276964307623555]], "ideal": "B", "sampled": "D", "correct": false}}
{"type": "result", "data": {"idx": 17, "options": ["-1/4", "-1/(4sqrt(2))", "0", "sqrt(2)"], "probs": [[0.2724156636857418, 0.2156589594914582, 0.308263714457565, 0.203661662265235], [0.31066936916959714, 0.24017639156440265, 0.2713396346789732, 0.177814604487027], [0.298090074898148, 0.33847404027287037, 0.20558584040710595, 0.15785004432187572], [0.3682480618696349, 0.20987860304455963, 0.19020371987424378, 0.23166961511156167]], "ideal": "C", "sampled": "D", "correct": false}}
{"type": "result", "data": {"idx": 18, "options": ["I and II only", "III only", "I and III only", "I, II, and III"], "probs": [[0.233636035516504, 0.16646614171188223, 0.23110371713137565, 0.3687941055402381], [0.23940922380620921, 0.22295271019180044, 0.34033308381414007, 0.19730498208785027], [0.2558280565457228, 0.41230700030237516, 0.19391925919976666, 0.13794568385213532], [0.30897083415025023, 0.2516767344867332, 0.21669484349863144, 0.22265758776438507]], "ideal": "D", "sampled": "D", "correct": true}}
{"type": "result", "data": {"idx": 19, "options": ["3", "e", "sqrt(5)", "0"], "probs": [[0.2997035249900542, 0.26516293291347803, 0.18767604881096453, 0.2474574931855032], [0.37788264648783226, 0.24834465598117345, 0.15623294513896666, 0.21753975229202765], [0.38095293154763793, 0.2545714822412382, 0.1551261004575277, 0.20934948565359618], [0.26877964918431124, 0.2843820878947257, 0.16819800922392614, 0.2786402535970369]], "ideal": "A", "sampled": "C", "correct": false}}
{"type": "result", "data": {"idx": 20, "options": ["I only", "II only", "III only", "I, II, and III"], "probs": [[0.20539577569124862, 0.15831287750133977, 0.19345908202030346, 0.4428322646871082], [0.2092391581510749, 0.20406842533795455, 0.4102864922215507, 0.1764059241894198], [0.20380350669989472, 0.48552906422105324, 0.1581582074101485, 0.15250922156890354], [0.3734249229866104, 0.25992611435326607, 0.19462085058264095, 0.1720281119774826]], "ideal": "D", "sampled": "D", "correct": true}}
{"type": "result", "data": {"idx": 21, "options": ["None", "One", "Four", "Five"], "probs": [[0.2584581518833773, 0.2760665251892991, 0.2632788262533823, 0.20219649657394134], [0.25650396940527304, 0.2825023531631255, 0.22847267983059205, 0.23252099750100938], [0.29675742096444446, 0.23734401946841438, 0.25648816653046613, 0.20941039293667502], [0.3024083510815445, 0.2984351350859201, 0.21668320370607785, 0.1824733100264575]], "ideal": "D", "sampled": "A", "correct": false}}
{"type": "result", "data": {"idx": 22, "options": ["I only", "II only", "III only", "I and II only"], "probs": [[0.22863960604526448, 0.18896626215723353, 0.21038198782459108, 0.3720121438729109], [0.24075236555385549, 0.203836840313602, 0.24366107217526056, 0.31174972185728195], [0.2595394474145675, 0.21979659138518254, 0.26522832315807693, 0.25543563794217294], [0.3047934634026017, 0.31921856165233364, 0.20048317905075913, 0.1755047957943055]], "ideal": "B", "sampled": "D", "correct": false}}
{"type": "result", "data": {"idx": 23, "options": ["2/81", "1/18", "2/27", "1/9"], "probs": [[0.3055121140850497, 0.2525831871636883, 0.21323091742786443, 0.22867378122339754], [0.32905812048774913, 0.2344310651315583, 0.2353927861035746, 0.20111802817711794], [0.34194336866640096, 0.2612030026593224, 0.18138478015269469, 0.21546884842158195], [0.29458499829758805, 0.27182791444408333, 0.22785597226296112, 0.2057311148953675]], "ideal": "A", "sampled": "B", "correct": false}}
{"type": "result", "data": {"idx": 24, "options": ["True, True", "True, False", "False, True", "False, False"], "probs": [[0.32503481653270117, 0.265106544772492, 0.19870380749526248, 0.21115483109954428], [0.3096575757857631, 0.22467576936539427, 0.21123697953165374, 0.2544296752171889], [0.29289425289367027, 0.1919600722585905, 0.2977861552472994, 0.21735951950043983], [0.2706010478106117, 0.29931284190326896, 0.22614687821112336, 0.20393923197499603]], "ideal": "B", "sampled": "A", "correct": false}}
{"type": "result", "data": {"idx": 25, "options": ["I and II only", "I and III only", "II and III only", "III only"], "probs": [[0.27755956184713665, 0.23360221183334998, 0.24888874594531585, 0.23994948027419755], [0.2692231237619113, 0.2031651139056173, 0.2716110050406642, 0.25600075719180715], [0.26565311148052595, 0.24781615278078972, 0.26389003583802484, 0.22264069980065945], [0.2726116911727752, 0.22962299108456166, 0.2584700728116206, 0.23929524483104256]], "ideal": "D", "sampled": "D", "correct": true}}
{"type": "result", "data": {"idx": 26, "options": ["9/2 days", "5 days", "41/8 days", "36/7 days"], "probs": [[0.23542432397778912, 0.3869354359082142, 0.1805675435223938, 0.19707269649160286], [0.2835660492027539, 0.3278655907819949, 0.17903707386142545, 0.20953128605382573], [0.2799614238436059, 0.23103141669296087, 0.19711896459986292, 0.2918881947635703], [0.24665692813696924, 0.2381720429148331, 0.3225462484416616, 0.19262478040653613]], "ideal": "D", "sampled": "B", "correct": false}}
{"type": "result", "data": {"idx": 27, "options": ["1/2", "1", "sqrt(2)", "pi"], "probs": [[0.31397015321050786, 0.21902053382323253, 0.26979232233735584, 0.19721699052890374], [0.27141465776043916, 0.3515068554159307, 0.24239069536815316, 0.134687791355477], [0.3805384039498307, 0.2571883201341933, 0.1903686970281967, 0.17190457878777932], [0.36409282680685245, 0.26413795349340735, 0.20193870363600272, 0.16983051596373747]], "ideal": "A", "sampled": "C", "correct": false}}
{"type": "result", "data": {"idx": 28, "options": ["f has all of its relative extrema on the line x = y.", "f has all of its relative extrema on the parabola x = y^2.", "f has a relative minimum at (0, 0).", "f has an absolute minimum at (2/3, 2/3)."], "probs": [[0.26366133673808884, 0.17256470794284434, 0.19886721067528512, 0.3649067445437817], [0.26787492231022414, 0.1712516073524824, 0.26997586679775054, 0.2908976034395429], [0.24661545452989625, 0.19935609398278809, 0.3454177081239513, 0.2086107432633644], [0.29395427420912323, 0.25087644899731126, 0.2067206738169696, 0.2484486028765959]], "ideal": "A", "sampled": "A", "correct": true}}
{"type": "result", "data": {"idx": 29, "options": ["5", "6", "12", "15"], "probs": [[0.29448406569021274, 0.22026758399187113, 0.3342207520469252, 0.1510275981709909], [0.3321580489494626, 0.32405774816438243, 0.1494830653075979, 0.19430113747855712], [0.34345955164960973, 0.19835394914482263, 0.2849245709629726, 0.17326192814259508], [0.3623535686719694, 0.326819394895824, 0.1581318699877063, 0.15269516634450028]], "ideal": "B", "sampled": "C", "correct": false}}
{"type": "result", "data": {"idx": 30, "options": ["S(n0 + 1) is not true.", "S(n0 - 1) is not true.", "S(n) is not true for any n <= n0", "S(n) is not true for any n >= n0"], "probs": [[0.1629088468930442, 0.14227705550422395, 0.4271216646674319, 0.2676924328352999], [0.1893274848274438, 0.3971496344489734, 0.2508891708500504, 0.16263370977353236], [0.2743331409915194, 0.2959212572302161, 0.21532655608507775, 0.21441904559318672], [0.29276476978869703, 0.2308043436115692, 0.191870427475886, 0.28456045902384774]], "ideal": "C", "sampled": "C", "correct": true}}
{"type": "result", "data": {"idx": 31, "options": ["(0, 0, 1)", "(3/7, 3/14, 9/14)", "(7/15, 8/15, 1/15)", "(5/6, 1/3, 1/3)"], "probs": [[0.20450708725136826, 0.5218934532901318, 0.1211664480110487, 0.15243301134745116], [0.33083744332629617, 0.20977237266167043, 0.24998308343100015, 0.20940710048103323], [0.29386569295175563, 0.27982555149227256, 0.18385348116386319, 0.2424552742921086], [0.31783658262889136, 0.20475690064766852, 0.2809280454831529, 0.19647847114028716]], "ideal": "B", "sampled": "B", "correct": true}}
{"type": "result", "data": {"idx": 32, "options": ["For no such integer n", "For 3, 5, 7, and 11 only", "For 3, 5, 7, 9, and 11 only", "For 4, 6, 8, and 10 only"], "probs": [[0.18993445021897287, 0.34948522369772, 0.31871185178418476, 0.14186847419912235], [0.24378944930976565, 0.36568403240361713, 0.14774969218683942, 0.2427768259997778], [0.2618923602092199, 0.17287854131274605, 0.23479017172448136, 0.3304389266535527], [0.2159903230449682, 0.17885974314301364, 0.28648785180695746, 0.3186620819050607]], "ideal": "B", "sampled": "C", "correct": false}}
{"type": "result", "data": {"idx": 33, "options": ["1", "2", "3", "4"], "probs": [[0.24657372372586606, 0.28134013057935564, 0.29891029888115295, 0.17317584671362535], [0.22804061046760998, 0.25412680560222517, 0.29866926524025006, 0.2191633185899148], [0.27187405249174895, 0.28695826022251003, 0.2752376321534188, 0.16593005503232222], [0.2915027439302766, 0.2956897020044276, 0.2483754455794868, 0.164432108385809]], "ideal": "C", "sampled": "D", "correct": false}}
{"type": "result", "data": {"idx": 34, "options": ["I only", "II only", "III only", "I, II, and III"], "probs": [[0.19901936050778277, 0.160579713575573, 0.19136309906957868, 0.44903782674706555], [0.20578474944696584, 0.18380679035076128, 0.39848306188624283, 0.21192539821603004], [0.21940205989074138, 0.44190847869268657, 0.16048273442570893, 0.17820672689086312], [0.3714402428327172, 0.24460763465723, 0.18571833327696222, 0.1982337891330906]], "ideal": "D", "sampled": "D", "correct": true}}
{"type": "result", "data": {"idx": 35, "options": ["x^2 + y^2 + z^2 + 8 = 6y", "(x^2 + y^2 + z^2)^2 = 8 + 36(x^2 + z^2)", "(x^2 + y^2 + z^2 + 8)^2 = 36(x^2 + z^2)", "(x^2 + y^2 + z^2 + 8)^2 = 36(x^2 + y^2)"], "probs": [[0.22915403325396785, 0.25116063270734734, 0.3182804645070692, 0.2014048694316156], [0.2980499400518781, 0.3699473009610061, 0.1437460546236262, 0.1882567042634896], [0.3088778417005186, 0.2360016001822266, 0.15258351774849707, 0.3025370402687578], [0.24749952921030802, 0.18622549153828252, 0.23974684235659136, 0.32652813679481807]], "ideal": "D", "sampled": "C", "correct": false}}
{"type": "result", "data": {"idx": 36, "options": ["y = 2x + 1", "y = 2x", "y = x + 2", "y = x + 1"], "probs": [[0.31343735373239434, 0.230822921919216, 0.18460432082927014, 0.2711354034191195], [0.27221273015475467, 0.17694487730550842, 0.3171256671305667, 0.23371672530917012], [0.24649931834403221, 0.2622015075273504, 0.2322624945603875, 0.2590366794682299], [0.34168229012771395, 0.23087442262955085, 0.2212764504520817, 0.20616683669065347]], "ideal": "A", "sampled": "D", "correct": false}}
{"type": "result", "data": {"idx": 37, "options": ["2", "3", "4", "5"], "probs": [[0.3075070816346645, 0.32609064841395, 0.2229955146832771, 0.14340675516810833], [0.29576122757815093, 0.28558447954183036, 0.1999183893003817, 0.21873590347963703], [0.24668778863968163, 0.25583701179581986, 0.3375284222535732, 0.15994677721092526], [0.257181670383996, 0.40073030585915503, 0.20501330187336916, 0.13707472178347982]], "ideal": "A", "sampled": "A", "correct": true}}
{"type": "result", "data": {"idx": 38, "options": ["True, True", "True, False", "False, True", "False, False"], "probs": [[0.32543147091936375, 0.26302323134628103, 0.19725506299631754, 0.21429023463803765], [0.29699221250425156, 0.22560197112688438, 0.21393680570370396, 0.26346901056516003], [0.2903599012936909, 0.19149450099813042, 0.2928143012462862, 0.2253312963618925], [0.2772447590511101, 0.2991848423413445, 0.2261764508040474, 0.1973939477034979]], "ideal": "A", "sampled": "A", "correct": true}}
{"type": "result", "data": {"idx": 39, "options": ["1", "2", "3", "4"], "probs": [[0.2649208267525035, 0.29443284427510574, 0.25941487757629483, 0.1812314512960959], [0.26061377703366584, 0.2785399042846346, 0.2570621745645886, 0.203784144017111], [0.31972176309788447, 0.29907796229527717, 0.21489054282677825, 0.1663097316800601], [0.3715798501063365, 0.27479222004657505, 0.1884344787940526, 0.16519345095303586]], "ideal": "C", "sampled": "D", "correct": false}}
{"type": "result", "data": {"idx": 40, "options": ["the entire real axis", "a point", "a ray", "an open finite interval"], "probs": [[0.27603085080147, 0.19289188947351565, 0.2601200458200947, 0.2709572138049197], [0.2009258478954927, 0.25724247862038957, 0.24728225906051748, 0.29454941432360027], [0.2628440715314801, 0.3612780487937882, 0.23457191790213416, 0.1413059616725975], [0.39045986600339916, 0.26212946605076715, 0.13984224647060486, 0.20756842137522882]], "ideal": "B", "sampled": "D", "correct": false}}
{"type": "result", "data": {"idx": 41, "options": ["finite", "cyclic", "of order two", "abelian"], "probs": [[0.3397932698952102, 0.17469297608018863, 0.1461432597810404, 0.3393704941435608], [0.2142063426952362, 0.1026457645487756, 0.43887306236273593, 0.24427483029325223], [0.2507364302183928, 0.36284247854642704, 0.21852618641300126, 0.16789490472217883], [0.4627573649790847, 0.2181878620707995, 0.1457386569312908, 0.173316115918825]], "ideal": "D", "sampled": "D", "correct": true}}
{"type": "result", "data": {"idx": 42, "options": ["3", "4", "5", "8"], "probs": [[0.24907412380248672, 0.2567784411418424, 0.2534987552657915, 0.24064867968987932], [0.25703793761544, 0.25275552270269075, 0.2379865944147542, 0.25221994516711504], [0.2857370206012355, 0.2901564071852269, 0.22999892664631133, 0.19410764546722623], [0.2857027862458916, 0.3015927002718977, 0.20770579631827907, 0.20499871706393155]], "ideal": "D", "sampled": "D", "correct": true}}
{"type": "result", "data": {"idx": 43, "options": ["II only", "III only", "I and II only", "II and III only"], "probs": [[0.2573122381906689, 0.20976532993603184, 0.2965109049977384, 0.23641152677556082], [0.2667114952919951, 0.23520096433191992, 0.2546888513701127, 0.24339868890597227], [0.30419424886982654, 0.24581513955108322, 0.25813771348564474, 0.1918528979934455], [0.2576947990832663, 0.27424718700972195, 0.2292432831336815, 0.23881473067333026]], "ideal": "A", "sampled": "C", "correct": false}}
{"type": "result", "data": {"idx": 44, "options": ["1", "3", "5", "7"], "probs": [[0.3726759365625812, 0.24568339421925, 0.1966459511514341, 0.18499471796673472], [0.3497518002637156, 0.20676822958309057, 0.18461005387844298, 0.2588699161747508], [0.3640207512619995, 0.222053284416641, 0.2568165476430383, 0.15710941657832125], [0.34023757751645967, 0.3267477653073028, 0.1767744965145691, 0.1562401605616684]], "ideal": "D", "sampled": "A", "correct": false}}
{"type": "result", "data": {"idx": 45, "options": ["True, True", "True, False", "False, True", "False, False"], "probs": [[0.337110936607982, 0.27051088211215485, 0.19652153549613305, 0.19585664568373007], [0.3067456161739701, 0.23857667192606585, 0.188960271067821, 0.265717440732143], [0.30208166980581125, 0.1758604321324734, 0.3168299746668907, 0.2052279232948246], [0.2905047876917607, 0.3063664779709352, 0.21920433964927918, 0.1839243945880249]], "ideal": "A", "sampled": "A", "correct": true}}
{"type": "result", "data": {"idx": 46, "options": ["\u03c0/12", "\u03c0/6", "\u03c0/3", "2\u03c0/3"], "probs": [[0.2684587359961064, 0.29484425310126083, 0.25754235343484166, 0.17915465736779101], [0.25421505027486146, 0.33187903467022917, 0.2557216768133469, 0.1581842381415625], [0.34727865454062, 0.2661630809040935, 0.18223321436013362, 0.2043250500951528], [0.29920974816682616, 0.21047880067030045, 0.2741911749892102, 0.2161202760736632]], "ideal": "B", "sampled": "C", "correct": false}}
{"type": "result", "data": {"idx": 47, "options": ["3", "pi", "3pi", "3/2"], "probs": [[0.28271514595773634, 0.39981771107218533, 0.15379858244607533, 0.163668560424003], [0.4382604919389017, 0.1798617499804492, 0.18594124529536293, 0.19593651268528614], [0.2986602827408315, 0.19450702061059633, 0.28634325093659213, 0.22048944561198006], [0.2773061353092327, 0.320078397956097, 0.23806720614932703, 0.16454826048534327]], "ideal": "B", "sampled": "B", "correct": true}}
{"type": "result", "data": {"idx": 48, "options": ["Only (II)", "Only (IV )", "(I) and (IV )", "(II) and (III)"], "probs": [[0.2848005634976819, 0.23697948806567706, 0.2679835001555844, 0.2102364481810566], [0.35082757469483666, 0.31321293112483717, 0.1454220861051096, 0.1905374079752166], [0.3202194762040518, 0.26630817448266647, 0.19979601797227953, 0.2136763312410022], [0.2938381476978396, 0.2686415056413216, 0.21661317669092878, 0.22090716986991]], "ideal": "C", "sampled": "C", "correct": true}}
{"type": "result", "data": {"idx": 49, "options": ["f is Riemann integrable.", "There does not exist a countably infinite E of R such that f is nondifferentiable at every x \\in E.", "There does not exist an uncountable subset E of R such that f is nondifferentiable at every x \\in E.", "None of the above."], "probs": [[0.29216231586862185, 0.17542055953385075, 0.16376071434645173, 0.3686564101510757], [0.2744495909304588, 0.23256707535693563, 0.2879369003475396, 0.205046433265066], [0.2807273864465366, 0.25903797147067825, 0.18251034615598907, 0.27772429582679603], [0.27842824403713295, 0.3029814226779708, 0.16747183347434721, 0.251118499710549]], "ideal": "D", "sampled": "D", "correct": true}}
{"type": "result", "data": {"idx": 50, "options": ["the open first quadrant", "a closed curve", "a ray in the open first quadrant", "a single point"], "probs": [[0.31588570848439634, 0.26962726100249257, 0.2334071740241663, 0.18107985638894475], [0.32222543603947595, 0.24472345013213215, 0.19559345521729826, 0.23745765851109363], [0.3372204949700452, 0.1704666192728674, 0.23781693333716647, 0.25449595231992095], [0.23697648156229617, 0.2206057971675863, 0.3460211856621543, 0.19639653550796324]], "ideal": "A", "sampled": "B", "correct": false}}
{"type": "result", "data": {"idx": 51, "options": ["1", "2", "p >= 1", "infinity"], "probs": [[0.19689070566521297, 0.20440558510787804, 0.43738963170697726, 0.16131407741993176], [0.23154147767071717, 0.47835700273626736, 0.13177065157256124, 0.1583308679204542], [0.3441315241688348, 0.23400976902872053, 0.23842906594233013, 0.18342964076011453], [0.20237591559091153, 0.18963949097823887, 0.16372638695202565, 0.4442582063788239]], "ideal": "B", "sampled": "C", "correct": false}}
{"type": "result", "data": {"idx": 52, "options": ["f is a homeomorphism.", "f is continuous and one-to-one", "f is continuous.", "f is one-to-one"], "probs": [[0.2516844272361841, 0.31093889471759384, 0.2907140850730099, 0.14666259287321215], [0.23904558236132498, 0.3876540179953953, 0.11715264966367336, 0.25614774987960637], [0.26006843862113105, 0.20028358098996815, 0.2836824570705194, 0.2559655232183814], [0.1746220763541789, 0.2721186618550495, 0.2647960225197525, 0.2884632391710191]], "ideal": "C", "sampled": "C", "correct": true}}
{"type": "result", "data": {"idx": 53, "options": ["12", "16", "12*sqrt(3)", "16*sqrt(3)"], "probs": [[0.2693566679685172, 0.2165393233082716, 0.37262228127568026, 0.1414817273475309], [0.23556100442285338, 0.4807476817802273, 0.18064936320728472, 0.10304195048963459], [0.5094470749533166, 0.22054192925831945, 0.1552558173714674, 0.1147551783168965], [0.41851284298280417, 0.23623375334192512, 0.22779431634770939, 0.11745908722756133]], "ideal": "C", "sampled": "C", "correct": true}}
{"type": "result", "data": {"idx": 54, "options": ["4", "7", "8", "12"], "probs": [[0.24027029867524027, 0.27631471479791564, 0.28200505060080056, 0.20140993582604352], [0.24806956182051607, 0.24996352937972097, 0.25485032092618426, 0.2471165877735787], [0.2542838752015461, 0.2462447285405916, 0.33333006497864515, 0.16614133117921717], [0.22911987047765064, 0.3839623388854505, 0.22269125612373353, 0.1642265344131653]], "ideal": "A", "sampled": "A", "correct": true}}
{"type": "result", "data": {"idx": 55, "options": ["|x| \u2265 0", "|x \u00b7 y| \u2264 |x||y|", "|x| = 0 if and only if x = 0", "|x + y| = |x| + |y|"], "probs": [[0.24318257696529005, 0.2354130218810769, 0.2670838018115645, 0.25432059924206857], [0.25493164708456756, 0.2774644965789389, 0.20311984999891125, 0.2644840062375822], [0.27716530694780867, 0.24040804858139833, 0.22260652643561374, 0.25982011793517923], [0.24909818912334306, 0.24290730780637998, 0.2128643605753811, 0.2951301423948958]], "ideal": "D", "sampled": "C", "correct": false}}
{"type": "result", "data": {"idx": 56, "options": ["4", "5", "6", "7"], "probs": [[0.2917721147109629, 0.28474654461555593, 0.2542115899196323, 0.16926975065384883], [0.2859043819306152, 0.28548774545746847, 0.23768203312288189, 0.19092583938903449], [0.3067070519653564, 0.28334038999886624, 0.2249303064953142, 0.18502225144046314], [0.2976220173554537, 0.3117879861123496, 0.21656508865016846, 0.17402490778202828]], "ideal": "B", "sampled": "C", "correct": false}}
{"type": "result", "data": {"idx": 57, "options": ["1 only", "2 only", "0 and 1 only", "0, 1, and 2 only"], "probs": [[0.21887347240594815, 0.19001106841534673, 0.2903046227928238, 0.3008108362858813], [0.21911331824932737, 0.24837824690112695, 0.37061645805803933, 0.16189197669150632], [0.30409672853289904, 0.3810950517273324, 0.17478045819442076, 0.14002776144534781], [0.3705508355343705, 0.2386941873983139, 0.1714648429659676, 0.21929013400134795]], "ideal": "D", "sampled": "D", "correct": true}}
{"type": "result", "data": {"idx": 58, "options": ["2", "\u03c0", "4", "3\u03c0/2"], "probs": [[0.23701585749496287, 0.36733793417940397, 0.1956080463695449, 0.20003816185608825], [0.2988529592111759, 0.23597162172734237, 0.2245953298759971, 0.24058008908548462], [0.21575944445001344, 0.3476163498354485, 0.20487857168173276, 0.23174563393280528], [0.28505360652556166, 0.23403505629888716, 0.27531459514555034, 0.2055967419300008]], "ideal": "C", "sampled": "B", "correct": false}}
{"type": "result", "data": {"idx": 59, "options": ["9", "8", "0", "-5"], "probs": [[0.4008008062080719, 0.24137294701131184, 0.18588515283312035, 0.17194109384749592], [0.39204196949728, 0.24937064200021652, 0.16033131894858774, 0.19825606945391577], [0.2584493082965457, 0.2338379849605973, 0.31883331179907504, 0.1888793948437819], [0.2782771289070325, 0.3811440169430105, 0.1656550168825434, 0.1749238371674136]], "ideal": "A", "sampled": "A", "correct": true}}
{"type": "result", "data": {"idx": 60, "options": ["None", "One", "Two", "Three"], "probs": [[0.26458798653573423, 0.2792506986912174, 0.2658206701391056, 0.1903406445339428], [0.2850515459177488, 0.30067392284623334, 0.22624547103033588, 0.188029060105682], [0.3144195079489047, 0.28148001429604025, 0.23081199822501908, 0.17328847943003595], [0.36740963309650504, 0.25795407253699176, 0.19737092540842655, 0.17726536885807662]], "ideal": "B", "sampled": "D", "correct": false}}
{"type": "result", "data": {"idx": 61, "options": ["20!/2^(10)", "10!/2^9", "10^(20) - 2^(10)", "10^(20) - 100"], "probs": [[0.27306735919765884, 0.28142130791444664, 0.2525098659219638, 0.19300146686593078], [0.2630154866615818, 0.2978222160584596, 0.18489614678250962, 0.254266150397449], [0.2829845673897061, 0.20999171776422743, 0.2458984067446742, 0.2611253080013922], [0.2239077406829012, 0.30578961263441956, 0.2538306007899281, 0.21647204579275114]], "ideal": "A", "sampled": "A", "correct": true}}
{"type": "result", "data": {"idx": 62, "options": ["It is possible to place an linear order relation \u2264 on the complex numbers C such that (C, +, \u00d7, \u2264) is not an ordered field.", "It is possible to place a linear order relation on the complex numbers C which make (C, +, \u00d7, \u2264) an ordered field.", "Neither (a) nor (b)", "Both (a) and (b)."], "probs": [[0.2781587755950653, 0.21419382944963739, 0.32699378347125674, 0.1806536113840406], [0.3123497115113373, 0.3227957534883843, 0.19298747467536267, 0.17186706022491574], [0.4329847628490556, 0.2032170414242028, 0.17085075122122004, 0.19294744440552156], [0.39580013164495775, 0.2026647119717377, 0.18025372383420005, 0.2212814324491045]], "ideal": "A", "sampled": "C", "correct": false}}
{"type": "result", "data": {"idx": 63, "options": ["1/4", "1/3", "1/2", "2/3"], "probs": [[0.25866593751708133, 0.23357654061470737, 0.3417342152074578, 0.16602330656075354], [0.29190104761928376, 0.43839757976919985, 0.17418370879661088, 0.0955176637149055], [0.4195139941226049, 0.3086062325436286, 0.1337408403361088, 0.13813893289765763], [0.3841497187185671, 0.17389772312399068, 0.20885857315184514, 0.23309398490559702]], "ideal": "D", "sampled": "C", "correct": false}}
{"type": "result", "data": {"idx": 64, "options": ["The integers under addition", "The nonzero integers under multiplication", "The nonzero real numbers under multiplication", "The complex numbers under addition"], "probs": [[0.2846528547024261, 0.30563050050017904, 0.21047985237997235, 0.1992367923174225], [0.3470465592252846, 0.225722048047293, 0.19364768553298917, 0.2335837070944332], [0.31515009616815076, 0.2288327319169421, 0.25029338522554134, 0.20572378658936577], [0.2785773103514676, 0.25803784686896025, 0.2800313061209717, 0.18335353655860043]], "ideal": "B", "sampled": "B", "correct": true}}
{"type": "result", "data": {"idx": 65, "options": ["4x + 6y", "x + y + 5", "9x + 4y", "4x - 9y"], "probs": [[0.3718048929796347, 0.17343878744298327, 0.23081949350909883, 0.22393682596828318], [0.32563666060017626, 0.22463284247112725, 0.1897598512459887, 0.2599706455827078], [0.37283460413168606, 0.1837326044772893, 0.21732339908463308, 0.22610939220639154], [0.3631402443540471, 0.20763463651146463, 0.17952839493361736, 0.24969672410087088]], "ideal": "D", "sampled": "C", "correct": false}}
{"type": "result", "data": {"idx": 66, "options": ["0", "-2", "-sqrt(34)", "-sqrt(35)"], "probs": [[0.3199010002352175, 0.291607749933184, 0.1689638096542785, 0.21952744007731997], [0.3115924000428459, 0.19800044594215216, 0.17926339803333555, 0.3111437558816664], [0.26541731549879083, 0.17966805932120064, 0.3264556326079437, 0.22845899247206483], [0.2625890193284281, 0.38861973826961566, 0.16860792792874985, 0.1801833143732064]], "ideal": "C", "sampled": "A", "correct": false}}
{"type": "result", "data": {"idx": 67, "options": ["II only", "III only", "I and II only", "I and III only"], "probs": [[0.24432479934893195, 0.22981667053562013, 0.299604846489488, 0.22625368352595995], [0.25827821701747933, 0.2410629057484768, 0.2706870992108636, 0.22997177792318027], [0.30609184044381993, 0.24403768411762425, 0.2554795107663571, 0.19439096457219868], [0.2740125100638515, 0.20060099958263022, 0.23772067183442944, 0.2876658184190888]], "ideal": "D", "sampled": "C", "correct": false}}
{"type": "result", "data": {"idx": 68, "options": ["\u03c0/3", "\u03c0/4", "\u03c0", "2\u03c0"], "probs": [[0.27372726795320285, 0.25110828873984276, 0.27738788721171737, 0.197776555995237], [0.26674861508171427, 0.32433063755161656, 0.24405800531026967, 0.16486274195639952], [0.28712278173789935, 0.31534265998812183, 0.1949631244499758, 0.20257143372400302], [0.25748431680011824, 0.22542537746559374, 0.20290444789287942, 0.31418585774140856]], "ideal": "A", "sampled": "C", "correct": false}}
{"type": "result", "data": {"idx": 69, "options": ["Sunday", "Monday", "Tuesday", "Wednesday"], "probs": [[0.2982010841071428, 0.20806866882150882, 0.20500481126642578, 0.2887254357049226], [0.263652171709813, 0.19294404694082032, 0.32179235929322436, 0.2216114219561423], [0.31217485197976497, 0.29350012100532996, 0.21677840920935296, 0.17754661770555208], [0.381796091756788, 0.26615548131188543, 0.1818690299805924, 0.17017939685073413]], "ideal": "A", "sampled": "D", "correct": false}}
{"type": "result", "data": {"idx": 70, "options": ["\u221248/\u03c0 cm/min", "\u22124/(3\u03c0) cm/min", "\u22128/(3\u03c0) cm/min", "\u221216/(3\u03c0) cm/min"], "probs": [[0.2556364536029764, 0.29710847136387436, 0.21828843651019172, 0.22896663842295753], [0.29647135731593394, 0.2785090803821528, 0.19075369832992364, 0.23426586387198967], [0.2905201998217516, 0.2689154824022398, 0.19607341871903852, 0.24449089895697007], [0.2862073523444928, 0.25873211409145286, 0.20076541899767675, 0.25429511446637765]], "ideal": "D", "sampled": "C", "correct": false}}
{"type": "result", "data": {"idx": 71, "options": ["The system is consistent.", "The system has infinitely many solutions.", "The sum of any two solutions is a solution.", "Every solution is a scalar multiple of (-5, 1, 1, 0)."], "probs": [[0.2836449742033555, 0.22538986799847235, 0.21067485211172976, 0.2802903055864424], [0.330100690243921, 0.2155255707216144, 0.1984307944342367, 0.25594294450022786], [0.29122064816516036, 0.2207113304831508, 0.24934216955830457, 0.23872585169338426], [0.2960252805655999, 0.2349072431524218, 0.2340758775547895, 0.23499159862718874]], "ideal": "D", "sampled": "B", "correct": false}}
{"type": "result", "data": {"idx": 72, "options": ["f(c)", "f(e^c)", "f(1/c)", "f(log c)"], "probs": [[0.4668971826131571, 0.21885932653653523, 0.1404827663090001, 0.17376072444130758], [0.34728009932978665, 0.2058464643519997, 0.13628613338212667, 0.310587302836087], [0.4028238055583487, 0.19796423627213094, 0.23572958737269206, 0.16348237069682828], [0.35959928387379503, 0.36587371619104636, 0.12161513396567689, 0.1529118658694817]], "ideal": "D", "sampled": "A", "correct": false}}
{"type": "result", "data": {"idx": 73, "options": ["I only", "II only", "III only", "I and II only"], "probs": [[0.23082842618387622, 0.175343324981778, 0.2671646853169271, 0.32666356341741865], [0.21322693465483566, 0.20659071771564244, 0.3099002103242228, 0.2702821372052991], [0.272234852998528, 0.20848719462921725, 0.2966282621231839, 0.22264969014907082], [0.2791996556360523, 0.2705047388029089, 0.24602877724647748, 0.20426682821456135]], "ideal": "D", "sampled": "D", "correct": true}}
{"type": "result", "data": {"idx": 74, "options": ["1/(2e)", "1/e", "e^2/2", "2e"], "probs": [[0.33572936076109294, 0.28330021646469983, 0.18154615295020612, 0.19942426972400107], [0.3008832126818185, 0.30132270754312385, 0.17870556348877928, 0.21908851618627836], [0.36066829617189317, 0.18857979491583507, 0.19043855083411093, 0.2603133579781608], [0.25137826048666995, 0.24037907298846092, 0.27299188751256775, 0.23525077891230137]], "ideal": "C", "sampled": "B", "correct": false}}
{"type": "result", "data": {"idx": 75, "options": ["H = 50", "T >= 60", "51 <= H <= 55", "H >= 48 and T >= 48"], "probs": [[0.3592750101382136, 0.20597726149117973, 0.21945031129984335, 0.21529741697076332], [0.28383370365595434, 0.21056075470731742, 0.23155412310684745, 0.2740514184298808], [0.3238678525978134, 0.21530235980827764, 0.2857654051827916, 0.17506438231111734], [0.3170581852195953, 0.3214138543705752, 0.14478990865659935, 0.21673805165323018]], "ideal": "D", "sampled": "A", "correct": false}}
{"type": "result", "data": {"idx": 76, "options": ["True, True", "True, False", "False, True", "False, False"], "probs": [[0.30676401572628875, 0.26016325531274953, 0.22099005342270533, 0.21208267543825637], [0.28985508841573787, 0.2291123534642175, 0.21545122240637107, 0.2655813356136736], [0.29581685634377947, 0.17784796223339933, 0.31032382308263695, 0.21601135824018428], [0.2852805682111862, 0.2699170233002258, 0.24603570605003836, 0.1987667023385496]], "ideal": "D", "sampled": "A", "correct": false}}
{"type": "result", "data": {"idx": 77, "options": ["2", "1", "0", "-1"], "probs": [[0.27356158869029557, 0.29370271281337096, 0.2537237925954119, 0.1790119058009216], [0.30403710767732506, 0.37573121673870324, 0.18465360332610636, 0.13557807215786527], [0.3497864357745507, 0.23838714117985, 0.19339594531205426, 0.21843047763354503], [0.2700503170220215, 0.2346867769721902, 0.2885239720056019, 0.20673893390018638]], "ideal": "C", "sampled": "C", "correct": true}}
