{"type": "result", "data": {"idx": 0, "options": ["p = 4", "p = 8", "p = 12", "p = 24"], "probs": [[0.41769400366644444, 0.20333918951945545, 0.1866128732534055, 0.19235393346069457], [0.3835985786710676, 0.18815281144200108, 0.1868289178350487, 0.2414196919518826], [0.35880387667382657, 0.1679429013595186, 0.28159560072016476, 0.19165762114649001], [0.23932432705710682, 0.34265975692390976, 0.2526614480657691, 0.16535446785321428]], "ideal": "C", "sampled": "A", "correct": false}}
{"type": "result", "data": {"idx": 1, "options": ["5", "7", "8", "9"], "probs": [[0.2903558102065783, 0.2419939113015507, 0.2864261354644611, 0.18122414292740988], [0.32279880775554426, 0.25078640880380026, 0.21689967611645333, 0.2095151072242021], [0.3683585633970069, 0.2263167418705627, 0.26368216463319644, 0.14164252999923396], [0.3455510930207202, 0.3238834641882707, 0.20173349373309615, 0.128831948957913]], "ideal": "C", "sampled": "A", "correct": false}}
{"type": "result", "data": {"idx": 2, "options": ["1 over 5", "\u22125", "\u22121 over 5", "5"], "probs": [[0.2796358695048195, 0.37226283617239275, 0.23290732919316434, 0.11519396502962342], [0.3658765634006022, 0.18896319334028835, 0.26036353344915203, 0.1847967097099574], [0.3227758551562049, 0.3239593650356537, 0.21924814069677998, 0.1340166390113614], [0.3385781594984186, 0.22126111056289124, 0.27562972489775056, 0.16453100494093964]], "ideal": "D", "sampled": "B", "correct": false}}
{"type": "result", "data": {"idx": 3, "options": ["4", "5", "6", "7"], "probs": [[0.22766126011535034, 0.2714690186864162, 0.30935626297014085, 0.19151345812809256], [0.22855925557711965, 0.31856685873660645, 0.29624685642140985, 0.15662702916486404], [0.2898630028754883, 0.356369384707971, 0.1743259474862565, 0.17944166483028423], [0.32359104863162885, 0.23009335649553705, 0.23302232869586176, 0.2132932660769723]], "ideal": "B", "sampled": "D", "correct": false}}
{"type": "result", "data": {"idx": 4, "options": ["4t = 112; $448", "4t = 112; $28", "t over 4 = 112; $448", "t over 4 = 112; $28"], "probs": [[0.24000940082071312, 0.38650066232542546, 0.14456820701953807, 0.22892172973432334], [0.3477221675208853, 0.17336104550176185, 0.40138494366290284, 0.07753184321445002], [0.18099993735231856, 0.33304018275149444, 0.21198113576410046, 0.2739787440320865], [0.27009708894012385, 0.18420816289467049, 0.4724289389568031, 0.07326580910840257]], "ideal": "B", "sampled": "B", "correct": true}}
{"type": "result", "data": {"idx": 5, "options": ["9", "11", "26", "32"], "probs": [[0.3562508523107952, 0.3036409616166696, 0.1968160569471, 0.1432921290254352], [0.32530243170889905, 0.32934204722156996, 0.18258625811259746, 0.16276926285693347], [0.290837841116409, 0.27210252257982465, 0.2734867509857477, 0.16357288521801866], [0.33074376969438724, 0.34290582960114563, 0.18140367212280578, 0.14494672848166132]], "ideal": "C", "sampled": "A", "correct": false}}
{"type": "result", "data": {"idx": 6, "options": ["1.1 over 11", "11 over 11", "12 over 11", "11 over 12"], "probs": [[0.2602211418388823, 0.30957557364099847, 0.23422816836451912, 0.1959751160556001], [0.30883476135026583, 0.21229887006544004, 0.22146832940747962, 0.2573980390768145], [0.25353369114247803, 0.20692814884500696, 0.17064882813177698, 0.368889331780738], [0.21716231752734308, 0.17734003593757694, 0.4667119820459472, 0.13878566438913276]], "ideal": "C", "sampled": "B", "correct": false}}
{"type": "result", "data": {"idx": 7, "options": ["3.6", "36", "0.01272", "12.72"], "probs": [[0.3420312651347131, 0.22542282600796798, 0.3001689567836619, 0.13237695197365704], [0.2531573885347434, 0.37672670375782163, 0.20860924757164404, 0.1615066600357909], [0.32360235817779687, 0.28477446090635405, 0.24643712477714474, 0.1451860560387043], [0.36077908753062826, 0.2868313874563259, 0.17999937174902542, 0.1723901531640204]], "ideal": "B", "sampled": "C", "correct": false}}
{"type": "result", "data": {"idx": 8, "options": ["159.26", "2.224", "14,111", "126.26"], "probs": [[0.6048311400067982, 0.11147477479112733, 0.08979365085763982, 0.19390043424443468], [0.2428769356198164, 0.12982730759614783, 0.4848697257282707, 0.14242603095576503], [0.12536284886668997, 0.68870177956646, 0.10719165684067636, 0.07874371462617373], [0.6557811947454115, 0.14816873933006147, 0.11750177775261987, 0.07854828807190715]], "ideal": "D", "sampled": "D", "correct": true}}
{"type": "result", "data": {"idx": 9, "options": ["0.72", "0.702", "10.0571", "7.2"], "probs": [[0.34157758438781094, 0.2858280496635108, 0.19066039931863696, 0.18193396653004132], [0.3310847430084997, 0.19932241136773832, 0.2648252366885319, 0.2047676088352301], [0.2431550094082694, 0.343388945728976, 0.2307546791878269, 0.1827013655749277], [0.3959593926019567, 0.3284753789638027, 0.16527853547486393, 0.1102866928593767]], "ideal": "D", "sampled": "D", "correct": true}}
{"type": "result", "data": {"idx": 10, "options": ["150 + 400 + 200", "200 + 400 + 200", "200 + 450 + 200", "200 + 500 + 200"], "probs": [[0.2938786919942883, 0.3111719674259369, 0.1970826057643864, 0.19786673471538838], [0.2773669833844553, 0.31544469373746226, 0.24868153411576932, 0.1585067886623131], [0.24559371510625516, 0.26223145886357857, 0.1498450897368767, 0.34232973619328955], [0.2588624252762635, 0.23824467047489464, 0.3099564842537394, 0.19293641989510246]], "ideal": "C", "sampled": "B", "correct": false}}
{"type": "result", "data": {"idx": 11, "options": ["21", "7", "1", "None of these"], "probs": [[0.2605517467513639, 0.15635476771885087, 0.3989167451621021, 0.18417674026768313], [0.33678913364014645, 0.3902551858500933, 0.18200004234580158, 0.09095563806395868], [0.5587699066483957, 0.23575086453066016, 0.1285333988776449, 0.07694582984329931], [0.31682685014417483, 0.1588636785586757, 0.16562597451937947, 0.35868349667776994]], "ideal": "D", "sampled": "C", "correct": false}}
{"type": "result", "data": {"idx": 12, "options": ["8", "9", "49", "63"], "probs": [[0.3908485413570481, 0.2849329369240241, 0.18201291288086205, 0.14220560873806573], [0.3774319234495636, 0.23677685501626375, 0.18117932703502176, 0.2046118943991509], [0.29978472884830293, 0.2531975880964994, 0.22482114207943582, 0.2221965408757619], [0.23643287228463694, 0.2844763184643321, 0.2817985499159393, 0.1972922592350917]], "ideal": "A", "sampled": "B", "correct": false}}
{"type": "result", "data": {"idx": 13, "options": ["6", "11", "8", "5"], "probs": [[0.361820627360502, 0.274783930906476, 0.20334739375025884, 0.16004804788276314], [0.3475971765826663, 0.23832285046693372, 0.24123307700675778, 0.17284689584364218], [0.3266828953893135, 0.2724567353452977, 0.20633056757770984, 0.19452980158767896], [0.3365656930895144, 0.21018714574300001, 0.24491950137194052, 0.2083276596955451]], "ideal": "A", "sampled": "B", "correct": false}}
{"type": "result", "data": {"idx": 14, "options": ["10 bars of soap for $23.20", "16 bars of soap for $36.48", "13 bars of soap for $29.51", "12 bars of soap for $27.60"], "probs": [[0.4260725505543616, 0.19643360959811473, 0.2177307074368037, 0.15976313231071998], [0.40309799914793454, 0.18282701618115754, 0.2506714537689191, 0.16340353080198883], [0.4251456792950811, 0.20536793460330166, 0.2277456040788594, 0.1417407819227578], [0.44954468824889093, 0.20091305079148483, 0.20428546684213675, 0.14525679401748748]], "ideal": "C", "sampled": "D", "correct": false}}
{"type": "result", "data": {"idx": 15, "options": ["5 minutes", "14 minutes", "34 minutes", "70 minutes"], "probs": [[0.21421710825480975, 0.44532912301543837, 0.2090266166563426, 0.1314271519734093], [0.338998580854035, 0.288505788289876, 0.2217112150311605, 0.15078441572492848], [0.38054975296402604, 0.2642362674175273, 0.1736590240176852, 0.18155495550076142], [0.2680578587927511, 0.22131734595612718, 0.3257072276409097, 0.184917567510212]], "ideal": "B", "sampled": "B", "correct": true}}
{"type": "result", "data": {"idx": 16, "options": ["18", "24", "25", "29"], "probs": [[0.31541547571268924, 0.1533677601135982, 0.42260419834913104, 0.10861256572458151], [0.27713650049274663, 0.4493464462107128, 0.14720974641743817, 0.12630730677910237], [0.47447860589705604, 0.16223241508048003, 0.2772776504870958, 0.08601132843536811], [0.35956288452018476, 0.299938181010835, 0.1726281396165161, 0.1678707947524641]], "ideal": "B", "sampled": "C", "correct": false}}
{"type": "result", "data": {"idx": 17, "options": ["(60/6)\u201412=a", "(60\u201412)/6=a", "(60-6)-12=a", "(60+12)/6=a"], "probs": [[0.29783980260255966, 0.3811964761116494, 0.12443953009555907, 0.1965241910902319], [0.4910823545336504, 0.18200026587814408, 0.188918205086014, 0.13799917440219148], [0.18227383492554397, 0.473858416033089, 0.15818826852647092, 0.1856794804148961], [0.30028478874238707, 0.22077747838556114, 0.36130829546085497, 0.11762943731119682]], "ideal": "B", "sampled": "B", "correct": true}}
{"type": "result", "data": {"idx": 18, "options": ["5", "25", "50", "125"], "probs": [[0.2553742939890786, 0.26648170944536925, 0.2422072101383836, 0.23593678632716855], [0.2550753094757129, 0.22564323580457224, 0.34696850694179593, 0.17231294767791888], [0.3225881303191116, 0.3443782483164022, 0.15824048926919004, 0.17479313199529617], [0.3403098240385255, 0.23424862578021158, 0.2915881493089189, 0.133853400772344]], "ideal": "D", "sampled": "D", "correct": true}}
{"type": "result", "data": {"idx": 19, "options": ["7", "16", "30", "33"], "probs": [[0.3322490976140213, 0.35543604689604574, 0.192591586027602, 0.1197232693623309], [0.39096308983098005, 0.27177407119950564, 0.1764101605055578, 0.16085267836395653], [0.41202960642120434, 0.26069576322498955, 0.19639985846700816, 0.1308747717867979], [0.37851882983213514, 0.2938605393397219, 0.20635526294070114, 0.12126536778744183]], "ideal": "A", "sampled": "B", "correct": false}}
{"type": "result", "data": {"idx": 20, "options": ["\u221212", "12", "8", "16"], "probs": [[0.31300868181695624, 0.340426846987529, 0.20243779407930496, 0.14412667701620982], [0.45428611469833713, 0.273010990800647, 0.1674710909118345, 0.10523180348918132], [0.384198391634573, 0.3230067741099829, 0.14267714107581034, 0.15011769307963377], [0.46911590403615727, 0.1437338505720641, 0.2455901464093076, 0.14156009888247106]], "ideal": "C", "sampled": "B", "correct": false}}
{"type": "result", "data": {"idx": 21, "options": ["382", "397", "406", "447"], "probs": [[0.3188281559974561, 0.32013492819043626, 0.21202797553719807, 0.14900894017490948], [0.38859435333010306, 0.28075995620125377, 0.17892767220544167, 0.1517180181632015], [0.32542580362880386, 0.22448343036314125, 0.28536245224006423, 0.16472831366799068], [0.3066759705236842, 0.289446055860185, 0.2625018059944865, 0.14137616752164425]], "ideal": "B", "sampled": "B", "correct": true}}
{"type": "result", "data": {"idx": 22, "options": ["\u22127", "\u22121", "1", "7"], "probs": [[0.3560358550815278, 0.2503195591258694, 0.25237007826800295, 0.14127450742459982], [0.47588670248994797, 0.27025997635999793, 0.09578320383067741, 0.1580701172193767], [0.3210278903657488, 0.2054437157852969, 0.21439962618592842, 0.25912876756302583], [0.3313653914909425, 0.35098190681025865, 0.16774445030253585, 0.14990825129626298]], "ideal": "A", "sampled": "B", "correct": false}}
{"type": "result", "data": {"idx": 23, "options": ["53", "63", "73", "83"], "probs": [[0.2939158002675558, 0.32707908203006414, 0.23961945170893073, 0.1393856658934493], [0.36608623636385623, 0.31670390848545393, 0.19240077898066718, 0.12480907607002267], [0.43960572659685865, 0.2891779538067234, 0.14215014880888172, 0.12906617068753626], [0.45420084479685097, 0.17980094369648456, 0.22609077923040696, 0.13990743217625753]], "ideal": "C", "sampled": "C", "correct": true}}
{"type": "result", "data": {"idx": 24, "options": ["11.1", "5.7", "3.7", "22.68"], "probs": [[0.2574250601933867, 0.4177342199215454, 0.22421730217266153, 0.10062341761240637], [0.4466730124305999, 0.2809899192914997, 0.10862675469961423, 0.16371031347828616], [0.4825634873576765, 0.1284641382773266, 0.20638802078036989, 0.18258435348462698], [0.18130212750257813, 0.17143520455679764, 0.4370847874877153, 0.21017788035290896]], "ideal": "B", "sampled": "B", "correct": true}}
{"type": "result", "data": {"idx": 25, "options": ["32", "3.2", "3,200", "320"], "probs": [[0.29672817162227383, 0.4279387572025413, 0.1575361372718529, 0.11779693380333199], [0.3113614982530921, 0.25962720364513475, 0.16919484962359524, 0.25981644837817786], [0.24905403698141426, 0.19066045254530614, 0.23041903166907649, 0.3298664787042031], [0.25275266544605, 0.2687653044903524, 0.34333834560266496, 0.13514368436093258]], "ideal": "A", "sampled": "B", "correct": false}}
{"type": "result", "data": {"idx": 26, "options": ["46.4", "456", "4.56", "45.6"], "probs": [[0.39137052838289244, 0.20869561781558302, 0.2308459717308686, 0.16908788197065588], [0.3447970644845363, 0.3181795382724055, 0.21150451266127215, 0.12551888448178602], [0.32611835485592205, 0.32783383616259365, 0.1706995095246131, 0.1753482993568712], [0.3851485263060433, 0.2597332701025994, 0.1738394518142361, 0.18127875167712124]], "ideal": "D", "sampled": "D", "correct": true}}
{"type": "result", "data": {"idx": 27, "options": ["508", "508 r2", "578", "578 r2"], "probs": [[0.5356150865019195, 0.1981737464468193, 0.1498188227265266, 0.11639234422473467], [0.22629494484314613, 0.36703060714347246, 0.14263065795503252, 0.2640437899583489], [0.4233199638211627, 0.20437586272879157, 0.23940571846611475, 0.13289845488393096], [0.19554089007806402, 0.480087220620784, 0.12613269685437586, 0.19823919234677612]], "ideal": "D", "sampled": "A", "correct": false}}
{"type": "result", "data": {"idx": 28, "options": ["100 \u2014 5d", "5d+ 100", "100 / 5d", "5d"], "probs": [[0.5003569051069805, 0.19858646094919513, 0.12519375792095186, 0.17586287592287256], [0.3066069322491168, 0.2040105702081713, 0.2280316454554296, 0.26135085198728236], [0.2783320504397168, 0.19275544294641908, 0.3581507748282807, 0.17076173168558337], [0.26441297326443386, 0.5104417876454632, 0.11805021937575932, 0.1070950196143436]], "ideal": "A", "sampled": "A", "correct": true}}
{"type": "result", "data": {"idx": 29, "options": ["4t", "t over 4", "t \u2212 4", "t + 4"], "probs": [[0.2928418727569435, 0.17169247054253295, 0.16561693947992748, 0.3698487171205961], [0.1909758952359881, 0.10280207104853167, 0.2218311941947595, 0.48439083942072075], [0.12615181222447291, 0.12594708517542713, 0.6860033119677207, 0.061897790532379225], [0.14599167428990556, 0.7020210800648405, 0.07342416354731626, 0.07856308199793761]], "ideal": "A", "sampled": "A", "correct": true}}
{"type": "result", "data": {"idx": 30, "options": ["681,452", "462,017", "246,412", "125,655"], "probs": [[0.3160072408005749, 0.2589528080093953, 0.24465252060168574, 0.18038743048834402], [0.32214107526158575, 0.26821129529560417, 0.21838313475921942, 0.1912644945835906], [0.3064337487847889, 0.26108048787602733, 0.2547927346694347, 0.1776930285697491], [0.29563607544541837, 0.2788149582354536, 0.2218487841770997, 0.2037001820420283]], "ideal": "B", "sampled": "A", "correct": false}}
{"type": "result", "data": {"idx": 31, "options": ["15 remainder 7", "15 remainder 3", "16 remainder 5", "16 remainder 1"], "probs": [[0.34158555178781164, 0.24231237531730898, 0.24610463149030584, 0.16999744130457353], [0.304362702599291, 0.2263946816930088, 0.3269028858157655, 0.14233972979193468], [0.3666265363121949, 0.24821216235379037, 0.22413504455433636, 0.16102625667967838], [0.29944181439266326, 0.2262171059620661, 0.3478135466227809, 0.12652753292248975]], "ideal": "B", "sampled": "B", "correct": true}}
{"type": "result", "data": {"idx": 32, "options": ["17 over 2", "34 over 4", "17 over 4", "19 over 2"], "probs": [[0.32510576206876995, 0.3002519085515365, 0.23438088337365806, 0.14026144590603548], [0.2986890717846841, 0.2849141103476596, 0.2441280073298468, 0.17226881043780945], [0.3514474630004387, 0.26090702411903566, 0.23467224834002764, 0.15297326444049797], [0.3407504355119395, 0.2630016348694039, 0.24206247970649045, 0.1541854498121661]], "ideal": "A", "sampled": "C", "correct": false}}
{"type": "result", "data": {"idx": 33, "options": ["200,000 + 7,000 + 200 + 4", "200,000 + 7,000 + 200 + 40", "200,000 + 70,000 + 200 + 40", "200,000 + 70,000 + 2,000 + 40"], "probs": [[0.3543444381104545, 0.2307629951831306, 0.2351166079738047, 0.17977595863261017], [0.4076684646495192, 0.2861382407136308, 0.1942457084837882, 0.11194758605306172], [0.34361734470839317, 0.2872911946591858, 0.1745640758315391, 0.1945273847008819], [0.2614196201685968, 0.17842669517361973, 0.260572280551181, 0.29958140400660244]], "ideal": "C", "sampled": "C", "correct": true}}
{"type": "result", "data": {"idx": 34, "options": ["220 parts", "770 parts", "4 parts", "110 parts"], "probs": [[0.3582043082501678, 0.29632220441699614, 0.15768310741374297, 0.18779037981909305], [0.36134563257602087, 0.17427601629499204, 0.26710395808362397, 0.19727439294536314], [0.1669065654110895, 0.316555112568671, 0.27817642685969457, 0.23836189506054492], [0.35470293891748417, 0.26712661182812036, 0.23657522388192895, 0.14159522527246654]], "ideal": "D", "sampled": "B", "correct": false}}
{"type": "result", "data": {"idx": 35, "options": ["the mean would increase.", "the mean would decrease.", "the median would increase.", "the median would decrease."], "probs": [[0.4044390142882449, 0.24771734317797844, 0.18099092484663784, 0.1668527175871388], [0.3107434259155104, 0.26285067589710226, 0.16257892789673625, 0.2638269701906511], [0.3446062155527051, 0.22836352542197633, 0.24126852686870615, 0.1857617320566124], [0.2989529192772818, 0.3543757584708749, 0.1552394386828013, 0.191431883469042]], "ideal": "A", "sampled": "A", "correct": true}}
{"type": "result", "data": {"idx": 36, "options": ["\u20137", "5", "7", "27"], "probs": [[0.3162067736009423, 0.33116512500416245, 0.196588897787078, 0.15603920350781725], [0.3469000303294048, 0.31322662619081276, 0.1603927838466357, 0.17948055953314673], [0.38179354718105096, 0.22930721252928257, 0.18203900210112858, 0.20686023808853787], [0.33193404468358334, 0.2663671453438212, 0.2232289231562582, 0.17846988671633723]], "ideal": "A", "sampled": "B", "correct": false}}
{"type": "result", "data": {"idx": 37, "options": ["3-p", "p+3", "3/p", "p-3"], "probs": [[0.5778121947664375, 0.15346868334666028, 0.08823592959952144, 0.18048319218738076], [0.1775388111706926, 0.09123840111430441, 0.6288421187211156, 0.10238066889388743], [0.08332964311406522, 0.8110003871516982, 0.06525182035400898, 0.04041814928022757], [0.8126703206631849, 0.11641654059678455, 0.04379812418224493, 0.027115014457785643]], "ideal": "D", "sampled": "D", "correct": true}}
{"type": "result", "data": {"idx": 38, "options": ["30 \u00d7 10^1", "30 \u00d7 10^3", "(6 \u00d7 5) \u00d7 10^2", "(6 \u00d7 5) \u00d7 10^3"], "probs": [[0.26499872607326763, 0.22898080260309175, 0.24846275897930675, 0.2575577122443338], [0.3229541970737201, 0.2704062920780555, 0.22675005950746752, 0.17988945124075692], [0.3290096026920325, 0.28193257555928347, 0.16613138220249984, 0.22292643944618415], [0.337812413604679, 0.20330075311711676, 0.17174224041943217, 0.2871445927587721]], "ideal": "C", "sampled": "C", "correct": true}}
{"type": "result", "data": {"idx": 39, "options": ["0", "3", "9", "12"], "probs": [[0.42856773836268647, 0.29932315127606834, 0.14747946464050846, 0.12462964562073676], [0.43369455433605064, 0.22298804587840504, 0.1337714085973068, 0.20954599108823752], [0.36637946709153957, 0.1784134788940859, 0.2847676489044309, 0.17043940500994362], [0.3054813878892975, 0.3988057254812246, 0.16939950744899662, 0.12631337908048126]], "ideal": "C", "sampled": "A", "correct": false}}
{"type": "result", "data": {"idx": 40, "options": ["1850x", "2000 \u2212150x", "150x", "2000 +150x"], "probs": [[0.16803857432058064, 0.605344167211554, 0.09252633015592003, 0.13409092821194535], [0.6545860013551139, 0.10290913227797276, 0.1871192431566247, 0.05538562311028864], [0.18618862467772992, 0.6395659493728119, 0.06722573985400387, 0.10701968599545428], [0.6129529795232709, 0.10817547705602969, 0.1750897558277717, 0.10378178749292774]], "ideal": "B", "sampled": "D", "correct": false}}
{"type": "result", "data": {"idx": 41, "options": ["w > 2.3", "w < 2.4", "w > 3.2", "w < 3.3"], "probs": [[0.2900099922422141, 0.25589119241549324, 0.29372354025927533, 0.16037527498301737], [0.22187544901497172, 0.4214409996993655, 0.1412568625104644, 0.2154266886751984], [0.2540325148437945, 0.18883649440198766, 0.3662354538600345, 0.19089553679418336], [0.23217515192877283, 0.38942907997479775, 0.14566432589315534, 0.23273144210327404]], "ideal": "D", "sampled": "A", "correct": false}}
{"type": "result", "data": {"idx": 42, "options": ["-6", "-5", "0", "5"], "probs": [[0.43173175487783616, 0.20332346678311305, 0.11966521801111461, 0.24527956022793615], [0.42755947581607506, 0.16825614115748447, 0.21656296176996506, 0.1876214211564754], [0.3150905621468261, 0.21297070064544793, 0.29407631909773, 0.17786241800999592], [0.33612940939204905, 0.438238746869913, 0.13043991539753866, 0.09519192824049934]], "ideal": "A", "sampled": "A", "correct": true}}
{"type": "result", "data": {"idx": 43, "options": ["156", "110", "94", "48"], "probs": [[0.4247343305034039, 0.20660426028397325, 0.19338578271996965, 0.17527562639265315], [0.36686269238721214, 0.2275326116136105, 0.24309131541853218, 0.16251338048064515], [0.3609868341470404, 0.2896347088767738, 0.2126841278561477, 0.13669432902003809], [0.3567788760057438, 0.33730967357256075, 0.16879028834757406, 0.13712116197412136]], "ideal": "C", "sampled": "A", "correct": false}}
{"type": "result", "data": {"idx": 44, "options": ["15, 17", "15, 19", "17, 19", "17, 21"], "probs": [[0.28179179779477914, 0.30374299571626817, 0.24309247005259535, 0.17137273633635736], [0.28916727236998857, 0.2503409236622406, 0.25958372707058297, 0.20090807679718786], [0.36731908512500855, 0.3154315760159026, 0.14357484019901043, 0.17367449856007838], [0.4169517755091471, 0.21711330113624003, 0.1970463841956503, 0.1688885390589626]], "ideal": "D", "sampled": "D", "correct": true}}
{"type": "result", "data": {"idx": 45, "options": ["3 cans", "12 cans", "36 cans", "13 cans"], "probs": [[0.19505397392188112, 0.3727887757408724, 0.28416561230662124, 0.14799163793062522], [0.3621433132844122, 0.3043229326945641, 0.18199087948753773, 0.15154287443348596], [0.3419512015820683, 0.3207075691113309, 0.19191630754686426, 0.14542492165973653], [0.44676015442255135, 0.22062361566935532, 0.18475422536603153, 0.14786200444206177]], "ideal": "B", "sampled": "D", "correct": false}}
{"type": "result", "data": {"idx": 46, "options": ["3.18, 3 and 1 over 8, 3.8,3", "3,3 and 1 over 8, 3.18, 3", "3.8, 3 and 1 over 8, 3.18, 3", "3.8, 3.18, 3 and 1 over 8, 3"], "probs": [[0.28257881296305204, 0.23404605589231203, 0.30708058515580827, 0.1762945458888276], [0.29782715436818175, 0.29731735584146884, 0.24901898202790113, 0.15583650766244828], [0.29153510056396337, 0.22986389009251637, 0.21014524367897588, 0.26845576556454437], [0.29540053007032874, 0.23330987987569396, 0.24933193621526303, 0.22195765373871426]], "ideal": "D", "sampled": "C", "correct": false}}
{"type": "result", "data": {"idx": 47, "options": ["10", "11", "20", "2"], "probs": [[0.4069190146193987, 0.33167246969221714, 0.12785622857294124, 0.13355228701544283], [0.4446675147813876, 0.2823185303352196, 0.16095188138550415, 0.11206207339788865], [0.40867247629087194, 0.24566937954766838, 0.22043905973847058, 0.1252190843229891], [0.3112618969257631, 0.3111491249361789, 0.2501523531745912, 0.1274366248634668]], "ideal": "C", "sampled": "B", "correct": false}}
{"type": "result", "data": {"idx": 48, "options": ["800,000", "830,000", "836,000", "840,000"], "probs": [[0.3506672784534286, 0.2640230436067918, 0.2485035880705639, 0.1368060897692157], [0.3497525620947994, 0.3174727142481162, 0.2419540642722117, 0.09082065928487278], [0.43567523355895627, 0.32273140546432416, 0.10632365940938106, 0.1352697014673385], [0.4682512564916456, 0.22024880360666393, 0.194655137102985, 0.11684480269870542]], "ideal": "D", "sampled": "D", "correct": true}}
{"type": "result", "data": {"idx": 49, "options": ["14", "\u22124", "45", "\u221245"], "probs": [[0.3179710805098136, 0.3917527496422975, 0.1381372660260346, 0.1521389037218543], [0.4633156336866807, 0.21105532113917047, 0.18914974861338185, 0.13647929646076692], [0.3884669695232156, 0.36638541641202105, 0.12636515026150796, 0.11878246370325543], [0.4626828776346054, 0.25430964335563144, 0.15405603899428758, 0.12895143991547556]], "ideal": "D", "sampled": "D", "correct": true}}
{"type": "result", "data": {"idx": 50, "options": ["21 birds", "40 birds", "42 birds", "84 birds"], "probs": [[0.311567849893285, 0.3056463071170196, 0.2665472685997506, 0.11623857428994473], [0.37608231791441304, 0.2824339992613586, 0.18019697873863064, 0.16128670398559772], [0.4187713452205615, 0.16054777027019698, 0.2621109900560077, 0.15856989435323385], [0.14346189795489972, 0.30968108770134695, 0.35257738825133284, 0.1942796259924205]], "ideal": "A", "sampled": "B", "correct": false}}
{"type": "result", "data": {"idx": 51, "options": ["78", "83", "131", "153"], "probs": [[0.4005639731735554, 0.24252906033336513, 0.22509629538324907, 0.13181067100983032], [0.3809623632729033, 0.284816586537119, 0.21739293146806513, 0.11682811862191263], [0.45348573003729864, 0.26387910459507585, 0.15316443720928405, 0.1294707280583415], [0.4454380803044533, 0.24166437620988251, 0.1816102388079613, 0.1312873045777029]], "ideal": "B", "sampled": "C", "correct": false}}
{"type": "result", "data": {"idx": 52, "options": ["Leslie spent 20 dollars and 8 cents at a store. How is the amount of money Leslie spent written as a fraction?", "Mr. Kramer\u2019s 8 grandchildren shared 20 crackers equally. How many crackers did each grandchild get?", "Mitch bought 20 containers of flowers at a plant store. Each container had 8 flowers in it. How many flowers did Mitch buy?", "Stamps are sold in booklets of 20 stamps. Donna used 8 stamps to send invitations for a party. How many booklets of stamps did Donna use to send her invitations?"], "probs": [[0.3079276222246349, 0.2818391150776439, 0.27901150040570033, 0.1312217621920209], [0.40360291612297616, 0.2896462808101633, 0.16318050754735525, 0.14357029541950528], [0.5148521814681477, 0.20704745371200792, 0.13324126996976693, 0.14485909475007738], [0.47044323992986425, 0.19386517376146487, 0.18437073457054665, 0.15132085163812425]], "ideal": "B", "sampled": "C", "correct": false}}
{"type": "result", "data": {"idx": 53, "options": ["120 miles", "80 miles", "26 miles", "12 miles"], "probs": [[0.7411639247889882, 0.11148188342637307, 0.07921342823825321, 0.06814076344638557], [0.650603627698493, 0.13589778034900954, 0.09733537220967356, 0.11616321964282382], [0.25483848180836044, 0.1888448708372141, 0.37466513359764514, 0.1816515136567803], [0.20385129017025533, 0.4959333425239504, 0.18268132888492, 0.11753403832087425]], "ideal": "A", "sampled": "A", "correct": true}}
{"type": "result", "data": {"idx": 54, "options": ["add 6 to both sides", "divide both sides by 6", "multiply both sides by 6", "subtract 6 from both sides"], "probs": [[0.2698042014029767, 0.42028515274240386, 0.1790482050285044, 0.13086244072611505], [0.5598767932703366, 0.21432253476708837, 0.06171139632615916, 0.16408927553641586], [0.607196706687191, 0.07195480381588232, 0.2021061987110389, 0.11874229068588786], [0.3255813675931914, 0.1860039785016164, 0.2583113341046447, 0.23010331970054754]], "ideal": "B", "sampled": "B", "correct": true}}
{"type": "result", "data": {"idx": 55, "options": ["7", "10", "21", "39"], "probs": [[0.3114230837682472, 0.2818689560051337, 0.2569590730124329, 0.14974888711418627], [0.3007422223718229, 0.28482471186761127, 0.19409188003797995, 0.2203411856225859], [0.3225383710160421, 0.18809227363236936, 0.27895474015434424, 0.21041461509724432], [0.1987556546542321, 0.29962796416308274, 0.3096675024567449, 0.19194887862594026]], "ideal": "A", "sampled": "A", "correct": true}}
{"type": "result", "data": {"idx": 56, "options": ["84 \u2212 11 = t; 73\u00b0F", "t \u2212 84 = 11; 95\u00b0F", "84 \u2212 t = 11; 73\u00b0F", "t \u2212 11 = 84; 95\u00b0F"], "probs": [[0.29355124511022124, 0.1802515888108839, 0.4424651992613236, 0.08373196671757129], [0.2984892890234143, 0.31693618069685303, 0.29030932675486487, 0.09426520342486779], [0.39332162743864707, 0.20960969908511093, 0.3169766616954825, 0.08009201168075948], [0.23960523009845444, 0.3478616812580397, 0.18105992814131508, 0.2314731604021908]], "ideal": "D", "sampled": "C", "correct": false}}
{"type": "result", "data": {"idx": 57, "options": ["72 \u00f7 9 = 8", "72 \u2013 9 = 63", "9 + 72 = 81", "9 \u00f7 72 = 0.125"], "probs": [[0.5160491985155292, 0.17206339279982313, 0.16227572912924373, 0.14961167945540388], [0.10870387647042148, 0.11098346361116168, 0.0980501047733002, 0.6822625550451167], [0.12420367540818932, 0.11293935113715757, 0.6646828700286272, 0.09817410332602584], [0.15893344155153488, 0.609615545558615, 0.09054437140885052, 0.14090664138099965]], "ideal": "A", "sampled": "A", "correct": true}}
{"type": "result", "data": {"idx": 58, "options": ["2 boxes", "4 boxes", "5 boxes", "6 boxes"], "probs": [[0.18885962944615206, 0.30934250812629677, 0.21355554777566196, 0.2882423145518892], [0.2537646293386372, 0.31126302477585, 0.27623346445182306, 0.1587388813336897], [0.285883533084625, 0.3477355448694313, 0.1387886785600084, 0.22759224338593526], [0.37777870724139073, 0.20731133274980518, 0.25740234978920745, 0.15750761011959663]], "ideal": "D", "sampled": "D", "correct": true}}
{"type": "result", "data": {"idx": 59, "options": ["14", "20", "40", "60"], "probs": [[0.1344748199361863, 0.447148641026693, 0.31557612038568505, 0.10280041855143568], [0.307489732100307, 0.39077649681166615, 0.19077827603036554, 0.11095549495766133], [0.31368177658637075, 0.3626789098216175, 0.16777296112628481, 0.1558663523657269], [0.41437199707655903, 0.2484600096692534, 0.1912012696074973, 0.14596672354669024]], "ideal": "B", "sampled": "C", "correct": false}}
{"type": "result", "data": {"idx": 60, "options": ["6 over 14", "8 over 49", "14 over 28", "6 over 7"], "probs": [[0.42637710170739707, 0.10981877483004453, 0.33569161830124505, 0.12811250506131333], [0.29423450543815516, 0.31991600033672274, 0.2601632100034901, 0.12568628412163205], [0.3997902154428914, 0.36855606888524994, 0.15652465028350848, 0.07512906528835019], [0.5124928583806648, 0.2729479792268904, 0.10893241801956625, 0.10562674427287852]], "ideal": "D", "sampled": "D", "correct": true}}
{"type": "result", "data": {"idx": 61, "options": ["5", "10", "15", "20"], "probs": [[0.20867207397949578, 0.7176717946808184, 0.041131163600811774, 0.03252496763887404], [0.8116703952594784, 0.08333293068322045, 0.05785960136991155, 0.04713707258738958], [0.23005340305491287, 0.2601122182314095, 0.10613678078374515, 0.4036975978299325], [0.2986290752589097, 0.1672840416264143, 0.4875283538807668, 0.04655852913390921]], "ideal": "B", "sampled": "B", "correct": true}}
{"type": "result", "data": {"idx": 62, "options": ["125 push-ups", "279 push-ups", "1,395 push-ups", "1,406 push-ups"], "probs": [[0.28693944640478236, 0.3291093755796665, 0.19064043744446443, 0.1933107404710867], [0.2501457091203312, 0.39797116211482886, 0.23432072028381498, 0.11756240838102497], [0.63544914453935, 0.17492865936571927, 0.09160014718749816, 0.0980220488074326], [0.5949154298473451, 0.15915326349618475, 0.13227103046077462, 0.11366027609569551]], "ideal": "C", "sampled": "C", "correct": true}}
{"type": "result", "data": {"idx": 63, "options": ["6 and 10", "5 and 12", "10 and 12", "12 and 15"], "probs": [[0.42138812410264637, 0.26345766997935305, 0.18561472380601562, 0.12953948201198498], [0.3314917981293111, 0.2811991572098867, 0.1952270120187082, 0.19208203254209397], [0.37074304510225803, 0.20100960740027277, 0.2723362729627832, 0.155911074434686], [0.28147968227611986, 0.35681881965378837, 0.18643094319578915, 0.17527055477430262]], "ideal": "C", "sampled": "A", "correct": false}}
{"type": "result", "data": {"idx": 64, "options": ["\u22124", "\u22122", "10", "2"], "probs": [[0.5390546756725477, 0.23067896868428592, 0.07310011764331457, 0.1571662378998518], [0.270183750071441, 0.16984066871615583, 0.34147639096768456, 0.21849919014471855], [0.24687811361946338, 0.3615665083528617, 0.18741580562780005, 0.20413957229987487], [0.2774709791875058, 0.44611520069230454, 0.21709946038376787, 0.059314359636421767]], "ideal": "D", "sampled": "A", "correct": false}}
{"type": "result", "data": {"idx": 65, "options": ["232", "236", "345", "460"], "probs": [[0.3330285201182449, 0.34745019153085516, 0.15938520192422245, 0.16013608632667747], [0.2999908193649998, 0.24565378220960646, 0.24085392468902295, 0.21350147363637081], [0.4043110789391391, 0.2722901227331617, 0.1789376219453221, 0.14446117628237704], [0.41917827721218676, 0.3569987117887172, 0.1478865742535524, 0.07593643664554356]], "ideal": "C", "sampled": "D", "correct": false}}
{"type": "result", "data": {"idx": 66, "options": ["50 and 400", "450 and 700", "750 and 1,000", "1,050 and 1,300"], "probs": [[0.24923448638057644, 0.4200359394710268, 0.19693039965461528, 0.1337991743937815], [0.329408742717654, 0.33113435667266233, 0.2208396346083226, 0.11861726590136105], [0.3293692367563633, 0.2658732989685081, 0.14134059197327267, 0.2634168722018559], [0.3366860398807302, 0.19130392085630088, 0.302205289837221, 0.16980474932574793]], "ideal": "D", "sampled": "B", "correct": false}}
{"type": "result", "data": {"idx": 67, "options": ["7", "12", "48", "56"], "probs": [[0.2387616598551875, 0.31546514753129784, 0.2355868930046575, 0.2101862995088572], [0.2704317094308181, 0.24501898487527163, 0.29787219899323003, 0.1866771066006802], [0.34146374969441035, 0.26860472957495085, 0.2136299790769269, 0.17630154155371192], [0.3501199870880013, 0.21824410744844316, 0.22648835320065394, 0.2051475521629016]], "ideal": "A", "sampled": "D", "correct": false}}
{"type": "result", "data": {"idx": 68, "options": ["18 and 28", "180 and 280", "1,800 and 2,800", "18,000 and 28,000"], "probs": [[0.3078678204129057, 0.34829019977707365, 0.19237798163788009, 0.1514639980721406], [0.3734260145435924, 0.29006158870446447, 0.1732766900295089, 0.16323570662243422], [0.3461027248186289, 0.2862627591282791, 0.18216737155783533, 0.18546714439525663], [0.2853559212793274, 0.19865508079546343, 0.1622721826529328, 0.3537168151722764]], "ideal": "C", "sampled": "C", "correct": true}}
{"type": "result", "data": {"idx": 69, "options": ["7 \u2022 11^2 \u2022 13", "7^2 \u2022 11", "7 \u2022 11 \u2022 13", "7 \u2022 11"], "probs": [[0.3477051413175764, 0.17691382064751107, 0.3379881234719779, 0.13739291446293467], [0.3781223099534866, 0.23202105144216498, 0.309384002016183, 0.0804726364881654], [0.3498280644066981, 0.26974835989161955, 0.24858845767873156, 0.13183511792295083], [0.28022391018783094, 0.33748201035286796, 0.1547290854705977, 0.22756499388870344]], "ideal": "D", "sampled": "C", "correct": false}}
{"type": "result", "data": {"idx": 70, "options": ["$20.93 ", "$28.93 ", "$32.93 ", "$48.93 "], "probs": [[0.3406879749245905, 0.33494202782103655, 0.19726889441712897, 0.12710110273724393], [0.3514435719884996, 0.40997682544873293, 0.13004753476748024, 0.10853206769528721], [0.36742960612852343, 0.3062470439513473, 0.14483498898696875, 0.1814883608331605], [0.33076059322088525, 0.25086730342282587, 0.22574016113199177, 0.19263194212429713]], "ideal": "C", "sampled": "C", "correct": true}}
{"type": "result", "data": {"idx": 71, "options": ["160", "240", "320", "640"], "probs": [[0.342964058230258, 0.3217398273882369, 0.2033840745988367, 0.13191203968266835], [0.3713470531026538, 0.2978677914201866, 0.17404686624841978, 0.15673828912873983], [0.3513649456055012, 0.3242908168154141, 0.13976332752146411, 0.18458090995762064], [0.3345549950480438, 0.23674682917690856, 0.23388506121255997, 0.19481311446248764]], "ideal": "A", "sampled": "B", "correct": false}}
{"type": "result", "data": {"idx": 72, "options": ["0.021 repeating", "0.21 Repeating", "0.22 Repeating", "0.2121"], "probs": [[0.3347966074608746, 0.3431470989837822, 0.1544832587087643, 0.16757303474657886], [0.4554633361997718, 0.24757630382755302, 0.17027043787116497, 0.12668992200151016], [0.43117373945173243, 0.2494008653062876, 0.16760148347717269, 0.15182391166480733], [0.28563104353809793, 0.364521936939948, 0.241094331766144, 0.10875268765581006]], "ideal": "B", "sampled": "B", "correct": true}}
{"type": "result", "data": {"idx": 73, "options": ["(40 \u00d7 10) + (6 \u00d7 2) = 400 + 12", "(40 \u00d7 6) + (10 \u00d7 2) = 240 + 20", "(40 \u00d7 12) + (6 \u00d7 12) = 480 + 72", "(40 \u00d7 12) + (60 \u00d7 12) = 480 + 720"], "probs": [[0.24051345882394823, 0.16486598549624687, 0.4044984578681805, 0.1901220977116244], [0.23848861098156748, 0.438367390017074, 0.18013840643544055, 0.14300559246591796], [0.38645017719055347, 0.23347327458719108, 0.2036864042627735, 0.17639014385948196], [0.2970251473166915, 0.21010242012106636, 0.24291200251725062, 0.24996042994499154]], "ideal": "C", "sampled": "C", "correct": true}}
{"type": "result", "data": {"idx": 74, "options": ["$649 ", "$6,049 ", "$6,409 ", "$6,490 "], "probs": [[0.4051696454120226, 0.4058216308819827, 0.09482717686504535, 0.09418154674094933], [0.6784120544704365, 0.11921908261108738, 0.09764276825245931, 0.10472609456601677], [0.6539765948156975, 0.1621576636063698, 0.09408715760932412, 0.08977858386860857], [0.6765264019987569, 0.1564242185337798, 0.09293534259554692, 0.0741140367719164]], "ideal": "B", "sampled": "B", "correct": true}}
{"type": "result", "data": {"idx": 75, "options": ["SSSSS; AAA", "SSSSS; AAAA", "SSSSSSSS; AAAA", "SSSSSSSS; A"], "probs": [[0.294172095875654, 0.2904637628779677, 0.23796832487398864, 0.17739581627238962], [0.3006332337178223, 0.2500479668100192, 0.2268829657278292, 0.22243583364432937], [0.2911200349564282, 0.22586116336345102, 0.25705362811774657, 0.2259651734623742], [0.27593245277230954, 0.22094946438995458, 0.26968076018733805, 0.23343732255039787]], "ideal": "D", "sampled": "B", "correct": false}}
{"type": "result", "data": {"idx": 76, "options": ["$2.82 ", "$2.97 ", "$6.47 ", "$12.77 "], "probs": [[0.4895929207072225, 0.2797876360685204, 0.12467070946349819, 0.1059487336607589], [0.4667300020192985, 0.2502564508236763, 0.11513348753443503, 0.16788005952259014], [0.34139460902618174, 0.20310719937663327, 0.2999556079160614, 0.1555425835811236], [0.2776190679633021, 0.44661886161002, 0.1522620938903135, 0.12349997643636439]], "ideal": "A", "sampled": "A", "correct": true}}
{"type": "result", "data": {"idx": 77, "options": ["4 over 6", "10 over 12", "15 over 17", "5 over 6"], "probs": [[0.3728294240830281, 0.23626736860299918, 0.16398241357276996, 0.22692079364120277], [0.36648993588329337, 0.18370764898288042, 0.266324601554327, 0.18347781347949912], [0.3284869540673869, 0.27613357118190035, 0.2295543585421718, 0.16582511610854092], [0.38210851368229687, 0.276910465241143, 0.23930708947050772, 0.1016739315060524]], "ideal": "D", "sampled": "D", "correct": true}}
{"type": "result", "data": {"idx": 78, "options": ["3 over 2", "2 over 3", "2 over 12", "1 over 6"], "probs": [[0.37879762456184146, 0.2811844003978283, 0.1934393370052855, 0.1465786379350447], [0.37757442522965357, 0.22708175260781624, 0.24791114768622208, 0.14743267437630808], [0.22875707190069422, 0.4282283250295301, 0.22910447757790958, 0.11391012539186608], [0.3151101587066163, 0.32037995455860874, 0.26170487184086305, 0.10280501479391194]], "ideal": "D", "sampled": "D", "correct": true}}
