{"type": "result", "data": {"idx": 0, "options": ["0.005 C", "0.01 C", "0.02 C", "0.5 C"], "probs": [[0.33343334989988455, 0.2400025719165751, 0.2483239917699917, 0.17824008631354862], [0.3599688028910682, 0.22492907789657768, 0.2518211156963485, 0.16328100341600557], [0.4099889397211166, 0.2503561973321421, 0.20157183704744688, 0.1380830257992944], [0.37423126212946756, 0.3148453690610975, 0.17683007520918678, 0.13409329350024812]], "ideal": "B", "sampled": "D", "correct": false}}
{"type": "result", "data": {"idx": 1, "options": ["the electric field produced by a finite-length charged rod", "the electric field produced by an infinitely long charged cylinder", "the electric field produced by an infinite plane of charge", "the magnetic field produced by an infinitely long, straight current-carrying wire"], "probs": [[0.289801218772793, 0.16201974932778182, 0.31915957683589025, 0.22901945496353487], [0.3842594027134967, 0.2759436964712765, 0.19779978690553587, 0.14199711380969096], [0.46354749794139244, 0.3100688755202169, 0.11600613592895115, 0.11037749050943954], [0.3976952671950436, 0.18543292303864148, 0.2047595947066886, 0.21211221495962626]], "ideal": "A", "sampled": "C", "correct": false}}
{"type": "result", "data": {"idx": 2, "options": ["electric field outside the object is zero", "the electric field outside the object is equal to the electric field inside the object", "the electric field outside the object is directly proportional to the distance away from the center of mass of the object", "the electric field outside the object, but very close to the surface, is equal to the surface charge density at any location divided by the permittivity of free space"], "probs": [[0.1287772967479052, 0.10719187424200145, 0.11969696755142438, 0.644333861358669], [0.15478385176089082, 0.11756531279880461, 0.6214394244669617, 0.10621141087334289], [0.22619479555319602, 0.5430078425012245, 0.12187955345664213, 0.10891780838893736], [0.7705582803337492, 0.08922518589442135, 0.0701535998925389, 0.07006293377929054]], "ideal": "D", "sampled": "D", "correct": true}}
{"type": "result", "data": {"idx": 3, "options": ["Less, because the tension in the string varies directly with the wave speed, which varies inversely with the wavelength.", "Greater, because the tension in the string varies directly with the wave speed, which varies inversely with the wavelength.", "Greater, because the tension in the string varies directly with the wave speed, which varies directly with the wavelength.", "Less, because the tension in the string varies directly with the wave speed, which varies directly with the wavelength."], "probs": [[0.38380859442117055, 0.3375420074584903, 0.14110422553511734, 0.13754517248522186], [0.3521243824569608, 0.2280196926359892, 0.18399466024005282, 0.2358612645669972], [0.344031045162187, 0.3119853846723551, 0.17016989466813848, 0.1738136753973194], [0.28912297319148034, 0.2258861396367884, 0.24941997599223475, 0.23557091107949646]], "ideal": "C", "sampled": "B", "correct": false}}
{"type": "result", "data": {"idx": 4, "options": ["I only", "II only", "II and III only", "(E) I, II, and III"], "probs": [[0.16944053767417228, 0.13071113823537248, 0.20429447291238612, 0.4955538510780691], [0.1718355638286492, 0.16615890712154216, 0.4995413496795831, 0.16246417927022552], [0.23049775223374216, 0.47598636998007593, 0.1509208909604626, 0.1425949867257193], [0.3176498663457993, 0.2094143150624682, 0.22179844642748073, 0.2511373720642518]], "ideal": "D", "sampled": "D", "correct": true}}
{"type": "result", "data": {"idx": 5, "options": ["Equal to the block\u2019s gravitational potential energy when it was released, because total mechanical energy must be conserved.", "Equal to the block\u2019s gravitational potential energy when it was released, because the gain in kinetic energy compensates for the mechanical energy lost to thermal energy on the rough incline.", "Less than the block\u2019s gravitational potential energy when it was released, because the gravitational potential energy was converted both to thermal energy and to kinetic energy.", "Less than the block\u2019s gravitational potential energy when it was released, because the work done by the friction force must be greater than the block\u2019s gain in kinetic energy."], "probs": [[0.3168110439943983, 0.20724503439052908, 0.2706326407300588, 0.20531128078501376], [0.26684916016771204, 0.2880124747465131, 0.19332510230992164, 0.25181326267585324], [0.24065528751918883, 0.1638384111859522, 0.42661588942409434, 0.16889041177076464], [0.24809553466031145, 0.44227813007813965, 0.15010256021019516, 0.15952377495135373]], "ideal": "C", "sampled": "A", "correct": false}}
{"type": "result", "data": {"idx": 6, "options": ["The small block is most likely to slide off when the original block is at maximum displacement from the equilibrium position, but will not slide off as long as the coefficient of static friction between the blocks is greater than kA/[(M+m)g].", "The small block is most likely to slide off when the original block is at the equilibrium position, but will not slide off as long as the coefficient of static friction between the blocks is greater than kA/[(M+m)g].", "The small block is most likely to slide off when the original block is at maximum displacement from the equilibrium position, but will not slide off as long as the coefficient of static friction between the blocks is greater than (M+m)g/(kA).", "The small block is most likely to slide off when the original block is at the equilibrium position, but will not slide off as long as the coefficient of static friction between the blocks is greater than (M+m)g/(kA)."], "probs": [[0.4107160743446884, 0.18466801389194556, 0.20610913017986066, 0.19850678148350537], [0.2830181506724647, 0.24749934316936648, 0.27641622150039513, 0.19306628455777364], [0.4192025016843794, 0.19447244370854933, 0.19450467492212953, 0.19182037958494177], [0.2989427909428694, 0.2614999594352428, 0.24196814406621078, 0.19758910545567698]], "ideal": "A", "sampled": "C", "correct": false}}
{"type": "result", "data": {"idx": 7, "options": ["0.005 J", "0.01 J", "0.05 J", "0.1 J"], "probs": [[0.42348631125117786, 0.22604009027188035, 0.20654713538669484, 0.14392646299024695], [0.4399021631024782, 0.19925669130562995, 0.2016397595448282, 0.15920138594706362], [0.4523113734912271, 0.22504769598748425, 0.19010447247071122, 0.13253645795057745], [0.4846742414595229, 0.2231129391036368, 0.16884498170680418, 0.12336783763003607]], "ideal": "C", "sampled": "D", "correct": false}}
{"type": "result", "data": {"idx": 8, "options": ["v0^2/(2\u03bcg)", "v0^2/(\u03bcg)", "2v0^2/(\u03bcg)", "mv0^2/(\u03bcg)"], "probs": [[0.3411116752184311, 0.3418046388494984, 0.1785827209733384, 0.1385009648587321], [0.3519884698037254, 0.2577061989303941, 0.1563297980320556, 0.2339755331338249], [0.28542998855582624, 0.20578508383637792, 0.24496797089761524, 0.2638169566101806], [0.3262592456533316, 0.24655485906058072, 0.2936831922927907, 0.13350270289329697]], "ideal": "A", "sampled": "B", "correct": false}}
{"type": "result", "data": {"idx": 9, "options": ["0.5 s", "1 s", "2 s", "4 s"], "probs": [[0.25784433653888567, 0.2942629841946245, 0.2520532086851435, 0.1958394704813463], [0.22829579154794996, 0.2586605289120181, 0.3225045847943469, 0.19053909464568508], [0.32181916596708654, 0.2953959493161668, 0.18779019079089376, 0.19499469382585288], [0.34352882760479936, 0.24937519424896312, 0.22906391195533313, 0.17803206609090436]], "ideal": "B", "sampled": "D", "correct": false}}
{"type": "result", "data": {"idx": 10, "options": ["The average kinetic energy of the hydrogen gas is greater than the nitrogen gas.", "The average force exerted on the container by the hydrogen gas is greater than the nitrogen gas.", "The density of the hydrogen gas is less than the nitrogen gas.", "The pressures of the gases cannot be compared without knowing the number of molecules in each container."], "probs": [[0.3778039441806134, 0.18178163060406755, 0.1532954962872451, 0.28711892882807394], [0.20088262853997796, 0.12725856898942564, 0.20367155967106199, 0.46818724269953443], [0.18563990016451912, 0.10986869617393594, 0.6111284402723662, 0.09336296328917873], [0.26456157158833293, 0.49825043966110316, 0.13918114121896405, 0.09800684743159982]], "ideal": "D", "sampled": "A", "correct": false}}
{"type": "result", "data": {"idx": 11, "options": ["Move the boy to half his original distance from the fulcrum.", "Move the girl to double her original distance from the fulcrum.", "Allow a second girl of mass m to join the first.", "Move the fulcrum to half its original distance from the boy."], "probs": [[0.3088344221303632, 0.20520558684237653, 0.20713075737853345, 0.2788292335487268], [0.31550317529409405, 0.17108735185510665, 0.24374185136888063, 0.26966762138191863], [0.2643096109318232, 0.23456996327423846, 0.26631745296560705, 0.23480297272833126], [0.27947536524533984, 0.19165896162946164, 0.22434836958114496, 0.3045173034440536]], "ideal": "D", "sampled": "D", "correct": true}}
{"type": "result", "data": {"idx": 12, "options": ["The high temperature water will rise to the top of the container until it has cooled and then mixes with the alcohol.", "The molecules of the water continue to have a higher kinetic energy than the molecules of the alcohol, but the two liquids mix until the energy is spread evenly throughout the container.", "The hot water produces thermal radiation that is absorbed by the cold alcohol until the kinetic energy of all the molecules is the same.", "The water molecules collide with the alcohol molecules, transferring energy until the average kinetic energy of both the water and alcohol molecules are the same."], "probs": [[0.0542076464513148, 0.20074706295467695, 0.07387687652415591, 0.6711684139698523], [0.10900087131775477, 0.0973612984004379, 0.7695319809457992, 0.024105849236008094], [0.1467967037348716, 0.6997218861186124, 0.07138164340246424, 0.08209976664405173], [0.6664012123454878, 0.10910529723495924, 0.1494135420576345, 0.07507994826191844]], "ideal": "D", "sampled": "D", "correct": true}}
{"type": "result", "data": {"idx": 13, "options": ["4 s", "2 s", "0.06 s", "0.03 s"], "probs": [[0.27562769423268596, 0.2591605108967391, 0.2256718210450098, 0.23953997372556518], [0.3137431833949815, 0.30923209512813343, 0.22667453366261542, 0.15035018771426964], [0.32702442513079866, 0.2626379092872077, 0.22870698228118108, 0.18163068320081255], [0.3125796550631611, 0.2845612976088647, 0.22915220475529446, 0.1737068424726797]], "ideal": "B", "sampled": "D", "correct": false}}
{"type": "result", "data": {"idx": 14, "options": ["10 N/kg", "4 N/kg", "2 N/kg", "0.5 N/kg"], "probs": [[0.2076520348787059, 0.3137863687090388, 0.19685489254086255, 0.28170670377139273], [0.22555607218936452, 0.3103699041537529, 0.3091021431807206, 0.15497188037616194], [0.2608604573429758, 0.3704360204304749, 0.17798681984630632, 0.19071670228024293], [0.28866983317438416, 0.24625586704699903, 0.21639860319115192, 0.24867569648746488]], "ideal": "B", "sampled": "D", "correct": false}}
{"type": "result", "data": {"idx": 15, "options": ["\u03c3/2\u03b5o, down", "\u03c3/2\u03b5o, up", "\u03c3/\u03b5o, down", "\u03c3/\u03b5o, up"], "probs": [[0.3760405908428827, 0.2497303522994076, 0.1846713788024568, 0.1895576779552529], [0.31913148275590353, 0.25591005417589596, 0.21973895844044075, 0.20521950452775975], [0.3285574663631999, 0.23612192622627823, 0.2370044624122076, 0.19831614489831428], [0.29971548465301334, 0.29934900550010946, 0.24132473404788618, 0.15961077569899104]], "ideal": "A", "sampled": "A", "correct": true}}
{"type": "result", "data": {"idx": 16, "options": ["1 nm", "1 \u03bcm", "1 mm", "1 m"], "probs": [[0.2999713420567949, 0.29271286723070794, 0.21304133532301045, 0.19427445528948672], [0.28707959817340734, 0.27350267357620417, 0.23833468198874416, 0.2010830461616443], [0.3132344092641637, 0.2960799247898637, 0.20888323457288352, 0.18180243127308907], [0.2884025275418842, 0.3755698203664958, 0.17903296647665695, 0.15699468551496307]], "ideal": "D", "sampled": "A", "correct": false}}
{"type": "result", "data": {"idx": 17, "options": ["50 cm", "100 cm", "200 cm", "300 cm"], "probs": [[0.38246808152736683, 0.2624360762312191, 0.21268181723125945, 0.1424140249101546], [0.3718449362190771, 0.2608861249160315, 0.18099778349384335, 0.186271155271048], [0.37307801283029174, 0.1857728185203743, 0.20271306925902585, 0.2384360992903081], [0.3555727196703606, 0.22750783776428618, 0.2645412008336528, 0.15237824163170044]], "ideal": "C", "sampled": "B", "correct": false}}
{"type": "result", "data": {"idx": 18, "options": ["The forward static friction force of the ground on the horse is greater than any friction forces acting backward on the cart, providing a forward acceleration.", "The forward force of the horse on the cart is greater than the backward force of the cart on the horse, providing a forward acceleration.", "The force of the horse\u2019s muscles on the rest of the horse-cart system provides the necessary acceleration.", "The upward normal force of the ground on the horse is greater than the horse\u2019s weight, providing an upward acceleration."], "probs": [[0.27638578824000054, 0.5088746026971877, 0.1340605487400425, 0.08067906022276926], [0.4810294067071833, 0.1250172816086778, 0.11005112199722551, 0.2839021895869134], [0.21019198624750074, 0.06808676027829345, 0.184833174473434, 0.5368880789007717], [0.16437766199223014, 0.1577929132690129, 0.4752993057982568, 0.20253011884050015]], "ideal": "A", "sampled": "B", "correct": false}}
{"type": "result", "data": {"idx": 19, "options": ["\u2013165 V", "\u2013120 V", "64 V", "185 V"], "probs": [[0.37317385153692917, 0.2194467717354562, 0.2017780929072157, 0.20560128372039893], [0.27939030108950647, 0.24679261075781572, 0.26337858639439804, 0.21043850165827974], [0.29512644690681, 0.3049569816569601, 0.20974732068310753, 0.19016925065312232], [0.31800924780737433, 0.28538729887172876, 0.21571719001409362, 0.1808862632068033]], "ideal": "D", "sampled": "D", "correct": true}}
{"type": "result", "data": {"idx": 20, "options": ["300 J into the system", "300 J out of the system", "600 J into the system", "600 J out of the system"], "probs": [[0.35439091389225136, 0.2842263834754557, 0.19195638309054702, 0.16942631944174588], [0.2957515286022523, 0.25653280658543137, 0.18734449798925606, 0.26037116672306027], [0.3224542140638239, 0.2489777356137207, 0.22099298236544343, 0.20757506785701196], [0.3126634768731571, 0.29572398685096923, 0.19965891838110145, 0.19195361779477224]], "ideal": "B", "sampled": "A", "correct": false}}
{"type": "result", "data": {"idx": 21, "options": ["It will double.", "It will quadruple.", "It will be halved.", "It will remain the same."], "probs": [[0.2238488512894814, 0.17267143521008488, 0.15768724363115424, 0.44579246976927944], [0.2551096956541112, 0.19078141306830915, 0.44703781267227344, 0.10707107850530623], [0.2660931070977826, 0.4749043982100812, 0.19071736430672656, 0.0682851302854096], [0.33365834253160953, 0.3386277308516985, 0.16801144431358483, 0.15970248220310712]], "ideal": "C", "sampled": "D", "correct": false}}
{"type": "result", "data": {"idx": 22, "options": ["5 \u00d7 10^15 Hz", "0.5 Hz", "2 Hz", "20 Hz"], "probs": [[0.5877282285577135, 0.14788729612036694, 0.1143825254198904, 0.1500019498020292], [0.11786020764154838, 0.11944852234203857, 0.14429263124099037, 0.6183986386754227], [0.10603594270858643, 0.11730905138218893, 0.6227212686822249, 0.1539337371269997], [0.1256266868918659, 0.6855292898747883, 0.07319060803003874, 0.11565341510330696]], "ideal": "A", "sampled": "A", "correct": true}}
{"type": "result", "data": {"idx": 23, "options": ["m = 16 u, q = \u20135 e", "m = 17 u, q = \u20134 e", "m = 18 u, q = \u20133 e", "m = 20 u, q = \u20131 e"], "probs": [[0.3055099294105125, 0.25289276616566825, 0.21350094992023957, 0.22809635440357962], [0.305930669486765, 0.27178510615812207, 0.23306400724309573, 0.1892202170120172], [0.3272833970137511, 0.25241969161577693, 0.21473884050213446, 0.2055580707683375], [0.29105167710696805, 0.25440018608409726, 0.2473289147568103, 0.20721922195212442]], "ideal": "D", "sampled": "C", "correct": false}}
{"type": "result", "data": {"idx": 24, "options": ["0", "9.0 \u00d7 10^4 N/C", "1.8 \u00d7 10^5 N/C", "7.2 \u00d7 10^5 N/C"], "probs": [[0.24130830629501437, 0.33563002419974586, 0.22353961219970234, 0.1995220572055374], [0.25253611800529446, 0.2774018943032382, 0.16578257082234996, 0.30427941676911735], [0.2920540403455821, 0.27449579271145563, 0.24257683345828346, 0.19087333338467882], [0.3271727707881137, 0.25074009225573524, 0.21472987000269564, 0.20735726685345546]], "ideal": "D", "sampled": "A", "correct": false}}
{"type": "result", "data": {"idx": 25, "options": ["The molecules of the person are, on average, moving faster than those of the surroundings.", "Thermal energy moves from high concentration areas (hot) to low concentration areas (cold).", "As heat flows out of the person and warms the fluid surrounding the person, the warmer fluid rises, allowing fresh cool fluid to come in contact with the person and increasing the rate of heat transfer.", "Water has more molecules per volume than air, increasing molecular contact with the person."], "probs": [[0.09084466234727757, 0.09348877636601201, 0.42683377975796993, 0.3888327814287405], [0.15177878150487775, 0.3523815185898733, 0.38146703725022324, 0.11437266255502564], [0.3470786316965231, 0.28462786327817474, 0.137574185046928, 0.23071931987837416], [0.17925936382541144, 0.11636371424443524, 0.22442973159459942, 0.4799471902355539]], "ideal": "D", "sampled": "C", "correct": false}}
{"type": "result", "data": {"idx": 26, "options": ["4 m/s", "6 m/s", "8 m/s", "12 m/s"], "probs": [[0.24700885254681196, 0.2664166470027775, 0.23988448795913367, 0.24669001239127689], [0.27241547536602245, 0.27180610724390103, 0.27745689612575775, 0.17832152116431876], [0.31822820546340935, 0.33269505698050866, 0.16385730611064672, 0.18521943134543525], [0.3372193973090612, 0.23841697685769148, 0.22486366999474622, 0.1994999557385011]], "ideal": "C", "sampled": "D", "correct": false}}
{"type": "result", "data": {"idx": 27, "options": ["1/3 V", "2/3 V", "4/3 V", "4V"], "probs": [[0.33442953225606203, 0.242384552931389, 0.23017249999128786, 0.1930134147212611], [0.312973320452864, 0.2936783134643608, 0.18851962683699824, 0.2048287391457769], [0.33495487262141016, 0.22276337936840834, 0.2050577161230256, 0.23722403178715587], [0.2294012754926162, 0.37577947970447223, 0.24683693048869826, 0.1479823142142133]], "ideal": "C", "sampled": "A", "correct": false}}
{"type": "result", "data": {"idx": 28, "options": ["Conservation of mass indicates that if a single new particle were created in the reaction, it must have a total mass equal to the combined masses of the electron and positron.", "Conservation of charge indicates that all new particles created in the reaction would have no electric charge.", "Conservation of momentum indicates that two identical gamma rays moving off in opposite directions could be created.", "Conservation of energy indicates that the antimatter positron could annihilate into energy, leaving the stationary electron behind."], "probs": [[0.2412069547474705, 0.13924530769588744, 0.2026693464316122, 0.4168783910250299], [0.21021292475109452, 0.20649588980708197, 0.4022830902447424, 0.18100809509708113], [0.40269033916843844, 0.23408543617554586, 0.21319850740082222, 0.15002571715519347], [0.34357884522816956, 0.21764436361997444, 0.18187242744534424, 0.2569043636065117]], "ideal": "C", "sampled": "D", "correct": false}}
{"type": "result", "data": {"idx": 29, "options": ["increases linearly", "decreases linearly", "does not change", "decreases nonlinearly"], "probs": [[0.2548377773680096, 0.19153679619994493, 0.3752711657019024, 0.17835426063014304], [0.2657845020028405, 0.317465722529136, 0.2039047181402388, 0.2128450572277847], [0.24528377121147066, 0.18891692441179042, 0.3414548984045302, 0.22434440587220872], [0.22885266411164706, 0.3048673731588118, 0.17802595294605836, 0.2882540096834828]], "ideal": "D", "sampled": "C", "correct": false}}
{"type": "result", "data": {"idx": 30, "options": ["1.41v", "v", "2v", "4v"], "probs": [[0.2811071741959783, 0.3625690854764459, 0.1875618360785937, 0.1687619041489821], [0.24888385829820883, 0.23825952408315343, 0.1880952268650787, 0.324761390653559], [0.25715547414301015, 0.1857890905881539, 0.3119110716282685, 0.24514436354056746], [0.25320228931756, 0.37638658281377124, 0.18418298659867002, 0.1862281411699987]], "ideal": "A", "sampled": "A", "correct": true}}
{"type": "result", "data": {"idx": 31, "options": ["The net charge has become more positive.", "The net charge has become more negative.", "The net charge has not changed.", "Whether the net charge becomes more positive or more negative depends on the initial net charge residing on the circuit elements before the bulb was lit."], "probs": [[0.18240563982152008, 0.12378838458192293, 0.4773981472638736, 0.21640782823268337], [0.2141979400360349, 0.43527887564356094, 0.1675831278270725, 0.18294005639333163], [0.3742349203187745, 0.2173361810427556, 0.21780856276075355, 0.1906203357777164], [0.2825914536851742, 0.1978685796698178, 0.16812374685144793, 0.3514162196935601]], "ideal": "C", "sampled": "C", "correct": true}}
{"type": "result", "data": {"idx": 32, "options": ["It would continue rotating on its axis, and it would revolve around the Earth as usual.", "It would continue rotating on its axis, but it would stop revolving around the Earth.", "It would stop rotating on its axis, but it would revolve around the Earth as usual.", "It would stop rotating on its axis, and it would stop revolving around the Earth."], "probs": [[0.30206028074075564, 0.17958028880320706, 0.1540051721479246, 0.3643542582081127], [0.30889277047820934, 0.11756393837784017, 0.3529823877897611, 0.22056090325418934], [0.31345518486181, 0.2355971414927341, 0.3064860013868094, 0.14446167215864644], [0.33581836507158375, 0.3561050434305532, 0.16724347318928284, 0.14083311820858016]], "ideal": "B", "sampled": "D", "correct": false}}
{"type": "result", "data": {"idx": 33, "options": ["It is moving downward and slowing down.", "It is moving upward and slowing down.", "It is moving upward at a constant speed.", "It is moving downward at a constant speed."], "probs": [[0.29729720061138976, 0.18527145129760744, 0.3213069640879306, 0.19612438390307224], [0.359400817155612, 0.3608305238821568, 0.14693214612134353, 0.13283651274088767], [0.40267708893563864, 0.17780971525321512, 0.19413197038616542, 0.22538122532498078], [0.3628430799996221, 0.2351411326676398, 0.18054044927905596, 0.2214753379536821]], "ideal": "B", "sampled": "C", "correct": false}}
{"type": "result", "data": {"idx": 34, "options": ["I only", "II only", "I & II only", "I & III only"], "probs": [[0.21629885481515754, 0.18064797461157503, 0.3285958864537865, 0.2744572840194809], [0.23835145220395493, 0.26190500419985363, 0.2157661926356402, 0.2839773508605512], [0.3060000194899209, 0.19282190212434666, 0.27321964092473405, 0.22795843736099838], [0.2951986833396202, 0.23921111580142077, 0.2182848932865263, 0.2473053074724327]], "ideal": "C", "sampled": "C", "correct": true}}
{"type": "result", "data": {"idx": 35, "options": ["LM/T^3", "LM/T^2", "LM/T", "L^2M/T^2"], "probs": [[0.20734831070768667, 0.2857763383765446, 0.33345504598099185, 0.1734203048347769], [0.3091275805445784, 0.3368681468109299, 0.19247743828294506, 0.16152683426154665], [0.35212617584333933, 0.18816630260006986, 0.17195319871444767, 0.28775432274214313], [0.21841787638810978, 0.16609966258236764, 0.3804317897049097, 0.23505067122461287]], "ideal": "C", "sampled": "B", "correct": false}}
{"type": "result", "data": {"idx": 36, "options": ["5.0 \u00d7 10^6 m/s", "7.5 \u00d7 10^6 m/s", "1.5 \u00d7 10^6 m/s", "3.0 \u00d7 10^6 m/s"], "probs": [[0.2737409472191774, 0.3005973398384858, 0.1974647491972869, 0.22819696364504988], [0.28214022934804583, 0.27320892023109566, 0.22889468412635622, 0.21575616619450227], [0.20928373064343606, 0.3091206642414161, 0.24121706904195783, 0.24037853597319006], [0.2559654521711913, 0.27664388142413, 0.2605622514402887, 0.20682841486438994]], "ideal": "C", "sampled": "B", "correct": false}}
{"type": "result", "data": {"idx": 37, "options": ["The force of the elevator cable on the man", "The force of the man on the scale", "The force of the elevator cable on the elevator", "The force of the man on the Earth"], "probs": [[0.3350974793820437, 0.35040153896888915, 0.12272946430339667, 0.19177151724567046], [0.3767578208471369, 0.1855130150938621, 0.2171151560356747, 0.22061400792332633], [0.2757565245207478, 0.3942612942218681, 0.1540146114680897, 0.1759675696892944], [0.3564088376695513, 0.21874731637232644, 0.2790825158762117, 0.14576132998191063]], "ideal": "D", "sampled": "B", "correct": false}}
{"type": "result", "data": {"idx": 38, "options": ["150 J of heat was added to the gas.", "150 J of heat was removed from the gas.", "300 J of heat was added to the gas.", "300 J of heat was removed from the gas."], "probs": [[0.42021678146144054, 0.25156424196720517, 0.17552878483950518, 0.15269019163184905], [0.33655878898116043, 0.20963479576398678, 0.22848756609062323, 0.22531884906422958], [0.3101026600350376, 0.2139640279772911, 0.23316477136454497, 0.24276854052312627], [0.31284378091283765, 0.20908698681367774, 0.3427813146497961, 0.1352879175236885]], "ideal": "A", "sampled": "B", "correct": false}}
{"type": "result", "data": {"idx": 39, "options": ["6.25 \u00d7 10^18", "8.00 \u00d7 10^18", "1.60 \u00d7 10^19", "3.20 \u00d7 10^19"], "probs": [[0.3047158717804415, 0.20243661103608415, 0.27757573124970825, 0.2152717858337661], [0.31454945544880636, 0.32415832051845267, 0.19361858644988866, 0.16767363748285227], [0.32910487542891936, 0.20237489344204632, 0.20910394501240062, 0.2594162860166337], [0.29501733180910605, 0.2598745226600172, 0.23341543970158063, 0.21169270572929613]], "ideal": "A", "sampled": "C", "correct": false}}
{"type": "result", "data": {"idx": 40, "options": ["Lightly touch the guitar string in the middle such that a single node is created. Measure the length of the string; this is the wavelength.", "Measure the length of the guitar string; this is half the wavelength.", "Adjust the length of a pipe placed near the string so that resonances are heard. Measure the difference between the pipe lengths for consecutive resonances; this is half the wavelength.", "Measure the peak-to-peak distance of the wave as it passes; this is the wavelength."], "probs": [[0.34877240134607296, 0.16511162867814788, 0.353282833760177, 0.13283313611560219], [0.28517170037924416, 0.4303089719396287, 0.13602376662182947, 0.1484955609592977], [0.478691235771851, 0.17504940403590286, 0.2180759841559015, 0.12818337593634463], [0.3608181803448154, 0.23923758867690803, 0.1449820738154154, 0.25496215706286124]], "ideal": "C", "sampled": "C", "correct": true}}
{"type": "result", "data": {"idx": 41, "options": ["Images produced by concave lenses are always real.", "Images produced by concave mirros are always real.", "Images produced by convex lenses can be both real and virtual.", "Images produced by convex mirrors can be both real and virtual."], "probs": [[0.1548927036850496, 0.09032271392942427, 0.4822396219128787, 0.27254496037264736], [0.1991790741849856, 0.33330036696586246, 0.3582721192058819, 0.10924843954326999], [0.5106500500820303, 0.22577484454433794, 0.14244035203314762, 0.12113475324048412], [0.4031803071569593, 0.18098676472562825, 0.18417978559350634, 0.23165314242390608]], "ideal": "C", "sampled": "C", "correct": true}}
{"type": "result", "data": {"idx": 42, "options": ["It would fall to the center of the Earth and stop there.", "It would fall through the hole to the other side, continue past the opposite side\u2019s opening, and fly into space.", "It would oscillate back and forth from one opening to the other indefinitely.", "It would fall to the other side and stop there."], "probs": [[0.22130209364034734, 0.2767040041336878, 0.23022620602825297, 0.2717676960977119], [0.26710754630278755, 0.27074047920380667, 0.2615865766740519, 0.20056539771935386], [0.25547527883664156, 0.2528531513430175, 0.1650780861648037, 0.32659348355553725], [0.19794595829492098, 0.15495455725296187, 0.4408353698061756, 0.20626411454594157]], "ideal": "C", "sampled": "B", "correct": false}}
{"type": "result", "data": {"idx": 43, "options": ["It will increase the amplitude.", "It will decrease the amplitude.", "It will have no effect.", "It would depend on where the original block was in its cycle when the second block fell."], "probs": [[0.2290545471991887, 0.21446329992245675, 0.333647052422986, 0.22283510035536855], [0.24506596853270265, 0.2664692659935726, 0.15670990708825633, 0.3317548582854684], [0.262181393412914, 0.24004907188252977, 0.2861134622373134, 0.2116560723672428], [0.3122947374138238, 0.30432425565995197, 0.16966115668234158, 0.21371985014388262]], "ideal": "D", "sampled": "A", "correct": false}}
{"type": "result", "data": {"idx": 44, "options": ["The source travels toward the stationary detector.", "The detector travels toward the stationary source.", "Both the source and detector travel in the same direction.", "Both the source and detector travel in opposite directions, with the source and detector moving away from each other."], "probs": [[0.36333668501493727, 0.1832013142520783, 0.23055505522605024, 0.22290694540693418], [0.3603525757429259, 0.23494146761928997, 0.23407575485749757, 0.17063020168028653], [0.42480570258464945, 0.22572158466418282, 0.1708815075942989, 0.1785912050568688], [0.41089618201915207, 0.2085452228576016, 0.18458433447422498, 0.19597426054902134]], "ideal": "C", "sampled": "D", "correct": false}}
{"type": "result", "data": {"idx": 45, "options": ["1.0/9", "1.0/3", "2.0/3", "4.0/5"], "probs": [[0.23095473300658698, 0.29237648406120254, 0.28826674386559026, 0.18840203896662022], [0.278052253811434, 0.3463728817132712, 0.2186200935252382, 0.15695477085005657], [0.34161502628508933, 0.22419619892078108, 0.18450975691186686, 0.2496790177822627], [0.2655533333022083, 0.2024185121577772, 0.26223040405960396, 0.26979775038041054]], "ideal": "B", "sampled": "C", "correct": false}}
{"type": "result", "data": {"idx": 46, "options": ["have equal magnitudes and form an action-reaction pair", "have equal magnitudes and do not form an action-reaction pair", "have unequal magnitudes and form an action-reaction pair", "have unequal magnitudes and do not form an action-reaction pair"], "probs": [[0.40061512590031545, 0.20068028572283217, 0.2022025586613392, 0.19650202961551316], [0.25683526350233254, 0.32456223624212455, 0.13881596051925874, 0.27978653963628414], [0.3434160845110298, 0.1892641130119807, 0.30525844376436706, 0.16206135861262244], [0.24613975559173218, 0.5473481212251857, 0.0935195649500711, 0.11299255813301093]], "ideal": "B", "sampled": "A", "correct": false}}
{"type": "result", "data": {"idx": 47, "options": ["4d", "2d", "d", "1/2d"], "probs": [[0.27041175555845415, 0.2313817108730303, 0.2847105519977031, 0.21349598147081242], [0.28268046447849804, 0.3464152073401342, 0.167752541633425, 0.2031517864479427], [0.28874665926112103, 0.22837469319763923, 0.19892166849354995, 0.2839569789476898], [0.23910012773865366, 0.21569856794695175, 0.22361345429648716, 0.3215878499179074]], "ideal": "B", "sampled": "C", "correct": false}}
{"type": "result", "data": {"idx": 48, "options": ["The final speed of object 1", "The initial speed of object 1", "The final speed of object 2", "Any 2 of the above values"], "probs": [[0.23610697601502265, 0.18072887840423976, 0.15233021390883006, 0.4308339315719075], [0.2721575159730921, 0.20534701337329933, 0.3427878864841417, 0.17970758406946688], [0.25626952217249943, 0.4065643967747746, 0.13943191286814383, 0.19773416808458216], [0.2456035388940403, 0.31295693850239603, 0.2502829208804104, 0.1911566016231533]], "ideal": "D", "sampled": "D", "correct": true}}
{"type": "result", "data": {"idx": 49, "options": ["Almost immediately, photoelectrons would be produced with a kinetic energy equal to the energy of the incident photons.", "Almost immediately, photoelectrons would be produced with a kinetic energy equal to the energy of the incident photons minus the work function of the metal.", "After several seconds, necessary for the electrons to absorb sufficient energy from the incident light, photoelectrons would be produced with a kinetic energy equal to the energy of the incident photons minus the work function of the metal.", "Nothing would happen."], "probs": [[0.2406200599383592, 0.35411065549505166, 0.32068621870137454, 0.08458306576521456], [0.44674627304280184, 0.2733363109055891, 0.10522461289513584, 0.17469280305647328], [0.3970949531070178, 0.14839936349101934, 0.20013053116792268, 0.2543751521340402], [0.14444166420445842, 0.2505036592233017, 0.3099348544764528, 0.29511982199578707]], "ideal": "D", "sampled": "B", "correct": false}}
{"type": "result", "data": {"idx": 50, "options": ["2 cm \u2264 D \u2264 10 cm", "D = 5 cm", "D = 10 cm", "10 cm \u2264 D \u2264 12 cm"], "probs": [[0.31570459507499576, 0.25705937996562395, 0.19756290627155532, 0.22967311858782494], [0.20837040243449284, 0.25077551600809506, 0.2437355369085717, 0.2971185445488404], [0.22927261763143314, 0.3305328685032324, 0.2311544257859357, 0.20904008797939877], [0.2673968116283766, 0.23189244017505997, 0.22175129086171302, 0.2789594572348504]], "ideal": "A", "sampled": "A", "correct": true}}
{"type": "result", "data": {"idx": 51, "options": ["Collision A: each cart experiences the same force, time of collision, and change in kinetic energy. Collision B: the ball and the rod each experience the same torque, time of collision, and change in rotational kinetic energy.", "Collision A: each cart experiences the same force, time of collision, and change in linear momentum. Collision B: the ball and the rod each experience the same torque, time of collision, and change in angular momentum.", "Collision A: each cart experiences the same force, time of collision, and change in kinetic energy. Collision B: the ball and the rod each experience the same torque, time of collision, and change in angular momentum.", "Collision A: each cart experiences the same force, time of collision, and change in velocity. Collision B: the ball and the rod each experience the same torque, time of collision, and change in angular velocity"], "probs": [[0.35238705132021414, 0.23582040473905572, 0.24840245388653737, 0.16339008995419274], [0.37746472850234897, 0.2176610775518795, 0.1458545690266027, 0.2590196248191688], [0.25808084777637935, 0.14545913472685382, 0.14274420268133975, 0.45371581471542705], [0.3121765646674953, 0.24434793721223, 0.23095353633697582, 0.21252196168329884]], "ideal": "B", "sampled": "B", "correct": true}}
{"type": "result", "data": {"idx": 52, "options": ["0 m/s^2", "2 m/s^2", "4 m/s^2", "8 m/s^2"], "probs": [[0.33014395829714, 0.24705055353555191, 0.2199801057357153, 0.20282538233159275], [0.2657949446976351, 0.2035412581154381, 0.21537112660211397, 0.3152926704848128], [0.25615350554498284, 0.1916980530888989, 0.36217846101678675, 0.1899699802493315], [0.2780717611034794, 0.35970613356807907, 0.19404691455807943, 0.16817519067036205]], "ideal": "D", "sampled": "A", "correct": false}}
{"type": "result", "data": {"idx": 53, "options": ["Gravitational mass", "Weight", "Velocity", "Inertial mass"], "probs": [[0.22524549064767962, 0.18564234672120475, 0.12889704106949249, 0.46021512146162313], [0.13793314375392965, 0.1173256285076701, 0.4862733265447124, 0.25846790109368784], [0.1670070191158842, 0.45282338414502027, 0.21416253487598672, 0.1660070617631088], [0.49794025337053477, 0.2529052850255476, 0.12438958415015954, 0.12476487735375812]], "ideal": "D", "sampled": "D", "correct": true}}
{"type": "result", "data": {"idx": 54, "options": ["(1/2)f", "f", "2f", "4f"], "probs": [[0.27743872170538747, 0.3308171232960474, 0.22389162407389643, 0.1678525308246687], [0.24902312083997896, 0.18843500033468655, 0.1825703802139224, 0.3799714985114121], [0.24540483583432854, 0.1641604428699299, 0.27996977743732, 0.31046494375842154], [0.2818014067398052, 0.3064250395352938, 0.23843367750694716, 0.17333987611795384]], "ideal": "B", "sampled": "A", "correct": false}}
{"type": "result", "data": {"idx": 55, "options": ["-3/5 cm", "-5/3 cm", "-2/5 cm", "-5/2 cm"], "probs": [[0.4284485280085315, 0.21524052319758452, 0.15891832111676807, 0.1973926275771159], [0.4397581415820607, 0.18166805123962462, 0.20800129506897944, 0.1705725120093352], [0.39959862228810367, 0.21545511160938433, 0.19044500303681108, 0.19450126296570094], [0.421345610338587, 0.19729022071580096, 0.19617294650081316, 0.1851912223447989]], "ideal": "D", "sampled": "B", "correct": false}}
{"type": "result", "data": {"idx": 56, "options": ["99m", "36m", "-36m", "-99m"], "probs": [[0.2971278384458746, 0.26720287995046305, 0.19960073827296143, 0.2360685432307009], [0.34748263072576463, 0.25466559796971944, 0.19320154526676633, 0.20465022593774962], [0.31190029713075557, 0.26954779829512077, 0.1949111281113957, 0.22364077636272794], [0.39514607739783353, 0.23988196905973544, 0.17372450293870526, 0.19124745050372574]], "ideal": "C", "sampled": "D", "correct": false}}
{"type": "result", "data": {"idx": 57, "options": ["less than the pressure at Point 1 by 4 \u03c1v^2", "less than the pressure at Point 1 by 40 \u03c1v^2", "more than the pressure at Point 1 by 4 \u03c1v^2", "more than the pressure at Point 1 by 40 \u03c1v^2"], "probs": [[0.36622336503181335, 0.2713762819495622, 0.19458425043067584, 0.16781610248794862], [0.33411876850428374, 0.24967944993505, 0.24112214557849496, 0.1750796358821713], [0.3550401680567493, 0.27356967734893833, 0.20085282921053363, 0.17053732528377874], [0.3157331896148318, 0.2915136770386995, 0.23505358045352998, 0.1576995527929387]], "ideal": "B", "sampled": "A", "correct": false}}
{"type": "result", "data": {"idx": 58, "options": ["proportional to amplitude", "proportional to the square of amplitude", "proportional to the square root of amplitude", "inversely proportional to the square root of amplitude"], "probs": [[0.19205822048650859, 0.4264644681980915, 0.2366831600429363, 0.14479415117246364], [0.22528621552121833, 0.46261188383244667, 0.17468963561695333, 0.13741226492938163], [0.4285876090606479, 0.2667590041674794, 0.13074677986466576, 0.17390660680720696], [0.2728718302236862, 0.18834689818963143, 0.2942411688939887, 0.24454010259269363]], "ideal": "A", "sampled": "C", "correct": false}}
{"type": "result", "data": {"idx": 59, "options": ["1 N", "10 N", "16 N", "20 N"], "probs": [[0.2671748280030867, 0.22819085886919588, 0.27635468794526685, 0.2282796250824506], [0.2994352966079282, 0.26383186170299616, 0.19654138970023113, 0.24019145188884447], [0.36378240039611304, 0.2151229498301951, 0.2158229020644536, 0.20527174760923828], [0.3292941054582884, 0.25006159392295296, 0.17631032535726057, 0.24433397516149807]], "ideal": "C", "sampled": "C", "correct": true}}
{"type": "result", "data": {"idx": 60, "options": ["60 N", "15 N", "30 N", "7.5 N"], "probs": [[0.2820894461899456, 0.26059455065199333, 0.27569395711785266, 0.18162204594020845], [0.2836755002356661, 0.37836698821477294, 0.19016033975846372, 0.1477971716910972], [0.2970972612635635, 0.37238984741436076, 0.17447757459210644, 0.1560353166299693], [0.3191398584779884, 0.2384469437823582, 0.19474423839456761, 0.24766895924508575]], "ideal": "C", "sampled": "C", "correct": true}}
