{"type": "result", "data": {"idx": 0, "options": ["True, True", "False, False", "True, False", "False, True"], "probs": [[0.33750892687965733, 0.21988298652008717, 0.26625306205033256, 0.1763550244499229], [0.2847599940498026, 0.264035161349072, 0.21090817135090303, 0.24029667315022235], [0.2938134459503761, 0.20714843888441814, 0.324968794699859, 0.1740693203653467], [0.32076327555712414, 0.3116409638968963, 0.20141555956604545, 0.16618020087993415]], "ideal": "D", "sampled": "A", "correct": false}}
{"type": "result", "data": {"idx": 1, "options": ["True, True", "False, False", "True, False", "False, True"], "probs": [[0.33876077346873523, 0.231946370934489, 0.2677253266223368, 0.16156752887443895], [0.2793482625010885, 0.25574890538724526, 0.21917471940634523, 0.245728112605321], [0.2989954321379374, 0.21796049634069606, 0.32872441366524174, 0.1543196577561248], [0.33151903745197076, 0.3128507733032181, 0.19760482011249508, 0.15802536903231607]], "ideal": "C", "sampled": "A", "correct": false}}
{"type": "result", "data": {"idx": 2, "options": ["True, True", "False, False", "True, False", "False, True"], "probs": [[0.35309796469560967, 0.21606905112284247, 0.25571718047335074, 0.17511580360819712], [0.2728662233208872, 0.24342550697612622, 0.20714003154262808, 0.27656823806035846], [0.29879641084668634, 0.19941430984806185, 0.3439125367072151, 0.15787674249803668], [0.3368516068375504, 0.32481540214197346, 0.1839482242861687, 0.15438476663430742]], "ideal": "B", "sampled": "A", "correct": false}}
{"type": "result", "data": {"idx": 3, "options": ["12", "24", "48", "72"], "probs": [[0.21279423253783875, 0.2643774190932991, 0.32996973883741126, 0.19285860943145092], [0.23584679033832565, 0.2541725228601231, 0.29842063024789817, 0.21156005645365308], [0.31174160440463944, 0.30595932775474677, 0.21553015180146778, 0.166768915939146], [0.37991846170081006, 0.23309249030840745, 0.20767441699327138, 0.1793146308975111]], "ideal": "D", "sampled": "D", "correct": true}}
{"type": "result", "data": {"idx": 4, "options": ["convolutional networks", "graph networks", "fully connected networks", "RBF networks"], "probs": [[0.9328229518571008, 0.026501264851615844, 0.024412600865073377, 0.016263182326209897], [0.05445004152613938, 0.03671181878244665, 0.04599231767953863, 0.8628458219118753], [0.06489415441961532, 0.018430005688500655, 0.885703083464956, 0.030972756326928082], [0.0675096332582541, 0.8614213080697533, 0.03172304711666657, 0.03934601145532607]], "ideal": "A", "sampled": "A", "correct": true}}
{"type": "result", "data": {"idx": 5, "options": ["True, True", "False, False", "True, False", "False, True"], "probs": [[0.27981663581364535, 0.2510433867633648, 0.2857218469608761, 0.18341813036211374], [0.28955028321083526, 0.2580184417114459, 0.2469085081243521, 0.2055227668533667], [0.2937777085871428, 0.24800113210583963, 0.26696432031948497, 0.1912568388875326], [0.3103850391082013, 0.2438250707196232, 0.24858622999726693, 0.19720366007490855]], "ideal": "B", "sampled": "C", "correct": false}}
{"type": "result", "data": {"idx": 6, "options": ["O(D)", "O(N)", "O(ND)", "O(ND^2)"], "probs": [[0.3137631760784618, 0.2651858667046761, 0.26174056917405214, 0.15931038794280997], [0.29864493454457464, 0.2752282064166841, 0.20000562367831778, 0.22612123526042344], [0.22556655442793375, 0.1393891891606713, 0.3958816288892167, 0.2391626274221783], [0.1650923266137997, 0.45207693209047556, 0.2133044099581505, 0.16952633123757424]], "ideal": "A", "sampled": "A", "correct": true}}
{"type": "result", "data": {"idx": 7, "options": ["True, True", "False, False", "True, False", "False, True"], "probs": [[0.3365260111557179, 0.19660833501277727, 0.2854455496498445, 0.18142010408166034], [0.2718974730666022, 0.23718122352318094, 0.23056132286154293, 0.26035998044867387], [0.2756233554150712, 0.19919325706148883, 0.3630266839353808, 0.16215670348805916], [0.3166001580309243, 0.3410060259808544, 0.1871254974621641, 0.1552683184260572]], "ideal": "B", "sampled": "A", "correct": false}}
{"type": "result", "data": {"idx": 8, "options": ["2", "4", "8", "16"], "probs": [[0.2705723941055569, 0.3013914227184265, 0.25004822013261846, 0.1779879629433981], [0.2826550816415693, 0.19499736441219845, 0.18795218501738167, 0.33439536882885057], [0.27228012272555585, 0.21324610390250126, 0.2880000428865436, 0.2264737303853993], [0.2201177230204589, 0.3660375311885919, 0.23645382060187642, 0.1773909250890728]], "ideal": "C", "sampled": "A", "correct": false}}
{"type": "result", "data": {"idx": 9, "options": ["Lower variance", "Higher variance", "Same variance", "None of the above"], "probs": [[0.4119092576145931, 0.26200108155961954, 0.1959976287885631, 0.13009203193722427], [0.3346948772942801, 0.24275932798756442, 0.18916352936954994, 0.2333822652486055], [0.2159452832696835, 0.18183606183957912, 0.408831078167999, 0.19338757662273837], [0.21181467488994019, 0.5028849914597002, 0.1444031021510665, 0.14089723139929303]], "ideal": "A", "sampled": "A", "correct": true}}
{"type": "result", "data": {"idx": 10, "options": ["True, True", "False, False", "True, False", "False, True"], "probs": [[0.35331669446273045, 0.22127583620719676, 0.2477713674059098, 0.17763610182416295], [0.26701602734959295, 0.2515299655473527, 0.2258957210835779, 0.2555582859194765], [0.29043758778163914, 0.2196508562241146, 0.3135888371627512, 0.17632271873149508], [0.32918825742290697, 0.32475832101435337, 0.17815594373351956, 0.1678974777292201]], "ideal": "A", "sampled": "A", "correct": true}}
{"type": "result", "data": {"idx": 11, "options": ["good fitting", "overfitting", "underfitting", "all of the above"], "probs": [[0.10711058148333284, 0.20983014842386216, 0.4989639780993688, 0.18409529189343618], [0.11576868118135954, 0.7529081988997723, 0.08343048796067037, 0.047892631858197754], [0.5099653297173434, 0.21593290768294435, 0.06917890493303729, 0.2049228575666749], [0.1125332431760139, 0.1161299812100924, 0.4278340104961822, 0.3435027650177115]], "ideal": "C", "sampled": "C", "correct": true}}
{"type": "result", "data": {"idx": 12, "options": ["True, True", "False, False", "True, False", "False, True"], "probs": [[0.377193568400093, 0.20069740715831783, 0.26480420413976835, 0.15730482020182082], [0.23253677783071208, 0.21592095492111116, 0.2394444197176861, 0.3120978474304906], [0.23428214385902094, 0.19935696720999782, 0.4241304568781375, 0.1422304319528437], [0.2981907040121774, 0.4026021538986843, 0.16387059794603417, 0.1353365440431041]], "ideal": "A", "sampled": "A", "correct": true}}
{"type": "result", "data": {"idx": 13, "options": ["True, True", "False, False", "True, False", "False, True"], "probs": [[0.3234039592926745, 0.21966563490318483, 0.2741658132124829, 0.18276459249165775], [0.2782433628757706, 0.23190063235824915, 0.2531276941046311, 0.23672831056134913], [0.28940215272688424, 0.22124528552994077, 0.32051762457685795, 0.16883493706631705], [0.33793772270690775, 0.2859367813163202, 0.2142826084364532, 0.16184288744031886]], "ideal": "B", "sampled": "A", "correct": false}}
{"type": "result", "data": {"idx": 14, "options": ["pure", "not pure", "useful", "useless"], "probs": [[0.47101564614281594, 0.3866610045839425, 0.06325975993417189, 0.0790635892390697], [0.5324519634108377, 0.2221322258131596, 0.11701230180528518, 0.12840350887071747], [0.5205326118584435, 0.22000040275639002, 0.1390202204671079, 0.12044676481805858], [0.2516384868585666, 0.2920744840762315, 0.156936665940287, 0.29935036302491486]], "ideal": "B", "sampled": "B", "correct": true}}
{"type": "result", "data": {"idx": 15, "options": ["True, True", "False, False", "True, False", "False, True"], "probs": [[0.3248804308113549, 0.23422182301985933, 0.2821910465134433, 0.15870669955534245], [0.28898201251066774, 0.27015487162018964, 0.228489808074329, 0.21237330769481363], [0.28799174520436754, 0.24125220957603474, 0.3021928802810708, 0.16856316483852693], [0.32792842384873794, 0.29704123732457444, 0.2018090784347904, 0.17322126029189724]], "ideal": "B", "sampled": "A", "correct": false}}
{"type": "result", "data": {"idx": 16, "options": ["This feature has a strong effect on the model (should be retained)", "This feature does not have a strong effect on the model (should be ignored)", "It is not possible to comment on the importance of this feature without additional information", "Nothing can be determined."], "probs": [[0.15044985261694555, 0.1893365028508958, 0.5905468883356918, 0.06966675609646682], [0.19249919827968126, 0.38885907866422403, 0.11815469270676889, 0.30048703024932577], [0.4813163481582705, 0.09645010484571989, 0.292172795401348, 0.13006075149466162], [0.16726706427254895, 0.24436296486574363, 0.17459727372553038, 0.41377269703617703]], "ideal": "C", "sampled": "C", "correct": true}}
{"type": "result", "data": {"idx": 17, "options": ["The number of hidden nodes", "The learning rate", "The initial choice of weights", "The use of a constant-term unit input"], "probs": [[0.6328446675846534, 0.12474251910564048, 0.15201578579765956, 0.09039702741204651], [0.19722487324329196, 0.3071593389674727, 0.17909965184178553, 0.31651613584744975], [0.13822825814850934, 0.12344348346704109, 0.6120732611650641, 0.12625499711938545], [0.12071810636017173, 0.652988532298386, 0.09574982348616015, 0.13054353775528205]], "ideal": "A", "sampled": "A", "correct": true}}
{"type": "result", "data": {"idx": 18, "options": ["The polynomial degree", "Whether we learn the weights by matrix inversion or gradient descent", "The assumed variance of the Gaussian noise", "The use of a constant-term unit input"], "probs": [[0.7071558183681436, 0.10414895336667584, 0.07614707144223824, 0.11254815672294234], [0.12771612023876117, 0.12708145000017093, 0.2228939168559961, 0.5223085128050717], [0.1582979481493164, 0.15753417419709756, 0.5689866200557568, 0.11518125749782926], [0.20923369098374833, 0.5945914520009896, 0.07808730179975804, 0.11808755511550398]], "ideal": "A", "sampled": "A", "correct": true}}
{"type": "result", "data": {"idx": 19, "options": ["True, True", "False, False", "True, False", "False, True"], "probs": [[0.31587514278114137, 0.19945065675171478, 0.29594093558213075, 0.1887332647850131], [0.26520403426605726, 0.22211691072993842, 0.24441602095257803, 0.2682630339514263], [0.2873462652385679, 0.20417714148037877, 0.3406834259797758, 0.16779316720127754], [0.32529823442863914, 0.2874988743747361, 0.20903285780095723, 0.1781700332956675]], "ideal": "A", "sampled": "A", "correct": true}}
{"type": "result", "data": {"idx": 20, "options": ["Requires the dimension of the feature space to be no bigger than the number of samples", "Has the smallest value of the objective function when K = 1", "Minimizes the within class variance for a given number of clusters", "Converges to the global optimum if and only if the initial means are chosen as some of the samples themselves"], "probs": [[0.21828932218423083, 0.12818959736107183, 0.4423159492263729, 0.2112051311283244], [0.20283915704961245, 0.47219820233028437, 0.19965440627886288, 0.1253082342412403], [0.49919239425424294, 0.2523295618688495, 0.12106904566670305, 0.1274089981102045], [0.43189802117949067, 0.13418513335159965, 0.17551584278503493, 0.2584010025838747]], "ideal": "C", "sampled": "C", "correct": true}}
{"type": "result", "data": {"idx": 21, "options": ["True, True", "False, False", "True, False", "False, True"], "probs": [[0.3261345180780857, 0.23700014185024937, 0.2678665994793561, 0.16899874049230884], [0.28629179932914867, 0.2515104337825071, 0.22619084337503273, 0.2360069234133115], [0.31847834109342676, 0.2353788727975119, 0.2922521785763882, 0.15389060743267313], [0.3432905128745247, 0.29191083148050084, 0.19653712503937165, 0.16826153050560275]], "ideal": "A", "sampled": "A", "correct": true}}
{"type": "result", "data": {"idx": 22, "options": ["0", "1", "2", "3"], "probs": [[0.2471189013078558, 0.32259796508593824, 0.26334266049058314, 0.16694047301562281], [0.27536471444454663, 0.27120287991421443, 0.26296700849137056, 0.19046539704986837], [0.2985365688502275, 0.23447890577355682, 0.3035970031911521, 0.16338752208506352], [0.3331125974322039, 0.25958853957441347, 0.24010200796110484, 0.16719685493227782]], "ideal": "B", "sampled": "B", "correct": true}}
{"type": "result", "data": {"idx": 23, "options": ["True, True", "False, False", "True, False", "False, True"], "probs": [[0.35253642581766015, 0.21491291587496536, 0.25607029745716503, 0.17648036075020943], [0.24734862146288264, 0.23242507872641416, 0.19904646275437207, 0.3211798369563311], [0.26195951903287323, 0.17577028010860302, 0.38948386323306494, 0.17278633752545883], [0.30586706677396935, 0.3490710750149976, 0.17962575911794654, 0.1654360989930865]], "ideal": "C", "sampled": "A", "correct": false}}
{"type": "result", "data": {"idx": 24, "options": ["Decision Trees", "Density-based clustering", "Model-based clustering", "K-means clustering"], "probs": [[0.05843704894765185, 0.7302617971594393, 0.06435643832966524, 0.1469447154632436], [0.6023579553397073, 0.13373181919997792, 0.15321568452159587, 0.11069454083871892], [0.18254064021669314, 0.1633232235745185, 0.08733434974273904, 0.5668017863660493], [0.19859996436040428, 0.06611867248350807, 0.5968526601194529, 0.13842870293663473]], "ideal": "B", "sampled": "B", "correct": true}}
{"type": "result", "data": {"idx": 25, "options": ["True, True", "False, False", "True, False", "False, True"], "probs": [[0.3637828934956265, 0.21022523073911165, 0.23935083265744758, 0.18664104300781428], [0.2370997404382913, 0.2370416110076137, 0.19077071829871056, 0.33508793015538446], [0.27080466937091935, 0.21424786425105247, 0.34982060861336867, 0.16512685766465954], [0.30760257516399864, 0.3597771417801275, 0.1699946173857145, 0.16262566557015934]], "ideal": "A", "sampled": "A", "correct": true}}
{"type": "result", "data": {"idx": 26, "options": ["they are biased", "they have high variance", "they are not consistent estimators", "None of the above"], "probs": [[0.2647122858816445, 0.4616392162713355, 0.13195822231455312, 0.14169027543246684], [0.6591757086566077, 0.14162245707934012, 0.11370068296474206, 0.0855011511993101], [0.2753049134932825, 0.24031339583377964, 0.25369042155589927, 0.2306912690170386], [0.20246867230093346, 0.2724513926099066, 0.381190646217176, 0.14388928877198395]], "ideal": "B", "sampled": "B", "correct": true}}
{"type": "result", "data": {"idx": 27, "options": ["linear in D", "linear in N", "polynomial in D", "dependent on the number of iterations"], "probs": [[0.29438683387673503, 0.2153800129675062, 0.18866410849591936, 0.3015690445598394], [0.2445277611132818, 0.14961864873975486, 0.25909878642804707, 0.34675480361891625], [0.3374715199352322, 0.3194792913993493, 0.1517601929715536, 0.19128899559386486], [0.42861078037006145, 0.19733377073225886, 0.12846961274676816, 0.2455858360509115]], "ideal": "C", "sampled": "D", "correct": false}}
{"type": "result", "data": {"idx": 28, "options": ["Increase bias", "Decrease bias", "Increase variance", "Decrease variance"], "probs": [[0.2784730605036382, 0.3800382954966616, 0.11057369413489593, 0.23091494976480428], [0.2550374269230436, 0.15758915243957097, 0.3933110832774719, 0.19406233725991354], [0.21782096377283566, 0.4573367373884371, 0.0799938017048057, 0.24484849703392153], [0.5578133976227518, 0.13040159447078847, 0.17004069430855187, 0.14174431349790775]], "ideal": "D", "sampled": "D", "correct": true}}
{"type": "result", "data": {"idx": 29, "options": ["Best-subset selection", "Forward stepwise selection", "Forward stage wise selection", "All of the above"], "probs": [[0.3187249207557921, 0.21008654800678844, 0.16908564658007014, 0.3021028845573493], [0.3826175629710003, 0.15552619098061743, 0.27937051651068295, 0.1824857294376993], [0.4281747553956216, 0.21756208975862604, 0.15802416281095952, 0.19623899193479286], [0.36285280637014106, 0.21000310463588817, 0.22241922879350395, 0.20472486010046684]], "ideal": "C", "sampled": "D", "correct": false}}
{"type": "result", "data": {"idx": 30, "options": ["Optimize a convex objective function", "Can only be trained with stochastic gradient descent", "Can use a mix of different activation functions", "None of the above"], "probs": [[0.31180467309100246, 0.12264946179240184, 0.2886190011627766, 0.2769268638538191], [0.2671916822403459, 0.3265829730688231, 0.19069423063717042, 0.21553111395366056], [0.5167172108585655, 0.13399076859775694, 0.20223573450914453, 0.1470562859345331], [0.37756819821538906, 0.19547680634644268, 0.1282739581811025, 0.2986810371570658]], "ideal": "C", "sampled": "C", "correct": true}}
{"type": "result", "data": {"idx": 31, "options": ["0.0368", "0.473", "0.078", "None of the above"], "probs": [[0.3816514185427582, 0.2268755537138004, 0.18400823400601513, 0.20746479363742631], [0.34040827570158405, 0.20893438781003118, 0.203067845177247, 0.24758949121113774], [0.34775435921052483, 0.22707350549811325, 0.26462993023133424, 0.16054220496002763], [0.22826275016597514, 0.45644881896216766, 0.1716616770705523, 0.14362675370130493]], "ideal": "C", "sampled": "A", "correct": false}}
{"type": "result", "data": {"idx": 32, "options": ["True, True", "False, False", "True, False", "False, True"], "probs": [[0.34013040390772575, 0.20975046795373845, 0.27680386347404107, 0.1733152645644947], [0.25462799882386955, 0.24176992113303525, 0.22756713287391797, 0.27603494706917725], [0.2897366414556732, 0.20265973518221347, 0.3387364300181876, 0.16886719324392574], [0.32324953900771786, 0.30691002881706214, 0.19994858799518633, 0.16989184408003372]], "ideal": "B", "sampled": "A", "correct": false}}
{"type": "result", "data": {"idx": 33, "options": ["It can not be applied to non-differentiable functions.", "It can not be applied to non-continuous functions.", "It is hard to implement.", "It runs reasonably slow for multiple linear regression."], "probs": [[0.33521352713392677, 0.18987306309260388, 0.21819145460590877, 0.25672195506756057], [0.36677253242639646, 0.22997410593117282, 0.22780613598929672, 0.175447225553134], [0.27974276898260625, 0.3840539638595988, 0.17739101713936797, 0.15881224991842702], [0.42932876300498934, 0.2530263624381364, 0.16384394221092044, 0.1538009322459538]], "ideal": "D", "sampled": "D", "correct": true}}
{"type": "result", "data": {"idx": 34, "options": ["Supervised learning", "Unsupervised learning", "Clustering", "None of the above"], "probs": [[0.7275748956356987, 0.13895205220257154, 0.04879843860983171, 0.08467461345189807], [0.08875232834875803, 0.03412238842515971, 0.0797010353161299, 0.7974242478099524], [0.15942313552887324, 0.1114765132192128, 0.6490633792944859, 0.08003697185742803], [0.33148467784401453, 0.544482711979559, 0.07154677860875795, 0.05248583146766855]], "ideal": "A", "sampled": "A", "correct": true}}
{"type": "result", "data": {"idx": 35, "options": ["It relates inputs to outputs.", "It is used for prediction.", "It may be used for interpretation.", "It discovers causal relationships"], "probs": [[0.22482864071394687, 0.17580279001934196, 0.2996026113152092, 0.29976595785150195], [0.2547767048174159, 0.2206880649396001, 0.34283955349297196, 0.181695676650012], [0.30165355945113415, 0.3357773372824386, 0.18975884927761108, 0.17281025388881618], [0.37269306382586925, 0.18095870456087715, 0.21013614457710203, 0.2362120869361516]], "ideal": "D", "sampled": "D", "correct": true}}
{"type": "result", "data": {"idx": 36, "options": ["To save computing time during testing", "To save space for storing the Decision Tree", "To make the training set error smaller", "To avoid overfitting the training set"], "probs": [[0.21433045606646783, 0.16947845127909708, 0.10745077154309232, 0.5087403210113427], [0.0677661746672575, 0.06417094170405502, 0.7867484687972102, 0.08131441473147732], [0.06362268836075537, 0.8417719288158587, 0.052157318133960406, 0.04244806458942554], [0.8016352443659103, 0.10980379294017675, 0.05061378942558475, 0.03794717316832822]], "ideal": "D", "sampled": "D", "correct": true}}
{"type": "result", "data": {"idx": 37, "options": ["True, True", "False, False", "True, False", "False, True"], "probs": [[0.3494230716727279, 0.22234137189199596, 0.25683195927149455, 0.17140359706378158], [0.2565357310355746, 0.22530814331578755, 0.2331247856048637, 0.28503133994377416], [0.2758530758299669, 0.20546636595657275, 0.34044886646588174, 0.17823169164757863], [0.327698513580805, 0.29908104084783826, 0.21248672360232765, 0.1607337218690291]], "ideal": "B", "sampled": "A", "correct": false}}
{"type": "result", "data": {"idx": 38, "options": ["Increase the amount of training data.", "Improve the optimisation algorithm being used for error minimisation.", "Decrease the model complexity.", "Reduce the noise in the training data."], "probs": [[0.2736433148110451, 0.19637240467491995, 0.330025434461016, 0.19995884595301894], [0.3095865799238655, 0.23636018875321188, 0.20573620189552197, 0.24831702932740068], [0.26478623552099734, 0.22896217615215642, 0.248224310605013, 0.25802727762183325], [0.3006375819334033, 0.18005553422723317, 0.20449057828797168, 0.31481630545139183]], "ideal": "B", "sampled": "C", "correct": false}}
{"type": "result", "data": {"idx": 39, "options": ["True, True", "False, False", "True, False", "False, True"], "probs": [[0.3852026645393613, 0.17799157862100543, 0.27885367632540004, 0.15795208041423323], [0.20565637373311796, 0.19696394487574745, 0.20808286402899281, 0.38929681726214177], [0.23198646650358484, 0.16246657313967167, 0.4614817270395871, 0.14406523321715634], [0.3071954617196491, 0.40548974230632323, 0.15243170018223742, 0.13488309569179022]], "ideal": "A", "sampled": "A", "correct": true}}
{"type": "result", "data": {"idx": 40, "options": ["For two dimensional data points, the separating hyperplane learnt by a linear SVM will be a straight line.", "In theory, a Gaussian kernel SVM cannot model any complex separating hyperplane.", "For every kernel function used in a SVM, one can obtain an equivalent closed form basis expansion.", "Overfitting in an SVM is not a function of number of support vectors."], "probs": [[0.625505657781442, 0.1492775611753096, 0.13014056695558043, 0.09507621398766804], [0.6032281787043264, 0.17109287548259558, 0.13891901695467204, 0.0867599287584059], [0.5984719305859774, 0.20802637622621034, 0.11983190297132609, 0.07366979011648625], [0.6291395331418274, 0.1688371722404626, 0.11635999206988706, 0.085663302447823]], "ideal": "A", "sampled": "D", "correct": false}}
{"type": "result", "data": {"idx": 41, "options": ["P(H, U, P, W) = P(H) * P(W) * P(P) * P(U)", "P(H, U, P, W) = P(H) * P(W) * P(P | W) * P(W | H, P)", "P(H, U, P, W) = P(H) * P(W) * P(P | W) * P(U | H, P)", "None of the above"], "probs": [[0.2347427194292454, 0.2786918323758477, 0.22052038042307634, 0.2660450676718305], [0.3417481583536101, 0.19759239843277301, 0.30180324020357596, 0.1588562029100409], [0.360901092864262, 0.24787225196076645, 0.17574805281413536, 0.2154786022608362], [0.2255734801066846, 0.2517015635715553, 0.28980559107743425, 0.23291936514432585]], "ideal": "C", "sampled": "B", "correct": false}}
{"type": "result", "data": {"idx": 42, "options": ["True, True", "False, False", "True, False", "False, True"], "probs": [[0.2786907040403954, 0.2654934604347531, 0.2652032454107216, 0.1906125900141299], [0.26049909381197267, 0.25264218823532364, 0.24050368724599025, 0.24635503060671343], [0.26293754575007344, 0.21118441221986362, 0.31998941299099604, 0.2058886289390669], [0.287732660741643, 0.2701814472405142, 0.2512772977100865, 0.1908085942077563]], "ideal": "B", "sampled": "A", "correct": false}}
{"type": "result", "data": {"idx": 43, "options": ["True, True", "False, False", "True, False", "False, True"], "probs": [[0.3319177727416373, 0.2550891187478848, 0.24076864175959917, 0.1722244666508787], [0.31677993184796366, 0.2437260972099332, 0.21777596418539585, 0.22171800665670727], [0.32402958979898516, 0.22006620136584282, 0.30020302083764, 0.15570118789753198], [0.3468195004956653, 0.2817409420250528, 0.2151671562923543, 0.15627240108692758]], "ideal": "B", "sampled": "A", "correct": false}}
{"type": "result", "data": {"idx": 44, "options": ["Stochastic Gradient Descent", "Mini-Batch Gradient Descent", "Batch Gradient Descent", "All of the above"], "probs": [[0.28232532316118514, 0.18692169803118544, 0.1612398004185876, 0.36951317828904184], [0.3143647359647612, 0.18100364774151076, 0.2812015753882298, 0.22343004080549816], [0.2872084846563209, 0.3789111802089755, 0.16789398335205513, 0.1659863516826485], [0.401383918524894, 0.30319548553759246, 0.15248249924096027, 0.1429380965965532]], "ideal": "D", "sampled": "D", "correct": true}}
{"type": "result", "data": {"idx": 45, "options": ["Decreases model bias", "Decreases estimation bias", "Decreases variance", "Doesn\u2019t affect bias and variance"], "probs": [[0.2500040121124717, 0.22151786586582395, 0.2685615598039781, 0.25991656211772624], [0.28208239144614566, 0.3761361111087222, 0.19079365687222147, 0.1509878404729107], [0.39840386501154434, 0.2880156423762209, 0.12703946610132433, 0.18654102641091044], [0.3176602172185247, 0.28604850596381526, 0.15224194752008124, 0.24404932919757874]], "ideal": "A", "sampled": "C", "correct": false}}
{"type": "result", "data": {"idx": 46, "options": ["3", "4", "7", "15"], "probs": [[0.26536857683733944, 0.21593171034185882, 0.306445176772748, 0.2122545359480537], [0.276956609550538, 0.21664903410148656, 0.23527941894325954, 0.27111493730471586], [0.2831936309535056, 0.2099308097193828, 0.29766739617784027, 0.20920816304927134], [0.2616211888657191, 0.3130258461382517, 0.22587717586928147, 0.19947578902674776]], "ideal": "D", "sampled": "A", "correct": false}}
{"type": "result", "data": {"idx": 47, "options": ["anomaly detection", "one-class detection", "train-test mismatch robustness", "background detection"], "probs": [[0.42544422183318603, 0.3047853753378987, 0.13871838357727914, 0.1310520191516361], [0.2186492085238199, 0.1431903093910078, 0.1381628066163183, 0.499997675368854], [0.16964284089427037, 0.10891254569730448, 0.4746157369918582, 0.24682887631656694], [0.11969322799210796, 0.6034582897674948, 0.16055442510842904, 0.11629405703196811]], "ideal": "A", "sampled": "A", "correct": true}}
{"type": "result", "data": {"idx": 48, "options": ["True, True", "False, False", "True, False", "False, True"], "probs": [[0.3529694079999814, 0.18891271946925264, 0.2762708365640935, 0.18184703586667247], [0.20562638033917074, 0.2045560746501561, 0.21490749394372533, 0.37491005096694785], [0.24954211709388124, 0.18280500171740677, 0.4112326800411979, 0.1564202010475141], [0.3027788788605607, 0.3862829919155491, 0.1599932807521949, 0.15094484837169533]], "ideal": "D", "sampled": "A", "correct": false}}
{"type": "result", "data": {"idx": 49, "options": ["True, True", "False, False", "True, False", "False, True"], "probs": [[0.32996286925132773, 0.2437985982531054, 0.2641913153975055, 0.16204721699806135], [0.279663107377246, 0.2615904729822807, 0.2421915011702728, 0.21655491837020052], [0.2872606303184254, 0.23507460159915156, 0.3073892684685541, 0.17027549951386897], [0.3180777572408123, 0.29737941757056974, 0.22099363299455993, 0.16354919209405805]], "ideal": "D", "sampled": "A", "correct": false}}
{"type": "result", "data": {"idx": 50, "options": ["O(1)", "O( N )", "O(log N )", "O( N^2 )"], "probs": [[0.2445123827885313, 0.4947818590918397, 0.1325897892072796, 0.1281159688123494], [0.50242111816056, 0.1755705397145472, 0.19076741377141387, 0.13124092825347888], [0.22102114556009697, 0.38803911205226055, 0.16380766032488206, 0.2271320819627604], [0.3239263094317732, 0.10866728747793021, 0.38362793273749024, 0.1837784702528063]], "ideal": "B", "sampled": "B", "correct": true}}
{"type": "result", "data": {"idx": 51, "options": ["True, True", "False, False", "True, False", "False, True"], "probs": [[0.3546521821852999, 0.203975641884775, 0.27995796260230427, 0.16141421322762084], [0.28656948463940374, 0.24198951545886796, 0.21743868937221425, 0.25400231042951404], [0.29094681140851214, 0.18390378354140882, 0.3677912354101508, 0.15735816953992823], [0.3230659913236789, 0.3165356469354051, 0.201462653237363, 0.15893570840355295]], "ideal": "A", "sampled": "A", "correct": true}}
{"type": "result", "data": {"idx": 52, "options": ["True, True", "False, False", "True, False", "False, True"], "probs": [[0.3361344287039311, 0.2214289721412218, 0.26769780711093105, 0.17473879194391603], [0.27812524383899273, 0.23002155584680564, 0.24714830900574458, 0.24470489120845704], [0.29150127058535746, 0.22286905839886034, 0.32296268685079477, 0.16266698406498742], [0.3394220178463203, 0.29417815451465146, 0.20070682768365808, 0.16569299985537012]], "ideal": "D", "sampled": "A", "correct": false}}
{"type": "result", "data": {"idx": 53, "options": ["Is unbounded, encompassing all real numbers.", "Is unbounded, encompassing all integers.", "Is bounded between 0 and 1.", "Is bounded between -1 and 1."], "probs": [[0.06844152197863408, 0.04114691055712458, 0.8654292773048078, 0.02498229005943357], [0.08293739458275776, 0.8198567979750698, 0.050906727430893715, 0.04629907991127867], [0.8697554614042947, 0.05980339373465604, 0.04373951329161855, 0.026701631469430682], [0.49985653157859133, 0.07793853711668872, 0.052354407164916794, 0.3698505240398031]], "ideal": "C", "sampled": "C", "correct": true}}
{"type": "result", "data": {"idx": 54, "options": ["Linear hard-margin SVM.", "Linear Logistic Regression.", "Linear Soft margin SVM.", "The centroid method."], "probs": [[0.5665595873671639, 0.16230022180095546, 0.12736574734818967, 0.14377444338369094], [0.4580989870820759, 0.1862519299983128, 0.1211096590140204, 0.2345394238055909], [0.43007696728233846, 0.14065694178767862, 0.19416143620331133, 0.2351046546266716], [0.33719936512315957, 0.20952731681050663, 0.1910063801664793, 0.2622669377998545]], "ideal": "A", "sampled": "A", "correct": true}}
{"type": "result", "data": {"idx": 55, "options": ["Partitioning based clustering", "K-means clustering", "Grid based clustering", "All of the above"], "probs": [[0.18870260522499907, 0.08884258153304818, 0.10759914321118254, 0.6148556699307702], [0.3588833132276923, 0.14465370449496343, 0.4238100552773591, 0.07265292689998513], [0.34399059572433294, 0.45201899872514695, 0.09468274531676614, 0.10930766013375398], [0.6640645116485174, 0.15772471967867685, 0.08423728306708884, 0.0939734855057169]], "ideal": "D", "sampled": "D", "correct": true}}
{"type": "result", "data": {"idx": 56, "options": ["True, True", "False, False", "True, False", "False, True"], "probs": [[0.3566014415175534, 0.20992932898792416, 0.24622313308901328, 0.18724609630550915], [0.23806912130407962, 0.24473470843067002, 0.19341150549750807, 0.3237846646677423], [0.26656235056125865, 0.17821583681159744, 0.3793204241409193, 0.17590138838622454], [0.31120351615390135, 0.36531883732906284, 0.16043882365121237, 0.16303882276582346]], "ideal": "D", "sampled": "A", "correct": false}}
{"type": "result", "data": {"idx": 57, "options": ["True, True", "False, False", "True, False", "False, True"], "probs": [[0.3658619686235584, 0.19927034670820473, 0.27589846887951913, 0.1589692156887177], [0.2407718902125455, 0.22876390939070512, 0.2404712891057293, 0.2899929111910201], [0.2635842522181103, 0.20413583210847133, 0.37805720596619985, 0.15422270960721848], [0.3192077028314104, 0.3629951232755051, 0.17030576123539892, 0.14749141255768558]], "ideal": "D", "sampled": "A", "correct": false}}
{"type": "result", "data": {"idx": 58, "options": ["P(E, F), P(H), P(E|H), P(F|H)", "P(E, F), P(H), P(E, F|H)", "P(H), P(E|H), P(F|H)", "P(E, F), P(E|H), P(F|H)"], "probs": [[0.3785813635631897, 0.1840992514873449, 0.22411737665923268, 0.21320200819023266], [0.26302026915839855, 0.14295185674931038, 0.21771899704785524, 0.3763088769444358], [0.272886566108399, 0.20102422828380007, 0.373583722864471, 0.15250548264332991], [0.35871547230034867, 0.32386538467756315, 0.15396177880758208, 0.16345736411450612]], "ideal": "B", "sampled": "A", "correct": false}}
{"type": "result", "data": {"idx": 59, "options": ["The use of sampling with replacement as the sampling technique", "The use of weak classifiers", "The use of classification algorithms which are not prone to overfitting", "The practice of validation performed on every classifier trained"], "probs": [[0.4204255342063095, 0.3105252086805716, 0.13263143597707042, 0.13641782103604846], [0.6098444324901813, 0.14784349169198574, 0.1156178612380819, 0.1266942144797511], [0.21095455552153583, 0.15309744615521562, 0.1499469980463345, 0.48600100017691406], [0.3006389483604043, 0.2082981498077554, 0.38035300936997685, 0.11070989236186342]], "ideal": "B", "sampled": "B", "correct": true}}
{"type": "result", "data": {"idx": 60, "options": ["True, True", "False, False", "True, False", "False, True"], "probs": [[0.3247245147335361, 0.22033311247607795, 0.2726150615309292, 0.18232731115945677], [0.2607147175025911, 0.24983341243848534, 0.21714509178449135, 0.27230677817443216], [0.2705007630017645, 0.18358959651603646, 0.3580369735576117, 0.18787266682458728], [0.30365430853229614, 0.2931189493077094, 0.21449859118553896, 0.18872815087445552]], "ideal": "B", "sampled": "A", "correct": false}}
{"type": "result", "data": {"idx": 61, "options": ["True, True", "False, False", "True, False", "False, True"], "probs": [[0.33544248839007873, 0.22419299517107696, 0.28866795132653017, 0.15169656501231413], [0.27776209344953534, 0.2407283705449289, 0.2566284017493516, 0.22488113415618413], [0.2716329218905548, 0.20594112003507187, 0.37740139856445043, 0.14502455940992287], [0.3080374322788149, 0.3346164523073392, 0.22122407959656287, 0.13612203571728299]], "ideal": "A", "sampled": "A", "correct": true}}
{"type": "result", "data": {"idx": 62, "options": ["0", "1", "2", "3"], "probs": [[0.201970899172981, 0.31998167869147176, 0.3365971000124877, 0.14145032202305957], [0.25970128175999485, 0.3332622646952199, 0.24257460234123632, 0.16446185110354894], [0.33807834727603225, 0.2734787443492613, 0.2765000441654685, 0.11194286410923797], [0.32404477932588804, 0.27056531885993945, 0.2430893222853644, 0.1623005794288081]], "ideal": "C", "sampled": "C", "correct": true}}
{"type": "result", "data": {"idx": 63, "options": ["The examples farthest from the decision boundary.", "The only examples necessary to compute f(x) in an SVM.", "The data centroid.", "All the examples that have a non-zero weight \u03b1k in a SVM."], "probs": [[0.5401171960869154, 0.13174275856276052, 0.09636483941955071, 0.23177520583077338], [0.10802421556786963, 0.05306000182902691, 0.37646597059082404, 0.4624498119122794], [0.06673644407838294, 0.7511857067282438, 0.16138341840921955, 0.02069443068415372], [0.39383400262116663, 0.490217002606339, 0.08346803019098553, 0.03248096448150884]], "ideal": "B", "sampled": "D", "correct": false}}
{"type": "result", "data": {"idx": 64, "options": ["True, True", "False, False", "True, False", "False, True"], "probs": [[0.352355732628229, 0.2365843249657651, 0.26286618723925015, 0.14819375506675575], [0.2872328290309146, 0.25007821244830475, 0.2430823553743328, 0.21960660304644786], [0.30591125660659124, 0.23304397907209404, 0.31505755995300955, 0.14598720426830514], [0.3431821414010942, 0.30806481376093325, 0.2055694430031032, 0.14318360173486933]], "ideal": "A", "sampled": "A", "correct": true}}
{"type": "result", "data": {"idx": 65, "options": ["Regularization is too low and model is overfitting", "Regularization is too high and model is underfitting", "Step size is too large", "Step size is too small"], "probs": [[0.4434164497756732, 0.25143630791555954, 0.16500825194805324, 0.14013899026071402], [0.30668458796480985, 0.34668851411881935, 0.1444355866829499, 0.2021913111334209], [0.3687652372374992, 0.2408858954005534, 0.20966385230829876, 0.18068501495364858], [0.21005086442179888, 0.5155605634862163, 0.1568221736034229, 0.11756639838856199]], "ideal": "C", "sampled": "A", "correct": false}}
{"type": "result", "data": {"idx": 66, "options": ["0.0495", "0.078", "0.635", "0.97"], "probs": [[0.2894917087043158, 0.18726341145455666, 0.315359647311628, 0.20788523242949952], [0.23348068492817534, 0.42186673214190357, 0.1870905999029168, 0.1575619829270043], [0.39971469637584933, 0.23537432443606526, 0.21843708398431427, 0.1464738951037711], [0.20313034949655556, 0.47957491869899077, 0.15043823419497052, 0.16685649750948317]], "ideal": "C", "sampled": "C", "correct": true}}
{"type": "result", "data": {"idx": 67, "options": ["True, True", "False, False", "True, False", "False, True"], "probs": [[0.3706704377757381, 0.21201518175865994, 0.2622007429337561, 0.1551136374318458], [0.2704235451890683, 0.23450800866476013, 0.23096597305813613, 0.26410247298803546], [0.29915197037828467, 0.221766228434599, 0.33372814951754864, 0.14535365156956767], [0.3421857007670094, 0.3550700790069563, 0.17143687348682632, 0.13130734663920796]], "ideal": "A", "sampled": "A", "correct": true}}
{"type": "result", "data": {"idx": 68, "options": ["True, True", "False, False", "True, False", "False, True"], "probs": [[0.32597958486840595, 0.24401437071612925, 0.2651400465357439, 0.1648659977797209], [0.29791743448131647, 0.24719177920706098, 0.23674479830117268, 0.21814598791044984], [0.3120110742727195, 0.21282084505689744, 0.3016898749949916, 0.17347820557539143], [0.3467567316357745, 0.26181000858624326, 0.2317810092900031, 0.15965225038797917]], "ideal": "A", "sampled": "A", "correct": true}}
{"type": "result", "data": {"idx": 69, "options": ["Expectation Maximization", "CART", "Gaussian Na\u00efve Bayes", "Apriori"], "probs": [[0.6412411165428419, 0.12903999656161683, 0.10956565279230707, 0.12015323400323419], [0.19723162199992259, 0.11766070959032696, 0.2322537171031271, 0.45285395120662336], [0.22996602145416686, 0.20599397138663442, 0.3563924239634445, 0.20764758309575418], [0.18056129869320506, 0.5356253225379413, 0.12979118137876128, 0.1540221972900924]], "ideal": "A", "sampled": "A", "correct": true}}
{"type": "result", "data": {"idx": 70, "options": ["Your decision trees are too shallow.", "You need to increase the learning rate.", "You are overfitting.", "None of the above."], "probs": [[0.0419737306876564, 0.03925669032008431, 0.8874300949813693, 0.031339483910889976], [0.05463476350214545, 0.8404618876538488, 0.06455679525788356, 0.04034655348612218], [0.6343993780276338, 0.22894003347774883, 0.08232691444851159, 0.054333673946105804], [0.06071524129842266, 0.047386442787272935, 0.06430639517577347, 0.8275919206385309]], "ideal": "A", "sampled": "C", "correct": false}}
{"type": "result", "data": {"idx": 71, "options": ["linear in K", "quadratic in K", "cubic in K", "exponential in K"], "probs": [[0.4397263061478981, 0.27221012924005816, 0.13500696821671604, 0.15305659629532764], [0.27676198801894103, 0.14456834310573494, 0.17571842849595296, 0.4029512402793711], [0.25748394471716635, 0.21484668341196958, 0.35804169520384077, 0.16962767656702332], [0.29035067988041297, 0.4096079529353845, 0.17201720432732726, 0.12802416275687525]], "ideal": "A", "sampled": "A", "correct": true}}
{"type": "result", "data": {"idx": 72, "options": ["True, True", "False, False", "True, False", "False, True"], "probs": [[0.3204500579379407, 0.23091460073919828, 0.25825127187020125, 0.1903840693526598], [0.2552045805436103, 0.2328948606945179, 0.2406869458706809, 0.2712136127911909], [0.27188016746245236, 0.22930673227520215, 0.3320558518410333, 0.16675724832131217], [0.3166811011421396, 0.3375124485831311, 0.184982501770647, 0.16082394840408226]], "ideal": "B", "sampled": "A", "correct": false}}
