{"type": "result", "data": {"idx": 0, "options": ["Wrong, Wrong", "Wrong, Not wrong", "Not wrong, Wrong", "Not wrong, Not wrong"], "probs": [[0.23497361642674136, 0.2516558841112693, 0.23272699808913755, 0.28064350127285176], [0.39491456743105907, 0.21107636390005782, 0.18628676233812944, 0.20772230623075363], [0.2967780232132726, 0.18240976331794068, 0.2533065378412617, 0.26750567552752497], [0.2553575672752245, 0.2909891946470201, 0.2162107112222872, 0.2374425267554682]], "ideal": "D", "sampled": "B", "correct": false}}
{"type": "result", "data": {"idx": 1, "options": ["Wrong, Wrong", "Wrong, Not wrong", "Not wrong, Wrong", "Not wrong, Not wrong"], "probs": [[0.21958821028115955, 0.24644005684593318, 0.2503209299945434, 0.28365080277836385], [0.3818875493936188, 0.22232485974107896, 0.17862944036978182, 0.21715815039552042], [0.24482799303550978, 0.16134626152529935, 0.2992324619957329, 0.29459328334345797], [0.21305883563589836, 0.29742030192680136, 0.25239674006551016, 0.23712412227179008]], "ideal": "A", "sampled": "B", "correct": false}}
{"type": "result", "data": {"idx": 2, "options": ["Wrong, Wrong", "Wrong, Not wrong", "Not wrong, Wrong", "Not wrong, Not wrong"], "probs": [[0.22324236559893362, 0.24073114271346024, 0.250121794612376, 0.28590469697523013], [0.39548546038230126, 0.21285492275426043, 0.18051874490651912, 0.21114087185691918], [0.30333142113641076, 0.180478520055909, 0.24084933513158086, 0.2753407235760994], [0.2579587293872612, 0.26948859312585677, 0.2232102172755174, 0.2493424601113646]], "ideal": "D", "sampled": "B", "correct": false}}
{"type": "result", "data": {"idx": 3, "options": ["Wrong, Wrong", "Wrong, Not wrong", "Not wrong, Wrong", "Not wrong, Not wrong"], "probs": [[0.2632093468523469, 0.22983695906839594, 0.2604393699570237, 0.2465143240222334], [0.4102950745234826, 0.20730209603012256, 0.14574623727853542, 0.2366565920678594], [0.27590489795883494, 0.14829568784386654, 0.30928415517819796, 0.26651525891910055], [0.21243400869629353, 0.3205744027770856, 0.2325722425943499, 0.23441934583227095]], "ideal": "B", "sampled": "B", "correct": true}}
{"type": "result", "data": {"idx": 4, "options": ["Wrong, Wrong", "Wrong, Not wrong", "Not wrong, Wrong", "Not wrong, Not wrong"], "probs": [[0.21588315389207582, 0.2514745928315368, 0.23628032557211331, 0.2963619276042741], [0.38286353422463004, 0.2174935094425067, 0.20922951952974983, 0.19041343670311342], [0.30495307300845637, 0.20059250592062403, 0.21358925420278133, 0.2808651667681383], [0.24280706407394428, 0.2655329445563403, 0.2515667118114006, 0.2400932794583148]], "ideal": "D", "sampled": "B", "correct": false}}
{"type": "result", "data": {"idx": 5, "options": ["Wrong, Wrong", "Wrong, Not wrong", "Not wrong, Wrong", "Not wrong, Not wrong"], "probs": [[0.2377008128613709, 0.21732001846882035, 0.25225254139009234, 0.29272662717971637], [0.37861731080475197, 0.20350506596459797, 0.1741427008016206, 0.24373492232902944], [0.2470634130626267, 0.16248647345387138, 0.27672122575384167, 0.3137288876296602], [0.22963986946372753, 0.2714565355587266, 0.24357977144100654, 0.25532382343653925]], "ideal": "C", "sampled": "B", "correct": false}}
{"type": "result", "data": {"idx": 6, "options": ["Wrong, Wrong", "Wrong, Not wrong", "Not wrong, Wrong", "Not wrong, Not wrong"], "probs": [[0.2632226449567127, 0.2542430270772974, 0.22439178640447854, 0.2581425414615114], [0.4321135708887469, 0.2051026435021887, 0.15124717804013718, 0.21153660746892716], [0.2873207671253769, 0.15925492582002557, 0.2648734489544617, 0.2885508580001358], [0.2595556416781812, 0.3244653988225452, 0.19825786645602256, 0.217721092943251]], "ideal": "D", "sampled": "B", "correct": false}}
{"type": "result", "data": {"idx": 7, "options": ["Wrong, Wrong", "Wrong, Not wrong", "Not wrong, Wrong", "Not wrong, Not wrong"], "probs": [[0.23154648101041728, 0.23067777315405946, 0.24372372429360784, 0.29405202144191545], [0.39481419320926736, 0.21566246447790732, 0.16531838475004684, 0.22420495746277846], [0.2727613868780984, 0.16854207969449717, 0.28696791617539436, 0.2717286171520101], [0.2553887626960479, 0.30921402109728574, 0.19645511809328933, 0.238942098013377]], "ideal": "D", "sampled": "B", "correct": false}}
{"type": "result", "data": {"idx": 8, "options": ["Wrong, Wrong", "Wrong, Not wrong", "Not wrong, Wrong", "Not wrong, Not wrong"], "probs": [[0.2714191215113111, 0.21766887795722092, 0.2565086926854227, 0.25440330774604525], [0.39072045749091555, 0.18562813208421483, 0.1514643466720254, 0.27218706365284423], [0.24533734144258765, 0.12395766573346367, 0.38220094624204143, 0.24850404648190724], [0.1999800264629425, 0.4255865938710738, 0.17044155805914554, 0.20399182150683814]], "ideal": "A", "sampled": "A", "correct": true}}
{"type": "result", "data": {"idx": 9, "options": ["Wrong, Wrong", "Wrong, Not wrong", "Not wrong, Wrong", "Not wrong, Not wrong"], "probs": [[0.2485499790904216, 0.24392735555984227, 0.2438018728758319, 0.2637207923739042], [0.40646786051095724, 0.20702652887261738, 0.16623610755711762, 0.2202695029593078], [0.25803279874128654, 0.15352213381185725, 0.3251082598837947, 0.2633368074630615], [0.2268464233224278, 0.32644599186425305, 0.22769108073086902, 0.2190165039824501]], "ideal": "C", "sampled": "B", "correct": false}}
{"type": "result", "data": {"idx": 10, "options": ["Wrong, Wrong", "Wrong, Not wrong", "Not wrong, Wrong", "Not wrong, Not wrong"], "probs": [[0.21831207164059052, 0.2469357104688883, 0.25074650340275845, 0.28400571438776273], [0.3737520965003441, 0.20607235194926762, 0.21426542845994365, 0.20591012299044462], [0.28927300670560807, 0.18483354975670951, 0.2506714873065387, 0.27522195613114364], [0.2493896223264336, 0.2797094624911601, 0.2354795073553805, 0.23542140772702577]], "ideal": "D", "sampled": "B", "correct": false}}
{"type": "result", "data": {"idx": 11, "options": ["Wrong, Wrong", "Wrong, Not wrong", "Not wrong, Wrong", "Not wrong, Not wrong"], "probs": [[0.22385059961973075, 0.25081894546679667, 0.24108519376147527, 0.2842452610519973], [0.3821483552073754, 0.22228959200543522, 0.17159873245430618, 0.2239633202328832], [0.246311433698597, 0.16850672158383917, 0.3027867286264088, 0.282395115991155], [0.2268899049101392, 0.3315020153861241, 0.2121200827726186, 0.2294879968311181]], "ideal": "B", "sampled": "B", "correct": true}}
{"type": "result", "data": {"idx": 12, "options": ["Wrong, Wrong", "Wrong, Not wrong", "Not wrong, Wrong", "Not wrong, Not wrong"], "probs": [[0.25228056685011896, 0.22697268762364237, 0.2512100078094626, 0.26953673761677605], [0.4192911246739076, 0.2005247264352622, 0.15126463681656752, 0.22891951197426263], [0.27296339516319557, 0.15232821942297875, 0.30078157040311904, 0.27392681491070664], [0.2285907221471983, 0.32107217551859984, 0.21369654893361856, 0.23664055330058323]], "ideal": "C", "sampled": "B", "correct": false}}
{"type": "result", "data": {"idx": 13, "options": ["Wrong, Wrong", "Wrong, Not wrong", "Not wrong, Wrong", "Not wrong, Not wrong"], "probs": [[0.2650723636597997, 0.242821175901695, 0.23168564294857166, 0.26042081738993367], [0.4219863460842179, 0.19583808206518627, 0.15857099540012876, 0.22360457635046704], [0.25082414218551397, 0.1381535319181125, 0.3091277639648644, 0.3018945618315091], [0.22219831742500967, 0.35164000172257703, 0.2114418690339721, 0.21471981171844118]], "ideal": "A", "sampled": "B", "correct": false}}
{"type": "result", "data": {"idx": 14, "options": ["Wrong, Wrong", "Wrong, Not wrong", "Not wrong, Wrong", "Not wrong, Not wrong"], "probs": [[0.21546224605485148, 0.2472382262924963, 0.2549953980490261, 0.2823041295036261], [0.3867009993017747, 0.2146919880500913, 0.17374533930904706, 0.22486167323908696], [0.24380434320502237, 0.1617196898978254, 0.2751462675312309, 0.31932969926592136], [0.23274382599732663, 0.3072476340933213, 0.22995958877350656, 0.23004895103584552]], "ideal": "D", "sampled": "B", "correct": false}}
{"type": "result", "data": {"idx": 15, "options": ["Wrong, Wrong", "Wrong, Not wrong", "Not wrong, Wrong", "Not wrong, Not wrong"], "probs": [[0.25358457839429244, 0.2161961962843589, 0.2733915881007753, 0.2568276371205734], [0.3853935473202811, 0.20568997585310883, 0.15880306773399552, 0.2501134089926145], [0.24296684198681467, 0.1264757495027108, 0.3496254630093014, 0.2809319454011731], [0.22920062670206637, 0.33498518172960723, 0.21100392388695102, 0.22481026758137534]], "ideal": "A", "sampled": "A", "correct": true}}
{"type": "result", "data": {"idx": 16, "options": ["Wrong, Wrong", "Wrong, Not wrong", "Not wrong, Wrong", "Not wrong, Not wrong"], "probs": [[0.2443154228775393, 0.24525947107185472, 0.24923212076413145, 0.26119298518647455], [0.41687236348666734, 0.21055311511349167, 0.1652650312050556, 0.2073094900947854], [0.31092161400370383, 0.1735351856406124, 0.26279032619337395, 0.25275287406230984], [0.2530363760183085, 0.29683985860896234, 0.2259278263532519, 0.22419593891947728]], "ideal": "D", "sampled": "B", "correct": false}}
{"type": "result", "data": {"idx": 17, "options": ["Wrong, Wrong", "Wrong, Not wrong", "Not wrong, Wrong", "Not wrong, Not wrong"], "probs": [[0.23457639266553784, 0.24900997053591747, 0.24510601525695824, 0.27130762144158643], [0.3916456161292989, 0.2225892129703677, 0.18159379333816675, 0.20417137746216665], [0.2905132130911527, 0.19431204802369992, 0.2494776509530564, 0.265697087832091], [0.2518015095191857, 0.28217380358242067, 0.23021130486595037, 0.23581338193244328]], "ideal": "C", "sampled": "B", "correct": false}}
{"type": "result", "data": {"idx": 18, "options": ["Wrong, Wrong", "Wrong, Not wrong", "Not wrong, Wrong", "Not wrong, Not wrong"], "probs": [[0.2421101593414704, 0.24159951145617875, 0.26121055688018335, 0.2550797722221675], [0.3871075443302444, 0.21838632035374217, 0.17273139491329192, 0.2217747403027215], [0.25395001113632026, 0.15848886183504737, 0.3178747736139759, 0.2696863533146564], [0.23459049357838485, 0.3223909937300456, 0.21632810780245113, 0.22669040478911842]], "ideal": "C", "sampled": "B", "correct": false}}
{"type": "result", "data": {"idx": 19, "options": ["Wrong, Wrong", "Wrong, Not wrong", "Not wrong, Wrong", "Not wrong, Not wrong"], "probs": [[0.23244245001670205, 0.2375434899458644, 0.2670773525704491, 0.2629367073669844], [0.40197207336453544, 0.21308868583792512, 0.16852823651513063, 0.2164110041824088], [0.269474089118713, 0.15189778803260073, 0.3118832409069983, 0.26674488184168793], [0.20376968381751365, 0.33007076379336314, 0.23577228186156987, 0.2303872704275533]], "ideal": "A", "sampled": "B", "correct": false}}
{"type": "result", "data": {"idx": 20, "options": ["Wrong, Wrong", "Wrong, Not wrong", "Not wrong, Wrong", "Not wrong, Not wrong"], "probs": [[0.2300309274865272, 0.24189944923335446, 0.25156313553266113, 0.27650648764745717], [0.3644164745977218, 0.21512019311541555, 0.1913512469435426, 0.22911208524332], [0.23720305802233665, 0.1583494669286589, 0.3126524341888635, 0.29179504076014096], [0.24034876818423279, 0.3047341477019224, 0.23002539349093076, 0.224891690522914]], "ideal": "D", "sampled": "B", "correct": false}}
{"type": "result", "data": {"idx": 21, "options": ["Wrong, Wrong", "Wrong, Not wrong", "Not wrong, Wrong", "Not wrong, Not wrong"], "probs": [[0.2739764112857724, 0.22477681597642202, 0.2506133876398917, 0.2506333849979139], [0.4219408882399195, 0.1881726794157611, 0.1407643193321321, 0.2491221129121873], [0.2671687304706434, 0.12774758039627523, 0.3756019472700265, 0.22948174176305494], [0.2128073636321217, 0.4061619462012974, 0.17564452216193546, 0.2053861679046454]], "ideal": "A", "sampled": "A", "correct": true}}
{"type": "result", "data": {"idx": 22, "options": ["Wrong, Wrong", "Wrong, Not wrong", "Not wrong, Wrong", "Not wrong, Not wrong"], "probs": [[0.22328740023395632, 0.23715375008068587, 0.2644556721116542, 0.27510317747370355], [0.3972929713696043, 0.21391882103917778, 0.1539348925447676, 0.23485331494645031], [0.2410605842266173, 0.1468442318795841, 0.33106296244308536, 0.2810322213507132], [0.20815729533247598, 0.3117106099879738, 0.25220743946626456, 0.2279246551132856]], "ideal": "A", "sampled": "B", "correct": false}}
{"type": "result", "data": {"idx": 23, "options": ["Wrong, Wrong", "Wrong, Not wrong", "Not wrong, Wrong", "Not wrong, Not wrong"], "probs": [[0.24055326699453902, 0.23056260436144366, 0.25715843606876004, 0.2717256924752573], [0.4089883917764091, 0.20346699930379628, 0.1725992159313685, 0.2149453928884261], [0.2735282982260864, 0.1575524477169651, 0.28774519915573255, 0.28117405480121593], [0.25199048605950697, 0.3004352673912071, 0.20799331424490738, 0.23958093220437857]], "ideal": "B", "sampled": "B", "correct": true}}
{"type": "result", "data": {"idx": 24, "options": ["Wrong, Wrong", "Wrong, Not wrong", "Not wrong, Wrong", "Not wrong, Not wrong"], "probs": [[0.27851774455749106, 0.2155307466908113, 0.22038059767722867, 0.28557091097446896], [0.39666079288745626, 0.20305849004567142, 0.1495044633744324, 0.25077625359243993], [0.280519293549577, 0.14338193196900945, 0.30600820812552043, 0.27009056625589306], [0.2563718969731809, 0.32707534699188284, 0.1830088130801661, 0.23354394285477015]], "ideal": "A", "sampled": "A", "correct": true}}
{"type": "result", "data": {"idx": 25, "options": ["Wrong, Wrong", "Wrong, Not wrong", "Not wrong, Wrong", "Not wrong, Not wrong"], "probs": [[0.21485079502623328, 0.21920117407035516, 0.26412406167542085, 0.30182396912799064], [0.3891913824402349, 0.20601668689674427, 0.1602464711652769, 0.24454545939774394], [0.2653047363103941, 0.1589214754267118, 0.2764807558832028, 0.2992930322796913], [0.20967947497299969, 0.32096312992210185, 0.22542794528906557, 0.24392944971583289]], "ideal": "A", "sampled": "B", "correct": false}}
{"type": "result", "data": {"idx": 26, "options": ["Wrong, Wrong", "Wrong, Not wrong", "Not wrong, Wrong", "Not wrong, Not wrong"], "probs": [[0.23643024615710362, 0.21099600508183292, 0.2773152034797396, 0.2752585451813238], [0.37957886575366895, 0.21055814856818875, 0.16378088807727892, 0.24608209750086338], [0.227571599831128, 0.13307350476026458, 0.3618246804762255, 0.2775302148323818], [0.20891553161439286, 0.319713860718227, 0.24297234413578273, 0.22839826343159741]], "ideal": "A", "sampled": "A", "correct": true}}
{"type": "result", "data": {"idx": 27, "options": ["Wrong, Wrong", "Wrong, Not wrong", "Not wrong, Wrong", "Not wrong, Not wrong"], "probs": [[0.23199130139376278, 0.22929641137049275, 0.2620197353407863, 0.27669255179495816], [0.40184715372424545, 0.21952168495831476, 0.15569261044997143, 0.22293855076746838], [0.2660486816817615, 0.1557071129393042, 0.3004707530050849, 0.2777734522738494], [0.22432321307800102, 0.30544853207394734, 0.23605720696472893, 0.2341710477833227]], "ideal": "C", "sampled": "B", "correct": false}}
{"type": "result", "data": {"idx": 28, "options": ["Wrong, Wrong", "Wrong, Not wrong", "Not wrong, Wrong", "Not wrong, Not wrong"], "probs": [[0.2692133841352617, 0.22433466691503695, 0.2482443229685444, 0.258207625881157], [0.3747894409700541, 0.20494340052725743, 0.16325932496257217, 0.2570078334401163], [0.2715689363015345, 0.14601357932479467, 0.32404227510023437, 0.2583752091734365], [0.22973975879248978, 0.3466329327867436, 0.20348033610157373, 0.22014697221919285]], "ideal": "C", "sampled": "A", "correct": false}}
{"type": "result", "data": {"idx": 29, "options": ["Wrong, Wrong", "Wrong, Not wrong", "Not wrong, Wrong", "Not wrong, Not wrong"], "probs": [[0.24011112389382, 0.24148392315053202, 0.23396157867414252, 0.2844433741815054], [0.41916970520731633, 0.18413425157012853, 0.17292041301843988, 0.22377563010411525], [0.2768653291654089, 0.1512399740181129, 0.28480982353208734, 0.28708487318439085], [0.2331264972268715, 0.2962965037791522, 0.2417032785504703, 0.22887372034350598]], "ideal": "B", "sampled": "B", "correct": true}}
{"type": "result", "data": {"idx": 30, "options": ["Wrong, Wrong", "Wrong, Not wrong", "Not wrong, Wrong", "Not wrong, Not wrong"], "probs": [[0.20994615865554264, 0.2318397943717829, 0.2627717891485744, 0.29544225772410004], [0.3609463762594011, 0.21342729883958572, 0.1912991347330502, 0.23432719006796296], [0.2680623789152307, 0.17119969170766183, 0.2892182127958667, 0.2715197164812408], [0.2198701500672769, 0.30936732885128065, 0.2280494719515679, 0.2427130490298745]], "ideal": "D", "sampled": "B", "correct": false}}
{"type": "result", "data": {"idx": 31, "options": ["Wrong, Wrong", "Wrong, Not wrong", "Not wrong, Wrong", "Not wrong, Not wrong"], "probs": [[0.23533516331152646, 0.24008824644335044, 0.2437840474535836, 0.2807925426915395], [0.41976408269838633, 0.1976370126867688, 0.15870251540582506, 0.22389638910901977], [0.2823699456524103, 0.14357875500046036, 0.29929808225169074, 0.27475321699543864], [0.24033573983697018, 0.35111529677918996, 0.19066352218460325, 0.21788544109923658]], "ideal": "B", "sampled": "B", "correct": true}}
{"type": "result", "data": {"idx": 32, "options": ["Wrong, Wrong", "Wrong, Not wrong", "Not wrong, Wrong", "Not wrong, Not wrong"], "probs": [[0.26194840667012476, 0.24712163207443943, 0.2214966416137451, 0.2694333195416907], [0.4172728408591206, 0.19961187541802117, 0.160348882638341, 0.22276640098451728], [0.2924215153696548, 0.15959663449723022, 0.2824754374568001, 0.26550641257631485], [0.2535953223451696, 0.3071349560907312, 0.21097508070743337, 0.22829464075666578]], "ideal": "B", "sampled": "B", "correct": true}}
{"type": "result", "data": {"idx": 33, "options": ["Wrong, Wrong", "Wrong, Not wrong", "Not wrong, Wrong", "Not wrong, Not wrong"], "probs": [[0.23482181479403305, 0.23208609566880153, 0.25288498775940993, 0.2802071016777555], [0.405152618460625, 0.19683012387943977, 0.18340833606909943, 0.2146089214908358], [0.2735171317780682, 0.17042210696423526, 0.2855327129078481, 0.27052804824984844], [0.25362931545689665, 0.2862513235110794, 0.23170505916073733, 0.2284143017712866]], "ideal": "B", "sampled": "B", "correct": true}}
{"type": "result", "data": {"idx": 34, "options": ["Wrong, Wrong", "Wrong, Not wrong", "Not wrong, Wrong", "Not wrong, Not wrong"], "probs": [[0.22436396775386214, 0.23789645729070164, 0.2593480348327688, 0.2783915400226674], [0.37305750327380666, 0.22210823825438292, 0.19289709050821227, 0.21193716786359815], [0.26222523653529584, 0.15582163398165502, 0.3101875437457982, 0.27176558563725095], [0.22581743711139077, 0.3004006877420263, 0.24696079998053722, 0.22682107506604574]], "ideal": "A", "sampled": "B", "correct": false}}
{"type": "result", "data": {"idx": 35, "options": ["Wrong, Wrong", "Wrong, Not wrong", "Not wrong, Wrong", "Not wrong, Not wrong"], "probs": [[0.25270505983969577, 0.23850425364659603, 0.2365504134492831, 0.2722402729644251], [0.41482585553954354, 0.1939163361358191, 0.1750819105418845, 0.2161758976827529], [0.2911037417626225, 0.1638669620628116, 0.26609837213184684, 0.27893092394271907], [0.24229716530113876, 0.28442238910863543, 0.23380044893667243, 0.2394799965535534]], "ideal": "B", "sampled": "B", "correct": true}}
{"type": "result", "data": {"idx": 36, "options": ["Wrong, Wrong", "Wrong, Not wrong", "Not wrong, Wrong", "Not wrong, Not wrong"], "probs": [[0.22363180253104917, 0.21258904354516242, 0.2542156018690704, 0.309563551954718], [0.3715650251602608, 0.20134628417106504, 0.18605498032065282, 0.24103371024802134], [0.24777138243990696, 0.15922320428548237, 0.2974681080599322, 0.29553730511467846], [0.2431966513152113, 0.287549763889168, 0.23077653346138127, 0.23847705123423946]], "ideal": "D", "sampled": "B", "correct": false}}
{"type": "result", "data": {"idx": 37, "options": ["Wrong, Wrong", "Wrong, Not wrong", "Not wrong, Wrong", "Not wrong, Not wrong"], "probs": [[0.24778435370185756, 0.23385002413586836, 0.2430380207962549, 0.2753276012660192], [0.3924856845650574, 0.20786707352305553, 0.16429932924658192, 0.23534791256530518], [0.2630089819168296, 0.14684242008648152, 0.3364628851077264, 0.25368571278896246], [0.2439345044826268, 0.33231915030491566, 0.20273078090103058, 0.22101556421142693]], "ideal": "B", "sampled": "A", "correct": false}}
{"type": "result", "data": {"idx": 38, "options": ["Wrong, Wrong", "Wrong, Not wrong", "Not wrong, Wrong", "Not wrong, Not wrong"], "probs": [[0.24140592636453814, 0.23360555567806082, 0.25831756763013597, 0.2666709502272651], [0.3954179345483233, 0.2032191634454635, 0.15439670016408802, 0.24696620174212514], [0.26163395456934413, 0.14636471429896852, 0.309798380409542, 0.28220295062214534], [0.23235575401049777, 0.31452156516095964, 0.21584662267701843, 0.23727605805152419]], "ideal": "A", "sampled": "B", "correct": false}}
{"type": "result", "data": {"idx": 39, "options": ["Wrong, Wrong", "Wrong, Not wrong", "Not wrong, Wrong", "Not wrong, Not wrong"], "probs": [[0.23207293102696022, 0.2518817446593628, 0.24987342578842792, 0.266171898425249], [0.38377518150692885, 0.21286350707884832, 0.16572002077114267, 0.23764129054308017], [0.266464050587233, 0.15467117494778104, 0.28020989474519564, 0.2986548796197903], [0.23095037842615487, 0.3169151747829149, 0.2109624829390539, 0.24117196375187627]], "ideal": "C", "sampled": "B", "correct": false}}
{"type": "result", "data": {"idx": 40, "options": ["Wrong, Wrong", "Wrong, Not wrong", "Not wrong, Wrong", "Not wrong, Not wrong"], "probs": [[0.2503399178439305, 0.22057259562545026, 0.24389383884856536, 0.2851936475820539], [0.401031196077298, 0.195204764585048, 0.1494337022155101, 0.25433033702214386], [0.2671208778411596, 0.12684807725114153, 0.3089168437323373, 0.2971142010753616], [0.23462281677564864, 0.3354626149555533, 0.18486229409793456, 0.2450522740708635]], "ideal": "C", "sampled": "A", "correct": false}}
{"type": "result", "data": {"idx": 41, "options": ["Wrong, Wrong", "Wrong, Not wrong", "Not wrong, Wrong", "Not wrong, Not wrong"], "probs": [[0.2652268886944566, 0.22998865408436373, 0.22972000106123644, 0.27506445605994323], [0.3896870728844255, 0.2098603906976049, 0.14742818912665553, 0.25302434719131406], [0.24712739497011513, 0.13927688325786558, 0.3163269899317344, 0.29726873174028484], [0.2137201491893239, 0.3599581825360764, 0.20149016978782658, 0.22483149838677313]], "ideal": "B", "sampled": "A", "correct": false}}
{"type": "result", "data": {"idx": 42, "options": ["Wrong, Wrong", "Wrong, Not wrong", "Not wrong, Wrong", "Not wrong, Not wrong"], "probs": [[0.2306960293627364, 0.23902646417094542, 0.2280573316601544, 0.30222017470616375], [0.39989897605510716, 0.2020843027267206, 0.19284930876581768, 0.20516741235235458], [0.3106163236371895, 0.1789898031469945, 0.2372964989096005, 0.2730973742062155], [0.2654854755221453, 0.2748850080926752, 0.2244294565371662, 0.23520005974801333]], "ideal": "D", "sampled": "B", "correct": false}}
{"type": "result", "data": {"idx": 43, "options": ["Wrong, Wrong", "Wrong, Not wrong", "Not wrong, Wrong", "Not wrong, Not wrong"], "probs": [[0.21747666725402884, 0.21527724079700564, 0.26376317913898545, 0.30348291270998007], [0.4011172473362482, 0.20763828477089305, 0.17209122096043164, 0.2191532468324271], [0.24227875783693617, 0.13971174802811667, 0.31749680020441584, 0.30051269383053125], [0.21128156464249714, 0.3018790736212589, 0.24822027608922043, 0.23861908554702355]], "ideal": "B", "sampled": "B", "correct": true}}
{"type": "result", "data": {"idx": 44, "options": ["Wrong, Wrong", "Wrong, Not wrong", "Not wrong, Wrong", "Not wrong, Not wrong"], "probs": [[0.2188551607338555, 0.23925572987869548, 0.25081524624127227, 0.2910738630461767], [0.38954256219801514, 0.2212448170003414, 0.18778595977100596, 0.2014266609306375], [0.27424903884025614, 0.18601658384082462, 0.2666591326131257, 0.2730752446057936], [0.25494777393927465, 0.27871163846114755, 0.2239754282019447, 0.2423651592976331]], "ideal": "D", "sampled": "B", "correct": false}}
{"type": "result", "data": {"idx": 45, "options": ["Wrong, Wrong", "Wrong, Not wrong", "Not wrong, Wrong", "Not wrong, Not wrong"], "probs": [[0.24397898480899208, 0.23773252253144322, 0.24698583043174216, 0.27130266212782256], [0.38867178555416565, 0.1965307891172335, 0.16271054743093352, 0.2520868777976673], [0.2612598538137483, 0.15072789786738874, 0.32153800126675064, 0.26647424695211236], [0.23418212632525984, 0.3534564182838921, 0.1933023987011249, 0.2190590565897231]], "ideal": "A", "sampled": "A", "correct": true}}
{"type": "result", "data": {"idx": 46, "options": ["Wrong, Wrong", "Wrong, Not wrong", "Not wrong, Wrong", "Not wrong, Not wrong"], "probs": [[0.2580420413063519, 0.23631225876102438, 0.26565048491757715, 0.2399952149150466], [0.4112774186153753, 0.19542470897718803, 0.1557218488464888, 0.2375760234609479], [0.2713146588326775, 0.13816236369904183, 0.34218646112198453, 0.24833651624629607], [0.22232013111037457, 0.34627200201481895, 0.2148332510624048, 0.21657461571240164]], "ideal": "B", "sampled": "A", "correct": false}}
{"type": "result", "data": {"idx": 47, "options": ["Wrong, Wrong", "Wrong, Not wrong", "Not wrong, Wrong", "Not wrong, Not wrong"], "probs": [[0.22840523036802915, 0.2465803847489425, 0.2543268723732158, 0.27068751240981254], [0.38077184697367916, 0.2235311550027748, 0.15969018936868593, 0.2360068085548601], [0.22953725542923975, 0.1466709120922913, 0.3155507837084523, 0.3082410486700166], [0.20674355942159423, 0.3121947142823685, 0.25273484742304114, 0.2283268787729961]], "ideal": "C", "sampled": "B", "correct": false}}
{"type": "result", "data": {"idx": 48, "options": ["Wrong, Wrong", "Wrong, Not wrong", "Not wrong, Wrong", "Not wrong, Not wrong"], "probs": [[0.23575931082515753, 0.24451512857271476, 0.24062214072258667, 0.279103419779541], [0.4028404774841655, 0.2150992379225963, 0.15851637882815103, 0.22354390566508714], [0.26577661230816885, 0.15450963836882084, 0.28871194385716875, 0.2910018053658415], [0.2287832200298408, 0.30694976445943256, 0.2158071845554075, 0.2484598308553191]], "ideal": "B", "sampled": "B", "correct": true}}
{"type": "result", "data": {"idx": 49, "options": ["Wrong, Wrong", "Wrong, Not wrong", "Not wrong, Wrong", "Not wrong, Not wrong"], "probs": [[0.2351923549656465, 0.2457878403747485, 0.2554441950148575, 0.2635756095447475], [0.38650397714814966, 0.21972159056902976, 0.15812785215013125, 0.23564658003268932], [0.24105429700263029, 0.1491251945867905, 0.30126790393749786, 0.30855260437308135], [0.20946186466712446, 0.3061950458847003, 0.24780150876247173, 0.2365415805857035]], "ideal": "A", "sampled": "B", "correct": false}}
{"type": "result", "data": {"idx": 50, "options": ["Wrong, Wrong", "Wrong, Not wrong", "Not wrong, Wrong", "Not wrong, Not wrong"], "probs": [[0.2766380864606116, 0.23041015517776592, 0.23595212046003985, 0.25699963780158264], [0.43048568914272445, 0.1761400673192423, 0.16546827306481135, 0.2279059703732219], [0.26283260155318927, 0.14344584519068265, 0.3235555531919959, 0.2701659999641321], [0.23117835360741093, 0.3099302191691212, 0.2339700415781137, 0.2249213855453541]], "ideal": "B", "sampled": "B", "correct": true}}
{"type": "result", "data": {"idx": 51, "options": ["Wrong, Wrong", "Wrong, Not wrong", "Not wrong, Wrong", "Not wrong, Not wrong"], "probs": [[0.22750788924803167, 0.23387441036746645, 0.25864076611793474, 0.2799769341665671], [0.39412870411912115, 0.21033757609502782, 0.18685638624265255, 0.20867733344319844], [0.27626901862242803, 0.1667913496327502, 0.2902059256740281, 0.26673370597079366], [0.25517954279108185, 0.28575994284156664, 0.2328880920972353, 0.22617242217011624]], "ideal": "B", "sampled": "B", "correct": true}}
{"type": "result", "data": {"idx": 52, "options": ["Wrong, Wrong", "Wrong, Not wrong", "Not wrong, Wrong", "Not wrong, Not wrong"], "probs": [[0.24658115205683145, 0.23299624023491725, 0.2500697672117026, 0.2703528403965487], [0.37733844481119766, 0.20631441779330173, 0.1751085694720363, 0.2412385678234643], [0.25666654872314093, 0.15158421251403034, 0.2946828989295395, 0.2970663397332892], [0.22758442027584297, 0.29835830914126316, 0.24163779564096896, 0.23241947484192488]], "ideal": "B", "sampled": "B", "correct": true}}
{"type": "result", "data": {"idx": 53, "options": ["Wrong, Wrong", "Wrong, Not wrong", "Not wrong, Wrong", "Not wrong, Not wrong"], "probs": [[0.25535313433923956, 0.2175247319208743, 0.25218574337459865, 0.2749363902652875], [0.4137906431738004, 0.1948686688943544, 0.16010907290764936, 0.23123161492419586], [0.28438075950310815, 0.13792539926095304, 0.3259843836997147, 0.2517094574362241], [0.2421847319686332, 0.3322731603688495, 0.20270954372509095, 0.2228325638374263]], "ideal": "B", "sampled": "A", "correct": false}}
{"type": "result", "data": {"idx": 54, "options": ["Wrong, Wrong", "Wrong, Not wrong", "Not wrong, Wrong", "Not wrong, Not wrong"], "probs": [[0.22189709043804026, 0.24902860440931635, 0.24694446830714029, 0.28212983674550307], [0.39445999848563706, 0.21245159523227597, 0.17741123104424245, 0.21567717513784454], [0.27510224019677254, 0.17170422545016392, 0.2808602279528359, 0.2723333063002277], [0.23732501973297265, 0.28555808319449155, 0.23289263940188829, 0.2442242575706475]], "ideal": "D", "sampled": "B", "correct": false}}
{"type": "result", "data": {"idx": 55, "options": ["Wrong, Wrong", "Wrong, Not wrong", "Not wrong, Wrong", "Not wrong, Not wrong"], "probs": [[0.21813371640246432, 0.2523701002665739, 0.25024915854744334, 0.2792470246835184], [0.3878687917798319, 0.2293135821589992, 0.16244150696560553, 0.2203761189955634], [0.26191758716590274, 0.1712329809012695, 0.2778121787357845, 0.2890372530970432], [0.22390668759213034, 0.29348526276649506, 0.2450059278066106, 0.23760212173476403]], "ideal": "D", "sampled": "B", "correct": false}}
{"type": "result", "data": {"idx": 56, "options": ["Wrong, Wrong", "Wrong, Not wrong", "Not wrong, Wrong", "Not wrong, Not wrong"], "probs": [[0.23601364300315716, 0.24483876657537293, 0.26662556128892045, 0.25252202903254944], [0.3778434935155636, 0.2115284321762923, 0.15949383138769602, 0.25113424282044805], [0.25267604367405716, 0.14692129412197055, 0.33633652827262, 0.26406613383135225], [0.21223856506609456, 0.33569547530632, 0.22331398723276505, 0.22875197229482042]], "ideal": "A", "sampled": "A", "correct": true}}
{"type": "result", "data": {"idx": 57, "options": ["Wrong, Wrong", "Wrong, Not wrong", "Not wrong, Wrong", "Not wrong, Not wrong"], "probs": [[0.23254261111504815, 0.24248269920554943, 0.24793446800418312, 0.2770402215752193], [0.37992175843609316, 0.2189408507882038, 0.1855909200484097, 0.21554647062729332], [0.28960480420063267, 0.1774192101355037, 0.27253665705170815, 0.26043932851215545], [0.26172498255921267, 0.28590372627951294, 0.21712026321386088, 0.2352510278474135]], "ideal": "D", "sampled": "B", "correct": false}}
{"type": "result", "data": {"idx": 58, "options": ["Wrong, Wrong", "Wrong, Not wrong", "Not wrong, Wrong", "Not wrong, Not wrong"], "probs": [[0.23606059739432678, 0.23371095256521832, 0.279735854844019, 0.2504925950964359], [0.37093923597617656, 0.2244541115671685, 0.14037391960331508, 0.26423273275333986], [0.2231717109457004, 0.12669330834075473, 0.36693903800155986, 0.283195942611985], [0.18980921803006845, 0.3944537043177018, 0.19660033283651826, 0.21913674471571146]], "ideal": "C", "sampled": "A", "correct": false}}
{"type": "result", "data": {"idx": 59, "options": ["Wrong, Wrong", "Wrong, Not wrong", "Not wrong, Wrong", "Not wrong, Not wrong"], "probs": [[0.2151059987196691, 0.22297194930129663, 0.2523562051454584, 0.30956584673357584], [0.38944166894833, 0.20790293810672741, 0.204451411942064, 0.19820398090287858], [0.29419290578116175, 0.19219462285214037, 0.2426409684975549, 0.27097150276914295], [0.2641612369798082, 0.2511507347317938, 0.24312812812067047, 0.24155990006772754]], "ideal": "D", "sampled": "B", "correct": false}}
{"type": "result", "data": {"idx": 60, "options": ["Wrong, Wrong", "Wrong, Not wrong", "Not wrong, Wrong", "Not wrong, Not wrong"], "probs": [[0.2584532499054901, 0.23105445501877994, 0.23824363944532237, 0.27224865553040756], [0.3803836503644711, 0.20632404748922162, 0.16439074500846873, 0.24890155703783853], [0.25553473066114896, 0.14399224089159374, 0.3024940102246698, 0.2979790181225875], [0.22943791867358376, 0.32515342082387577, 0.2112977378575661, 0.23411092254497434]], "ideal": "A", "sampled": "A", "correct": true}}
{"type": "result", "data": {"idx": 61, "options": ["Wrong, Wrong", "Wrong, Not wrong", "Not wrong, Wrong", "Not wrong, Not wrong"], "probs": [[0.21872835371415433, 0.24532331917261638, 0.24703684832500844, 0.28891147868822087], [0.4141391936763994, 0.2061384977533463, 0.16550738110995383, 0.21421492736030046], [0.27776685354316144, 0.1576973199686663, 0.27671647069071215, 0.28781935569746014], [0.21845338910938195, 0.314477230361288, 0.23533829693618974, 0.23173108349314028]], "ideal": "B", "sampled": "B", "correct": true}}
{"type": "result", "data": {"idx": 62, "options": ["Wrong, Wrong", "Wrong, Not wrong", "Not wrong, Wrong", "Not wrong, Not wrong"], "probs": [[0.2498693801193317, 0.21971763995652108, 0.2547614016093571, 0.2756515782147901], [0.391354358028293, 0.20086057781446912, 0.1784482922740392, 0.2293367717831987], [0.26981240508242427, 0.159125536664309, 0.30441063639457727, 0.26665142175868944], [0.2430499646986881, 0.2765500678411697, 0.23628236432798025, 0.24411760303216193]], "ideal": "D", "sampled": "B", "correct": false}}
{"type": "result", "data": {"idx": 63, "options": ["Wrong, Wrong", "Wrong, Not wrong", "Not wrong, Wrong", "Not wrong, Not wrong"], "probs": [[0.23485804741927754, 0.2361796164845736, 0.2635180016564363, 0.26544433433971254], [0.38816967024244914, 0.22773719982407215, 0.15283867487513486, 0.23125445495834385], [0.2268613177224041, 0.13719899337712366, 0.3118136087427531, 0.32412608005771915], [0.2203528517159154, 0.312405487494059, 0.21632325002404718, 0.2509184106659784]], "ideal": "B", "sampled": "B", "correct": true}}
{"type": "result", "data": {"idx": 64, "options": ["Wrong, Wrong", "Wrong, Not wrong", "Not wrong, Wrong", "Not wrong, Not wrong"], "probs": [[0.22232214772978237, 0.22311502360385174, 0.2567257842652702, 0.2978370443010957], [0.3638421946972682, 0.21483186205312832, 0.19101997002568924, 0.23030597312391424], [0.2462811318557227, 0.1671067277685624, 0.29103048387421465, 0.29558165640150025], [0.23950996635679467, 0.28535437155858645, 0.22735324160935008, 0.24778242037526876]], "ideal": "D", "sampled": "B", "correct": false}}
{"type": "result", "data": {"idx": 65, "options": ["Wrong, Wrong", "Wrong, Not wrong", "Not wrong, Wrong", "Not wrong, Not wrong"], "probs": [[0.22839097207248524, 0.22614544148621987, 0.2727061035676034, 0.2727574827736915], [0.360427157265882, 0.20981640559496229, 0.22323527437758023, 0.2065211626615755], [0.25510181833777706, 0.1680555715368015, 0.2996220752466179, 0.2772205347788036], [0.23297700876442448, 0.2632401522647491, 0.27147417704795646, 0.23230866182287]], "ideal": "B", "sampled": "B", "correct": true}}
{"type": "result", "data": {"idx": 66, "options": ["Wrong, Wrong", "Wrong, Not wrong", "Not wrong, Wrong", "Not wrong, Not wrong"], "probs": [[0.24752493952645374, 0.23359828488880066, 0.25441511704716707, 0.2644616584375785], [0.4187970819471267, 0.2003417938798267, 0.15585629872695156, 0.225004825346095], [0.2686696212422173, 0.14320478695419606, 0.3055778327623104, 0.2825477589412762], [0.24022949097480384, 0.30264810175623097, 0.21606104395704095, 0.24106136321192426]], "ideal": "D", "sampled": "B", "correct": false}}
{"type": "result", "data": {"idx": 67, "options": ["Wrong, Wrong", "Wrong, Not wrong", "Not wrong, Wrong", "Not wrong, Not wrong"], "probs": [[0.2522129453796204, 0.24515091245629986, 0.23545566549711747, 0.26718047656696226], [0.4166278292341939, 0.2006816297162582, 0.16230777427076806, 0.22038276667877987], [0.2868701176524867, 0.15999729691339998, 0.2807074743123163, 0.272425111021797], [0.2521566302617539, 0.2911055857311005, 0.22459223712774717, 0.2321455467793984]], "ideal": "D", "sampled": "B", "correct": false}}
{"type": "result", "data": {"idx": 68, "options": ["Wrong, Wrong", "Wrong, Not wrong", "Not wrong, Wrong", "Not wrong, Not wrong"], "probs": [[0.23190708456104545, 0.22907142338846218, 0.25146025416720624, 0.2875612377832861], [0.3764018472116568, 0.2071151168007432, 0.1798143562467045, 0.23666867964089547], [0.2970056070241876, 0.16582512105051472, 0.25473574940111854, 0.28243352242417913], [0.24119871492956024, 0.2743168730116221, 0.23444769924847705, 0.2500367127103406]], "ideal": "D", "sampled": "B", "correct": false}}
{"type": "result", "data": {"idx": 69, "options": ["Wrong, Wrong", "Wrong, Not wrong", "Not wrong, Wrong", "Not wrong, Not wrong"], "probs": [[0.25286727387560143, 0.24282110501420862, 0.22263420452531454, 0.28167741648487543], [0.4252114276750284, 0.18989010228626665, 0.1714153012897543, 0.2134831686489507], [0.2929909054349385, 0.15771027457863876, 0.2745461300011431, 0.2747526898852796], [0.2701148906045781, 0.2983955949724661, 0.20804236207185875, 0.22344715225109707]], "ideal": "B", "sampled": "B", "correct": true}}
{"type": "result", "data": {"idx": 70, "options": ["Wrong, Wrong", "Wrong, Not wrong", "Not wrong, Wrong", "Not wrong, Not wrong"], "probs": [[0.23769804759617189, 0.22907692066982946, 0.2458256927378932, 0.28739933889610547], [0.40831065782264664, 0.19651329808227003, 0.16548078007057693, 0.22969526392450637], [0.25741112996779086, 0.16255158668774825, 0.28550640596593635, 0.2945308772785245], [0.22285201147121833, 0.28452204383201113, 0.25115518636776457, 0.24147075822900596]], "ideal": "A", "sampled": "B", "correct": false}}
{"type": "result", "data": {"idx": 71, "options": ["Wrong, Wrong", "Wrong, Not wrong", "Not wrong, Wrong", "Not wrong, Not wrong"], "probs": [[0.25730288322498035, 0.24307483877010466, 0.24300538446503173, 0.25661689343988325], [0.3929164829643627, 0.20502052282635214, 0.1698359472953142, 0.23222704681397097], [0.26980833990520725, 0.15326265304064024, 0.3120888629799935, 0.264840143974159], [0.23546482620268794, 0.33385664221286065, 0.21191947160032143, 0.21875905988412994]], "ideal": "A", "sampled": "A", "correct": true}}
{"type": "result", "data": {"idx": 72, "options": ["Wrong, Wrong", "Wrong, Not wrong", "Not wrong, Wrong", "Not wrong, Not wrong"], "probs": [[0.22972961452480464, 0.22566460743270525, 0.2637366730824625, 0.2808691048600276], [0.3788122277011156, 0.20080131595522674, 0.17435954578201723, 0.2460269104616404], [0.2559162935967189, 0.14422981224659498, 0.3302697191762012, 0.26958417488048486], [0.2132266068293041, 0.3320470899586439, 0.21752098718251706, 0.23720531592953495]], "ideal": "C", "sampled": "A", "correct": false}}
{"type": "result", "data": {"idx": 73, "options": ["Wrong, Wrong", "Wrong, Not wrong", "Not wrong, Wrong", "Not wrong, Not wrong"], "probs": [[0.24831179161963213, 0.24186125804175618, 0.23794907755488034, 0.2718778726837313], [0.42136107615307183, 0.19394777135257268, 0.16321645189034595, 0.22147470050400953], [0.2850582939855054, 0.16825212787275026, 0.28185561716503077, 0.26483396087671357], [0.2587053891178969, 0.3038369552712418, 0.21524048811610058, 0.22221716739476066]], "ideal": "B", "sampled": "B", "correct": true}}
{"type": "result", "data": {"idx": 74, "options": ["Wrong, Wrong", "Wrong, Not wrong", "Not wrong, Wrong", "Not wrong, Not wrong"], "probs": [[0.23122869085102618, 0.24722893165218746, 0.24362538389473667, 0.2779169935020497], [0.3871972147078385, 0.2131985362197783, 0.15239209971119633, 0.24721214926118684], [0.261095617105714, 0.1576653295249828, 0.2771553736224087, 0.3040836796468945], [0.21714805711565702, 0.3123666736876531, 0.22157003643591913, 0.24891523266077076]], "ideal": "D", "sampled": "B", "correct": false}}
