{"type": "result", "data": {"idx": 0, "options": ["Planetary density will decrease.", "Planetary years will become longer.", "Planetary days will become shorter.", "Planetary gravity will become stronger."], "probs": [[0.14237693587206798, 0.14133799706497024, 0.5522464760099852, 0.16403859095297646], [0.24593241510316097, 0.23310478029304235, 0.2708383500305181, 0.2501244544732786], [0.1748536456136035, 0.4653395621910072, 0.20167058115688496, 0.15813621093850433], [0.1786639690220506, 0.47177651519825997, 0.17621393499996435, 0.17334558067972508], [0.18921043621151032, 0.1558001716666509, 0.20016943511587948, 0.45481995690595933], [0.10825256537466182, 0.08771569045698153, 0.6659737676490466, 0.13805797641931006], [0.26709330875268855, 0.17385045210323055, 0.3782316260624674, 0.18082461298161345], [0.33949901187745773, 0.20128560964027084, 0.21637884747511818, 0.24283653090715326], [0.2304665343024397, 0.44163853931606706, 0.14114774131193086, 0.18674718496956239], [0.23256887597089637, 0.4457049103705478, 0.14469028145474008, 0.1770359321038157], [0.33675555394964185, 0.20602517441910115, 0.2047848017244833, 0.25243446980677364], [0.2246055651407838, 0.1618367808074294, 0.445237139780829, 0.16832051417095778], [0.47919647328819504, 0.17219302569673187, 0.1881180610503805, 0.16049243986469258], [0.4771303022713531, 0.17145565874103313, 0.17728195290214452, 0.17413208598546925], [0.5220735072567526, 0.19662590322912432, 0.13751749692972207, 0.143783092484401], [0.5278350474380347, 0.1911579135841641, 0.14013183979189503, 0.14087519908590623], [0.5120596136516988, 0.16365023958088878, 0.15283333798211332, 0.17145680868529908], [0.5105360961540545, 0.16571200147759793, 0.1740784962242737, 0.14967340604407384], [0.14080603965264393, 0.10637643963980885, 0.1988610491721443, 0.5539564714354029], [0.08983327313607731, 0.07000151171578044, 0.698659588346657, 0.14150562670148528], [0.2130742190107087, 0.2614381572128439, 0.22916677250408105, 0.29632085117236634], [0.0871425704996679, 0.10599578758020531, 0.6885239974685817, 0.11833764435154505], [0.09960991816933422, 0.6263368211827309, 0.12318740519348644, 0.15086585535444844], [0.1045386979080021, 0.6080128776423914, 0.16603886207912694, 0.1214095622704795]], "ideal": "C", "sampled": "C", "correct": true}}
{"type": "result", "data": {"idx": 1, "options": ["buildings will be built faster", "buildings will be made safer", "building designs will look nicer", "building materials will be cheaper"], "probs": [[0.09025078602166924, 0.8275389978780444, 0.03774342826165674, 0.04446678773862955], [0.09605371951096348, 0.8145599960466263, 0.042432814832258796, 0.046953469510151453], [0.04866885820291985, 0.04070436999581926, 0.8557132577306382, 0.05491351397062268], [0.03188652881787891, 0.03504853283581724, 0.03848053099038248, 0.8945844072559214], [0.053623895357992404, 0.040510604555054085, 0.8646348601069787, 0.0412306398799748], [0.0314016486464086, 0.04097089482477537, 0.026255275660284284, 0.9013721807685318], [0.8468169127472924, 0.08452056651727571, 0.04157671860162122, 0.02708580203381066], [0.8320201169601227, 0.08909555025836492, 0.04965997209313277, 0.029224360588379596], [0.8312958253668061, 0.0904262329738119, 0.04884876528707858, 0.02942917627230336], [0.8177079435706811, 0.09469495571657355, 0.054028260642426634, 0.033568839970318724], [0.8480142523685242, 0.08138671107252946, 0.0443128511331491, 0.026286185325797212], [0.8336874531237272, 0.08719165297501884, 0.04747140602771803, 0.03164948777353591], [0.04068284938459765, 0.04402689323688742, 0.8558915842886445, 0.059398672989870394], [0.02586251358918222, 0.0291068913219613, 0.034816153992512006, 0.9102144409963444], [0.05658576573701106, 0.8554873966074492, 0.03664260688829631, 0.051284230667243365], [0.054996603460994796, 0.8509889434393126, 0.0397185841100116, 0.05429586888968095], [0.026701673265819223, 0.02759004508599309, 0.027576175830523308, 0.9181321057176643], [0.04285864728467316, 0.043570885507578636, 0.8529452331166951, 0.06062523399105307], [0.04437044460793687, 0.040757888883354444, 0.8700146467120256, 0.04485701969668312], [0.02521651228557001, 0.04192185758409206, 0.02464593192447902, 0.9082156981058589], [0.07818190153245191, 0.838150337965238, 0.04102033080160813, 0.042647429600702], [0.07358453147925219, 0.8395293637445957, 0.041413741501982855, 0.04547236317416924], [0.02533007476690051, 0.02576402642598414, 0.029173594982613415, 0.9197323037245019], [0.038705805468716756, 0.03843474960720081, 0.865938768162943, 0.05692067666113943]], "ideal": "B", "sampled": "B", "correct": true}}
{"type": "result", "data": {"idx": 2, "options": ["Chemical energy is absorbed through the roots.", "Light energy is converted to chemical energy.", "Chlorophyll in the leaf captures light energy.", "Sunlight is converted into chlorophyll."], "probs": [[0.07344023609022142, 0.6469903942671736, 0.17244278740489166, 0.10712658213771328], [0.05301690532873405, 0.7228953322368895, 0.05784058634925303, 0.16624717598512345], [0.0910494788056382, 0.5960663049230899, 0.19931462702120914, 0.11356958915006275], [0.07890700783259391, 0.67330910775214, 0.07365802894267064, 0.17412585537259537], [0.0808160913031361, 0.18825136403721615, 0.34683648265166434, 0.3840960619079834], [0.06165738477110451, 0.16917049063832493, 0.4646096600130299, 0.30456246447754065], [0.15025637930428173, 0.05845595107048352, 0.6877628512904507, 0.10352481823478411], [0.10566110047601643, 0.03544520052586397, 0.08109893387334778, 0.7777947650247719], [0.36195958600938627, 0.5201559797939994, 0.04646638529009139, 0.07141804880652289], [0.40199366043263, 0.4750718996328767, 0.05666895139377871, 0.06626548844071456], [0.13446047512635984, 0.05149827574036892, 0.04335825500159607, 0.7706829940316752], [0.2659497419299812, 0.09199780028125366, 0.5527993769569357, 0.08925308073182935], [0.7367877328176206, 0.04361801592862148, 0.15250553372606238, 0.06708871742769554], [0.702447243946687, 0.04391132720006917, 0.05961480568492664, 0.19402662306831717], [0.9159145404427534, 0.027062619351862497, 0.022797139863050753, 0.034225700242333325], [0.9000250912341996, 0.03549742136127807, 0.031101648902276065, 0.03337583840224626], [0.4194020973404797, 0.0577084540261934, 0.046053387734755605, 0.4768360607985713], [0.8565802445660732, 0.039179194130865916, 0.058406508582853255, 0.04583405262020767], [0.0468438475472775, 0.03431279469379697, 0.5254547419279898, 0.39338861573093575], [0.047103879334266185, 0.04292883835490609, 0.717316288508321, 0.1926509937025067], [0.07382086303647782, 0.07275648793815742, 0.050386692226160816, 0.8030359566992039], [0.1108923239762111, 0.1371354291132729, 0.6317708397506091, 0.12020140705990694], [0.07037459979574046, 0.4493296691773437, 0.05115534680024076, 0.4291403841266751], [0.13709328250150163, 0.5272050185150193, 0.20464571088617745, 0.13105598799730162]], "ideal": "C", "sampled": "C", "correct": true}}
{"type": "result", "data": {"idx": 3, "options": ["the control", "the hypothesis statement", "the dependent (responding) variable", "the independent (manipulated) variable"], "probs": [[0.06242679151904363, 0.06759724121009714, 0.18530735647773414, 0.6846686106931251], [0.07236086252975175, 0.09525461813206826, 0.7173990881888322, 0.1149854310493477], [0.07580930050307368, 0.09520778129942659, 0.08949294007041891, 0.7394899780270808], [0.08897916393939287, 0.16139739776230383, 0.6604598798053894, 0.08916355839291384], [0.12335725229116946, 0.5089564653521302, 0.10579019232130618, 0.2618960899353941], [0.18898643551367125, 0.46184357996136877, 0.23960734901416333, 0.10956263541079667], [0.05934233221123624, 0.07872682562560859, 0.19046480667885007, 0.671466035384305], [0.06500805265563415, 0.10652185389111933, 0.696827481570112, 0.13164261178313455], [0.05657091609781958, 0.07104573239318462, 0.1858527171607865, 0.6865306342482093], [0.06962027626382418, 0.141963292497856, 0.7117947405017842, 0.07662169063653569], [0.1339160988767967, 0.468843712427334, 0.15219068979263373, 0.24504949880323557], [0.15628072268560728, 0.4395381411573752, 0.3022917143186, 0.10188942173841743], [0.09686675522451375, 0.08761197942197423, 0.1082716940492646, 0.7072495712042475], [0.08547717905154345, 0.12750499804194002, 0.6914789543601104, 0.09553886844640609], [0.06940246480859194, 0.04813555101745223, 0.17342620238069187, 0.709035781693264], [0.06656317263407324, 0.09622046135401105, 0.759232265592463, 0.07798410031945269], [0.1778442856214952, 0.6626663750442562, 0.0875167992823583, 0.07197253995189026], [0.17242660538677876, 0.6945389871690617, 0.07144620029280457, 0.06158820705135498], [0.4231085745335561, 0.2164363546718559, 0.12447646911332634, 0.23597860158126166], [0.5347954193651957, 0.19243631338449133, 0.1782779150509749, 0.09449035209933802], [0.3664673730275452, 0.1578330169981696, 0.1805680027677452, 0.29513160710654], [0.4950505344089693, 0.17262641108176627, 0.24207498852201462, 0.09024806588724982], [0.5982305496069177, 0.21698922240038265, 0.10181161166918823, 0.08296861622351144], [0.6497206847652304, 0.1968407200708357, 0.08542516998966718, 0.06801342507426675]], "ideal": "D", "sampled": "D", "correct": true}}
{"type": "result", "data": {"idx": 4, "options": ["They have each lost kinetic energy.", "They have each gained the same amount of potential energy.", "They have each lost the same amount of potential energy.", "They have each gained one-half of their maximum kinetic energy."], "probs": [[0.29214686152397745, 0.28604078289986273, 0.2650964259836222, 0.15671592949253763], [0.32495080453034764, 0.29893892109566944, 0.19481011642623572, 0.1813001578477472], [0.2835163685035586, 0.2886646902767756, 0.2633564668150988, 0.164462474304567], [0.3211371754770481, 0.28187234926955906, 0.20017786917273733, 0.19681260598065548], [0.3253000627833141, 0.2403653227988126, 0.20121513005248515, 0.2331194842653882], [0.3340025991166583, 0.24484853048477234, 0.2148620284072186, 0.20628684189135071], [0.3062124756801142, 0.20431672915809446, 0.32000370856888705, 0.16946708649290432], [0.3521986708348062, 0.2173972045382184, 0.2179141109342251, 0.2124900135927503], [0.35615944858804127, 0.3328027724886924, 0.1501555591671515, 0.16088221965611485], [0.3280795465367846, 0.32902544243285814, 0.16958459957357253, 0.17331041135678474], [0.3343267192256911, 0.2394450789367883, 0.1958197384253981, 0.2304084633121225], [0.32904617504258876, 0.22833323945802395, 0.27418895327438547, 0.1684316321250018], [0.4184520022258733, 0.19942838244485786, 0.23385549189990124, 0.1482641233293676], [0.4085249249839505, 0.204100337848539, 0.20142636901667307, 0.18594836805083742], [0.4452091521355719, 0.27049205107505336, 0.13837926294581018, 0.14591953374356456], [0.4035832225338873, 0.27151825616746567, 0.17023664457531149, 0.15466187662333555], [0.40644881730856275, 0.2691917459277098, 0.15851046379576203, 0.16584897286796538], [0.38122414402653815, 0.26460169954629076, 0.19862736167628037, 0.15554679465089075], [0.3233165836999331, 0.2816258156502496, 0.19692077327549506, 0.19813682727432222], [0.30582407569545095, 0.28362238826929076, 0.2094531090266629, 0.20110042690859534], [0.35162159436566054, 0.24791431781512296, 0.2027401478937294, 0.19772393982548708], [0.26752182439987165, 0.21879215210288105, 0.3322126219504764, 0.1814734014467709], [0.2845662618759696, 0.3416102630038264, 0.17460614961446133, 0.1992173254057426], [0.2891452822054776, 0.33647703118306216, 0.2192183816446675, 0.15515930486679277]], "ideal": "D", "sampled": "C", "correct": false}}
{"type": "result", "data": {"idx": 5, "options": ["a non-infectious, cell-cycle disease", "an infectious, cell-cycle disease", "a non-infectious, chronic disease", "an infectious, chronic disease"], "probs": [[0.17269009350003445, 0.47389030451804065, 0.10573308168784436, 0.24768652019408052], [0.14662193088157374, 0.5416931034461322, 0.12466480860353413, 0.18702015696875995], [0.14032968641871782, 0.14485147398914042, 0.28178226484064134, 0.4330365746515004], [0.11980252801026825, 0.12661004159533015, 0.3041424773637976, 0.44944495293060394], [0.08701185719623314, 0.43246078406529626, 0.3240282156460353, 0.15649914299243534], [0.13231596940845178, 0.5161385766409633, 0.11160116395435556, 0.23994428989622937], [0.285012807146825, 0.24206757182341726, 0.146977437317911, 0.3259421836118468], [0.3797331451989957, 0.24918057021987106, 0.21019674835487295, 0.16088953612626028], [0.28308393255525804, 0.23855905164234734, 0.26448477888351957, 0.213872236818875], [0.30908670557795537, 0.20119633968850156, 0.3378076204646437, 0.15190933416889935], [0.3267395891440878, 0.34543145728923025, 0.15953878042112163, 0.16829017304556027], [0.3270607146117537, 0.3248139474299307, 0.167378522407132, 0.18074681545118365], [0.12390523211485419, 0.15193662725076454, 0.2628318188597504, 0.4613263216746309], [0.11479234865340576, 0.1342769136037796, 0.2960134192411141, 0.4549173184017006], [0.13948877154385905, 0.4727540909771234, 0.14644625781502152, 0.24131087956399605], [0.11780830559303693, 0.4597252939161283, 0.21215409196396626, 0.2103123084268685], [0.14285046073633145, 0.5036000683936546, 0.10634495475338825, 0.24720451601662569], [0.12117545847167344, 0.5317713855467066, 0.15468554888693348, 0.19236760699468647], [0.34208248513127665, 0.19341461984005803, 0.32731564366603627, 0.137187251262629], [0.3199751031082508, 0.23245183774811334, 0.22216027641816186, 0.225412782625474], [0.3608373945465843, 0.3017644836933972, 0.16684074449598202, 0.17055737716403652], [0.3781868347957958, 0.2856912186892197, 0.16687298563511935, 0.1692489607798652], [0.3289913534789112, 0.2729889750207663, 0.16446590421939325, 0.2335537671809293], [0.4387167132226969, 0.2312846045689204, 0.19508888152741274, 0.13490980058096994]], "ideal": "B", "sampled": "D", "correct": false}}
{"type": "result", "data": {"idx": 6, "options": ["to repare for migration before winter", "to provide warmth during the cold winter months", "to store food that will be eaten over the winter months", "to protect the grasses and seeds from decay before winter"], "probs": [[0.07776309780782963, 0.057587729614809076, 0.6486424400349247, 0.21600673244243665], [0.109698140659982, 0.07005047626506565, 0.4931776033217782, 0.3270737796531742], [0.09728985915153779, 0.7592012200579669, 0.055236789706375, 0.08827213098412033], [0.10150221496156503, 0.7501463758798601, 0.06581548708316168, 0.08253592197541323], [0.1648338510602023, 0.3984161793079199, 0.10702716291492047, 0.3297228066169573], [0.11000869340088065, 0.1838525817817434, 0.48769598831056254, 0.21844273640681336], [0.0653379532677256, 0.057900661086806915, 0.6726840458155359, 0.20407733972993158], [0.08111406438881795, 0.07078412550360763, 0.5563513941919284, 0.29175041581564604], [0.09855403482376379, 0.7821563860291137, 0.0501670749888767, 0.06912250405824578], [0.11899169613395034, 0.7588342599463325, 0.059181973750448744, 0.06299207006926841], [0.17804714076071124, 0.2867544974622819, 0.08397384237325409, 0.4512245193037528], [0.13785827569352688, 0.18532242431344345, 0.5243772424047507, 0.15244205748827894], [0.8737025683175031, 0.038466399531925544, 0.0391337219912108, 0.048697310059360496], [0.8604683471460345, 0.043939610058285915, 0.0494807857854533, 0.046111256910226314], [0.8911404874369596, 0.03410532799335985, 0.03387980263728264, 0.04087438183239788], [0.8777833383893116, 0.040513805135449894, 0.04560802774551344, 0.03609482862972511], [0.9021406424859097, 0.035885405794446365, 0.030974202720355476, 0.030999748899288377], [0.8972125375583383, 0.03829195351668193, 0.03437789941300374, 0.030117609411976082], [0.2256991894325345, 0.0685967692650998, 0.08744059046165838, 0.6182634507407073], [0.12098797974288589, 0.0649915029789857, 0.6369420194444587, 0.1770784977336697], [0.2502311933414869, 0.0709103383323244, 0.06877724466946851, 0.6100812235567202], [0.21889806977795984, 0.08276425367953157, 0.5626925960393929, 0.13564508040311574], [0.2013263784691164, 0.6551441222019454, 0.06122431036764359, 0.08230518886129451], [0.20879097591921394, 0.6486363506955419, 0.06605226644290979, 0.07652040684233438]], "ideal": "C", "sampled": "C", "correct": true}}
{"type": "result", "data": {"idx": 7, "options": ["There was once more water in the area.", "The area was once grassland.", "The climate in the area was once tropical.", "There are active faults in the area."], "probs": [[0.17934341038505253, 0.09167799017457262, 0.6419381189570782, 0.08704048038329665], [0.11257549574038621, 0.0381094869358602, 0.06187249047307948, 0.787442526750674], [0.20874826698350776, 0.6270280655349164, 0.09827315147386965, 0.0659505159077062], [0.22813786988915993, 0.6386412500443416, 0.07439124722018581, 0.05882963274631264], [0.1995037317150447, 0.08140783634850152, 0.09025687588956088, 0.6288315559468929], [0.0871496317020218, 0.0690299395764157, 0.7836898272561458, 0.06013060136541675], [0.1117490463294667, 0.13398469184580558, 0.6702099042335552, 0.08405635749117252], [0.08774843418845278, 0.0746852349555953, 0.06698881534612178, 0.7705775154098301], [0.13106193356026297, 0.6149373283404694, 0.1829785744377636, 0.07102216356150395], [0.1203689780655986, 0.6815994875703212, 0.10675464410377945, 0.09127689016030074], [0.09264676306456252, 0.05504167472408772, 0.12318194702221195, 0.7291296150891378], [0.04621548864126939, 0.05494752050857026, 0.8135354366544062, 0.08530155409575416], [0.9013905675413498, 0.034148347201760486, 0.03627665401351135, 0.028184431143378354], [0.9165397864473124, 0.029017956870466755, 0.030112475097683954, 0.02432978148453687], [0.9067950518057452, 0.028708287436126422, 0.037654803321613514, 0.02684185733651492], [0.9240598918632201, 0.02388209911634629, 0.028093886360164973, 0.02396412256026855], [0.9015762788243977, 0.03038164408502589, 0.03984848402070285, 0.0281935929698735], [0.9131868701845463, 0.027157333403057114, 0.03219051364203628, 0.027465282670360327], [0.06062209515230472, 0.11089028251715817, 0.08918559417450266, 0.7393020280560344], [0.0463078462091295, 0.10699391204547977, 0.7841236473711459, 0.06257459427424482], [0.04119522777096483, 0.03116546501282833, 0.1062745651584112, 0.8213647419577956], [0.03268380969257861, 0.05267387098818506, 0.8045486540661687, 0.11009366515306761], [0.050666261787143445, 0.7855075666300132, 0.1137518955372735, 0.050074275945569804], [0.04889951218660484, 0.8010911255151871, 0.08548770748541536, 0.06452165471279266]], "ideal": "C", "sampled": "C", "correct": true}}
{"type": "result", "data": {"idx": 8, "options": ["The chicken population would go down.", "Populations of mice and rats would increase.", "Another bird of prey would replace the hawk.", "The chickens would have a lower rate of disease."], "probs": [[0.11802128613289191, 0.3372256134319918, 0.332387713068359, 0.21236538726675727], [0.06298584912737652, 0.12841972078423103, 0.07493672276604713, 0.7336577072223452], [0.0997853033192813, 0.3836146208942484, 0.28967534845386445, 0.22692472723260587], [0.04296160047917503, 0.10898312206474627, 0.06067780461627796, 0.7873774727398007], [0.04931478128365089, 0.044985293667209374, 0.3354305276620155, 0.5702693972871242], [0.04630473410896817, 0.03264201914110014, 0.1834905059877374, 0.7375627406621943], [0.4643691618088185, 0.14288832671668747, 0.25535092516225905, 0.137391586212235], [0.4192514592212965, 0.1543870671121745, 0.13331736225591, 0.29304411131061897], [0.4273273157350765, 0.2595769646693336, 0.17314512251917533, 0.13995059697641457], [0.40684303637250846, 0.3028199076349707, 0.13453099130238858, 0.15580606459013227], [0.4843954633199585, 0.09251332820369544, 0.17732943196320258, 0.2457617764131435], [0.4288260595862036, 0.09574758086126703, 0.3124851770377704, 0.16294118241475894], [0.3905271945581795, 0.16175677121685803, 0.25112712754967575, 0.1965889065752867], [0.1368706493642256, 0.06627309173562543, 0.08923660763422, 0.707619651165929], [0.3229407869570137, 0.3136118258635958, 0.19041574922041063, 0.17303163785897982], [0.36888374543451813, 0.30395407840344957, 0.1471645599679064, 0.17999761609412587], [0.24480787433386492, 0.06055432308677441, 0.19121746794004493, 0.5034203345393158], [0.323653298447948, 0.0892653804456815, 0.32248567330273464, 0.2645956477036358], [0.0578930452408118, 0.06031348555677001, 0.2277459203969184, 0.6540475487054997], [0.044131434791868984, 0.039944208559211054, 0.2606179675107159, 0.655306389038204], [0.07777718627667167, 0.2742995680810296, 0.18858421268479156, 0.4593390328575071], [0.07682525651972853, 0.24094884992771065, 0.43374823155194137, 0.2484776619006194], [0.06448525310178252, 0.29423347242933307, 0.15627025042764336, 0.48501102394124107], [0.08101126511220812, 0.3905734637178688, 0.2664504984957522, 0.26196477257417083]], "ideal": "B", "sampled": "B", "correct": true}}
{"type": "result", "data": {"idx": 9, "options": ["the atom", "the electron", "the nucleus", "the proton"], "probs": [[0.5900080291338049, 0.1347400864040235, 0.1248893309243204, 0.15036255343785118], [0.5555839869172496, 0.13825909125966615, 0.12717960041560103, 0.17897732130748314], [0.5529943868857278, 0.13338011899389535, 0.15266803360449566, 0.1609574604158812], [0.5887436997765981, 0.11409425244295157, 0.1336664885223316, 0.16349555915811864], [0.5937507373153008, 0.12056770623639448, 0.14019284173162708, 0.1454887146166776], [0.565053901208084, 0.11839589171402436, 0.1571832357630618, 0.1593669712148299], [0.2229550811865755, 0.4724116097277598, 0.13230799334377183, 0.17232531564189285], [0.21225929033179153, 0.5258113458710421, 0.10043170155663521, 0.16149766214053118], [0.12039358553893686, 0.08275638273256818, 0.6526773972848827, 0.14417263434361227], [0.1938224473378835, 0.06966541636523142, 0.11498517910587805, 0.621526957091007], [0.12121537033058648, 0.09294166016176983, 0.5843543031359348, 0.2014886662717089], [0.19342377059374047, 0.07342765206006326, 0.13207259280878594, 0.6010759844374103], [0.12568155678932058, 0.6440474178175262, 0.09955594536000002, 0.13071507993315318], [0.10715062649149901, 0.677918941217771, 0.08963147950608927, 0.12529895268464075], [0.07917417054153836, 0.10573196446145482, 0.6392873096304673, 0.17580655526653952], [0.1386842481163133, 0.09385408064730998, 0.10481761785359123, 0.6626440532827855], [0.05986560180084481, 0.08378024460863892, 0.6761018683539881, 0.18025228513652816], [0.12626356073344083, 0.08282029751337319, 0.12839763056540443, 0.6625185110877816], [0.16631895797732127, 0.5048849732634682, 0.14029287218517444, 0.18850319647403613], [0.1514941557645057, 0.44572888472007205, 0.17878466309951052, 0.22399229631591172], [0.09612174159052825, 0.10894228421208318, 0.567788277079802, 0.2271476970175866], [0.16453183431165438, 0.10379367039627528, 0.12435082155790866, 0.6073236736341616], [0.08441959688327728, 0.10027018485242939, 0.6012601583031496, 0.21405005986114375], [0.15216765259674378, 0.12520569934801992, 0.1866832430975687, 0.5359434048576676]], "ideal": "A", "sampled": "A", "correct": true}}
{"type": "result", "data": {"idx": 10, "options": ["life processes", "size differences", "plasma membranes", "energy molecules"], "probs": [[0.24255067107636138, 0.4267974793484183, 0.14755989609673234, 0.183091953378488], [0.22064753203342544, 0.4793028604401099, 0.09588372849285995, 0.20416587893360472], [0.24374376961368027, 0.328632304892826, 0.23171580526048827, 0.19590812013300543], [0.24899917275945732, 0.40506513431585567, 0.10819960787553942, 0.23773608494914758], [0.19168118211740276, 0.17592230961716213, 0.3861010785342913, 0.2462954296311438], [0.2418342602557778, 0.2274065681291675, 0.29066694646154734, 0.24009222505350736], [0.3946683884861268, 0.2892392191228347, 0.1423275130151187, 0.17376487927591988], [0.4428406323252719, 0.26894028595024816, 0.10067897144019962, 0.18754011018428027], [0.5295448977647897, 0.17747237050952575, 0.12514287418578646, 0.167839857439898], [0.5615208786277791, 0.175396995045564, 0.09189292110994127, 0.1711892051167156], [0.517121568780732, 0.14029172479572843, 0.13527663453885083, 0.20731007178468866], [0.5307490904210105, 0.13958291916021995, 0.15740446979326228, 0.17226352052550734], [0.31346854097288557, 0.21391401864067358, 0.2868666605831416, 0.18575077970329923], [0.4300052321273406, 0.2268405160119902, 0.12167176129953737, 0.2214824904611318], [0.4513576760841361, 0.26990620103480056, 0.11270441449660781, 0.1660317082844555], [0.38175222842678924, 0.3565266185124816, 0.09094256297248986, 0.17077858998823933], [0.44786661502214287, 0.1597510159041412, 0.13700139990558624, 0.2553809690681297], [0.2459311861211429, 0.13685451713136557, 0.42713516107682253, 0.19007913557066897], [0.149385973796211, 0.16662806270840433, 0.4376169144669652, 0.24636904892841943], [0.17602138922742863, 0.2042855528857172, 0.3771326968978497, 0.2425603608890045], [0.22264656922795265, 0.43687207428068886, 0.11945932680300299, 0.22102202958835548], [0.2303637059967491, 0.4738700561761793, 0.12852692943775496, 0.16723930828931668], [0.2567142228770272, 0.3684409232930388, 0.11596179665984058, 0.2588830570700934], [0.20841116642705912, 0.2966289354547286, 0.3021464780630434, 0.19281341995516882]], "ideal": "B", "sampled": "B", "correct": true}}
{"type": "result", "data": {"idx": 11, "options": ["The Sun influences the formation of waves.", "The Sun creates water particles.", "The Sun's rays cause organisms to come to the surface.", "The Sun provides minerals."], "probs": [[0.2956248311589026, 0.16986868290003235, 0.2621190327775331, 0.2723874530635319], [0.31372235624584127, 0.1615764123744505, 0.1970856873681313, 0.3276155439115769], [0.31847040760136264, 0.28810943887389134, 0.1685149918933076, 0.2249051615314384], [0.3256683799745044, 0.2702943561569306, 0.18631224989612297, 0.2177250138724421], [0.3106871545004102, 0.18710117040193655, 0.19984932241825512, 0.30236235257939814], [0.3004703864224846, 0.19261610793059294, 0.26642263329974863, 0.24049087224717386], [0.17646377751064624, 0.33033298458333615, 0.2121357258305688, 0.28106751197544877], [0.17877904536190842, 0.3143332506600625, 0.16338084149572085, 0.34350686238230826], [0.13897823664743636, 0.19163469111636114, 0.37391848677002215, 0.29546858536618037], [0.10629547274810902, 0.11593342517250306, 0.1236182524806771, 0.6541528494987108], [0.12447970822995755, 0.1315397073025483, 0.3618431523767053, 0.38213743199078887], [0.12259866296019038, 0.11893989144566369, 0.17070701716623313, 0.5877544283279128], [0.2685041805387506, 0.3269452251746708, 0.1610194939517737, 0.2435311002348049], [0.280327652073598, 0.30826861122548366, 0.18174800545764438, 0.22965573114327398], [0.25618106887702546, 0.17890401715945348, 0.3156411145502925, 0.24927379931322857], [0.1930457502410485, 0.12866164742613684, 0.15931287406281933, 0.5189797281699954], [0.22552235758317862, 0.1870622662575083, 0.3247475374127655, 0.2626678386465476], [0.16428143540104062, 0.1341672181576187, 0.143169873498821, 0.5583814728425197], [0.18740354197232148, 0.3071249975385356, 0.16730117546880371, 0.3381702849203392], [0.2006137996802852, 0.3016659364050849, 0.24307625355489546, 0.25464401025973443], [0.13068754453302464, 0.14028501064305926, 0.38596209775239737, 0.34306534697151875], [0.1257926644454423, 0.12202917510475685, 0.16323814919661436, 0.5889400111531865], [0.16337853181580486, 0.24365254508047976, 0.33693828171286405, 0.2560306412908513], [0.13018653703580382, 0.19114873446927994, 0.12363452655474429, 0.5550302018401719]], "ideal": "A", "sampled": "A", "correct": true}}
{"type": "result", "data": {"idx": 12, "options": ["32\u00b0 F", "41\u00b0 F", "78\u00b0 F", "98\u00b0 F"], "probs": [[0.21977494982332088, 0.2169335218590156, 0.3529939405713236, 0.2102975876463399], [0.14719603122175154, 0.11852852038726404, 0.1262720432574858, 0.6080034050334986], [0.2678818702429872, 0.33978927132069636, 0.20624490080201496, 0.18608395753430146], [0.23579340819454506, 0.3415658422729663, 0.2073148904933608, 0.21532585893912784], [0.1489761460499788, 0.09866977408532726, 0.17887019976026597, 0.573483880004428], [0.09373293350393826, 0.09465837014736979, 0.6492095186421613, 0.16239917760653066], [0.18297088017503177, 0.2547777186658801, 0.33562889212209124, 0.22662250893699687], [0.12914123167734132, 0.12349776002291471, 0.1285383605427383, 0.6188226476570057], [0.18537043694622352, 0.4292188690522753, 0.19807486838767135, 0.1873358255138298], [0.16545807070058138, 0.4044988513258741, 0.22521011864690124, 0.20483295922664327], [0.1217999663558997, 0.10603596856076175, 0.16058930513758954, 0.611574759845749], [0.07529223429060186, 0.10473276283540194, 0.6538116091651219, 0.16616339360887428], [0.3311459769148185, 0.23181283817078424, 0.2433542943257268, 0.19368689048867047], [0.3263306368014316, 0.2413406705814758, 0.23065696998103047, 0.2016717225360621], [0.37013895312347206, 0.23775964764606347, 0.21679306100916232, 0.17530833812130217], [0.2656868954379873, 0.2174144503642098, 0.3219944786406257, 0.19490417545717723], [0.3273950419278861, 0.29675080484907224, 0.18878511519972763, 0.18706903792331406], [0.3218535184538376, 0.30807775255937164, 0.19599500296540112, 0.17407372592138962], [0.10050271154692281, 0.07904411459865998, 0.16233084329818406, 0.6581223304562331], [0.08597308780763012, 0.10639083860007731, 0.6193122543957923, 0.18832381909650023], [0.11361547659806792, 0.09662788335220453, 0.15335321077312405, 0.6364034291766034], [0.07511480561124528, 0.10781817400190119, 0.6838803580965025, 0.13318666219035108], [0.1379675310106453, 0.4761640272905316, 0.17649372446243494, 0.2093747171363882], [0.14335950994012386, 0.4539334407898823, 0.20620855379711991, 0.19649849537287392]], "ideal": "C", "sampled": "C", "correct": true}}
{"type": "result", "data": {"idx": 13, "options": ["Repeat the investigation.", "Write a report of the results.", "Make a table for recording data.", "Make daily observations of the light bulbs."], "probs": [[0.16230077033508358, 0.14936212148848013, 0.3147957716506568, 0.37354133642577947], [0.15269568105912082, 0.14381041692814336, 0.365736056358717, 0.33775784555401883], [0.1838184987176868, 0.19474502815608727, 0.1604064506010805, 0.4610300224251454], [0.21890807008729252, 0.273238370298959, 0.3229641375394454, 0.1848894219743031], [0.16136803452702136, 0.17498473113447266, 0.1271774527531696, 0.5364697814853364], [0.21627860091369122, 0.27858555729264023, 0.3044621989491431, 0.20067364274452545], [0.17640018285538425, 0.14545170554939535, 0.3114664190298599, 0.36668169246536053], [0.15695826153128917, 0.12641242898704672, 0.3291284041748177, 0.3875009052068464], [0.16616170601857186, 0.22269830769154597, 0.16053472936141683, 0.45060525682846536], [0.16680655378838907, 0.19554159626023374, 0.41584919138115145, 0.2218026584702257], [0.13439461287120244, 0.22234205402426133, 0.08712554527412343, 0.5561377877304128], [0.20508765866661102, 0.33685561509257234, 0.19363169081611736, 0.26442503532469924], [0.3631076948082468, 0.14930946455999625, 0.1877747988017718, 0.29980804172998515], [0.41920713692255823, 0.17639399274638684, 0.2236647803709607, 0.18073408986009426], [0.3163008501034072, 0.17379150247078679, 0.17964432061042107, 0.33026332671538494], [0.28000185725278637, 0.17152025315000793, 0.31921712512213024, 0.22926076437507548], [0.4240607555671546, 0.2899404422657758, 0.13084597689324515, 0.15515282517382445], [0.36382122740024303, 0.28632908203334084, 0.1302504351530229, 0.21959925531339322], [0.23647924631144907, 0.10849245411630265, 0.182121692687983, 0.47290660678426527], [0.2720782024634916, 0.14359746237734233, 0.38931103877174156, 0.19501329628742445], [0.2412002045211486, 0.12943816762336877, 0.169127680454374, 0.4602339473011086], [0.2899945887634859, 0.15800198440157917, 0.2849352274569478, 0.26706819927798714], [0.3660498072153791, 0.29497075957003244, 0.15442862075300348, 0.18455081236158496], [0.33474537228060053, 0.2573761901393024, 0.14012194959726496, 0.26775648788283213]], "ideal": "C", "sampled": "C", "correct": true}}
{"type": "result", "data": {"idx": 14, "options": ["ozone", "methane", "water vapor", "carbon dioxide"], "probs": [[0.060575724544662354, 0.043312624737947565, 0.20675269075282213, 0.689358959864568], [0.07800010020251126, 0.09559874449307568, 0.7136538187517446, 0.11274733645266846], [0.05674018274343142, 0.18187913093522312, 0.09511592131889979, 0.6662647649024457], [0.08461241423237585, 0.4763068258286053, 0.36830371614587837, 0.0707770436931405], [0.10176291302595311, 0.6245473753373602, 0.12884516052766937, 0.14484455100901736], [0.09230928316926047, 0.5037380752215858, 0.31295965233536294, 0.09099298917379081], [0.08006829291010395, 0.032875833269208656, 0.27546737518836506, 0.6115884985323223], [0.10655223369555977, 0.06363730308039664, 0.7356774148493777, 0.09413304827466598], [0.09149198169776672, 0.07830116735369513, 0.08603136136501223, 0.7441754894835259], [0.12459163178412282, 0.21371618866494807, 0.5866314434402811, 0.07506073601064807], [0.13539707480627822, 0.6941615418701109, 0.08821609724778867, 0.08222528597582213], [0.1328183511951982, 0.6446369645607696, 0.1567187548749356, 0.06582592926909665], [0.11928898083070683, 0.028796873891262, 0.1078662193450969, 0.7440479258329342], [0.21263436431402158, 0.07464313840014478, 0.6414266514774474, 0.07129584570838628], [0.13446710063341458, 0.03296945751376083, 0.09249771764498922, 0.7400657241078353], [0.1661498545972126, 0.08620090807418472, 0.6744221455157832, 0.0732270917128195], [0.3103423060475207, 0.5715744388356235, 0.06616556520535072, 0.05191768981150499], [0.33150154472367044, 0.522143604264138, 0.08592473746693959, 0.06043011344525201], [0.4447992277892967, 0.07791743136470805, 0.15641238701223384, 0.3208709537337614], [0.19556855133470344, 0.08816558406991938, 0.6333565381020566, 0.0829093263933206], [0.3077450165085835, 0.12733312234498806, 0.10569789495822066, 0.4592239660882078], [0.2793716018831726, 0.14270757775254606, 0.46927102513110414, 0.10864979513317717], [0.24776492074109105, 0.653747513536126, 0.05040310062865021, 0.04808446499413264], [0.24535114877936098, 0.6323414397177951, 0.06664310345398208, 0.05566430794886185]], "ideal": "C", "sampled": "D", "correct": false}}
{"type": "result", "data": {"idx": 15, "options": ["0 degrees Celsius", "32 degrees Celsius", "100 degrees Celsius", "212 degrees Celsius"], "probs": [[0.8246847531583034, 0.07917258850491364, 0.03774183208044933, 0.05840082615633362], [0.8192780552038981, 0.08372273977960312, 0.04927579648839559, 0.04772340842810317], [0.14461392683188382, 0.09866177373170719, 0.6755270504295064, 0.08119724890690258], [0.10095869455037357, 0.09790128906141017, 0.2191229858383305, 0.5820170304498857], [0.6907856463695201, 0.1268435120455737, 0.10950365661479732, 0.07286718487010892], [0.11234695555241153, 0.1015467719294487, 0.09109329364978003, 0.6950129787683598], [0.05207112124604353, 0.8222277283666953, 0.03906477478028925, 0.08663637550697188], [0.05911496739804211, 0.8174396952664144, 0.046845236382463705, 0.07660010085307982], [0.04261277393354955, 0.04296526833375135, 0.8248357937863371, 0.08958616384636199], [0.04481462716471902, 0.03518902554858388, 0.07280282742520805, 0.847193519761489], [0.05700012508210229, 0.06719231855168754, 0.7824694208938254, 0.09333813537238474], [0.0635555563902878, 0.051488968046327944, 0.06563559467295275, 0.8193198807904315], [0.034833402476207045, 0.7575941310838481, 0.1135147024134937, 0.09405776392645115], [0.040206719036079905, 0.8215009538696969, 0.056346863292681376, 0.08194546370154183], [0.04261586782941335, 0.43758713868662463, 0.40199619228101, 0.11780080110295194], [0.05138312547648121, 0.18951393160264127, 0.08092620645014399, 0.6781767363707335], [0.044700672148558426, 0.1187383414357194, 0.6898340165999551, 0.14672696971576704], [0.04456882667089031, 0.08728591579444091, 0.1070150239252765, 0.7611302335093922], [0.05300664666899905, 0.7862120474963621, 0.06764481392390233, 0.09313649181073654], [0.043168441395185914, 0.7368552288004079, 0.052976703401291056, 0.16699962630311513], [0.0675301745080395, 0.10463710405508399, 0.6944296048887215, 0.133403116448155], [0.0704463209207887, 0.07214313107220809, 0.07448475173093219, 0.782925796176071], [0.050589103812014015, 0.06297749350682624, 0.5535169901165836, 0.33291641246457615], [0.062177662495016744, 0.06884618179757324, 0.33927253264453383, 0.5297036229628762]], "ideal": "A", "sampled": "A", "correct": true}}
{"type": "result", "data": {"idx": 16, "options": ["exclude research on teeth or bones", "predict what the next discovery will be", "analyze new data as it becomes available", "delete earlier reports that were missing the new findings"], "probs": [[0.06539921670951578, 0.06006241096934181, 0.7631328075773754, 0.11140556464376694], [0.13222296633160338, 0.06707096894212632, 0.16864857201565064, 0.6320574926106196], [0.16092370209092435, 0.6326441669927572, 0.08485928795592831, 0.12157284286039018], [0.17454645745738248, 0.5733266215946169, 0.13393404479770435, 0.11819287605029632], [0.2022136432896246, 0.20405171627322127, 0.11538067258346071, 0.47835396775369343], [0.14366080713351798, 0.12986964895605316, 0.5837959385617733, 0.14267360524865563], [0.060422882330376786, 0.05637307852560435, 0.7683847059191533, 0.11481933312486552], [0.09978840759337015, 0.05826569872459707, 0.13129715962542457, 0.7106487339566082], [0.12011011346342727, 0.7374518760192061, 0.062346866575808034, 0.08009114384155856], [0.12861507166666278, 0.7358227076914076, 0.07330428363524144, 0.062257936906688224], [0.1023708470946568, 0.06880705314212854, 0.09403109154770817, 0.7347910081155065], [0.07015521287679109, 0.06492535217724738, 0.79355760785624, 0.07136182698972154], [0.7650936784195707, 0.07635480852887314, 0.0740358078850098, 0.08451570506654638], [0.7214239830224293, 0.09764216894472634, 0.09543265438436212, 0.08550119354848229], [0.7989391087686779, 0.06356969475110458, 0.06875597684887925, 0.0687352195313383], [0.8032422182208397, 0.0654112061547668, 0.07130667141519165, 0.06003990410920177], [0.7193803136867607, 0.10045268310754793, 0.09151363303704628, 0.08865337006864506], [0.7738854596032634, 0.08155750923691546, 0.0720050084517041, 0.07255202260811709], [0.24324295868729331, 0.18815482730426003, 0.12057595429311539, 0.44802625961533127], [0.13342070777006948, 0.09766407455516848, 0.6289612743964849, 0.13995394317827714], [0.15972012103926075, 0.0737737563712689, 0.1235607211924456, 0.6429454012970247], [0.07942986067979145, 0.05725205551175685, 0.7868181192646858, 0.07649996444376587], [0.3066668555827267, 0.4100541533127774, 0.1289776433722986, 0.15430134763219727], [0.3142074252587041, 0.4577998978097433, 0.0989436179615373, 0.12904905887001528]], "ideal": "C", "sampled": "C", "correct": true}}
