{"type": "result", "data": {"idx": 0, "options": ["middle ages", "chess board", "kids story", "fairy tale", "castle"], "probs": [[0.08926652777754347, 0.08315663360724837, 0.187417454182086, 0.47861620482725004, 0.16154317950587113], [0.0192467006415791, 0.03918965249801209, 0.41480225430351114, 0.20862417051021137, 0.3181372219467021], [0.05981179786821395, 0.24018626494609696, 0.1468841446640194, 0.4085417240575115, 0.14457606836415796], [0.2390910165041985, 0.12210490280320851, 0.46073583616793784, 0.10688608544704686, 0.07118215897762102], [0.07358610686641898, 0.08872271390291121, 0.36486266567401976, 0.17510504907494343, 0.29772346438169633]], "ideal": "D", "sampled": "D", "correct": true}}
{"type": "result", "data": {"idx": 1, "options": ["counter", "coffee table", "school room", "backpack", "bedside table"], "probs": [[0.3820081844974923, 0.18914989887252567, 0.16557173126572133, 0.06960336498503847, 0.19366682027921514], [0.26668689565461656, 0.0893158081077195, 0.09284992543720054, 0.19804318552907477, 0.3531041851713926], [0.17963142838400262, 0.070883761734868, 0.07545807676891401, 0.28475245208347266, 0.3892742809287345], [0.192079135666286, 0.11196627066550204, 0.2334439181935129, 0.19804521178865309, 0.2644654635860438], [0.2928398703423916, 0.17082589028951684, 0.2544537309374281, 0.09432767897801221, 0.18755282935264928]], "ideal": "B", "sampled": "A", "correct": false}}
{"type": "result", "data": {"idx": 2, "options": ["cleanness", "wetness", "exfoliation", "use water", "hygiene"], "probs": [[0.11122966306000977, 0.009417659633580069, 0.01577959498577811, 0.13843450701766755, 0.7251385752029771], [0.0011325286854971973, 0.0021656332737623246, 0.006467275255145284, 0.9596190339440918, 0.03061552874149989], [0.00420497595135288, 0.009186898737547022, 0.8734546798910859, 0.06426616035962063, 0.04888728496041646], [0.02742667332214973, 0.6335673666966564, 0.24435782998919034, 0.03334080664627571, 0.061307323245716104], [0.9017001594262629, 0.01402455893792359, 0.009785173512126188, 0.04386901922432171, 0.030621088799352845]], "ideal": "A", "sampled": "E", "correct": false}}
{"type": "result", "data": {"idx": 3, "options": ["table", "meeting", "drawer", "toilet", "garage"], "probs": [[0.9668434518314784, 0.019748519760400846, 0.006462599323737976, 0.004879547348195064, 0.0020658816362057898], [0.03872492895901316, 0.6809638656385156, 0.016395615053447447, 0.032120650244053785, 0.23179494000495693], [0.008283224601880124, 0.005389464411188537, 0.002545602804749295, 0.9798083619150966, 0.003973346167066412], [0.004386375415208499, 0.007633338860821325, 0.9763628500049024, 0.007399948086951861, 0.004217487532099383], [0.023382186523276817, 0.7275052050425695, 0.038540347482917015, 0.20518877043296382, 0.005383490418301603]], "ideal": "A", "sampled": "A", "correct": true}}
{"type": "result", "data": {"idx": 4, "options": ["damage", "wonderful", "exhaustion", "orgasm", "lazy"], "probs": [[0.03644778704327706, 0.15713894241828127, 0.3708804372278933, 0.36527516670555427, 0.07025766650500591], [0.09524400182488664, 0.177905991299155, 0.5523441372857486, 0.05961448755042953, 0.11489138193977916], [0.10770542859502372, 0.34508249588656115, 0.06380054497964262, 0.10440091887714405, 0.37901061156163124], [0.1631446187409141, 0.032638592411091606, 0.0393497293629175, 0.5143067597984111, 0.2505602995866575], [0.04746470548179792, 0.04899104169483316, 0.2546641610102179, 0.4133799430664353, 0.23550014864672483]], "ideal": "B", "sampled": "D", "correct": false}}
{"type": "result", "data": {"idx": 5, "options": ["enemies", "perform better", "sweat", "tension", "frostbite"], "probs": [[0.017351902960056804, 0.06451755935364424, 0.09832711239069372, 0.5073089751968565, 0.31249444999876164], [0.020501585175748682, 0.013662258793388123, 0.09780780410479442, 0.8581144106382401, 0.009913941187812208], [0.017294775609439955, 0.04084348876507361, 0.9151911203615073, 0.01116410946937619, 0.015506505694595591], [0.2064688286839278, 0.5611093047374728, 0.06751492396747966, 0.1301415255448228, 0.03476541696629888], [0.6845555579172315, 0.04013163645961215, 0.1784552262247312, 0.03890751174525787, 0.05795006755318476]], "ideal": "D", "sampled": "E", "correct": false}}
{"type": "result", "data": {"idx": 6, "options": ["free will", "choice", "will", "alcohol", "freedom"], "probs": [[0.2784920174353271, 0.4885397063185408, 0.14899302724364233, 0.038870459873713806, 0.04510478902876379], [0.025677948780437353, 0.007893216970244045, 0.009449051630254989, 0.07973822535567088, 0.8772415571633752], [0.004570084423985076, 0.0011922840620354745, 0.009304763662734148, 0.8841178581449453, 0.10081500960628398], [0.005219420207477646, 0.008603528980216381, 0.6568659016812579, 0.25323727548846797, 0.07607387354258195], [0.021962710668540535, 0.1453470484654781, 0.720958587363087, 0.09605093503734728, 0.015680718365533388]], "ideal": "B", "sampled": "A", "correct": false}}
{"type": "result", "data": {"idx": 7, "options": ["bathtub", "washing area", "hotel", "shower stall", "department store"], "probs": [[0.07191883275367446, 0.06861709899664192, 0.11578887019631132, 0.6665188713593662, 0.07715632659402251], [0.06459649702688071, 0.08039949305640326, 0.683653759894411, 0.08967137872987399, 0.08167887119243845], [0.10308269375408637, 0.18952782228048157, 0.13761837316989045, 0.440572830219795, 0.1291982804757348], [0.16216231517439222, 0.07777985319367814, 0.5274139891981834, 0.11494598281591825, 0.11769785951783486], [0.048062827151652145, 0.07498714162838624, 0.15033003083370955, 0.1550906810374976, 0.5715293192487301]], "ideal": "A", "sampled": "D", "correct": false}}
{"type": "result", "data": {"idx": 8, "options": ["new york city", "subdivision", "ring", "hazleton", "live in"], "probs": [[0.942285890615415, 0.018963215001040267, 0.017402813513917613, 0.011959858901548574, 0.009388221868062535], [0.0021220574738370465, 0.003391035204089941, 0.004121479890538541, 0.02816164743015779, 0.9622037799013536], [0.0031756361239695854, 0.004766822438427755, 0.010578041603954256, 0.974377733142553, 0.007101766591077828], [0.0044162160688356955, 0.010021658718808299, 0.9235775420828767, 0.03063338938270894, 0.03135119364675574], [0.023265141679103124, 0.893257411221975, 0.037759898598373406, 0.03894827387163244, 0.006769274528912832]], "ideal": "A", "sampled": "A", "correct": true}}
{"type": "result", "data": {"idx": 9, "options": ["very entertaining", "fun", "slow", "competitive", "violent"], "probs": [[0.004051727651974495, 0.0021348158434601715, 0.0076871370096118045, 0.16431281433815279, 0.8218135050568056], [0.00213317604693149, 0.0023069515318490568, 0.007158238465510035, 0.9748174581448199, 0.013584175710873453], [0.008990073954602934, 0.022238211832671124, 0.9166534384853962, 0.03873321733555596, 0.013385058291767542], [0.12354589002928269, 0.6733461167201139, 0.08966012205045566, 0.0961896121148945, 0.01725825898526995], [0.739267641552855, 0.0970036037947074, 0.06823836719027307, 0.059265269677479436, 0.03622511768469866]], "ideal": "E", "sampled": "E", "correct": true}}
{"type": "result", "data": {"idx": 10, "options": ["night sky", "galaxy", "outer space", "hollywood", "eat cake"], "probs": [[0.024065552768236336, 0.05013962846474257, 0.8884848897285245, 0.025019976728867972, 0.012289952209612539], [0.6158780729836839, 0.24117151738991688, 0.041575348356356796, 0.05463804812191626, 0.046737013048132645], [0.6135265437827507, 0.026140868527923033, 0.016227985285611, 0.14799268330064025, 0.19611191900307037], [0.002101617670141111, 0.0018687139618092056, 0.05089241105976175, 0.6544950087192507, 0.29064224848902503], [0.00344837224030636, 0.014858739441584147, 0.13990293615006508, 0.8305720152892216, 0.011217936778839843]], "ideal": "C", "sampled": "C", "correct": true}}
{"type": "result", "data": {"idx": 11, "options": ["new perspective", "entertained", "understanding", "hunger", "tired eyes"], "probs": [[0.7097618981052918, 0.023364885987482594, 0.20344393531713434, 0.03480411489276216, 0.028625165597318], [0.004868416755152745, 0.01510857545352615, 0.011314685866980145, 0.06982162049750762, 0.8988867013268523], [0.019983531197758482, 0.007236961165859583, 0.0065905005512018845, 0.9401322033370315, 0.02605680364814111], [0.0035657046360130173, 0.004910963459647704, 0.928672081537556, 0.019424252582052593, 0.04342699768474971], [0.007991480203459142, 0.17631048622635206, 0.03390850098992035, 0.7656417900698411, 0.016147742410442388]], "ideal": "A", "sampled": "A", "correct": true}}
{"type": "result", "data": {"idx": 12, "options": ["initiate", "ignore", "question", "answer", "ask"], "probs": [[0.21100546767533201, 0.27082079581697127, 0.15432824726979263, 0.17764809654100938, 0.18619739259688953], [0.18448152213479838, 0.13283263484474345, 0.1873962002247297, 0.2225544264547353, 0.27273521624099484], [0.09126061154262492, 0.1276981876295224, 0.16138307934879664, 0.3811203137724385, 0.23853780760662538], [0.076869889270805, 0.11007841299403619, 0.4319801353368001, 0.2385803263171657, 0.14249123598118069], [0.10707995499163414, 0.2015644875437994, 0.33767966189015364, 0.15821973155505195, 0.19545616391936416]], "ideal": "A", "sampled": "A", "correct": true}}
{"type": "result", "data": {"idx": 13, "options": ["hair brush", "ladies bathroom", "art supplies", "shower", "hair salon"], "probs": [[0.05992417588139132, 0.025564664923829257, 0.7471842526381488, 0.056284487344154525, 0.11104241911247473], [0.025247973669035143, 0.07192196226466017, 0.08950312747090454, 0.09829511095418467, 0.7150318255412033], [0.14824949647291225, 0.05455326672463209, 0.09426461278462146, 0.6241750025410512, 0.07875762137677374], [0.028369423236848688, 0.04226808067592493, 0.6210767817664063, 0.05731178915708336, 0.2509739250637535], [0.022881590273093937, 0.06120512303138793, 0.04340637013148891, 0.831723867429718, 0.040783049034304256]], "ideal": "C", "sampled": "A", "correct": false}}
{"type": "result", "data": {"idx": 14, "options": ["plastic bag", "pantry", "supermarket", "toaster", "prison"], "probs": [[0.001716407236843004, 0.002037555719564584, 0.0023461896019203207, 0.9916260040485523, 0.002273843293138729], [0.0018023089936575428, 0.002814260197470751, 0.9858893628036652, 0.00659225506516116, 0.0029018128400528586], [0.006550774717463804, 0.927522916054955, 0.013027159614752768, 0.04474762269536409, 0.008151526817460078], [0.9450728421580273, 0.006942634225564301, 0.010836491780076977, 0.02788355611330624, 0.009264475623017316], [0.0007123327457023309, 0.0012404569229704661, 0.005735384450458603, 0.013019611236350486, 0.9792922145445017]], "ideal": "D", "sampled": "D", "correct": true}}
{"type": "result", "data": {"idx": 15, "options": ["oven", "freezer", "plate", "tupperware", "grill"], "probs": [[0.061477826176604536, 0.12128343297755112, 0.05638446729990789, 0.6979594202870931, 0.0628948531588569], [0.33834294111630103, 0.05656291805567786, 0.4344997527894021, 0.049924484814092375, 0.12066990312451993], [0.03546690167834041, 0.03744729401151595, 0.025149235875094565, 0.3810829518654581, 0.5208536164695715], [0.022771423077568787, 0.010099931907619536, 0.02854408133727941, 0.9089059041908292, 0.02967865938671324], [0.011330522043728634, 0.021662790926287975, 0.9137478632958176, 0.02098721629007961, 0.032271607344092734]], "ideal": "B", "sampled": "B", "correct": true}}
{"type": "result", "data": {"idx": 16, "options": ["jungle", "zoo", "kill", "india", "eat cake"], "probs": [[0.027879970345455668, 0.8600541166939226, 0.040234789359609995, 0.04704155662071527, 0.024789566880297632], [0.8098855192147342, 0.05557165276501704, 0.041611502821302264, 0.05385419483182125, 0.039077130267121216], [0.023598736907393558, 0.028678820661582782, 0.06116445630823945, 0.4053234147559479, 0.4812345712668555], [0.011006222500699435, 0.017720057556623293, 0.036654771968541056, 0.9160461336281728, 0.018572814245985204], [0.02042667429014394, 0.0590991091230381, 0.8482369987804748, 0.05421173582920392, 0.01802548187714841]], "ideal": "B", "sampled": "B", "correct": true}}
{"type": "result", "data": {"idx": 17, "options": ["picture of sea side", "seaside town", "beach", "california", "see side picture"], "probs": [[0.06716766245576036, 0.04722913302281084, 0.11691574377582498, 0.7159971189502025, 0.05269034169538724], [0.09194287395168729, 0.10256105673111116, 0.46683819763672557, 0.16004852328706595, 0.17860934829341418], [0.13102687145383415, 0.4395639812642464, 0.21586167902709702, 0.09431994870406858, 0.11922751945074862], [0.6374852107674078, 0.053587332924354594, 0.08297977940839646, 0.055717032854179005, 0.17023064394563847], [0.15142417585776877, 0.05235807986249364, 0.06166236651106256, 0.42148633714257683, 0.3130690405260873]], "ideal": "D", "sampled": "D", "correct": true}}
{"type": "result", "data": {"idx": 18, "options": ["west virginia", "kentucky", "rocky hills", "scotland", "canyon"], "probs": [[0.14853910626459327, 0.7194524716031319, 0.08523714897506204, 0.031124004745792022, 0.015647268311418997], [0.7699578999608606, 0.035455018657209854, 0.02871690255011776, 0.04961284773223672, 0.11625733099956367], [0.0021240783326927537, 0.0019041673019238006, 0.0032641590965437227, 0.47315705760984683, 0.5195505375590066], [0.0028063277974267734, 0.004625892995847552, 0.05678006637653316, 0.916173697544175, 0.019614015186016708], [0.00432849122924324, 0.024126078232100803, 0.9125547876180127, 0.033507862634793203, 0.02548278018587341]], "ideal": "B", "sampled": "B", "correct": true}}
{"type": "result", "data": {"idx": 19, "options": ["office building", "office supply store", "desk drawer", "with dwight", "desktop"], "probs": [[0.01573537490189827, 0.029391194027392435, 0.7944107475558858, 0.09051511599851757, 0.06994756741632269], [0.018368136346265537, 0.5324486849458131, 0.132498002141153, 0.2635309175135919, 0.05315425895315168], [0.6372931100711389, 0.09040838495891033, 0.13147765587247828, 0.07672786610471531, 0.06409298289276374], [0.017004429806867553, 0.03174677263171843, 0.04407752221184681, 0.13796828975556785, 0.7692029854939875], [0.02150719735894581, 0.018101745560485594, 0.035438623594958675, 0.8790737346676375, 0.045878698717961866]], "ideal": "C", "sampled": "C", "correct": true}}
{"type": "result", "data": {"idx": 20, "options": ["work", "tacos", "mass", "play sports", "wrestle"], "probs": [[0.03574643873403356, 0.006983762688463314, 0.029165193409269555, 0.9000502832874627, 0.028054321780769043], [0.006583496564337681, 0.017219462462606184, 0.8757589697647717, 0.06752726520031951, 0.03291080590794699], [0.0943838354991661, 0.686629948406198, 0.06238898062647695, 0.13100130379024477, 0.02559593157792252], [0.8786930129481496, 0.03572172468679511, 0.03571719402248452, 0.025124023952301695, 0.024744044290253335], [0.028341241676534668, 0.029471570213766136, 0.015047662562644705, 0.18483398789491687, 0.7423055375521388]], "ideal": "D", "sampled": "D", "correct": true}}
{"type": "result", "data": {"idx": 21, "options": ["math class", "math book", "in pythagorus' band", "orchestra", "music class"], "probs": [[0.0035747539235585226, 0.008712840674935846, 0.03365894374072892, 0.8090368062076739, 0.1450166553531204], [0.002158145589670945, 0.0051779161724008725, 0.38946778931326204, 0.5406206560565286, 0.06257549276813291], [0.018528770834111693, 0.11262192014716045, 0.8066646715726656, 0.046939652113216095, 0.015244985232853826], [0.32947415517955864, 0.4718290707098212, 0.09292096064951608, 0.04289034364305011, 0.06288546971804067], [0.3690257968161157, 0.054859766607728136, 0.03739435765859593, 0.13357983235624687, 0.405140246461298]], "ideal": "E", "sampled": "E", "correct": true}}
{"type": "result", "data": {"idx": 22, "options": ["believe in god", "smoke marijuana", "desire to travel", "use weapons", "throw away"], "probs": [[0.0015023022288527456, 0.0007794570866082472, 0.9837849684292755, 0.010185025114721863, 0.0037482470405636194], [0.0036713711836693125, 0.9561676460166059, 0.00887508791080748, 0.025088924911963604, 0.006196969876959579], [0.9855208604731581, 0.0020575747807462714, 0.002726405795078656, 0.007821704826287065, 0.0018734540247287387], [0.000661020743266659, 0.0003565852589454892, 0.0010158180099393143, 0.015038266609123312, 0.9829283092787334], [0.0006754626623509118, 0.00024289713634662597, 0.0008948151683032022, 0.9966995791786438, 0.0014872457543520649]], "ideal": "C", "sampled": "C", "correct": true}}
{"type": "result", "data": {"idx": 23, "options": ["mall", "grocery store", "grocery store", "shop", "supermarket"], "probs": [[0.8732628813816435, 0.03519934746703721, 0.01798056228388128, 0.058057905902323785, 0.015499302865110226], [0.003791497952765097, 0.004262402630345305, 0.08491847894078698, 0.1197750816080221, 0.7872525387680746], [0.0036505422162046715, 0.009394712894245283, 0.00903551222485419, 0.9654722081077425, 0.012447024456946966], [0.047512089461441066, 0.02208965039178745, 0.8483699778485719, 0.06648862146007897, 0.015539660738108179], [0.014100208861431889, 0.9069266880980624, 0.02150750809247643, 0.03922544311433277, 0.01824015173369261]], "ideal": "A", "sampled": "A", "correct": true}}
{"type": "result", "data": {"idx": 24, "options": ["digestive", "feel better", "sleepiness", "indigestion", "illness"], "probs": [[0.008364828982596932, 0.0034880427798872396, 0.006170272210857712, 0.7413274173644169, 0.24064943856223162], [0.003081760357385347, 0.0032533203076456087, 0.439552508656687, 0.5059445999151717, 0.04816781066309994], [0.0153478143656927, 0.06117159677626162, 0.8311950840001234, 0.06513484781125095, 0.02715065694666333], [0.8007878010703167, 0.09943267469683778, 0.07104710089479423, 0.01647928155516991, 0.012253141682895742], [0.2625244343943627, 0.03870952281699691, 0.041851267879443994, 0.09285088774858445, 0.5640638870606048]], "ideal": "D", "sampled": "D", "correct": true}}
{"type": "result", "data": {"idx": 25, "options": ["club", "assembly hall", "meditation center", "meeting", "church"], "probs": [[0.8828920195550498, 0.03241753958483635, 0.021928239552726686, 0.050171954170095866, 0.012590247037308173], [0.007165699903483358, 0.003281425799386071, 0.021226339468403306, 0.015168116302254975, 0.953158418426481], [0.005168734094212692, 0.004454086738595629, 0.005289332325812067, 0.9768291033853022, 0.00825874335606244], [0.016996542612613005, 0.011054393835632672, 0.9417299804384546, 0.015341921701601327, 0.014877161311680697], [0.047628157115194504, 0.786702287631171, 0.05478454697431722, 0.05435713259713435, 0.05652787558219934]], "ideal": "A", "sampled": "A", "correct": true}}
{"type": "result", "data": {"idx": 26, "options": ["forest", "valley", "outdoors", "countryside", "woods"], "probs": [[0.03478771855134561, 0.6360460787252175, 0.057797960797011425, 0.18660738619904868, 0.08476085562735795], [0.7375082034598314, 0.04826857535512301, 0.0702068699990012, 0.05097530186795168, 0.09304104921809637], [0.03490199902765342, 0.07272606525421411, 0.10013600464373562, 0.10251635434965144, 0.6897195766247287], [0.027270923140018357, 0.027480525216178688, 0.015784777057462118, 0.8748118215411386, 0.054651952945186925], [0.013616217716998514, 0.013094930677407374, 0.8623175859525134, 0.02624707360564446, 0.08472419194745057]], "ideal": "B", "sampled": "B", "correct": true}}
{"type": "result", "data": {"idx": 27, "options": ["music store", "create music", "zoo", "music room", "symphony"], "probs": [[0.28488304844297796, 0.044702969481319535, 0.09690674714231379, 0.20198885379374754, 0.3715183810396669], [0.010456720142026333, 0.015576550375929763, 0.04987877505829446, 0.884006493459498, 0.040081460864233406], [0.008022498954924321, 0.03026762189676871, 0.7389390635454255, 0.19584612008552488, 0.026924695417342277], [0.19390158925581813, 0.2820261038305114, 0.40410399338385294, 0.0982204027718713, 0.021747910657943906], [0.6830907237043601, 0.09991204398005357, 0.14537574807191952, 0.03735147701539642, 0.0342700071282869]], "ideal": "E", "sampled": "E", "correct": true}}
{"type": "result", "data": {"idx": 28, "options": ["boat", "necessary to live", "edible", "unhealthy", "kitchen"], "probs": [[0.012456107279231566, 0.01676016019937266, 0.07283511764982441, 0.8527391881859978, 0.04520942658555694], [0.03574404979743493, 0.08442359467409347, 0.7822881927457097, 0.06421506129414346, 0.033329101388618165], [0.1069085102798148, 0.30697180839425703, 0.1319947329715648, 0.059982881240667606, 0.39414206701368004], [0.23980102608009138, 0.08034228821561168, 0.09248574965466609, 0.117816051004561, 0.4695548849450642], [0.01750361662405429, 0.013734148783510172, 0.056916240710771816, 0.2653742430418298, 0.6464717507398431]], "ideal": "D", "sampled": "D", "correct": true}}
{"type": "result", "data": {"idx": 29, "options": ["most offices", "fish department", "fancy restaurant", "government submarine", "chesapeake bay"], "probs": [[0.030345935229370107, 0.1653423691805488, 0.039592768539006555, 0.12100078854549123, 0.6437181384055697], [0.18780570361942342, 0.04426747255616717, 0.03998964851789228, 0.6866958586723922, 0.04124131653410817], [0.01110647744095275, 0.019800737655609347, 0.7781066589020482, 0.12504258983157007, 0.06594353606979668], [0.020911553877765002, 0.09011591135113545, 0.09010738714208455, 0.7906766611730304, 0.008188486355975858], [0.08682123674916246, 0.05968256980416045, 0.7325847249162649, 0.04948109162451229, 0.0714303768058879]], "ideal": "B", "sampled": "E", "correct": false}}
{"type": "result", "data": {"idx": 30, "options": ["case", "jewelry store", "shopping", "jewelery box", "hock"], "probs": [[0.05821057469476063, 0.7254599684610052, 0.14399130051268122, 0.047114692696780244, 0.02522346353475002], [0.8845494854396383, 0.024899574163119564, 0.018942578227007848, 0.06114431978374433, 0.010464042286477099], [0.009195017189044629, 0.0067263418156334465, 0.043854149100294344, 0.03839116787854231, 0.901833323916501], [0.004167193903259222, 0.005563331410981975, 0.016741312299636043, 0.950285131070317, 0.023243031215808722], [0.0035356720088561126, 0.00457471666693335, 0.9648075245535056, 0.019715030602914897, 0.007367056067805672]], "ideal": "B", "sampled": "B", "correct": true}}
{"type": "result", "data": {"idx": 31, "options": ["dishwasher", "water fountain", "sand box", "toilet", "kitchen cabinet"], "probs": [[0.00881116857453112, 0.008810632038802873, 0.020487557168068302, 0.042042343514702755, 0.9198482986038774], [0.0737202753826896, 0.02754347691301885, 0.05920118569400611, 0.810890422938479, 0.02864463897179863], [0.003565645139230704, 0.006659378926093725, 0.9501946700420041, 0.011324323057258593, 0.02825598273543361], [0.044008109844018484, 0.7921718434558804, 0.06300831081225847, 0.08218301965991703, 0.018628716127933955], [0.9055892584770815, 0.032733136516337684, 0.035932233735193414, 0.014074299165623184, 0.011671072005760591]], "ideal": "E", "sampled": "E", "correct": true}}
{"type": "result", "data": {"idx": 32, "options": ["office building", "internet cafe", "house", "school", "internet cafe"], "probs": [[0.8262942230789316, 0.05845627431905053, 0.043432716983574496, 0.05533478487750641, 0.016482000640946695], [0.002181391311180203, 0.0034045300725613027, 0.012258096824431911, 0.023812513262795335, 0.9583434684290075], [0.0049503274342832335, 0.0035092090655330054, 0.004102382828249481, 0.9801835493593488, 0.007254531212577413], [0.015460547309874393, 0.012140246903890614, 0.9492190225076769, 0.015221688781906863, 0.007958494396666653], [0.044703471399631996, 0.798116245040797, 0.034256109422316945, 0.10886384974653449, 0.014060324290708876]], "ideal": "A", "sampled": "A", "correct": true}}
{"type": "result", "data": {"idx": 33, "options": ["last word", "conclusion", "ikea instructions", "afterword", "epilogue"], "probs": [[0.020223171762445865, 0.1718957083698624, 0.0536842151007772, 0.6001284271412635, 0.15406847752565794], [0.09145675401119811, 0.03696661521183942, 0.24856927926931308, 0.403611143372162, 0.2193962080354905], [0.019832086756211925, 0.1159555735194829, 0.31016946805134255, 0.17401396397706592, 0.3800289075958741], [0.03288046608912979, 0.0366629994490828, 0.04526629879629604, 0.8409588910181257, 0.04423134454736188], [0.023641966711730324, 0.022907722301097024, 0.44949836064518306, 0.06836584932542382, 0.43558610091656924]], "ideal": "E", "sampled": "B", "correct": false}}
{"type": "result", "data": {"idx": 34, "options": ["fish market", "pet shop", "fishmongers", "intertidal zone", "obesity"], "probs": [[0.10518481320242437, 0.12684770897954237, 0.0972337078377683, 0.6098787157093074, 0.060855054170970674], [0.06703916774437736, 0.06972372438156595, 0.7042404454096823, 0.05100502630369733, 0.10799163606067169], [0.19817786170341872, 0.3294093665874568, 0.0723380313181439, 0.15919773941687704, 0.24087700087410877], [0.08272802431999662, 0.037271839771867835, 0.27103691550254094, 0.44707307434728194, 0.1618901459583144], [0.025165030314866492, 0.10430598953923106, 0.15660322084793704, 0.1963906362670017, 0.517535122930989]], "ideal": "C", "sampled": "D", "correct": false}}
{"type": "result", "data": {"idx": 35, "options": ["brush hair", "theater", "house", "dwelling", "bathhouse"], "probs": [[0.005139721328665018, 0.0047538622704893655, 0.03512878984437696, 0.049137547782693816, 0.9058400786737804], [0.008182362601098425, 0.010760920857749486, 0.019948003245581852, 0.9532975175446351, 0.007811195650932771], [0.004427921062453755, 0.003530475016599226, 0.9787614766729543, 0.007132121033381123, 0.006148006114607326], [0.02830390967467551, 0.887300461135372, 0.03494795137774648, 0.028080306100473396, 0.021367371611747406], [0.8811012608514667, 0.030864480106703847, 0.03525628645478524, 0.033912696513252905, 0.018865275973788242]], "ideal": "E", "sampled": "E", "correct": true}}
{"type": "result", "data": {"idx": 36, "options": ["poisonous gas", "homicide", "cinder", "nuclear weapons", "cyanide"], "probs": [[0.1662556732247015, 0.12261229669323612, 0.149017973490834, 0.1756438019182175, 0.3864702545729965], [0.09431160469179202, 0.04930678152686332, 0.11548461213177466, 0.35028077977636246, 0.39061622177320215], [0.12557661623836933, 0.10496576270116659, 0.11614972502323707, 0.24780322899046667, 0.4055046669467679], [0.08441359811970373, 0.05712362033807463, 0.12372477016612048, 0.47067382674149727, 0.26406418453460484], [0.20516982444105675, 0.08032618749435591, 0.1186945443371869, 0.20038862721005685, 0.3954208164173546]], "ideal": "B", "sampled": "B", "correct": true}}
{"type": "result", "data": {"idx": 37, "options": ["players", "play games", "casino", "table", "toy store"], "probs": [[0.0093762916645318, 0.005298518307544665, 0.014630758479402897, 0.9631635337084573, 0.007530897740055018], [0.01095793914230349, 0.024123467107941648, 0.9481164163237884, 0.009152640607379905, 0.007649536718567134], [0.06705155292176204, 0.5704085909952593, 0.033970185414805475, 0.3100842842202948, 0.01848538634789916], [0.7966939184285091, 0.03697691848886834, 0.057267910786962965, 0.024437423348398848, 0.08462382884725418], [0.0069717909404565185, 0.009913128854366913, 0.013543492696764867, 0.36599250274623807, 0.6035790846621828]], "ideal": "D", "sampled": "D", "correct": true}}
{"type": "result", "data": {"idx": 38, "options": ["read book", "own house", "apartment", "more rice", "warm coat"], "probs": [[0.0014082389876770515, 0.0008949979531450716, 0.003708614986720341, 0.02020534171005768, 0.9737828062624027], [0.0005506212343583245, 0.0007127194517923094, 0.002144596975267649, 0.9953794554924754, 0.001212606746085786], [0.0012730234735456088, 0.001560011157429123, 0.9895386609395412, 0.004804211981952795, 0.0028240923475134675], [0.02844347104525028, 0.8308011755266644, 0.09249063419010331, 0.024695243412978594, 0.02356947572500208], [0.9351724646644235, 0.014538554415024402, 0.0116816431310528, 0.028458443136050112, 0.010148894553463716]], "ideal": "E", "sampled": "E", "correct": true}}
{"type": "result", "data": {"idx": 39, "options": ["gap", "shopping mall", "bedroom", "laundromat", "bathroom"], "probs": [[0.4772236855955691, 0.3716860773800302, 0.04991126397181944, 0.08101437697394698, 0.020164595978641453], [0.883378565747945, 0.02013216845383167, 0.0385161983015125, 0.02604884442622958, 0.03192422297050196], [0.0070990323075725914, 0.009624171050486642, 0.013682404201538394, 0.6748665730984851, 0.29472781924192487], [0.0041448575075199705, 0.007741886348584654, 0.10113776498479864, 0.8740107290831205, 0.012964761975997604], [0.009413482958548143, 0.03312313885110452, 0.9303288656465251, 0.020085844029543703, 0.0070486684142811225]], "ideal": "B", "sampled": "B", "correct": true}}
{"type": "result", "data": {"idx": 40, "options": ["theater", "opera", "show", "television", "blockbuster feature"], "probs": [[0.7815435391861745, 0.06315320219415248, 0.07618919057486924, 0.06880264899263869, 0.01031141895217672], [0.017371496470563498, 0.028847969681453804, 0.08343946178019963, 0.07196638531552407, 0.7983746866522802], [0.03161761584672477, 0.0274592214188658, 0.023663509900235923, 0.8875778360510443, 0.029681816683115893], [0.010667914498982453, 0.008643224968963546, 0.9303916268352995, 0.01991979797488015, 0.0303774356218783], [0.016815703117633394, 0.7976403052558932, 0.026864943284910157, 0.11575113828625583, 0.042927909955316715]], "ideal": "A", "sampled": "A", "correct": true}}
{"type": "result", "data": {"idx": 41, "options": ["baggage compartment", "movie", "subway", "airplane", "cargo hold"], "probs": [[0.032787673784028505, 0.06886576767326531, 0.18569874844280823, 0.48152667286469336, 0.2311211371352044], [0.10974564081749985, 0.11321912913702743, 0.25925598615330464, 0.20506262008103765, 0.31271662371115366], [0.119865588671454, 0.1357862947435495, 0.13162774122556029, 0.2896289317011356, 0.32309144355829494], [0.0494594358532253, 0.08889309450958871, 0.16996171120268563, 0.5572519342772407, 0.1344338240572551], [0.013931323535126062, 0.012489397999458453, 0.07707886635290469, 0.08019238147409992, 0.8163080305384336]], "ideal": "B", "sampled": "D", "correct": false}}
{"type": "result", "data": {"idx": 42, "options": ["eat", "think", "reading", "meditate", "fall asleep"], "probs": [[0.07799747572178979, 0.11171863802738302, 0.24403502214105255, 0.33344679749827355, 0.23280206651148636], [0.11308564535403294, 0.2096806633179792, 0.30989149805300636, 0.2450560148919128, 0.1222861782830879], [0.21997596082433096, 0.1088927282911741, 0.3250939351392673, 0.10068975309054602, 0.24534762255466916], [0.09885669178920248, 0.08456903452227878, 0.0872423640695087, 0.4828036499936102, 0.24652825952540647], [0.1038162728024913, 0.0513902143862023, 0.45084631576145384, 0.19392015940211782, 0.20002703754773138]], "ideal": "E", "sampled": "B", "correct": false}}
{"type": "result", "data": {"idx": 43, "options": ["eyes", "animal", "fingertips", "brainstem", "human body"], "probs": [[0.1019530670003167, 0.4605000645855825, 0.1361217126905002, 0.12391530460757665, 0.17750985101603883], [0.44765735137186374, 0.11228647538343783, 0.10628971748372172, 0.22149142424450888, 0.11227503141646888], [0.053466868607330964, 0.027740204722903925, 0.10387361994096249, 0.09380299584620795, 0.7211163107826195], [0.05533777356161242, 0.03601640398386147, 0.046603028051574964, 0.7641374384411271, 0.09790535586184532], [0.06319307811303397, 0.040816331392261394, 0.6954438199706658, 0.0963357165185135, 0.10421105390552438]], "ideal": "B", "sampled": "B", "correct": true}}
{"type": "result", "data": {"idx": 44, "options": ["ground", "subway", "bank", "bed", "street"], "probs": [[0.13006432708822185, 0.03288369416084829, 0.030176643502140877, 0.7482600851835831, 0.05861524996519753], [0.01584128747802779, 0.008607420947501004, 0.49657591734828693, 0.040741073367201064, 0.4382343007589988], [0.015538287809966638, 0.051342614571763444, 0.027910299426613376, 0.8750377837802038, 0.030171014311467168], [0.07953875156100995, 0.028369450703287526, 0.8290719214760784, 0.017333764474705173, 0.0456861116849367], [0.07822563962995814, 0.33168452103354984, 0.06844203245595355, 0.07521816027493679, 0.4464296465055915]], "ideal": "D", "sampled": "A", "correct": false}}
{"type": "result", "data": {"idx": 45, "options": ["theater", "train", "bathhouse", "dwelling", "actors and actresses"], "probs": [[0.8331572789550217, 0.030597322413794172, 0.02381686744566372, 0.04347990667654237, 0.06894862440896567], [0.004637258954576187, 0.0025209556109021714, 0.007295423214640121, 0.03763605828618989, 0.9479103038336926], [0.004288959934983032, 0.004635827356723748, 0.027508988805096727, 0.9471384539531241, 0.016427769850064264], [0.011024346194882096, 0.0155393769883209, 0.9240231437163674, 0.029475650463752702, 0.01993748253669322], [0.05543594451493773, 0.789078439135073, 0.05990634196057733, 0.031817813597171896, 0.06376146069223362]], "ideal": "A", "sampled": "A", "correct": true}}
{"type": "result", "data": {"idx": 46, "options": ["packaging materials", "recycle bin", "box factory", "warehouse", "bowler hats"], "probs": [[0.9554743332784492, 0.0104537013187252, 0.009151712914725033, 0.018775434628629285, 0.006144817759458683], [0.01063922602380361, 0.010638987645832237, 0.04306184823307419, 0.04306327850090243, 0.8925966594964045], [0.0028723495434925814, 0.0022539509854154795, 0.0030565280056090386, 0.9674107833197586, 0.02440638804572423], [0.0014662885076599686, 0.002634002311678782, 0.8400299444135244, 0.07399514471132385, 0.08187461995580791], [0.006016606673050267, 0.6281079397992558, 0.12465996324368754, 0.18278516876195705, 0.05843032142204933]], "ideal": "A", "sampled": "A", "correct": true}}
{"type": "result", "data": {"idx": 47, "options": ["sick person", "hospital", "elderly person", "graveyard", "doctor's office"], "probs": [[0.6763995907778965, 0.08205718900188652, 0.08802286286503141, 0.07825320624835548, 0.07526715100684067], [0.09043592636579902, 0.042041054731070525, 0.07210749373149265, 0.3179689461366762, 0.47744657893494535], [0.018595042798397833, 0.017051312619005738, 0.13516810127645065, 0.7658127279331398, 0.06337281527299637], [0.018015305254705495, 0.03443858578737272, 0.7775698530249366, 0.1004342552112206, 0.06954200062174679], [0.06331944857580074, 0.675455295670977, 0.10359911538066055, 0.09071670803050536, 0.0669094322420532]], "ideal": "A", "sampled": "A", "correct": true}}
{"type": "result", "data": {"idx": 48, "options": ["park", "internet", "meeting", "library", "book"], "probs": [[0.0017749766549820046, 0.0033932781277874148, 0.0034752212146998596, 0.9862599022764821, 0.0050966216260648674], [0.018478318645400737, 0.0129010466847051, 0.9481258644264602, 0.01750018651912009, 0.002994583624336237], [0.03245092680078446, 0.7267212946931484, 0.1243576270688269, 0.023367132654294763, 0.09310301868294099], [0.6464815173605131, 0.03973791285410228, 0.00740859574382348, 0.28685494652107774, 0.019517027420502264], [0.004345603119187308, 0.002514332062048025, 0.005364055422056041, 0.027254312907640188, 0.9605216963890696]], "ideal": "D", "sampled": "D", "correct": true}}
{"type": "result", "data": {"idx": 49, "options": ["stagnant", "stagnation", "tradition", "hunger", "paper money"], "probs": [[0.3866315733426795, 0.2698973377465928, 0.06563537665756917, 0.23091140898471055, 0.04692430316843305], [0.46374306139632776, 0.07809077177804732, 0.12001872653733978, 0.07392993232166688, 0.26421750786661213], [0.022393752925225975, 0.044542369251504746, 0.019002795998009015, 0.8268746614907831, 0.08718642023445988], [0.037124340293311804, 0.018089200585151264, 0.3748355753088686, 0.43832609841597436, 0.13162478529668625], [0.029309478965693865, 0.32260163102403216, 0.4478452120393235, 0.11410157635445652, 0.0861421015164882]], "ideal": "B", "sampled": "A", "correct": false}}
{"type": "result", "data": {"idx": 50, "options": ["cause irrational behaviour", "recur", "effectively treated", "managed", "cause suffering"], "probs": [[0.003064752867589596, 0.004896319339044604, 0.9040892781929715, 0.07656182743328814, 0.011387822067084767], [0.012679353987562706, 0.9167700442109685, 0.03754977774376577, 0.023505540899842914, 0.009495283057847257], [0.6794670879819312, 0.23483852289623028, 0.018104313209055208, 0.046248429748554136, 0.021341646064217346], [0.017552156599184115, 0.002692174721363539, 0.007203690898399788, 0.10670334516469454, 0.8658486325163531], [0.0012971794956378089, 0.0018578642652307754, 0.0037536915617360743, 0.9852707609416661, 0.007820503635742711]], "ideal": "C", "sampled": "C", "correct": true}}
{"type": "result", "data": {"idx": 51, "options": ["cast iron stomach", "physical exertion", "shin splints", "adventure", "fatigue"], "probs": [[0.12193218112446749, 0.16533462515235872, 0.04627688544373736, 0.5772565291451636, 0.08919977903426635], [0.23515079796397104, 0.11195641392764759, 0.38772764048159974, 0.12586397783296258, 0.13930116969382494], [0.03476652473751885, 0.0353148531523312, 0.02815535288049213, 0.09161876440904497, 0.810144504720619], [0.06966066714275174, 0.03586650377034138, 0.035589571809321235, 0.7203063489061085, 0.13857690827147406], [0.09170792159442694, 0.030008995113169366, 0.16349133301933128, 0.14432017128023755, 0.5704715788928262]], "ideal": "C", "sampled": "B", "correct": false}}
{"type": "result", "data": {"idx": 52, "options": ["chess game", "scheme", "chess set", "checkers", "north carolina"], "probs": [[0.8815289614631315, 0.030404726866368397, 0.06092185634146733, 0.01787225318181124, 0.00927220204723197], [0.16229070404057586, 0.4344252827575099, 0.08100857773601253, 0.04169851609914029, 0.2805769192667748], [0.7862548850473922, 0.053508929075856804, 0.02160928122173151, 0.09919277638656895, 0.03943412816846114], [0.005631841983064133, 0.005047052344338283, 0.9389084112605584, 0.015664957804331532, 0.03474773650768582], [0.01173902589118631, 0.5835313971208264, 0.05960215609665719, 0.33253660863103074, 0.012590812160323178]], "ideal": "A", "sampled": "A", "correct": true}}
{"type": "result", "data": {"idx": 53, "options": ["isolation", "grief", "happiness", "relief", "angry"], "probs": [[0.011389205355583184, 0.013213610122628429, 0.06252285572793488, 0.8904036022190794, 0.022470726474753042], [0.017432693541110673, 0.04594307425030365, 0.85316979867261, 0.0349497334411475, 0.04850469999482135], [0.04176798113197089, 0.1469150075508415, 0.10257538215794482, 0.41199950419428216, 0.296742124864942], [0.602309193825259, 0.03169719227929373, 0.051414208652205994, 0.17804594085212788, 0.1365334642910889], [0.008737701589222147, 0.010958886472855558, 0.19874982579350442, 0.13990216462058924, 0.6416514214238331]], "ideal": "C", "sampled": "D", "correct": false}}
{"type": "result", "data": {"idx": 54, "options": ["continue to grow", "plant themselves", "many colors", "smell good", "make pretty"], "probs": [[0.028230768237747842, 0.012924908496091002, 0.05441145831051108, 0.8188010403089635, 0.0856318245467023], [0.018966483942231452, 0.030301919748625665, 0.7518392179155104, 0.09556961454856251, 0.10332276374509358], [0.08919642310760621, 0.3137735643499919, 0.2224490118048356, 0.3040100016534342, 0.0705709989841318], [0.5270207484638075, 0.12040445251621275, 0.19084636472236036, 0.07833002530070184, 0.0833984088969065], [0.1182455735565088, 0.1239197027156905, 0.06684177791493384, 0.24831294488694505, 0.4426800008259259]], "ideal": "D", "sampled": "D", "correct": true}}
